VERTEX_COUNT 20
PATH_COUNT 1
BUDGET 600
<------------ VERTICES ------------>
0;START;41.374834;2.170055;0.0;0.0
1;L’Aquàrium;41.376625;2.184117;45.0;80.5
2;Museu Nacional d’Art de Catalunya;41.36882;2.153347;45.0;79.77
3;Parc de Diagonal Mar;41.407215;2.214539;45.0;76.8
4;Museu d’Història de Catalunya - MHC;41.380852;2.185799;45.0;75.45
5;Platja de la Nova Mar Bella;41.40205;2.21529;45.0;72.1
6;Platja de la Barceloneta;41.379158;2.192717;45.0;67.66
7;Galeria d’Art Mar Grup Escolà;41.392349;2.167836;45.0;66.59
8;Anella Olímpica(Olympic Park);41.364778;2.152575;45.0;65.78
9;Parc de la Ciutadella;41.389248;2.186548;45.0;64.63
10;Avinguda d’Icària;41.391556;2.197416;45.0;64.53
11;Basilica of Sants Just i Pastor;41.382812;2.178195;45.0;64.01
12;Platja del Bogatell;41.394341;2.2066;45.0;61.96
13;Museu Palmero;41.424667;2.139856;45.0;61.33
14;Museu Picasso;41.385181;2.180863;45.0;57.4
15;Parc de la Creueta del Coll;41.41935;2.146432;45.0;56.48
16;Palau Güell;41.378864;2.174117;45.0;56.3
17;90th Jean Bouin;41.373077;2.150465;45.0;55.91
18;Barcelona Zoo;41.386299;2.187545;45.0;55.77
19;FINISH;41.374834;2.170055;0.0;0.0
<------------- EDGES -------------->
0;0;1;18.315;21.73
1;0;2;23.796;1.69
2;0;2;27.332;18.63
3;0;2;19.119;24.6
4;0;3;79.572;6.64
5;0;4;22.688;9.3
6;0;5;74.442;22.0
7;0;5;63.614;7.31
8;0;6;30.026;16.47
9;0;6;32.454;16.26
10;0;6;26.21;2.42
11;0;7;30.107;3.52
12;0;7;33.876;6.74
13;0;8;28.285;0.45
14;0;8;31.797;18.55
15;0;8;29.205;8.09
16;0;9;32.509;17.95
17;0;10;45.309;7.11
18;0;10;36.3;17.14
19;0;11;17.194;9.59
20;0;11;20.389;20.85
21;0;12;57.583;16.8
22;0;13;93.673;19.31
23;0;13;87.111;8.23
24;0;14;22.496;8.1
25;0;14;22.14;10.41
26;0;15;81.991;5.41
27;0;15;72.226;22.2
28;0;15;89.81;11.09
29;0;16;8.647;4.15
30;0;17;25.336;9.92
31;0;17;19.259;12.43
32;0;18;29.82;2.06
33;0;18;26.01;17.91
34;0;18;25.842;3.47
35;0;19;0.0;6.02
36;0;19;0.0;2.6
37;1;2;41.71;17.76
38;1;3;65.31;4.18
39;1;3;71.815;7.24
40;1;4;7.549;13.87
41;1;5;59.115;13.91
42;1;6;11.863;15.34
43;1;6;12.425;8.15
44;1;7;34.073;16.59
45;1;8;45.296;24.9
46;1;8;47.075;15.19
47;1;8;38.479;18.91
48;1;9;21.825;7.37
49;1;9;23.439;1.91
50;1;10;30.731;5.92
51;1;11;13.035;24.6
52;1;11;9.939;20.78
53;1;11;11.91;24.54
54;1;12;41.861;15.78
55;1;12;50.971;21.3
56;1;13;99.932;15.61
57;1;13;99.766;18.5
58;1;13;121.485;7.99
59;1;14;15.226;16.14
60;1;14;15.95;11.02
61;1;14;16.65;12.22
62;1;15;87.667;9.54
63;1;15;67.558;16.6
64;1;15;81.84;10.71
65;1;16;13.4;1.35
66;1;17;43.638;4.57
67;1;17;43.955;19.7
68;1;17;38.008;15.1
69;1;18;17.13;17.54
70;1;18;13.904;17.74
71;1;19;18.315;7.13
72;1;19;17.707;11.33
73;1;19;14.788;2.97
74;2;3;102.414;13.95
75;2;4;46.481;3.18
76;2;4;39.686;4.06
77;2;4;38.049;6.0
78;2;5;97.767;24.16
79;2;5;109.165;13.26
80;2;5;95.911;1.07
81;2;6;53.562;20.95
82;2;6;45.905;21.75
83;2;6;42.092;5.55
84;2;7;44.354;19.95
85;2;7;53.479;2.48
86;2;8;6.988;22.13
87;2;8;8.449;23.29
88;2;8;7.108;2.77
89;2;9;55.131;9.3
90;2;9;46.845;6.05
91;2;10;68.67;16.98
92;2;11;39.892;0.24
93;2;12;81.132;24.57
94;2;13;97.123;10.65
95;2;13;91.553;19.98
96;2;13;113.031;19.56
97;2;14;45.08;5.27
98;2;14;47.086;17.87
99;2;14;39.97;13.09
100;2;15;86.923;10.24
101;2;15;102.219;17.05
102;2;15;94.366;4.76
103;2;16;31.73;13.19
104;2;17;8.171;22.45
105;2;17;9.458;23.84
106;2;18;53.131;23.8
107;2;18;44.646;1.54
108;2;18;43.525;7.22
109;2;19;23.796;3.0
110;3;4;58.279;0.01
111;3;5;8.891;11.79
112;3;5;6.938;9.4
113;3;6;55.587;21.2
114;3;6;55.479;22.16
115;3;6;61.726;4.3
116;3;7;65.123;13.02
117;3;7;65.337;17.13
118;3;8;107.715;11.6
119;3;9;47.29;11.38
120;3;9;52.333;9.86
121;3;10;34.657;3.91
122;3;10;39.46;16.59
123;3;10;36.163;5.83
124;3;11;62.614;23.02
125;3;12;24.273;19.91
126;3;12;26.52;6.13
127;3;13;100.386;3.61
128;3;14;57.363;19.21
129;3;14;55.33;20.75
130;3;14;47.605;14.1
131;3;15;89.838;21.71
132;3;16;71.038;3.42
133;3;17;100.892;24.23
134;3;17;112.842;16.93
135;3;18;49.818;16.26
136;3;19;79.572;23.71
137;4;5;52.433;0.96
138;4;5;61.002;10.83
139;4;6;9.344;3.71
140;4;7;30.314;17.63
141;4;7;29.188;10.72
142;4;8;50.763;15.12
143;4;8;47.882;14.86
144;4;9;14.4;10.37
145;4;9;12.159;11.32
146;4;9;15.746;9.29
147;4;10;23.621;21.82
148;4;11;10.323;15.95
149;4;11;10.507;11.48
150;4;11;12.893;4.45
151;4;12;35.299;4.62
152;4;13;95.389;2.35
153;4;14;9.749;20.04
154;4;15;83.027;16.99
155;4;15;97.563;0.32
156;4;16;15.381;20.22
157;4;17;47.282;21.79
158;4;17;52.833;2.35
159;4;17;36.636;17.73
160;4;18;9.587;18.84
161;4;18;7.301;16.74
162;4;19;22.688;18.27
163;4;19;17.245;5.55
164;4;19;21.394;10.82
165;5;6;48.727;1.28
166;5;6;55.937;5.22
167;5;7;63.137;2.37
168;5;7;70.743;16.66
169;5;8;102.722;10.49
170;5;8;87.724;0.65
171;5;9;42.91;7.74
172;5;9;44.564;8.65
173;5;10;29.136;8.73
174;5;10;23.969;11.12
175;5;10;27.735;16.38
176;5;11;57.892;22.67
177;5;12;17.276;22.96
178;5;12;13.255;19.02
179;5;13;104.258;2.75
180;5;14;52.787;7.17
181;5;15;93.199;6.31
182;5;15;114.314;14.24
183;5;15;81.153;19.47
184;5;16;66.092;24.24
185;5;17;96.875;3.36
186;5;18;44.666;1.76
187;5;18;43.144;5.49
188;5;19;74.442;9.99
189;5;19;74.168;10.85
190;6;7;39.115;13.81
191;6;7;42.204;15.88
192;6;7;32.36;14.92
193;6;8;57.121;16.21
194;6;9;18.996;10.88
195;6;9;17.921;4.13
196;6;9;21.985;21.69
197;6;10;22.057;24.39
198;6;10;17.352;24.38
199;6;10;23.436;6.78
200;6;11;19.667;3.94
201;6;11;19.831;19.4
202;6;11;17.81;10.89
203;6;12;31.508;23.56
204;6;13;103.288;15.14
205;6;14;18.382;17.7
206;6;14;22.726;0.58
207;6;14;18.004;2.43
208;6;15;90.886;20.42
209;6;15;88.351;6.23
210;6;15;113.198;24.67
211;6;16;23.888;19.23
212;6;17;55.244;3.87
213;6;17;54.887;23.23
214;6;17;56.306;12.19
215;6;18;13.908;23.24
216;6;19;30.026;20.06
217;6;19;31.901;20.47
218;6;19;31.838;14.8
219;7;8;51.088;7.19
220;7;9;24.601;0.7
221;7;9;24.844;21.28
222;7;9;23.149;11.95
223;7;10;37.998;17.9
224;7;10;46.584;6.58
225;7;11;21.053;16.9
226;7;11;22.226;20.37
227;7;12;49.88;5.56
228;7;13;65.94;24.3
229;7;13;68.465;19.89
230;7;14;20.74;14.2
231;7;15;53.755;15.56
232;7;15;55.493;22.64
233;7;15;41.432;6.34
234;7;16;24.444;21.99
235;7;16;24.224;4.12
236;7;16;19.749;3.31
237;7;17;39.813;9.3
238;7;17;39.799;19.09
239;7;17;31.86;9.96
240;7;18;27.339;5.22
241;7;18;31.354;14.49
242;7;18;20.891;5.46
243;7;19;30.107;9.62
244;8;9;60.469;17.28
245;8;10;73.587;13.1
246;8;10;88.442;16.64
247;8;10;72.506;15.48
248;8;11;45.108;7.4
249;8;11;40.027;14.97
250;8;11;39.263;7.64
251;8;12;85.857;24.57
252;8;12;95.968;4.42
253;8;12;96.166;14.47
254;8;13;103.777;7.09
255;8;14;50.384;17.39
256;8;14;40.153;16.35
257;8;15;93.718;5.11
258;8;15;109.166;10.92
259;8;15;78.598;14.11
260;8;16;36.692;24.35
261;8;16;40.406;13.26
262;8;17;14.458;10.37
263;8;18;58.075;11.07
264;8;19;28.285;21.46
265;9;10;14.501;20.85
266;9;10;16.073;1.8
267;9;11;15.372;0.36
268;9;12;27.178;17.93
269;9;12;26.852;11.7
270;9;12;31.067;15.03
271;9;13;85.235;9.85
272;9;14;10.085;19.61
273;9;15;72.833;1.4
274;9;16;23.885;21.46
275;9;16;26.422;9.73
276;9;17;53.966;12.66
277;9;17;64.253;15.14
278;9;18;5.206;4.38
279;9;18;4.307;7.65
280;9;19;32.509;16.76
281;10;11;28.859;5.92
282;10;11;24.216;3.59
283;10;12;12.717;8.96
284;10;12;14.545;8.35
285;10;12;10.273;16.88
286;10;13;93.102;19.49
287;10;14;23.888;9.66
288;10;15;80.897;15.27
289;10;15;71.988;9.57
290;10;16;36.967;11.79
291;10;16;42.561;16.61
292;10;16;39.24;23.75
293;10;17;68.074;19.09
294;10;18;15.541;19.33
295;10;18;18.747;24.46
296;10;19;45.309;18.48
297;11;12;41.462;7.94
298;11;12;40.369;15.47
299;11;13;86.899;7.72
300;11;14;5.307;11.87
301;11;14;6.273;5.03
302;11;15;74.643;20.27
303;11;16;8.547;11.12
304;11;17;39.311;12.93
305;11;17;48.126;18.72
306;11;18;13.406;17.18
307;11;18;12.275;21.25
308;11;18;13.169;23.76
309;11;19;17.194;8.43
310;11;19;15.883;21.95
311;11;19;20.689;19.47
312;12;13;100.154;9.16
313;12;13;116.119;0.82
314;12;14;36.571;10.88
315;12;14;40.283;7.5
316;12;15;88.29;8.36
317;12;16;49.403;20.07
318;12;16;52.662;6.67
319;12;16;56.034;8.57
320;12;17;80.739;17.13
321;12;18;28.068;17.88
322;12;18;34.644;17.86
323;12;19;57.583;13.04
324;13;14;85.65;1.17
325;13;14;98.194;17.13
326;13;15;12.409;9.56
327;13;15;15.249;22.87
328;13;16;89.874;7.6
329;13;16;102.72;24.67
330;13;16;95.995;16.17
331;13;17;89.327;13.81
332;13;18;89.762;15.36
333;13;18;86.164;14.11
334;13;18;77.293;10.79
335;13;19;93.673;13.15
336;14;15;73.294;23.13
337;14;16;13.852;8.78
338;14;16;13.855;24.61
339;14;17;44.188;23.79
340;14;18;8.79;15.35
341;14;18;9.089;12.89
342;14;18;10.174;24.09
343;14;19;22.496;6.48
344;14;19;27.525;2.29
345;14;19;26.828;12.73
346;15;16;77.863;8.47
347;15;16;80.072;17.99
348;15;17;79.353;12.09
349;15;18;77.353;15.31
350;15;18;89.672;12.54
351;15;18;71.009;8.15
352;15;19;81.991;9.83
353;15;19;85.585;9.11
354;16;17;31.945;5.01
355;16;17;29.862;16.01
356;16;17;35.241;20.37
357;16;18;21.427;6.5
358;16;18;21.301;7.19
359;16;19;8.647;24.98
360;16;19;7.607;1.61
361;16;19;9.713;23.48
362;17;18;52.714;16.39
363;17;18;55.786;9.21
364;17;19;25.336;6.55
365;18;19;29.82;6.73
366;18;19;34.683;19.94
