VERTEX_COUNT 20
PATH_COUNT 1
BUDGET 600
<------------ VERTICES ------------>
0;START;41.374834;2.170055;0.0;0.0
1;Basilica of the Sagrada Família;41.403568;2.174435;45.0;100.0
2;Palau Güell;41.378864;2.174117;45.0;83.34
3;La Pedrera (Casa Milà);41.395271;2.161785;45.0;81.78
4;Anella Olímpica(Olympic Park);41.364778;2.152575;45.0;77.11
5;Museu Nacional d’Art de Catalunya;41.36882;2.153347;45.0;74.87
6;Poble Espanyol;41.368679;2.147031;45.0;73.77
7;Montjuïc Castle;41.363823;2.167096;45.0;71.81
8;Galeria d’Art Mar Grup Escolà;41.392349;2.167836;45.0;70.31
9;Passeig de Gràcia;41.390739;2.166672;45.0;67.85
10;Parc de la Ciutadella;41.389248;2.186548;45.0;67.8
11;Basilica of Sants Just i Pastor;41.382812;2.178195;45.0;67.61
12;Casa Batlló;41.391758;2.164961;45.0;66.48
13;Avinguda d’Icària;41.391556;2.197416;45.0;66.01
14;Antic Hospital de la Santa Creu;41.380573;2.170374;45.0;65.55
15;Park Güell;41.414249;2.151926;45.0;65.54
16;Museu d’Història de Catalunya - MHC;41.380852;2.185799;45.0;64.56
17;Lorena Ruiz de Villa;41.397858;2.146705;45.0;61.09
18;Basilica of Santa Maria del Mar;41.383518;2.1818;45.0;61.01
19;FINISH;41.374834;2.170055;0.0;0.0
<------------- EDGES -------------->
0;0;1;49.491;9.91
1;0;1;38.773;20.05
2;0;1;44.151;6.6
3;0;2;8.647;11.9
4;0;3;36.549;1.7
5;0;4;28.285;7.48
6;0;4;30.545;3.99
7;0;5;23.796;7.28
8;0;5;28.522;3.54
9;0;5;23.899;15.53
10;0;6;31.387;0.37
11;0;6;37.853;11.51
12;0;7;19.222;8.24
13;0;8;30.107;13.94
14;0;8;31.263;5.59
15;0;9;27.562;17.78
16;0;10;32.509;23.91
17;0;11;17.194;5.67
18;0;12;29.69;11.85
19;0;13;45.309;23.94
20;0;13;49.795;6.62
21;0;14;9.829;15.94
22;0;14;9.753;7.45
23;0;15;71.35;12.62
24;0;16;22.688;12.98
25;0;16;22.765;16.24
26;0;16;17.331;13.71
27;0;17;49.508;10.67
28;0;18;21.172;8.06
29;0;18;17.525;19.9
30;0;18;18.754;9.84
31;0;19;0.0;3.51
32;0;19;0.0;11.5
33;0;19;0.0;12.9
34;1;2;42.276;24.3
35;1;3;21.57;5.0
36;1;4;72.069;13.1
37;1;4;58.001;18.37
38;1;4;57.785;16.77
39;1;5;65.336;4.32
40;1;5;76.238;3.82
41;1;5;60.52;6.13
42;1;6;69.299;1.83
43;1;7;68.662;3.32
44;1;7;80.657;4.58
45;1;7;56.151;22.16
46;1;8;20.984;13.93
47;1;8;20.204;2.61
48;1;9;24.109;7.26
49;1;9;23.062;10.4
50;1;9;23.26;3.72
51;1;10;29.022;21.2
52;1;11;35.845;19.72
53;1;11;40.438;0.32
54;1;12;23.587;10.92
55;1;13;35.955;21.45
56;1;14;39.694;7.7
57;1;14;40.095;20.25
58;1;15;34.185;15.89
59;1;15;32.633;6.74
60;1;16;41.52;8.76
61;1;17;36.911;24.61
62;1;18;35.589;4.77
63;1;18;28.397;18.24
64;1;18;31.906;8.11
65;1;19;49.491;10.0
66;2;3;32.233;13.55
67;2;3;34.703;1.14
68;2;4;36.692;11.6
69;2;5;31.73;19.27
70;2;5;26.205;23.25
71;2;6;38.904;4.14
72;2;6;46.355;7.16
73;2;6;33.754;20.37
74;2;7;27.272;9.22
75;2;8;24.444;5.38
76;2;8;20.645;3.31
77;2;8;28.526;4.24
78;2;9;22.457;19.37
79;2;9;17.706;13.95
80;2;9;18.776;0.95
81;2;10;23.885;7.65
82;2;11;8.547;1.35
83;2;11;8.949;6.04
84;2;12;25.001;7.28
85;2;12;29.791;21.4
86;2;13;36.967;12.98
87;2;13;43.249;5.33
88;2;14;5.626;6.91
89;2;15;66.918;8.6
90;2;15;57.125;2.51
91;2;16;15.381;8.17
92;2;16;12.687;12.97
93;2;17;47.906;15.28
94;2;18;12.678;3.37
95;2;18;11.224;8.52
96;2;18;12.522;0.73
97;2;19;8.647;22.23
98;2;19;8.111;1.19
99;2;19;8.043;20.78
100;3;4;53.504;16.36
101;3;4;51.763;12.86
102;3;5;46.542;10.71
103;3;5;45.032;3.92
104;3;5;47.067;3.53
105;3;6;49.291;24.34
106;3;7;54.245;8.12
107;3;8;9.238;22.51
108;3;8;10.149;12.92
109;3;8;11.261;19.64
110;3;9;9.975;10.95
111;3;9;11.401;11.89
112;3;10;33.419;22.61
113;3;10;30.121;17.88
114;3;10;30.18;3.91
115;3;11;29.973;13.38
116;3;12;7.264;17.75
117;3;12;7.971;24.81
118;3;12;6.679;11.89
119;3;13;46.181;14.38
120;3;13;49.854;22.76
121;3;13;51.704;12.28
122;3;14;27.463;3.98
123;3;15;34.854;1.03
124;3;15;32.625;20.19
125;3;16;39.488;21.04
126;3;16;40.821;6.46
127;3;17;19.858;18.65
128;3;17;20.185;19.4
129;3;18;32.631;20.53
130;3;18;28.396;14.44
131;3;19;36.549;17.79
132;3;19;34.735;21.54
133;4;5;6.988;10.8
134;4;5;8.687;3.14
135;4;6;9.76;20.97
136;4;6;9.779;20.97
137;4;7;18.721;6.65
138;4;7;15.148;0.27
139;4;8;51.088;21.72
140;4;8;55.108;7.13
141;4;9;47.972;20.07
142;4;9;44.333;7.21
143;4;10;60.469;18.64
144;4;11;45.108;12.51
145;4;11;46.442;1.97
146;4;11;43.649;20.81
147;4;12;48.832;7.12
148;4;12;53.726;8.27
149;4;12;36.677;10.93
150;4;13;73.587;6.37
151;4;14;35.398;3.49
152;4;15;84.661;11.56
153;4;15;103.876;2.52
154;4;15;80.57;1.44
155;4;16;50.763;10.89
156;4;16;45.586;24.69
157;4;17;57.108;18.43
158;4;17;48.843;8.06
159;4;17;56.526;13.5
160;4;18;49.364;1.74
161;4;18;58.9;18.66
162;4;18;38.268;0.83
163;4;19;28.285;16.3
164;4;19;33.815;5.47
165;4;19;33.31;0.85
166;5;6;8.115;3.2
167;5;6;8.899;3.11
168;5;6;7.717;2.99
169;5;7;19.619;4.49
170;5;8;44.354;1.38
171;5;8;41.914;4.47
172;5;8;34.704;21.64
173;5;9;41.226;11.46
174;5;9;45.488;10.16
175;5;9;40.692;8.75
176;5;10;55.131;3.43
177;5;10;58.69;3.75
178;5;10;45.781;18.27
179;5;11;39.892;9.41
180;5;12;41.989;21.39
181;5;12;31.712;21.26
182;5;13;68.67;21.7
183;5;13;59.725;6.83
184;5;13;70.726;12.27
185;5;14;29.708;19.67
186;5;15;77.761;9.12
187;5;15;96.845;24.49
188;5;16;46.481;23.23
189;5;16;54.879;10.45
190;5;17;50.417;22.6
191;5;18;44.356;15.0
192;5;18;53.045;16.5
193;5;19;23.796;22.24
194;6;7;27.076;21.14
195;6;7;27.595;20.6
196;6;7;23.439;17.8
197;6;8;48.521;17.45
198;6;9;45.399;13.26
199;6;9;42.297;5.8
200;6;10;61.754;13.01
201;6;10;59.935;11.9
202;6;10;73.155;9.4
203;6;11;46.758;4.18
204;6;11;42.457;12.1
205;6;12;45.714;20.79
206;6;12;51.497;23.87
207;6;13;75.617;12.99
208;6;13;87.2;16.22
209;6;14;36.232;0.06
210;6;15;78.233;15.88
211;6;15;67.078;3.7
212;6;15;84.193;21.25
213;6;16;53.965;12.96
214;6;17;49.934;15.06
215;6;17;44.236;13.64
216;6;17;54.133;21.5
217;6;18;51.362;19.9
218;6;18;54.838;2.55
219;6;18;40.641;15.79
220;6;19;31.387;3.72
221;7;8;48.824;20.64
222;7;8;59.541;20.89
223;7;9;46.063;8.59
224;7;9;45.785;17.08
225;7;10;50.168;13.89
226;7;10;50.549;0.67
227;7;10;51.52;5.53
228;7;11;35.483;21.98
229;7;12;47.882;21.98
230;7;12;39.351;10.17
231;7;13;61.384;20.52
232;7;13;53.195;7.45
233;7;14;28.971;23.4
234;7;14;32.008;16.44
235;7;15;88.461;23.53
236;7;15;91.299;19.26
237;7;15;85.467;24.42
238;7;16;37.763;12.29
239;7;16;42.73;3.55
240;7;17;63.856;9.87
241;7;17;62.373;11.09
242;7;17;63.549;2.26
243;7;18;38.631;9.87
244;7;18;46.886;20.04
245;7;18;34.349;15.3
246;7;19;19.222;5.51
247;7;19;17.052;8.09
248;8;9;3.134;11.63
249;8;9;3.03;3.4
250;8;9;2.495;4.33
251;8;10;24.601;23.36
252;8;10;30.415;5.94
253;8;11;21.053;1.07
254;8;11;25.008;2.07
255;8;12;3.827;24.14
256;8;12;3.018;7.28
257;8;13;37.998;3.12
258;8;13;35.454;12.4
259;8;13;46.75;10.38
260;8;14;20.413;15.74
261;8;14;20.491;16.58
262;8;15;42.679;6.71
263;8;15;52.482;3.08
264;8;16;30.314;14.42
265;8;16;35.802;22.2
266;8;16;31.421;9.08
267;8;17;28.717;8.16
268;8;18;23.447;1.44
269;8;19;30.107;12.9
270;9;10;25.644;21.85
271;9;10;24.656;19.68
272;9;10;19.856;5.13
273;9;11;20.072;1.08
274;9;11;22.859;11.67
275;9;11;18.742;21.52
276;9;12;2.805;3.0
277;9;12;3.112;21.99
278;9;13;39.493;0.64
279;9;13;41.177;3.96
280;9;13;35.569;6.23
281;9;14;18.034;16.2
282;9;15;44.461;13.67
283;9;15;38.342;8.33
284;9;15;39.904;4.01
285;9;16;29.821;11.53
286;9;16;36.817;0.11
287;9;16;22.906;23.83
288;9;17;28.38;6.25
289;9;17;25.649;0.25
290;9;17;23.066;11.81
291;9;18;23.02;7.16
292;9;18;26.534;9.19
293;9;19;27.562;15.28
294;9;19;22.849;15.08
295;9;19;22.802;6.62
296;10;11;15.372;7.76
297;10;11;13.186;15.32
298;10;11;14.419;17.27
299;10;12;28.044;8.4
300;10;13;14.501;9.99
301;10;13;12.132;13.86
302;10;13;13.878;24.33
303;10;14;25.526;16.85
304;10;14;30.738;20.4
305;10;15;61.687;11.04
306;10;15;70.383;6.15
307;10;16;14.4;11.3
308;10;17;53.228;4.08
309;10;18;11.546;24.94
310;10;19;32.509;10.93
311;10;19;34.316;14.97
312;11;12;22.87;2.83
313;11;13;28.859;22.35
314;11;14;10.748;21.24
315;11;14;10.772;15.76
316;11;14;12.192;2.31
317;11;15;63.49;15.71
318;11;16;10.323;24.89
319;11;16;10.628;24.51
320;11;16;11.874;13.32
321;11;17;47.93;16.2
322;11;18;4.784;21.4
323;11;18;5.084;10.88
324;11;18;5.689;0.77
325;11;19;17.194;2.48
326;12;13;41.666;1.41
327;12;13;42.008;9.38
328;12;14;20.363;20.73
329;12;15;41.967;20.1
330;12;15;44.091;23.49
331;12;16;32.62;20.85
332;12;17;25.655;20.22
333;12;18;25.811;17.95
334;12;19;29.69;23.88
335;13;14;39.479;13.78
336;13;14;30.045;5.61
337;13;14;30.954;16.52
338;13;15;70.123;1.52
339;13;15;55.997;2.56
340;13;16;23.621;6.64
341;13;17;65.986;7.26
342;13;17;74.402;20.66
343;13;17;66.856;13.12
344;13;18;24.314;17.37
345;13;18;28.437;5.28
346;13;18;21.859;18.26
347;13;19;45.309;22.71
348;13;19;55.892;5.01
349;13;19;54.451;13.94
350;14;15;62.303;13.7
351;14;16;19.811;10.08
352;14;16;15.145;22.66
353;14;16;20.529;24.97
354;14;17;42.406;11.49
355;14;17;37.114;5.69
356;14;17;32.244;11.77
357;14;18;15.512;7.37
358;14;19;9.829;22.93
359;14;19;9.951;7.36
360;14;19;11.463;12.53
361;15;16;71.81;18.46
362;15;17;28.838;22.96
363;15;17;26.194;1.76
364;15;17;32.833;18.17
365;15;18;65.084;5.74
366;15;18;57.142;19.72
367;15;19;71.35;0.65
368;16;17;58.016;5.79
369;16;18;6.869;13.18
370;16;19;22.688;0.57
371;16;19;18.699;7.09
372;16;19;28.303;23.42
373;17;18;51.304;9.91
374;17;18;58.214;7.94
375;17;18;60.442;22.91
376;17;19;49.508;18.65
377;18;19;21.172;14.58
