VERTEX_COUNT 20
PATH_COUNT 1
BUDGET 300
<------------ VERTICES ------------>
0;START;41.374834;2.170055;0.0;0.0
1;Basilica of the Sagrada Família;41.403568;2.174435;45.0;100.0
2;Palau Güell;41.378864;2.174117;45.0;86.12
3;La Pedrera (Casa Milà);41.395271;2.161785;45.0;85.65
4;Anella Olímpica(Olympic Park);41.364778;2.152575;45.0;77.48
5;Poble Espanyol;41.368679;2.147031;45.0;73.3
6;Montjuïc Castle;41.363823;2.167096;45.0;72.46
7;Casa Batlló;41.391758;2.164961;45.0;71.05
8;Park Güell;41.414249;2.151926;45.0;69.16
9;Passeig de Gràcia;41.390739;2.166672;45.0;65.56
10;Basilica of Sants Just i Pastor;41.382812;2.178195;45.0;65.41
11;Galeria d’Art Mar Grup Escolà;41.392349;2.167836;45.0;65.14
12;Parc de la Ciutadella;41.389248;2.186548;45.0;64.04
13;Avinguda d’Icària;41.391556;2.197416;45.0;63.55
14;Basilica of Santa Maria del Mar;41.383518;2.1818;45.0;63.07
15;Lorena Ruiz de Villa;41.397858;2.146705;45.0;62.46
16;Antic Hospital de la Santa Creu;41.380573;2.170374;45.0;61.52
17;Imaginart Gallery;41.393822;2.164627;45.0;60.54
18;Casa Vicens;41.403442;2.150684;45.0;58.68
19;FINISH;41.374834;2.170055;0.0;0.0
<------------- EDGES -------------->
0;0;1;49.491;10.98
1;0;1;42.598;21.42
2;0;2;8.647;13.94
3;0;2;7.366;16.36
4;0;2;6.599;20.77
5;0;3;36.549;14.87
6;0;3;35.249;3.29
7;0;3;30.55;4.67
8;0;4;28.285;22.24
9;0;4;34.488;19.77
10;0;4;26.772;19.33
11;0;5;31.387;8.4
12;0;6;19.222;17.94
13;0;7;29.69;21.95
14;0;7;25.402;20.02
15;0;7;34.417;17.29
16;0;8;71.35;11.13
17;0;8;87.537;20.99
18;0;8;58.409;13.12
19;0;9;27.562;4.27
20;0;9;31.637;20.38
21;0;10;17.194;20.49
22;0;11;30.107;8.31
23;0;12;32.509;4.37
24;0;12;33.294;19.38
25;0;12;34.794;17.44
26;0;13;45.309;1.05
27;0;14;21.172;14.93
28;0;15;49.508;12.82
29;0;15;39.945;19.15
30;0;15;57.002;19.56
31;0;16;9.829;14.72
32;0;16;7.77;21.48
33;0;16;11.048;16.03
34;0;17;33.232;16.26
35;0;17;38.294;21.08
36;0;17;39.942;1.05
37;0;18;54.909;5.4
38;0;18;41.515;9.59
39;0;19;0.0;23.91
40;1;2;42.276;15.31
41;1;2;32.385;13.2
42;1;3;21.57;17.32
43;1;3;26.152;22.32
44;1;3;25.277;17.96
45;1;4;72.069;13.74
46;1;5;69.299;22.91
47;1;6;68.662;10.51
48;1;6;59.972;11.94
49;1;7;23.587;1.18
50;1;8;34.185;22.75
51;1;8;37.593;13.74
52;1;9;24.109;23.52
53;1;10;35.845;22.7
54;1;10;27.497;10.92
55;1;10;42.082;20.57
56;1;11;20.984;3.32
57;1;11;20.375;23.41
58;1;12;29.022;13.31
59;1;13;35.955;6.69
60;1;13;38.427;22.56
61;1;14;35.589;3.2
62;1;15;36.911;12.31
63;1;16;39.694;3.22
64;1;16;34.272;5.26
65;1;16;33.388;10.4
66;1;17;20.896;6.68
67;1;18;30.486;11.48
68;1;19;49.491;17.63
69;2;3;32.233;9.32
70;2;4;36.692;15.67
71;2;5;38.904;17.3
72;2;6;27.272;17.0
73;2;6;25.78;11.04
74;2;6;32.359;23.57
75;2;7;25.001;8.66
76;2;7;23.841;14.81
77;2;8;66.918;22.69
78;2;8;53.313;7.81
79;2;9;22.457;23.79
80;2;9;19.505;11.29
81;2;10;8.547;24.32
82;2;10;8.412;20.8
83;2;11;24.444;11.43
84;2;11;28.307;5.18
85;2;11;29.356;4.99
86;2;12;23.885;4.45
87;2;12;23.877;13.3
88;2;13;36.967;4.74
89;2;14;12.678;4.85
90;2;14;13.267;22.95
91;2;14;14.212;18.11
92;2;15;47.906;17.88
93;2;15;53.121;13.39
94;2;15;54.611;7.99
95;2;16;5.626;16.45
96;2;16;5.051;4.63
97;2;16;4.586;18.26
98;2;17;28.348;21.94
99;2;17;30.858;12.63
100;2;17;31.848;18.46
101;2;18;51.71;11.93
102;2;18;48.653;9.49
103;2;19;8.647;23.13
104;3;4;53.504;8.82
105;3;4;65.039;18.96
106;3;4;47.4;5.02
107;3;5;49.291;21.63
108;3;6;54.245;5.21
109;3;6;44.8;10.93
110;3;7;7.264;13.71
111;3;7;9.001;20.55
112;3;7;6.158;4.71
113;3;8;34.854;19.56
114;3;8;39.833;10.54
115;3;9;9.975;5.91
116;3;9;7.545;4.15
117;3;9;7.844;0.79
118;3;10;29.973;4.11
119;3;11;9.238;6.83
120;3;11;7.535;13.37
121;3;11;9.268;23.01
122;3;12;33.419;9.08
123;3;12;31.212;1.19
124;3;13;46.181;5.16
125;3;13;43.318;9.36
126;3;14;32.631;20.28
127;3;15;19.858;9.68
128;3;15;23.727;17.25
129;3;16;27.463;0.22
130;3;16;21.95;1.01
131;3;16;29.705;11.89
132;3;17;4.411;4.87
133;3;17;4.796;11.06
134;3;18;19.964;8.55
135;3;19;36.549;0.68
136;3;19;35.096;1.97
137;4;5;9.76;3.85
138;4;6;18.721;17.32
139;4;6;19.027;7.62
140;4;6;20.786;23.88
141;4;7;48.832;23.75
142;4;7;42.347;21.63
143;4;7;41.359;19.77
144;4;8;84.661;9.86
145;4;8;78.796;6.74
146;4;8;72.641;7.74
147;4;9;47.972;21.03
148;4;9;43.149;13.43
149;4;10;45.108;14.68
150;4;10;54.99;24.37
151;4;11;51.088;8.04
152;4;12;60.469;0.23
153;4;13;73.587;2.65
154;4;14;49.364;20.52
155;4;14;51.759;7.83
156;4;15;57.108;13.79
157;4;16;35.398;4.25
158;4;16;38.087;4.66
159;4;16;27.477;6.25
160;4;17;52.055;13.21
161;4;18;66.208;14.25
162;4;19;28.285;13.4
163;4;19;24.81;17.75
164;4;19;24.108;6.71
165;5;6;27.076;5.51
166;5;6;21.746;24.5
167;5;6;21.643;7.9
168;5;7;45.714;22.36
169;5;7;39.869;2.79
170;5;8;78.233;11.54
171;5;8;62.214;13.79
172;5;8;79.725;10.81
173;5;9;45.399;17.49
174;5;10;46.758;8.58
175;5;10;37.732;22.74
176;5;10;42.738;12.34
177;5;11;48.521;21.5
178;5;11;41.843;15.0
179;5;12;61.754;5.76
180;5;12;53.22;3.89
181;5;12;69.298;23.34
182;5;13;75.617;4.54
183;5;14;51.362;24.93
184;5;14;42.953;11.96
185;5;14;52.415;8.35
186;5;15;49.934;21.11
187;5;16;36.232;14.39
188;5;16;39.889;10.76
189;5;16;28.912;12.63
190;5;17;48.597;0.53
191;5;18;59.672;16.24
192;5;19;31.387;12.98
193;6;7;47.882;8.59
194;6;7;47.927;4.51
195;6;8;88.461;10.71
196;6;8;76.11;8.6
197;6;9;46.063;5.75
198;6;9;41.805;12.25
199;6;9;44.642;23.85
200;6;10;35.483;5.07
201;6;11;48.824;10.33
202;6;11;50.735;22.55
203;6;11;44.494;5.72
204;6;12;50.168;0.38
205;6;13;61.384;0.54
206;6;13;63.729;23.99
207;6;13;72.451;17.67
208;6;14;38.631;7.27
209;6;15;63.856;3.55
210;6;15;60.897;1.58
211;6;16;28.971;7.1
212;6;16;34.001;8.03
213;6;16;26.796;15.09
214;6;17;51.433;23.35
215;6;18;70.996;14.94
216;6;18;71.016;9.81
217;6;19;19.222;22.86
218;6;19;17.326;13.06
219;7;8;41.967;14.57
220;7;8;38.216;14.1
221;7;9;2.805;21.93
222;7;9;3.189;22.02
223;7;9;3.256;4.24
224;7;10;22.87;10.67
225;7;10;25.981;5.48
226;7;11;3.827;3.25
227;7;12;28.044;20.64
228;7;12;29.197;5.3
229;7;12;25.303;2.35
230;7;13;41.666;3.92
231;7;13;32.646;3.49
232;7;13;41.061;18.85
233;7;14;25.811;24.95
234;7;14;23.256;14.31
235;7;14;27.721;5.17
236;7;15;25.655;1.6
237;7;16;20.363;1.18
238;7;16;22.167;2.97
239;7;17;3.558;8.21
240;7;17;3.457;16.6
241;7;18;27.123;11.47
242;7;18;28.165;19.88
243;7;19;29.69;20.7
244;7;19;23.879;15.47
245;7;19;34.804;0.12
246;8;9;44.461;5.94
247;8;9;38.681;15.41
248;8;10;63.49;18.83
249;8;10;77.674;19.88
250;8;11;42.679;21.21
251;8;12;61.687;19.66
252;8;12;75.984;9.37
253;8;12;70.626;8.9
254;8;13;70.123;5.44
255;8;13;65.384;15.36
256;8;13;58.455;6.26
257;8;14;65.084;3.74
258;8;15;28.838;23.43
259;8;16;62.303;13.37
260;8;16;76.781;14.96
261;8;16;65.959;16.35
262;8;17;38.57;16.11
263;8;17;46.102;24.64
264;8;18;18.562;11.75
265;8;18;16.394;17.13
266;8;19;71.35;24.92
267;8;19;78.95;16.4
268;8;19;80.949;17.64
269;9;10;20.072;16.46
270;9;10;21.024;7.75
271;9;10;15.406;21.62
272;9;11;3.134;7.66
273;9;11;3.781;1.06
274;9;11;2.974;6.08
275;9;12;25.644;22.75
276;9;12;21.749;20.25
277;9;13;39.493;15.9
278;9;13;43.548;11.12
279;9;14;23.02;21.33
280;9;14;17.506;7.9
281;9;14;19.097;23.48
282;9;15;28.38;21.68
283;9;15;29.914;18.48
284;9;15;21.697;22.16
285;9;16;18.034;6.38
286;9;16;13.881;8.86
287;9;17;5.893;0.52
288;9;17;6.071;3.12
289;9;18;29.895;21.54
290;9;18;32.267;20.52
291;9;18;31.834;13.4
292;9;19;27.562;8.11
293;9;19;23.672;20.72
294;10;11;21.053;23.18
295;10;11;25.441;3.14
296;10;12;15.372;4.0
297;10;12;13.464;15.62
298;10;12;16.437;12.28
299;10;13;28.859;20.68
300;10;13;34.899;18.63
301;10;14;4.784;5.11
302;10;14;5.335;16.92
303;10;15;47.93;5.11
304;10;15;50.744;8.22
305;10;16;10.748;9.93
306;10;16;9.997;5.33
307;10;16;11.449;22.65
308;10;17;25.659;14.2
309;10;17;25.566;15.94
310;10;17;24.848;20.86
311;10;18;49.936;18.46
312;10;19;17.194;10.12
313;10;19;14.914;15.1
314;11;12;24.601;16.79
315;11;12;29.313;5.99
316;11;12;26.94;8.89
317;11;13;37.998;19.55
318;11;14;23.447;7.53
319;11;14;26.33;8.77
320;11;15;28.717;3.7
321;11;15;28.186;16.65
322;11;16;20.413;11.18
323;11;17;4.83;18.91
324;11;17;3.826;2.39
325;11;17;4.319;20.14
326;11;18;29.071;9.41
327;11;18;35.54;12.28
328;11;19;30.107;18.59
329;11;19;24.559;11.49
330;12;13;14.501;16.04
331;12;14;11.546;12.51
332;12;15;53.228;19.34
333;12;15;60.386;24.79
334;12;15;60.961;11.98
335;12;16;25.526;3.08
336;12;17;29.21;24.79
337;12;18;52.053;15.36
338;12;18;46.707;18.13
339;12;18;52.734;14.73
340;12;19;32.509;23.36
341;12;19;33.13;23.51
342;12;19;32.13;10.83
343;13;14;24.314;16.21
344;13;14;28.562;5.71
345;13;15;65.986;23.84
346;13;15;66.902;8.5
347;13;15;72.294;17.89
348;13;16;39.479;14.9
349;13;17;42.271;14.27
350;13;18;63.342;22.48
351;13;19;45.309;4.51
352;13;19;53.332;8.55
353;14;15;51.304;8.95
354;14;15;45.688;7.42
355;14;16;15.512;16.42
356;14;16;15.91;19.5
357;14;17;28.231;15.52
358;14;18;52.517;3.56
359;14;18;62.917;8.15
360;14;18;53.956;13.82
361;14;19;21.172;24.72
362;15;16;42.406;20.41
363;15;17;24.021;13.27
364;15;17;24.674;14.01
365;15;17;19.415;21.9
366;15;18;10.835;15.41
367;15;18;9.833;23.02
368;15;18;8.792;8.39
369;15;19;49.508;2.22
370;15;19;48.109;19.27
371;15;19;42.104;21.2
372;16;17;23.842;23.66
373;16;18;46.588;23.69
374;16;18;40.26;24.84
375;16;18;39.059;11.36
376;16;19;9.829;1.76
377;17;18;24.317;16.66
378;17;18;24.751;0.75
379;17;19;33.232;23.46
380;17;19;38.033;3.36
381;18;19;54.909;11.81
382;18;19;49.767;24.21
383;18;19;50.187;18.25
