VERTEX_COUNT 30
PATH_COUNT 1
BUDGET 180
<------------ VERTICES ------------>
0;START;41.374834;2.170055;0.0;0.0
1;Basilica of the Sagrada Família;41.403568;2.174435;45.0;99.14
2;Palau Güell;41.378864;2.174117;45.0;89.94
3;Anella Olímpica(Olympic Park);41.364778;2.152575;45.0;89.65
4;La Pedrera (Casa Milà);41.395271;2.161785;45.0;86.52
5;Museu Nacional d’Art de Catalunya;41.36882;2.153347;45.0;86.07
6;Galeria d’Art Mar Grup Escolà;41.392349;2.167836;45.0;84.74
7;Basilica of Sants Just i Pastor;41.382812;2.178195;45.0;81.26
8;Parc de la Ciutadella;41.389248;2.186548;45.0;81.1
9;Museu d’Història de Catalunya - MHC;41.380852;2.185799;45.0;81.05
10;Avinguda d’Icària;41.391556;2.197416;45.0;80.57
11;Montjuïc Castle;41.363823;2.167096;45.0;78.22
12;Poble Espanyol;41.368679;2.147031;45.0;77.97
13;Passeig de Gràcia;41.390739;2.166672;45.0;75.45
14;Parc de Diagonal Mar;41.407215;2.214539;45.0;70.82
15;Park Güell;41.414249;2.151926;45.0;70.32
16;Lorena Ruiz de Villa;41.397858;2.146705;45.0;68.48
17;Museu Palmero;41.424667;2.139856;45.0;68.23
18;Antic Hospital de la Santa Creu;41.380573;2.170374;45.0;68.1
19;Museu Frederic Marès;41.384178;2.176819;45.0;68.04
20;Platja de la Nova Mar Bella;41.40205;2.21529;45.0;66.52
21;Casa Batlló;41.391758;2.164961;45.0;66.28
22;Plaça de Catalunya;41.387005;2.17003;45.0;64.83
23;Plaça del Rei;41.384144;2.177409;45.0;64.21
24;Basilica of Santa Maria del Mar;41.383518;2.1818;45.0;64.16
25;La Colmena;41.383835;2.178294;45.0;63.5
26;Despair;41.387653;2.188076;45.0;63.27
27;Museu Picasso;41.385181;2.180863;45.0;63.22
28;Rambla del Raval;41.378681;2.169317;45.0;62.87
29;FINISH;41.374834;2.170055;0.0;0.0
<------------- EDGES -------------->
0;0;1;49.491;14.83
1;0;1;57.384;21.88
2;0;1;59.529;2.54
3;0;2;8.647;12.47
4;0;3;28.285;0.23
5;0;3;28.741;20.45
6;0;4;36.549;13.75
7;0;4;37.845;23.21
8;0;4;28.44;18.42
9;0;5;23.796;13.93
10;0;6;30.107;2.0
11;0;7;17.194;10.56
12;0;8;32.509;21.39
13;0;8;37.935;20.34
14;0;8;37.408;9.37
15;0;9;22.688;6.5
16;0;9;24.677;10.82
17;0;10;45.309;16.07
18;0;10;36.657;8.76
19;0;11;19.222;6.12
20;0;11;19.955;15.62
21;0;12;31.387;18.31
22;0;12;39.192;21.06
23;0;13;27.562;19.49
24;0;13;21.861;24.91
25;0;14;79.572;2.49
26;0;14;90.207;5.18
27;0;14;63.593;4.57
28;0;15;71.35;17.44
29;0;15;71.72;23.41
30;0;16;49.508;1.91
31;0;16;39.661;6.45
32;0;16;38.468;1.79
33;0;17;93.673;10.74
34;0;18;9.829;11.43
35;0;18;10.354;22.39
36;0;19;18.196;0.5
37;0;19;18.667;20.0
38;0;19;19.033;9.19
39;0;20;74.442;13.31
40;0;20;84.795;8.7
41;0;21;29.69;22.92
42;0;21;25.581;24.09
43;0;22;20.827;4.55
44;0;22;18.914;12.64
45;0;22;17.239;20.75
46;0;23;18.52;24.35
47;0;23;15.254;6.17
48;0;23;22.963;1.92
49;0;24;21.172;11.28
50;0;24;16.168;23.73
51;0;25;18.686;22.76
52;0;25;17.148;0.4
53;0;26;31.884;8.23
54;0;26;24.584;19.88
55;0;26;31.584;21.1
56;0;27;22.496;13.68
57;0;27;24.197;23.74
58;0;27;27.453;2.14
59;0;28;6.651;5.29
60;0;29;0.0;1.86
61;0;29;0.0;21.16
62;0;29;0.0;6.12
63;1;2;42.276;13.54
64;1;2;49.333;19.36
65;1;3;72.069;17.68
66;1;3;63.146;13.02
67;1;3;82.326;21.55
68;1;4;21.57;20.05
69;1;4;26.271;8.97
70;1;5;65.336;22.96
71;1;6;20.984;11.94
72;1;6;18.531;24.98
73;1;6;19.6;16.28
74;1;7;35.845;14.57
75;1;8;29.022;0.94
76;1;9;41.52;2.52
77;1;9;33.554;17.45
78;1;10;35.955;24.65
79;1;11;68.662;10.65
80;1;11;73.176;9.1
81;1;12;69.299;2.84
82;1;13;24.109;14.32
83;1;14;51.851;3.62
84;1;15;34.185;22.33
85;1;15;41.225;8.36
86;1;16;36.911;17.79
87;1;17;57.209;16.51
88;1;17;61.777;12.22
89;1;17;60.707;19.59
90;1;18;39.694;2.77
91;1;19;33.322;10.36
92;1;19;27.429;16.86
93;1;20;52.504;5.55
94;1;21;23.587;14.23
95;1;22;28.902;0.79
96;1;23;33.457;0.72
97;1;23;33.826;5.15
98;1;24;35.589;23.56
99;1;25;34.129;4.11
100;1;25;36.146;17.0
101;1;25;35.673;6.89
102;1;26;32.378;2.49
103;1;26;39.288;20.89
104;1;26;24.645;12.36
105;1;27;32.528;20.23
106;1;27;37.814;19.4
107;1;28;43.091;2.38
108;1;28;48.17;21.69
109;1;28;39.774;11.61
110;1;29;49.491;4.69
111;1;29;49.723;9.87
112;2;3;36.692;16.96
113;2;4;32.233;13.42
114;2;5;31.73;2.54
115;2;5;26.26;15.67
116;2;5;38.374;1.44
117;2;6;24.444;0.73
118;2;7;8.547;19.85
119;2;7;9.226;8.16
120;2;7;9.945;22.61
121;2;8;23.885;9.62
122;2;8;26.92;9.8
123;2;9;15.381;11.12
124;2;9;13.341;4.53
125;2;10;36.967;7.5
126;2;11;27.272;12.44
127;2;11;23.344;19.91
128;2;12;38.904;15.55
129;2;12;46.071;7.99
130;2;13;22.457;4.45
131;2;13;20.439;2.67
132;2;14;71.038;24.82
133;2;14;69.549;3.64
134;2;14;53.925;2.5
135;2;15;66.918;10.15
136;2;15;62.733;19.12
137;2;15;67.948;18.64
138;2;16;47.906;16.77
139;2;17;89.874;8.71
140;2;17;94.637;10.99
141;2;17;75.814;19.07
142;2;18;5.626;14.38
143;2;19;9.733;14.18
144;2;19;7.544;14.72
145;2;20;66.092;2.47
146;2;21;25.001;9.18
147;2;22;14.887;15.15
148;2;22;18.096;13.22
149;2;23;9.975;24.16
150;2;24;12.678;24.89
151;2;24;9.633;21.21
152;2;25;10.056;4.83
153;2;26;23.397;0.1
154;2;27;13.852;2.09
155;2;28;6.171;24.28
156;2;29;8.647;6.17
157;2;29;9.013;0.59
158;3;4;53.504;11.28
159;3;5;6.988;6.56
160;3;6;51.088;18.55
161;3;6;46.226;12.53
162;3;6;47.101;8.91
163;3;7;45.108;22.19
164;3;7;42.371;14.32
165;3;8;60.469;5.51
166;3;8;57.254;14.49
167;3;9;50.763;1.26
168;3;9;58.403;20.55
169;3;10;73.587;2.75
170;3;10;81.389;13.96
171;3;11;18.721;15.53
172;3;12;9.76;12.31
173;3;12;11.195;17.43
174;3;13;47.972;4.61
175;3;13;58.1;20.44
176;3;13;53.034;2.55
177;3;14;107.715;5.72
178;3;14;122.425;17.16
179;3;14;90.162;23.82
180;3;15;84.661;23.3
181;3;15;98.909;9.05
182;3;16;57.108;10.65
183;3;16;68.258;23.37
184;3;16;69.999;9.2
185;3;17;103.777;18.89
186;3;17;112.365;19.85
187;3;18;35.398;3.16
188;3;19;45.512;8.96
189;3;19;51.245;7.58
190;3;19;52.08;5.0
191;3;20;102.722;19.84
192;3;20;123.077;12.23
193;3;20;87.258;9.79
194;3;21;48.832;11.1
195;3;21;40.167;13.06
196;3;21;42.934;13.35
197;3;22;44.149;14.03
198;3;22;39.987;20.9
199;3;23;45.992;5.72
200;3;23;47.708;18.76
201;3;23;40.825;21.9
202;3;24;49.364;8.16
203;3;25;46.414;12.98
204;3;26;60.087;4.12
205;3;26;55.1;14.74
206;3;26;57.273;6.27
207;3;27;50.384;19.01
208;3;28;32.067;21.67
209;3;29;28.285;16.62
210;4;5;46.542;16.92
211;4;6;9.238;22.36
212;4;6;8.915;20.5
213;4;7;29.973;15.28
214;4;8;33.419;17.43
215;4;8;41.414;22.23
216;4;9;39.488;21.74
217;4;10;46.181;22.28
218;4;10;55.966;7.53
219;4;10;57.218;7.47
220;4;11;54.245;13.87
221;4;11;53.343;20.87
222;4;12;49.291;9.95
223;4;12;48.659;6.63
224;4;12;40.658;3.47
225;4;13;9.975;11.28
226;4;13;9.657;14.86
227;4;14;70.732;4.26
228;4;15;34.854;1.88
229;4;15;34.85;15.05
230;4;15;36.335;20.03
231;4;16;19.858;22.47
232;4;16;19.628;8.77
233;4;16;24.736;4.09
234;4;17;57.641;3.11
235;4;17;62.5;6.24
236;4;17;56.918;13.28
237;4;18;27.463;13.96
238;4;19;27.071;20.87
239;4;20;69.654;6.48
240;4;20;67.414;24.19
241;4;21;7.264;8.44
242;4;21;9.025;0.12
243;4;21;7.113;17.52
244;4;22;17.667;20.56
245;4;22;19.835;24.95
246;4;22;21.857;10.8
247;4;23;27.657;8.28
248;4;23;32.436;1.33
249;4;24;32.631;17.99
250;4;24;25.157;11.12
251;4;24;34.477;21.02
252;4;25;28.847;11.18
253;4;26;36.182;23.81
254;4;26;29.332;20.25
255;4;27;29.967;13.28
256;4;27;34.056;0.65
257;4;27;25.752;10.89
258;4;28;29.991;6.47
259;4;28;30.647;23.8
260;4;28;31.548;7.17
261;4;29;36.549;22.85
262;4;29;43.247;17.8
263;4;29;37.076;18.8
264;5;6;44.354;17.51
265;5;7;39.892;1.71
266;5;8;55.131;16.66
267;5;8;68.882;18.94
268;5;8;58.649;13.54
269;5;9;46.481;22.18
270;5;10;68.67;17.99
271;5;10;67.14;4.94
272;5;10;61.222;12.11
273;5;11;19.619;11.12
274;5;12;8.115;22.15
275;5;13;41.226;10.41
276;5;13;42.907;3.72
277;5;13;42.109;24.73
278;5;14;102.414;15.54
279;5;15;77.761;10.92
280;5;16;50.417;3.51
281;5;16;46.904;20.54
282;5;17;97.123;6.09
283;5;17;85.905;6.23
284;5;18;29.708;12.23
285;5;18;27.307;1.22
286;5;19;39.989;14.39
287;5;19;36.046;23.93
288;5;19;30.758;22.09
289;5;20;97.767;5.06
290;5;20;121.429;15.0
291;5;20;73.613;13.25
292;5;21;41.989;16.99
293;5;22;37.779;8.54
294;5;23;40.525;2.28
295;5;23;34.533;5.45
296;5;23;36.338;6.64
297;5;24;44.356;8.62
298;5;24;50.303;16.01
299;5;24;51.103;14.5
300;5;25;41.065;7.8
301;5;25;42.028;9.34
302;5;26;55.02;18.54
303;5;26;66.508;22.48
304;5;27;45.08;8.7
305;5;27;53.85;4.52
306;5;27;47.869;3.63
307;5;28;26.558;8.42
308;5;28;21.141;17.29
309;5;29;23.796;6.53
310;5;29;26.46;5.8
311;6;7;21.053;19.73
312;6;7;21.553;20.57
313;6;8;24.601;0.3
314;6;8;20.709;6.28
315;6;8;22.284;20.04
316;6;9;30.314;12.21
317;6;9;35.421;0.57
318;6;10;37.998;15.78
319;6;11;48.824;1.46
320;6;11;47.606;0.87
321;6;11;56.995;12.98
322;6;12;48.521;20.84
323;6;12;56.762;14.96
324;6;12;55.722;3.35
325;6;13;3.134;14.1
326;6;13;2.901;12.21
327;6;14;65.123;20.05
328;6;15;42.679;5.38
329;6;15;51.505;14.17
330;6;16;28.717;1.37
331;6;16;22.5;0.65
332;6;17;65.94;16.22
333;6;18;20.413;6.22
334;6;18;19.098;20.75
335;6;19;18.125;20.26
336;6;19;14.459;2.66
337;6;19;14.597;5.21
338;6;20;63.137;16.22
339;6;21;3.827;16.64
340;6;21;3.675;18.48
341;6;21;2.967;22.74
342;6;22;9.569;23.19
343;6;22;11.159;22.92
344;6;23;18.66;22.48
345;6;23;16.562;8.51
346;6;24;23.447;24.95
347;6;24;25.821;16.16
348;6;24;19.625;23.04
349;6;25;19.813;9.45
350;6;25;16.998;21.98
351;6;25;21.161;1.59
352;6;26;27.199;2.64
353;6;26;20.699;4.89
354;6;27;20.74;24.69
355;6;27;23.646;2.7
356;6;28;23.466;2.15
357;6;28;18.207;12.13
358;6;29;30.107;24.28
359;7;8;15.372;8.96
360;7;9;10.323;24.12
361;7;10;28.859;4.6
362;7;10;27.889;14.49
363;7;11;35.483;21.89
364;7;11;26.617;20.77
365;7;12;46.758;4.37
366;7;12;40.971;16.64
367;7;12;51.26;8.27
368;7;13;20.072;22.6
369;7;13;21.519;22.01
370;7;14;62.614;0.36
371;7;14;73.916;20.25
372;7;14;60.424;10.52
373;7;15;63.49;23.8
374;7;15;59.817;13.42
375;7;15;50.944;21.94
376;7;16;47.93;11.67
377;7;16;56.197;23.09
378;7;17;86.899;15.21
379;7;17;98.05;7.59
380;7;17;84.017;20.37
381;7;18;10.748;24.35
382;7;18;12.861;8.84
383;7;19;2.93;11.91
384;7;20;57.892;20.56
385;7;20;49.48;14.29
386;7;20;60.914;10.47
387;7;21;22.87;8.76
388;7;21;20.746;5.96
389;7;21;27.788;15.78
390;7;22;12.704;16.04
391;7;22;9.576;1.86
392;7;22;13.403;12.72
393;7;23;2.493;0.57
394;7;23;2.646;11.28
395;7;24;4.784;0.09
396;7;24;4.693;11.16
397;7;24;4.301;13.29
398;7;25;1.755;4.73
399;7;25;1.544;0.93
400;7;26;15.151;9.66
401;7;26;17.775;15.81
402;7;26;14.719;10.65
403;7;27;5.307;23.98
404;7;28;13.413;22.39
405;7;28;11.485;23.58
406;7;29;17.194;0.94
407;7;29;13.565;10.93
408;7;29;18.875;14.19
409;8;9;14.4;10.52
410;8;10;14.501;7.71
411;8;10;11.913;14.58
412;8;10;17.697;7.38
413;8;11;50.168;10.59
414;8;11;42.475;19.63
415;8;12;61.754;2.54
416;8;13;25.644;0.37
417;8;13;29.778;7.1
418;8;14;47.29;13.52
419;8;14;37.72;17.06
420;8;14;38.901;7.16
421;8;15;61.687;14.1
422;8;15;73.451;12.63
423;8;16;53.228;17.16
424;8;17;85.235;7.56
425;8;18;25.526;16.95
426;8;19;15.208;10.98
427;8;19;13.507;5.16
428;8;20;42.91;2.67
429;8;20;36.158;20.11
430;8;21;28.044;7.37
431;8;22;21.551;12.81
432;8;22;20.212;5.23
433;8;22;23.455;10.94
434;8;23;14.627;11.89
435;8;24;11.546;6.39
436;8;24;11.219;18.37
437;8;25;14.075;4.42
438;8;25;15.544;23.6
439;8;26;3.361;14.31
440;8;27;10.085;19.4
441;8;28;28.573;10.03
442;8;29;32.509;24.98
443;8;29;40.126;3.78
444;8;29;25.613;11.67
445;9;10;23.621;1.56
446;9;10;22.751;18.36
447;9;10;28.583;10.21
448;9;11;37.763;5.0
449;9;11;33.4;6.43
450;9;11;38.885;12.06
451;9;12;53.965;19.43
452;9;13;29.821;15.77
453;9;13;31.773;9.01
454;9;13;29.88;8.91
455;9;14;58.279;21.43
456;9;14;53.564;23.43
457;9;14;71.651;24.12
458;9;15;71.81;7.13
459;9;15;64.421;22.64
460;9;16;58.016;5.11
461;9;17;95.389;16.94
462;9;18;19.811;12.81
463;9;18;17.346;17.52
464;9;19;12.858;8.38
465;9;20;52.433;4.08
466;9;20;58.567;1.75
467;9;21;32.62;6.49
468;9;21;30.328;18.05
469;9;21;36.583;19.59
470;9;22;22.821;17.09
471;9;23;12.156;18.96
472;9;23;10.643;22.96
473;9;24;6.869;6.1
474;9;24;7.387;11.49
475;9;24;6.306;7.5
476;9;25;10.905;17.31
477;9;25;10.21;8.91
478;9;25;10.839;4.11
479;9;26;12.0;20.07
480;9;27;9.749;18.52
481;9;28;21.487;15.78
482;9;29;22.688;14.96
483;10;11;61.384;23.07
484;10;12;75.617;0.28
485;10;12;75.341;23.22
486;10;12;92.414;3.08
487;10;13;39.493;1.62
488;10;14;34.657;19.38
489;10;14;41.587;7.92
490;10;14;37.932;20.78
491;10;15;70.123;15.84
492;10;15;76.726;21.07
493;10;16;65.986;18.97
494;10;17;93.102;6.29
495;10;17;110.564;0.77
496;10;17;70.46;22.58
497;10;18;39.479;6.92
498;10;18;40.045;22.91
499;10;18;33.124;14.7
500;10;19;29.303;16.16
501;10;19;34.067;23.05
502;10;19;23.752;7.26
503;10;20;29.136;14.42
504;10;20;23.963;20.17
505;10;21;41.666;8.03
506;10;22;36.011;8.46
507;10;22;30.913;1.91
508;10;22;33.842;8.45
509;10;23;28.647;5.55
510;10;23;25.482;11.16
511;10;24;24.314;13.61
512;10;24;21.926;0.13
513;10;24;27.238;17.83
514;10;25;27.879;17.58
515;10;25;30.901;15.39
516;10;25;25.825;24.99
517;10;26;13.725;6.07
518;10;27;23.888;17.39
519;10;27;28.925;7.25
520;10;28;42.272;16.75
521;10;28;38.293;14.71
522;10;29;45.309;10.81
523;11;12;27.076;13.63
524;11;12;32.154;13.33
525;11;13;46.063;9.85
526;11;14;96.041;3.07
527;11;14;76.684;14.53
528;11;15;88.461;9.16
529;11;15;69.098;24.42
530;11;15;67.33;3.69
531;11;16;63.856;22.41
532;11;16;50.786;2.01
533;11;17;109.833;9.86
534;11;17;114.49;8.13
535;11;18;28.971;23.95
536;11;18;26.735;9.5
537;11;18;30.791;1.56
538;11;19;37.002;20.62
539;11;20;90.045;14.42
540;11;20;71.753;22.29
541;11;20;105.496;17.53
542;11;21;47.882;2.4
543;11;21;37.763;11.5
544;11;21;56.94;12.14
545;11;22;39.848;7.6
546;11;23;37.21;20.01
547;11;23;39.263;12.68
548;11;23;45.756;16.75
549;11;24;38.631;6.53
550;11;25;37.142;14.61
551;11;25;43.761;15.69
552;11;25;33.549;19.88
553;11;26;48.874;2.82
554;11;26;44.263;20.34
555;11;26;47.58;2.36
556;11;27;40.599;13.06
557;11;27;31.284;11.05
558;11;27;50.699;5.13
559;11;28;25.585;8.61
560;11;28;23.511;2.24
561;11;28;25.693;6.54
562;11;29;19.222;20.21
563;11;29;16.047;22.94
564;11;29;22.829;15.95
565;12;13;45.399;8.85
566;12;13;50.136;13.23
567;12;13;51.066;20.38
568;12;14;108.905;9.08
569;12;15;78.233;2.27
570;12;15;72.265;0.84
571;12;15;85.58;5.61
572;12;16;49.934;4.0
573;12;16;42.058;19.45
574;12;16;48.405;19.01
575;12;17;96.25;21.28
576;12;18;36.232;12.92
577;12;19;46.546;4.57
578;12;19;47.84;18.74
579;12;19;38.498;7.31
580;12;20;104.601;20.64
581;12;20;101.412;9.41
582;12;20;93.069;18.6
583;12;21;45.714;2.67
584;12;22;43.076;1.14
585;12;23;47.138;4.16
586;12;24;51.362;20.91
587;12;24;64.101;21.97
588;12;25;47.793;6.05
589;12;25;41.249;12.28
590;12;26;61.902;12.28
591;12;26;72.853;22.7
592;12;27;51.814;9.38
593;12;28;33.346;2.62
594;12;28;27.585;19.96
595;12;28;31.328;16.6
596;12;29;31.387;13.47
597;12;29;28.529;7.67
598;12;29;30.699;18.79
599;13;14;67.603;22.27
600;13;14;59.861;8.27
601;13;14;78.472;16.58
602;13;15;44.461;9.71
603;13;15;45.226;2.09
604;13;15;44.981;18.9
605;13;16;28.38;21.73
606;13;17;67.493;13.39
607;13;17;71.73;24.08
608;13;17;73.917;12.39
609;13;18;18.034;12.34
610;13;18;18.688;1.47
611;13;18;20.726;11.59
612;13;19;17.198;20.24
613;13;19;21.295;16.26
614;13;20;65.343;15.53
615;13;21;2.805;4.47
616;13;22;7.708;7.92
617;13;22;9.216;7.34
618;13;22;9.494;19.05
619;13;23;17.815;3.31
620;13;24;23.02;14.02
621;13;24;17.368;13.23
622;13;24;21.891;12.85
623;13;25;19.032;19.68
624;13;25;14.629;2.48
625;13;26;27.982;15.38
626;13;27;20.552;19.9
627;13;27;17.257;19.18
628;13;27;19.616;20.17
629;13;28;20.912;16.8
630;13;28;16.163;9.95
631;13;29;27.562;15.84
632;13;29;25.682;10.42
633;14;15;81.254;0.9
634;14;15;67.516;1.67
635;14;15;95.387;1.66
636;14;16;88.529;0.01
637;14;17;100.386;4.26
638;14;18;72.753;3.5
639;14;19;62.439;17.93
640;14;19;53.226;13.16
641;14;20;8.891;10.39
642;14;21;68.917;18.67
643;14;22;66.786;7.38
644;14;23;61.891;13.83
645;14;23;49.79;13.48
646;14;23;47.363;16.99
647;14;24;58.401;20.81
648;14;25;61.364;21.55
649;14;26;47.692;9.79
650;14;26;50.056;8.21
651;14;26;40.228;8.19
652;14;27;57.363;10.59
653;14;27;61.218;19.94
654;14;27;59.4;7.83
655;14;28;75.858;10.69
656;14;28;80.176;12.7
657;14;28;91.566;5.97
658;14;29;79.572;23.13
659;15;16;28.838;13.57
660;15;17;23.616;3.46
661;15;17;19.143;15.73
662;15;18;62.303;0.26
663;15;18;62.072;21.5
664;15;18;49.92;10.11
665;15;19;60.572;12.19
666;15;19;55.855;9.22
667;15;19;67.173;0.56
668;15;20;83.961;22.8
669;15;21;41.967;11.55
670;15;22;52.091;12.2
671;15;22;52.572;19.84
672;15;22;43.268;7.01
673;15;23;61.024;2.1
674;15;24;65.084;18.0
675;15;25;62.083;19.26
676;15;25;56.039;15.05
677;15;26;64.996;10.14
678;15;26;75.628;9.34
679;15;27;62.08;7.81
680;15;28;64.83;24.49
681;15;28;78.723;11.02
682;15;29;71.35;23.2
683;15;29;71.536;4.24
684;15;29;61.038;23.92
685;16;17;46.711;17.99
686;16;18;42.406;0.52
687;16;18;32.933;3.55
688;16;19;45.195;2.31
689;16;19;40.465;23.4
690;16;19;47.952;24.04
691;16;20;88.328;21.07
692;16;21;25.655;9.58
693;16;21;25.837;15.37
694;16;21;20.856;6.4
695;16;22;35.236;5.74
696;16;22;26.625;7.93
697;16;22;39.771;21.98
698;16;23;45.875;0.81
699;16;23;52.515;24.89
700;16;23;37.886;16.96
701;16;24;51.304;18.95
702;16;25;47.122;18.23
703;16;25;42.518;8.18
704;16;26;55.908;12.25
705;16;27;48.924;10.61
706;16;27;48.657;11.2
707;16;27;54.54;12.57
708;16;28;43.814;0.34
709;16;28;46.382;17.76
710;16;28;44.644;20.79
711;16;29;49.508;13.57
712;16;29;55.472;12.93
713;17;18;85.017;8.16
714;17;18;69.667;2.44
715;17;18;83.072;10.92
716;17;19;83.972;16.04
717;17;20;104.258;2.84
718;17;20;119.081;23.56
719;17;20;130.024;11.64
720;17;21;64.881;14.62
721;17;22;75.189;13.28
722;17;22;81.081;12.22
723;17;23;84.45;5.66
724;17;24;88.638;6.54
725;17;24;78.496;20.84
726;17;25;85.535;19.55
727;17;26;88.556;14.96
728;17;26;85.987;0.97
729;17;27;85.65;21.99
730;17;27;81.019;15.71
731;17;27;82.443;12.08
732;17;28;87.307;20.04
733;17;29;93.673;4.9
734;17;29;77.032;15.24
735;17;29;86.762;3.9
736;18;19;10.322;23.92
737;18;20;68.379;23.52
738;18;21;20.363;3.64
739;18;21;19.484;5.01
740;18;21;17.481;5.94
741;18;22;11.015;9.64
742;18;23;10.906;7.12
743;18;23;12.528;3.38
744;18;23;12.346;9.19
745;18;24;15.512;20.82
746;18;24;12.016;18.45
747;18;25;11.6;2.4
748;18;26;25.756;10.8
749;18;26;21.127;1.56
750;18;26;22.014;5.82
751;18;27;15.606;5.45
752;18;28;3.511;1.63
753;18;28;2.934;18.12
754;18;29;9.829;21.89
755;19;20;58.09;2.32
756;19;20;50.614;20.65
757;19;20;56.27;23.63
758;19;21;20.0;2.99
759;19;21;22.304;18.11
760;19;22;9.969;14.98
761;19;23;0.76;17.09
762;19;24;6.494;21.88
763;19;25;1.983;3.77
764;19;26;15.628;19.83
765;19;27;5.468;5.44
766;19;28;13.464;9.96
767;19;28;12.192;1.89
768;19;28;15.197;5.17
769;19;29;18.196;20.7
770;19;29;16.403;12.51
771;20;21;66.963;4.71
772;20;21;62.153;0.14
773;20;21;61.472;9.72
774;20;22;63.55;4.64
775;20;23;57.478;3.48
776;20;23;54.434;2.45
777;20;23;45.198;9.56
778;20;24;53.424;21.56
779;20;25;56.809;12.48
780;20;25;51.798;23.79
781;20;25;68.515;13.07
782;20;26;42.748;23.37
783;20;26;44.596;18.26
784;20;27;52.787;8.99
785;20;28;71.292;6.03
786;20;28;61.914;6.13
787;20;29;74.442;5.1
788;21;22;10.416;9.82
789;21;23;20.62;11.47
790;21;23;20.402;9.52
791;21;24;25.811;16.59
792;21;24;30.976;13.46
793;21;25;21.837;16.42
794;21;25;22.709;0.63
795;21;25;22.581;24.67
796;21;26;30.495;6.09
797;21;27;23.312;17.63
798;21;27;26.632;14.46
799;21;28;23.066;21.83
800;21;28;23.712;6.15
801;21;29;29.69;23.31
802;21;29;27.154;15.41
803;22;23;10.664;5.78
804;22;24;16.247;18.82
805;22;24;18.619;9.12
806;22;25;11.916;21.94
807;22;25;9.769;1.78
808;22;26;23.195;16.98
809;22;26;27.901;10.82
810;22;27;14.254;8.04
811;22;27;14.364;19.74
812;22;28;14.274;1.52
813;22;28;16.441;14.57
814;22;28;14.843;19.23
815;22;29;20.827;7.68
816;22;29;16.155;13.54
817;23;24;5.739;3.69
818;23;24;7.023;17.15
819;23;25;1.253;16.69
820;23;26;14.954;17.15
821;23;26;11.878;7.87
822;23;26;12.733;5.38
823;23;27;4.777;24.12
824;23;27;5.251;4.29
825;23;27;4.478;10.64
826;23;28;13.977;4.38
827;23;28;13.579;21.82
828;23;29;18.52;8.56
829;23;29;17.588;13.79
830;24;25;4.534;16.46
831;24;25;4.079;10.58
832;24;26;10.724;17.49
833;24;26;11.927;24.54
834;24;27;3.09;8.08
835;24;28;18.039;11.66
836;24;29;21.172;11.9
837;25;26;14.157;19.2
838;25;26;10.673;11.27
839;25;26;13.84;8.98
840;25;27;4.023;11.91
841;25;28;14.514;0.62
842;25;29;18.686;10.63
843;25;29;21.739;8.23
844;25;29;14.565;3.07
845;26;27;10.181;3.05
846;26;28;28.563;18.15
847;26;28;34.112;22.77
848;26;29;31.884;14.61
849;26;29;37.181;5.11
850;26;29;32.982;19.31
851;27;28;18.534;24.32
852;27;29;22.496;6.54
853;27;29;19.064;1.5
854;27;29;28.099;15.49
855;28;29;6.651;17.52
856;28;29;7.059;1.84
857;28;29;6.979;11.66
