VERTEX_COUNT 30
PATH_COUNT 1
BUDGET 360
<------------ VERTICES ------------>
0;START;41.374834;2.170055;0.0;0.0
1;Museu Nacional d’Art de Catalunya;41.36882;2.153347;45.0;100.0
2;Basilica of the Sagrada Família;41.403568;2.174435;45.0;99.82
3;Galeria d’Art Mar Grup Escolà;41.392349;2.167836;45.0;87.29
4;Museu d’Història de Catalunya - MHC;41.380852;2.185799;45.0;87.05
5;Anella Olímpica(Olympic Park);41.364778;2.152575;45.0;86.32
6;Palau Güell;41.378864;2.174117;45.0;85.92
7;La Pedrera (Casa Milà);41.395271;2.161785;45.0;81.88
8;Parc de la Ciutadella;41.389248;2.186548;45.0;81.38
9;Basilica of Sants Just i Pastor;41.382812;2.178195;45.0;80.13
10;Avinguda d’Icària;41.391556;2.197416;45.0;79.71
11;Poble Espanyol;41.368679;2.147031;45.0;77.18
12;Museu Picasso;41.385181;2.180863;45.0;76.31
13;Montjuïc Castle;41.363823;2.167096;45.0;75.9
14;Passeig de Gràcia;41.390739;2.166672;45.0;75.51
15;Museu Frederic Marès;41.384178;2.176819;45.0;72.91
16;Antic Hospital de la Santa Creu;41.380573;2.170374;45.0;70.79
17;Museu Palmero;41.424667;2.139856;45.0;70.67
18;Lorena Ruiz de Villa;41.397858;2.146705;45.0;69.76
19;Parc de Diagonal Mar;41.407215;2.214539;45.0;67.32
20;Plaça del Rei;41.384144;2.177409;45.0;66.14
21;Despair;41.387653;2.188076;45.0;65.9
22;Park Güell;41.414249;2.151926;45.0;65.8
23;Plaça de Catalunya;41.387005;2.17003;45.0;65.1
24;La Colmena;41.383835;2.178294;45.0;64.3
25;Casa Martí, Els Quatre Gats ;41.385775;2.173671;45.0;63.58
26;Platja de la Nova Mar Bella;41.40205;2.21529;45.0;63.48
27;Rambla del Raval;41.378681;2.169317;45.0;62.68
28;90th Jean Bouin;41.373077;2.150465;45.0;62.27
29;FINISH;41.374834;2.170055;0.0;0.0
<------------- EDGES -------------->
0;0;1;23.796;19.33
1;0;2;49.491;23.37
2;0;3;30.107;5.75
3;0;3;26.327;19.09
4;0;4;22.688;6.41
5;0;4;18.348;2.0
6;0;5;28.285;22.7
7;0;5;22.325;10.31
8;0;6;8.647;12.19
9;0;7;36.549;3.19
10;0;7;42.541;23.04
11;0;7;37.615;7.39
12;0;8;32.509;16.88
13;0;8;29.991;13.61
14;0;9;17.194;19.67
15;0;9;17.629;6.27
16;0;10;45.309;1.55
17;0;10;39.466;0.32
18;0;11;31.387;17.98
19;0;12;22.496;23.49
20;0;12;17.804;1.82
21;0;13;19.222;11.12
22;0;13;22.286;5.05
23;0;14;27.562;24.78
24;0;14;33.91;17.82
25;0;14;33.047;6.52
26;0;15;18.196;5.76
27;0;15;14.248;9.02
28;0;16;9.829;20.94
29;0;17;93.673;11.21
30;0;18;49.508;5.72
31;0;18;44.223;7.23
32;0;19;79.572;11.31
33;0;20;18.52;1.35
34;0;21;31.884;18.52
35;0;21;27.078;23.67
36;0;22;71.35;21.67
37;0;22;74.959;17.93
38;0;23;20.827;3.8
39;0;24;18.686;8.58
40;0;25;19.29;21.21
41;0;25;19.873;7.16
42;0;25;18.09;20.55
43;0;26;74.442;3.33
44;0;27;6.651;10.38
45;0;27;5.526;24.82
46;0;28;25.336;19.17
47;0;28;28.054;23.74
48;0;29;0.0;3.26
49;0;29;0.0;8.99
50;1;2;65.336;6.38
51;1;2;74.92;19.56
52;1;3;44.354;4.2
53;1;3;43.778;8.72
54;1;3;34.85;24.36
55;1;4;46.481;8.57
56;1;4;57.992;2.49
57;1;5;6.988;2.12
58;1;5;7.471;14.99
59;1;5;6.643;10.01
60;1;6;31.73;8.58
61;1;6;29.736;3.41
62;1;7;46.542;22.42
63;1;7;36.908;4.53
64;1;8;55.131;4.52
65;1;8;47.479;14.35
66;1;9;39.892;1.57
67;1;9;39.886;22.08
68;1;9;36.845;1.34
69;1;10;68.67;21.77
70;1;11;8.115;14.53
71;1;11;9.557;5.03
72;1;12;45.08;19.98
73;1;13;19.619;21.96
74;1;13;23.324;18.16
75;1;13;18.636;13.11
76;1;14;41.226;4.03
77;1;14;49.815;19.49
78;1;15;39.989;10.96
79;1;15;34.345;4.77
80;1;16;29.708;17.88
81;1;17;97.123;14.64
82;1;17;92.055;17.99
83;1;18;50.417;6.45
84;1;18;47.658;15.37
85;1;19;102.414;18.93
86;1;20;40.525;14.03
87;1;21;55.02;11.95
88;1;21;51.615;2.87
89;1;22;77.761;10.16
90;1;22;58.961;11.58
91;1;22;93.364;20.07
92;1;23;37.779;17.54
93;1;24;41.065;8.39
94;1;24;45.703;1.62
95;1;24;47.831;5.34
96;1;25;39.024;3.48
97;1;26;97.767;2.09
98;1;26;85.381;11.68
99;1;27;26.558;8.24
100;1;27;20.231;24.03
101;1;27;20.85;1.32
102;1;28;8.171;1.67
103;1;29;23.796;8.45
104;2;3;20.984;16.47
105;2;3;25.498;15.35
106;2;3;21.399;3.31
107;2;4;41.52;24.52
108;2;4;43.191;3.0
109;2;5;72.069;3.53
110;2;6;42.276;23.54
111;2;6;37.772;10.76
112;2;6;50.86;10.3
113;2;7;21.57;4.47
114;2;8;29.022;22.44
115;2;8;29.594;17.34
116;2;9;35.845;4.51
117;2;9;28.298;8.83
118;2;9;27.826;13.72
119;2;10;35.955;3.45
120;2;11;69.299;1.39
121;2;11;83.258;20.8
122;2;12;32.528;9.61
123;2;12;38.521;23.3
124;2;13;68.662;23.29
125;2;13;76.409;14.33
126;2;13;84.86;17.36
127;2;14;24.109;9.0
128;2;14;29.341;22.46
129;2;14;29.393;6.05
130;2;15;33.322;13.11
131;2;15;34.369;10.08
132;2;16;39.694;2.99
133;2;16;45.672;20.18
134;2;16;40.799;11.45
135;2;17;57.209;4.62
136;2;18;36.911;21.4
137;2;19;51.851;15.29
138;2;19;52.531;21.9
139;2;19;40.269;21.47
140;2;20;33.457;10.45
141;2;21;32.378;7.52
142;2;22;34.185;0.25
143;2;22;41.64;9.37
144;2;22;41.389;6.16
145;2;23;28.902;19.68
146;2;23;24.685;23.99
147;2;24;34.129;0.52
148;2;25;30.463;23.63
149;2;26;52.504;20.41
150;2;27;43.091;19.5
151;2;27;37.514;22.56
152;2;28;60.577;8.16
153;2;28;61.717;8.55
154;2;28;74.504;13.91
155;2;29;49.491;7.44
156;3;4;30.314;17.84
157;3;4;23.398;18.48
158;3;5;51.088;11.92
159;3;5;63.507;1.65
160;3;5;60.361;4.8
161;3;6;24.444;10.86
162;3;6;26.268;22.4
163;3;6;20.835;5.2
164;3;7;9.238;22.99
165;3;8;24.601;17.24
166;3;9;21.053;12.86
167;3;10;37.998;4.69
168;3;10;44.371;20.03
169;3;11;48.521;1.91
170;3;11;39.448;10.34
171;3;11;41.621;7.24
172;3;12;20.74;7.82
173;3;12;19.587;17.97
174;3;12;17.31;23.59
175;3;13;48.824;23.02
176;3;13;54.656;7.56
177;3;13;53.523;16.63
178;3;14;3.134;21.06
179;3;14;2.826;2.45
180;3;15;18.125;16.8
181;3;15;22.319;6.64
182;3;16;20.413;12.61
183;3;16;21.97;8.28
184;3;16;18.024;19.61
185;3;17;65.94;22.49
186;3;18;28.717;14.55
187;3;18;26.905;0.81
188;3;18;25.584;0.53
189;3;19;65.123;7.97
190;3;20;18.66;14.84
191;3;21;27.199;16.06
192;3;21;28.066;9.34
193;3;22;42.679;0.68
194;3;23;9.569;22.5
195;3;23;7.641;3.22
196;3;23;9.237;2.33
197;3;24;19.813;0.99
198;3;25;13.515;12.29
199;3;26;63.137;19.14
200;3;27;23.466;9.25
201;3;27;25.939;0.95
202;3;28;39.813;1.3
203;3;28;37.625;15.09
204;3;29;30.107;24.35
205;4;5;50.763;10.09
206;4;5;56.626;8.5
207;4;5;45.608;6.23
208;4;6;15.381;22.34
209;4;6;16.874;11.18
210;4;7;39.488;9.95
211;4;7;41.299;17.57
212;4;8;14.4;3.12
213;4;8;15.185;15.13
214;4;8;12.025;16.93
215;4;9;10.323;3.89
216;4;9;12.33;1.83
217;4;10;23.621;4.03
218;4;10;21.433;13.72
219;4;10;28.421;5.66
220;4;11;53.965;21.88
221;4;11;56.322;7.2
222;4;12;9.749;18.95
223;4;12;8.153;14.73
224;4;13;37.763;7.62
225;4;13;30.729;5.86
226;4;13;34.636;12.61
227;4;14;29.821;7.08
228;4;15;12.858;1.22
229;4;16;19.811;13.51
230;4;16;21.533;19.04
231;4;17;95.389;5.1
232;4;18;58.016;17.71
233;4;19;58.279;20.27
234;4;19;62.892;4.78
235;4;19;65.303;0.04
236;4;20;12.156;21.01
237;4;21;12.0;10.41
238;4;21;13.404;24.52
239;4;22;71.81;17.07
240;4;22;75.715;16.57
241;4;22;65.618;0.85
242;4;23;22.821;18.04
243;4;24;10.905;0.64
244;4;25;17.705;19.77
245;4;26;52.433;21.4
246;4;26;64.311;16.05
247;4;27;21.487;16.15
248;4;27;20.25;4.62
249;4;28;47.282;11.54
250;4;29;22.688;7.53
251;4;29;19.302;13.03
252;5;6;36.692;11.16
253;5;6;43.938;13.58
254;5;6;42.864;19.08
255;5;7;53.504;7.13
256;5;8;60.469;15.81
257;5;8;58.587;16.79
258;5;8;74.327;15.76
259;5;9;45.108;6.9
260;5;9;42.551;12.62
261;5;9;44.662;24.07
262;5;10;73.587;1.04
263;5;10;75.747;4.68
264;5;10;84.428;24.96
265;5;11;9.76;20.46
266;5;11;9.014;3.02
267;5;11;8.283;13.86
268;5;12;50.384;5.53
269;5;12;37.986;0.18
270;5;12;44.967;23.53
271;5;13;18.721;18.43
272;5;14;47.972;7.96
273;5;14;50.846;8.51
274;5;14;48.948;23.44
275;5;15;45.512;12.62
276;5;15;39.646;3.82
277;5;16;35.398;15.49
278;5;16;32.217;19.72
279;5;16;27.221;9.3
280;5;17;103.777;21.32
281;5;17;90.478;9.9
282;5;18;57.108;7.27
283;5;18;49.956;12.36
284;5;18;67.951;6.69
285;5;19;107.715;8.44
286;5;19;106.004;20.02
287;5;19;130.185;10.34
288;5;20;45.992;11.39
289;5;20;38.084;11.26
290;5;20;39.482;14.89
291;5;21;60.087;24.29
292;5;22;84.661;3.32
293;5;22;92.955;9.62
294;5;23;44.149;0.99
295;5;23;53.833;24.97
296;5;23;45.426;3.79
297;5;24;46.414;10.84
298;5;25;44.999;6.64
299;5;25;43.252;24.36
300;5;26;102.722;7.17
301;5;27;32.067;12.15
302;5;28;14.458;9.0
303;5;28;13.741;8.11
304;5;29;28.285;13.61
305;5;29;28.622;12.39
306;6;7;32.233;22.65
307;6;7;35.494;2.18
308;6;7;25.712;1.41
309;6;8;23.885;0.82
310;6;8;18.614;11.39
311;6;8;25.171;11.55
312;6;9;8.547;21.79
313;6;9;8.001;15.76
314;6;10;36.967;4.21
315;6;10;31.428;19.39
316;6;11;38.904;14.12
317;6;11;47.982;7.43
318;6;11;37.838;13.85
319;6;12;13.852;3.38
320;6;13;27.272;21.73
321;6;13;33.236;16.49
322;6;14;22.457;5.42
323;6;14;27.205;6.71
324;6;15;9.733;21.59
325;6;15;11.012;13.42
326;6;15;10.485;4.76
327;6;16;5.626;18.31
328;6;16;5.433;18.66
329;6;17;89.874;17.54
330;6;18;47.906;2.42
331;6;18;52.271;2.03
332;6;19;71.038;8.73
333;6;20;9.975;11.25
334;6;20;9.876;15.7
335;6;21;23.397;3.99
336;6;21;27.502;9.29
337;6;21;23.605;11.46
338;6;22;66.918;3.62
339;6;22;65.551;17.05
340;6;22;75.073;2.4
341;6;23;14.887;8.78
342;6;23;11.246;0.9
343;6;23;16.559;5.66
344;6;24;10.056;22.05
345;6;25;11.84;15.18
346;6;25;9.368;22.96
347;6;26;66.092;22.13
348;6;26;81.732;2.57
349;6;27;6.171;9.59
350;6;27;6.635;21.97
351;6;28;31.945;2.93
352;6;28;32.766;4.72
353;6;29;8.647;23.38
354;6;29;9.29;12.54
355;7;8;33.419;9.38
356;7;9;29.973;14.31
357;7;9;35.918;9.14
358;7;9;36.94;19.37
359;7;10;46.181;10.02
360;7;11;49.291;13.98
361;7;11;54.172;13.3
362;7;12;29.967;3.87
363;7;13;54.245;6.95
364;7;13;66.096;19.75
365;7;13;61.553;15.26
366;7;14;9.975;23.65
367;7;14;8.935;8.63
368;7;15;27.071;21.94
369;7;15;29.804;8.72
370;7;15;21.141;13.52
371;7;16;27.463;18.18
372;7;17;57.641;17.2
373;7;17;50.206;19.38
374;7;17;44.401;24.07
375;7;18;19.858;0.6
376;7;18;24.124;10.41
377;7;19;70.732;0.86
378;7;19;82.998;13.26
379;7;20;27.657;13.33
380;7;21;36.182;24.65
381;7;22;34.854;11.54
382;7;22;34.001;18.67
383;7;22;42.066;15.72
384;7;23;17.667;18.04
385;7;23;13.542;0.57
386;7;23;14.48;24.1
387;7;24;28.847;15.96
388;7;24;32.575;13.79
389;7;25;22.291;8.06
390;7;25;19.105;6.22
391;7;25;23.862;17.62
392;7;26;69.654;24.2
393;7;27;29.991;15.56
394;7;27;31.081;0.04
395;7;27;26.672;23.47
396;7;28;40.666;18.42
397;7;28;35.805;14.38
398;7;29;36.549;12.14
399;7;29;32.482;7.56
400;8;9;15.372;16.84
401;8;9;14.75;9.62
402;8;10;14.501;22.25
403;8;10;11.797;20.58
404;8;11;61.754;6.92
405;8;11;74.401;15.94
406;8;11;66.988;16.67
407;8;12;10.085;20.33
408;8;13;50.168;16.27
409;8;13;45.016;10.35
410;8;14;25.644;7.5
411;8;14;28.187;6.11
412;8;14;24.8;23.26
413;8;15;15.208;21.04
414;8;16;25.526;21.44
415;8;17;85.235;14.68
416;8;17;66.762;16.98
417;8;18;53.228;12.77
418;8;18;53.29;20.73
419;8;19;47.29;8.41
420;8;19;36.915;0.13
421;8;19;58.542;18.2
422;8;20;14.627;20.58
423;8;21;3.361;8.33
424;8;21;4.077;8.59
425;8;22;61.687;17.52
426;8;22;57.113;21.4
427;8;22;65.107;21.73
428;8;23;21.551;15.42
429;8;23;21.747;13.97
430;8;23;18.3;10.3
431;8;24;14.075;14.85
432;8;24;14.277;4.64
433;8;25;17.568;5.78
434;8;25;17.399;6.54
435;8;26;42.91;4.89
436;8;26;33.24;11.83
437;8;27;28.573;15.78
438;8;27;33.54;7.66
439;8;27;25.14;17.15
440;8;28;53.966;3.09
441;8;29;32.509;7.98
442;9;10;28.859;9.12
443;9;11;46.758;0.31
444;9;11;49.869;18.8
445;9;11;41.13;11.88
446;9;12;5.307;9.15
447;9;12;4.86;11.63
448;9;12;5.151;22.12
449;9;13;35.483;9.72
450;9;14;20.072;24.43
451;9;14;23.556;15.47
452;9;14;19.999;20.04
453;9;15;2.93;14.44
454;9;15;2.646;12.54
455;9;15;2.637;16.85
456;9;16;10.748;10.47
457;9;16;13.09;21.64
458;9;16;9.251;11.83
459;9;17;86.899;22.58
460;9;17;81.313;23.9
461;9;18;47.93;2.5
462;9;18;37.733;1.08
463;9;19;62.614;9.39
464;9;19;57.019;5.2
465;9;19;69.072;10.31
466;9;20;2.493;9.71
467;9;21;15.151;11.99
468;9;21;17.837;7.26
469;9;21;14.845;19.51
470;9;22;63.49;20.09
471;9;22;61.657;22.33
472;9;22;56.004;14.13
473;9;23;12.704;2.83
474;9;24;1.755;1.14
475;9;24;1.565;9.16
476;9;25;7.711;8.64
477;9;25;6.978;16.68
478;9;26;57.892;7.81
479;9;27;13.413;5.77
480;9;27;10.949;21.02
481;9;27;15.323;2.05
482;9;28;39.311;4.88
483;9;29;17.194;6.2
484;10;11;75.617;18.54
485;10;11;92.892;11.24
486;10;11;86.884;24.08
487;10;12;23.888;23.76
488;10;12;29.082;24.8
489;10;13;61.384;15.54
490;10;13;64.155;3.17
491;10;14;39.493;12.61
492;10;14;40.674;24.8
493;10;15;29.303;22.76
494;10;15;31.857;9.41
495;10;15;32.895;12.22
496;10;16;39.479;1.99
497;10;16;45.573;14.82
498;10;16;38.804;20.44
499;10;17;93.102;9.91
500;10;17;79.291;0.81
501;10;18;65.986;18.51
502;10;19;34.657;1.2
503;10;20;28.647;9.34
504;10;20;22.238;15.06
505;10;20;26.313;3.83
506;10;21;13.725;7.2
507;10;22;70.123;8.96
508;10;22;77.505;18.42
509;10;22;75.738;14.62
510;10;23;36.011;23.28
511;10;23;31.225;16.57
512;10;24;27.879;22.79
513;10;24;20.964;4.54
514;10;25;32.05;4.59
515;10;25;37.437;6.56
516;10;26;29.136;18.62
517;10;26;32.707;13.56
518;10;27;42.272;24.1
519;10;27;50.367;15.44
520;10;28;68.074;19.04
521;10;29;45.309;17.32
522;10;29;41.929;12.83
523;10;29;40.982;11.0
524;11;12;51.814;11.49
525;11;12;45.547;13.57
526;11;13;27.076;13.75
527;11;14;45.399;11.06
528;11;14;39.462;7.82
529;11;14;34.859;21.54
530;11;15;46.546;2.07
531;11;15;46.209;20.4
532;11;15;46.963;16.26
533;11;16;36.232;2.98
534;11;16;44.007;14.79
535;11;17;96.25;14.69
536;11;17;72.816;17.36
537;11;17;102.308;17.81
538;11;18;49.934;0.6
539;11;18;56.564;16.55
540;11;18;48.881;2.6
541;11;19;108.905;23.22
542;11;19;105.699;8.17
543;11;20;47.138;2.81
544;11;20;55.455;17.74
545;11;21;61.902;4.01
546;11;21;75.421;17.93
547;11;21;55.838;6.11
548;11;22;78.233;21.65
549;11;22;61.854;9.01
550;11;23;43.076;9.92
551;11;23;52.53;22.21
552;11;23;39.938;8.02
553;11;24;47.793;23.64
554;11;24;55.519;15.01
555;11;25;45.011;1.65
556;11;26;104.601;9.66
557;11;26;90.964;21.23
558;11;27;33.346;9.51
559;11;27;29.392;13.92
560;11;27;41.065;12.67
561;11;28;8.722;4.81
562;11;28;9.801;9.61
563;11;28;10.142;15.25
564;11;29;31.387;9.21
565;11;29;25.317;8.27
566;11;29;32.454;13.63
567;12;13;40.599;19.32
568;12;13;47.79;14.34
569;12;13;35.982;23.75
570;12;14;20.552;18.96
571;12;14;25.525;14.79
572;12;14;24.354;22.6
573;12;15;5.468;22.55
574;12;16;15.606;3.53
575;12;16;17.611;15.88
576;12;17;85.65;15.15
577;12;17;73.827;7.83
578;12;18;48.924;1.4
579;12;18;38.085;15.95
580;12;19;57.363;0.33
581;12;19;69.289;17.57
582;12;20;4.777;0.82
583;12;20;4.562;9.58
584;12;21;10.181;18.98
585;12;21;12.382;18.52
586;12;21;11.372;20.15
587;12;22;62.08;22.56
588;12;22;71.224;17.1
589;12;22;73.634;1.65
590;12;23;14.254;11.4
591;12;24;4.023;21.87
592;12;24;4.454;8.08
593;12;25;9.29;4.11
594;12;25;8.523;7.87
595;12;25;9.84;17.51
596;12;26;52.787;22.89
597;12;27;18.534;19.84
598;12;28;44.188;12.3
599;12;28;45.042;13.41
600;12;28;37.993;11.7
601;12;29;22.496;12.26
602;13;14;46.063;13.71
603;13;14;55.95;0.34
604;13;15;37.002;9.17
605;13;16;28.971;9.27
606;13;16;27.391;24.63
607;13;16;34.606;10.95
608;13;17;109.833;9.13
609;13;18;63.856;13.26
610;13;18;73.418;4.05
611;13;18;70.372;0.45
612;13;19;96.041;9.73
613;13;19;113.025;14.84
614;13;20;37.21;9.12
615;13;20;42.005;10.83
616;13;21;48.874;13.3
617;13;21;60.602;17.06
618;13;22;88.461;15.11
619;13;22;90.419;16.8
620;13;23;39.848;13.26
621;13;23;36.32;23.53
622;13;23;46.004;22.34
623;13;24;37.142;22.08
624;13;24;36.371;11.9
625;13;25;38.502;9.05
626;13;25;39.357;8.92
627;13;26;90.045;24.08
628;13;26;111.142;23.94
629;13;27;25.585;5.81
630;13;28;26.588;7.09
631;13;28;23.057;21.98
632;13;29;19.222;24.07
633;13;29;17.264;10.98
634;14;15;17.198;13.21
635;14;15;19.901;8.97
636;14;16;18.034;12.64
637;14;17;67.493;13.3
638;14;17;74.626;23.48
639;14;18;28.38;2.03
640;14;18;25.93;20.3
641;14;19;67.603;9.0
642;14;19;59.903;24.97
643;14;20;17.815;7.03
644;14;20;20.533;5.77
645;14;20;17.28;2.92
646;14;21;27.982;7.51
647;14;22;44.461;5.98
648;14;23;7.708;16.79
649;14;23;8.069;17.96
650;14;23;6.122;20.01
651;14;24;19.032;19.18
652;14;24;15.424;2.31
653;14;24;14.675;22.24
654;14;25;12.365;22.8
655;14;26;65.343;7.39
656;14;26;53.591;15.59
657;14;27;20.912;24.26
658;14;27;16.074;22.3
659;14;27;22.462;6.49
660;14;28;36.695;10.99
661;14;29;27.562;19.3
662;14;29;31.109;23.19
663;14;29;24.277;4.3
664;15;16;10.322;2.03
665;15;16;12.74;19.3
666;15;16;12.57;10.81
667;15;17;83.972;11.83
668;15;17;73.035;2.61
669;15;18;45.195;2.57
670;15;18;48.124;7.53
671;15;19;62.439;0.01
672;15;20;0.76;13.01
673;15;21;15.628;24.68
674;15;22;60.572;19.06
675;15;22;68.258;22.09
676;15;23;9.969;8.57
677;15;23;7.704;12.32
678;15;24;1.983;14.02
679;15;25;4.879;12.91
680;15;26;58.09;17.46
681;15;27;13.464;21.17
682;15;27;11.851;5.99
683;15;28;38.807;14.12
684;15;29;18.196;4.72
685;16;17;85.017;14.55
686;16;17;92.284;23.13
687;16;17;103.778;5.3
688;16;18;42.406;5.82
689;16;18;38.071;18.21
690;16;18;40.42;12.51
691;16;19;72.753;20.45
692;16;19;60.385;17.2
693;16;19;86.491;18.75
694;16;20;10.906;5.61
695;16;20;11.866;17.13
696;16;21;25.756;10.17
697;16;21;22.4;7.3
698;16;21;28.882;23.73
699;16;22;62.303;20.73
700;16;23;11.015;4.12
701;16;23;10.95;10.32
702;16;23;10.382;2.99
703;16;24;11.6;17.09
704;16;24;11.351;21.85
705;16;24;11.131;4.03
706;16;25;9.857;7.26
707;16;26;68.379;8.03
708;16;26;69.654;24.21
709;16;27;3.511;20.32
710;16;28;28.603;23.71
711;16;29;9.829;20.91
712;17;18;46.711;7.13
713;17;19;100.386;9.55
714;17;19;94.165;15.57
715;17;19;104.683;3.84
716;17;20;84.45;11.8
717;17;20;82.725;20.56
718;17;21;88.556;18.8
719;17;22;23.616;23.77
720;17;23;75.189;12.42
721;17;23;58.403;20.29
722;17;24;85.535;13.97
723;17;24;94.837;20.82
724;17;25;79.454;19.22
725;17;26;104.258;15.41
726;17;27;87.307;10.87
727;17;27;89.501;10.91
728;17;28;89.327;6.59
729;17;29;93.673;22.57
730;17;29;109.477;18.29
731;18;19;88.529;13.92
732;18;20;45.875;22.49
733;18;21;55.908;10.06
734;18;21;54.777;16.84
735;18;22;28.838;24.18
736;18;22;27.527;12.88
737;18;22;33.822;4.36
738;18;23;35.236;17.88
739;18;24;47.122;17.19
740;18;24;38.688;10.44
741;18;24;51.803;17.42
742;18;25;40.323;24.43
743;18;25;46.632;23.03
744;18;26;88.328;14.37
745;18;26;84.751;12.82
746;18;26;106.712;17.23
747;18;27;43.814;12.57
748;18;28;42.68;23.19
749;18;28;41.904;12.83
750;18;28;37.537;11.23
751;18;29;49.508;6.66
752;18;29;60.483;0.65
753;18;29;56.241;16.71
754;19;20;61.891;24.6
755;19;21;47.692;6.02
756;19;22;81.254;20.8
757;19;22;63.081;8.94
758;19;23;66.786;8.91
759;19;24;61.364;22.03
760;19;24;71.244;2.94
761;19;24;73.263;15.56
762;19;25;64.018;2.63
763;19;26;8.891;13.96
764;19;27;75.858;5.69
765;19;27;57.88;0.9
766;19;28;100.892;22.38
767;19;29;79.572;9.74
768;19;29;67.867;9.34
769;19;29;83.878;22.89
770;20;21;14.954;20.71
771;20;21;17.112;7.75
772;20;22;61.024;0.57
773;20;22;59.442;3.22
774;20;23;10.664;17.55
775;20;23;10.494;8.78
776;20;24;1.253;9.78
777;20;25;5.552;17.57
778;20;25;6.021;16.32
779;20;26;57.478;13.14
780;20;26;52.24;10.66
781;20;26;51.671;4.72
782;20;27;13.977;7.25
783;20;27;13.035;16.06
784;20;27;16.149;6.35
785;20;28;39.442;2.9
786;20;28;45.211;6.94
787;20;29;18.52;10.56
788;20;29;21.206;10.66
789;21;22;64.996;22.53
790;21;23;23.195;4.85
791;21;23;25.776;13.89
792;21;23;20.257;3.85
793;21;24;14.157;8.96
794;21;24;16.895;17.24
795;21;25;18.772;21.88
796;21;25;23.173;12.58
797;21;26;42.748;10.74
798;21;27;28.563;15.9
799;21;27;26.358;20.83
800;21;28;54.354;18.74
801;21;28;41.341;22.29
802;21;29;31.884;14.87
803;21;29;32.139;21.52
804;22;23;52.091;16.42
805;22;23;56.099;20.66
806;22;24;62.083;13.53
807;22;24;76.155;12.52
808;22;25;56.153;0.55
809;22;26;83.961;9.48
810;22;26;97.547;19.07
811;22;26;101.238;8.97
812;22;27;64.83;10.57
813;22;27;64.245;12.72
814;22;28;70.48;5.85
815;22;28;53.764;18.05
816;22;29;71.35;10.7
817;22;29;80.835;21.44
818;22;29;54.889;6.27
819;23;24;11.916;3.76
820;23;24;10.067;23.38
821;23;24;9.053;13.42
822;23;25;5.126;10.64
823;23;25;4.047;22.85
824;23;26;63.55;2.51
825;23;27;14.274;22.24
826;23;27;11.437;14.34
827;23;27;17.262;9.38
828;23;28;34.629;3.06
829;23;29;20.827;24.85
830;23;29;23.798;4.11
831;24;25;6.801;7.12
832;24;25;5.385;12.46
833;24;25;5.246;17.52
834;24;26;56.809;12.28
835;24;26;44.175;11.41
836;24;27;14.514;18.86
837;24;27;12.88;18.65
838;24;28;40.197;20.85
839;24;28;47.752;22.14
840;24;29;18.686;18.42
841;24;29;18.861;22.32
842;24;29;19.036;13.04
843;25;26;60.251;4.6
844;25;26;68.734;21.03
845;25;27;13.365;6.91
846;25;27;14.626;22.41
847;25;27;16.159;14.32
848;25;28;36.879;2.65
849;25;28;37.34;14.16
850;25;28;38.513;24.25
851;25;29;19.29;13.16
852;25;29;17.838;21.41
853;26;27;71.292;18.27
854;26;27;75.662;20.11
855;26;28;96.875;6.56
856;26;28;119.095;23.58
857;26;28;84.662;19.72
858;26;29;74.442;12.75
859;26;29;73.916;3.31
860;27;28;26.038;10.72
861;27;28;23.017;1.74
862;27;28;19.921;10.12
863;27;29;6.651;17.73
864;28;29;25.336;2.76
