VERTEX_COUNT 40
PATH_COUNT 1
BUDGET 360
<------------ VERTICES ------------>
0;START;41.374834;2.170055;0.0;0.0
1;Museu Nacional d’Art de Catalunya;41.36882;2.153347;45.0;100.0
2;Museu d’Història de Catalunya - MHC;41.380852;2.185799;45.0;84.59
3;Galeria d’Art Mar Grup Escolà;41.392349;2.167836;45.0;80.42
4;Museu Picasso;41.385181;2.180863;45.0;79.03
5;Parc de Diagonal Mar;41.407215;2.214539;45.0;70.13
6;Museu Frederic Marès;41.384178;2.176819;45.0;67.86
7;Parc de la Ciutadella;41.389248;2.186548;45.0;67.78
8;Basilica of the Sagrada Família;41.403568;2.174435;45.0;66.85
9;Museu Palmero;41.424667;2.139856;45.0;66.83
10;Avinguda d’Icària;41.391556;2.197416;45.0;66.52
11;Platja de la Nova Mar Bella;41.40205;2.21529;45.0;66.1
12;Lorena Ruiz de Villa;41.397858;2.146705;45.0;66.08
13;L’Aquàrium;41.376625;2.184117;45.0;65.25
14;Basilica of Sants Just i Pastor;41.382812;2.178195;45.0;64.73
15;Anella Olímpica(Olympic Park);41.364778;2.152575;45.0;62.82
16;Arts Santa Mònica;41.37722;2.176012;45.0;61.5
17;La Colmena;41.383835;2.178294;45.0;61.38
18;Barcelona;41.389034;2.16137;45.0;60.18
19;90th Jean Bouin;41.373077;2.150465;45.0;59.51
20;Despair;41.387653;2.188076;45.0;59.23
21;Passeig de Gràcia;41.390739;2.166672;45.0;56.96
22;Platja de la Barceloneta;41.379158;2.192717;45.0;56.87
23;Parc de la Creueta del Coll;41.41935;2.146432;45.0;56.67
24;Museu de la Moto ;41.383327;2.174488;45.0;56.11
25;Museu d’Història de Barcelona;41.384144;2.177409;45.0;55.39
26;Palau Güell;41.378864;2.174117;45.0;55.13
27;Plaça del Rei;41.384144;2.177409;45.0;54.94
28;Casa Martí, Els Quatre Gats ;41.385775;2.173671;45.0;54.61
29;Imaginart Gallery;41.393822;2.164627;45.0;54.43
30;Rambla del Raval;41.378681;2.169317;45.0;53.7
31;Monument to Doctor Robert;41.394924;2.175599;45.0;53.66
32;Antic Hospital de la Santa Creu;41.380573;2.170374;45.0;53.56
33;Santa Eulàlia small schooner;41.376385;2.179861;45.0;53.53
34;Platja del Bogatell;41.394341;2.2066;45.0;53.25
35;Maeght;41.384689;2.181526;45.0;53.02
36;El Born Centre Cultural;41.385818;2.183785;45.0;52.95
37;Plaça de Catalunya;41.387005;2.17003;45.0;52.79
38;Poble Espanyol;41.368679;2.147031;45.0;52.76
39;FINISH;41.374834;2.170055;0.0;0.0
<------------- EDGES -------------->
0;0;1;23.796;16.33
1;0;1;26.945;1.32
2;0;1;26.493;13.68
3;0;2;22.688;7.84
4;0;2;28.064;10.25
5;0;2;17.992;23.39
6;0;3;30.107;10.43
7;0;3;23.048;18.93
8;0;4;22.496;5.38
9;0;4;24.3;2.55
10;0;4;25.981;20.15
11;0;5;79.572;8.84
12;0;5;91.89;19.66
13;0;6;18.196;18.92
14;0;6;18.899;24.57
15;0;7;32.509;8.44
16;0;7;27.06;13.23
17;0;8;49.491;15.7
18;0;8;39.655;2.84
19;0;9;93.673;2.2
20;0;9;104.596;1.5
21;0;9;74.549;20.76
22;0;10;45.309;11.26
23;0;10;51.746;15.96
24;0;10;49.085;9.85
25;0;11;74.442;6.0
26;0;12;49.508;4.19
27;0;12;42.123;16.77
28;0;13;18.315;6.65
29;0;13;14.632;22.24
30;0;14;17.194;4.08
31;0;15;28.285;8.0
32;0;15;31.09;15.49
33;0;15;31.187;17.48
34;0;16;8.671;6.05
35;0;16;10.676;1.47
36;0;17;18.686;15.42
37;0;18;26.736;19.38
38;0;19;25.336;11.45
39;0;20;31.884;19.69
40;0;20;26.066;17.36
41;0;21;27.562;0.23
42;0;21;27.535;24.21
43;0;22;30.026;19.24
44;0;22;23.246;24.36
45;0;23;81.991;11.19
46;0;24;15.608;15.3
47;0;24;17.672;4.72
48;0;24;16.989;16.01
49;0;25;18.52;1.28
50;0;25;20.238;14.8
51;0;26;8.647;17.28
52;0;26;6.835;5.23
53;0;27;18.52;20.41
54;0;27;14.17;13.15
55;0;28;19.29;20.46
56;0;28;23.661;5.05
57;0;29;33.232;5.55
58;0;30;6.651;16.07
59;0;31;35.108;6.0
60;0;32;9.829;10.38
61;0;32;10.349;2.21
62;0;33;12.868;16.3
63;0;33;10.851;24.96
64;0;33;12.358;14.48
65;0;34;57.583;17.95
66;0;35;22.391;8.69
67;0;35;24.926;13.64
68;0;35;20.726;8.19
69;0;36;25.77;22.97
70;0;36;29.544;2.31
71;0;36;22.739;22.39
72;0;37;20.827;12.04
73;0;37;23.968;7.67
74;0;37;17.725;22.57
75;0;38;31.387;23.5
76;0;38;30.12;18.1
77;0;38;29.816;14.38
78;0;39;0.0;18.3
79;1;2;46.481;9.24
80;1;3;44.354;20.18
81;1;3;43.564;24.44
82;1;4;45.08;9.68
83;1;4;45.001;6.18
84;1;5;102.414;17.31
85;1;6;39.989;3.6
86;1;6;44.34;2.02
87;1;6;49.061;6.96
88;1;7;55.131;16.47
89;1;7;44.816;10.65
90;1;7;49.205;22.74
91;1;8;65.336;24.97
92;1;8;78.848;13.75
93;1;8;77.668;2.59
94;1;9;97.123;5.22
95;1;9;93.012;13.58
96;1;9;83.741;5.22
97;1;10;68.67;14.9
98;1;10;84.06;22.88
99;1;10;68.739;20.32
100;1;11;97.767;13.77
101;1;12;50.417;10.34
102;1;12;57.398;21.55
103;1;13;41.71;6.78
104;1;13;43.061;1.92
105;1;14;39.892;7.13
106;1;15;6.988;1.68
107;1;15;7.328;23.11
108;1;16;32.461;17.92
109;1;16;39.797;2.57
110;1;16;27.306;5.34
111;1;17;41.065;10.01
112;1;18;36.092;14.0
113;1;19;8.171;5.42
114;1;20;55.02;4.03
115;1;20;47.857;21.78
116;1;20;59.193;9.95
117;1;21;41.226;12.99
118;1;21;39.369;17.91
119;1;22;53.562;24.95
120;1;22;59.383;6.08
121;1;22;50.298;4.56
122;1;23;86.923;10.12
123;1;23;85.656;22.95
124;1;24;36.786;17.31
125;1;24;38.833;10.52
126;1;24;34.636;4.38
127;1;25;40.525;21.04
128;1;25;41.384;10.49
129;1;26;31.73;14.89
130;1;26;36.901;13.84
131;1;26;31.037;7.11
132;1;27;40.525;1.88
133;1;27;32.183;19.65
134;1;27;40.925;3.47
135;1;28;39.024;19.79
136;1;29;45.169;11.08
137;1;29;42.12;4.25
138;1;30;26.558;14.2
139;1;31;53.025;9.12
140;1;31;53.558;8.3
141;1;32;29.708;8.75
142;1;32;34.745;24.06
143;1;33;36.426;17.82
144;1;34;81.132;8.57
145;1;34;71.556;15.47
146;1;35;45.24;22.94
147;1;35;54.991;8.33
148;1;35;36.943;1.01
149;1;36;48.72;6.7
150;1;36;57.881;12.53
151;1;36;49.931;3.21
152;1;37;37.779;22.9
153;1;38;8.115;5.07
154;1;39;23.796;20.63
155;1;39;23.079;18.13
156;1;39;25.162;11.96
157;2;3;30.314;21.73
158;2;3;26.611;9.98
159;2;3;27.907;3.5
160;2;4;9.749;17.71
161;2;4;7.417;23.85
162;2;5;58.279;15.95
163;2;5;67.314;16.15
164;2;5;54.707;13.51
165;2;6;12.858;15.84
166;2;7;14.4;13.72
167;2;7;11.284;17.36
168;2;7;14.098;16.61
169;2;8;41.52;11.51
170;2;9;95.389;19.04
171;2;10;23.621;19.47
172;2;10;29.028;0.41
173;2;10;26.276;23.54
174;2;11;52.433;24.96
175;2;12;58.016;15.57
176;2;12;53.051;13.38
177;2;13;7.549;22.31
178;2;13;7.318;16.38
179;2;14;10.323;9.99
180;2;14;8.137;18.57
181;2;15;50.763;2.48
182;2;16;14.02;9.84
183;2;16;16.127;19.49
184;2;17;10.905;18.1
185;2;17;12.503;1.83
186;2;18;34.348;4.38
187;2;18;36.472;8.11
188;2;18;39.444;14.34
189;2;19;47.282;15.82
190;2;19;49.689;3.54
191;2;19;50.895;9.89
192;2;20;12.0;19.25
193;2;20;12.415;23.4
194;2;21;29.821;24.92
195;2;21;30.825;12.48
196;2;21;30.596;12.94
197;2;22;9.344;18.49
198;2;23;83.027;11.6
199;2;23;65.504;18.03
200;2;24;15.128;22.17
201;2;24;14.646;16.84
202;2;25;12.156;4.68
203;2;25;13.72;10.96
204;2;26;15.381;22.82
205;2;26;11.862;11.76
206;2;26;12.814;0.21
207;2;27;12.156;1.16
208;2;27;13.601;14.9
209;2;27;10.094;3.45
210;2;28;17.705;2.77
211;2;28;15.352;15.16
212;2;28;14.235;8.7
213;2;29;35.092;15.21
214;2;29;28.423;22.25
215;2;29;42.408;16.67
216;2;30;21.487;19.53
217;2;30;25.695;17.08
218;2;31;27.411;19.0
219;2;31;22.768;4.08
220;2;32;19.811;15.2
221;2;32;23.402;18.92
222;2;33;10.797;21.38
223;2;33;10.054;19.29
224;2;34;35.299;4.72
225;2;34;28.946;8.51
226;2;35;8.556;23.6
227;2;35;9.265;13.08
228;2;36;8.883;23.96
229;2;36;8.972;19.06
230;2;36;8.953;23.87
231;2;37;22.821;3.55
232;2;38;53.965;14.75
233;2;39;22.688;5.35
234;2;39;17.964;23.27
235;2;39;26.363;24.78
236;3;4;20.74;15.35
237;3;4;17.948;21.59
238;3;4;17.981;13.72
239;3;5;65.123;19.81
240;3;5;55.406;4.91
241;3;6;18.125;19.76
242;3;7;24.601;3.09
243;3;7;26.691;3.58
244;3;8;20.984;7.48
245;3;8;22.197;9.07
246;3;8;19.045;16.71
247;3;9;65.94;1.9
248;3;10;37.998;2.76
249;3;10;39.224;14.68
250;3;11;63.137;9.96
251;3;11;58.211;8.1
252;3;11;65.728;16.75
253;3;12;28.717;19.45
254;3;12;25.607;10.03
255;3;13;34.073;13.86
256;3;13;42.103;17.26
257;3;14;21.053;0.37
258;3;14;17.02;18.95
259;3;15;51.088;23.12
260;3;15;57.436;0.04
261;3;16;27.936;3.44
262;3;16;31.936;21.65
263;3;17;19.813;9.27
264;3;18;10.054;2.78
265;3;18;9.544;6.31
266;3;19;39.813;0.3
267;3;19;48.256;15.76
268;3;20;27.199;5.97
269;3;20;22.016;13.11
270;3;21;3.134;8.75
271;3;21;2.515;19.32
272;3;21;3.861;6.49
273;3;22;39.115;7.8
274;3;22;35.355;1.3
275;3;23;53.755;19.42
276;3;23;55.799;21.16
277;3;24;17.643;6.66
278;3;25;18.66;6.41
279;3;25;22.155;15.35
280;3;26;24.444;23.68
281;3;27;18.66;17.83
282;3;27;20.04;24.33
283;3;28;13.515;0.47
284;3;29;4.83;23.49
285;3;30;23.466;7.14
286;3;30;21.29;12.91
287;3;30;18.928;1.94
288;3;31;10.896;11.58
289;3;32;20.413;12.69
290;3;33;31.379;5.84
291;3;34;49.88;21.67
292;3;34;54.817;18.8
293;3;34;53.004;22.23
294;3;35;21.925;22.68
295;3;35;26.15;17.07
296;3;36;23.327;11.69
297;3;37;9.569;12.45
298;3;37;10.229;12.88
299;3;38;48.521;23.72
300;3;38;39.108;15.12
301;3;39;30.107;8.68
302;3;39;32.855;12.52
303;3;39;26.287;19.54
304;4;5;57.363;14.51
305;4;5;68.207;1.5
306;4;6;5.468;3.3
307;4;6;5.12;10.87
308;4;6;4.198;20.2
309;4;7;10.085;22.14
310;4;7;11.215;23.24
311;4;7;8.13;0.32
312;4;8;32.528;19.25
313;4;8;27.727;14.54
314;4;8;29.906;19.75
315;4;9;85.65;1.47
316;4;9;106.674;12.49
317;4;9;64.591;23.27
318;4;10;23.888;23.44
319;4;11;52.787;18.76
320;4;12;48.924;7.5
321;4;13;15.226;4.84
322;4;14;5.307;20.11
323;4;14;5.878;12.94
324;4;15;50.384;19.07
325;4;15;45.179;22.35
326;4;16;14.979;21.22
327;4;16;14.951;7.1
328;4;16;17.126;5.28
329;4;17;4.023;24.12
330;4;17;4.542;3.15
331;4;18;25.88;6.79
332;4;18;21.063;13.53
333;4;19;44.188;13.96
334;4;19;51.796;11.13
335;4;20;10.181;7.68
336;4;20;10.722;24.16
337;4;21;20.552;1.01
338;4;22;18.382;3.42
339;4;22;14.414;11.91
340;4;23;73.294;10.97
341;4;23;57.072;20.94
342;4;24;8.778;2.41
343;4;24;10.829;1.5
344;4;24;8.449;6.57
345;4;25;4.777;16.08
346;4;26;13.852;0.71
347;4;26;12.246;20.95
348;4;26;15.088;7.12
349;4;27;4.777;17.37
350;4;27;5.551;2.51
351;4;28;9.29;9.58
352;4;28;8.57;13.88
353;4;28;9.041;14.04
354;4;29;25.556;4.43
355;4;30;18.534;15.98
356;4;30;16.412;8.05
357;4;31;17.99;0.48
358;4;31;22.152;6.52
359;4;32;15.606;18.09
360;4;33;15.107;8.3
361;4;34;36.571;4.14
362;4;34;40.996;15.65
363;4;34;39.163;24.83
364;4;35;1.197;21.63
365;4;35;1.151;19.1
366;4;35;1.096;6.65
367;4;36;3.907;24.75
368;4;37;14.254;20.84
369;4;37;13.509;16.67
370;4;37;13.037;13.49
371;4;38;51.814;14.97
372;4;38;42.602;18.05
373;4;38;62.951;3.95
374;4;39;22.496;6.3
375;4;39;21.674;18.11
376;5;6;62.439;12.87
377;5;6;53.698;7.51
378;5;7;47.29;18.8
379;5;7;39.542;23.99
380;5;7;56.151;6.85
381;5;8;51.851;0.36
382;5;8;41.561;10.21
383;5;8;40.398;8.32
384;5;9;100.386;6.25
385;5;10;34.657;24.57
386;5;10;37.815;3.05
387;5;11;8.891;22.28
388;5;11;10.56;6.78
389;5;12;88.529;21.45
390;5;13;65.31;22.09
391;5;13;49.239;2.33
392;5;14;62.614;22.13
393;5;15;107.715;12.12
394;5;15;116.271;21.48
395;5;15;91.317;12.56
396;5;16;71.28;12.85
397;5;16;84.58;21.28
398;5;17;61.364;23.91
399;5;17;67.236;17.98
400;5;17;68.098;11.4
401;5;18;75.007;24.23
402;5;18;79.841;6.91
403;5;18;67.299;18.11
404;5;19;100.892;16.68
405;5;20;47.692;1.43
406;5;21;67.603;17.62
407;5;22;55.587;8.08
408;5;23;89.838;19.26
409;5;24;65.684;3.76
410;5;25;61.891;19.3
411;5;26;71.038;11.87
412;5;26;71.259;15.27
413;5;27;61.891;18.84
414;5;28;64.018;2.96
415;5;28;59.937;12.8
416;5;29;68.043;10.25
417;5;29;69.521;15.47
418;5;30;75.858;5.55
419;5;30;90.691;20.42
420;5;30;57.34;9.98
421;5;31;54.228;21.99
422;5;31;67.594;10.93
423;5;31;47.331;20.71
424;5;32;72.753;5.03
425;5;32;62.406;7.15
426;5;33;69.031;8.28
427;5;34;24.273;9.64
428;5;34;28.69;2.13
429;5;35;57.287;9.55
430;5;35;48.038;5.24
431;5;36;53.844;9.43
432;5;36;57.257;22.71
433;5;37;66.786;7.75
434;5;37;55.535;9.03
435;5;37;74.645;15.03
436;5;38;108.905;24.69
437;5;38;100.072;11.95
438;5;39;79.572;12.79
439;5;39;74.792;17.44
440;6;7;15.208;13.82
441;6;8;33.322;4.69
442;6;8;26.743;3.34
443;6;8;36.801;17.06
444;6;9;83.972;18.56
445;6;9;63.447;21.29
446;6;10;29.303;1.81
447;6;10;30.737;17.21
448;6;10;22.016;15.06
449;6;11;58.09;24.52
450;6;12;45.195;5.29
451;6;12;54.75;22.45
452;6;12;55.803;6.44
453;6;13;15.964;21.75
454;6;13;17.868;9.14
455;6;14;2.93;1.47
456;6;15;45.512;11.13
457;6;16;11.952;6.17
458;6;17;1.983;18.51
459;6;17;1.537;16.28
460;6;18;21.505;22.86
461;6;18;26.03;5.62
462;6;18;19.481;7.17
463;6;19;38.807;24.15
464;6;19;45.44;15.94
465;6;19;39.012;16.59
466;6;20;15.628;14.81
467;6;20;11.841;11.53
468;6;21;17.198;18.37
469;6;21;19.191;24.03
470;6;22;22.147;23.25
471;6;23;71.72;2.74
472;6;23;59.835;21.72
473;6;24;3.328;1.32
474;6;24;3.914;12.57
475;6;24;3.803;5.6
476;6;25;0.76;17.45
477;6;25;0.775;2.65
478;6;26;9.733;0.87
479;6;27;0.76;8.64
480;6;27;0.88;7.67
481;6;28;4.879;20.19
482;6;29;22.745;7.86
483;6;30;13.464;5.98
484;6;30;11.292;4.86
485;6;30;14.902;6.26
486;6;31;18.455;3.06
487;6;31;18.956;14.59
488;6;31;23.013;21.73
489;6;32;10.322;9.76
490;6;32;11.147;11.44
491;6;32;10.9;7.66
492;6;33;13.896;6.82
493;6;33;13.629;3.2
494;6;33;16.467;7.3
495;6;34;42.003;5.13
496;6;34;41.317;1.76
497;6;35;6.106;1.44
498;6;35;5.236;21.84
499;6;35;5.318;0.77
500;6;36;9.374;1.13
501;6;37;9.969;2.9
502;6;38;46.546;15.65
503;6;39;18.196;5.9
504;6;39;19.83;11.97
505;7;8;29.022;0.07
506;7;9;85.235;11.73
507;7;10;14.501;16.9
508;7;10;12.733;16.69
509;7;11;42.91;6.12
510;7;12;53.228;23.68
511;7;13;21.825;15.6
512;7;13;22.979;6.7
513;7;13;24.677;23.17
514;7;14;15.372;13.15
515;7;14;12.266;2.54
516;7;14;14.282;2.47
517;7;15;60.469;13.45
518;7;15;60.76;11.88
519;7;16;24.63;0.15
520;7;16;27.889;1.6
521;7;16;24.053;3.86
522;7;17;14.075;11.24
523;7;17;17.493;15.6
524;7;18;32.326;5.35
525;7;18;27.698;8.04
526;7;18;31.336;17.33
527;7;19;53.966;3.56
528;7;20;3.361;12.1
529;7;21;25.644;22.18
530;7;21;26.063;23.65
531;7;22;18.996;21.81
532;7;22;23.265;17.64
533;7;22;16.03;4.09
534;7;23;72.833;15.12
535;7;24;18.504;9.97
536;7;24;15.755;2.51
537;7;24;22.589;14.83
538;7;25;14.627;17.84
539;7;25;16.284;9.62
540;7;26;23.885;10.63
541;7;26;27.644;19.86
542;7;27;14.627;11.16
543;7;27;13.62;20.09
544;7;28;17.568;8.28
545;7;28;13.857;15.82
546;7;29;29.21;18.26
547;7;30;28.573;3.66
548;7;30;31.379;16.2
549;7;31;17.085;16.5
550;7;32;25.526;9.8
551;7;33;23.627;8.69
552;7;34;27.178;9.26
553;7;34;28.986;21.65
554;7;35;10.121;19.71
555;7;35;7.957;11.37
556;7;36;6.858;22.01
557;7;36;7.559;22.17
558;7;37;21.551;4.41
559;7;38;61.754;16.04
560;7;38;75.472;21.51
561;7;39;32.509;2.6
562;7;39;39.665;8.05
563;7;39;36.159;19.65
564;8;9;57.209;18.05
565;8;9;45.777;23.66
566;8;10;35.955;2.68
567;8;10;44.687;2.71
568;8;10;39.163;13.69
569;8;11;52.504;15.41
570;8;11;60.765;17.83
571;8;11;63.889;12.17
572;8;12;36.911;5.96
573;8;13;47.752;0.22
574;8;13;53.285;18.58
575;8;14;35.845;20.46
576;8;14;33.707;12.02
577;8;15;72.069;1.2
578;8;15;62.263;8.53
579;8;15;69.738;20.6
580;8;16;45.133;2.37
581;8;16;53.857;7.31
582;8;16;49.247;9.82
583;8;17;34.129;24.26
584;8;17;38.823;16.88
585;8;17;40.143;5.25
586;8;18;29.997;14.29
587;8;18;31.972;7.37
588;8;19;60.577;19.31
589;8;20;32.378;9.16
590;8;20;35.744;23.43
591;8;20;25.216;13.78
592;8;21;24.109;8.18
593;8;22;47.913;10.13
594;8;22;51.042;4.78
595;8;22;46.568;22.55
596;8;23;44.955;5.67
597;8;24;34.637;9.84
598;8;25;33.457;3.75
599;8;25;28.06;24.98
600;8;25;29.429;6.76
601;8;26;42.276;18.68
602;8;26;35.34;22.13
603;8;27;33.457;12.94
604;8;28;30.463;10.95
605;8;29;20.896;15.45
606;8;29;24.59;7.66
607;8;30;43.091;8.49
608;8;31;14.867;24.83
609;8;32;39.694;19.32
610;8;32;29.923;8.06
611;8;32;33.114;21.69
612;8;33;47.035;6.99
613;8;34;44.204;13.46
614;8;34;49.238;0.73
615;8;34;53.958;24.24
616;8;35;33.564;0.43
617;8;35;38.582;22.67
618;8;36;32.66;3.93
619;8;36;26.539;8.45
620;8;37;28.902;19.17
621;8;38;69.299;15.93
622;8;38;76.161;10.57
623;8;39;49.491;9.15
624;8;39;43.84;22.35
625;9;10;93.102;3.37
626;9;10;104.89;1.33
627;9;11;104.258;1.47
628;9;12;46.711;3.14
629;9;12;49.921;21.36
630;9;12;51.933;16.8
631;9;13;99.932;15.77
632;9;13;82.829;10.28
633;9;13;122.31;2.2
634;9;14;86.899;8.13
635;9;15;103.777;6.68
636;9;15;106.327;18.15
637;9;15;108.323;1.42
638;9;16;93.521;9.72
639;9;17;85.535;21.87
640;9;18;66.937;15.58
641;9;18;70.492;15.5
642;9;19;89.327;2.63
643;9;19;101.783;13.32
644;9;20;88.556;20.26
645;9;20;89.032;20.36
646;9;21;67.493;21.47
647;9;21;63.908;6.1
648;9;21;56.888;10.3
649;9;22;103.288;23.5
650;9;22;128.107;5.31
651;9;22;120.145;24.65
652;9;23;12.409;13.72
653;9;24;83.549;13.01
654;9;24;83.293;2.39
655;9;25;84.45;10.4
656;9;25;70.397;15.08
657;9;26;89.874;20.02
658;9;26;111.582;5.73
659;9;27;84.45;23.75
660;9;28;79.454;22.72
661;9;28;69.601;7.45
662;9;28;75.547;0.49
663;9;29;61.618;0.99
664;9;29;50.33;20.16
665;9;30;87.307;20.6
666;9;31;68.519;13.45
667;9;32;85.017;7.23
668;9;33;97.279;7.69
669;9;34;100.154;19.98
670;9;35;86.837;16.99
671;9;35;83.786;7.92
672;9;36;87.17;14.51
673;9;37;75.189;10.46
674;9;38;96.25;13.57
675;9;38;91.248;15.4
676;9;38;112.394;19.12
677;9;39;93.673;1.28
678;9;39;114.795;3.82
679;10;11;29.136;1.26
680;10;11;25.913;16.65
681;10;12;65.986;13.29
682;10;12;56.593;21.46
683;10;13;30.731;2.46
684;10;13;33.738;23.33
685;10;14;28.859;4.91
686;10;14;29.619;13.69
687;10;14;33.74;20.25
688;10;15;73.587;14.74
689;10;16;36.838;8.32
690;10;17;27.879;21.23
691;10;17;27.645;18.34
692;10;18;46.477;6.29
693;10;18;46.494;5.36
694;10;19;68.074;13.0
695;10;19;83.102;2.16
696;10;20;13.725;0.79
697;10;21;39.493;14.44
698;10;21;31.435;1.18
699;10;22;22.057;20.78
700;10;22;27.25;6.1
701;10;23;80.897;23.4
702;10;23;61.187;9.7
703;10;23;95.451;21.92
704;10;24;32.631;15.97
705;10;25;28.647;22.83
706;10;25;21.743;22.16
707;10;25;29.129;21.93
708;10;26;36.967;15.21
709;10;26;44.618;16.71
710;10;27;28.647;12.79
711;10;27;22.122;1.43
712;10;28;32.05;9.49
713;10;28;28.75;0.87
714;10;28;39.99;12.49
715;10;29;42.271;20.73
716;10;29;44.06;10.68
717;10;29;51.791;9.97
718;10;30;42.272;5.45
719;10;30;41.201;0.47
720;10;30;38.411;11.07
721;10;31;28.594;17.38
722;10;31;22.869;5.61
723;10;32;39.479;1.37
724;10;33;34.38;10.89
725;10;33;37.242;4.47
726;10;33;27.63;10.41
727;10;34;12.717;20.16
728;10;35;23.543;11.9
729;10;35;28.143;2.37
730;10;36;20.066;24.36
731;10;36;18.299;6.73
732;10;37;36.011;7.15
733;10;38;75.617;16.08
734;10;38;61.85;11.46
735;10;39;45.309;24.84
736;10;39;50.729;5.23
737;11;12;88.328;6.6
738;11;12;70.769;14.0
739;11;13;59.115;5.37
740;11;14;57.892;16.34
741;11;14;62.131;23.8
742;11;15;102.722;1.2
743;11;15;80.137;19.1
744;11;15;81.711;22.62
745;11;16;65.94;10.37
746;11;16;72.131;5.41
747;11;17;56.809;4.14
748;11;17;69.187;4.43
749;11;17;46.731;4.48
750;11;18;72.712;13.22
751;11;19;96.875;3.3
752;11;19;75.165;3.43
753;11;20;42.748;23.56
754;11;21;65.343;21.44
755;11;21;57.166;4.2
756;11;21;79.714;11.94
757;11;22;48.727;21.17
758;11;22;57.483;14.3
759;11;23;93.199;9.67
760;11;23;96.413;12.32
761;11;23;115.386;0.12
762;11;24;61.402;18.32
763;11;25;57.478;1.0
764;11;25;44.641;18.37
765;11;26;66.092;19.67
766;11;26;50.9;22.06
767;11;26;57.611;12.78
768;11;27;57.478;8.55
769;11;28;60.251;7.11
770;11;28;57.65;7.83
771;11;28;71.221;11.84
772;11;29;66.54;16.41
773;11;30;71.292;2.78
774;11;31;52.388;23.4
775;11;31;46.371;21.04
776;11;31;63.851;18.9
777;11;32;68.379;19.07
778;11;32;68.227;23.45
779;11;33;63.227;9.98
780;11;34;17.276;16.69
781;11;35;52.548;22.16
782;11;35;57.334;23.54
783;11;36;49.064;6.29
784;11;36;56.806;23.98
785;11;37;63.55;18.4
786;11;37;59.895;5.08
787;11;37;72.97;6.49
788;11;38;104.601;20.57
789;11;38;110.41;7.2
790;11;39;74.442;12.27
791;11;39;86.557;0.28
792;11;39;78.702;3.98
793;12;13;60.227;0.8
794;12;13;67.868;1.81
795;12;14;47.93;5.93
796;12;14;49.199;7.02
797;12;15;57.108;10.97
798;12;16;51.604;8.66
799;12;16;45.014;2.91
800;12;17;47.122;24.37
801;12;17;51.68;5.29
802;12;17;37.83;24.0
803;12;18;24.134;18.36
804;12;18;29.253;8.69
805;12;18;24.891;17.23
806;12;19;42.68;21.5
807;12;19;44.571;9.04
808;12;19;47.62;24.32
809;12;20;55.908;6.07
810;12;21;28.38;11.27
811;12;21;21.993;4.78
812;12;21;35.311;18.48
813;12;22;67.183;20.72
814;12;22;56.707;19.09
815;12;22;60.005;18.47
816;12;23;36.779;22.0
817;12;23;30.012;10.42
818;12;24;43.48;0.86
819;12;25;45.875;5.84
820;12;25;54.218;2.91
821;12;26;47.906;5.05
822;12;27;45.875;15.12
823;12;27;47.231;4.32
824;12;28;40.323;18.91
825;12;28;43.269;15.59
826;12;29;24.021;12.06
827;12;30;43.814;7.09
828;12;30;51.087;21.44
829;12;30;53.339;1.67
830;12;31;37.429;23.23
831;12;31;40.914;15.46
832;12;32;42.406;22.48
833;12;32;42.41;20.3
834;12;33;56.234;22.45
835;12;33;51.095;10.28
836;12;34;77.122;23.61
837;12;34;90.991;24.47
838;12;34;77.757;10.41
839;12;35;50.062;13.67
840;12;36;51.87;0.57
841;12;36;45.001;20.14
842;12;36;57.53;7.67
843;12;37;35.236;23.56
844;12;37;39.475;14.2
845;12;37;37.219;3.57
846;12;38;49.934;16.44
847;12;38;58.597;19.07
848;12;38;48.487;12.7
849;12;39;49.508;1.38
850;12;39;55.58;16.76
851;13;14;13.035;12.95
852;13;15;45.296;2.23
853;13;15;37.763;9.26
854;13;16;10.457;2.97
855;13;16;11.192;17.51
856;13;17;14.427;8.55
857;13;17;17.975;23.61
858;13;18;36.11;1.1
859;13;18;39.042;0.44
860;13;18;38.551;1.29
861;13;19;43.638;1.33
862;13;20;19.544;1.25
863;13;20;16.876;11.23
864;13;21;32.94;11.99
865;13;22;11.863;24.35
866;13;22;10.131;5.35
867;13;23;87.667;23.35
868;13;24;16.864;8.42
869;13;24;14.177;18.72
870;13;25;15.483;19.47
871;13;25;12.421;18.04
872;13;25;15.975;8.17
873;13;26;13.4;10.93
874;13;26;14.242;1.49
875;13;26;16.639;21.49
876;13;27;15.483;7.79
877;13;27;18.23;15.77
878;13;28;20.617;21.67
879;13;28;20.507;18.64
880;13;29;38.629;15.15
881;13;29;33.986;17.24
882;13;30;19.327;6.17
883;13;30;22.643;15.55
884;13;30;20.661;13.63
885;13;31;33.169;23.87
886;13;31;28.736;2.84
887;13;32;18.896;11.54
888;13;32;16.858;6.64
889;13;33;5.48;11.4
890;13;33;4.202;11.56
891;13;34;41.861;22.17
892;13;35;14.195;11.03
893;13;36;15.737;22.39
894;13;37;25.351;0.72
895;13;38;49.527;2.13
896;13;39;18.315;20.15
897;14;15;45.108;5.98
898;14;15;34.575;15.08
899;14;16;9.971;0.48
900;14;16;8.14;2.52
901;14;16;8.093;0.67
902;14;17;1.755;10.89
903;14;17;1.394;4.22
904;14;18;24.083;21.39
905;14;18;28.495;14.16
906;14;19;39.311;21.05
907;14;19;44.701;13.32
908;14;20;15.151;21.47
909;14;21;20.072;13.17
910;14;21;18.601;4.27
911;14;21;20.048;11.48
912;14;22;19.667;9.08
913;14;22;15.761;11.57
914;14;22;23.858;16.45
915;14;23;74.643;11.19
916;14;23;61.596;24.18
917;14;24;4.84;24.07
918;14;24;4.777;21.45
919;14;24;4.292;15.11
920;14;25;2.493;2.32
921;14;25;2.92;8.8
922;14;26;8.547;6.48
923;14;27;2.493;5.01
924;14;28;7.711;12.9
925;14;28;8.262;1.6
926;14;29;25.659;9.17
927;14;30;13.413;22.83
928;14;30;10.807;8.15
929;14;30;12.374;18.33
930;14;31;20.993;19.79
931;14;31;21.405;17.81
932;14;31;21.801;17.97
933;14;32;10.748;12.68
934;14;33;11.204;19.94
935;14;33;10.709;24.61
936;14;33;10.982;12.96
937;14;34;41.462;21.89
938;14;34;51.738;22.09
939;14;34;36.631;13.09
940;14;35;5.349;24.47
941;14;35;5.591;12.39
942;14;35;4.236;0.96
943;14;36;8.83;5.66
944;14;36;9.443;0.15
945;14;37;12.704;23.19
946;14;38;46.758;0.03
947;14;39;17.194;14.0
948;15;16;36.867;18.88
949;15;17;46.414;14.73
950;15;17;55.828;18.35
951;15;17;48.449;12.0
952;15;18;43.017;1.06
953;15;19;14.458;12.85
954;15;20;60.087;19.84
955;15;21;47.972;14.19
956;15;21;36.587;21.2
957;15;21;41.195;19.58
958;15;22;57.121;5.96
959;15;22;62.755;19.63
960;15;22;44.546;22.17
961;15;23;93.718;4.42
962;15;23;91.058;2.52
963;15;24;42.419;19.03
964;15;24;41.4;13.9
965;15;25;45.992;20.69
966;15;25;43.524;1.74
967;15;25;37.987;2.26
968;15;26;36.692;21.88
969;15;26;34.178;14.5
970;15;27;45.992;12.72
971;15;28;44.999;6.66
972;15;28;54.19;13.89
973;15;29;52.055;12.36
974;15;29;45.251;10.14
975;15;30;32.067;12.47
976;15;30;38.538;6.65
977;15;31;59.458;2.78
978;15;31;70.308;16.09
979;15;31;63.408;6.43
980;15;32;35.398;23.71
981;15;32;27.881;23.7
982;15;32;35.803;11.52
983;15;33;40.279;1.07
984;15;33;44.234;7.08
985;15;34;85.857;14.74
986;15;34;101.884;7.32
987;15;35;50.429;6.07
988;15;36;53.875;2.06
989;15;37;44.149;6.44
990;15;37;42.049;13.22
991;15;38;9.76;1.04
992;15;39;28.285;21.73
993;15;39;25.18;1.81
994;16;17;11.693;1.38
995;16;17;9.381;14.75
996;16;18;27.607;12.82
997;16;18;25.901;8.4
998;16;19;33.563;22.63
999;16;19;27.874;15.02
1000;16;20;23.636;13.64
1001;16;21;26.057;2.76
1002;16;21;20.227;23.03
1003;16;21;30.391;7.97
1004;16;22;21.705;4.82
1005;16;23;81.482;15.83
1006;16;23;85.914;1.69
1007;16;24;10.632;7.81
1008;16;25;11.984;18.65
1009;16;25;9.307;8.25
1010;16;25;10.723;9.59
1011;16;26;3.72;4.07
1012;16;26;4.51;8.22
1013;16;27;11.984;11.56
1014;16;27;12.467;4.42
1015;16;28;14.945;24.9
1016;16;28;12.926;1.57
1017;16;29;31.95;13.23
1018;16;30;8.953;24.33
1019;16;30;7.286;7.65
1020;16;31;30.3;0.18
1021;16;31;33.723;11.97
1022;16;31;34.051;17.38
1023;16;32;9.237;5.47
1024;16;32;10.044;13.58
1025;16;32;7.121;4.9
1026;16;33;5.145;3.59
1027;16;34;48.996;1.7
1028;16;35;14.611;9.73
1029;16;35;14.486;8.74
1030;16;35;12.04;5.54
1031;16;36;17.779;8.28
1032;16;36;14.631;21.63
1033;16;37;18.422;8.6
1034;16;38;39.983;15.53
1035;16;39;8.671;15.06
1036;16;39;7.045;3.08
1037;16;39;9.46;11.58
1038;17;18;23.479;13.83
1039;17;18;26.614;16.69
1040;17;18;23.605;23.1
1041;17;19;40.197;18.52
1042;17;19;33.726;2.61
1043;17;19;30.955;7.97
1044;17;20;14.157;7.58
1045;17;20;12.685;23.58
1046;17;21;19.032;1.88
1047;17;21;14.693;15.33
1048;17;21;18.303;24.1
1049;17;22;20.174;24.14
1050;17;22;21.66;16.52
1051;17;23;73.254;24.25
1052;17;23;61.44;7.48
1053;17;23;84.604;17.63
1054;17;24;4.963;12.46
1055;17;24;4.082;11.51
1056;17;25;1.253;12.33
1057;17;26;10.056;14.77
1058;17;26;8.024;9.14
1059;17;27;1.253;13.49
1060;17;27;0.992;2.51
1061;17;28;6.801;21.34
1062;17;28;7.069;9.15
1063;17;28;7.599;21.81
1064;17;29;24.494;12.24
1065;17;29;21.311;1.03
1066;17;29;28.686;15.49
1067;17;30;14.514;11.32
1068;17;30;12.274;21.37
1069;17;30;11.042;13.82
1070;17;31;19.289;21.95
1071;17;32;11.6;8.09
1072;17;32;11.516;4.75
1073;17;32;11.685;19.93
1074;17;33;12.906;21.34
1075;17;33;11.72;12.57
1076;17;33;15.87;21.95
1077;17;34;40.544;7.25
1078;17;34;50.398;17.89
1079;17;34;38.72;21.84
1080;17;35;4.399;7.51
1081;17;35;4.009;17.44
1082;17;36;7.824;5.67
1083;17;36;6.679;17.66
1084;17;36;7.718;19.97
1085;17;37;11.916;10.73
1086;17;37;9.716;21.07
1087;17;37;12.662;10.38
1088;17;38;47.793;14.52
1089;17;39;18.686;21.59
1090;17;39;15.677;13.24
1091;18;19;30.687;16.63
1092;18;20;34.368;23.8
1093;18;20;41.719;9.04
1094;18;21;7.406;6.12
1095;18;22;43.651;0.37
1096;18;22;45.689;3.89
1097;18;23;55.307;4.05
1098;18;23;61.387;18.57
1099;18;23;64.472;17.34
1100;18;24;19.469;4.38
1101;18;24;21.916;1.7
1102;18;24;15.153;1.26
1103;18;25;22.227;10.09
1104;18;25;19.496;2.02
1105;18;26;23.89;15.68
1106;18;27;22.227;12.34
1107;18;28;16.748;8.29
1108;18;28;17.117;3.9
1109;18;28;19.22;12.38
1110;18;29;9.199;13.62
1111;18;29;6.903;2.04
1112;18;29;9.03;11.13
1113;18;30;20.445;2.6
1114;18;30;22.443;6.85
1115;18;31;20.863;6.88
1116;18;32;18.528;5.05
1117;18;32;19.038;8.46
1118;18;33;32.128;9.4
1119;18;33;39.375;7.15
1120;18;33;37.918;6.77
1121;18;34;58.771;9.41
1122;18;34;59.423;12.35
1123;18;35;26.925;7.62
1124;18;36;29.299;5.08
1125;18;36;22.782;18.96
1126;18;37;11.648;4.54
1127;18;38;39.399;24.22
1128;18;38;45.675;16.39
1129;18;39;26.736;11.17
1130;18;39;24.75;14.79
1131;19;20;54.354;10.05
1132;19;21;36.695;23.98
1133;19;22;55.244;15.9
1134;19;23;79.353;4.83
1135;19;23;89.034;9.49
1136;19;24;35.485;10.64
1137;19;25;39.442;0.79
1138;19;26;31.945;8.12
1139;19;26;32.84;23.02
1140;19;27;39.442;14.52
1141;19;28;36.879;14.88
1142;19;28;35.731;8.74
1143;19;28;31.316;18.86
1144;19;29;39.886;0.84
1145;19;29;30.894;15.94
1146;19;30;26.038;21.51
1147;19;30;21.001;12.13
1148;19;30;24.927;21.29
1149;19;31;49.387;24.24
1150;19;31;49.831;1.39
1151;19;32;28.603;20.02
1152;19;33;38.17;7.43
1153;19;34;80.739;18.86
1154;19;34;97.729;1.02
1155;19;35;44.56;6.32
1156;19;35;41.629;20.87
1157;19;35;54.817;13.46
1158;19;36;48.019;15.86
1159;19;36;47.332;5.44
1160;19;37;34.629;5.39
1161;19;37;27.96;23.35
1162;19;37;36.521;3.47
1163;19;38;8.722;18.92
1164;19;38;10.399;18.58
1165;19;39;25.336;13.14
1166;20;21;27.982;2.63
1167;20;21;30.693;23.7
1168;20;21;23.454;9.56
1169;20;22;15.711;8.9
1170;20;23;76.152;15.72
1171;20;23;93.919;15.31
1172;20;23;68.62;7.73
1173;20;24;18.951;1.62
1174;20;24;17.556;16.02
1175;20;24;22.186;6.99
1176;20;25;14.954;17.45
1177;20;25;15.911;23.13
1178;20;26;23.397;6.76
1179;20;26;28.677;15.59
1180;20;27;14.954;3.12
1181;20;28;18.772;6.62
1182;20;28;16.925;23.92
1183;20;28;22.784;2.93
1184;20;29;31.901;2.04
1185;20;29;34.193;0.84
1186;20;30;28.563;14.29
1187;20;30;32.016;12.64
1188;20;31;20.283;8.91
1189;20;31;23.504;11.9
1190;20;31;17.994;20.7
1191;20;32;25.756;13.48
1192;20;33;21.979;19.19
1193;20;34;26.392;4.32
1194;20;34;19.841;22.34
1195;20;34;22.552;20.82
1196;20;35;9.821;0.91
1197;20;35;12.208;17.91
1198;20;36;6.341;3.56
1199;20;37;23.195;1.86
1200;20;37;18.863;5.66
1201;20;38;61.902;3.43
1202;20;39;31.884;19.76
1203;20;39;27.391;23.79
1204;20;39;27.628;20.74
1205;21;22;38.871;8.24
1206;21;23;55.425;4.03
1207;21;23;65.915;13.83
1208;21;24;16.173;7.92
1209;21;25;17.815;8.49
1210;21;25;16.202;11.66
1211;21;26;22.457;15.96
1212;21;26;17.315;7.49
1213;21;26;21.48;3.59
1214;21;27;17.815;21.61
1215;21;28;12.365;23.34
1216;21;28;11.402;16.04
1217;21;28;12.138;5.22
1218;21;29;5.893;8.44
1219;21;30;20.912;3.97
1220;21;30;16.41;2.92
1221;21;31;13.514;24.58
1222;21;31;15.312;11.0
1223;21;32;18.034;16.6
1224;21;32;20.783;8.03
1225;21;33;29.834;21.23
1226;21;33;36.644;19.9
1227;21;33;23.824;9.14
1228;21;34;51.627;21.98
1229;21;34;39.89;5.13
1230;21;34;52.545;17.33
1231;21;35;21.699;12.67
1232;21;36;23.529;20.44
1233;21;37;7.708;11.14
1234;21;37;7.577;15.44
1235;21;38;45.399;17.99
1236;21;39;27.562;3.34
1237;21;39;30.095;1.91
1238;22;23;90.886;15.37
1239;22;23;86.424;5.93
1240;22;24;24.469;4.95
1241;22;24;24.494;11.34
1242;22;25;21.427;16.79
1243;22;25;20.79;20.34
1244;22;26;23.888;2.32
1245;22;26;17.94;17.02
1246;22;27;21.427;4.44
1247;22;27;23.834;13.59
1248;22;28;26.949;0.35
1249;22;29;43.935;4.94
1250;22;30;30.057;21.53
1251;22;30;35.472;24.54
1252;22;30;29.804;14.8
1253;22;31;34.798;5.59
1254;22;32;28.791;15.03
1255;22;32;30.195;13.96
1256;22;33;17.176;9.54
1257;22;33;20.327;19.84
1258;22;34;31.508;1.72
1259;22;35;17.206;18.58
1260;22;35;18.317;24.41
1261;22;36;16.168;14.8
1262;22;36;16.768;7.07
1263;22;36;13.523;2.0
1264;22;37;32.075;5.71
1265;22;37;33.813;24.49
1266;22;37;39.378;19.73
1267;22;38;61.346;23.35
1268;22;38;59.263;6.06
1269;22;39;30.026;6.69
1270;22;39;29.467;8.08
1271;22;39;36.5;8.7
1272;23;24;71.392;6.87
1273;23;24;61.337;20.99
1274;23;25;72.184;9.36
1275;23;25;85.227;23.56
1276;23;26;77.863;12.85
1277;23;27;72.184;18.49
1278;23;28;67.256;16.45
1279;23;28;61.099;18.49
1280;23;29;49.535;7.36
1281;23;29;59.779;3.09
1282;23;30;75.54;3.06
1283;23;30;69.91;12.78
1284;23;31;56.111;21.4
1285;23;31;56.043;6.58
1286;23;32;73.127;23.43
1287;23;33;85.129;24.1
1288;23;34;88.29;15.85
1289;23;34;106.775;16.82
1290;23;35;74.479;23.39
1291;23;36;74.775;7.11
1292;23;36;89.205;16.19
1293;23;36;83.817;3.8
1294;23;37;63.095;17.25
1295;23;37;63.573;2.37
1296;23;37;48.028;11.54
1297;23;38;86.713;12.41
1298;23;38;71.295;6.68
1299;23;39;81.991;18.34
1300;23;39;82.426;19.0
1301;24;25;4.002;15.69
1302;24;25;4.232;20.84
1303;24;25;4.761;19.41
1304;24;26;7.652;21.44
1305;24;27;4.002;24.03
1306;24;27;4.804;1.59
1307;24;27;4.927;1.88
1308;24;28;4.319;15.06
1309;24;29;21.973;1.86
1310;24;30;10.358;9.11
1311;24;30;12.705;22.47
1312;24;31;19.896;17.55
1313;24;31;20.366;11.45
1314;24;31;20.404;3.05
1315;24;32;7.079;21.49
1316;24;33;13.737;8.65
1317;24;34;45.33;19.64
1318;24;35;9.332;18.86
1319;24;35;8.844;13.53
1320;24;35;8.581;1.86
1321;24;36;12.675;13.55
1322;24;36;11.117;7.63
1323;24;37;8.507;2.28
1324;24;38;43.259;23.41
1325;24;38;37.457;2.21
1326;24;38;34.945;18.08
1327;24;39;15.608;11.06
1328;24;39;12.79;11.84
1329;24;39;17.594;1.47
1330;25;26;9.975;15.02
1331;25;27;0.0;18.0
1332;25;27;0.0;0.96
1333;25;27;0.0;14.9
1334;25;28;5.552;18.65
1335;25;28;5.799;20.09
1336;25;29;23.314;21.03
1337;25;29;24.795;12.39
1338;25;30;13.977;12.53
1339;25;31;18.593;16.48
1340;25;31;20.278;23.4
1341;25;32;10.906;16.91
1342;25;32;10.893;19.64
1343;25;32;8.417;20.99
1344;25;33;13.646;1.26
1345;25;33;10.354;0.38
1346;25;34;41.339;16.07
1347;25;34;49.379;6.36
1348;25;35;5.368;4.19
1349;25;35;5.292;13.95
1350;25;35;4.142;24.63
1351;25;36;8.673;7.61
1352;25;36;10.781;0.96
1353;25;36;6.575;13.88
1354;25;37;10.664;4.78
1355;25;37;11.766;8.8
1356;25;38;47.138;13.45
1357;25;39;18.52;3.97
1358;26;27;9.975;19.86
1359;26;27;9.773;9.73
1360;26;27;8.188;22.06
1361;26;28;11.84;17.09
1362;26;29;28.348;11.73
1363;26;30;6.171;13.28
1364;26;31;27.548;20.62
1365;26;31;32.046;7.9
1366;26;32;5.626;19.36
1367;26;32;5.27;19.73
1368;26;33;8.509;6.04
1369;26;34;49.403;22.43
1370;26;35;13.779;20.22
1371;26;35;14.564;15.54
1372;26;35;13.918;11.55
1373;26;36;17.196;14.16
1374;26;36;14.121;6.53
1375;26;36;20.642;10.72
1376;26;37;14.887;18.71
1377;26;37;15.585;16.84
1378;26;38;38.904;4.16
1379;26;38;31.197;22.78
1380;26;39;8.647;15.3
1381;27;28;5.552;6.69
1382;27;28;5.184;2.2
1383;27;28;5.833;5.8
1384;27;29;23.314;21.89
1385;27;30;13.977;23.0
1386;27;30;14.951;20.77
1387;27;30;15.827;3.31
1388;27;31;18.593;17.46
1389;27;31;18.733;20.83
1390;27;31;14.37;20.96
1391;27;32;10.906;11.95
1392;27;32;9.537;1.38
1393;27;32;8.635;8.93
1394;27;33;13.646;14.07
1395;27;33;16.572;19.87
1396;27;34;41.339;13.68
1397;27;34;37.146;10.98
1398;27;34;49.016;23.13
1399;27;35;5.368;19.57
1400;27;35;6.632;4.08
1401;27;36;8.673;8.67
1402;27;37;10.664;3.99
1403;27;37;12.21;11.93
1404;27;37;8.933;1.22
1405;27;38;47.138;19.03
1406;27;38;53.745;9.33
1407;27;38;38.404;19.21
1408;27;39;18.52;7.41
1409;28;29;18.012;0.61
1410;28;29;13.777;22.24
1411;28;30;13.365;4.53
1412;28;31;15.85;7.66
1413;28;31;13.651;22.36
1414;28;32;9.857;0.71
1415;28;32;9.934;24.8
1416;28;33;17.927;6.82
1417;28;34;44.744;10.66
1418;28;34;42.779;24.42
1419;28;35;10.255;14.38
1420;28;35;11.793;10.34
1421;28;35;9.386;3.29
1422;28;36;12.986;13.71
1423;28;37;5.126;1.15
1424;28;37;5.462;18.8
1425;28;37;3.927;21.68
1426;28;38;45.011;22.65
1427;28;38;46.479;9.32
1428;28;38;43.676;7.21
1429;28;39;19.29;10.79
1430;28;39;20.534;7.76
1431;28;39;20.772;21.96
1432;29;30;26.6;1.29
1433;29;31;14.211;9.05
1434;29;32;23.842;20.19
1435;29;32;29.674;24.18
1436;29;33;35.678;11.08
1437;29;34;53.889;15.59
1438;29;34;50.108;17.77
1439;29;34;59.603;24.61
1440;29;35;26.738;22.88
1441;29;36;28.152;4.91
1442;29;37;13.572;11.89
1443;29;38;48.597;0.65
1444;29;39;33.232;11.61
1445;29;39;32.548;17.95
1446;30;31;28.942;6.63
1447;30;31;34.174;1.5
1448;30;31;31.622;24.62
1449;30;32;3.511;2.06
1450;30;33;14.098;7.42
1451;30;33;13.025;8.56
1452;30;34;54.858;13.52
1453;30;34;44.598;15.21
1454;30;34;65.439;7.36
1455;30;35;18.747;10.54
1456;30;36;22.231;19.61
1457;30;36;20.06;22.47
1458;30;37;14.274;6.29
1459;30;38;33.346;2.35
1460;30;38;27.375;18.15
1461;30;38;33.054;13.04
1462;30;39;6.651;22.3
1463;31;32;25.458;10.23
1464;31;32;21.77;5.76
1465;31;33;32.193;1.3
1466;31;34;39.809;23.61
1467;31;34;46.56;18.93
1468;31;34;47.646;0.61
1469;31;35;19.096;14.79
1470;31;35;23.461;21.5
1471;31;36;18.795;5.04
1472;31;37;15.322;3.77
1473;31;38;57.987;13.89
1474;31;38;44.542;11.37
1475;31;39;35.108;21.63
1476;32;33;14.133;5.03
1477;32;34;52.136;7.29
1478;32;34;43.063;24.31
1479;32;34;47.139;5.65
1480;32;35;15.957;23.03
1481;32;35;13.522;7.05
1482;32;36;19.418;10.59
1483;32;37;11.015;11.75
1484;32;37;10.888;18.24
1485;32;38;36.232;16.19
1486;32;39;9.829;19.96
1487;32;39;9.753;13.89
1488;33;34;46.073;21.96
1489;33;35;14.37;3.52
1490;33;35;15.963;10.15
1491;33;35;11.682;8.4
1492;33;36;16.91;0.79
1493;33;36;16.293;21.06
1494;33;36;16.334;24.2
1495;33;37;22.127;1.01
1496;33;37;16.909;4.54
1497;33;37;26.944;14.29
1498;33;38;44.173;20.37
1499;33;38;45.529;15.64
1500;33;38;36.761;21.58
1501;33;39;12.868;3.52
1502;33;39;13.282;4.03
1503;33;39;13.072;22.91
1504;34;35;36.181;10.16
1505;34;36;32.72;22.95
1506;34;36;35.4;3.14
1507;34;37;48.598;8.92
1508;34;37;59.299;13.98
1509;34;37;57.411;4.41
1510;34;38;88.195;9.77
1511;34;38;98.208;7.34
1512;34;39;57.583;7.88
1513;35;36;3.485;21.87
1514;35;36;2.833;15.97
1515;35;37;15.282;2.89
1516;35;37;16.643;15.2
1517;35;37;16.845;4.93
1518;35;38;52.082;17.38
1519;35;38;55.624;12.81
1520;35;38;41.817;17.85
1521;35;39;22.391;5.51
1522;35;39;26.546;13.74
1523;36;37;17.776;0.54
1524;36;37;13.772;19.86
1525;36;38;55.565;9.9
1526;36;39;25.77;6.0
1527;36;39;19.624;21.45
1528;36;39;21.976;0.58
1529;37;38;43.076;14.58
1530;37;38;38.574;7.03
1531;37;39;20.827;4.54
1532;38;39;31.387;8.08
1533;38;39;29.511;0.47
1534;38;39;35.997;10.27
