VERTEX_COUNT 40
PATH_COUNT 1
BUDGET 240
<------------ VERTICES ------------>
0;START;41.374834;2.170055;0.0;0.0
1;Imaginart Gallery;41.393822;2.164627;45.0;100.0
2;Arts Santa Mònica;41.37722;2.176012;45.0;96.69
3;Barcelona;41.389034;2.16137;45.0;92.97
4;Atelier;41.407719;2.158233;45.0;92.19
5;Contrast;41.387928;2.161469;45.0;90.69
6;Lorena Ruiz de Villa;41.397858;2.146705;45.0;90.34
7;Carles Taché;41.389851;2.164213;45.0;86.36
8;Galeria Mayoral;41.389542;2.163808;45.0;83.66
9;Piramidon Centre d’Art Contemporani;41.422626;2.209764;45.0;79.48
10;Galeria d’Art Mar Grup Escolà;41.392349;2.167836;45.0;77.45
11;A. Cortina;41.391098;2.161385;45.0;72.84
12;Galeria Ferran Cano;41.375816;2.177766;45.0;72.08
13;Àngels Barcelona;41.382534;2.169249;45.0;71.09
14;L’Aquàrium;41.376625;2.184117;45.0;70.43
15;Beaskoa;41.384792;2.181268;45.0;70.35
16;Carmen Sallent;41.39637;2.153188;45.0;70.3
17;Parc de Diagonal Mar;41.407215;2.214539;45.0;69.66
18;Artur Ramon Art;41.383682;2.17456;45.0;67.53
19;Galeria Miquel Alzueta;41.397125;2.156751;45.0;65.99
20;Museu Nacional d’Art de Catalunya;41.36882;2.153347;45.0;65.49
21;Platja de la Nova Mar Bella;41.40205;2.21529;45.0;65.09
22;Museu d’Història de Catalunya - MHC;41.380852;2.185799;45.0;64.76
23;Despair;41.387653;2.188076;45.0;63.26
24;Pèrgamon Quatre Gràfica Quatre;41.382576;2.173292;45.0;62.56
25;Parc de la Creueta del Coll;41.41935;2.146432;45.0;60.38
26;Monument to Doctor Robert;41.394924;2.175599;45.0;60.37
27;Platja de la Barceloneta;41.379158;2.192717;45.0;60.36
28;Artevistas Gallery;41.381779;2.17652;45.0;60.25
29;La Colmena;41.383835;2.178294;45.0;58.73
30;Mural de les Olles (Pots Mural);41.370934;2.157416;45.0;58.62
31;Àmbit;41.389328;2.163531;45.0;58.14
32;Avinguda d’Icària;41.391556;2.197416;45.0;57.41
33;Platja del Bogatell;41.394341;2.2066;45.0;57.12
34;Museu Frederic Marès;41.384178;2.176819;45.0;56.79
35;Museu Palmero;41.424667;2.139856;45.0;56.3
36;Parc de la Ciutadella;41.389248;2.186548;45.0;55.55
37;Basilica of the Sagrada Família;41.403568;2.174435;45.0;55.55
38;Barcelona Head;41.380924;2.182465;45.0;55.44
39;FINISH;41.374834;2.170055;0.0;0.0
<------------- EDGES -------------->
0;0;1;33.232;18.86
1;0;1;30.278;9.91
2;0;2;8.671;20.69
3;0;2;10.471;24.16
4;0;2;8.753;13.82
5;0;3;26.736;12.28
6;0;3;21.208;1.76
7;0;4;58.284;13.55
8;0;4;72.842;21.91
9;0;5;24.972;8.59
10;0;6;49.508;5.35
11;0;6;57.232;22.61
12;0;7;26.77;7.32
13;0;7;25.611;7.29
14;0;8;26.416;17.21
15;0;9;96.367;18.64
16;0;9;87.476;7.14
17;0;10;30.107;19.76
18;0;11;29.975;14.84
19;0;12;10.043;9.07
20;0;12;11.755;5.81
21;0;13;13.217;0.95
22;0;13;13.904;5.06
23;0;14;18.315;14.01
24;0;14;15.506;15.36
25;0;14;15.259;19.91
26;0;15;22.308;5.12
27;0;16;42.745;15.17
28;0;16;39.713;1.97
29;0;16;47.287;19.36
30;0;17;79.572;3.96
31;0;17;80.735;22.82
32;0;17;93.895;3.96
33;0;18;16.208;21.78
34;0;18;15.03;2.51
35;0;19;41.795;21.94
36;0;19;44.976;1.9
37;0;19;46.359;20.99
38;0;20;23.796;22.7
39;0;20;20.932;13.64
40;0;21;74.442;8.89
41;0;21;73.259;1.84
42;0;22;22.688;12.5
43;0;22;27.333;10.72
44;0;22;25.852;7.98
45;0;23;31.884;16.98
46;0;24;13.885;3.45
47;0;24;14.608;18.56
48;0;25;81.991;2.33
49;0;26;35.108;24.2
50;0;27;30.026;1.42
51;0;27;29.358;16.32
52;0;27;34.886;23.02
53;0;28;14.497;3.18
54;0;28;16.752;21.1
55;0;28;14.675;1.04
56;0;29;18.686;23.63
57;0;30;17.549;8.02
58;0;31;26.179;1.33
59;0;32;45.309;18.85
60;0;33;57.583;15.82
61;0;33;62.954;19.67
62;0;34;18.196;5.5
63;0;34;21.579;8.54
64;0;34;15.777;23.39
65;0;35;93.673;6.31
66;0;35;91.216;19.36
67;0;36;32.509;18.03
68;0;36;25.479;8.63
69;0;37;49.491;8.68
70;0;37;39.471;10.62
71;0;38;19.04;9.65
72;0;39;0.0;8.11
73;0;39;0.0;0.23
74;0;39;0.0;12.19
75;1;2;31.95;8.37
76;1;2;26.334;17.23
77;1;3;9.199;19.47
78;1;3;8.293;7.58
79;1;3;10.268;11.04
80;1;4;25.157;6.84
81;1;4;27.197;10.05
82;1;4;23.756;10.83
83;1;5;10.87;4.25
84;1;6;24.021;24.64
85;1;7;6.816;1.53
86;1;8;7.399;17.74
87;1;8;8.778;18.0
88;1;8;7.97;22.5
89;1;9;76.063;20.05
90;1;9;69.668;22.34
91;1;10;4.83;13.76
92;1;10;5.101;20.88
93;1;10;5.378;24.82
94;1;11;6.249;8.21
95;1;11;5.08;15.19
96;1;12;35.128;2.33
97;1;12;27.96;11.02
98;1;12;31.381;24.09
99;1;13;20.207;16.38
100;1;13;16.858;10.63
101;1;14;38.629;24.75
102;1;15;26.367;16.11
103;1;15;19.89;23.54
104;1;16;15.318;8.11
105;1;16;18.811;12.17
106;1;17;68.043;23.91
107;1;17;55.817;6.28
108;1;17;67.948;16.12
109;1;18;21.534;15.72
110;1;19;11.583;19.61
111;1;20;45.169;5.45
112;1;21;66.54;22.39
113;1;22;35.092;15.67
114;1;23;31.901;5.13
115;1;23;32.833;4.55
116;1;23;38.42;7.68
117;1;24;22.228;3.73
118;1;24;26.189;22.84
119;1;24;26.075;22.4
120;1;25;49.535;7.98
121;1;26;14.211;1.69
122;1;26;15.719;3.54
123;1;26;15.714;6.42
124;1;27;43.935;22.17
125;1;27;52.268;9.41
126;1;28;25.648;10.69
127;1;28;28.798;5.76
128;1;28;20.913;2.85
129;1;29;24.494;22.05
130;1;29;29.52;14.14
131;1;30;40.246;7.36
132;1;30;45.749;9.03
133;1;30;33.589;4.91
134;1;31;7.818;3.4
135;1;31;8.256;20.36
136;1;32;42.271;13.77
137;1;32;51.449;18.41
138;1;32;50.845;0.29
139;1;33;53.889;9.39
140;1;34;22.745;13.49
141;1;35;61.618;10.81
142;1;35;76.083;11.4
143;1;35;59.852;9.83
144;1;36;29.21;15.05
145;1;36;31.001;16.33
146;1;36;36.379;15.49
147;1;37;20.896;24.7
148;1;37;19.073;24.0
149;1;37;19.271;16.24
150;1;38;31.806;13.26
151;1;38;35.277;10.78
152;1;39;33.232;2.34
153;1;39;41.07;20.0
154;2;3;27.607;16.84
155;2;3;21.417;4.65
156;2;4;56.963;16.28
157;2;4;55.377;10.02
158;2;4;60.768;6.57
159;2;5;26.162;17.87
160;2;6;51.604;16.74
161;2;7;26.395;4.4
162;2;7;24.458;8.29
163;2;8;26.27;1.11
164;2;8;20.154;0.28
165;2;9;88.962;21.77
166;2;10;27.936;17.41
167;2;10;24.339;8.28
168;2;11;30.277;24.65
169;2;12;3.293;15.68
170;2;13;12.574;14.28
171;2;13;10.738;16.87
172;2;14;10.457;20.13
173;2;14;11.849;4.98
174;2;14;9.113;23.89
175;2;15;14.61;4.95
176;2;16;43.961;0.99
177;2;16;47.124;12.23
178;2;17;71.28;16.17
179;2;17;71.647;2.01
180;2;17;59.342;10.25
181;2;18;11.214;22.93
182;2;19;42.092;13.2
183;2;19;37.972;12.36
184;2;20;32.461;1.46
185;2;20;38.692;3.96
186;2;21;65.94;9.15
187;2;22;14.02;18.22
188;2;22;14.542;11.81
189;2;22;13.639;10.58
190;2;23;23.636;5.69
191;2;23;23.547;21.9
192;2;24;9.808;9.96
193;2;24;10.471;13.6
194;2;24;10.898;11.09
195;2;25;81.482;23.51
196;2;26;30.3;18.81
197;2;27;21.705;9.12
198;2;27;18.199;24.03
199;2;28;7.829;18.14
200;2;29;11.693;22.59
201;2;29;11.325;20.23
202;2;29;13.896;21.54
203;2;30;26.19;20.36
204;2;30;20.787;8.17
205;2;31;26.193;16.12
206;2;31;22.05;11.99
207;2;32;36.838;9.81
208;2;32;28.196;9.83
209;2;32;41.363;24.36
210;2;33;48.996;8.96
211;2;34;11.952;12.25
212;2;35;93.521;10.67
213;2;36;24.63;6.86
214;2;36;22.879;18.42
215;2;37;45.133;0.97
216;2;37;34.536;8.53
217;2;38;10.432;20.06
218;2;39;8.671;4.33
219;3;4;32.227;22.18
220;3;4;28.21;17.82
221;3;4;28.702;14.31
222;3;5;1.897;15.04
223;3;5;1.878;1.82
224;3;5;2.308;1.18
225;3;6;24.134;18.85
226;3;6;19.069;12.51
227;3;6;29.905;22.29
228;3;7;3.909;24.88
229;3;7;4.837;16.46
230;3;7;4.542;3.79
231;3;8;3.248;21.67
232;3;8;2.928;8.72
233;3;8;3.943;5.05
234;3;9;84.631;14.69
235;3;9;97.003;16.24
236;3;10;10.054;0.5
237;3;11;3.532;24.41
238;3;11;2.845;1.78
239;3;12;30.9;9.66
240;3;13;15.035;13.82
241;3;13;18.3;4.26
242;3;14;36.11;10.36
243;3;14;43.224;14.81
244;3;14;34.469;2.08
245;3;15;26.558;8.13
246;3;15;30.677;10.24
247;3;15;23.755;15.89
248;3;16;16.368;18.21
249;3;17;75.007;24.2
250;3;17;67.282;9.39
251;3;18;19.252;11.98
252;3;18;21.525;7.07
253;3;18;18.881;3.82
254;3;19;15.062;17.86
255;3;20;36.092;7.76
256;3;21;72.712;11.76
257;3;21;66.623;3.52
258;3;22;34.348;19.28
259;3;23;34.368;0.15
260;3;23;40.704;10.64
261;3;24;18.879;24.66
262;3;24;17.426;15.73
263;3;24;20.629;2.25
264;3;25;55.307;2.7
265;3;25;47.257;24.87
266;3;25;46.627;20.85
267;3;26;20.863;22.38
268;3;26;16.262;7.08
269;3;26;16.059;7.07
270;3;27;43.651;8.85
271;3;27;47.175;0.92
272;3;28;23.075;22.32
273;3;29;23.479;8.8
274;3;30;31.387;9.03
275;3;31;2.82;19.73
276;3;31;2.293;8.03
277;3;32;46.477;23.38
278;3;32;49.574;4.24
279;3;33;58.771;0.08
280;3;33;52.978;9.22
281;3;33;54.662;14.19
282;3;34;21.505;3.47
283;3;34;18.832;17.62
284;3;34;21.399;10.16
285;3;35;66.937;15.43
286;3;35;82.959;4.35
287;3;35;59.088;21.0
288;3;36;32.326;2.78
289;3;36;33.545;16.36
290;3;37;29.997;17.34
291;3;38;30.433;23.15
292;3;39;26.736;18.51
293;3;39;21.255;21.42
294;4;5;34.121;8.41
295;4;5;39.703;11.09
296;4;5;27.665;21.32
297;4;6;22.443;19.79
298;4;6;26.864;4.1
299;4;7;31.525;21.03
300;4;7;34.473;6.81
301;4;7;28.181;3.08
302;4;8;31.918;21.27
303;4;8;37.531;16.66
304;4;8;27.142;17.13
305;4;9;70.88;13.6
306;4;9;69.627;7.59
307;4;10;29.047;2.36
308;4;10;28.158;0.37
309;4;10;36.289;9.54
310;4;11;28.729;18.96
311;4;12;60.077;2.72
312;4;12;48.303;19.75
313;4;13;45.358;8.59
314;4;13;56.294;2.73
315;4;14;62.732;18.26
316;4;15;49.129;16.87
317;4;16;20.472;20.4
318;4;16;20.831;15.93
319;4;17;72.272;24.8
320;4;17;60.886;13.34
321;4;18;46.165;1.93
322;4;18;38.343;12.64
323;4;19;18.228;5.77
324;4;20;66.86;6.57
325;4;21;73.873;21.49
326;4;21;85.369;18.55
327;4;21;86.16;18.87
328;4;22;58.017;17.16
329;4;23;51.445;3.07
330;4;23;42.831;23.9
331;4;24;47.169;0.1
332;4;25;25.01;3.4
333;4;25;23.063;13.24
334;4;26;31.245;3.2
335;4;26;30.855;10.8
336;4;26;31.505;16.7
337;4;27;65.942;23.23
338;4;27;57.771;11.69
339;4;27;57.329;14.09
340;4;28;50.214;5.61
341;4;28;56.872;24.04
342;4;28;55.661;2.79
343;4;29;48.307;17.77
344;4;29;54.072;6.89
345;4;29;39.865;5.25
346;4;30;62.956;21.26
347;4;30;58.948;4.48
348;4;31;32.198;24.01
349;4;32;57.399;10.16
350;4;33;66.17;21.85
351;4;34;46.819;22.08
352;4;34;55.486;19.02
353;4;35;37.38;13.85
354;4;35;35.008;3.06
355;4;35;33.242;0.8
356;4;36;48.168;23.25
357;4;36;56.288;24.19
358;4;36;52.996;5.66
359;4;37;21.975;2.63
360;4;37;24.713;24.34
361;4;38;55.408;14.94
362;4;39;58.284;4.5
363;4;39;44.92;17.69
364;4;39;65.91;24.92
365;5;6;25.455;16.6
366;5;6;26.044;2.05
367;5;7;4.821;8.89
368;5;7;4.148;0.48
369;5;7;5.884;10.75
370;5;8;4.08;0.66
371;5;8;3.828;9.77
372;5;8;4.869;6.84
373;5;9;85.837;6.93
374;5;9;66.23;23.55
375;5;10;11.138;12.8
376;5;11;5.426;8.13
377;5;12;29.452;0.44
378;5;12;28.812;15.39
379;5;13;13.601;10.08
380;5;14;34.924;14.97
381;5;15;25.98;15.0
382;5;15;29.916;5.25
383;5;15;26.936;18.22
384;5;16;17.936;6.2
385;5;16;16.066;6.33
386;5;16;15.402;3.33
387;5;17;75.698;22.84
388;5;18;18.311;2.76
389;5;19;16.863;14.71
390;5;19;14.815;17.39
391;5;19;15.984;22.56
392;5;20;34.321;17.42
393;5;21;73.195;7.23
394;5;21;79.432;1.97
395;5;22;33.502;12.27
396;5;22;30.32;4.09
397;5;22;36.487;2.52
398;5;23;34.163;1.91
399;5;24;17.728;22.7
400;5;24;21.625;16.26
401;5;24;17.538;20.25
402;5;25;57.129;3.88
403;5;26;21.734;20.42
404;5;26;19.496;18.6
405;5;27;42.835;6.03
406;5;27;37.145;17.69
407;5;27;46.858;14.53
408;5;28;22.003;14.81
409;5;29;22.709;17.23
410;5;29;26.381;22.48
411;5;30;29.543;2.08
412;5;30;24.533;19.29
413;5;31;3.57;21.98
414;5;32;46.565;12.47
415;5;33;58.969;14.63
416;5;33;62.826;0.9
417;5;33;51.362;4.33
418;5;34;20.726;14.36
419;5;34;23.378;19.55
420;5;34;15.739;15.31
421;5;35;68.717;23.14
422;5;35;52.875;18.98
423;5;35;70.86;22.62
424;5;36;32.276;13.48
425;5;36;26.297;1.71
426;5;36;28.002;17.29
427;5;37;31.517;4.8
428;5;37;28.29;19.75
429;5;37;38.494;5.13
430;5;38;29.502;23.88
431;5;38;26.393;12.75
432;5;39;24.972;22.62
433;6;7;26.323;20.39
434;6;7;26.524;0.65
435;6;7;20.856;16.17
436;6;8;26.164;24.88
437;6;8;30.88;9.0
438;6;9;91.357;22.05
439;6;9;76.912;24.82
440;6;9;109.604;3.43
441;6;10;28.717;18.39
442;6;10;28.707;23.11
443;6;11;22.112;6.91
444;6;11;24.836;1.36
445;6;11;18.195;11.31
446;6;12;54.891;22.38
447;6;12;59.085;24.6
448;6;12;55.319;10.32
449;6;13;39.055;2.57
450;6;14;60.227;20.38
451;6;14;64.08;11.68
452;6;15;49.686;11.59
453;6;16;8.703;23.31
454;6;16;8.878;7.24
455;6;16;8.018;12.2
456;6;17;88.529;17.48
457;6;17;108.297;5.11
458;6;18;43.212;18.01
459;6;19;12.957;15.8
460;6;19;13.97;15.73
461;6;20;50.417;20.99
462;6;20;45.959;17.95
463;6;21;88.328;5.89
464;6;21;75.008;20.54
465;6;22;58.016;14.18
466;6;23;55.908;2.33
467;6;23;63.522;15.69
468;6;23;46.791;7.42
469;6;24;42.999;17.61
470;6;24;50.333;21.31
471;6;25;36.779;7.14
472;6;25;38.954;19.7
473;6;26;37.429;21.74
474;6;26;45.501;19.04
475;6;26;41.212;10.82
476;6;27;67.183;21.25
477;6;27;52.659;20.87
478;6;27;68.304;15.6
479;6;28;47.14;3.36
480;6;28;41.723;7.38
481;6;28;53.038;19.76
482;6;29;47.122;17.6
483;6;30;48.082;11.92
484;6;30;40.047;14.87
485;6;31;26.07;3.25
486;6;31;20.817;16.39
487;6;31;25.406;8.68
488;6;32;65.986;3.04
489;6;32;62.796;6.95
490;6;33;77.122;17.98
491;6;34;45.195;18.86
492;6;34;35.314;7.29
493;6;34;55.246;17.27
494;6;35;46.711;22.92
495;6;35;43.789;8.06
496;6;35;39.33;21.05
497;6;36;53.228;11.55
498;6;37;36.911;1.21
499;6;37;37.033;5.49
500;6;38;54.29;15.75
501;6;38;55.676;3.19
502;6;39;49.508;5.59
503;6;39;50.521;6.65
504;7;8;0.742;15.81
505;7;9;81.016;13.08
506;7;9;70.529;20.32
507;7;10;6.317;9.55
508;7;10;4.821;6.17
509;7;11;4.211;15.14
510;7;11;3.849;3.8
511;7;11;4.352;11.83
512;7;12;29.659;13.22
513;7;13;14.092;3.19
514;7;14;34.137;11.87
515;7;14;29.928;20.95
516;7;14;31.17;16.26
517;7;15;23.546;18.75
518;7;15;23.921;7.2
519;7;16;18.021;2.51
520;7;17;71.106;5.09
521;7;17;62.459;12.19
522;7;18;16.968;18.32
523;7;18;19.547;17.61
524;7;19;15.707;8.25
525;7;20;38.599;5.4
526;7;21;68.81;16.15
527;7;22;31.705;21.92
528;7;22;29.565;12.24
529;7;22;34.111;14.54
530;7;23;30.866;18.07
531;7;23;27.416;2.23
532;7;23;25.919;8.79
533;7;24;17.054;21.57
534;7;25;55.399;18.8
535;7;26;17.0;11.2
536;7;27;40.916;10.01
537;7;27;47.314;11.22
538;7;28;20.987;4.69
539;7;29;20.804;11.22
540;7;29;16.154;2.63
541;7;29;16.73;14.0
542;7;30;33.527;11.76
543;7;31;1.252;13.03
544;7;31;1.193;13.86
545;7;31;1.516;7.35
546;7;32;42.726;0.06
547;7;32;41.251;2.73
548;7;33;54.955;6.91
549;7;33;59.156;23.95
550;7;33;46.151;8.86
551;7;34;18.873;20.16
552;7;35;67.282;4.89
553;7;36;28.693;18.36
554;7;36;26.658;9.99
555;7;37;26.892;0.35
556;7;37;33.61;10.61
557;7;38;27.973;21.74
558;7;38;21.349;6.01
559;7;38;24.645;23.24
560;7;39;26.77;16.8
561;7;39;25.363;0.39
562;8;9;81.758;11.09
563;8;10;7.058;18.82
564;8;10;6.145;16.33
565;8;11;4.095;21.12
566;8;12;29.545;24.4
567;8;13;13.879;23.8
568;8;14;34.184;5.52
569;8;14;42.568;0.23
570;8;15;23.844;10.46
571;8;16;17.955;3.59
572;8;16;22.094;22.85
573;8;17;71.8;1.51
574;8;17;78.693;10.66
575;8;17;89.128;16.76
576;8;18;17.062;6.43
577;8;18;13.781;7.94
578;8;18;13.381;24.6
579;8;19;15.826;6.64
580;8;20;37.919;20.0
581;8;21;69.467;4.32
582;8;21;76.738;14.89
583;8;22;31.911;19.3
584;8;23;31.323;0.49
585;8;24;17.04;5.16
586;8;24;14.258;0.74
587;8;25;55.671;5.18
588;8;26;17.719;2.84
589;8;26;18.36;14.23
590;8;26;17.745;13.95
591;8;27;41.151;8.57
592;8;27;41.158;12.79
593;8;27;37.719;17.06
594;8;28;21.044;5.49
595;8;29;21.006;0.57
596;8;29;16.802;11.0
597;8;30;32.883;12.28
598;8;30;31.115;13.6
599;8;30;27.361;14.17
600;8;31;0.51;13.47
601;8;31;0.485;14.43
602;8;32;43.283;4.57
603;8;32;38.379;19.98
604;8;32;36.761;0.14
605;8;33;55.546;14.28
606;8;33;66.484;18.38
607;8;33;63.765;18.41
608;8;34;19.06;10.21
609;8;34;21.325;14.45
610;8;35;67.512;5.15
611;8;36;29.198;4.65
612;8;37;27.608;23.93
613;8;38;28.129;4.25
614;8;38;24.444;8.27
615;8;38;27.9;22.52
616;8;39;26.416;14.32
617;8;39;29.259;3.83
618;9;10;74.701;18.58
619;9;11;82.258;1.31
620;9;11;62.04;13.27
621;9;11;100.343;3.08
622;9;12;90.019;6.29
623;9;13;86.088;13.6
624;9;13;68.554;19.03
625;9;14;85.325;8.05
626;9;14;102.467;1.85
627;9;14;100.343;0.86
628;9;15;74.36;18.12
629;9;15;66.536;17.46
630;9;15;74.786;17.73
631;9;16;85.388;23.1
632;9;17;27.074;21.36
633;9;17;30.214;22.53
634;9;18;80.517;6.39
635;9;19;80.83;24.9
636;9;20;117.144;14.38
637;9;21;35.917;18.22
638;9;22;77.822;17.75
639;9;23;66.004;24.09
640;9;23;58.7;20.94
641;9;23;52.455;23.04
642;9;24;82.997;0.95
643;9;25;81.461;11.86
644;9;25;82.534;24.66
645;9;26;64.575;14.06
646;9;27;77.535;7.69
647;9;27;80.474;23.93
648;9;27;58.985;2.3
649;9;28;81.894;24.95
650;9;29;77.704;0.31
651;9;29;70.168;2.23
652;9;29;58.495;17.32
653;9;30;111.086;1.81
654;9;31;82.268;23.11
655;9;31;83.588;3.49
656;9;31;100.594;17.16
657;9;32;55.48;11.53
658;9;32;61.246;15.16
659;9;33;48.572;17.54
660;9;33;47.855;12.02
661;9;34;78.211;24.44
662;9;35;89.77;22.82
663;9;36;64.423;23.76
664;9;36;63.794;4.46
665;9;36;66.91;8.62
666;9;37;55.85;6.43
667;9;37;59.39;9.75
668;9;38;79.5;18.77
669;9;38;88.595;13.38
670;9;39;96.367;4.42
671;9;39;119.203;9.63
672;10;11;8.554;4.59
673;10;12;31.032;4.41
674;10;13;16.893;20.27
675;10;13;15.034;13.3
676;10;14;34.073;23.4
677;10;14;38.165;14.86
678;10;15;21.555;6.64
679;10;15;26.757;0.66
680;10;16;20.023;6.65
681;10;17;65.123;4.81
682;10;17;69.384;17.81
683;10;17;53.784;19.68
684;10;18;17.161;11.82
685;10;19;16.41;13.59
686;10;19;17.961;22.63
687;10;20;44.354;10.37
688;10;20;37.449;17.72
689;10;21;63.137;4.22
690;10;21;68.468;9.64
691;10;21;49.172;4.17
692;10;22;30.314;19.76
693;10;22;32.654;19.86
694;10;23;27.199;14.35
695;10;23;23.929;24.08
696;10;24;18.132;20.79
697;10;25;53.755;21.04
698;10;25;41.222;9.71
699;10;26;10.896;10.41
700;10;27;39.115;22.82
701;10;27;30.856;5.96
702;10;28;21.248;24.9
703;10;28;21.809;23.02
704;10;29;19.813;1.79
705;10;29;24.573;7.82
706;10;29;14.865;8.02
707;10;30;39.012;18.03
708;10;30;30.698;22.13
709;10;30;45.132;4.36
710;10;31;7.568;15.72
711;10;32;37.998;22.68
712;10;32;34.787;14.33
713;10;32;40.727;12.56
714;10;33;49.88;22.94
715;10;34;18.125;1.24
716;10;34;16.214;21.25
717;10;34;17.125;11.82
718;10;35;65.94;10.73
719;10;35;72.766;3.88
720;10;35;75.669;8.16
721;10;36;24.601;14.44
722;10;37;20.984;3.82
723;10;37;23.939;18.18
724;10;38;27.111;10.98
725;10;38;21.505;11.45
726;10;39;30.107;20.38
727;10;39;32.754;8.59
728;11;12;33.559;9.89
729;11;12;27.542;6.99
730;11;13;17.796;11.12
731;11;13;20.147;5.18
732;11;13;16.266;8.41
733;11;14;38.278;8.19
734;11;14;36.737;22.95
735;11;15;27.714;17.38
736;11;16;13.861;7.76
737;11;16;11.231;11.24
738;11;16;12.82;11.44
739;11;17;73.593;22.13
740;11;17;87.815;23.6
741;11;17;77.838;19.35
742;11;18;21.146;5.92
743;11;19;11.906;2.5
744;11;20;39.495;10.95
745;11;21;71.69;9.33
746;11;21;72.234;22.25
747;11;22;35.915;5.02
748;11;23;34.77;13.28
749;11;23;35.13;0.58
750;11;23;32.782;7.81
751;11;24;21.127;23.02
752;11;25;52.016;9.34
753;11;25;62.18;18.68
754;11;26;19.386;7.12
755;11;27;45.119;16.11
756;11;28;25.137;5.22
757;11;29;25.015;10.39
758;11;29;23.357;2.25
759;11;30;34.88;17.64
760;11;30;26.513;11.61
761;11;31;4.094;5.5
762;11;32;46.263;10.38
763;11;32;52.687;2.53
764;11;32;36.927;11.4
765;11;33;58.31;10.39
766;11;33;45.769;19.09
767;11;34;23.084;14.56
768;11;34;18.281;8.1
769;11;35;63.744;4.69
770;11;35;66.738;21.75
771;11;36;32.459;6.96
772;11;36;39.513;18.28
773;11;36;38.137;5.54
774;11;37;27.129;3.46
775;11;38;32.181;23.18
776;11;39;29.975;1.13
777;12;13;15.867;17.23
778;12;14;8.272;6.36
779;12;14;7.037;11.82
780;12;15;16.005;10.31
781;12;15;14.814;22.25
782;12;16;47.253;15.71
783;12;17;71.524;6.73
784;12;18;14.076;5.87
785;12;18;12.984;15.62
786;12;19;45.361;17.48
787;12;19;54.29;8.62
788;12;20;33.565;10.03
789;12;21;65.849;2.95
790;12;22;13.441;11.4
791;12;22;15.603;12.73
792;12;22;14.808;14.91
793;12;23;24.198;7.1
794;12;23;30.226;8.94
795;12;23;24.104;13.61
796;12;24;12.916;0.04
797;12;24;15.596;6.58
798;12;24;10.202;21.26
799;12;25;84.661;23.49
800;12;26;32.816;4.03
801;12;26;33.888;15.36
802;12;26;32.672;17.47
803;12;27;20.032;14.63
804;12;27;15.121;17.32
805;12;27;20.155;4.83
806;12;28;10.329;17.67
807;12;29;13.739;1.65
808;12;29;15.807;9.19
809;12;30;27.435;5.0
810;12;31;29.473;8.4
811;12;32;36.905;7.01
812;12;32;29.948;21.02
813;12;33;48.738;7.28
814;12;33;55.189;3.11
815;12;33;55.554;21.45
816;12;34;14.361;11.48
817;12;34;17.574;20.35
818;12;34;15.818;6.58
819;12;35;96.727;9.28
820;12;35;116.844;18.68
821;12;36;25.602;3.01
822;12;37;47.682;1.13
823;12;37;51.406;14.79
824;12;38;10.621;10.81
825;12;38;10.242;12.24
826;12;39;10.043;13.36
827;13;14;21.603;24.95
828;13;15;15.908;9.45
829;13;15;14.957;14.61
830;13;16;31.396;24.69
831;13;16;34.861;11.93
832;13;17;71.861;14.03
833;13;17;84.262;24.49
834;13;18;7.096;14.72
835;13;18;7.801;6.35
836;13;19;29.679;4.44
837;13;19;30.07;1.69
838;13;20;31.108;20.83
839;13;20;24.854;6.79
840;13;21;67.888;23.99
841;13;22;21.444;11.19
842;13;22;17.43;23.43
843;13;23;25.71;2.98
844;13;23;30.546;4.53
845;13;24;5.192;18.7
846;13;24;5.841;8.99
847;13;24;5.462;20.09
848;13;25;69.475;9.11
849;13;25;57.446;20.51
850;13;26;22.715;24.47
851;13;26;17.778;19.95
852;13;26;18.027;9.77
853;13;27;30.681;19.15
854;13;28;9.425;12.59
855;13;29;11.825;24.6
856;13;29;14.35;2.99
857;13;30;24.998;0.25
858;13;31;13.75;5.09
859;13;31;12.741;8.58
860;13;31;10.597;14.89
861;13;32;39.32;7.34
862;13;32;45.999;11.25
863;13;32;45.609;14.42
864;13;33;52.035;7.99
865;13;34;10.118;7.1
866;13;35;81.373;3.67
867;13;36;25.006;12.54
868;13;36;29.201;13.98
869;13;36;30.746;6.9
870;13;37;36.604;9.58
871;13;37;37.427;8.35
872;13;38;17.191;21.48
873;13;38;17.533;2.57
874;13;38;14.579;12.24
875;13;39;13.217;7.65
876;14;15;14.446;12.11
877;14;16;52.139;21.65
878;14;17;65.31;19.55
879;14;17;73.947;20.48
880;14;17;51.685;18.4
881;14;18;17.217;15.45
882;14;18;20.646;19.32
883;14;19;49.649;19.57
884;14;19;58.684;24.96
885;14;20;41.71;19.25
886;14;21;59.115;20.7
887;14;22;7.549;7.48
888;14;22;7.169;22.21
889;14;23;19.544;20.63
890;14;23;23.706;1.39
891;14;24;17.231;13.78
892;14;25;87.667;5.01
893;14;25;85.073;15.47
894;14;26;33.169;9.26
895;14;27;11.863;16.84
896;14;27;9.905;5.49
897;14;28;13.151;7.33
898;14;28;12.151;1.48
899;14;29;14.427;20.71
900;14;29;11.151;0.98
901;14;29;12.109;11.75
902;14;30;35.644;0.02
903;14;31;34.222;6.26
904;14;31;34.855;21.12
905;14;31;28.032;20.64
906;14;32;30.731;0.84
907;14;32;35.513;13.98
908;14;32;36.469;9.38
909;14;33;41.861;19.72
910;14;33;44.673;14.1
911;14;33;34.603;1.08
912;14;34;15.964;9.56
913;14;35;99.932;6.74
914;14;35;124.238;19.92
915;14;35;105.303;0.02
916;14;36;21.825;6.78
917;14;37;47.752;1.11
918;14;37;58.707;0.13
919;14;38;7.656;22.86
920;14;38;8.892;13.22
921;14;39;18.315;0.18
922;15;16;41.135;23.24
923;15;16;42.482;20.49
924;15;17;57.415;0.4
925;15;17;43.73;0.1
926;15;18;8.82;21.33
927;15;18;10.233;12.62
928;15;19;37.895;9.96
929;15;19;30.423;7.36
930;15;20;45.082;19.1
931;15;21;52.723;10.35
932;15;22;8.905;13.14
933;15;22;6.887;7.5
934;15;23;10.018;22.77
935;15;24;10.92;11.52
936;15;24;12.528;10.11
937;15;24;9.88;3.05
938;15;25;74.139;8.19
939;15;25;88.496;1.57
940;15;25;72.92;22.26
941;15;26;18.804;5.96
942;15;26;19.566;15.43
943;15;27;17.58;8.57
944;15;27;21.525;7.83
945;15;27;19.142;1.17
946;15;28;7.984;23.04
947;15;29;4.155;2.14
948;15;29;4.173;6.9
949;15;29;3.505;22.71
950;15;30;38.735;2.04
951;15;31;24.059;11.33
952;15;31;26.723;4.89
953;15;31;20.319;21.89
954;15;32;23.744;14.73
955;15;33;36.396;18.27
956;15;33;33.003;23.3
957;15;34;5.808;1.17
958;15;34;6.528;21.09
959;15;35;86.494;11.56
960;15;35;93.969;3.23
961;15;35;71.07;4.51
962;15;36;10.203;13.96
963;15;37;33.306;24.83
964;15;37;31.833;17.6
965;15;38;6.795;21.06
966;15;39;22.308;11.63
967;15;39;25.361;14.18
968;15;39;25.54;22.84
969;16;17;80.906;8.74
970;16;17;88.433;14.92
971;16;18;34.989;11.51
972;16;18;35.625;10.25
973;16;18;29.477;12.46
974;16;19;4.753;0.18
975;16;19;4.877;10.09
976;16;20;47.145;21.87
977;16;21;80.306;5.11
978;16;21;100.068;18.97
979;16;21;69.183;8.08
980;16;22;49.578;20.19
981;16;22;41.305;4.7
982;16;23;47.207;1.65
983;16;24;34.976;4.44
984;16;24;38.161;14.02
985;16;24;32.82;3.7
986;16;25;40.269;0.17
987;16;25;42.066;13.23
988;16;25;44.266;17.07
989;16;26;28.875;2.33
990;16;26;33.882;15.71
991;16;27;58.677;21.61
992;16;27;51.005;5.54
993;16;28;38.996;8.61
994;16;29;38.716;18.83
995;16;29;44.054;5.62
996;16;30;43.864;16.99
997;16;30;34.966;12.81
998;16;30;50.046;13.86
999;16;31;17.931;18.46
1000;16;31;18.536;24.16
1001;16;31;15.138;8.45
1002;16;32;57.371;11.31
1003;16;33;68.653;22.55
1004;16;34;36.819;5.73
1005;16;34;37.55;12.83
1006;16;35;51.357;7.01
1007;16;36;44.526;6.56
1008;16;36;53.064;18.65
1009;16;36;34.836;19.2
1010;16;37;29.925;24.78
1011;16;37;25.123;4.01
1012;16;37;36.7;20.46
1013;16;38;45.95;20.57
1014;16;39;42.745;14.56
1015;17;18;65.235;18.81
1016;17;18;51.428;0.74
1017;17;19;76.158;16.67
1018;17;19;62.212;23.07
1019;17;20;102.414;9.45
1020;17;21;8.891;11.21
1021;17;22;58.279;3.1
1022;17;23;47.692;3.95
1023;17;23;47.617;19.27
1024;17;23;44.631;8.82
1025;17;24;67.686;7.33
1026;17;25;89.838;12.9
1027;17;26;54.228;14.23
1028;17;26;44.938;11.79
1029;17;26;67.745;2.72
1030;17;27;55.587;22.09
1031;17;28;65.396;4.38
1032;17;28;49.407;13.66
1033;17;28;49.97;7.57
1034;17;29;61.364;2.13
1035;17;29;50.144;5.14
1036;17;29;70.604;5.45
1037;17;30;96.087;21.94
1038;17;30;104.555;24.62
1039;17;31;72.277;7.99
1040;17;31;83.588;16.67
1041;17;32;34.657;8.78
1042;17;32;29.444;2.61
1043;17;32;39.77;0.81
1044;17;33;24.273;13.42
1045;17;33;26.356;2.48
1046;17;33;19.891;8.05
1047;17;34;62.439;4.77
1048;17;34;65.664;4.79
1049;17;35;100.386;22.03
1050;17;35;114.924;13.63
1051;17;35;118.163;19.98
1052;17;36;47.29;18.9
1053;17;37;51.851;14.21
1054;17;38;60.987;4.1
1055;17;38;57.048;15.3
1056;17;39;79.572;20.69
1057;17;39;65.963;3.42
1058;18;19;32.433;11.93
1059;18;19;34.692;15.12
1060;18;19;28.293;7.73
1061;18;20;37.266;4.82
1062;18;21;61.007;15.45
1063;18;21;71.052;1.92
1064;18;21;48.358;20.24
1065;18;22;15.221;11.48
1066;18;22;12.587;10.05
1067;18;22;12.672;19.14
1068;18;23;18.636;11.96
1069;18;24;2.497;6.9
1070;18;24;2.735;22.71
1071;18;25;70.915;24.51
1072;18;25;79.966;20.03
1073;18;26;19.284;3.48
1074;18;27;24.565;21.47
1075;18;28;4.116;7.74
1076;18;28;3.832;5.3
1077;18;29;4.801;24.43
1078;18;29;4.42;10.88
1079;18;29;5.788;10.18
1080;18;30;30.992;9.34
1081;18;30;34.828;22.68
1082;18;30;23.68;4.77
1083;18;31;17.142;17.92
1084;18;32;32.29;19.07
1085;18;32;36.129;11.23
1086;18;32;27.414;16.85
1087;18;33;44.997;14.9
1088;18;33;49.204;15.76
1089;18;34;3.022;24.48
1090;18;34;3.206;8.71
1091;18;35;83.084;3.58
1092;18;35;72.76;1.11
1093;18;35;99.291;21.59
1094;18;36;18.1;3.84
1095;18;36;15.526;24.53
1096;18;36;21.386;22.28
1097;18;37;34.03;21.06
1098;18;37;31.498;15.44
1099;18;38;11.193;14.92
1100;18;38;11.562;9.81
1101;18;39;16.208;22.78
1102;19;20;48.633;7.33
1103;19;20;54.815;21.42
1104;19;21;75.613;10.22
1105;19;21;74.871;18.07
1106;19;21;92.552;19.37
1107;19;22;46.542;4.81
1108;19;23;43.358;2.65
1109;19;23;50.413;9.45
1110;19;23;37.832;16.55
1111;19;24;32.723;21.74
1112;19;25;40.272;21.64
1113;19;25;30.682;3.91
1114;19;26;24.486;10.0
1115;19;26;25.0;24.45
1116;19;27;55.474;0.58
1117;19;28;36.521;13.16
1118;19;29;35.807;2.1
1119;19;30;44.827;6.61
1120;19;31;15.93;2.72
1121;19;31;15.198;1.69
1122;19;31;14.296;20.89
1123;19;32;53.065;24.03
1124;19;32;40.575;15.97
1125;19;33;64.168;7.22
1126;19;33;54.243;21.37
1127;19;33;73.96;24.88
1128;19;34;33.979;6.25
1129;19;35;51.879;14.72
1130;19;36;40.557;19.44
1131;19;36;49.993;2.79
1132;19;36;34.564;3.98
1133;19;37;25.235;21.76
1134;19;38;43.109;24.0
1135;19;39;41.795;6.52
1136;19;39;38.997;5.13
1137;19;39;32.452;9.47
1138;20;21;97.767;2.42
1139;20;21;93.826;10.27
1140;20;21;86.551;20.94
1141;20;22;46.481;14.53
1142;20;22;55.042;16.82
1143;20;23;55.02;10.87
1144;20;23;67.598;2.77
1145;20;23;51.435;17.86
1146;20;24;34.786;21.1
1147;20;24;39.432;6.32
1148;20;24;28.445;4.49
1149;20;25;86.923;14.22
1150;20;25;104.587;4.17
1151;20;26;53.025;18.6
1152;20;27;53.562;18.49
1153;20;27;48.208;24.22
1154;20;27;54.217;6.86
1155;20;28;37.111;5.63
1156;20;28;34.568;8.7
1157;20;28;38.257;2.05
1158;20;29;41.065;9.36
1159;20;29;50.146;23.01
1160;20;29;37.077;21.94
1161;20;30;6.355;14.21
1162;20;30;5.389;4.67
1163;20;30;6.46;23.67
1164;20;31;37.451;11.8
1165;20;31;45.793;22.62
1166;20;32;68.67;3.67
1167;20;33;81.132;6.26
1168;20;34;39.989;15.13
1169;20;34;30.194;16.95
1170;20;35;97.123;22.1
1171;20;36;55.131;22.99
1172;20;37;65.336;8.2
1173;20;37;79.283;10.64
1174;20;38;42.744;2.38
1175;20;39;23.796;8.37
1176;20;39;18.158;17.79
1177;20;39;19.327;24.25
1178;21;22;52.433;22.36
1179;21;22;40.504;5.82
1180;21;23;42.748;16.51
1181;21;23;40.802;7.33
1182;21;23;35.306;24.47
1183;21;24;63.383;1.83
1184;21;25;93.199;3.57
1185;21;25;106.281;24.8
1186;21;26;52.388;12.58
1187;21;26;52.975;18.44
1188;21;26;57.686;14.7
1189;21;27;48.727;19.1
1190;21;28;60.667;3.88
1191;21;29;56.809;2.9
1192;21;30;91.412;16.79
1193;21;31;69.918;23.63
1194;21;31;59.09;21.61
1195;21;32;29.136;3.16
1196;21;32;27.98;6.95
1197;21;33;17.276;10.87
1198;21;34;58.09;20.2
1199;21;35;104.258;12.0
1200;21;35;123.517;16.5
1201;21;35;92.403;17.0
1202;21;36;42.91;21.17
1203;21;36;35.876;7.03
1204;21;36;42.787;11.84
1205;21;37;52.504;24.24
1206;21;37;52.233;15.04
1207;21;38;55.522;2.0
1208;21;39;74.442;2.25
1209;21;39;57.41;9.48
1210;22;23;12.0;1.05
1211;22;24;16.327;22.66
1212;22;24;12.582;0.0
1213;22;24;15.376;2.46
1214;22;25;83.027;6.52
1215;22;25;64.375;8.72
1216;22;26;27.411;0.99
1217;22;26;29.823;5.51
1218;22;27;9.344;18.17
1219;22;27;10.073;15.09
1220;22;27;8.649;20.68
1221;22;28;12.019;21.7
1222;22;28;13.858;19.87
1223;22;28;12.113;15.44
1224;22;29;10.905;6.94
1225;22;29;11.352;2.08
1226;22;30;40.204;10.24
1227;22;31;32.059;19.28
1228;22;32;23.621;19.82
1229;22;32;25.334;22.48
1230;22;32;21.368;17.19
1231;22;33;35.299;13.12
1232;22;33;28.34;24.44
1233;22;34;12.858;2.17
1234;22;34;12.598;19.87
1235;22;34;11.312;3.45
1236;22;35;95.389;18.79
1237;22;36;14.4;12.78
1238;22;36;13.817;17.14
1239;22;36;16.288;22.76
1240;22;37;41.52;9.63
1241;22;38;4.283;19.08
1242;22;39;22.688;18.27
1243;22;39;24.518;23.28
1244;22;39;23.029;21.88
1245;23;24;20.875;12.8
1246;23;24;25.671;16.41
1247;23;25;76.152;11.77
1248;23;25;70.483;2.86
1249;23;26;20.283;18.48
1250;23;26;23.517;18.52
1251;23;27;15.711;13.0
1252;23;27;15.447;7.39
1253;23;28;17.921;20.85
1254;23;28;21.971;8.64
1255;23;29;14.157;11.41
1256;23;29;16.661;19.85
1257;23;29;16.516;10.4
1258;23;30;48.666;21.61
1259;23;30;42.39;6.6
1260;23;30;56.416;22.11
1261;23;31;31.642;11.9
1262;23;31;35.644;3.71
1263;23;31;36.456;10.37
1264;23;32;13.725;1.67
1265;23;32;15.789;16.56
1266;23;33;26.392;4.02
1267;23;33;32.091;0.67
1268;23;33;32.792;17.86
1269;23;34;15.628;4.59
1270;23;35;88.556;7.17
1271;23;36;3.361;12.59
1272;23;36;3.167;16.73
1273;23;37;32.378;12.54
1274;23;37;25.774;18.36
1275;23;37;29.227;22.38
1276;23;38;13.583;17.91
1277;23;38;14.737;17.61
1278;23;38;12.411;12.25
1279;23;39;31.884;5.98
1280;24;25;71.754;17.61
1281;24;25;64.53;13.63
1282;24;25;58.996;5.88
1283;24;26;21.337;8.06
1284;24;27;25.618;24.26
1285;24;28;4.363;22.64
1286;24;29;6.774;2.15
1287;24;29;6.265;19.01
1288;24;30;28.504;16.97
1289;24;30;29.036;16.33
1290;24;31;17.046;20.43
1291;24;31;17.369;12.33
1292;24;32;34.575;1.85
1293;24;32;41.319;3.94
1294;24;32;31.519;13.76
1295;24;33;47.264;2.54
1296;24;33;40.556;20.61
1297;24;34;5.294;10.59
1298;24;34;4.78;22.78
1299;24;34;5.161;11.45
1300;24;35;83.844;21.24
1301;24;35;70.703;21.92
1302;24;35;75.393;5.45
1303;24;36;20.494;2.61
1304;24;36;22.601;23.06
1305;24;36;23.968;3.76
1306;24;37;35.952;14.7
1307;24;38;12.112;9.83
1308;24;38;11.839;9.55
1309;24;39;13.885;18.06
1310;24;39;10.553;17.14
1311;24;39;13.989;24.0
1312;25;26;56.111;4.07
1313;25;27;90.886;16.9
1314;25;27;94.494;23.82
1315;25;28;75.001;5.74
1316;25;28;73.817;16.01
1317;25;28;76.007;24.41
1318;25;29;73.254;5.95
1319;25;30;84.042;4.67
1320;25;30;63.638;21.55
1321;25;30;75.842;9.28
1322;25;31;55.866;13.9
1323;25;31;42.15;8.23
1324;25;31;42.82;21.0
1325;25;32;80.897;18.79
1326;25;32;60.934;18.55
1327;25;33;88.29;20.11
1328;25;33;79.022;22.25
1329;25;33;89.587;9.14
1330;25;34;71.72;6.67
1331;25;34;88.565;16.23
1332;25;35;12.409;17.32
1333;25;36;72.833;22.7
1334;25;36;84.753;7.02
1335;25;36;58.432;4.45
1336;25;37;44.955;0.67
1337;25;37;50.884;24.47
1338;25;37;45.085;5.44
1339;25;38;80.393;17.77
1340;25;38;72.017;12.37
1341;25;39;81.991;11.28
1342;25;39;63.438;9.35
1343;26;27;34.798;6.61
1344;26;27;35.569;20.81
1345;26;28;22.525;20.21
1346;26;28;24.299;15.47
1347;26;29;19.289;13.47
1348;26;30;47.226;0.98
1349;26;30;54.757;19.12
1350;26;30;42.904;13.92
1351;26;31;18.213;3.1
1352;26;31;18.886;3.34
1353;26;31;22.259;4.71
1354;26;32;28.594;13.1
1355;26;32;30.559;13.04
1356;26;32;34.91;0.14
1357;26;33;39.809;15.34
1358;26;33;48.773;0.8
1359;26;33;44.664;10.89
1360;26;34;18.455;14.67
1361;26;35;68.519;10.04
1362;26;35;53.829;13.97
1363;26;36;17.085;2.21
1364;26;37;14.867;20.99
1365;26;38;25.527;1.57
1366;26;38;26.312;22.83
1367;26;39;35.108;12.26
1368;26;39;29.515;16.95
1369;26;39;28.387;13.41
1370;27;28;21.275;19.01
1371;27;28;21.141;6.61
1372;27;28;16.596;6.14
1373;27;29;20.174;18.51
1374;27;30;47.464;20.32
1375;27;30;58.598;0.98
1376;27;30;43.685;15.89
1377;27;31;41.317;17.45
1378;27;31;37.279;7.45
1379;27;31;36.935;10.31
1380;27;32;22.057;22.29
1381;27;32;27.382;3.63
1382;27;32;24.199;20.92
1383;27;33;31.508;12.13
1384;27;34;22.147;6.34
1385;27;35;103.288;2.91
1386;27;36;18.996;0.44
1387;27;36;21.563;3.43
1388;27;37;47.913;9.78
1389;27;37;38.164;15.65
1390;27;37;41.37;12.09
1391;27;38;13.506;13.05
1392;27;38;12.804;0.95
1393;27;38;14.02;24.13
1394;27;39;30.026;11.89
1395;27;39;25.429;2.69
1396;27;39;30.637;15.39
1397;28;29;4.191;3.43
1398;28;30;30.76;19.41
1399;28;31;21.095;18.46
1400;28;31;21.72;1.93
1401;28;31;21.694;15.35
1402;28;32;31.617;8.89
1403;28;33;44.198;7.21
1404;28;33;46.912;20.28
1405;28;34;4.123;20.22
1406;28;34;4.265;22.18
1407;28;35;87.183;24.24
1408;28;36;18.142;17.41
1409;28;36;17.767;4.79
1410;28;37;37.382;14.44
1411;28;38;7.772;20.81
1412;28;39;14.497;2.64
1413;29;30;34.729;21.27
1414;29;30;29.042;24.11
1415;29;30;35.6;21.26
1416;29;31;21.157;13.96
1417;29;31;22.737;9.02
1418;29;31;22.365;8.56
1419;29;32;27.879;16.19
1420;29;33;40.544;6.68
1421;29;33;43.373;8.6
1422;29;34;1.983;1.6
1423;29;34;2.407;7.13
1424;29;34;1.708;13.39
1425;29;35;85.535;12.2
1426;29;35;91.243;16.65
1427;29;35;86.539;14.06
1428;29;36;14.075;21.0
1429;29;37;34.129;6.96
1430;29;37;35.093;22.72
1431;29;37;36.883;21.83
1432;29;38;7.314;23.54
1433;29;39;18.686;0.87
1434;30;31;32.441;18.57
1435;30;31;28.51;17.47
1436;30;32;62.314;6.5
1437;30;32;48.555;15.57
1438;30;33;74.782;11.69
1439;30;34;33.68;19.0
1440;30;35;94.672;17.01
1441;30;35;93.047;5.45
1442;30;36;48.799;15.74
1443;30;36;56.213;10.66
1444;30;36;52.823;9.09
1445;30;37;59.967;15.9
1446;30;38;36.426;6.89
1447;30;39;17.549;20.61
1448;30;39;21.64;19.19
1449;31;32;43.668;22.23
1450;31;32;38.737;20.5
1451;31;33;55.952;13.58
1452;31;34;19.202;23.79
1453;31;34;20.513;20.96
1454;31;34;18.646;2.57
1455;31;35;67.678;24.92
1456;31;36;29.55;23.42
1457;31;37;28.102;10.88
1458;31;38;28.245;21.08
1459;31;39;26.179;11.76
1460;32;33;12.717;8.54
1461;32;34;29.303;9.22
1462;32;35;93.102;21.17
1463;32;36;14.501;15.77
1464;32;37;35.955;15.41
1465;32;38;26.448;15.16
1466;32;38;32.124;24.01
1467;32;39;45.309;11.89
1468;32;39;47.856;13.64
1469;32;39;35.432;10.96
1470;33;34;42.003;22.52
1471;33;34;47.791;11.32
1472;33;34;38.165;6.05
1473;33;35;100.154;10.16
1474;33;35;101.78;24.52
1475;33;35;91.365;4.71
1476;33;36;27.178;20.93
1477;33;36;29.668;19.35
1478;33;36;29.884;5.38
1479;33;37;44.204;22.56
1480;33;38;38.565;16.47
1481;33;39;57.583;2.09
1482;33;39;59.359;13.99
1483;33;39;69.136;23.18
1484;34;35;83.972;9.56
1485;34;36;15.208;1.19
1486;34;36;13.408;22.63
1487;34;37;33.322;22.4
1488;34;37;28.04;8.32
1489;34;37;41.12;3.66
1490;34;38;9.141;13.62
1491;34;39;18.196;16.6
1492;34;39;19.215;12.81
1493;34;39;17.416;14.09
1494;35;36;85.235;17.11
1495;35;36;87.584;21.29
1496;35;36;83.809;13.51
1497;35;37;57.209;20.92
1498;35;37;44.911;13.78
1499;35;38;92.705;20.64
1500;35;38;74.449;23.38
1501;35;39;93.673;10.58
1502;35;39;114.124;12.81
1503;35;39;93.522;4.35
1504;36;37;29.022;8.59
1505;36;38;15.178;23.72
1506;36;39;32.509;9.64
1507;36;39;38.65;15.48
1508;37;38;40.097;18.23
1509;37;38;43.123;9.91
1510;37;39;49.491;23.1
1511;37;39;39.135;2.76
1512;37;39;50.528;5.89
1513;38;39;19.04;24.49
1514;38;39;15.278;7.42
