VERTEX_COUNT 40
PATH_COUNT 1
BUDGET 360
<------------ VERTICES ------------>
0;START;41.374834;2.170055;0.0;0.0
1;Basilica of the Sagrada Família;41.403568;2.174435;45.0;100.0
2;Palau Güell;41.378864;2.174117;45.0;85.61
3;La Pedrera (Casa Milà);41.395271;2.161785;45.0;85.22
4;Anella Olímpica(Olympic Park);41.364778;2.152575;45.0;76.68
5;Poble Espanyol;41.368679;2.147031;45.0;72.97
6;Montjuïc Castle;41.363823;2.167096;45.0;71.99
7;Casa Batlló;41.391758;2.164961;45.0;70.87
8;Park Güell;41.414249;2.151926;45.0;68.73
9;Passeig de Gràcia;41.390739;2.166672;45.0;65.09
10;Basilica of Sants Just i Pastor;41.382812;2.178195;45.0;64.62
11;Galeria d’Art Mar Grup Escolà;41.392349;2.167836;45.0;64.48
12;Parc de la Ciutadella;41.389248;2.186548;45.0;63.29
13;Basilica of Santa Maria del Mar;41.383518;2.1818;45.0;62.76
14;Avinguda d’Icària;41.391556;2.197416;45.0;62.74
15;Lorena Ruiz de Villa;41.397858;2.146705;45.0;62.38
16;Antic Hospital de la Santa Creu;41.380573;2.170374;45.0;61.36
17;Imaginart Gallery;41.393822;2.164627;45.0;61.15
18;Barcelona;41.389034;2.16137;45.0;58.69
19;Casa Vicens;41.403442;2.150684;45.0;58.41
20;Atelier;41.407719;2.158233;45.0;57.84
21;Contrast;41.387928;2.161469;45.0;55.59
22;Despair;41.387653;2.188076;45.0;54.03
23;Plaça de Catalunya;41.387005;2.17003;45.0;53.99
24;Museu Nacional d’Art de Catalunya;41.36882;2.153347;45.0;53.6
25;Galeria Mayoral;41.389542;2.163808;45.0;53.26
26;Carles Taché;41.389851;2.164213;45.0;52.22
27;Arts Santa Mònica;41.37722;2.176012;45.0;52.07
28;Museu d’Història de Catalunya - MHC;41.380852;2.185799;45.0;51.96
29;Plaça del Rei;41.384144;2.177409;45.0;51.77
30;Palau Montaner;41.39555;2.1652;45.0;50.88
31;Museu Frederic Marès;41.384178;2.176819;45.0;49.96
32;Casa Martí, Els Quatre Gats ;41.385775;2.173671;45.0;49.87
33;Piramidon Centre d’Art Contemporani;41.422626;2.209764;45.0;49.3
34;Royal Dockyards Museu Marítim ;41.375286;2.17598;45.0;48.31
35;Rambla del Raval;41.378681;2.169317;45.0;47.73
36;Monument to Doctor Robert;41.394924;2.175599;45.0;47.67
37;Poblenou Cemetery;41.394859;2.201189;45.0;47.31
38;Magic Fountain of Montjuïc;41.37117;2.151732;45.0;46.78
39;FINISH;41.374834;2.170055;0.0;0.0
<------------- EDGES -------------->
0;0;1;49.491;0.05
1;0;1;59.687;7.43
2;0;2;8.647;24.06
3;0;2;8.232;22.56
4;0;2;8.469;11.42
5;0;3;36.549;4.58
6;0;3;45.3;23.42
7;0;4;28.285;16.53
8;0;5;31.387;4.87
9;0;6;19.222;7.48
10;0;6;18.795;14.22
11;0;7;29.69;12.03
12;0;7;26.109;22.83
13;0;8;71.35;5.02
14;0;8;77.527;9.16
15;0;8;54.198;11.38
16;0;9;27.562;19.34
17;0;9;20.774;18.34
18;0;10;17.194;15.12
19;0;10;13.122;14.3
20;0;11;30.107;21.64
21;0;11;27.457;16.66
22;0;12;32.509;8.58
23;0;12;35.324;0.68
24;0;12;38.185;3.5
25;0;13;21.172;20.89
26;0;13;17.023;16.4
27;0;13;19.36;13.71
28;0;14;45.309;2.53
29;0;14;45.384;2.21
30;0;14;49.943;24.75
31;0;15;49.508;11.64
32;0;16;9.829;18.25
33;0;16;11.103;24.08
34;0;17;33.232;22.08
35;0;17;28.308;9.0
36;0;18;26.736;20.88
37;0;18;25.278;17.74
38;0;19;54.909;24.68
39;0;19;47.511;18.01
40;0;20;58.284;7.88
41;0;20;65.227;13.61
42;0;21;24.972;13.93
43;0;21;27.516;3.23
44;0;22;31.884;12.48
45;0;23;20.827;6.26
46;0;23;20.929;22.09
47;0;23;21.937;19.18
48;0;24;23.796;24.61
49;0;25;26.416;6.3
50;0;25;32.398;3.87
51;0;26;26.77;2.79
52;0;27;8.671;18.75
53;0;27;7.334;23.89
54;0;27;8.181;21.01
55;0;28;22.688;19.47
56;0;28;21.223;7.4
57;0;28;26.07;9.08
58;0;29;18.52;23.96
59;0;29;20.962;13.05
60;0;29;22.764;0.43
61;0;30;35.994;0.86
62;0;30;42.779;16.22
63;0;30;27.594;5.87
64;0;31;18.196;20.69
65;0;32;19.29;14.72
66;0;32;24.049;8.68
67;0;32;21.249;24.05
68;0;33;96.367;9.22
69;0;33;77.289;19.02
70;0;33;93.246;17.54
71;0;34;7.648;3.33
72;0;34;9.239;13.52
73;0;34;8.353;13.2
74;0;35;6.651;16.11
75;0;36;35.108;6.76
76;0;36;38.84;18.34
77;0;36;30.34;13.45
78;0;37;52.651;7.08
79;0;37;64.437;8.16
80;0;38;24.35;12.15
81;0;38;22.016;11.56
82;0;38;20.431;17.82
83;0;39;0.0;0.7
84;0;39;0.0;11.08
85;1;2;42.276;8.08
86;1;3;21.57;11.52
87;1;4;72.069;0.3
88;1;4;55.775;2.77
89;1;4;78.795;8.72
90;1;5;69.299;5.2
91;1;5;86.042;22.04
92;1;6;68.662;0.25
93;1;6;53.059;7.6
94;1;7;23.587;24.37
95;1;7;19.452;1.98
96;1;8;34.185;6.38
97;1;8;34.363;23.95
98;1;8;41.581;2.23
99;1;9;24.109;13.13
100;1;9;23.28;16.92
101;1;9;28.087;13.27
102;1;10;35.845;15.59
103;1;10;33.708;8.99
104;1;10;39.678;11.16
105;1;11;20.984;17.77
106;1;11;24.774;24.59
107;1;12;29.022;1.31
108;1;12;26.571;1.75
109;1;12;31.978;19.35
110;1;13;35.589;2.61
111;1;13;32.214;20.76
112;1;13;39.727;21.63
113;1;14;35.955;21.45
114;1;15;36.911;2.94
115;1;15;37.711;20.85
116;1;15;40.231;15.38
117;1;16;39.694;13.02
118;1;17;20.896;4.61
119;1;18;29.997;24.84
120;1;18;22.627;20.4
121;1;19;30.486;22.34
122;1;19;34.525;0.55
123;1;19;37.531;12.89
124;1;20;21.975;4.56
125;1;20;19.864;23.69
126;1;21;31.517;20.28
127;1;21;23.785;2.12
128;1;22;32.378;2.83
129;1;22;25.767;23.06
130;1;23;28.902;20.59
131;1;23;30.422;9.18
132;1;24;65.336;15.36
133;1;24;60.146;5.06
134;1;25;27.608;12.72
135;1;25;32.621;0.44
136;1;25;28.343;7.59
137;1;26;26.892;12.41
138;1;27;45.133;9.86
139;1;27;42.146;5.33
140;1;28;41.52;6.09
141;1;28;46.909;5.41
142;1;28;37.102;19.93
143;1;29;33.457;8.57
144;1;29;28.349;15.73
145;1;30;18.132;11.79
146;1;30;18.199;11.15
147;1;30;21.823;8.54
148;1;31;33.322;6.6
149;1;31;26.32;11.77
150;1;32;30.463;9.41
151;1;33;55.85;7.44
152;1;33;50.359;9.57
153;1;33;50.197;2.4
154;1;34;48.438;17.45
155;1;35;43.091;10.63
156;1;36;14.867;8.94
157;1;36;11.616;0.86
158;1;37;37.436;4.15
159;1;37;40.663;12.6
160;1;37;43.187;18.56
161;1;38;62.636;4.51
162;1;38;60.528;20.02
163;1;38;74.274;13.54
164;1;39;49.491;5.77
165;1;39;59.59;16.44
166;2;3;32.233;1.58
167;2;3;30.946;2.53
168;2;3;29.785;5.52
169;2;4;36.692;12.21
170;2;5;38.904;7.83
171;2;6;27.272;23.47
172;2;6;30.435;12.23
173;2;7;25.001;8.68
174;2;7;28.047;4.27
175;2;8;66.918;5.4
176;2;8;71.579;9.98
177;2;9;22.457;7.66
178;2;10;8.547;6.99
179;2;10;7.285;5.52
180;2;10;10.233;10.05
181;2;11;24.444;24.17
182;2;11;24.752;15.57
183;2;11;19.523;13.75
184;2;12;23.885;3.37
185;2;12;28.938;5.35
186;2;12;21.604;19.75
187;2;13;12.678;14.11
188;2;13;14.978;2.81
189;2;13;13.678;17.04
190;2;14;36.967;16.61
191;2;14;43.868;10.07
192;2;14;43.705;6.81
193;2;15;47.906;12.04
194;2;15;36.108;17.69
195;2;15;44.09;10.17
196;2;16;5.626;12.17
197;2;16;6.865;20.5
198;2;17;28.348;13.72
199;2;17;33.037;13.28
200;2;17;24.504;23.34
201;2;18;23.89;7.82
202;2;18;24.75;17.01
203;2;18;27.012;15.23
204;2;19;51.71;4.43
205;2;19;41.899;2.19
206;2;19;52.751;2.74
207;2;20;53.422;3.83
208;2;20;60.443;15.11
209;2;21;22.456;23.14
210;2;21;24.038;5.24
211;2;21;17.289;19.48
212;2;22;23.397;12.74
213;2;22;26.077;1.53
214;2;22;27.855;13.73
215;2;23;14.887;2.46
216;2;23;12.933;2.02
217;2;23;14.894;16.74
218;2;24;31.73;11.31
219;2;24;27.97;9.82
220;2;25;22.563;21.77
221;2;25;23.607;18.85
222;2;26;22.698;8.58
223;2;27;3.72;22.63
224;2;28;15.381;8.02
225;2;29;9.975;11.2
226;2;29;11.153;7.62
227;2;29;9.753;8.32
228;2;30;30.763;1.33
229;2;30;26.006;20.47
230;2;30;31.691;0.47
231;2;31;9.733;11.65
232;2;31;9.952;0.06
233;2;32;11.84;15.27
234;2;33;87.759;1.04
235;2;33;90.963;20.48
236;2;34;6.574;18.43
237;2;34;5.899;4.15
238;2;35;6.171;20.23
239;2;35;7.388;18.6
240;2;35;4.835;16.94
241;2;36;27.548;14.12
242;2;36;32.172;7.28
243;2;37;44.241;17.5
244;2;38;31.617;13.57
245;2;38;29.598;19.99
246;2;38;27.768;12.16
247;2;39;8.647;0.52
248;2;39;7.813;15.76
249;3;4;53.504;1.1
250;3;4;48.767;20.27
251;3;5;49.291;16.81
252;3;5;48.151;12.83
253;3;5;54.152;24.55
254;3;6;54.245;24.67
255;3;6;53.856;15.67
256;3;6;41.548;22.8
257;3;7;7.264;16.1
258;3;7;6.42;2.43
259;3;7;8.288;21.95
260;3;8;34.854;5.39
261;3;9;9.975;9.78
262;3;9;8.458;3.26
263;3;9;9.823;11.05
264;3;10;29.973;1.27
265;3;10;26.624;8.62
266;3;11;9.238;15.12
267;3;12;33.419;8.47
268;3;12;40.73;18.62
269;3;12;31.404;17.34
270;3;13;32.631;10.89
271;3;13;29.191;18.9
272;3;13;39.054;18.39
273;3;14;46.181;15.52
274;3;14;53.385;10.13
275;3;15;19.858;16.49
276;3;15;18.242;13.56
277;3;16;27.463;19.51
278;3;16;20.771;7.12
279;3;16;31.119;23.04
280;3;17;4.411;14.07
281;3;17;4.584;15.43
282;3;18;10.686;18.15
283;3;19;19.964;8.05
284;3;20;21.784;13.74
285;3;20;21.707;6.42
286;3;20;26.735;7.9
287;3;21;12.572;14.25
288;3;21;13.686;8.59
289;3;21;13.568;15.01
290;3;22;36.182;16.89
291;3;22;27.446;24.76
292;3;22;38.364;25.0
293;3;23;17.667;20.7
294;3;24;46.542;7.96
295;3;25;10.142;9.96
296;3;25;11.389;4.49
297;3;26;9.785;13.49
298;3;26;7.777;10.96
299;3;26;10.642;2.15
300;3;27;35.886;1.22
301;3;27;42.685;6.82
302;3;27;40.909;17.73
303;3;28;39.488;16.42
304;3;28;39.649;2.05
305;3;28;38.977;2.81
306;3;29;27.657;5.77
307;3;29;26.023;8.87
308;3;29;34.444;12.35
309;3;30;4.41;2.25
310;3;31;27.071;21.91
311;3;32;22.291;23.09
312;3;33;77.35;17.41
313;3;33;75.315;22.02
314;3;34;38.752;21.24
315;3;34;45.404;15.41
316;3;35;29.991;22.82
317;3;35;30.841;3.82
318;3;35;34.556;16.46
319;3;36;17.743;18.15
320;3;37;50.588;16.19
321;3;38;43.215;13.02
322;3;38;43.061;3.64
323;3;38;37.431;17.32
324;3;39;36.549;17.67
325;3;39;40.895;0.41
326;4;5;9.76;4.64
327;4;6;18.721;15.28
328;4;6;18.837;23.72
329;4;7;48.832;19.88
330;4;7;40.996;18.94
331;4;7;51.045;13.84
332;4;8;84.661;4.23
333;4;8;92.073;11.6
334;4;9;47.972;9.72
335;4;9;51.775;10.8
336;4;10;45.108;4.54
337;4;10;40.955;3.53
338;4;10;51.104;12.51
339;4;11;51.088;12.97
340;4;11;60.379;4.28
341;4;11;52.207;2.46
342;4;12;60.469;15.4
343;4;12;63.607;18.34
344;4;13;49.364;16.31
345;4;13;57.532;23.19
346;4;13;61.485;6.63
347;4;14;73.587;15.67
348;4;14;79.34;15.7
349;4;15;57.108;1.49
350;4;16;35.398;11.63
351;4;16;43.173;13.21
352;4;16;38.606;15.14
353;4;17;52.055;23.82
354;4;18;43.017;4.73
355;4;19;66.208;21.64
356;4;19;52.907;22.83
357;4;20;73.841;8.0
358;4;20;78.162;21.83
359;4;20;88.041;12.13
360;4;21;41.229;23.94
361;4;21;51.174;5.34
362;4;22;60.087;14.44
363;4;22;53.265;18.11
364;4;23;44.149;16.05
365;4;24;6.988;11.08
366;4;24;6.633;20.22
367;4;24;5.484;19.97
368;4;25;44.765;10.32
369;4;26;45.434;1.79
370;4;26;50.448;13.54
371;4;27;36.867;9.25
372;4;28;50.763;13.75
373;4;28;48.435;19.17
374;4;28;56.455;5.26
375;4;29;45.992;19.91
376;4;29;53.681;4.33
377;4;30;55.097;1.43
378;4;30;54.432;13.26
379;4;30;51.198;23.14
380;4;31;45.512;3.47
381;4;31;53.28;20.94
382;4;31;38.943;0.11
383;4;32;44.999;0.98
384;4;32;53.003;24.46
385;4;33;123.244;15.17
386;4;34;35.025;0.57
387;4;35;32.067;22.12
388;4;36;59.458;0.01
389;4;37;80.908;6.81
390;4;37;64.213;15.82
391;4;37;77.767;8.74
392;4;38;10.992;1.24
393;4;39;28.285;20.08
394;4;39;32.686;11.12
395;4;39;25.854;1.31
396;5;6;27.076;11.82
397;5;6;30.973;11.14
398;5;7;45.714;14.86
399;5;7;53.942;2.54
400;5;8;78.233;3.11
401;5;9;45.399;20.48
402;5;9;38.357;17.73
403;5;10;46.758;1.6
404;5;10;43.174;2.75
405;5;11;48.521;19.2
406;5;11;37.498;22.13
407;5;12;61.754;15.97
408;5;13;51.362;21.34
409;5;13;46.27;3.83
410;5;14;75.617;21.75
411;5;14;85.959;15.65
412;5;15;49.934;18.68
413;5;15;50.752;2.45
414;5;15;59.823;4.47
415;5;16;36.232;7.0
416;5;16;36.337;11.34
417;5;16;31.934;12.32
418;5;17;48.597;11.68
419;5;18;39.399;21.35
420;5;18;31.923;19.76
421;5;18;44.096;13.98
422;5;19;59.672;6.35
423;5;20;68.337;3.21
424;5;20;82.457;22.1
425;5;20;76.504;2.69
426;5;21;37.798;20.93
427;5;21;36.288;20.12
428;5;22;61.902;17.01
429;5;22;72.458;20.33
430;5;23;43.076;2.3
431;5;23;42.613;0.33
432;5;23;51.578;16.64
433;5;24;8.115;22.28
434;5;24;6.6;17.91
435;5;24;6.651;1.51
436;5;25;41.697;11.58
437;5;26;42.419;1.28
438;5;26;39.155;2.78
439;5;26;42.426;22.19
440;5;27;39.983;3.03
441;5;27;35.769;16.19
442;5;28;53.965;17.91
443;5;29;47.138;7.78
444;5;29;51.584;7.63
445;5;30;51.562;6.3
446;5;30;46.192;2.4
447;5;31;46.546;3.37
448;5;31;54.893;24.51
449;5;31;56.386;6.87
450;5;32;45.011;22.04
451;5;32;36.742;7.39
452;5;33;122.504;19.54
453;5;33;101.868;2.98
454;5;33;140.33;12.92
455;5;34;38.857;1.74
456;5;34;45.645;7.29
457;5;35;33.346;6.4
458;5;36;57.987;19.01
459;5;36;68.644;0.16
460;5;37;82.719;24.88
461;5;37;102.562;10.14
462;5;38;7.39;24.71
463;5;39;31.387;2.19
464;5;39;28.372;5.43
465;6;7;47.882;13.51
466;6;8;88.461;5.93
467;6;9;46.063;1.85
468;6;10;35.483;2.31
469;6;11;48.824;11.78
470;6;11;46.067;19.74
471;6;12;50.168;1.23
472;6;12;48.414;8.24
473;6;13;38.631;24.95
474;6;14;61.384;22.3
475;6;15;63.856;8.6
476;6;15;53.926;3.61
477;6;16;28.971;5.89
478;6;16;24.278;4.87
479;6;16;34.535;1.51
480;6;17;51.433;18.63
481;6;18;43.764;15.3
482;6;18;49.859;10.76
483;6;19;70.996;1.7
484;6;19;77.206;11.13
485;6;20;75.973;18.05
486;6;21;41.877;5.52
487;6;22;48.874;6.34
488;6;22;50.909;12.2
489;6;22;56.758;10.87
490;6;23;39.848;0.53
491;6;23;34.988;18.53
492;6;23;46.182;7.88
493;6;24;19.619;15.28
494;6;24;16.312;1.62
495;6;24;14.852;6.94
496;6;25;44.213;10.32
497;6;26;44.693;21.14
498;6;27;25.626;21.24
499;6;28;37.763;18.87
500;6;28;43.092;6.13
501;6;29;37.21;14.74
502;6;29;46.255;21.76
503;6;30;54.347;4.33
504;6;30;50.229;5.78
505;6;31;37.002;22.0
506;6;31;44.078;19.01
507;6;31;41.023;11.49
508;6;32;38.502;10.9
509;6;33;114.568;6.87
510;6;34;22.692;3.47
511;6;34;27.487;21.11
512;6;35;25.585;0.3
513;6;36;54.329;4.41
514;6;37;68.826;8.31
515;6;37;52.468;16.36
516;6;38;23.396;22.75
517;6;38;28.728;8.81
518;6;39;19.222;8.65
519;6;39;20.961;17.97
520;7;8;41.967;12.29
521;7;8;42.101;16.62
522;7;8;35.619;11.13
523;7;9;2.805;14.35
524;7;10;22.87;9.28
525;7;10;25.839;4.44
526;7;10;17.679;15.63
527;7;11;3.827;15.73
528;7;11;4.216;17.85
529;7;12;28.044;17.55
530;7;12;32.755;10.1
531;7;12;21.12;6.79
532;7;13;25.811;11.48
533;7;13;22.298;6.66
534;7;14;41.666;17.34
535;7;14;50.095;0.11
536;7;15;25.655;21.16
537;7;15;29.728;14.16
538;7;16;20.363;20.27
539;7;16;19.728;5.94
540;7;17;3.558;15.41
541;7;18;6.556;17.81
542;7;19;27.123;19.63
543;7;19;21.767;9.53
544;7;19;31.721;14.7
545;7;20;28.646;21.61
546;7;21;7.941;2.34
547;7;22;30.495;10.66
548;7;22;26.899;12.31
549;7;23;10.416;15.36
550;7;23;12.34;11.94
551;7;23;11.756;24.62
552;7;24;41.989;4.33
553;7;25;4.071;14.79
554;7;26;3.402;15.55
555;7;26;3.732;24.77
556;7;26;3.619;0.73
557;7;27;28.64;9.93
558;7;28;32.62;6.76
559;7;28;28.261;4.88
560;7;28;34.217;15.5
561;7;29;20.62;1.0
562;7;29;15.863;18.53
563;7;30;6.496;22.79
564;7;30;6.908;12.59
565;7;30;5.312;24.71
566;7;31;20.0;9.89
567;7;31;21.239;11.48
568;7;31;17.357;24.99
569;7;32;15.161;16.83
570;7;33;78.082;10.91
571;7;33;92.017;21.39
572;7;33;95.38;18.06
573;7;34;31.539;1.61
574;7;34;26.481;7.41
575;7;34;38.475;14.58
576;7;35;23.066;17.01
577;7;35;24.899;14.41
578;7;36;14.692;12.97
579;7;37;46.809;17.74
580;7;38;39.112;6.63
581;7;38;35.139;20.89
582;7;38;30.114;5.02
583;7;39;29.69;1.21
584;7;39;27.253;2.49
585;8;9;44.461;11.12
586;8;9;35.294;19.12
587;8;10;63.49;18.7
588;8;10;49.6;0.52
589;8;11;42.679;9.87
590;8;11;35.57;17.23
591;8;12;61.687;9.63
592;8;12;75.607;17.04
593;8;13;65.084;0.47
594;8;14;70.123;8.59
595;8;15;28.838;18.51
596;8;16;62.303;6.37
597;8;17;38.57;0.62
598;8;17;46.022;17.98
599;8;18;44.819;11.37
600;8;19;18.562;13.48
601;8;19;23.092;17.62
602;8;20;13.798;13.79
603;8;21;46.677;5.96
604;8;22;64.996;9.93
605;8;22;62.734;2.14
606;8;22;65.984;2.89
607;8;23;52.091;17.45
608;8;24;77.761;2.97
609;8;25;44.946;6.01
610;8;25;53.865;18.8
611;8;25;43.05;12.7
612;8;26;44.63;14.46
613;8;27;70.506;20.94
614;8;27;88.046;2.25
615;8;28;71.81;17.28
616;8;28;85.245;21.53
617;8;28;83.848;5.84
618;8;29;61.024;9.02
619;8;29;75.627;7.86
620;8;29;70.441;13.66
621;8;30;36.251;10.36
622;8;31;60.572;14.77
623;8;32;56.153;23.11
624;8;32;47.328;22.51
625;8;33;75.592;3.37
626;8;33;59.062;24.38
627;8;34;73.478;18.23
628;8;35;64.83;2.57
629;8;36;44.909;11.11
630;8;36;34.092;19.47
631;8;36;42.53;20.76
632;8;37;71.407;7.8
633;8;37;85.511;13.12
634;8;37;57.039;19.7
635;8;38;73.718;9.18
636;8;38;90.407;1.2
637;8;39;71.35;13.46
638;9;10;20.072;16.17
639;9;10;20.675;24.97
640;9;10;23.822;21.98
641;9;11;3.134;24.3
642;9;11;2.459;0.32
643;9;11;2.832;16.71
644;9;12;25.644;13.12
645;9;12;22.806;13.21
646;9;13;23.02;14.88
647;9;13;28.148;3.03
648;9;14;39.493;21.38
649;9;14;42.569;5.46
650;9;15;28.38;11.12
651;9;15;30.861;16.31
652;9;15;33.358;21.76
653;9;16;18.034;22.2
654;9;16;21.852;18.17
655;9;16;20.952;18.12
656;9;17;5.893;4.55
657;9;18;7.406;11.47
658;9;18;6.7;2.81
659;9;19;29.895;5.67
660;9;19;25.056;0.07
661;9;20;31.01;9.96
662;9;21;8.231;10.44
663;9;22;27.982;16.28
664;9;22;24.204;12.02
665;9;23;7.708;24.67
666;9;24;41.226;13.61
667;9;24;38.482;2.11
668;9;24;49.459;6.77
669;9;25;4.209;1.54
670;9;25;4.721;15.41
671;9;25;3.367;3.77
672;9;26;3.504;4.34
673;9;27;26.057;21.89
674;9;28;29.821;7.48
675;9;28;34.171;1.79
676;9;28;22.366;19.85
677;9;29;17.815;23.25
678;9;29;19.032;14.18
679;9;29;17.331;23.59
680;9;30;8.447;8.09
681;9;30;9.526;18.49
682;9;31;17.198;9.39
683;9;32;12.365;17.56
684;9;33;77.694;6.49
685;9;34;29.019;9.85
686;9;34;34.418;10.62
687;9;34;34.402;3.63
688;9;35;20.912;20.9
689;9;36;13.514;12.39
690;9;36;16.175;19.55
691;9;37;44.869;7.63
692;9;38;38.592;7.87
693;9;38;43.354;10.46
694;9;38;40.002;18.35
695;9;39;27.562;8.91
696;9;39;31.739;19.54
697;10;11;21.053;8.94
698;10;11;24.458;20.27
699;10;12;15.372;2.6
700;10;12;11.846;23.54
701;10;13;4.784;22.45
702;10;13;5.271;10.3
703;10;14;28.859;19.09
704;10;15;47.93;4.43
705;10;16;10.748;19.07
706;10;16;10.808;22.48
707;10;16;11.705;0.66
708;10;17;25.659;10.99
709;10;17;28.073;17.94
710;10;18;24.083;14.24
711;10;19;49.936;12.17
712;10;19;42.208;2.89
713;10;20;49.732;19.1
714;10;21;23.19;4.9
715;10;22;15.151;21.58
716;10;22;16.795;20.2
717;10;23;12.704;7.61
718;10;23;10.429;4.71
719;10;24;39.892;16.27
720;10;24;37.323;5.64
721;10;24;31.776;20.16
722;10;25;21.767;2.78
723;10;25;20.971;4.58
724;10;25;24.627;11.39
725;10;26;21.618;14.87
726;10;27;9.971;10.25
727;10;28;10.323;9.94
728;10;28;10.004;14.01
729;10;29;2.493;22.44
730;10;29;2.451;16.21
731;10;30;27.449;18.68
732;10;31;2.93;19.72
733;10;32;7.711;5.76
734;10;33;79.27;13.76
735;10;34;13.189;13.79
736;10;34;12.638;4.48
737;10;35;13.413;16.93
738;10;36;20.993;17.11
739;10;36;17.24;24.96
740;10;36;17.261;20.66
741;10;37;36.006;22.2
742;10;38;39.39;13.01
743;10;38;29.961;3.96
744;10;38;36.454;21.52
745;10;39;17.194;23.4
746;11;12;24.601;6.04
747;11;13;23.447;5.19
748;11;14;37.998;20.34
749;11;14;44.054;14.65
750;11;15;28.717;24.95
751;11;16;20.413;4.92
752;11;17;4.83;18.21
753;11;17;3.749;2.96
754;11;18;10.054;1.32
755;11;18;12.227;2.56
756;11;18;10.341;12.52
757;11;19;29.071;3.93
758;11;19;33.115;2.54
759;11;20;29.047;11.5
760;11;20;33.757;21.89
761;11;20;29.097;9.89
762;11;21;11.138;14.45
763;11;21;13.226;15.4
764;11;22;27.199;19.2
765;11;22;25.238;10.21
766;11;22;26.403;22.47
767;11;23;9.569;15.13
768;11;24;44.354;15.75
769;11;24;45.31;9.59
770;11;25;7.058;13.08
771;11;26;6.317;10.78
772;11;27;27.936;13.95
773;11;27;23.396;8.05
774;11;27;26.965;20.86
775;11;28;30.314;10.04
776;11;28;34.828;21.01
777;11;29;18.66;19.14
778;11;29;15.587;13.5
779;11;29;18.968;17.69
780;11;30;6.439;7.05
781;11;30;6.474;0.66
782;11;30;7.565;11.46
783;11;31;18.125;12.49
784;11;32;13.515;16.19
785;11;33;74.701;1.88
786;11;33;87.705;1.62
787;11;34;31.014;24.07
788;11;34;37.256;3.29
789;11;35;23.466;12.4
790;11;35;18.112;3.41
791;11;35;22.46;17.44
792;11;36;10.896;10.21
793;11;37;43.031;20.05
794;11;38;41.726;2.8
795;11;38;42.363;3.79
796;11;38;36.852;15.13
797;11;39;30.107;18.98
798;11;39;23.299;23.68
799;11;39;28.872;0.29
800;12;13;11.546;2.71
801;12;13;11.926;16.53
802;12;13;11.64;0.6
803;12;14;14.501;18.05
804;12;14;12.965;15.95
805;12;14;10.962;21.53
806;12;15;53.228;12.43
807;12;15;58.507;1.36
808;12;15;52.458;17.92
809;12;16;25.526;6.12
810;12;17;29.21;12.68
811;12;18;32.326;21.97
812;12;19;52.053;14.93
813;12;20;48.168;3.05
814;12;21;32.276;10.53
815;12;21;36.968;15.5
816;12;21;27.625;19.57
817;12;22;3.361;16.85
818;12;23;21.551;13.54
819;12;24;55.131;18.05
820;12;24;54.072;12.72
821;12;24;47.034;1.06
822;12;25;29.198;1.26
823;12;25;28.593;23.38
824;12;26;28.693;23.49
825;12;26;34.657;24.08
826;12;27;24.63;16.29
827;12;27;20.703;16.87
828;12;27;29.194;21.91
829;12;28;14.4;11.29
830;12;29;14.627;1.83
831;12;30;29.451;11.49
832;12;30;28.007;6.2
833;12;31;15.208;22.32
834;12;32;17.568;3.51
835;12;33;64.423;9.53
836;12;33;58.086;13.59
837;12;33;73.638;17.28
838;12;34;27.476;9.3
839;12;34;23.419;5.57
840;12;34;26.878;11.37
841;12;35;28.573;6.72
842;12;35;24.039;8.6
843;12;36;17.085;7.07
844;12;36;21.107;6.63
845;12;37;21.106;13.66
846;12;38;54.364;16.18
847;12;39;32.509;20.34
848;13;14;24.314;16.92
849;13;14;20.151;7.61
850;13;14;18.765;11.71
851;13;15;51.304;10.28
852;13;15;61.675;14.66
853;13;15;43.385;14.2
854;13;16;15.512;13.15
855;13;16;16.504;6.75
856;13;16;14.289;1.53
857;13;17;28.231;8.51
858;13;17;24.776;22.38
859;13;17;33.3;11.62
860;13;18;27.876;7.74
861;13;18;23.37;5.72
862;13;18;25.454;10.5
863;13;19;52.517;13.21
864;13;20;51.287;22.82
865;13;20;47.477;3.47
866;13;21;27.172;11.39
867;13;21;22.094;20.45
868;13;21;20.392;13.95
869;13;22;10.724;12.83
870;13;22;10.931;22.09
871;13;22;10.622;17.54
872;13;23;16.247;3.76
873;13;23;12.888;1.22
874;13;24;44.356;19.53
875;13;24;51.107;21.13
876;13;25;25.295;24.42
877;13;25;27.048;8.61
878;13;26;25.046;1.91
879;13;26;19.205;24.96
880;13;27;13.091;9.2
881;13;27;12.764;4.24
882;13;27;12.35;17.21
883;13;28;6.869;0.95
884;13;28;7.307;22.69
885;13;28;5.279;16.96
886;13;29;5.739;11.92
887;13;29;5.55;14.38
888;13;30;29.633;1.72
889;13;30;23.409;3.67
890;13;31;6.494;17.15
891;13;32;11.129;2.43
892;13;33;75.941;23.97
893;13;33;66.423;13.84
894;13;34;15.946;2.69
895;13;34;14.438;19.8
896;13;34;15.193;16.75
897;13;35;18.039;15.49
898;13;35;14.47;14.51
899;13;35;15.967;8.69
900;13;36;21.079;7.42
901;13;36;19.822;7.56
902;13;37;31.563;19.19
903;13;37;39.443;23.92
904;13;38;44.013;12.12
905;13;39;21.172;15.77
906;13;39;22.109;19.89
907;13;39;25.378;9.23
908;14;15;65.986;6.36
909;14;16;39.479;9.97
910;14;16;45.292;18.07
911;14;16;35.073;22.87
912;14;17;42.271;2.83
913;14;18;46.477;21.31
914;14;19;63.342;6.39
915;14;19;53.946;7.83
916;14;19;49.911;1.91
917;14;20;57.399;15.51
918;14;20;50.347;12.82
919;14;21;46.565;17.31
920;14;21;57.314;17.96
921;14;21;39.816;3.89
922;14;22;13.725;8.31
923;14;23;36.011;24.77
924;14;24;68.67;12.8
925;14;24;62.421;22.65
926;14;25;43.283;6.43
927;14;26;42.726;5.48
928;14;26;44.291;15.79
929;14;26;34.34;1.78
930;14;27;36.838;2.28
931;14;27;44.378;24.06
932;14;27;40.233;17.76
933;14;28;23.621;16.43
934;14;28;28.627;15.37
935;14;29;28.647;19.03
936;14;29;34.084;0.95
937;14;29;31.73;12.43
938;14;30;41.918;16.47
939;14;30;47.943;11.77
940;14;30;31.976;16.16
941;14;31;29.303;13.83
942;14;31;28.817;0.6
943;14;32;32.05;6.57
944;14;32;29.981;8.81
945;14;33;55.48;19.94
946;14;34;39.149;2.92
947;14;35;42.272;13.98
948;14;35;51.714;6.32
949;14;36;28.594;13.32
950;14;36;30.174;11.04
951;14;37;7.444;16.69
952;14;37;6.108;14.09
953;14;38;68.247;14.27
954;14;38;77.418;19.44
955;14;39;45.309;21.27
956;14;39;41.907;5.62
957;14;39;34.085;10.56
958;15;16;42.406;17.43
959;15;16;51.171;4.55
960;15;17;24.021;12.8
961;15;17;18.591;20.11
962;15;17;27.973;7.93
963;15;18;24.134;10.87
964;15;19;10.835;16.63
965;15;20;22.443;8.89
966;15;21;25.455;10.29
967;15;21;27.5;2.14
968;15;22;55.908;8.49
969;15;23;35.236;17.58
970;15;23;42.042;5.87
971;15;23;39.415;21.1
972;15;24;50.417;14.47
973;15;24;38.917;12.15
974;15;25;26.164;15.91
975;15;25;27.329;19.44
976;15;25;30.571;4.92
977;15;26;26.323;0.55
978;15;26;21.231;20.3
979;15;27;51.604;17.3
980;15;28;58.016;24.69
981;15;28;47.928;12.96
982;15;28;60.053;9.8
983;15;29;45.875;7.61
984;15;29;49.997;24.69
985;15;30;24.068;14.28
986;15;31;45.195;14.52
987;15;31;42.674;1.28
988;15;31;38.734;3.56
989;15;32;40.323;20.62
990;15;32;43.307;18.73
991;15;33;91.357;18.27
992;15;34;53.895;10.17
993;15;34;47.102;19.98
994;15;34;54.691;19.01
995;15;35;43.814;21.4
996;15;36;37.429;8.72
997;15;36;34.132;17.41
998;15;36;37.435;4.11
999;15;37;70.128;15.28
1000;15;37;67.939;2.67
1001;15;37;53.472;2.11
1002;15;38;46.123;4.35
1003;15;38;42.086;20.09
1004;15;38;48.928;10.23
1005;15;39;49.508;21.79
1006;16;17;23.842;5.25
1007;16;17;25.271;3.92
1008;16;18;18.528;22.76
1009;16;19;46.588;23.93
1010;16;19;54.634;3.16
1011;16;19;47.394;8.36
1012;16;20;48.998;13.81
1013;16;21;17.004;0.72
1014;16;21;19.085;15.13
1015;16;22;25.756;6.92
1016;16;23;11.015;10.63
1017;16;23;13.256;8.93
1018;16;24;29.708;24.39
1019;16;25;17.511;20.58
1020;16;25;15.053;24.19
1021;16;26;17.738;12.83
1022;16;26;19.584;22.39
1023;16;26;16.095;16.38
1024;16;27;9.237;1.65
1025;16;27;10.3;4.15
1026;16;28;19.811;21.08
1027;16;29;10.906;22.75
1028;16;29;8.896;7.27
1029;16;30;26.476;2.33
1030;16;30;28.685;9.49
1031;16;31;10.322;6.82
1032;16;31;12.293;3.69
1033;16;32;9.857;0.91
1034;16;33;87.948;17.58
1035;16;34;11.562;23.51
1036;16;34;12.424;1.66
1037;16;35;3.511;12.67
1038;16;35;2.889;10.99
1039;16;36;25.458;18.42
1040;16;36;20.311;14.64
1041;16;36;25.171;12.85
1042;16;37;46.506;10.39
1043;16;37;39.962;12.67
1044;16;37;50.637;4.02
1045;16;38;28.843;12.47
1046;16;38;36.053;21.18
1047;16;38;27.972;20.59
1048;16;39;9.829;24.09
1049;16;39;8.479;15.96
1050;17;18;9.199;22.99
1051;17;18;7.533;9.53
1052;17;19;24.317;24.54
1053;17;20;25.157;19.59
1054;17;20;28.964;4.12
1055;17;21;10.87;10.96
1056;17;22;31.901;3.17
1057;17;23;13.572;6.43
1058;17;24;45.169;16.61
1059;17;24;50.195;16.55
1060;17;24;55.769;16.35
1061;17;25;7.399;21.96
1062;17;26;6.816;22.35
1063;17;26;5.231;22.06
1064;17;26;5.158;21.15
1065;17;27;31.95;16.2
1066;17;28;35.092;20.63
1067;17;28;33.503;22.21
1068;17;29;23.314;4.72
1069;17;30;3.047;21.45
1070;17;30;3.601;21.0
1071;17;31;22.745;3.55
1072;17;32;18.012;0.9
1073;17;32;19.231;7.21
1074;17;33;76.063;17.34
1075;17;33;76.85;8.0
1076;17;33;84.337;13.55
1077;17;34;34.908;23.61
1078;17;35;26.6;24.87
1079;17;36;14.211;11.75
1080;17;36;17.669;20.91
1081;17;36;13.314;19.22
1082;17;37;46.969;7.05
1083;17;38;42.151;14.34
1084;17;39;33.232;23.35
1085;17;39;25.306;23.62
1086;18;19;28.214;19.32
1087;18;20;32.227;4.97
1088;18;20;34.707;18.04
1089;18;21;1.897;12.44
1090;18;21;1.967;22.73
1091;18;22;34.368;24.66
1092;18;23;11.648;21.21
1093;18;23;13.074;16.89
1094;18;24;36.092;6.05
1095;18;25;3.248;15.29
1096;18;26;3.909;6.52
1097;18;26;3.044;6.9
1098;18;27;27.607;0.12
1099;18;27;25.288;11.16
1100;18;27;26.579;18.95
1101;18;28;34.348;22.06
1102;18;28;31.829;21.35
1103;18;28;32.404;7.37
1104;18;29;22.227;22.54
1105;18;29;26.186;15.8
1106;18;29;22.109;13.2
1107;18;30;12.186;12.85
1108;18;30;15.022;2.75
1109;18;31;21.505;19.82
1110;18;31;17.356;15.67
1111;18;31;24.84;21.39
1112;18;32;16.748;5.06
1113;18;33;84.631;7.54
1114;18;34;30.089;3.95
1115;18;35;20.445;8.33
1116;18;36;20.863;0.23
1117;18;37;52.081;1.2
1118;18;38;32.979;20.79
1119;18;38;30.614;7.49
1120;18;38;32.929;21.59
1121;18;39;26.736;10.71
1122;19;20;12.143;7.1
1123;19;20;12.754;7.36
1124;19;20;10.836;8.24
1125;19;21;29.941;3.24
1126;19;22;55.082;1.96
1127;19;22;53.723;12.57
1128;19;23;37.522;15.88
1129;19;23;39.319;10.03
1130;19;23;44.827;4.15
1131;19;24;59.345;11.92
1132;19;25;29.148;23.06
1133;19;26;29.026;20.79
1134;19;26;27.217;2.18
1135;19;26;35.331;5.5
1136;19;27;55.415;13.02
1137;19;27;49.578;22.96
1138;19;28;59.384;14.33
1139;19;28;47.779;15.08
1140;19;28;45.462;19.35
1141;19;29;47.619;10.26
1142;19;29;49.469;23.98
1143;19;30;23.013;13.63
1144;19;30;20.735;7.69
1145;19;30;24.737;7.73
1146;19;31;47.035;16.41
1147;19;31;55.581;7.13
1148;19;31;52.829;4.46
1149;19;32;42.246;5.08
1150;19;32;44.224;9.13
1151;19;33;82.622;20.2
1152;19;33;94.508;19.04
1153;19;33;84.921;12.11
1154;19;34;58.104;21.84
1155;19;35;48.658;19.15
1156;19;35;41.784;12.77
1157;19;36;35.147;7.25
1158;19;36;34.927;16.99
1159;19;36;36.079;21.92
1160;19;37;66.473;15.22
1161;19;37;68.707;21.02
1162;19;38;55.241;5.96
1163;19;39;54.909;15.16
1164;20;21;34.121;22.71
1165;20;21;39.154;3.9
1166;20;22;51.445;2.36
1167;20;23;38.546;15.74
1168;20;24;66.86;8.21
1169;20;25;31.918;13.68
1170;20;25;37.723;10.84
1171;20;25;36.324;18.59
1172;20;26;31.525;21.76
1173;20;26;31.284;9.89
1174;20;27;56.963;1.94
1175;20;27;56.601;5.34
1176;20;27;67.192;1.41
1177;20;28;58.017;24.98
1178;20;28;68.804;24.66
1179;20;29;47.259;20.61
1180;20;30;22.663;3.48
1181;20;30;20.766;6.3
1182;20;30;24.939;12.71
1183;20;31;46.819;6.86
1184;20;31;58.465;23.92
1185;20;31;47.184;2.8
1186;20;32;42.459;24.71
1187;20;32;38.209;13.58
1188;20;32;44.873;6.87
1189;20;33;70.88;5.44
1190;20;33;86.755;14.48
1191;20;34;59.995;8.1
1192;20;35;51.688;20.06
1193;20;35;64.52;19.19
1194;20;36;31.245;7.4
1195;20;36;34.484;3.22
1196;20;37;59.367;10.51
1197;20;37;47.347;18.11
1198;20;37;49.404;6.83
1199;20;38;63.098;23.96
1200;20;38;67.474;17.21
1201;20;38;76.517;24.86
1202;20;39;58.284;21.2
1203;20;39;72.628;10.86
1204;21;22;34.163;7.02
1205;21;23;11.104;18.87
1206;21;23;8.695;21.1
1207;21;24;34.321;12.53
1208;21;24;33.786;8.97
1209;21;25;4.08;8.44
1210;21;26;4.821;21.75
1211;21;26;4.6;7.3
1212;21;27;26.162;9.89
1213;21;27;24.476;19.62
1214;21;27;22.651;1.5
1215;21;28;33.502;18.99
1216;21;28;31.429;23.59
1217;21;28;38.525;8.72
1218;21;29;21.465;24.72
1219;21;29;17.29;14.31
1220;21;30;13.895;17.19
1221;21;31;20.726;17.8
1222;21;32;16.093;22.56
1223;21;32;12.637;18.24
1224;21;33;85.837;5.28
1225;21;34;28.551;12.75
1226;21;34;23.81;20.13
1227;21;34;35.059;5.46
1228;21;35;18.76;0.46
1229;21;36;21.734;15.17
1230;21;36;18.658;22.53
1231;21;37;52.353;24.96
1232;21;37;41.077;11.04
1233;21;38;31.284;3.0
1234;21;38;26.915;5.15
1235;21;38;24.954;22.58
1236;21;39;24.972;20.72
1237;21;39;19.96;18.1
1238;22;23;23.195;18.35
1239;22;23;24.25;22.91
1240;22;24;55.02;23.35
1241;22;25;31.323;17.54
1242;22;25;29.027;16.24
1243;22;25;31.556;12.05
1244;22;26;30.866;1.3
1245;22;26;35.488;9.38
1246;22;27;23.636;20.01
1247;22;27;20.519;12.76
1248;22;28;12.0;2.93
1249;22;29;14.954;12.62
1250;22;29;13.418;16.13
1251;22;29;13.297;7.96
1252;22;30;32.328;0.6
1253;22;30;26.973;9.86
1254;22;30;27.52;2.73
1255;22;31;15.628;19.52
1256;22;32;18.772;5.92
1257;22;32;17.452;17.44
1258;22;33;66.004;10.72
1259;22;33;67.916;20.68
1260;22;33;60.711;6.81
1261;22;34;26.25;18.9
1262;22;35;28.563;0.98
1263;22;36;20.283;17.41
1264;22;36;24.401;10.27
1265;22;36;20.429;17.57
1266;22;37;20.867;6.63
1267;22;38;54.528;24.41
1268;22;38;58.638;13.32
1269;22;38;46.674;20.46
1270;22;39;31.884;13.41
1271;22;39;39.037;23.27
1272;22;39;30.441;18.41
1273;23;24;37.779;4.4
1274;23;24;43.264;1.65
1275;23;24;44.166;13.73
1276;23;25;9.092;6.16
1277;23;25;11.157;17.58
1278;23;26;8.916;16.59
1279;23;26;9.097;0.92
1280;23;27;18.422;0.37
1281;23;27;14.366;13.7
1282;23;27;15.657;0.69
1283;23;28;22.821;7.09
1284;23;29;10.664;14.74
1285;23;29;9.903;17.76
1286;23;29;11.301;8.15
1287;23;30;15.883;15.28
1288;23;30;15.805;17.85
1289;23;31;9.969;11.04
1290;23;31;11.936;5.15
1291;23;31;7.786;14.39
1292;23;32;5.126;3.65
1293;23;32;5.87;10.76
1294;23;33;79.476;2.77
1295;23;33;59.887;12.14
1296;23;33;84.239;5.06
1297;23;34;21.46;19.0
1298;23;34;21.171;15.59
1299;23;34;16.846;5.24
1300;23;35;14.274;5.24
1301;23;35;11.26;4.51
1302;23;35;12.334;2.98
1303;23;36;15.322;3.02
1304;23;36;18.167;24.99
1305;23;37;42.199;10.0
1306;23;37;38.543;15.17
1307;23;38;35.865;10.52
1308;23;38;34.637;8.4
1309;23;39;20.827;0.66
1310;24;25;37.919;22.79
1311;24;26;38.599;4.48
1312;24;27;32.461;19.04
1313;24;27;25.639;15.33
1314;24;28;46.481;10.68
1315;24;28;37.538;22.2
1316;24;28;39.244;10.08
1317;24;29;40.525;16.5
1318;24;29;42.105;8.25
1319;24;29;34.216;4.38
1320;24;30;48.206;4.22
1321;24;30;46.328;16.17
1322;24;30;53.69;21.08
1323;24;31;39.989;16.85
1324;24;31;32.277;7.52
1325;24;31;31.745;13.35
1326;24;32;39.024;1.33
1327;24;32;32.6;8.02
1328;24;32;35.804;4.7
1329;24;33;117.144;14.08
1330;24;33;141.2;10.4
1331;24;33;102.801;3.98
1332;24;34;31.099;20.42
1333;24;34;34.884;0.96
1334;24;34;26.592;3.77
1335;24;35;26.558;18.84
1336;24;36;53.025;6.41
1337;24;37;75.887;24.84
1338;24;37;86.254;18.02
1339;24;38;4.525;11.78
1340;24;39;23.796;0.28
1341;24;39;19.399;17.38
1342;24;39;26.977;12.84
1343;25;26;0.742;20.54
1344;25;27;26.27;20.32
1345;25;27;22.13;8.28
1346;25;28;31.911;23.62
1347;25;29;19.755;19.9
1348;25;29;24.017;12.66
1349;25;30;10.435;24.73
1350;25;30;10.419;6.9
1351;25;31;19.06;1.7
1352;25;31;14.337;20.14
1353;25;31;18.341;9.04
1354;25;32;14.209;1.82
1355;25;32;16.468;15.94
1356;25;32;12.101;1.06
1357;25;33;81.758;7.44
1358;25;33;84.545;20.3
1359;25;33;69.229;6.24
1360;25;34;28.972;18.03
1361;25;34;23.245;14.68
1362;25;34;30.912;9.6
1363;25;35;19.886;2.9
1364;25;35;20.336;2.48
1365;25;36;17.719;15.59
1366;25;36;19.963;17.25
1367;25;37;48.843;21.83
1368;25;37;46.814;1.16
1369;25;38;35.054;16.43
1370;25;38;35.758;20.39
1371;25;38;27.616;14.04
1372;25;39;26.416;18.47
1373;25;39;23.713;23.15
1374;25;39;27.582;0.31
1375;26;27;26.395;19.56
1376;26;27;23.706;19.51
1377;26;27;21.643;11.44
1378;26;28;31.705;15.66
1379;26;29;19.555;2.83
1380;26;30;9.834;8.68
1381;26;31;18.873;7.9
1382;26;31;22.708;7.28
1383;26;31;17.943;18.31
1384;26;32;14.003;5.05
1385;26;32;16.094;6.21
1386;26;32;13.363;17.79
1387;26;33;81.016;7.38
1388;26;33;73.874;16.25
1389;26;33;74.054;17.64
1390;26;34;29.146;10.68
1391;26;34;26.882;2.98
1392;26;34;24.472;24.32
1393;26;35;20.207;14.0
1394;26;36;17.0;6.3
1395;26;37;48.236;3.6
1396;26;37;50.02;14.37
1397;26;37;38.747;19.55
1398;26;38;35.759;23.99
1399;26;39;26.77;16.73
1400;27;28;14.02;5.74
1401;27;29;11.984;16.16
1402;27;29;13.076;9.27
1403;27;30;34.301;20.51
1404;27;30;36.657;0.04
1405;27;31;11.952;9.79
1406;27;31;14.413;19.37
1407;27;31;14.645;19.3
1408;27;32;14.945;12.47
1409;27;32;17.152;6.14
1410;27;33;88.962;21.14
1411;27;33;105.67;19.6
1412;27;33;70.846;24.81
1413;27;34;3.31;1.04
1414;27;34;3.652;9.3
1415;27;35;8.953;23.72
1416;27;35;8.768;11.42
1417;27;35;7.226;4.67
1418;27;36;30.3;18.96
1419;27;37;44.226;20.1
1420;27;37;33.813;11.37
1421;27;37;54.648;14.42
1422;27;38;32.852;12.13
1423;27;38;39.353;9.71
1424;27;39;8.671;17.37
1425;28;29;12.156;6.65
1426;28;29;10.982;15.42
1427;28;30;36.496;12.84
1428;28;30;30.464;2.04
1429;28;30;27.79;0.99
1430;28;31;12.858;3.64
1431;28;32;17.705;14.19
1432;28;33;77.822;0.6
1433;28;34;15.801;2.63
1434;28;34;18.64;18.32
1435;28;35;21.487;14.58
1436;28;35;25.672;18.16
1437;28;36;27.411;14.39
1438;28;36;30.152;17.49
1439;28;36;32.995;9.04
1440;28;37;31.063;6.07
1441;28;38;46.777;10.55
1442;28;39;22.688;23.8
1443;28;39;21.525;23.24
1444;29;30;25.033;0.61
1445;29;31;0.76;24.99
1446;29;31;0.779;18.44
1447;29;31;0.811;1.16
1448;29;32;5.552;7.28
1449;29;33;77.853;3.8
1450;29;33;84.154;11.2
1451;29;33;83.691;13.59
1452;29;34;15.269;14.47
1453;29;35;13.977;17.58
1454;29;35;16.442;4.64
1455;29;36;18.593;21.23
1456;29;36;20.261;9.62
1457;29;36;18.587;24.17
1458;29;37;35.612;20.53
1459;29;38;39.749;23.73
1460;29;38;37.359;5.01
1461;29;39;18.52;0.11
1462;30;31;24.519;9.61
1463;30;31;23.192;24.25
1464;30;31;20.386;9.58
1465;30;32;19.951;23.51
1466;30;32;20.57;24.59
1467;30;32;21.579;14.64
1468;30;33;73.607;2.04
1469;30;33;55.346;23.47
1470;30;33;76.76;3.21
1471;30;34;37.336;7.82
1472;30;35;29.347;2.02
1473;30;35;35.884;22.16
1474;30;36;13.392;16.22
1475;30;36;14.685;13.14
1476;30;36;10.108;1.93
1477;30;37;46.214;15.86
1478;30;37;46.888;24.85
1479;30;37;47.657;21.14
1480;30;38;45.161;2.53
1481;30;39;35.994;3.54
1482;31;32;4.879;5.64
1483;31;32;5.74;2.3
1484;31;32;3.811;6.39
1485;31;33;78.211;21.11
1486;31;33;81.521;21.14
1487;31;33;87.24;16.0
1488;31;34;15.254;19.76
1489;31;34;12.958;16.93
1490;31;34;17.681;23.23
1491;31;35;13.464;5.0
1492;31;35;12.33;11.5
1493;31;36;18.455;7.27
1494;31;36;18.425;6.07
1495;31;36;18.577;21.5
1496;31;37;36.234;19.68
1497;31;37;35.614;14.45
1498;31;38;39.156;12.04
1499;31;38;48.481;4.55
1500;31;38;45.962;4.77
1501;31;39;18.196;8.31
1502;32;33;78.248;19.95
1503;32;33;87.054;9.43
1504;32;33;81.57;1.89
1505;32;34;18.193;19.99
1506;32;34;15.952;4.7
1507;32;35;13.365;1.39
1508;32;36;15.85;16.52
1509;32;37;38.597;12.68
1510;32;37;44.668;1.94
1511;32;38;37.659;15.04
1512;32;38;31.973;19.66
1513;32;38;36.365;5.53
1514;32;39;19.29;6.98
1515;33;34;91.887;9.97
1516;33;34;108.743;11.85
1517;33;34;90.422;9.95
1518;33;35;91.381;16.61
1519;33;35;104.397;17.51
1520;33;35;90.936;4.72
1521;33;36;64.575;21.91
1522;33;36;65.588;17.29
1523;33;36;59.36;19.98
1524;33;37;48.774;11.39
1525;33;37;38.705;2.75
1526;33;37;60.73;6.53
1527;33;38;115.337;24.23
1528;33;38;143.574;24.67
1529;33;39;96.367;1.32
1530;34;35;10.342;15.27
1531;34;35;9.161;20.75
1532;34;36;33.609;6.81
1533;34;36;34.709;17.16
1534;34;36;41.935;21.93
1535;34;37;46.577;20.8
1536;34;37;36.574;13.43
1537;34;37;37.662;7.59
1538;34;38;31.925;23.64
1539;34;38;24.855;16.34
1540;34;38;28.738;7.16
1541;34;39;7.648;20.23
1542;34;39;7.318;15.51
1543;34;39;6.406;19.34
1544;35;36;28.942;4.45
1545;35;37;49.405;10.71
1546;35;37;57.86;24.24
1547;35;37;44.799;13.97
1548;35;38;25.983;4.28
1549;35;39;6.651;20.58
1550;35;39;5.382;20.18
1551;35;39;7.905;6.47
1552;36;37;32.85;21.0
1553;36;37;35.303;16.68
1554;36;37;27.735;4.05
1555;36;38;50.905;22.1
1556;36;38;47.083;10.51
1557;36;39;35.108;6.67
1558;36;39;31.15;4.66
1559;36;39;29.027;22.28
1560;37;38;75.336;12.59
1561;37;38;81.652;1.13
1562;37;39;52.651;18.94
1563;37;39;53.77;7.48
1564;38;39;24.35;13.21
1565;38;39;25.932;21.78
