VERTEX_COUNT 40
PATH_COUNT 1
BUDGET 360
<------------ VERTICES ------------>
0;START;41.374834;2.170055;0.0;0.0
1;Basilica of the Sagrada Família;41.403568;2.174435;45.0;100.0
2;Palau Güell;41.378864;2.174117;45.0;85.49
3;La Pedrera (Casa Milà);41.395271;2.161785;45.0;85.35
4;Anella Olímpica(Olympic Park);41.364778;2.152575;45.0;76.0
5;Poble Espanyol;41.368679;2.147031;45.0;72.95
6;Montjuïc Castle;41.363823;2.167096;45.0;71.88
7;Casa Batlló;41.391758;2.164961;45.0;71.6
8;Park Güell;41.414249;2.151926;45.0;68.87
9;Passeig de Gràcia;41.390739;2.166672;45.0;64.68
10;Basilica of Sants Just i Pastor;41.382812;2.178195;45.0;63.57
11;Basilica of Santa Maria del Mar;41.383518;2.1818;45.0;63.02
12;Galeria d’Art Mar Grup Escolà;41.392349;2.167836;45.0;62.43
13;Parc de la Ciutadella;41.389248;2.186548;45.0;62.22
14;Avinguda d’Icària;41.391556;2.197416;45.0;61.45
15;Antic Hospital de la Santa Creu;41.380573;2.170374;45.0;61.27
16;Lorena Ruiz de Villa;41.397858;2.146705;45.0;59.38
17;Casa Vicens;41.403442;2.150684;45.0;58.76
18;Imaginart Gallery;41.393822;2.164627;45.0;57.6
19;Barcelona;41.389034;2.16137;45.0;55.46
20;Atelier;41.407719;2.158233;45.0;54.65
21;Plaça de Catalunya;41.387005;2.17003;45.0;53.13
22;Museu Nacional d’Art de Catalunya;41.36882;2.153347;45.0;52.93
23;Despair;41.387653;2.188076;45.0;52.42
24;Contrast;41.387928;2.161469;45.0;52.36
25;Plaça del Rei;41.384144;2.177409;45.0;51.13
26;Museu d’Història de Catalunya - MHC;41.380852;2.185799;45.0;50.58
27;Palau Montaner;41.39555;2.1652;45.0;50.4
28;Galeria Mayoral;41.389542;2.163808;45.0;50.36
29;Carles Taché;41.389851;2.164213;45.0;49.14
30;Museu Frederic Marès;41.384178;2.176819;45.0;48.81
31;Casa Martí, Els Quatre Gats ;41.385775;2.173671;45.0;48.76
32;Arts Santa Mònica;41.37722;2.176012;45.0;48.27
33;Royal Dockyards Museu Marítim ;41.375286;2.17598;45.0;47.64
34;Magic Fountain of Montjuïc;41.37117;2.151732;45.0;46.79
35;Piramidon Centre d’Art Contemporani;41.422626;2.209764;45.0;46.71
36;Rambla del Raval;41.378681;2.169317;45.0;46.65
37;Poblenou Cemetery;41.394859;2.201189;45.0;46.42
38;Monument to Doctor Robert;41.394924;2.175599;45.0;45.91
39;FINISH;41.374834;2.170055;0.0;0.0
<------------- EDGES -------------->
0;0;1;49.491;9.41
1;0;2;8.647;3.72
2;0;2;9.289;20.52
3;0;2;9.984;23.42
4;0;3;36.549;21.22
5;0;3;31.85;2.55
6;0;3;35.833;10.71
7;0;4;28.285;7.34
8;0;4;35.041;14.55
9;0;4;35.245;7.38
10;0;5;31.387;16.25
11;0;5;35.033;4.92
12;0;5;23.728;2.37
13;0;6;19.222;15.07
14;0;6;23.999;8.23
15;0;6;17.197;19.36
16;0;7;29.69;19.46
17;0;7;22.713;18.84
18;0;8;71.35;13.95
19;0;9;27.562;23.54
20;0;10;17.194;1.96
21;0;11;21.172;12.74
22;0;11;16.173;21.49
23;0;12;30.107;19.79
24;0;12;26.487;22.91
25;0;13;32.509;9.75
26;0;13;37.931;8.02
27;0;14;45.309;21.81
28;0;15;9.829;1.77
29;0;16;49.508;5.61
30;0;17;54.909;12.79
31;0;17;68.218;0.74
32;0;18;33.232;20.54
33;0;18;32.811;2.05
34;0;18;27.165;10.45
35;0;19;26.736;20.48
36;0;19;29.386;13.07
37;0;20;58.284;9.44
38;0;20;67.944;14.5
39;0;21;20.827;8.88
40;0;21;23.018;16.34
41;0;21;20.642;7.46
42;0;22;23.796;10.64
43;0;23;31.884;21.23
44;0;23;39.526;3.79
45;0;23;34.156;7.45
46;0;24;24.972;0.73
47;0;25;18.52;8.96
48;0;26;22.688;23.17
49;0;27;35.994;24.24
50;0;27;37.64;21.59
51;0;27;37.585;4.32
52;0;28;26.416;13.76
53;0;28;30.603;24.19
54;0;28;31.825;14.57
55;0;29;26.77;21.87
56;0;30;18.196;19.4
57;0;30;14.306;22.85
58;0;31;19.29;3.07
59;0;32;8.671;8.6
60;0;33;7.648;14.16
61;0;34;24.35;10.44
62;0;35;96.367;3.41
63;0;35;100.376;23.04
64;0;36;6.651;24.31
65;0;36;5.048;21.91
66;0;36;8.145;24.44
67;0;37;52.651;21.27
68;0;37;58.078;4.77
69;0;37;60.532;5.04
70;0;38;35.108;0.1
71;0;39;0.0;24.12
72;1;2;42.276;10.89
73;1;3;21.57;9.14
74;1;3;24.715;19.86
75;1;3;19.778;23.66
76;1;4;72.069;8.67
77;1;4;87.018;8.59
78;1;4;59.828;12.99
79;1;5;69.299;5.62
80;1;5;84.412;12.55
81;1;6;68.662;24.99
82;1;6;82.921;1.0
83;1;6;54.899;19.19
84;1;7;23.587;7.04
85;1;7;18.083;1.49
86;1;8;34.185;20.82
87;1;8;39.777;14.29
88;1;9;24.109;6.28
89;1;9;24.816;23.96
90;1;10;35.845;9.11
91;1;10;33.994;16.38
92;1;11;35.589;7.35
93;1;12;20.984;15.82
94;1;13;29.022;7.0
95;1;14;35.955;22.55
96;1;14;38.888;11.09
97;1;15;39.694;15.73
98;1;16;36.911;23.83
99;1;17;30.486;18.24
100;1;18;20.896;24.67
101;1;18;22.2;20.84
102;1;19;29.997;5.46
103;1;19;23.75;6.31
104;1;19;31.096;19.83
105;1;20;21.975;22.31
106;1;20;22.518;4.43
107;1;20;21.941;10.27
108;1;21;28.902;14.05
109;1;21;30.564;2.01
110;1;21;23.727;11.63
111;1;22;65.336;13.86
112;1;22;64.132;15.07
113;1;22;66.739;8.29
114;1;23;32.378;7.84
115;1;23;39.043;7.7
116;1;24;31.517;6.15
117;1;25;33.457;7.51
118;1;26;41.52;13.4
119;1;26;39.085;17.41
120;1;26;48.842;12.44
121;1;27;18.132;24.53
122;1;27;17.699;1.89
123;1;28;27.608;11.84
124;1;29;26.892;1.83
125;1;29;26.991;15.45
126;1;30;33.322;3.74
127;1;31;30.463;8.72
128;1;32;45.133;21.97
129;1;32;50.226;12.99
130;1;32;47.999;21.99
131;1;33;48.438;17.47
132;1;33;37.39;23.56
133;1;33;48.127;20.98
134;1;34;62.636;3.13
135;1;34;71.156;10.0
136;1;35;55.85;17.91
137;1;35;47.511;22.74
138;1;35;65.594;10.41
139;1;36;43.091;10.47
140;1;36;44.058;20.6
141;1;37;37.436;3.58
142;1;37;32.789;17.78
143;1;37;34.2;7.72
144;1;38;14.867;9.02
145;1;38;15.842;20.4
146;1;38;15.386;22.68
147;1;39;49.491;0.23
148;2;3;32.233;12.3
149;2;3;28.734;11.22
150;2;4;36.692;19.02
151;2;5;38.904;16.74
152;2;5;29.43;9.74
153;2;5;45.65;2.22
154;2;6;27.272;23.52
155;2;6;21.835;2.85
156;2;6;28.077;23.3
157;2;7;25.001;14.44
158;2;7;23.801;12.47
159;2;8;66.918;8.69
160;2;8;73.81;17.25
161;2;8;53.293;18.83
162;2;9;22.457;13.15
163;2;10;8.547;1.72
164;2;11;12.678;7.41
165;2;12;24.444;22.85
166;2;12;24.469;2.56
167;2;13;23.885;12.87
168;2;13;25.9;2.54
169;2;14;36.967;1.93
170;2;15;5.626;24.88
171;2;15;4.609;4.71
172;2;16;47.906;24.07
173;2;16;45.667;22.76
174;2;17;51.71;14.44
175;2;18;28.348;15.67
176;2;18;28.435;21.82
177;2;19;23.89;4.27
178;2;20;53.422;23.21
179;2;21;14.887;24.84
180;2;21;16.421;23.33
181;2;21;18.157;21.82
182;2;22;31.73;22.24
183;2;22;26.562;20.51
184;2;22;28.549;21.12
185;2;23;23.397;15.87
186;2;23;17.632;22.75
187;2;24;22.456;14.76
188;2;25;9.975;23.64
189;2;25;11.092;14.24
190;2;25;9.903;14.56
191;2;26;15.381;17.68
192;2;26;19.059;20.16
193;2;26;14.179;21.07
194;2;27;30.763;11.35
195;2;27;34.818;8.59
196;2;28;22.563;21.41
197;2;28;27.744;7.31
198;2;28;27.866;22.19
199;2;29;22.698;21.17
200;2;29;25.729;3.69
201;2;30;9.733;5.26
202;2;31;11.84;17.33
203;2;31;11.56;16.48
204;2;32;3.72;6.93
205;2;32;3.816;6.57
206;2;33;6.574;23.02
207;2;33;6.084;13.43
208;2;33;5.668;16.81
209;2;34;31.617;20.63
210;2;34;28.398;22.56
211;2;35;87.759;21.6
212;2;36;6.171;16.0
213;2;36;6.945;20.82
214;2;36;5.676;2.64
215;2;37;44.241;2.56
216;2;37;50.483;6.31
217;2;38;27.548;24.09
218;2;39;8.647;14.25
219;2;39;6.519;9.48
220;2;39;8.106;1.4
221;3;4;53.504;13.67
222;3;4;55.879;13.43
223;3;4;43.463;17.74
224;3;5;49.291;1.55
225;3;6;54.245;0.55
226;3;6;48.705;23.89
227;3;7;7.264;22.33
228;3;7;7.098;1.94
229;3;8;34.854;22.72
230;3;8;28.98;0.11
231;3;9;9.975;8.04
232;3;9;10.339;3.17
233;3;9;8.954;18.09
234;3;10;29.973;12.4
235;3;10;33.049;18.17
236;3;10;26.378;5.44
237;3;11;32.631;4.84
238;3;11;36.971;7.71
239;3;12;9.238;24.43
240;3;12;10.439;8.53
241;3;13;33.419;9.96
242;3;13;40.835;15.1
243;3;14;46.181;6.69
244;3;14;46.316;5.2
245;3;15;27.463;8.97
246;3;15;27.796;21.16
247;3;16;19.858;7.59
248;3;17;19.964;7.73
249;3;17;15.761;12.65
250;3;17;16.793;19.33
251;3;18;4.411;5.88
252;3;19;10.686;16.8
253;3;20;21.784;9.2
254;3;20;20.295;24.14
255;3;21;17.667;2.4
256;3;22;46.542;18.65
257;3;22;36.414;13.44
258;3;22;57.385;18.66
259;3;23;36.182;20.23
260;3;23;27.957;9.94
261;3;23;30.269;3.71
262;3;24;12.572;8.26
263;3;24;14.621;7.13
264;3;25;27.657;10.94
265;3;25;30.231;2.76
266;3;26;39.488;6.11
267;3;26;48.231;15.32
268;3;27;4.41;21.16
269;3;27;5.407;5.72
270;3;27;5.207;2.37
271;3;28;10.142;19.06
272;3;28;9.008;17.97
273;3;29;9.785;1.85
274;3;30;27.071;8.35
275;3;30;26.015;5.4
276;3;30;26.064;4.81
277;3;31;22.291;7.04
278;3;31;17.883;5.83
279;3;32;35.886;0.2
280;3;33;38.752;18.28
281;3;33;44.419;21.37
282;3;33;47.74;16.95
283;3;34;43.215;8.99
284;3;35;77.35;12.66
285;3;36;29.991;3.71
286;3;37;50.588;4.06
287;3;38;17.743;13.1
288;3;38;14.251;20.19
289;3;39;36.549;7.1
290;3;39;38.037;23.02
291;4;5;9.76;0.39
292;4;5;7.723;18.94
293;4;5;11.522;8.76
294;4;6;18.721;9.98
295;4;6;16.657;14.83
296;4;7;48.832;11.12
297;4;7;37.392;21.44
298;4;8;84.661;15.2
299;4;8;84.976;24.03
300;4;9;47.972;19.98
301;4;9;49.283;24.92
302;4;9;48.673;5.03
303;4;10;45.108;22.22
304;4;11;49.364;15.86
305;4;11;53.57;19.31
306;4;11;61.265;18.31
307;4;12;51.088;3.53
308;4;12;42.203;18.87
309;4;13;60.469;23.02
310;4;13;59.119;5.92
311;4;13;55.718;13.71
312;4;14;73.587;16.51
313;4;15;35.398;21.95
314;4;15;32.225;10.45
315;4;15;42.358;20.5
316;4;16;57.108;2.22
317;4;16;71.074;2.99
318;4;17;66.208;20.47
319;4;17;71.808;19.44
320;4;18;52.055;11.28
321;4;19;43.017;7.88
322;4;19;40.552;0.55
323;4;20;73.841;17.82
324;4;20;76.244;23.39
325;4;21;44.149;1.95
326;4;22;6.988;2.83
327;4;22;6.566;23.52
328;4;22;8.001;0.58
329;4;23;60.087;11.68
330;4;24;41.229;14.53
331;4;24;39.969;1.13
332;4;25;45.992;15.47
333;4;25;48.058;23.4
334;4;25;47.376;15.36
335;4;26;50.763;5.52
336;4;26;49.845;14.54
337;4;26;58.77;0.63
338;4;27;55.097;14.75
339;4;28;44.765;18.9
340;4;28;46.671;16.92
341;4;28;34.507;12.1
342;4;29;45.434;10.12
343;4;30;45.512;2.77
344;4;30;50.139;10.32
345;4;30;48.593;22.69
346;4;31;44.999;13.47
347;4;31;48.871;15.01
348;4;32;36.867;13.37
349;4;32;43.396;10.86
350;4;33;35.025;7.85
351;4;33;39.007;23.41
352;4;34;10.992;8.46
353;4;35;123.244;23.03
354;4;36;32.067;10.9
355;4;36;27.186;0.46
356;4;36;38.256;3.54
357;4;37;80.908;16.38
358;4;38;59.458;18.16
359;4;39;28.285;4.53
360;4;39;30.835;23.64
361;4;39;31.347;2.45
362;5;6;27.076;24.62
363;5;6;28.02;16.4
364;5;6;25.22;2.28
365;5;7;45.714;16.38
366;5;8;78.233;5.26
367;5;8;74.045;20.68
368;5;8;94.646;3.81
369;5;9;45.399;11.33
370;5;10;46.758;11.48
371;5;10;55.414;18.75
372;5;10;50.903;6.41
373;5;11;51.362;9.11
374;5;12;48.521;10.82
375;5;12;59.98;4.57
376;5;12;50.447;5.58
377;5;13;61.754;9.8
378;5;13;46.601;24.98
379;5;13;55.72;2.52
380;5;14;75.617;1.05
381;5;15;36.232;23.87
382;5;15;44.56;23.8
383;5;15;31.547;8.47
384;5;16;49.934;4.36
385;5;17;59.672;19.42
386;5;17;47.93;0.35
387;5;18;48.597;1.83
388;5;19;39.399;20.8
389;5;19;46.566;1.99
390;5;19;48.158;1.07
391;5;20;68.337;24.35
392;5;20;72.804;9.75
393;5;21;43.076;22.47
394;5;21;49.648;17.8
395;5;22;8.115;11.78
396;5;23;61.902;12.71
397;5;24;37.798;2.6
398;5;25;47.138;1.29
399;5;25;41.6;12.79
400;5;26;53.965;8.84
401;5;27;51.562;6.7
402;5;27;62.723;7.62
403;5;28;41.697;7.21
404;5;28;35.31;4.55
405;5;28;52.084;17.57
406;5;29;42.419;20.98
407;5;29;39.455;13.53
408;5;30;46.546;0.08
409;5;30;47.565;23.42
410;5;30;56.133;9.78
411;5;31;45.011;16.97
412;5;32;39.983;8.29
413;5;32;39.7;8.35
414;5;32;48.91;0.68
415;5;33;38.857;14.71
416;5;33;44.218;2.71
417;5;33;42.391;1.82
418;5;34;7.39;4.65
419;5;34;8.821;8.44
420;5;35;122.504;20.31
421;5;35;152.634;24.21
422;5;36;33.346;23.13
423;5;37;82.719;19.5
424;5;37;72.115;13.15
425;5;37;83.902;8.63
426;5;38;57.987;5.55
427;5;39;31.387;5.24
428;6;7;47.882;13.67
429;6;7;53.562;20.51
430;6;7;36.737;0.86
431;6;8;88.461;14.87
432;6;8;104.4;1.64
433;6;9;46.063;12.4
434;6;10;35.483;2.95
435;6;11;38.631;4.32
436;6;11;42.387;5.27
437;6;11;36.57;16.24
438;6;12;48.824;2.13
439;6;12;56.725;0.09
440;6;12;46.311;18.54
441;6;13;50.168;8.88
442;6;14;61.384;3.56
443;6;15;28.971;11.78
444;6;16;63.856;6.06
445;6;17;70.996;2.51
446;6;18;51.433;7.52
447;6;18;59.472;17.94
448;6;18;44.5;4.26
449;6;19;43.764;21.27
450;6;20;75.973;18.29
451;6;20;73.651;22.19
452;6;21;39.848;24.97
453;6;22;19.619;20.74
454;6;23;48.874;18.03
455;6;24;41.877;11.22
456;6;24;42.839;19.85
457;6;25;37.21;24.1
458;6;25;38.549;1.77
459;6;25;29.562;5.02
460;6;26;37.763;19.64
461;6;26;40.308;23.72
462;6;26;33.805;4.07
463;6;27;54.347;11.2
464;6;27;57.174;22.55
465;6;27;49.328;12.8
466;6;28;44.213;18.31
467;6;29;44.693;9.28
468;6;29;49.503;1.33
469;6;30;37.002;7.54
470;6;30;38.835;1.56
471;6;31;38.502;6.12
472;6;31;39.257;16.21
473;6;31;33.815;18.91
474;6;32;25.626;8.39
475;6;32;22.629;9.05
476;6;33;22.692;21.14
477;6;33;19.189;23.27
478;6;33;20.549;15.6
479;6;34;23.396;18.21
480;6;34;25.218;9.38
481;6;34;26.262;5.48
482;6;35;114.568;9.22
483;6;36;25.585;5.48
484;6;36;19.581;13.47
485;6;36;19.301;10.14
486;6;37;68.826;11.81
487;6;37;79.122;0.46
488;6;37;58.297;11.66
489;6;38;54.329;19.85
490;6;39;19.222;5.53
491;6;39;16.885;11.03
492;7;8;41.967;5.0
493;7;8;33.531;12.81
494;7;8;38.578;18.08
495;7;9;2.805;13.61
496;7;9;3.4;9.12
497;7;10;22.87;13.53
498;7;11;25.811;1.85
499;7;12;3.827;13.52
500;7;13;28.044;6.05
501;7;13;28.238;9.34
502;7;13;34.947;9.61
503;7;14;41.666;5.21
504;7;14;38.122;15.64
505;7;14;50.121;9.75
506;7;15;20.363;16.64
507;7;16;25.655;21.82
508;7;16;19.983;7.1
509;7;16;31.083;1.11
510;7;17;27.123;15.84
511;7;18;3.558;16.54
512;7;19;6.556;14.64
513;7;20;28.646;15.66
514;7;21;10.416;1.5
515;7;21;12.081;18.76
516;7;21;9.049;6.7
517;7;22;41.989;7.49
518;7;22;37.064;17.12
519;7;22;44.713;15.2
520;7;23;30.495;1.19
521;7;24;7.941;9.46
522;7;24;8.126;5.35
523;7;25;20.62;19.58
524;7;25;17.476;22.29
525;7;25;19.125;23.44
526;7;26;32.62;23.68
527;7;26;27.409;19.06
528;7;27;6.496;9.99
529;7;27;5.759;16.53
530;7;27;7.174;24.18
531;7;28;4.071;7.25
532;7;28;4.191;4.27
533;7;28;5.027;4.14
534;7;29;3.402;24.92
535;7;29;3.294;10.34
536;7;30;20.0;16.75
537;7;31;15.161;19.33
538;7;32;28.64;7.15
539;7;32;22.717;18.91
540;7;33;31.539;7.33
541;7;34;39.112;6.38
542;7;35;78.082;7.37
543;7;35;66.875;23.68
544;7;36;23.066;5.72
545;7;36;27.816;15.86
546;7;37;46.809;10.28
547;7;38;14.692;5.57
548;7;38;14.905;12.95
549;7;39;29.69;17.34
550;8;9;44.461;20.06
551;8;10;63.49;7.75
552;8;10;57.855;6.81
553;8;10;67.479;17.37
554;8;11;65.084;23.97
555;8;11;53.026;3.86
556;8;11;69.936;12.72
557;8;12;42.679;10.63
558;8;12;51.733;11.06
559;8;12;36.896;19.36
560;8;13;61.687;3.06
561;8;13;59.034;15.36
562;8;14;70.123;24.51
563;8;14;61.14;23.1
564;8;15;62.303;0.72
565;8;15;64.447;6.81
566;8;15;67.882;8.36
567;8;16;28.838;23.69
568;8;17;18.562;5.54
569;8;17;22.9;8.87
570;8;18;38.57;2.31
571;8;18;42.767;9.82
572;8;19;44.819;16.88
573;8;19;48.172;3.88
574;8;19;47.926;10.53
575;8;20;13.798;2.43
576;8;20;15.277;14.98
577;8;21;52.091;19.46
578;8;22;77.761;22.33
579;8;23;64.996;8.12
580;8;23;61.932;5.13
581;8;24;46.677;12.09
582;8;24;58.01;21.71
583;8;24;40.199;9.81
584;8;25;61.024;18.85
585;8;25;59.082;20.94
586;8;26;71.81;22.31
587;8;27;36.251;16.89
588;8;27;43.812;13.79
589;8;28;44.946;14.39
590;8;28;50.324;20.11
591;8;28;55.822;21.29
592;8;29;44.63;18.17
593;8;29;48.561;6.66
594;8;30;60.572;10.64
595;8;31;56.153;17.53
596;8;32;70.506;17.87
597;8;32;78.525;10.89
598;8;33;73.478;14.9
599;8;33;73.61;16.72
600;8;33;86.398;6.89
601;8;34;73.718;8.04
602;8;34;64.611;22.29
603;8;35;75.592;18.26
604;8;35;82.397;5.35
605;8;36;64.83;13.94
606;8;36;60.794;13.5
607;8;37;71.407;15.14
608;8;37;64.734;8.35
609;8;37;86.614;2.0
610;8;38;44.909;3.45
611;8;39;71.35;2.56
612;8;39;72.046;21.18
613;9;10;20.072;8.48
614;9;11;23.02;22.51
615;9;12;3.134;21.09
616;9;12;3.763;7.83
617;9;12;2.468;7.06
618;9;13;25.644;9.48
619;9;13;20.261;2.58
620;9;14;39.493;10.06
621;9;15;18.034;13.2
622;9;16;28.38;16.21
623;9;16;25.809;14.67
624;9;17;29.895;20.04
625;9;17;35.113;3.83
626;9;17;36.875;20.91
627;9;18;5.893;0.33
628;9;18;7.03;14.93
629;9;18;6.562;22.91
630;9;19;7.406;19.38
631;9;20;31.01;8.69
632;9;20;38.232;15.8
633;9;20;30.082;15.64
634;9;21;7.708;10.39
635;9;22;41.226;12.46
636;9;22;44.066;17.11
637;9;22;40.912;16.05
638;9;23;27.982;0.24
639;9;23;34.329;24.7
640;9;23;26.517;11.82
641;9;24;8.231;18.62
642;9;24;7.9;11.07
643;9;25;17.815;21.6
644;9;25;20.752;5.2
645;9;25;19.387;13.58
646;9;26;29.821;7.21
647;9;26;31.945;12.19
648;9;27;8.447;1.2
649;9;27;7.948;22.74
650;9;28;4.209;24.54
651;9;29;3.504;3.7
652;9;29;4.077;4.66
653;9;30;17.198;5.59
654;9;31;12.365;0.99
655;9;32;26.057;1.55
656;9;33;29.019;23.78
657;9;33;23.082;24.65
658;9;34;38.592;1.75
659;9;35;77.694;23.0
660;9;35;58.529;11.92
661;9;35;61.626;8.99
662;9;36;20.912;12.65
663;9;36;23.728;24.2
664;9;37;44.869;21.47
665;9;38;13.514;10.71
666;9;38;12.256;10.53
667;9;39;27.562;17.86
668;10;11;4.784;11.56
669;10;11;4.735;12.85
670;10;12;21.053;22.65
671;10;12;18.773;18.02
672;10;12;23.517;14.2
673;10;13;15.372;10.51
674;10;13;15.432;3.13
675;10;14;28.859;22.3
676;10;14;29.133;4.08
677;10;15;10.748;0.75
678;10;15;10.685;19.18
679;10;16;47.93;8.53
680;10;16;43.753;23.35
681;10;16;54.37;21.28
682;10;17;49.936;15.86
683;10;18;25.659;24.82
684;10;18;19.774;22.02
685;10;19;24.083;21.17
686;10;19;18.697;10.96
687;10;20;49.732;11.33
688;10;20;59.737;9.58
689;10;21;12.704;9.99
690;10;21;9.861;18.28
691;10;21;10.951;24.29
692;10;22;39.892;10.18
693;10;22;42.896;6.58
694;10;22;34.231;11.55
695;10;23;15.151;0.1
696;10;24;23.19;8.17
697;10;25;2.493;1.85
698;10;25;3.108;20.43
699;10;25;2.665;6.43
700;10;26;10.323;19.79
701;10;26;10.62;23.52
702;10;26;8.136;8.52
703;10;27;27.449;6.74
704;10;27;25.21;17.63
705;10;27;22.66;5.47
706;10;28;21.767;16.95
707;10;28;19.391;23.5
708;10;29;21.618;21.83
709;10;30;2.93;8.0
710;10;30;3.46;19.24
711;10;31;7.711;12.4
712;10;32;9.971;4.65
713;10;32;9.902;24.78
714;10;33;13.189;21.68
715;10;33;15.618;15.8
716;10;33;12.626;10.39
717;10;34;39.39;0.54
718;10;34;40.948;22.03
719;10;34;39.295;7.52
720;10;35;79.27;9.13
721;10;35;63.386;16.49
722;10;35;89.334;22.03
723;10;36;13.413;16.56
724;10;36;13.211;24.73
725;10;37;36.006;24.7
726;10;38;20.993;23.86
727;10;39;17.194;6.09
728;10;39;18.189;3.72
729;10;39;15.65;20.68
730;11;12;23.447;19.79
731;11;12;19.143;15.23
732;11;13;11.546;0.14
733;11;14;24.314;3.42
734;11;14;25.81;13.78
735;11;15;15.512;11.73
736;11;16;51.304;1.08
737;11;16;57.731;14.46
738;11;16;44.105;20.96
739;11;17;52.517;19.22
740;11;17;46.059;0.58
741;11;18;28.231;9.24
742;11;18;27.131;7.93
743;11;18;30.836;11.21
744;11;19;27.876;19.27
745;11;20;51.287;20.87
746;11;21;16.247;7.38
747;11;21;15.266;8.59
748;11;22;44.356;0.39
749;11;22;51.475;24.43
750;11;22;52.959;12.2
751;11;23;10.724;0.62
752;11;23;8.226;12.62
753;11;23;11.924;4.41
754;11;24;27.172;3.04
755;11;24;30.548;5.66
756;11;25;5.739;2.36
757;11;25;6.767;3.24
758;11;26;6.869;23.55
759;11;26;6.365;13.5
760;11;26;6.504;4.84
761;11;27;29.633;10.98
762;11;28;25.295;7.09
763;11;28;27.997;16.83
764;11;29;25.046;8.17
765;11;30;6.494;15.05
766;11;30;7.949;13.54
767;11;31;11.129;11.77
768;11;31;13.583;21.65
769;11;32;13.091;5.94
770;11;32;15.986;19.42
771;11;32;13.599;2.32
772;11;33;15.946;2.97
773;11;34;44.013;5.13
774;11;34;42.883;7.64
775;11;35;75.941;23.31
776;11;36;18.039;0.64
777;11;36;17.938;1.78
778;11;36;18.205;7.42
779;11;37;31.563;4.11
780;11;37;27.777;17.15
781;11;37;23.891;18.12
782;11;38;21.079;10.39
783;11;38;23.23;17.92
784;11;39;21.172;5.58
785;11;39;23.348;14.76
786;11;39;18.974;1.94
787;12;13;24.601;12.9
788;12;14;37.998;8.59
789;12;14;39.337;16.74
790;12;14;35.062;20.33
791;12;15;20.413;16.69
792;12;16;28.717;1.03
793;12;16;32.466;22.04
794;12;16;33.032;3.41
795;12;17;29.071;6.38
796;12;17;29.095;11.11
797;12;17;24.491;16.57
798;12;18;4.83;3.09
799;12;18;3.69;21.49
800;12;19;10.054;4.19
801;12;19;7.674;6.59
802;12;19;9.91;9.76
803;12;20;29.047;16.99
804;12;20;22.801;3.53
805;12;20;23.223;5.05
806;12;21;9.569;14.93
807;12;21;8.862;9.23
808;12;21;11.0;11.75
809;12;22;44.354;17.64
810;12;23;27.199;16.21
811;12;24;11.138;5.61
812;12;24;12.207;8.63
813;12;24;8.524;21.99
814;12;25;18.66;14.0
815;12;25;18.402;19.3
816;12;26;30.314;21.55
817;12;27;6.439;1.22
818;12;27;6.901;15.94
819;12;27;5.334;17.95
820;12;28;7.058;20.32
821;12;28;7.668;18.24
822;12;28;5.607;18.27
823;12;29;6.317;9.2
824;12;30;18.125;18.05
825;12;31;13.515;5.61
826;12;31;12.017;8.34
827;12;32;27.936;13.95
828;12;33;31.014;2.87
829;12;33;34.386;15.8
830;12;34;41.726;18.22
831;12;34;43.439;10.64
832;12;34;50.03;15.38
833;12;35;74.701;23.59
834;12;36;23.466;16.05
835;12;36;27.371;1.67
836;12;36;19.112;7.05
837;12;37;43.031;16.01
838;12;38;10.896;12.14
839;12;38;12.093;1.58
840;12;38;9.065;3.16
841;12;39;30.107;0.57
842;13;14;14.501;22.0
843;13;15;25.526;23.62
844;13;15;29.155;20.79
845;13;16;53.228;17.79
846;13;17;52.053;12.89
847;13;17;62.303;22.44
848;13;17;53.51;18.87
849;13;18;29.21;15.76
850;13;18;25.147;16.74
851;13;18;35.803;7.94
852;13;19;32.326;9.15
853;13;19;33.352;8.93
854;13;20;48.168;11.53
855;13;20;54.891;12.21
856;13;20;53.26;20.37
857;13;21;21.551;7.78
858;13;21;16.613;13.36
859;13;21;19.364;18.36
860;13;22;55.131;19.33
861;13;22;60.061;11.14
862;13;22;50.315;13.21
863;13;23;3.361;12.59
864;13;24;32.276;15.53
865;13;24;33.374;1.46
866;13;25;14.627;10.15
867;13;25;17.999;16.6
868;13;25;15.999;9.98
869;13;26;14.4;13.25
870;13;26;11.399;13.45
871;13;27;29.451;18.94
872;13;28;29.198;24.28
873;13;28;30.558;22.19
874;13;29;28.693;9.56
875;13;29;28.602;21.58
876;13;30;15.208;1.08
877;13;30;17.823;17.52
878;13;30;16.124;9.23
879;13;31;17.568;19.9
880;13;32;24.63;22.33
881;13;32;29.473;20.97
882;13;33;27.476;14.75
883;13;33;23.522;13.24
884;13;33;20.993;14.06
885;13;34;54.364;11.17
886;13;34;52.662;23.64
887;13;34;63.613;21.38
888;13;35;64.423;23.49
889;13;36;28.573;11.9
890;13;36;22.129;11.49
891;13;36;32.653;3.62
892;13;37;21.106;12.08
893;13;38;17.085;9.27
894;13;38;17.673;22.6
895;13;39;32.509;11.05
896;13;39;39.992;3.59
897;13;39;27.229;22.91
898;14;15;39.479;22.99
899;14;16;65.986;17.61
900;14;17;63.342;24.11
901;14;17;70.539;3.92
902;14;17;70.98;3.24
903;14;18;42.271;23.76
904;14;18;41.851;9.24
905;14;19;46.477;6.54
906;14;19;54.74;15.03
907;14;20;57.399;24.11
908;14;20;45.332;14.66
909;14;20;53.117;5.63
910;14;21;36.011;23.39
911;14;21;34.586;24.39
912;14;21;36.585;23.78
913;14;22;68.67;13.16
914;14;22;66.835;19.55
915;14;22;55.059;3.32
916;14;23;13.725;16.38
917;14;23;13.086;17.4
918;14;23;12.956;4.15
919;14;24;46.565;18.27
920;14;24;40.782;8.98
921;14;25;28.647;11.72
922;14;25;23.348;20.19
923;14;26;23.621;12.47
924;14;27;41.918;13.81
925;14;27;40.884;3.89
926;14;27;44.059;5.61
927;14;28;43.283;2.11
928;14;29;42.726;11.73
929;14;29;46.372;24.23
930;14;30;29.303;3.6
931;14;30;23.596;4.21
932;14;31;32.05;2.22
933;14;32;36.838;18.4
934;14;33;39.149;20.93
935;14;33;31.474;12.26
936;14;33;37.058;10.67
937;14;34;68.247;7.13
938;14;34;69.969;5.69
939;14;35;55.48;3.69
940;14;35;60.086;14.9
941;14;35;50.769;21.33
942;14;36;42.272;8.0
943;14;36;38.896;20.51
944;14;36;49.785;1.46
945;14;37;7.444;15.2
946;14;38;28.594;7.23
947;14;39;45.309;18.91
948;15;16;42.406;20.52
949;15;16;39.33;4.66
950;15;17;46.588;17.46
951;15;17;42.161;14.39
952;15;18;23.842;13.77
953;15;19;18.528;13.62
954;15;19;14.402;21.65
955;15;19;16.361;1.82
956;15;20;48.998;15.04
957;15;20;48.918;10.88
958;15;21;11.015;1.84
959;15;21;8.655;14.02
960;15;21;11.827;12.2
961;15;22;29.708;5.65
962;15;23;25.756;0.29
963;15;23;20.891;8.49
964;15;24;17.004;13.12
965;15;24;18.95;24.03
966;15;25;10.906;13.79
967;15;26;19.811;12.87
968;15;26;22.251;8.22
969;15;27;26.476;13.16
970;15;27;24.816;0.76
971;15;27;30.088;16.75
972;15;28;17.511;8.85
973;15;28;17.645;8.89
974;15;28;21.66;14.87
975;15;29;17.738;3.08
976;15;29;20.424;13.77
977;15;29;13.765;8.3
978;15;30;10.322;24.13
979;15;31;9.857;13.13
980;15;31;7.418;22.94
981;15;32;9.237;14.03
982;15;32;11.451;13.85
983;15;33;11.562;24.31
984;15;34;28.843;11.42
985;15;34;32.378;7.7
986;15;34;33.272;2.41
987;15;35;87.948;24.99
988;15;35;95.096;11.37
989;15;36;3.511;20.68
990;15;37;46.506;6.25
991;15;38;25.458;7.69
992;15;38;26.348;9.55
993;15;39;9.829;24.61
994;15;39;9.28;3.48
995;15;39;9.688;2.63
996;16;17;10.835;0.37
997;16;17;8.27;20.7
998;16;17;13.346;9.98
999;16;18;24.021;9.65
1000;16;18;28.393;5.98
1001;16;19;24.134;24.12
1002;16;20;22.443;17.26
1003;16;20;27.053;12.54
1004;16;21;35.236;20.52
1005;16;22;50.417;20.89
1006;16;23;55.908;21.64
1007;16;23;51.123;6.39
1008;16;24;25.455;7.29
1009;16;25;45.875;19.25
1010;16;26;58.016;19.19
1011;16;26;66.675;13.17
1012;16;26;52.374;10.84
1013;16;27;24.068;10.61
1014;16;27;24.966;4.67
1015;16;28;26.164;11.78
1016;16;29;26.323;22.73
1017;16;29;23.946;8.41
1018;16;29;28.114;19.99
1019;16;30;45.195;15.78
1020;16;30;36.3;20.78
1021;16;30;50.751;6.36
1022;16;31;40.323;24.17
1023;16;31;48.892;13.37
1024;16;31;46.761;11.67
1025;16;32;51.604;8.29
1026;16;32;47.678;0.6
1027;16;33;53.895;18.88
1028;16;33;53.247;17.01
1029;16;33;45.805;14.94
1030;16;34;46.123;10.22
1031;16;34;34.63;5.43
1032;16;35;91.357;7.29
1033;16;35;69.938;19.05
1034;16;36;43.814;3.5
1035;16;36;35.91;9.97
1036;16;37;70.128;0.53
1037;16;38;37.429;13.91
1038;16;39;49.508;23.83
1039;16;39;54.746;23.65
1040;16;39;37.567;0.78
1041;17;18;24.317;18.83
1042;17;18;25.039;4.06
1043;17;19;28.214;18.01
1044;17;19;25.498;12.98
1045;17;20;12.143;22.38
1046;17;21;37.522;1.52
1047;17;22;59.345;6.07
1048;17;23;55.082;21.41
1049;17;23;56.659;13.55
1050;17;24;29.941;11.89
1051;17;25;47.619;17.67
1052;17;26;59.384;11.69
1053;17;27;23.013;8.15
1054;17;27;22.976;19.38
1055;17;28;29.148;17.59
1056;17;28;28.303;18.78
1057;17;29;29.026;0.02
1058;17;29;31.125;8.93
1059;17;29;25.281;13.71
1060;17;30;47.035;24.98
1061;17;30;37.369;9.25
1062;17;31;42.246;24.29
1063;17;32;55.415;2.81
1064;17;32;68.72;8.26
1065;17;33;58.104;13.89
1066;17;34;55.241;9.73
1067;17;35;82.622;10.3
1068;17;35;61.984;7.9
1069;17;35;95.25;17.31
1070;17;36;48.658;5.18
1071;17;36;57.312;19.69
1072;17;36;40.98;24.13
1073;17;37;66.473;20.34
1074;17;37;58.571;2.36
1075;17;37;64.669;11.48
1076;17;38;35.147;8.96
1077;17;39;54.909;0.78
1078;18;19;9.199;24.25
1079;18;19;7.802;19.95
1080;18;20;25.157;0.11
1081;18;20;21.071;6.0
1082;18;21;13.572;21.89
1083;18;21;10.24;1.64
1084;18;22;45.169;14.65
1085;18;23;31.901;23.04
1086;18;23;29.685;3.36
1087;18;24;10.87;7.87
1088;18;24;9.709;9.1
1089;18;24;10.518;2.38
1090;18;25;23.314;12.55
1091;18;26;35.092;17.52
1092;18;26;37.407;21.38
1093;18;26;38.959;21.59
1094;18;27;3.047;6.05
1095;18;27;3.222;5.78
1096;18;28;7.399;0.78
1097;18;28;6.418;24.33
1098;18;29;6.816;2.29
1099;18;29;6.015;12.3
1100;18;30;22.745;3.31
1101;18;30;28.37;15.82
1102;18;30;27.384;9.7
1103;18;31;18.012;16.15
1104;18;31;15.193;16.84
1105;18;32;31.95;4.11
1106;18;32;28.972;10.24
1107;18;32;33.089;13.32
1108;18;33;34.908;11.34
1109;18;33;43.348;17.91
1110;18;34;42.151;10.46
1111;18;35;76.063;22.66
1112;18;35;87.153;15.45
1113;18;35;78.132;20.89
1114;18;36;26.6;12.32
1115;18;36;24.389;18.6
1116;18;36;30.939;23.6
1117;18;37;46.969;9.6
1118;18;37;43.082;20.63
1119;18;37;57.816;19.67
1120;18;38;14.211;10.87
1121;18;38;17.588;24.81
1122;18;39;33.232;7.77
1123;19;20;32.227;2.32
1124;19;20;26.521;6.44
1125;19;20;37.173;7.89
1126;19;21;11.648;5.84
1127;19;21;10.827;6.92
1128;19;21;9.333;0.26
1129;19;22;36.092;5.11
1130;19;22;37.603;0.49
1131;19;23;34.368;3.82
1132;19;23;31.675;1.59
1133;19;23;36.635;22.59
1134;19;24;1.897;15.4
1135;19;25;22.227;12.47
1136;19;25;27.45;6.93
1137;19;26;34.348;17.88
1138;19;26;40.113;20.38
1139;19;26;30.999;20.91
1140;19;27;12.186;16.58
1141;19;27;12.569;1.89
1142;19;28;3.248;4.13
1143;19;29;3.909;5.95
1144;19;30;21.505;22.97
1145;19;30;23.077;13.61
1146;19;31;16.748;8.35
1147;19;31;16.114;24.16
1148;19;31;17.825;10.62
1149;19;32;27.607;23.0
1150;19;33;30.089;19.76
1151;19;33;28.6;1.23
1152;19;33;24.863;24.57
1153;19;34;32.979;18.71
1154;19;34;40.65;21.71
1155;19;35;84.631;13.93
1156;19;35;86.409;2.95
1157;19;35;83.13;9.3
1158;19;36;20.445;4.91
1159;19;36;20.96;3.28
1160;19;36;16.903;9.65
1161;19;37;52.081;14.5
1162;19;37;57.817;14.24
1163;19;38;20.863;4.43
1164;19;39;26.736;20.37
1165;19;39;20.075;1.14
1166;20;21;38.546;2.22
1167;20;21;38.84;9.48
1168;20;21;33.636;4.82
1169;20;22;66.86;24.58
1170;20;23;51.445;7.25
1171;20;23;52.636;8.66
1172;20;24;34.121;21.7
1173;20;24;33.37;2.47
1174;20;24;40.836;18.39
1175;20;25;47.259;21.52
1176;20;25;52.956;9.84
1177;20;26;58.017;24.79
1178;20;26;43.888;15.02
1179;20;26;51.651;23.28
1180;20;27;22.663;16.73
1181;20;27;23.075;5.66
1182;20;28;31.918;2.86
1183;20;28;32.5;3.77
1184;20;28;39.735;23.36
1185;20;29;31.525;14.51
1186;20;29;27.988;7.83
1187;20;29;25.374;18.67
1188;20;30;46.819;10.41
1189;20;30;44.488;11.65
1190;20;31;42.459;9.57
1191;20;31;39.118;1.03
1192;20;31;33.515;8.15
1193;20;32;56.963;19.32
1194;20;32;68.379;10.85
1195;20;33;59.995;1.55
1196;20;33;70.496;11.21
1197;20;34;63.098;1.17
1198;20;34;51.202;10.41
1199;20;34;74.498;3.95
1200;20;35;70.88;11.2
1201;20;35;53.918;16.64
1202;20;35;67.198;17.98
1203;20;36;51.688;23.14
1204;20;36;53.834;5.09
1205;20;37;59.367;21.86
1206;20;37;60.544;3.41
1207;20;37;44.956;12.89
1208;20;38;31.245;2.59
1209;20;38;34.666;14.42
1210;20;39;58.284;0.77
1211;20;39;52.929;1.18
1212;21;22;37.779;5.7
1213;21;22;38.389;16.79
1214;21;23;23.195;5.58
1215;21;24;11.104;10.73
1216;21;24;12.763;24.92
1217;21;24;12.396;2.65
1218;21;25;10.664;0.44
1219;21;26;22.821;3.47
1220;21;26;23.691;2.25
1221;21;26;19.086;12.88
1222;21;27;15.883;9.8
1223;21;27;18.024;13.1
1224;21;27;16.974;9.29
1225;21;28;9.092;4.7
1226;21;29;8.916;19.7
1227;21;30;9.969;21.54
1228;21;30;11.915;13.86
1229;21;31;5.126;12.65
1230;21;31;5.173;10.67
1231;21;31;5.396;11.65
1232;21;32;18.422;22.36
1233;21;32;18.129;18.93
1234;21;32;19.948;14.46
1235;21;33;21.46;14.39
1236;21;34;35.865;2.16
1237;21;34;39.162;21.98
1238;21;35;79.476;15.07
1239;21;35;97.264;8.52
1240;21;36;14.274;9.01
1241;21;36;12.242;15.87
1242;21;36;13.388;3.18
1243;21;37;42.199;11.73
1244;21;37;41.719;1.67
1245;21;38;15.322;7.04
1246;21;38;16.307;19.49
1247;21;39;20.827;16.94
1248;21;39;24.615;13.7
1249;22;23;55.02;3.29
1250;22;24;34.321;2.12
1251;22;24;32.21;19.69
1252;22;25;40.525;15.65
1253;22;25;41.63;17.92
1254;22;26;46.481;0.23
1255;22;26;35.502;15.42
1256;22;27;48.206;7.84
1257;22;28;37.919;15.61
1258;22;28;30.872;16.79
1259;22;28;29.34;21.72
1260;22;29;38.599;6.73
1261;22;29;29.594;3.88
1262;22;30;39.989;5.27
1263;22;31;39.024;21.39
1264;22;31;46.571;19.3
1265;22;32;32.461;7.37
1266;22;32;35.397;6.53
1267;22;33;31.099;0.01
1268;22;33;25.299;4.82
1269;22;34;4.525;11.7
1270;22;35;117.144;22.76
1271;22;35;137.153;15.76
1272;22;35;144.747;9.19
1273;22;36;26.558;8.75
1274;22;36;26.645;0.48
1275;22;37;75.887;11.21
1276;22;37;82.841;4.99
1277;22;37;72.628;7.1
1278;22;38;53.025;11.28
1279;22;38;46.069;5.4
1280;22;38;58.217;21.07
1281;22;39;23.796;11.38
1282;22;39;23.358;5.72
1283;23;24;34.163;23.05
1284;23;24;25.711;12.63
1285;23;24;32.803;18.99
1286;23;25;14.954;4.77
1287;23;25;12.507;17.41
1288;23;25;11.378;19.63
1289;23;26;12.0;18.52
1290;23;27;32.328;19.98
1291;23;27;27.958;1.68
1292;23;27;27.773;6.33
1293;23;28;31.323;24.73
1294;23;29;30.866;9.13
1295;23;29;36.783;12.65
1296;23;30;15.628;2.1
1297;23;31;18.772;8.38
1298;23;31;15.793;19.33
1299;23;31;20.719;14.62
1300;23;32;23.636;15.41
1301;23;32;24.446;16.84
1302;23;33;26.25;20.03
1303;23;33;21.241;6.99
1304;23;33;20.446;22.15
1305;23;34;54.528;2.27
1306;23;34;60.316;16.48
1307;23;35;66.004;9.45
1308;23;35;50.588;9.15
1309;23;36;28.563;10.28
1310;23;37;20.867;0.22
1311;23;37;20.558;14.87
1312;23;38;20.283;19.51
1313;23;39;31.884;10.65
1314;24;25;21.465;17.43
1315;24;25;26.3;22.21
1316;24;26;33.502;19.76
1317;24;26;36.507;1.16
1318;24;26;25.628;17.18
1319;24;27;13.895;10.01
1320;24;27;11.831;12.26
1321;24;27;15.724;10.39
1322;24;28;4.08;12.79
1323;24;28;4.971;2.22
1324;24;28;3.4;3.13
1325;24;29;4.821;19.43
1326;24;29;4.833;22.72
1327;24;29;5.729;7.66
1328;24;30;20.726;23.27
1329;24;31;16.093;18.41
1330;24;31;15.444;17.53
1331;24;31;18.475;22.12
1332;24;32;26.162;4.28
1333;24;32;25.608;21.23
1334;24;33;28.551;24.14
1335;24;34;31.284;21.45
1336;24;34;31.09;5.91
1337;24;35;85.837;7.54
1338;24;36;18.76;16.46
1339;24;37;52.353;2.6
1340;24;37;49.204;24.82
1341;24;38;21.734;14.31
1342;24;38;19.813;2.01
1343;24;39;24.972;18.24
1344;24;39;23.354;14.6
1345;24;39;25.396;17.0
1346;25;26;12.156;1.89
1347;25;26;12.507;13.31
1348;25;26;14.408;24.33
1349;25;27;25.033;23.31
1350;25;28;19.755;5.06
1351;25;29;19.555;12.29
1352;25;29;21.637;18.81
1353;25;29;22.752;14.06
1354;25;30;0.76;22.01
1355;25;31;5.552;14.99
1356;25;32;11.984;12.55
1357;25;33;15.269;6.78
1358;25;33;16.06;3.96
1359;25;34;39.749;5.68
1360;25;34;44.847;23.34
1361;25;34;42.705;10.16
1362;25;35;77.853;20.24
1363;25;35;60.216;23.05
1364;25;35;94.59;7.97
1365;25;36;13.977;19.89
1366;25;37;35.612;15.03
1367;25;37;39.169;20.06
1368;25;37;27.936;4.81
1369;25;38;18.593;0.55
1370;25;38;22.514;1.74
1371;25;38;19.468;7.48
1372;25;39;18.52;11.86
1373;26;27;36.496;23.61
1374;26;27;42.198;12.57
1375;26;27;30.667;20.92
1376;26;28;31.911;23.73
1377;26;28;25.024;9.55
1378;26;28;32.28;1.12
1379;26;29;31.705;8.73
1380;26;29;29.955;3.42
1381;26;30;12.858;20.96
1382;26;30;11.738;17.08
1383;26;31;17.705;21.7
1384;26;31;17.853;24.84
1385;26;32;14.02;20.68
1386;26;32;13.783;8.1
1387;26;33;15.801;18.73
1388;26;34;46.777;15.6
1389;26;34;39.545;22.2
1390;26;34;42.094;18.09
1391;26;35;77.822;18.05
1392;26;35;65.595;24.81
1393;26;36;21.487;0.96
1394;26;36;21.486;22.46
1395;26;37;31.063;11.23
1396;26;37;29.322;3.14
1397;26;37;31.51;4.23
1398;26;38;27.411;0.89
1399;26;38;30.175;2.82
1400;26;39;22.688;19.69
1401;26;39;24.449;12.1
1402;27;28;10.435;16.76
1403;27;29;9.834;12.2
1404;27;29;10.612;2.11
1405;27;29;10.521;23.99
1406;27;30;24.519;5.34
1407;27;30;24.504;9.81
1408;27;30;28.274;16.62
1409;27;31;19.951;24.46
1410;27;31;15.323;5.92
1411;27;32;34.301;12.34
1412;27;32;27.459;8.69
1413;27;32;31.424;11.22
1414;27;33;37.336;4.61
1415;27;34;45.161;3.99
1416;27;34;37.25;7.77
1417;27;35;73.607;13.94
1418;27;35;59.613;16.72
1419;27;35;66.98;14.74
1420;27;36;29.347;12.49
1421;27;37;46.214;1.6
1422;27;37;37.424;17.76
1423;27;38;13.392;1.5
1424;27;38;14.24;24.31
1425;27;38;15.114;21.13
1426;27;39;35.994;21.09
1427;27;39;40.307;19.42
1428;27;39;35.635;9.21
1429;28;29;0.742;4.88
1430;28;29;0.82;19.58
1431;28;30;19.06;11.36
1432;28;30;23.353;12.28
1433;28;31;14.209;14.37
1434;28;31;14.715;15.9
1435;28;31;14.418;23.13
1436;28;32;26.27;15.8
1437;28;32;20.847;3.01
1438;28;32;20.983;4.18
1439;28;33;28.972;20.14
1440;28;33;29.272;19.88
1441;28;34;35.054;24.7
1442;28;35;81.758;13.81
1443;28;35;80.135;11.29
1444;28;36;19.886;13.83
1445;28;36;19.133;6.11
1446;28;37;48.843;5.44
1447;28;37;53.041;17.86
1448;28;37;55.376;23.22
1449;28;38;17.719;0.2
1450;28;38;18.736;22.25
1451;28;39;26.416;16.26
1452;28;39;21.628;0.01
1453;29;30;18.873;17.06
1454;29;30;17.755;15.28
1455;29;30;23.1;3.46
1456;29;31;14.003;24.52
1457;29;32;26.395;2.16
1458;29;32;26.455;10.58
1459;29;33;29.146;5.12
1460;29;34;35.759;13.59
1461;29;34;37.016;9.91
1462;29;35;81.016;12.57
1463;29;35;100.821;23.32
1464;29;35;97.424;15.82
1465;29;36;20.207;9.0
1466;29;36;21.062;1.32
1467;29;37;48.236;23.03
1468;29;37;59.489;0.28
1469;29;38;17.0;18.59
1470;29;39;26.77;5.02
1471;29;39;26.723;8.39
1472;30;31;4.879;20.56
1473;30;31;3.731;16.44
1474;30;32;11.952;9.71
1475;30;32;10.177;15.07
1476;30;33;15.254;9.18
1477;30;33;14.283;20.4
1478;30;34;39.156;16.22
1479;30;35;78.211;8.27
1480;30;35;89.474;24.48
1481;30;36;13.464;0.51
1482;30;37;36.234;9.45
1483;30;37;39.175;17.08
1484;30;38;18.455;16.23
1485;30;38;18.197;4.6
1486;30;39;18.196;21.55
1487;30;39;22.59;3.49
1488;31;32;14.945;14.43
1489;31;32;14.184;18.36
1490;31;33;18.193;22.98
1491;31;33;19.093;0.01
1492;31;34;37.659;0.56
1493;31;34;33.101;6.69
1494;31;34;29.054;19.46
1495;31;35;78.248;2.53
1496;31;35;84.148;11.01
1497;31;36;13.365;6.49
1498;31;36;10.255;12.21
1499;31;37;38.597;18.64
1500;31;37;36.58;12.19
1501;31;37;44.664;24.61
1502;31;38;15.85;12.46
1503;31;39;19.29;8.31
1504;31;39;17.781;7.64
1505;31;39;19.491;2.32
1506;32;33;3.31;2.62
1507;32;33;3.717;7.43
1508;32;34;32.852;19.77
1509;32;34;39.022;24.82
1510;32;34;33.239;16.21
1511;32;35;88.962;2.41
1512;32;35;97.951;22.35
1513;32;35;107.749;17.12
1514;32;36;8.953;23.53
1515;32;37;44.226;18.31
1516;32;37;39.321;1.96
1517;32;37;43.073;13.38
1518;32;38;30.3;0.25
1519;32;38;30.875;9.8
1520;32;38;23.141;2.64
1521;32;39;8.671;9.5
1522;32;39;8.693;19.09
1523;32;39;7.837;9.31
1524;33;34;31.925;10.32
1525;33;34;27.876;3.64
1526;33;35;91.887;17.07
1527;33;35;113.857;19.22
1528;33;36;10.342;22.01
1529;33;36;10.454;8.62
1530;33;37;46.577;17.71
1531;33;38;33.609;3.08
1532;33;38;27.445;4.92
1533;33;38;41.337;16.62
1534;33;39;7.648;24.34
1535;34;35;115.337;22.02
1536;34;36;25.983;10.75
1537;34;37;75.336;1.13
1538;34;38;50.905;23.09
1539;34;38;43.168;17.89
1540;34;39;24.35;13.04
1541;34;39;27.031;10.35
1542;35;36;91.381;20.89
1543;35;36;68.93;6.96
1544;35;36;101.294;4.15
1545;35;37;48.774;22.27
1546;35;38;64.575;15.75
1547;35;39;96.367;17.19
1548;36;37;49.405;6.72
1549;36;37;49.695;10.92
1550;36;38;28.942;7.62
1551;36;39;6.651;10.41
1552;36;39;7.325;13.48
1553;37;38;32.85;8.27
1554;37;38;37.125;10.28
1555;37;38;27.225;24.03
1556;37;39;52.651;18.5
1557;38;39;35.108;21.74
