VERTEX_COUNT 40
PATH_COUNT 1
BUDGET 540
<------------ VERTICES ------------>
0;START;41.374834;2.170055;0.0;0.0
1;Museu Nacional d’Art de Catalunya;41.36882;2.153347;45.0;95.37
2;Basilica of the Sagrada Família;41.403568;2.174435;45.0;94.22
3;Anella Olímpica(Olympic Park);41.364778;2.152575;45.0;86.85
4;Palau Güell;41.378864;2.174117;45.0;85.44
5;Museu d’Història de Catalunya - MHC;41.380852;2.185799;45.0;85.15
6;Galeria d’Art Mar Grup Escolà;41.392349;2.167836;45.0;82.9
7;La Pedrera (Casa Milà);41.395271;2.161785;45.0;81.63
8;Parc de la Ciutadella;41.389248;2.186548;45.0;80.44
9;Basilica of Sants Just i Pastor;41.382812;2.178195;45.0;79.82
10;Avinguda d’Icària;41.391556;2.197416;45.0;79.02
11;Poble Espanyol;41.368679;2.147031;45.0;75.55
12;Montjuïc Castle;41.363823;2.167096;45.0;75.49
13;Passeig de Gràcia;41.390739;2.166672;45.0;74.21
14;Museu Picasso;41.385181;2.180863;45.0;70.9
15;Parc de Diagonal Mar;41.407215;2.214539;45.0;69.85
16;Museu Palmero;41.424667;2.139856;45.0;69.39
17;Museu Frederic Marès;41.384178;2.176819;45.0;69.34
18;Antic Hospital de la Santa Creu;41.380573;2.170374;45.0;67.65
19;Park Güell;41.414249;2.151926;45.0;66.37
20;Platja de la Nova Mar Bella;41.40205;2.21529;45.0;65.79
21;Plaça del Rei;41.384144;2.177409;45.0;64.2
22;Plaça de Catalunya;41.387005;2.17003;45.0;63.18
23;La Colmena;41.383835;2.178294;45.0;62.56
24;Rambla del Raval;41.378681;2.169317;45.0;62.03
25;Casa Batlló;41.391758;2.164961;45.0;62.02
26;Casa Martí, Els Quatre Gats ;41.385775;2.173671;45.0;61.43
27;90th Jean Bouin;41.373077;2.150465;45.0;61.41
28;Basilica of Santa Maria del Mar;41.383518;2.1818;45.0;61.28
29;Turó de la Rovira viewing point;41.419388;2.161812;45.0;60.77
30;Royal Dockyards Museu Marítim ;41.375286;2.17598;45.0;60.68
31;Despair;41.387653;2.188076;45.0;59.91
32;Lorena Ruiz de Villa;41.397858;2.146705;45.0;59.79
33;Poblenou Cemetery;41.394859;2.201189;45.0;59.35
34;L’Aquàrium;41.376625;2.184117;45.0;59.19
35;Museu d’Història de Barcelona;41.384144;2.177409;45.0;57.47
36;Museu de la Moto ;41.383327;2.174488;45.0;56.89
37;Palau Sant Jordi;41.363441;2.152537;45.0;55.33
38;Parc de la Creueta del Coll;41.41935;2.146432;45.0;54.3
39;FINISH;41.374834;2.170055;0.0;0.0
<------------- EDGES -------------->
0;0;1;23.796;6.85
1;0;2;49.491;4.64
2;0;2;41.935;20.72
3;0;2;51.706;14.88
4;0;3;28.285;8.5
5;0;3;25.791;8.61
6;0;3;30.057;3.58
7;0;4;8.647;0.78
8;0;4;10.36;3.4
9;0;4;8.021;1.06
10;0;5;22.688;14.45
11;0;5;23.683;2.41
12;0;5;19.824;9.46
13;0;6;30.107;19.41
14;0;6;26.47;12.31
15;0;7;36.549;11.92
16;0;7;37.311;14.59
17;0;7;28.959;5.11
18;0;8;32.509;7.72
19;0;8;26.577;24.86
20;0;9;17.194;20.62
21;0;9;21.293;3.34
22;0;9;18.657;14.39
23;0;10;45.309;14.1
24;0;10;34.992;20.54
25;0;11;31.387;16.81
26;0;11;25.609;23.14
27;0;12;19.222;14.86
28;0;12;15.277;13.74
29;0;12;21.41;18.15
30;0;13;27.562;21.2
31;0;13;21.966;4.05
32;0;14;22.496;3.56
33;0;14;24.279;1.52
34;0;14;21.555;7.81
35;0;15;79.572;3.11
36;0;16;93.673;3.33
37;0;16;115.585;18.21
38;0;17;18.196;12.66
39;0;17;20.751;11.03
40;0;17;15.539;19.81
41;0;18;9.829;13.29
42;0;18;9.982;8.13
43;0;18;10.83;15.65
44;0;19;71.35;17.74
45;0;19;59.479;5.17
46;0;20;74.442;13.84
47;0;21;18.52;6.76
48;0;22;20.827;12.51
49;0;23;18.686;13.38
50;0;23;19.906;9.64
51;0;23;14.322;24.18
52;0;24;6.651;14.28
53;0;24;6.138;11.28
54;0;24;5.639;14.32
55;0;25;29.69;4.55
56;0;25;32.318;0.49
57;0;25;34.246;19.53
58;0;26;19.29;3.06
59;0;26;21.881;21.79
60;0;27;25.336;12.13
61;0;28;21.172;2.21
62;0;28;17.623;9.17
63;0;28;22.313;20.3
64;0;29;76.973;10.23
65;0;29;72.101;12.33
66;0;30;7.648;18.55
67;0;30;7.028;23.33
68;0;31;31.884;18.12
69;0;31;30.334;21.58
70;0;31;38.805;17.55
71;0;32;49.508;24.98
72;0;32;54.713;0.05
73;0;32;50.691;18.71
74;0;33;52.651;5.91
75;0;33;40.166;6.41
76;0;34;18.315;2.95
77;0;34;14.843;22.18
78;0;34;16.936;11.49
79;0;35;18.52;5.6
80;0;36;15.608;22.43
81;0;36;12.906;2.41
82;0;36;16.471;5.41
83;0;37;29.769;15.54
84;0;37;29.216;0.2
85;0;37;34.99;19.81
86;0;38;81.991;24.79
87;0;38;66.401;17.65
88;0;39;0.0;4.15
89;0;39;0.0;7.44
90;0;39;0.0;12.91
91;1;2;65.336;21.65
92;1;2;62.734;11.63
93;1;3;6.988;16.88
94;1;4;31.73;22.05
95;1;5;46.481;3.66
96;1;6;44.354;14.48
97;1;6;33.539;1.17
98;1;6;51.382;8.16
99;1;7;46.542;22.98
100;1;7;36.025;1.56
101;1;7;47.095;10.18
102;1;8;55.131;4.91
103;1;8;62.544;5.23
104;1;9;39.892;3.78
105;1;9;41.078;6.45
106;1;9;32.045;14.2
107;1;10;68.67;21.19
108;1;11;8.115;3.78
109;1;11;7.315;5.06
110;1;12;19.619;22.5
111;1;12;22.574;13.86
112;1;12;20.194;23.1
113;1;13;41.226;13.69
114;1;14;45.08;17.15
115;1;15;102.414;9.95
116;1;16;97.123;0.88
117;1;16;115.147;2.0
118;1;17;39.989;9.63
119;1;18;29.708;5.33
120;1;18;22.555;0.91
121;1;19;77.761;0.56
122;1;19;87.219;21.37
123;1;19;88.954;13.03
124;1;20;97.767;12.34
125;1;21;40.525;8.71
126;1;21;45.65;18.55
127;1;22;37.779;14.31
128;1;23;41.065;8.38
129;1;23;44.714;15.58
130;1;23;39.587;4.19
131;1;24;26.558;23.34
132;1;25;41.989;1.71
133;1;25;38.867;24.95
134;1;26;39.024;4.18
135;1;26;42.324;11.85
136;1;26;43.295;18.33
137;1;27;8.171;8.06
138;1;27;7.89;18.95
139;1;27;6.646;11.39
140;1;28;44.356;24.1
141;1;28;53.785;17.47
142;1;28;47.527;17.25
143;1;29;87.213;15.7
144;1;29;101.241;3.63
145;1;30;31.099;22.27
146;1;30;27.074;17.16
147;1;30;27.84;15.97
148;1;31;55.02;4.39
149;1;31;63.699;22.66
150;1;32;50.417;8.76
151;1;33;75.887;1.84
152;1;33;85.541;17.33
153;1;34;41.71;4.04
154;1;35;40.525;24.63
155;1;35;37.5;24.03
156;1;35;45.825;14.25
157;1;36;36.786;3.96
158;1;36;31.652;23.21
159;1;37;9.263;9.39
160;1;38;86.923;4.12
161;1;38;98.702;1.92
162;1;38;72.344;8.6
163;1;39;23.796;17.64
164;2;3;72.069;6.0
165;2;3;80.717;5.84
166;2;4;42.276;6.67
167;2;5;41.52;19.78
168;2;6;20.984;20.95
169;2;7;21.57;23.98
170;2;7;19.979;12.75
171;2;7;22.685;22.78
172;2;8;29.022;20.39
173;2;9;35.845;7.9
174;2;9;28.387;16.98
175;2;9;33.935;13.74
176;2;10;35.955;12.03
177;2;10;33.27;9.28
178;2;11;69.299;12.39
179;2;11;61.588;3.26
180;2;11;80.189;17.07
181;2;12;68.662;23.11
182;2;13;24.109;6.07
183;2;14;32.528;13.55
184;2;14;38.902;9.66
185;2;15;51.851;20.18
186;2;15;62.291;9.57
187;2;16;57.209;8.69
188;2;17;33.322;18.78
189;2;17;41.057;13.35
190;2;17;33.851;10.13
191;2;18;39.694;24.33
192;2;18;42.677;17.28
193;2;18;40.793;0.07
194;2;19;34.185;2.05
195;2;20;52.504;8.8
196;2;20;59.274;18.48
197;2;20;40.071;8.16
198;2;21;33.457;3.45
199;2;22;28.902;14.11
200;2;22;25.7;12.75
201;2;22;32.643;12.23
202;2;23;34.129;7.39
203;2;23;28.846;4.53
204;2;23;31.156;2.93
205;2;24;43.091;19.54
206;2;24;52.63;13.81
207;2;24;33.366;3.57
208;2;25;23.587;15.47
209;2;25;19.585;23.61
210;2;26;30.463;2.16
211;2;26;33.676;9.29
212;2;26;23.029;4.75
213;2;27;60.577;7.14
214;2;27;71.358;14.76
215;2;27;52.436;23.98
216;2;28;35.589;20.34
217;2;29;31.549;17.56
218;2;29;38.677;9.23
219;2;30;48.438;13.74
220;2;31;32.378;9.02
221;2;31;36.383;20.04
222;2;31;34.011;19.82
223;2;32;36.911;3.98
224;2;32;28.124;18.63
225;2;33;37.436;18.85
226;2;33;45.658;17.97
227;2;33;35.661;24.03
228;2;34;47.752;1.12
229;2;34;47.676;19.44
230;2;35;33.457;16.81
231;2;36;34.637;7.53
232;2;36;35.241;0.58
233;2;36;43.143;0.32
234;2;37;74.2;18.51
235;2;37;75.342;4.7
236;2;38;44.955;21.22
237;2;38;51.089;2.79
238;2;38;41.648;11.93
239;2;39;49.491;19.18
240;3;4;36.692;20.82
241;3;4;45.6;18.99
242;3;5;50.763;23.76
243;3;6;51.088;9.78
244;3;6;47.371;4.55
245;3;7;53.504;21.13
246;3;8;60.469;19.95
247;3;8;69.512;16.06
248;3;9;45.108;4.16
249;3;9;50.269;11.81
250;3;9;40.628;4.49
251;3;10;73.587;18.41
252;3;10;70.684;10.27
253;3;11;9.76;10.07
254;3;11;12.004;23.59
255;3;11;9.595;21.93
256;3;12;18.721;4.33
257;3;12;21.82;8.06
258;3;12;19.464;24.46
259;3;13;47.972;10.44
260;3;14;50.384;0.23
261;3;15;107.715;3.42
262;3;16;103.777;20.52
263;3;17;45.512;20.36
264;3;17;40.518;6.92
265;3;17;37.544;10.34
266;3;18;35.398;23.17
267;3;18;30.231;20.49
268;3;18;43.015;6.45
269;3;19;84.661;3.27
270;3;20;102.722;5.35
271;3;20;94.206;5.16
272;3;20;88.712;19.22
273;3;21;45.992;11.29
274;3;21;40.874;10.39
275;3;21;52.357;19.94
276;3;22;44.149;7.89
277;3;23;46.414;9.51
278;3;24;32.067;23.45
279;3;25;48.832;2.18
280;3;25;38.469;8.67
281;3;25;57.116;13.1
282;3;26;44.999;16.02
283;3;27;14.458;24.45
284;3;27;14.986;18.9
285;3;27;15.213;9.83
286;3;28;49.364;0.31
287;3;29;94.2;11.15
288;3;30;35.025;18.64
289;3;31;60.087;13.49
290;3;32;57.108;17.83
291;3;32;62.52;12.53
292;3;33;80.908;12.16
293;3;34;45.296;24.46
294;3;34;54.576;16.56
295;3;34;35.718;13.5
296;3;35;45.992;0.57
297;3;36;42.419;4.99
298;3;36;33.861;3.34
299;3;37;2.288;2.97
300;3;38;93.718;4.99
301;3;38;96.187;4.05
302;3;38;108.633;17.1
303;3;39;28.285;20.71
304;3;39;30.355;10.51
305;4;5;15.381;16.11
306;4;5;17.871;18.25
307;4;6;24.444;22.17
308;4;6;22.506;5.79
309;4;6;26.106;11.97
310;4;7;32.233;6.47
311;4;7;29.527;19.28
312;4;7;28.606;5.19
313;4;8;23.885;14.36
314;4;8;25.18;4.43
315;4;8;21.409;20.93
316;4;9;8.547;19.47
317;4;9;6.985;20.1
318;4;10;36.967;11.98
319;4;11;38.904;24.03
320;4;11;37.738;5.8
321;4;12;27.272;5.38
322;4;12;25.549;2.95
323;4;13;22.457;13.62
324;4;13;22.548;12.19
325;4;14;13.852;15.52
326;4;14;16.155;19.1
327;4;14;15.177;15.49
328;4;15;71.038;14.02
329;4;16;89.874;13.6
330;4;17;9.733;9.63
331;4;18;5.626;9.53
332;4;19;66.918;8.32
333;4;19;61.947;3.37
334;4;19;79.51;21.02
335;4;20;66.092;3.41
336;4;20;63.76;19.34
337;4;20;66.464;18.48
338;4;21;9.975;7.53
339;4;21;11.978;11.46
340;4;21;10.731;19.69
341;4;22;14.887;22.52
342;4;22;18.428;2.22
343;4;23;10.056;1.46
344;4;23;8.615;18.09
345;4;24;6.171;4.13
346;4;25;25.001;18.99
347;4;25;23.599;19.73
348;4;26;11.84;21.04
349;4;27;31.945;20.78
350;4;27;35.627;16.92
351;4;27;36.236;2.33
352;4;28;12.678;5.01
353;4;28;12.594;24.45
354;4;28;10.18;10.35
355;4;29;71.122;13.65
356;4;29;74.305;16.04
357;4;29;68.329;2.79
358;4;30;6.574;8.88
359;4;30;7.681;18.7
360;4;30;4.972;15.83
361;4;31;23.397;17.55
362;4;31;22.266;22.26
363;4;31;21.919;12.03
364;4;32;47.906;22.54
365;4;32;44.666;23.3
366;4;33;44.241;17.19
367;4;33;35.166;13.93
368;4;34;13.4;24.87
369;4;34;15.493;2.49
370;4;34;15.102;19.1
371;4;35;9.975;14.64
372;4;36;7.652;21.99
373;4;36;9.065;3.58
374;4;36;7.811;15.07
375;4;37;38.269;23.75
376;4;37;35.515;5.53
377;4;38;77.863;2.33
378;4;38;83.249;7.38
379;4;39;8.647;3.73
380;5;6;30.314;9.52
381;5;6;28.036;13.42
382;5;7;39.488;17.32
383;5;7;32.523;10.21
384;5;7;38.324;10.61
385;5;8;14.4;4.52
386;5;9;10.323;11.87
387;5;9;10.288;3.99
388;5;9;12.38;1.28
389;5;10;23.621;17.72
390;5;11;53.965;8.61
391;5;11;41.188;3.11
392;5;11;48.318;3.95
393;5;12;37.763;7.47
394;5;12;46.404;1.68
395;5;12;43.865;17.28
396;5;13;29.821;0.31
397;5;13;24.869;18.77
398;5;14;9.749;24.36
399;5;14;7.855;3.16
400;5;14;11.705;3.56
401;5;15;58.279;15.19
402;5;16;95.389;16.98
403;5;16;118.706;23.78
404;5;16;90.327;6.49
405;5;17;12.858;14.11
406;5;17;12.266;18.42
407;5;18;19.811;16.38
408;5;18;22.481;18.46
409;5;18;24.601;3.31
410;5;19;71.81;21.47
411;5;19;68.838;4.65
412;5;19;64.558;22.45
413;5;20;52.433;1.03
414;5;20;51.159;13.36
415;5;20;60.678;7.39
416;5;21;12.156;13.34
417;5;21;14.019;10.77
418;5;21;14.718;13.78
419;5;22;22.821;24.77
420;5;22;21.223;20.7
421;5;22;26.481;20.38
422;5;23;10.905;21.51
423;5;23;8.307;21.49
424;5;23;13.074;18.07
425;5;24;21.487;18.79
426;5;25;32.62;10.34
427;5;25;35.34;2.76
428;5;25;38.096;11.37
429;5;26;17.705;12.05
430;5;26;18.908;19.22
431;5;26;14.962;19.78
432;5;27;47.282;6.91
433;5;28;6.869;19.29
434;5;28;8.414;4.27
435;5;28;5.699;18.09
436;5;29;72.778;4.37
437;5;29;54.6;9.94
438;5;30;15.801;11.6
439;5;30;18.702;1.73
440;5;31;12.0;14.61
441;5;31;14.311;14.4
442;5;31;14.002;16.9
443;5;32;58.016;12.52
444;5;32;52.209;1.64
445;5;32;66.45;11.95
446;5;33;31.063;20.84
447;5;33;35.466;22.85
448;5;33;33.437;12.48
449;5;34;7.549;11.16
450;5;34;7.384;6.4
451;5;35;12.156;19.81
452;5;36;15.128;12.85
453;5;36;17.559;21.73
454;5;36;17.751;5.03
455;5;37;52.078;11.69
456;5;38;83.027;0.32
457;5;38;93.862;24.08
458;5;39;22.688;1.81
459;5;39;26.966;6.03
460;6;7;9.238;17.23
461;6;7;8.292;10.91
462;6;7;7.182;20.91
463;6;8;24.601;23.45
464;6;8;28.84;8.19
465;6;8;28.425;5.9
466;6;9;21.053;11.62
467;6;9;22.435;7.17
468;6;10;37.998;21.01
469;6;10;38.743;21.18
470;6;10;39.88;7.17
471;6;11;48.521;5.38
472;6;11;36.458;13.53
473;6;11;47.377;1.81
474;6;12;48.824;11.6
475;6;12;47.975;2.51
476;6;12;51.458;23.0
477;6;13;3.134;20.86
478;6;13;3.883;23.63
479;6;14;20.74;3.86
480;6;15;65.123;12.82
481;6;15;73.359;19.68
482;6;15;76.287;7.33
483;6;16;65.94;21.36
484;6;16;65.99;22.88
485;6;16;66.689;20.02
486;6;17;18.125;17.1
487;6;17;14.095;9.0
488;6;18;20.413;24.65
489;6;18;23.889;14.57
490;6;18;22.296;13.15
491;6;19;42.679;16.4
492;6;19;32.65;10.85
493;6;19;38.516;11.4
494;6;20;63.137;17.74
495;6;21;18.66;5.38
496;6;21;23.321;10.99
497;6;21;19.587;7.75
498;6;22;9.569;7.57
499;6;22;11.08;10.58
500;6;22;9.339;13.47
501;6;23;19.813;4.76
502;6;24;23.466;5.92
503;6;24;21.803;14.98
504;6;24;29.169;23.64
505;6;25;3.827;22.9
506;6;25;3.809;14.33
507;6;26;13.515;15.64
508;6;26;16.855;21.0
509;6;27;39.813;23.66
510;6;27;30.93;13.47
511;6;28;23.447;15.95
512;6;29;46.911;24.05
513;6;29;49.403;11.26
514;6;30;31.014;22.77
515;6;30;29.399;22.9
516;6;30;32.654;6.71
517;6;31;27.199;5.05
518;6;32;28.717;3.11
519;6;33;43.031;17.67
520;6;33;43.607;23.8
521;6;33;50.179;3.22
522;6;34;34.073;15.42
523;6;34;26.785;8.76
524;6;34;35.518;9.87
525;6;35;18.66;14.22
526;6;35;15.636;10.25
527;6;36;17.643;5.94
528;6;36;19.444;16.71
529;6;37;53.226;19.84
530;6;37;63.962;21.38
531;6;37;54.426;24.77
532;6;38;53.755;2.01
533;6;38;54.886;19.62
534;6;38;52.547;10.72
535;6;39;30.107;10.59
536;7;8;33.419;4.51
537;7;8;28.383;0.76
538;7;8;30.697;1.72
539;7;9;29.973;22.61
540;7;9;23.142;5.23
541;7;9;27.864;22.98
542;7;10;46.181;15.83
543;7;11;49.291;10.78
544;7;11;52.522;8.84
545;7;12;54.245;5.11
546;7;13;9.975;23.93
547;7;13;7.591;21.47
548;7;13;9.921;20.82
549;7;14;29.967;17.4
550;7;14;32.633;11.59
551;7;15;70.732;16.38
552;7;16;57.641;10.4
553;7;16;67.383;18.33
554;7;16;55.277;1.88
555;7;17;27.071;5.43
556;7;18;27.463;8.76
557;7;19;34.854;7.87
558;7;20;69.654;8.89
559;7;20;64.827;3.77
560;7;20;80.571;1.63
561;7;21;27.657;3.61
562;7;21;20.759;21.26
563;7;22;17.667;23.1
564;7;23;28.847;10.23
565;7;24;29.991;0.35
566;7;24;33.365;23.89
567;7;25;7.264;15.28
568;7;25;7.683;20.37
569;7;26;22.291;21.2
570;7;26;24.748;18.89
571;7;26;19.347;10.04
572;7;27;40.666;15.19
573;7;28;32.631;24.93
574;7;28;27.181;18.68
575;7;29;41.27;15.19
576;7;29;33.591;2.59
577;7;29;37.468;4.54
578;7;30;38.752;4.23
579;7;31;36.182;0.59
580;7;32;19.858;10.49
581;7;32;15.403;4.28
582;7;33;50.588;18.06
583;7;33;43.071;2.92
584;7;33;40.82;18.22
585;7;34;42.897;24.35
586;7;34;46.881;19.51
587;7;35;27.657;12.99
588;7;35;31.809;13.88
589;7;36;26.148;10.3
590;7;36;30.921;5.51
591;7;37;55.748;12.32
592;7;37;49.122;0.67
593;7;38;45.674;2.08
594;7;39;36.549;21.21
595;7;39;30.463;2.81
596;8;9;15.372;0.04
597;8;9;14.514;22.01
598;8;9;11.797;8.53
599;8;10;14.501;22.95
600;8;10;16.957;11.31
601;8;10;17.113;21.55
602;8;11;61.754;18.09
603;8;12;50.168;4.91
604;8;12;55.206;10.71
605;8;13;25.644;5.8
606;8;14;10.085;13.34
607;8;14;7.842;8.08
608;8;14;9.173;21.16
609;8;15;47.29;2.46
610;8;16;85.235;22.7
611;8;16;89.85;8.15
612;8;16;93.438;14.58
613;8;17;15.208;0.36
614;8;17;15.764;7.44
615;8;17;11.596;6.15
616;8;18;25.526;11.18
617;8;19;61.687;7.5
618;8;19;74.305;1.93
619;8;20;42.91;24.1
620;8;20;38.934;11.09
621;8;21;14.627;5.41
622;8;22;21.551;10.82
623;8;22;25.197;7.19
624;8;23;14.075;7.18
625;8;24;28.573;12.9
626;8;25;28.044;22.78
627;8;25;27.505;3.77
628;8;26;17.568;18.97
629;8;26;14.239;3.79
630;8;27;53.966;15.52
631;8;28;11.546;10.83
632;8;28;9.819;7.53
633;8;29;60.565;10.36
634;8;30;27.476;12.23
635;8;30;28.726;8.66
636;8;31;3.361;23.24
637;8;32;53.228;2.12
638;8;32;46.31;15.28
639;8;32;46.327;7.24
640;8;33;21.106;6.95
641;8;33;19.096;24.5
642;8;34;21.825;16.21
643;8;34;25.815;4.51
644;8;34;25.767;8.63
645;8;35;14.627;8.76
646;8;35;14.831;3.49
647;8;35;15.259;7.01
648;8;36;18.504;3.02
649;8;37;62.109;24.97
650;8;37;47.857;10.96
651;8;38;72.833;3.79
652;8;38;75.941;5.83
653;8;39;32.509;9.93
654;8;39;27.381;0.94
655;8;39;28.416;6.18
656;9;10;28.859;15.6
657;9;10;32.712;11.9
658;9;10;22.319;4.83
659;9;11;46.758;11.16
660;9;12;35.483;12.39
661;9;12;32.942;3.25
662;9;13;20.072;2.64
663;9;13;15.241;19.25
664;9;14;5.307;20.46
665;9;15;62.614;2.28
666;9;15;52.377;3.26
667;9;15;58.845;2.51
668;9;16;86.899;16.61
669;9;16;79.465;8.79
670;9;17;2.93;8.39
671;9;17;2.852;12.76
672;9;17;2.624;3.35
673;9;18;10.748;15.71
674;9;18;10.956;17.19
675;9;18;8.323;24.66
676;9;19;63.49;12.51
677;9;19;48.325;20.77
678;9;19;67.672;0.8
679;9;20;57.892;10.07
680;9;21;2.493;4.32
681;9;22;12.704;15.11
682;9;23;1.755;0.81
683;9;23;2.094;21.3
684;9;24;13.413;11.66
685;9;25;22.87;6.25
686;9;25;20.983;14.3
687;9;26;7.711;20.78
688;9;26;5.864;24.53
689;9;26;7.301;9.28
690;9;27;39.311;4.46
691;9;27;30.207;16.24
692;9;27;34.05;15.53
693;9;28;4.784;8.37
694;9;29;66.028;7.44
695;9;30;13.189;0.86
696;9;30;15.617;22.84
697;9;30;10.088;19.55
698;9;31;15.151;9.39
699;9;31;14.482;14.63
700;9;32;47.93;18.39
701;9;32;55.517;13.4
702;9;32;49.018;1.71
703;9;33;36.006;1.98
704;9;33;29.47;24.38
705;9;34;13.035;0.54
706;9;34;15.795;20.1
707;9;34;11.671;12.32
708;9;35;2.493;2.43
709;9;35;1.877;17.74
710;9;36;4.84;8.18
711;9;36;4.909;10.43
712;9;36;5.505;23.79
713;9;37;46.738;0.26
714;9;38;74.643;18.4
715;9;38;83.009;2.62
716;9;39;17.194;16.74
717;9;39;17.178;5.71
718;10;11;75.617;14.91
719;10;12;61.384;10.89
720;10;12;65.386;9.38
721;10;12;46.372;19.85
722;10;13;39.493;14.67
723;10;13;35.424;17.86
724;10;13;48.227;1.2
725;10;14;23.888;24.79
726;10;14;20.589;12.79
727;10;14;20.868;21.86
728;10;15;34.657;7.05
729;10;16;93.102;7.22
730;10;16;95.181;13.02
731;10;17;29.303;6.91
732;10;17;24.076;17.07
733;10;18;39.479;11.13
734;10;19;70.123;4.12
735;10;19;55.821;19.03
736;10;20;29.136;24.94
737;10;21;28.647;24.55
738;10;21;30.483;24.19
739;10;22;36.011;20.48
740;10;23;27.879;15.92
741;10;23;34.173;23.07
742;10;24;42.272;11.37
743;10;24;35.085;19.42
744;10;25;41.666;4.77
745;10;26;32.05;11.55
746;10;26;24.913;19.97
747;10;26;30.381;23.09
748;10;27;68.074;14.76
749;10;28;24.314;13.56
750;10;28;18.638;0.28
751;10;29;66.005;14.37
752;10;29;74.07;6.25
753;10;30;39.149;17.08
754;10;31;13.725;4.67
755;10;31;16.235;8.31
756;10;31;12.677;24.92
757;10;32;65.986;14.02
758;10;33;7.444;2.82
759;10;33;9.096;2.62
760;10;34;30.731;12.83
761;10;35;28.647;23.02
762;10;36;32.631;0.62
763;10;36;39.398;4.36
764;10;36;37.192;19.06
765;10;37;75.07;16.11
766;10;38;80.897;19.01
767;10;39;45.309;11.96
768;10;39;47.117;19.69
769;11;12;27.076;12.99
770;11;12;21.861;19.49
771;11;13;45.399;10.06
772;11;13;41.919;10.61
773;11;13;53.616;22.43
774;11;14;51.814;10.23
775;11;14;60.892;1.71
776;11;14;40.442;18.49
777;11;15;108.905;22.19
778;11;15;106.46;22.24
779;11;16;96.25;7.95
780;11;16;94.964;16.75
781;11;16;76.159;21.67
782;11;17;46.546;9.55
783;11;17;39.394;5.69
784;11;17;38.764;11.56
785;11;18;36.232;4.58
786;11;18;42.385;6.19
787;11;19;78.233;3.13
788;11;19;77.743;7.5
789;11;19;60.639;8.2
790;11;20;104.601;9.46
791;11;21;47.138;24.38
792;11;21;40.24;19.76
793;11;22;43.076;24.89
794;11;22;40.428;11.12
795;11;23;47.793;5.59
796;11;24;33.346;5.33
797;11;25;45.714;23.28
798;11;25;41.518;4.66
799;11;26;45.011;7.98
800;11;26;33.905;13.52
801;11;27;8.722;16.8
802;11;28;51.362;1.27
803;11;28;56.346;2.8
804;11;28;60.087;6.22
805;11;29;88.825;17.77
806;11;29;72.514;12.32
807;11;29;103.927;16.66
808;11;30;38.857;14.86
809;11;30;29.311;7.81
810;11;31;61.902;12.43
811;11;32;49.934;19.21
812;11;32;47.534;5.39
813;11;32;57.901;6.66
814;11;33;82.719;8.93
815;11;33;90.736;21.63
816;11;33;67.434;8.29
817;11;34;49.527;19.75
818;11;34;56.995;24.59
819;11;34;47.284;13.73
820;11;35;47.138;14.56
821;11;35;42.119;23.07
822;11;35;47.116;20.77
823;11;36;43.259;4.61
824;11;37;11.417;5.5
825;11;38;86.713;24.64
826;11;38;70.638;24.75
827;11;39;31.387;23.4
828;12;13;46.063;7.18
829;12;14;40.599;1.88
830;12;14;47.339;24.83
831;12;14;41.343;17.62
832;12;15;96.041;1.72
833;12;15;110.083;23.62
834;12;15;72.806;21.24
835;12;16;109.833;16.48
836;12;16;111.471;18.76
837;12;17;37.002;8.61
838;12;18;28.971;9.64
839;12;19;88.461;17.58
840;12;20;90.045;1.25
841;12;20;72.509;0.67
842;12;21;37.21;7.17
843;12;21;43.835;10.6
844;12;22;39.848;15.05
845;12;22;39.935;11.57
846;12;22;38.008;19.07
847;12;23;37.142;21.02
848;12;24;25.585;13.17
849;12;25;47.882;12.1
850;12;25;44.189;17.69
851;12;26;38.502;13.31
852;12;26;32.073;18.19
853;12;26;43.694;5.39
854;12;27;26.588;10.27
855;12;27;32.375;24.8
856;12;28;38.631;5.13
857;12;28;36.576;17.05
858;12;28;43.945;21.62
859;12;29;95.326;2.94
860;12;29;93.908;23.52
861;12;30;22.692;20.95
862;12;31;48.874;5.19
863;12;31;53.749;1.28
864;12;31;43.81;24.68
865;12;32;63.856;0.88
866;12;32;68.787;13.62
867;12;33;68.826;0.39
868;12;33;84.911;23.0
869;12;33;84.775;10.2
870;12;34;30.947;14.85
871;12;35;37.21;16.68
872;12;36;34.699;5.54
873;12;36;40.364;12.29
874;12;37;18.71;20.51
875;12;38;98.653;22.72
876;12;38;76.238;9.3
877;12;39;19.222;23.7
878;12;39;15.617;14.75
879;12;39;19.953;24.84
880;13;14;20.552;9.73
881;13;15;67.603;24.56
882;13;15;66.749;2.17
883;13;16;67.493;19.44
884;13;16;83.149;20.63
885;13;17;17.198;10.67
886;13;18;18.034;21.23
887;13;19;44.461;9.14
888;13;20;65.343;9.25
889;13;20;68.386;16.46
890;13;21;17.815;21.08
891;13;21;20.481;7.57
892;13;21;19.395;10.55
893;13;22;7.708;19.43
894;13;22;7.78;22.43
895;13;23;19.032;4.24
896;13;23;15.428;19.33
897;13;23;20.374;16.43
898;13;24;20.912;9.36
899;13;24;17.747;19.87
900;13;24;17.819;3.65
901;13;25;2.805;8.65
902;13;25;3.003;5.94
903;13;26;12.365;0.09
904;13;27;36.695;7.53
905;13;27;35.548;7.65
906;13;28;23.02;18.61
907;13;28;18.771;17.5
908;13;28;22.343;11.93
909;13;29;49.42;16.07
910;13;30;29.019;21.14
911;13;31;27.982;8.74
912;13;31;22.49;18.42
913;13;32;28.38;24.36
914;13;32;27.197;19.71
915;13;32;34.293;23.78
916;13;33;44.869;24.4
917;13;33;54.542;14.39
918;13;34;32.94;1.63
919;13;34;36.204;12.48
920;13;34;37.948;1.52
921;13;35;17.815;18.36
922;13;36;16.173;0.3
923;13;36;14.857;17.3
924;13;36;16.309;11.61
925;13;37;50.115;23.15
926;13;38;55.425;10.74
927;13;38;64.617;13.78
928;13;39;27.562;18.07
929;14;15;57.363;16.01
930;14;16;85.65;17.13
931;14;17;5.468;23.42
932;14;17;6.024;24.95
933;14;17;6.68;19.75
934;14;18;15.606;3.79
935;14;19;62.08;12.36
936;14;19;65.67;24.78
937;14;19;46.945;0.24
938;14;20;52.787;8.45
939;14;20;60.417;10.04
940;14;21;4.777;20.61
941;14;22;14.254;14.25
942;14;23;4.023;20.77
943;14;23;4.525;8.59
944;14;24;18.534;24.96
945;14;24;17.757;8.02
946;14;24;20.313;21.06
947;14;25;23.312;19.18
948;14;25;20.036;18.72
949;14;26;9.29;19.39
950;14;26;9.037;20.58
951;14;26;10.237;8.56
952;14;27;44.188;6.13
953;14;27;41.216;2.16
954;14;27;45.57;20.45
955;14;28;3.09;17.29
956;14;28;2.53;22.23
957;14;29;63.438;20.6
958;14;29;72.349;17.71
959;14;30;18.056;2.04
960;14;31;10.181;3.13
961;14;31;8.516;22.55
962;14;32;48.924;6.5
963;14;32;56.441;12.4
964;14;32;39.532;14.59
965;14;33;30.906;19.47
966;14;33;33.382;13.14
967;14;33;25.295;0.51
968;14;34;15.226;12.02
969;14;34;12.705;23.71
970;14;35;4.777;21.0
971;14;35;4.725;22.09
972;14;35;5.882;1.0
973;14;36;8.778;4.24
974;14;36;9.215;21.51
975;14;36;7.949;5.64
976;14;37;52.029;9.22
977;14;37;54.575;14.16
978;14;37;52.639;16.22
979;14;38;73.294;24.86
980;14;38;89.247;24.1
981;14;39;22.496;11.39
982;14;39;27.154;22.03
983;14;39;24.509;18.99
984;15;16;100.386;0.48
985;15;16;81.954;10.69
986;15;16;101.986;4.81
987;15;17;62.439;9.09
988;15;17;58.793;0.74
989;15;17;69.235;10.16
990;15;18;72.753;16.01
991;15;18;71.281;23.43
992;15;18;87.211;21.06
993;15;19;81.254;24.08
994;15;19;100.616;10.05
995;15;20;8.891;6.6
996;15;20;6.934;20.02
997;15;21;61.891;19.72
998;15;21;77.213;7.74
999;15;22;66.786;21.05
1000;15;22;54.653;11.02
1001;15;23;61.364;2.26
1002;15;23;47.916;1.84
1003;15;23;70.275;17.31
1004;15;24;75.858;14.68
1005;15;25;68.917;1.37
1006;15;25;63.518;18.75
1007;15;25;53.55;24.22
1008;15;26;64.018;18.97
1009;15;27;100.892;5.25
1010;15;28;58.401;5.76
1011;15;29;70.801;14.31
1012;15;30;73.727;16.78
1013;15;31;47.692;2.06
1014;15;31;37.638;22.77
1015;15;31;37.058;16.13
1016;15;32;88.529;16.4
1017;15;33;27.216;13.91
1018;15;33;23.506;8.4
1019;15;33;21.709;21.05
1020;15;34;65.31;20.59
1021;15;35;61.891;1.81
1022;15;36;65.684;3.84
1023;15;37;109.307;17.65
1024;15;37;87.81;22.46
1025;15;37;101.694;4.27
1026;15;38;89.838;22.93
1027;15;38;70.852;0.58
1028;15;39;79.572;6.7
1029;16;17;83.972;7.69
1030;16;17;65.915;6.95
1031;16;18;85.017;14.73
1032;16;19;23.616;14.62
1033;16;19;22.063;11.67
1034;16;19;21.63;2.62
1035;16;20;104.258;9.45
1036;16;20;78.348;19.86
1037;16;21;84.45;23.93
1038;16;22;75.189;18.55
1039;16;23;85.535;15.38
1040;16;23;80.945;14.41
1041;16;24;87.307;0.96
1042;16;24;67.535;6.7
1043;16;24;92.654;0.78
1044;16;25;64.881;12.71
1045;16;25;60.507;16.27
1046;16;25;67.512;6.82
1047;16;26;79.454;8.93
1048;16;26;96.983;24.14
1049;16;27;89.327;3.26
1050;16;27;77.827;20.32
1051;16;28;88.638;17.53
1052;16;29;29.586;15.54
1053;16;29;31.099;9.15
1054;16;29;28.221;8.96
1055;16;30;96.388;13.42
1056;16;30;86.023;16.47
1057;16;30;109.799;12.5
1058;16;31;88.556;21.54
1059;16;31;100.115;7.36
1060;16;32;46.711;12.05
1061;16;33;93.798;13.9
1062;16;33;74.001;14.52
1063;16;33;115.409;9.5
1064;16;34;99.932;12.88
1065;16;34;121.096;3.33
1066;16;34;82.065;15.56
1067;16;35;84.45;24.26
1068;16;36;83.549;1.53
1069;16;37;106.029;17.35
1070;16;38;12.409;19.06
1071;16;39;93.673;14.55
1072;16;39;99.721;5.79
1073;16;39;96.649;7.52
1074;17;18;10.322;21.09
1075;17;18;9.003;9.82
1076;17;19;60.572;5.99
1077;17;19;64.726;9.75
1078;17;20;58.09;15.81
1079;17;21;0.76;20.01
1080;17;22;9.969;1.61
1081;17;22;9.068;4.41
1082;17;22;11.636;12.58
1083;17;23;1.983;11.33
1084;17;23;2.46;14.35
1085;17;23;1.919;16.66
1086;17;24;13.464;11.84
1087;17;24;14.911;23.87
1088;17;24;11.028;12.48
1089;17;25;20.0;18.01
1090;17;25;22.294;14.75
1091;17;26;4.879;20.98
1092;17;27;38.807;24.47
1093;17;27;34.21;22.18
1094;17;27;36.155;3.87
1095;17;28;6.494;6.12
1096;17;28;8.041;7.13
1097;17;28;5.739;7.42
1098;17;29;63.257;12.72
1099;17;29;78.32;5.27
1100;17;30;15.254;12.86
1101;17;30;12.048;7.21
1102;17;30;13.505;24.97
1103;17;31;15.628;18.64
1104;17;31;18.666;15.22
1105;17;31;12.733;11.04
1106;17;32;45.195;11.74
1107;17;32;34.895;2.78
1108;17;33;36.234;9.61
1109;17;33;39.668;12.74
1110;17;33;41.622;4.19
1111;17;34;15.964;18.79
1112;17;34;17.201;18.96
1113;17;34;15.437;23.02
1114;17;35;0.76;6.73
1115;17;36;3.328;21.09
1116;17;37;47.239;0.85
1117;17;37;57.28;10.31
1118;17;37;53.055;22.54
1119;17;38;71.72;16.88
1120;17;38;67.794;8.28
1121;17;39;18.196;0.71
1122;18;19;62.303;6.0
1123;18;19;63.636;6.59
1124;18;19;49.251;7.64
1125;18;20;68.379;9.0
1126;18;20;74.665;22.85
1127;18;21;10.906;18.31
1128;18;22;11.015;11.64
1129;18;23;11.6;11.4
1130;18;24;3.511;8.44
1131;18;24;2.655;5.57
1132;18;24;3.304;17.04
1133;18;25;20.363;3.2
1134;18;25;22.544;13.07
1135;18;25;17.792;5.83
1136;18;26;9.857;15.36
1137;18;27;28.603;12.24
1138;18;27;27.057;21.87
1139;18;27;31.653;11.29
1140;18;28;15.512;12.47
1141;18;29;67.324;24.11
1142;18;30;11.562;6.76
1143;18;30;9.777;6.29
1144;18;30;14.297;5.77
1145;18;31;25.756;11.42
1146;18;31;31.216;20.49
1147;18;32;42.406;24.12
1148;18;32;49.714;0.72
1149;18;32;34.129;15.87
1150;18;33;46.506;18.28
1151;18;34;18.896;23.87
1152;18;34;16.533;21.07
1153;18;34;14.573;6.78
1154;18;35;10.906;8.15
1155;18;36;7.079;24.95
1156;18;36;7.139;18.5
1157;18;36;5.641;9.94
1158;18;37;37.204;22.39
1159;18;38;73.127;10.51
1160;18;38;82.234;1.42
1161;18;38;90.775;14.66
1162;18;39;9.829;4.73
1163;19;20;83.961;24.46
1164;19;21;61.024;0.19
1165;19;21;52.703;18.56
1166;19;22;52.091;5.14
1167;19;23;62.083;16.51
1168;19;23;50.824;5.68
1169;19;24;64.83;10.07
1170;19;25;41.967;6.04
1171;19;25;31.82;6.09
1172;19;25;40.745;19.59
1173;19;26;56.153;9.79
1174;19;27;70.48;13.57
1175;19;27;72.0;3.96
1176;19;28;65.084;15.64
1177;19;29;15.436;19.26
1178;19;30;73.478;10.77
1179;19;31;64.996;20.17
1180;19;32;28.838;19.84
1181;19;32;33.633;4.66
1182;19;32;22.152;17.62
1183;19;33;71.407;19.78
1184;19;33;67.421;14.24
1185;19;33;77.935;5.12
1186;19;34;76.504;3.6
1187;19;34;83.853;3.4
1188;19;34;74.969;6.75
1189;19;35;61.024;7.74
1190;19;35;52.347;16.43
1191;19;35;47.157;2.08
1192;19;36;60.322;13.56
1193;19;36;74.201;16.58
1194;19;37;86.948;0.98
1195;19;37;99.57;0.21
1196;19;37;98.883;7.08
1197;19;38;11.221;13.79
1198;19;38;9.903;2.57
1199;19;38;9.356;15.64
1200;19;39;71.35;23.56
1201;20;21;57.478;18.9
1202;20;21;70.511;20.9
1203;20;22;63.55;1.19
1204;20;23;56.809;12.04
1205;20;23;69.054;2.8
1206;20;24;71.292;3.49
1207;20;24;71.85;9.6
1208;20;25;66.963;4.4
1209;20;25;71.93;13.89
1210;20;25;53.887;8.19
1211;20;26;60.251;1.93
1212;20;26;70.999;3.49
1213;20;27;96.875;21.46
1214;20;27;107.881;17.61
1215;20;27;80.03;22.85
1216;20;28;53.424;20.3
1217;20;28;57.816;17.34
1218;20;28;41.67;21.1
1219;20;29;74.772;8.43
1220;20;29;89.99;21.43
1221;20;29;79.525;18.4
1222;20;30;68.151;0.65
1223;20;31;42.748;9.99
1224;20;31;35.525;5.16
1225;20;32;88.328;21.68
1226;20;33;21.887;24.2
1227;20;34;59.115;3.8
1228;20;35;57.478;10.46
1229;20;35;57.762;2.59
1230;20;35;69.28;19.15
1231;20;36;61.402;14.29
1232;20;36;52.387;14.9
1233;20;37;104.196;19.0
1234;20;37;95.088;8.06
1235;20;37;87.588;20.57
1236;20;38;93.199;2.77
1237;20;39;74.442;9.3
1238;20;39;86.066;8.29
1239;21;22;10.664;6.82
1240;21;23;1.253;14.2
1241;21;24;13.977;4.73
1242;21;24;15.058;20.21
1243;21;24;15.961;22.61
1244;21;25;20.62;7.41
1245;21;26;5.552;13.43
1246;21;26;6.321;10.51
1247;21;27;39.442;10.8
1248;21;27;34.347;5.32
1249;21;28;5.739;24.2
1250;21;29;63.546;13.42
1251;21;30;15.269;0.06
1252;21;30;12.902;11.83
1253;21;31;14.954;24.09
1254;21;31;11.757;21.51
1255;21;31;11.338;17.48
1256;21;32;45.875;19.86
1257;21;33;35.612;18.77
1258;21;34;15.483;13.84
1259;21;34;18.582;9.56
1260;21;35;0.0;17.41
1261;21;35;0.0;2.49
1262;21;35;0.0;6.32
1263;21;36;4.002;21.81
1264;21;36;3.709;20.21
1265;21;36;4.221;11.11
1266;21;37;47.699;9.73
1267;21;37;51.62;15.0
1268;21;38;72.184;24.27
1269;21;39;18.52;15.33
1270;21;39;18.948;1.54
1271;21;39;14.912;11.71
1272;22;23;11.916;18.19
1273;22;23;9.786;21.84
1274;22;23;9.25;6.16
1275;22;24;14.274;9.9
1276;22;25;10.416;1.19
1277;22;25;9.749;8.15
1278;22;26;5.126;3.34
1279;22;26;5.582;3.01
1280;22;26;4.313;22.76
1281;22;27;34.629;2.04
1282;22;27;42.286;16.89
1283;22;27;38.717;12.12
1284;22;28;16.247;23.8
1285;22;29;56.41;8.39
1286;22;29;69.726;22.49
1287;22;29;67.721;10.54
1288;22;30;21.46;19.66
1289;22;30;24.694;23.72
1290;22;31;23.195;0.31
1291;22;31;24.712;20.15
1292;22;32;35.236;8.48
1293;22;32;35.338;24.15
1294;22;32;31.529;21.61
1295;22;33;42.199;18.37
1296;22;34;25.351;15.77
1297;22;35;10.664;9.33
1298;22;35;10.208;3.34
1299;22;35;9.805;4.62
1300;22;36;8.507;22.9
1301;22;36;6.742;5.8
1302;22;36;6.476;2.28
1303;22;37;46.158;5.98
1304;22;37;35.741;14.32
1305;22;38;63.095;18.92
1306;22;39;20.827;3.26
1307;22;39;22.68;10.51
1308;23;24;14.514;11.51
1309;23;24;15.925;15.66
1310;23;24;14.691;21.51
1311;23;25;21.837;8.14
1312;23;25;23.156;24.03
1313;23;26;6.801;14.15
1314;23;26;5.917;5.45
1315;23;27;40.197;8.08
1316;23;28;4.534;23.65
1317;23;29;64.413;1.81
1318;23;29;56.554;14.88
1319;23;30;14.928;18.09
1320;23;30;15.616;9.82
1321;23;30;17.643;10.56
1322;23;31;14.157;13.21
1323;23;31;15.179;17.53
1324;23;31;10.881;3.15
1325;23;32;47.122;23.42
1326;23;33;34.926;7.04
1327;23;34;14.427;21.58
1328;23;34;16.867;22.19
1329;23;35;1.253;10.98
1330;23;35;1.029;12.17
1331;23;36;4.963;11.07
1332;23;37;48.082;3.4
1333;23;38;73.254;4.04
1334;23;39;18.686;7.55
1335;24;25;23.066;24.63
1336;24;26;13.365;18.88
1337;24;26;10.201;12.76
1338;24;27;26.038;5.97
1339;24;27;31.772;0.22
1340;24;27;25.497;23.69
1341;24;28;18.039;4.55
1342;24;29;70.322;14.09
1343;24;29;68.773;7.25
1344;24;29;56.602;13.58
1345;24;30;10.342;14.94
1346;24;30;12.662;23.69
1347;24;30;11.366;3.15
1348;24;31;28.563;17.41
1349;24;31;35.38;13.17
1350;24;32;43.814;6.16
1351;24;32;41.061;4.17
1352;24;33;49.405;1.86
1353;24;34;19.327;9.18
1354;24;35;13.977;15.17
1355;24;36;10.358;2.62
1356;24;36;8.85;6.71
1357;24;37;33.83;2.34
1358;24;37;31.803;9.59
1359;24;38;75.54;15.93
1360;24;38;66.666;7.24
1361;24;39;6.651;18.87
1362;25;26;15.161;16.1
1363;25;26;14.809;22.87
1364;25;27;36.992;18.2
1365;25;27;40.147;21.44
1366;25;28;25.811;2.54
1367;25;29;47.454;24.32
1368;25;30;31.539;6.32
1369;25;31;30.495;21.33
1370;25;31;34.782;20.23
1371;25;31;32.432;0.04
1372;25;32;25.655;6.1
1373;25;33;46.809;2.73
1374;25;34;35.714;23.88
1375;25;35;20.62;18.35
1376;25;36;18.914;15.93
1377;25;36;16.576;19.93
1378;25;36;15.333;16.07
1379;25;37;51.015;15.29
1380;25;37;60.442;3.96
1381;25;37;58.317;3.46
1382;25;38;52.867;24.73
1383;25;38;46.895;20.68
1384;25;39;29.69;13.13
1385;26;27;36.879;24.97
1386;26;27;32.229;19.39
1387;26;28;11.129;18.97
1388;26;28;11.69;6.4
1389;26;28;9.59;16.58
1390;26;29;59.499;7.04
1391;26;29;65.967;2.84
1392;26;29;51.659;13.38
1393;26;30;18.193;23.62
1394;26;30;18.404;7.42
1395;26;31;18.772;21.82
1396;26;31;20.706;0.93
1397;26;32;40.323;9.43
1398;26;32;40.775;9.55
1399;26;33;38.597;21.56
1400;26;33;29.389;20.67
1401;26;34;20.617;3.82
1402;26;34;19.459;0.44
1403;26;34;24.021;21.9
1404;26;35;5.552;3.64
1405;26;35;5.876;3.54
1406;26;36;4.319;18.74
1407;26;36;4.727;3.32
1408;26;37;46.874;23.38
1409;26;38;67.256;23.32
1410;26;38;64.282;4.2
1411;26;38;53.013;20.9
1412;26;39;19.29;18.33
1413;26;39;22.062;21.84
1414;26;39;21.145;10.66
1415;27;28;44.025;16.47
1416;27;28;51.746;2.82
1417;27;29;80.577;3.18
1418;27;29;69.896;6.41
1419;27;30;32.982;3.57
1420;27;30;33.906;9.55
1421;27;30;28.079;7.84
1422;27;31;54.354;16.1
1423;27;31;66.044;7.31
1424;27;31;62.503;21.52
1425;27;32;42.68;17.22
1426;27;32;33.862;22.78
1427;27;33;75.039;14.89
1428;27;34;43.638;21.28
1429;27;34;37.826;6.06
1430;27;34;34.556;2.94
1431;27;35;39.442;7.08
1432;27;35;48.827;0.1
1433;27;35;31.076;23.53
1434;27;36;35.485;5.45
1435;27;37;16.702;7.45
1436;27;38;79.353;8.97
1437;27;39;25.336;14.33
1438;27;39;27.145;10.33
1439;27;39;26.367;14.5
1440;28;29;66.528;16.23
1441;28;30;15.946;21.84
1442;28;31;10.724;22.26
1443;28;31;10.495;2.9
1444;28;32;51.304;21.9
1445;28;32;46.413;12.55
1446;28;33;31.563;15.34
1447;28;34;12.165;10.46
1448;28;34;11.928;9.51
1449;28;35;5.739;3.75
1450;28;35;7.09;24.75
1451;28;36;9.394;10.72
1452;28;36;8.435;14.35
1453;28;37;50.916;14.03
1454;28;37;39.275;12.36
1455;28;37;39.527;22.08
1456;28;38;76.293;0.17
1457;28;38;64.016;16.7
1458;28;38;63.636;20.07
1459;28;39;21.172;1.34
1460;28;39;18.691;3.29
1461;28;39;25.207;17.13
1462;29;30;77.629;19.21
1463;29;31;63.918;5.91
1464;29;32;41.633;18.31
1465;29;32;43.092;8.44
1466;29;32;44.848;7.3
1467;29;33;65.697;5.78
1468;29;33;80.351;19.07
1469;29;34;78.579;15.55
1470;29;34;89.666;1.45
1471;29;34;61.349;3.5
1472;29;35;63.546;6.25
1473;29;35;50.312;20.95
1474;29;35;70.487;10.3
1475;29;36;63.818;16.66
1476;29;36;62.597;22.57
1477;29;36;63.326;19.93
1478;29;37;96.476;24.55
1479;29;37;84.31;15.19
1480;29;38;19.736;1.82
1481;29;38;23.615;17.78
1482;29;39;76.973;10.94
1483;29;39;62.529;11.42
1484;29;39;84.398;7.38
1485;30;31;26.25;23.14
1486;30;31;21.625;21.36
1487;30;32;53.895;9.06
1488;30;32;54.471;5.89
1489;30;32;53.096;21.82
1490;30;33;46.577;0.11
1491;30;33;52.497;22.75
1492;30;34;10.697;2.42
1493;30;35;15.269;8.97
1494;30;36;13.893;18.78
1495;30;36;16.461;10.99
1496;30;36;16.135;7.14
1497;30;37;36.293;15.3
1498;30;38;84.406;15.35
1499;30;38;87.46;13.8
1500;30;38;79.797;3.32
1501;30;39;7.648;13.15
1502;30;39;6.709;11.65
1503;31;32;55.908;0.29
1504;31;32;42.563;15.3
1505;31;33;20.867;13.36
1506;31;34;19.544;5.02
1507;31;34;22.769;3.48
1508;31;35;14.954;5.88
1509;31;36;18.951;10.27
1510;31;36;14.244;0.56
1511;31;36;22.487;5.19
1512;31;37;61.638;10.91
1513;31;38;76.152;5.42
1514;31;39;31.884;18.41
1515;32;33;70.128;15.13
1516;32;34;60.227;12.77
1517;32;34;69.036;23.97
1518;32;35;45.875;12.15
1519;32;35;48.844;10.99
1520;32;35;56.863;15.51
1521;32;36;43.48;4.54
1522;32;36;39.861;12.12
1523;32;37;59.369;5.5
1524;32;38;36.779;23.16
1525;32;38;42.814;9.08
1526;32;38;39.915;22.41
1527;32;39;49.508;16.21
1528;32;39;51.863;1.86
1529;32;39;56.231;16.72
1530;33;34;38.132;15.8
1531;33;35;35.612;9.34
1532;33;35;26.947;13.13
1533;33;36;39.554;10.82
1534;33;36;33.334;17.46
1535;33;37;82.42;18.87
1536;33;37;84.651;8.36
1537;33;37;89.543;7.51
1538;33;38;81.826;11.96
1539;33;38;62.888;6.79
1540;33;39;52.651;24.01
1541;33;39;47.676;16.32
1542;34;35;15.483;9.52
1543;34;35;17.436;16.29
1544;34;35;16.239;14.97
1545;34;36;16.864;5.31
1546;34;36;13.623;13.63
1547;34;37;46.408;18.91
1548;34;37;40.404;1.14
1549;34;38;87.667;18.62
1550;34;39;18.315;6.71
1551;35;36;4.002;14.07
1552;35;37;47.699;15.81
1553;35;37;59.427;10.32
1554;35;37;37.692;5.81
1555;35;38;72.184;18.04
1556;35;38;79.073;24.4
1557;35;39;18.52;16.24
1558;35;39;16.187;13.74
1559;36;37;44.188;1.54
1560;36;37;42.07;10.4
1561;36;37;35.036;13.35
1562;36;38;71.392;21.72
1563;36;39;15.608;13.84
1564;36;39;13.353;5.95
1565;36;39;18.573;4.85
1566;37;38;95.994;18.34
1567;37;39;29.769;13.45
1568;37;39;23.6;18.51
1569;38;39;81.991;1.73
1570;38;39;101.918;14.6
1571;38;39;64.288;1.68
