VERTEX_COUNT 40
PATH_COUNT 1
BUDGET 420
<------------ VERTICES ------------>
0;START;41.374834;2.170055;0.0;0.0
1;Galeria d’Art Mar Grup Escolà;41.392349;2.167836;45.0;79.79
2;Parc de Diagonal Mar;41.407215;2.214539;45.0;75.95
3;Museu Nacional d’Art de Catalunya;41.36882;2.153347;45.0;75.66
4;Museu d’Història de Catalunya - MHC;41.380852;2.185799;45.0;74.49
5;L’Aquàrium;41.376625;2.184117;45.0;74.42
6;Lorena Ruiz de Villa;41.397858;2.146705;45.0;72.68
7;Basilica of the Sagrada Família;41.403568;2.174435;45.0;71.7
8;Arts Santa Mònica;41.37722;2.176012;45.0;71.34
9;Platja de la Nova Mar Bella;41.40205;2.21529;45.0;71.12
10;Anella Olímpica(Olympic Park);41.364778;2.152575;45.0;70.58
11;Avinguda d’Icària;41.391556;2.197416;45.0;69.9
12;Parc de la Ciutadella;41.389248;2.186548;45.0;69.0
13;Basilica of Sants Just i Pastor;41.382812;2.178195;45.0;68.38
14;Barcelona;41.389034;2.16137;45.0;67.32
15;Palau Güell;41.378864;2.174117;45.0;65.3
16;Imaginart Gallery;41.393822;2.164627;45.0;64.1
17;Platja de la Barceloneta;41.379158;2.192717;45.0;64.04
18;Museu Palmero;41.424667;2.139856;45.0;63.56
19;La Colmena;41.383835;2.178294;45.0;61.87
20;Museu Frederic Marès;41.384178;2.176819;45.0;61.48
21;Parc de la Creueta del Coll;41.41935;2.146432;45.0;61.04
22;La Pedrera (Casa Milà);41.395271;2.161785;45.0;60.39
23;Platja del Bogatell;41.394341;2.2066;45.0;60.09
24;Despair;41.387653;2.188076;45.0;59.59
25;90th Jean Bouin;41.373077;2.150465;45.0;59.3
26;Atelier;41.407719;2.158233;45.0;59.21
27;Passeig de Gràcia;41.390739;2.166672;45.0;58.97
28;Contrast;41.387928;2.161469;45.0;57.98
29;Montjuïc Castle;41.363823;2.167096;45.0;57.52
30;Carles Taché;41.389851;2.164213;45.0;57.17
31;Poble Espanyol;41.368679;2.147031;45.0;56.94
32;Museu Picasso;41.385181;2.180863;45.0;56.86
33;Monument to Doctor Robert;41.394924;2.175599;45.0;55.83
34;Casa Martí, Els Quatre Gats ;41.385775;2.173671;45.0;55.55
35;Rambla del Raval;41.378681;2.169317;45.0;55.4
36;Galeria Mayoral;41.389542;2.163808;45.0;54.9
37;Turó de la Rovira viewing point;41.419388;2.161812;45.0;54.82
38;Plaça de Catalunya;41.387005;2.17003;45.0;54.7
39;FINISH;41.374834;2.170055;0.0;0.0
<------------- EDGES -------------->
0;0;1;30.107;23.6
1;0;2;79.572;13.38
2;0;2;78.765;17.92
3;0;3;23.796;4.52
4;0;4;22.688;15.0
5;0;4;26.148;14.32
6;0;4;24.916;24.72
7;0;5;18.315;5.24
8;0;5;20.739;16.74
9;0;5;22.222;0.95
10;0;6;49.508;21.69
11;0;7;49.491;0.15
12;0;7;39.764;22.09
13;0;7;39.293;21.99
14;0;8;8.671;14.52
15;0;8;6.524;14.18
16;0;9;74.442;0.17
17;0;10;28.285;17.69
18;0;10;21.991;20.38
19;0;11;45.309;10.01
20;0;11;46.268;1.63
21;0;11;51.047;17.36
22;0;12;32.509;9.88
23;0;12;37.923;7.5
24;0;13;17.194;20.45
25;0;14;26.736;18.95
26;0;14;24.827;3.5
27;0;15;8.647;23.24
28;0;16;33.232;8.36
29;0;16;40.592;10.05
30;0;17;30.026;18.04
31;0;17;25.305;19.78
32;0;17;23.328;21.46
33;0;18;93.673;23.32
34;0;18;77.951;18.19
35;0;19;18.686;17.22
36;0;19;17.431;9.43
37;0;20;18.196;1.1
38;0;20;18.842;7.09
39;0;21;81.991;5.16
40;0;21;78.654;6.18
41;0;21;72.53;22.37
42;0;22;36.549;0.66
43;0;23;57.583;0.67
44;0;23;51.24;23.67
45;0;24;31.884;1.79
46;0;25;25.336;5.65
47;0;26;58.284;16.83
48;0;26;55.089;1.93
49;0;27;27.562;23.01
50;0;27;28.379;8.72
51;0;27;33.706;24.0
52;0;28;24.972;0.2
53;0;28;19.81;15.64
54;0;29;19.222;4.67
55;0;29;22.826;2.33
56;0;29;19.507;21.45
57;0;30;26.77;17.47
58;0;30;32.838;11.73
59;0;31;31.387;14.93
60;0;31;27.6;11.47
61;0;31;35.349;3.36
62;0;32;22.496;20.42
63;0;33;35.108;8.39
64;0;34;19.29;24.66
65;0;34;14.918;10.37
66;0;35;6.651;19.39
67;0;35;6.77;6.98
68;0;35;6.601;0.2
69;0;36;26.416;14.91
70;0;36;28.843;8.63
71;0;36;27.763;14.51
72;0;37;76.973;6.41
73;0;38;20.827;9.86
74;0;38;21.885;12.61
75;0;38;16.056;11.4
76;0;39;0.0;9.98
77;0;39;0.0;3.72
78;1;2;65.123;19.96
79;1;3;44.354;4.45
80;1;4;30.314;18.58
81;1;4;30.315;24.38
82;1;4;33.893;0.62
83;1;5;34.073;9.52
84;1;5;41.177;1.61
85;1;6;28.717;13.67
86;1;6;23.333;9.02
87;1;7;20.984;2.94
88;1;8;27.936;16.32
89;1;8;23.549;18.78
90;1;9;63.137;17.95
91;1;10;51.088;3.24
92;1;11;37.998;18.36
93;1;11;45.875;24.35
94;1;11;46.251;22.49
95;1;12;24.601;24.74
96;1;12;28.05;15.64
97;1;12;23.73;3.55
98;1;13;21.053;14.66
99;1;14;10.054;3.71
100;1;14;8.456;5.5
101;1;14;8.13;0.73
102;1;15;24.444;13.75
103;1;15;20.114;19.02
104;1;16;4.83;5.29
105;1;16;5.512;3.33
106;1;17;39.115;20.68
107;1;18;65.94;4.41
108;1;18;52.346;1.23
109;1;18;68.425;0.68
110;1;19;19.813;2.64
111;1;19;16.646;0.32
112;1;20;18.125;9.44
113;1;20;21.859;12.5
114;1;21;53.755;14.34
115;1;22;9.238;14.11
116;1;22;7.63;0.54
117;1;22;7.522;21.13
118;1;23;49.88;8.26
119;1;24;27.199;21.04
120;1;24;30.569;20.24
121;1;25;39.813;22.58
122;1;25;35.973;21.16
123;1;26;29.047;20.46
124;1;27;3.134;2.67
125;1;27;2.78;13.17
126;1;28;11.138;12.62
127;1;29;48.824;22.51
128;1;29;58.3;19.89
129;1;29;37.069;21.65
130;1;30;6.317;6.41
131;1;30;7.631;24.89
132;1;30;6.102;6.94
133;1;31;48.521;8.96
134;1;31;38.993;4.25
135;1;31;54.365;7.04
136;1;32;20.74;0.56
137;1;32;19.945;5.51
138;1;33;10.896;20.63
139;1;33;9.469;6.46
140;1;33;8.487;9.63
141;1;34;13.515;19.49
142;1;34;14.895;8.06
143;1;35;23.466;0.8
144;1;36;7.058;18.51
145;1;36;6.47;2.14
146;1;37;46.911;6.16
147;1;37;40.874;3.22
148;1;37;56.995;2.99
149;1;38;9.569;23.75
150;1;38;9.078;3.02
151;1;39;30.107;13.73
152;1;39;24.071;17.73
153;2;3;102.414;10.66
154;2;4;58.279;22.54
155;2;5;65.31;18.98
156;2;5;75.435;24.64
157;2;5;54.843;1.97
158;2;6;88.529;15.61
159;2;6;103.044;0.09
160;2;7;51.851;1.02
161;2;7;39.72;19.47
162;2;7;64.212;3.8
163;2;8;71.28;20.58
164;2;9;8.891;4.48
165;2;9;10.639;15.31
166;2;9;9.276;17.34
167;2;10;107.715;10.33
168;2;11;34.657;14.74
169;2;11;42.82;7.16
170;2;11;32.458;0.4
171;2;12;47.29;8.37
172;2;13;62.614;3.27
173;2;13;63.24;10.68
174;2;14;75.007;18.92
175;2;15;71.038;10.79
176;2;15;76.946;1.28
177;2;16;68.043;5.0
178;2;16;68.621;14.82
179;2;16;78.723;11.09
180;2;17;55.587;24.71
181;2;17;59.831;9.14
182;2;18;100.386;18.2
183;2;18;81.037;20.79
184;2;19;61.364;18.23
185;2;20;62.439;16.1
186;2;21;89.838;3.53
187;2;22;70.732;17.53
188;2;22;59.578;16.98
189;2;22;82.687;16.05
190;2;23;24.273;3.58
191;2;24;47.692;22.26
192;2;24;50.223;5.81
193;2;25;100.892;4.04
194;2;25;84.959;7.02
195;2;25;97.941;23.01
196;2;26;72.272;10.32
197;2;26;83.137;8.25
198;2;26;82.506;24.93
199;2;27;67.603;13.12
200;2;28;75.698;7.08
201;2;29;96.041;10.86
202;2;30;71.106;8.37
203;2;31;108.905;9.85
204;2;31;126.155;4.69
205;2;32;57.363;20.52
206;2;32;49.975;22.05
207;2;33;54.228;11.86
208;2;34;64.018;13.68
209;2;34;74.17;4.66
210;2;34;58.239;14.39
211;2;35;75.858;7.49
212;2;35;69.35;20.63
213;2;35;64.172;15.06
214;2;36;71.8;16.15
215;2;37;70.801;8.25
216;2;37;73.855;0.04
217;2;38;66.786;22.18
218;2;39;79.572;19.41
219;2;39;83.454;22.21
220;2;39;74.75;4.51
221;3;4;46.481;4.49
222;3;4;37.653;7.79
223;3;5;41.71;3.7
224;3;6;50.417;11.98
225;3;7;65.336;1.46
226;3;7;52.661;8.16
227;3;8;32.461;2.82
228;3;8;36.122;10.26
229;3;9;97.767;0.38
230;3;9;97.653;12.75
231;3;9;94.391;1.35
232;3;10;6.988;18.57
233;3;10;7.027;9.87
234;3;10;7.602;3.24
235;3;11;68.67;22.4
236;3;12;55.131;4.34
237;3;13;39.892;9.1
238;3;14;36.092;5.44
239;3;14;35.015;17.48
240;3;14;35.309;17.96
241;3;15;31.73;18.66
242;3;15;32.873;15.66
243;3;16;45.169;14.77
244;3;16;37.385;23.63
245;3;16;45.898;15.75
246;3;17;53.562;14.17
247;3;17;44.098;7.91
248;3;17;52.117;0.36
249;3;18;97.123;23.03
250;3;18;83.619;15.2
251;3;18;113.371;0.65
252;3;19;41.065;0.29
253;3;19;42.041;15.9
254;3;20;39.989;8.33
255;3;20;38.837;9.67
256;3;20;43.317;13.3
257;3;21;86.923;2.04
258;3;21;105.361;3.34
259;3;21;94.873;13.46
260;3;22;46.542;21.99
261;3;22;51.638;22.47
262;3;23;81.132;14.47
263;3;23;72.593;2.88
264;3;23;64.371;18.42
265;3;24;55.02;4.2
266;3;24;55.329;13.85
267;3;25;8.171;18.5
268;3;25;7.02;14.66
269;3;26;66.86;8.68
270;3;26;73.518;12.81
271;3;27;41.226;2.36
272;3;28;34.321;2.98
273;3;28;28.647;22.65
274;3;29;19.619;7.36
275;3;29;17.056;24.55
276;3;29;24.284;12.96
277;3;30;38.599;9.7
278;3;31;8.115;7.54
279;3;32;45.08;23.53
280;3;33;53.025;18.94
281;3;33;54.39;22.73
282;3;33;65.021;8.18
283;3;34;39.024;3.12
284;3;34;48.362;4.2
285;3;35;26.558;23.97
286;3;36;37.919;13.72
287;3;36;41.37;5.01
288;3;36;45.791;23.32
289;3;37;87.213;0.69
290;3;38;37.779;2.63
291;3;38;35.679;5.09
292;3;38;45.309;17.0
293;3;39;23.796;17.84
294;3;39;22.252;24.27
295;4;5;7.549;18.03
296;4;5;8.924;17.82
297;4;5;7.181;5.62
298;4;6;58.016;9.74
299;4;7;41.52;16.0
300;4;7;38.224;17.6
301;4;8;14.02;2.14
302;4;8;13.457;22.22
303;4;9;52.433;18.64
304;4;9;41.108;0.99
305;4;10;50.763;22.65
306;4;11;23.621;10.19
307;4;11;23.322;24.59
308;4;11;27.033;24.5
309;4;12;14.4;20.29
310;4;12;11.735;10.78
311;4;12;16.273;7.29
312;4;13;10.323;22.42
313;4;13;9.858;4.25
314;4;13;9.708;2.52
315;4;14;34.348;2.99
316;4;15;15.381;18.4
317;4;15;14.809;15.72
318;4;16;35.092;13.79
319;4;17;9.344;19.02
320;4;17;7.348;15.02
321;4;18;95.389;17.9
322;4;19;10.905;19.25
323;4;19;10.108;3.81
324;4;20;12.858;23.01
325;4;20;11.796;13.57
326;4;21;83.027;20.65
327;4;22;39.488;9.26
328;4;22;44.302;10.54
329;4;22;33.137;9.85
330;4;23;35.299;0.51
331;4;23;42.452;15.3
332;4;23;39.57;2.31
333;4;24;12.0;1.04
334;4;24;11.448;12.26
335;4;24;11.483;13.03
336;4;25;47.282;3.04
337;4;26;58.017;21.5
338;4;27;29.821;8.34
339;4;28;33.502;8.69
340;4;29;37.763;10.76
341;4;30;31.705;7.26
342;4;30;35.143;2.91
343;4;31;53.965;10.53
344;4;32;9.749;9.23
345;4;32;7.46;2.18
346;4;33;27.411;22.27
347;4;34;17.705;1.35
348;4;34;14.667;24.85
349;4;35;21.487;19.59
350;4;35;26.279;6.02
351;4;35;22.781;9.22
352;4;36;31.911;12.26
353;4;37;72.778;3.2
354;4;38;22.821;12.12
355;4;38;21.584;12.9
356;4;38;21.446;17.0
357;4;39;22.688;20.87
358;4;39;17.667;8.38
359;4;39;26.479;10.03
360;5;6;60.227;10.88
361;5;6;67.738;4.02
362;5;6;49.598;7.76
363;5;7;47.752;14.41
364;5;8;10.457;16.76
365;5;9;59.115;8.49
366;5;10;45.296;5.14
367;5;10;49.341;5.76
368;5;10;49.955;18.81
369;5;11;30.731;16.41
370;5;11;28.666;0.22
371;5;12;21.825;12.37
372;5;13;13.035;1.12
373;5;14;36.11;3.97
374;5;14;28.926;8.9
375;5;15;13.4;16.69
376;5;16;38.629;2.04
377;5;17;11.863;19.04
378;5;18;99.932;10.07
379;5;18;82.623;10.5
380;5;18;93.632;21.86
381;5;19;14.427;17.03
382;5;19;16.29;17.02
383;5;20;15.964;4.16
384;5;21;87.667;2.68
385;5;21;74.018;23.01
386;5;21;91.111;15.63
387;5;22;42.897;22.81
388;5;22;47.508;6.58
389;5;23;41.861;21.89
390;5;23;36.991;13.82
391;5;24;19.544;2.81
392;5;24;22.091;6.67
393;5;25;43.638;18.3
394;5;26;62.732;19.88
395;5;26;47.887;3.54
396;5;27;32.94;10.39
397;5;27;40.254;14.27
398;5;28;34.924;14.63
399;5;29;30.947;16.61
400;5;29;28.323;9.79
401;5;29;32.804;11.16
402;5;30;34.137;3.44
403;5;31;49.527;9.21
404;5;32;15.226;1.91
405;5;32;12.728;22.71
406;5;33;33.169;8.18
407;5;34;20.617;13.93
408;5;34;18.449;4.98
409;5;35;19.327;1.4
410;5;35;19.74;10.09
411;5;35;17.511;5.41
412;5;36;34.184;23.63
413;5;36;42.25;4.51
414;5;36;30.381;0.82
415;5;37;78.579;6.79
416;5;38;25.351;15.36
417;5;38;30.01;10.66
418;5;39;18.315;15.66
419;5;39;16.581;7.88
420;5;39;20.965;8.19
421;6;7;36.911;12.9
422;6;7;43.973;23.26
423;6;7;36.249;18.12
424;6;8;51.604;11.51
425;6;8;46.421;21.86
426;6;8;49.379;15.03
427;6;9;88.328;18.79
428;6;10;57.108;3.55
429;6;10;46.156;6.47
430;6;11;65.986;15.15
431;6;11;59.182;20.92
432;6;12;53.228;9.87
433;6;13;47.93;16.34
434;6;13;47.028;18.93
435;6;13;36.351;15.41
436;6;14;24.134;23.63
437;6;15;47.906;8.67
438;6;15;41.607;3.51
439;6;16;24.021;23.98
440;6;17;67.183;1.72
441;6;17;59.981;22.02
442;6;18;46.711;10.86
443;6;19;47.122;24.91
444;6;19;56.168;1.17
445;6;19;40.488;21.72
446;6;20;45.195;23.58
447;6;20;54.876;13.66
448;6;21;36.779;0.97
449;6;22;19.858;3.11
450;6;22;17.526;4.19
451;6;22;16.31;19.05
452;6;23;77.122;20.56
453;6;24;55.908;23.16
454;6;24;65.248;7.54
455;6;24;50.958;6.49
456;6;25;42.68;2.72
457;6;25;35.73;17.21
458;6;25;40.374;6.61
459;6;26;22.443;4.4
460;6;27;28.38;16.74
461;6;27;29.35;14.91
462;6;28;25.455;15.02
463;6;29;63.856;9.6
464;6;29;78.648;10.54
465;6;30;26.323;5.61
466;6;31;49.934;0.37
467;6;31;41.646;18.38
468;6;32;48.924;13.3
469;6;32;54.993;16.03
470;6;32;56.327;18.28
471;6;33;37.429;11.34
472;6;34;40.323;8.17
473;6;34;43.145;4.15
474;6;35;43.814;10.29
475;6;35;43.722;10.72
476;6;36;26.164;12.21
477;6;36;23.29;11.28
478;6;36;30.739;5.21
479;6;37;41.633;22.95
480;6;37;38.015;7.75
481;6;38;35.236;5.43
482;6;38;27.98;20.77
483;6;38;28.07;12.81
484;6;39;49.508;2.47
485;7;8;45.133;9.56
486;7;8;37.474;17.62
487;7;9;52.504;6.23
488;7;10;72.069;0.13
489;7;10;84.281;22.87
490;7;11;35.955;18.88
491;7;12;29.022;14.04
492;7;13;35.845;11.65
493;7;13;41.551;12.96
494;7;13;40.932;24.32
495;7;14;29.997;24.94
496;7;14;34.499;0.11
497;7;15;42.276;3.54
498;7;15;37.515;19.34
499;7;16;20.896;19.93
500;7;16;17.33;20.0
501;7;17;47.913;12.43
502;7;17;50.414;13.8
503;7;18;57.209;7.04
504;7;18;58.859;7.61
505;7;19;34.129;3.25
506;7;19;42.355;7.57
507;7;19;28.372;10.73
508;7;20;33.322;3.88
509;7;20;32.932;21.27
510;7;21;44.955;1.19
511;7;21;43.189;8.01
512;7;22;21.57;13.51
513;7;22;20.388;22.02
514;7;22;19.028;6.0
515;7;23;44.204;5.15
516;7;23;51.294;11.26
517;7;24;32.378;9.68
518;7;24;34.737;0.17
519;7;25;60.577;8.09
520;7;25;56.765;4.04
521;7;25;61.209;11.28
522;7;26;21.975;8.39
523;7;26;16.661;9.66
524;7;26;25.967;9.15
525;7;27;24.109;17.09
526;7;27;18.935;15.3
527;7;28;31.517;6.56
528;7;29;68.662;3.93
529;7;29;82.446;24.94
530;7;29;62.822;24.07
531;7;30;26.892;10.96
532;7;30;29.179;2.95
533;7;31;69.299;15.44
534;7;31;56.512;9.55
535;7;32;32.528;23.45
536;7;33;14.867;5.13
537;7;33;11.488;8.66
538;7;33;15.538;12.36
539;7;34;30.463;15.87
540;7;34;34.253;3.28
541;7;34;27.061;8.17
542;7;35;43.091;11.34
543;7;35;38.706;9.1
544;7;36;27.608;12.16
545;7;36;24.384;23.4
546;7;37;31.549;24.84
547;7;37;31.382;2.49
548;7;37;38.95;15.84
549;7;38;28.902;7.95
550;7;38;29.474;7.88
551;7;39;49.491;0.23
552;8;9;65.94;21.68
553;8;10;36.867;18.81
554;8;10;34.174;23.45
555;8;10;41.475;21.84
556;8;11;36.838;10.91
557;8;12;24.63;24.53
558;8;12;26.993;15.39
559;8;12;25.035;13.92
560;8;13;9.971;0.67
561;8;13;10.503;21.35
562;8;13;7.94;4.55
563;8;14;27.607;10.49
564;8;15;3.72;6.65
565;8;15;2.82;24.92
566;8;15;4.278;7.67
567;8;16;31.95;9.93
568;8;16;30.149;20.56
569;8;16;33.9;21.46
570;8;17;21.705;3.99
571;8;18;93.521;16.95
572;8;18;111.014;4.7
573;8;19;11.693;7.76
574;8;19;10.055;12.45
575;8;20;11.952;24.38
576;8;20;14.856;0.83
577;8;21;81.482;23.19
578;8;22;35.886;16.53
579;8;22;30.228;2.47
580;8;22;27.195;23.92
581;8;23;48.996;24.52
582;8;23;40.205;18.45
583;8;23;60.773;11.33
584;8;24;23.636;14.35
585;8;24;27.426;9.35
586;8;24;19.429;8.1
587;8;25;33.563;1.78
588;8;26;56.963;7.78
589;8;26;55.688;16.2
590;8;27;26.057;23.85
591;8;27;19.613;24.5
592;8;27;31.551;17.67
593;8;28;26.162;16.8
594;8;28;26.897;20.13
595;8;29;25.626;13.62
596;8;29;22.112;1.38
597;8;30;26.395;8.37
598;8;30;25.425;16.95
599;8;30;24.423;22.22
600;8;31;39.983;3.05
601;8;31;44.828;23.77
602;8;31;35.817;16.96
603;8;32;14.979;22.32
604;8;32;11.816;9.22
605;8;33;30.3;1.21
606;8;33;28.418;24.61
607;8;33;25.806;3.83
608;8;34;14.945;21.11
609;8;34;13.112;4.48
610;8;34;15.655;9.49
611;8;35;8.953;10.87
612;8;35;7.297;3.62
613;8;36;26.27;16.13
614;8;37;74.426;4.57
615;8;38;18.422;2.58
616;8;39;8.671;14.49
617;8;39;8.508;10.07
618;8;39;6.777;19.7
619;9;10;102.722;8.59
620;9;10;87.253;9.02
621;9;10;117.79;11.39
622;9;11;29.136;18.55
623;9;11;33.456;8.88
624;9;11;27.799;24.16
625;9;12;42.91;4.97
626;9;12;48.088;16.86
627;9;12;32.628;11.55
628;9;13;57.892;5.7
629;9;14;72.712;15.54
630;9;14;65.86;16.87
631;9;14;64.513;3.93
632;9;15;66.092;21.05
633;9;15;80.657;2.94
634;9;15;80.135;6.34
635;9;16;66.54;7.69
636;9;16;74.996;8.86
637;9;16;57.279;21.37
638;9;17;48.727;23.17
639;9;17;46.71;8.01
640;9;17;57.269;4.75
641;9;18;104.258;23.02
642;9;18;97.81;21.82
643;9;18;112.775;17.46
644;9;19;56.809;15.16
645;9;20;58.09;12.3
646;9;21;93.199;24.22
647;9;21;76.597;5.28
648;9;22;69.654;24.21
649;9;22;78.645;23.14
650;9;22;64.085;15.79
651;9;23;17.276;2.85
652;9;23;17.984;18.98
653;9;23;18.562;6.1
654;9;24;42.748;14.19
655;9;24;40.135;5.62
656;9;24;41.755;11.53
657;9;25;96.875;0.28
658;9;25;109.505;3.86
659;9;25;110.141;7.57
660;9;26;73.873;2.88
661;9;26;67.314;18.97
662;9;26;91.895;4.63
663;9;27;65.343;11.95
664;9;27;75.996;15.9
665;9;28;73.195;6.01
666;9;28;62.932;7.08
667;9;28;88.065;24.08
668;9;29;90.045;5.91
669;9;29;75.303;15.74
670;9;29;111.844;2.33
671;9;30;68.81;21.16
672;9;31;104.601;19.8
673;9;32;52.787;16.0
674;9;32;49.067;0.27
675;9;32;50.223;15.49
676;9;33;52.388;4.78
677;9;34;60.251;8.72
678;9;35;71.292;21.59
679;9;35;82.01;3.67
680;9;36;69.467;18.16
681;9;36;77.397;5.99
682;9;36;72.821;11.68
683;9;37;74.772;16.61
684;9;37;70.954;24.78
685;9;38;63.55;5.02
686;9;39;74.442;5.27
687;10;11;73.587;4.89
688;10;11;61.291;11.17
689;10;11;75.649;7.87
690;10;12;60.469;10.83
691;10;12;53.443;7.19
692;10;12;56.347;16.53
693;10;13;45.108;15.98
694;10;13;45.448;21.96
695;10;13;39.387;1.09
696;10;14;43.017;9.79
697;10;14;46.558;11.61
698;10;14;41.834;18.77
699;10;15;36.692;3.8
700;10;16;52.055;12.85
701;10;17;57.121;23.3
702;10;17;66.582;19.95
703;10;18;103.777;7.14
704;10;19;46.414;3.31
705;10;20;45.512;22.0
706;10;20;43.718;23.97
707;10;20;53.308;12.77
708;10;21;93.718;15.6
709;10;22;53.504;23.31
710;10;22;55.19;24.6
711;10;23;85.857;21.01
712;10;24;60.087;16.84
713;10;24;64.145;4.08
714;10;25;14.458;22.93
715;10;25;17.527;10.23
716;10;26;73.841;2.74
717;10;26;89.095;4.19
718;10;26;91.248;24.92
719;10;27;47.972;22.49
720;10;27;49.22;18.94
721;10;28;41.229;14.24
722;10;29;18.721;18.01
723;10;30;45.434;18.39
724;10;30;44.633;23.2
725;10;30;50.314;21.81
726;10;31;9.76;22.68
727;10;31;9.081;23.85
728;10;31;9.898;7.81
729;10;32;50.384;23.29
730;10;32;54.236;16.89
731;10;32;48.381;17.75
732;10;33;59.458;15.35
733;10;33;66.185;13.26
734;10;33;71.884;9.43
735;10;34;44.999;7.09
736;10;35;32.067;12.38
737;10;35;34.786;18.89
738;10;36;44.765;6.45
739;10;36;51.232;16.31
740;10;36;49.238;13.69
741;10;37;94.2;4.41
742;10;37;73.89;10.62
743;10;37;89.624;21.53
744;10;38;44.149;11.52
745;10;39;28.285;23.85
746;10;39;34.498;15.32
747;10;39;21.88;17.56
748;11;12;14.501;12.42
749;11;13;28.859;24.5
750;11;14;46.477;1.29
751;11;14;36.224;7.19
752;11;15;36.967;23.79
753;11;15;42.226;0.79
754;11;16;42.271;14.61
755;11;17;22.057;12.93
756;11;17;16.553;18.5
757;11;17;26.475;24.11
758;11;18;93.102;18.62
759;11;18;97.54;23.39
760;11;19;27.879;23.78
761;11;20;29.303;17.24
762;11;20;23.696;24.3
763;11;20;30.477;24.01
764;11;21;80.897;7.65
765;11;21;61.913;5.81
766;11;22;46.181;4.77
767;11;22;36.267;23.09
768;11;22;57.4;14.05
769;11;23;12.717;4.31
770;11;23;13.519;11.69
771;11;23;10.349;21.76
772;11;24;13.725;10.05
773;11;24;10.424;14.59
774;11;25;68.074;11.18
775;11;26;57.399;0.39
776;11;27;39.493;7.67
777;11;27;42.015;8.8
778;11;27;36.106;14.7
779;11;28;46.565;5.67
780;11;29;61.384;18.76
781;11;29;51.294;15.56
782;11;29;65.512;4.62
783;11;30;42.726;23.23
784;11;31;75.617;1.29
785;11;32;23.888;16.48
786;11;32;25.428;6.2
787;11;33;28.594;22.89
788;11;33;29.451;11.65
789;11;33;35.082;17.9
790;11;34;32.05;23.32
791;11;34;24.268;21.01
792;11;35;42.272;7.73
793;11;36;43.283;10.74
794;11;37;66.005;24.63
795;11;37;77.931;19.58
796;11;37;50.978;23.38
797;11;38;36.011;13.86
798;11;39;45.309;22.56
799;12;13;15.372;3.46
800;12;13;17.374;24.8
801;12;13;17.214;12.91
802;12;14;32.326;13.01
803;12;15;23.885;14.16
804;12;15;18.277;19.9
805;12;16;29.21;17.5
806;12;16;35.586;15.28
807;12;17;18.996;2.43
808;12;18;85.235;9.75
809;12;18;74.847;17.49
810;12;19;14.075;16.29
811;12;19;13.696;15.32
812;12;20;15.208;23.35
813;12;20;12.379;0.04
814;12;21;72.833;1.32
815;12;21;59.92;9.14
816;12;21;57.842;11.41
817;12;22;33.419;13.71
818;12;23;27.178;12.19
819;12;23;29.725;17.89
820;12;24;3.361;3.2
821;12;24;3.645;3.07
822;12;24;3.431;12.46
823;12;25;53.966;18.81
824;12;26;48.168;18.41
825;12;26;57.133;18.7
826;12;26;49.53;20.51
827;12;27;25.644;5.12
828;12;28;32.276;9.83
829;12;28;27.06;6.73
830;12;29;50.168;19.26
831;12;30;28.693;19.83
832;12;31;61.754;4.4
833;12;31;68.464;19.55
834;12;32;10.085;17.69
835;12;32;11.425;12.71
836;12;33;17.085;5.61
837;12;33;17.633;2.72
838;12;33;18.898;5.8
839;12;34;17.568;10.05
840;12;34;15.292;17.6
841;12;35;28.573;9.68
842;12;35;28.958;22.12
843;12;35;22.55;13.34
844;12;36;29.198;13.85
845;12;36;29.566;23.32
846;12;36;31.054;2.1
847;12;37;60.565;16.59
848;12;38;21.551;7.48
849;12;39;32.509;12.12
850;12;39;30.977;20.07
851;12;39;30.135;20.09
852;13;14;24.083;10.11
853;13;15;8.547;22.48
854;13;16;25.659;13.57
855;13;16;23.142;23.52
856;13;17;19.667;21.91
857;13;17;17.907;14.02
858;13;17;20.24;20.42
859;13;18;86.899;0.71
860;13;18;102.851;4.27
861;13;18;104.835;11.77
862;13;19;1.755;8.94
863;13;20;2.93;18.27
864;13;20;3.616;24.08
865;13;21;74.643;14.73
866;13;21;75.761;8.45
867;13;21;61.312;8.09
868;13;22;29.973;13.95
869;13;22;32.527;6.01
870;13;22;36.819;17.7
871;13;23;41.462;1.67
872;13;23;38.017;11.88
873;13;24;15.151;18.21
874;13;24;16.946;13.59
875;13;24;16.187;24.49
876;13;25;39.311;10.8
877;13;25;45.803;9.29
878;13;26;49.732;13.62
879;13;26;58.525;9.89
880;13;27;20.072;6.07
881;13;28;23.19;9.22
882;13;29;35.483;0.32
883;13;30;21.618;0.97
884;13;30;16.624;21.18
885;13;30;24.662;11.46
886;13;31;46.758;19.59
887;13;31;47.893;22.49
888;13;32;5.307;19.44
889;13;32;6.247;23.29
890;13;32;5.686;13.81
891;13;33;20.993;19.47
892;13;34;7.711;18.7
893;13;35;13.413;6.66
894;13;35;10.505;13.06
895;13;36;21.767;23.91
896;13;36;23.709;14.67
897;13;37;66.028;14.71
898;13;37;50.503;3.33
899;13;37;57.48;20.33
900;13;38;12.704;1.09
901;13;39;17.194;17.81
902;13;39;17.172;24.53
903;14;15;23.89;4.43
904;14;15;20.836;0.53
905;14;15;19.032;12.34
906;14;16;9.199;5.46
907;14;17;43.651;7.06
908;14;17;33.624;12.54
909;14;17;35.777;19.76
910;14;18;66.937;12.31
911;14;19;23.479;23.58
912;14;19;23.356;24.0
913;14;20;21.505;1.34
914;14;20;25.359;20.95
915;14;21;55.307;23.01
916;14;22;10.686;9.94
917;14;22;8.737;18.33
918;14;22;8.542;24.29
919;14;23;58.771;12.5
920;14;23;53.27;0.69
921;14;24;34.368;11.29
922;14;24;30.226;12.04
923;14;24;31.31;5.9
924;14;25;30.687;8.72
925;14;26;32.227;12.57
926;14;27;7.406;6.46
927;14;27;6.123;11.78
928;14;27;6.814;17.47
929;14;28;1.897;1.83
930;14;29;43.764;2.16
931;14;29;45.005;4.66
932;14;30;3.909;11.46
933;14;31;39.399;18.25
934;14;32;25.88;17.31
935;14;33;20.863;7.29
936;14;33;24.513;2.97
937;14;33;21.862;10.67
938;14;34;16.748;13.82
939;14;34;15.946;13.62
940;14;34;12.939;13.91
941;14;35;20.445;15.66
942;14;35;23.473;21.78
943;14;35;22.3;22.4
944;14;36;3.248;13.17
945;14;36;3.805;19.69
946;14;37;51.946;24.97
947;14;38;11.648;0.94
948;14;38;11.232;21.79
949;14;38;8.778;22.5
950;14;39;26.736;19.16
951;14;39;32.81;13.74
952;14;39;23.217;1.56
953;15;16;28.348;15.3
954;15;16;27.589;11.8
955;15;17;23.888;10.75
956;15;17;22.723;9.85
957;15;18;89.874;8.19
958;15;18;80.111;4.91
959;15;19;10.056;24.47
960;15;19;8.751;24.25
961;15;19;9.874;13.39
962;15;20;9.733;4.25
963;15;20;9.27;22.41
964;15;21;77.863;4.57
965;15;22;32.233;9.56
966;15;22;37.056;5.91
967;15;22;31.428;20.83
968;15;23;49.403;13.36
969;15;24;23.397;3.48
970;15;25;31.945;7.16
971;15;25;35.26;12.01
972;15;25;33.105;19.36
973;15;26;53.422;18.23
974;15;26;60.706;13.93
975;15;27;22.457;12.68
976;15;27;25.465;18.4
977;15;27;26.092;23.16
978;15;28;22.456;24.2
979;15;28;23.141;9.48
980;15;29;27.272;5.34
981;15;29;28.768;15.11
982;15;29;25.599;16.74
983;15;30;22.698;11.81
984;15;30;24.132;3.04
985;15;30;25.832;14.72
986;15;31;38.904;21.65
987;15;31;44.67;21.07
988;15;32;13.852;8.83
989;15;32;16.815;6.17
990;15;32;10.745;23.56
991;15;33;27.548;15.53
992;15;33;29.585;6.58
993;15;33;27.046;11.98
994;15;34;11.84;14.67
995;15;34;12.934;23.14
996;15;34;13.861;3.01
997;15;35;6.171;14.21
998;15;35;7.094;11.31
999;15;36;22.563;14.16
1000;15;36;20.855;19.14
1001;15;37;71.122;18.25
1002;15;37;69.775;9.78
1003;15;37;88.196;18.14
1004;15;38;14.887;23.99
1005;15;39;8.647;21.71
1006;15;39;7.987;14.73
1007;15;39;8.207;6.75
1008;16;17;43.935;0.88
1009;16;17;50.23;12.95
1010;16;18;61.618;23.46
1011;16;18;59.92;19.92
1012;16;18;71.298;18.88
1013;16;19;24.494;14.04
1014;16;19;29.741;16.37
1015;16;19;21.342;9.13
1016;16;20;22.745;19.56
1017;16;20;21.592;9.98
1018;16;20;18.172;9.62
1019;16;21;49.535;22.94
1020;16;21;54.353;19.58
1021;16;22;4.411;17.59
1022;16;22;4.093;10.34
1023;16;22;3.336;0.89
1024;16;23;53.889;20.44
1025;16;24;31.901;5.65
1026;16;25;39.886;5.8
1027;16;25;32.434;19.62
1028;16;25;31.427;8.33
1029;16;26;25.157;24.68
1030;16;26;25.915;10.99
1031;16;26;28.86;7.66
1032;16;27;5.893;14.62
1033;16;27;5.759;11.22
1034;16;28;10.87;20.68
1035;16;28;10.514;20.54
1036;16;29;51.433;8.79
1037;16;29;59.122;14.88
1038;16;30;6.816;24.82
1039;16;30;8.419;4.87
1040;16;31;48.597;13.86
1041;16;31;46.808;3.35
1042;16;31;55.728;23.02
1043;16;32;25.556;10.2
1044;16;32;20.486;11.61
1045;16;33;14.211;17.88
1046;16;33;13.871;16.31
1047;16;34;18.012;22.78
1048;16;34;17.223;6.22
1049;16;34;21.515;16.96
1050;16;35;26.6;12.28
1051;16;36;7.399;19.52
1052;16;36;7.17;0.25
1053;16;36;6.351;15.37
1054;16;37;43.898;12.9
1055;16;37;43.783;23.78
1056;16;38;13.572;24.12
1057;16;38;16.635;12.4
1058;16;38;10.574;15.15
1059;16;39;33.232;12.52
1060;16;39;34.552;10.05
1061;17;18;103.288;16.67
1062;17;18;102.564;10.06
1063;17;18;77.739;6.43
1064;17;19;20.174;22.16
1065;17;20;22.147;21.32
1066;17;20;26.388;11.28
1067;17;20;19.259;0.45
1068;17;21;90.886;23.76
1069;17;21;71.792;19.49
1070;17;22;48.346;2.07
1071;17;22;37.894;5.23
1072;17;22;57.925;21.11
1073;17;23;31.508;12.55
1074;17;23;26.095;15.52
1075;17;24;15.711;23.66
1076;17;24;12.854;9.38
1077;17;24;16.571;0.49
1078;17;25;55.244;12.49
1079;17;25;60.891;12.46
1080;17;25;48.79;19.39
1081;17;26;65.942;14.41
1082;17;26;79.795;0.66
1083;17;26;63.544;11.74
1084;17;27;38.871;12.68
1085;17;28;42.835;14.9
1086;17;29;42.085;19.65
1087;17;29;37.542;5.18
1088;17;30;40.916;1.8
1089;17;31;61.346;13.07
1090;17;31;67.835;4.64
1091;17;32;18.382;13.98
1092;17;33;34.798;20.03
1093;17;34;26.949;12.47
1094;17;34;31.332;15.53
1095;17;35;30.057;0.58
1096;17;35;34.97;24.0
1097;17;35;26.571;9.01
1098;17;36;41.151;12.17
1099;17;37;79.455;2.54
1100;17;38;32.075;21.58
1101;17;39;30.026;23.37
1102;17;39;36.337;22.72
1103;17;39;33.034;7.94
1104;18;19;85.535;22.9
1105;18;19;73.955;12.2
1106;18;20;83.972;23.75
1107;18;21;12.409;17.71
1108;18;21;9.949;1.72
1109;18;22;57.641;14.34
1110;18;23;100.154;3.69
1111;18;24;88.556;18.64
1112;18;24;96.767;24.69
1113;18;24;92.402;17.24
1114;18;25;89.327;11.04
1115;18;25;104.59;11.23
1116;18;25;80.301;5.38
1117;18;26;37.38;18.27
1118;18;26;42.508;24.51
1119;18;26;37.162;21.25
1120;18;27;67.493;23.84
1121;18;28;68.717;9.33
1122;18;28;62.921;18.3
1123;18;29;109.833;24.17
1124;18;29;129.263;2.37
1125;18;30;67.282;4.85
1126;18;30;58.528;1.88
1127;18;30;51.51;10.52
1128;18;31;96.25;18.16
1129;18;32;85.65;10.48
1130;18;33;68.519;19.75
1131;18;33;64.769;20.6
1132;18;33;65.738;3.07
1133;18;34;79.454;22.41
1134;18;34;93.005;8.75
1135;18;34;74.098;6.83
1136;18;35;87.307;20.0
1137;18;35;77.491;22.88
1138;18;35;76.319;2.93
1139;18;36;67.512;2.23
1140;18;36;54.768;9.65
1141;18;36;71.978;8.87
1142;18;37;29.586;17.35
1143;18;37;33.419;11.3
1144;18;38;75.189;8.82
1145;18;38;74.809;1.42
1146;18;39;93.673;16.59
1147;18;39;74.682;19.7
1148;19;20;1.983;17.41
1149;19;20;1.793;24.71
1150;19;21;73.254;14.57
1151;19;21;57.3;6.11
1152;19;22;28.847;9.28
1153;19;22;28.373;24.1
1154;19;22;27.883;7.15
1155;19;23;40.544;19.35
1156;19;24;14.157;13.14
1157;19;24;12.932;24.71
1158;19;24;17.434;8.07
1159;19;25;40.197;10.36
1160;19;25;30.541;16.03
1161;19;25;35.925;21.88
1162;19;26;48.307;13.02
1163;19;27;19.032;12.93
1164;19;27;15.568;1.03
1165;19;28;22.709;9.52
1166;19;29;37.142;18.54
1167;19;29;31.355;8.24
1168;19;30;20.804;14.43
1169;19;30;17.217;4.45
1170;19;30;17.977;23.59
1171;19;31;47.793;12.39
1172;19;31;53.109;19.6
1173;19;31;39.106;2.45
1174;19;32;4.023;12.44
1175;19;33;19.289;13.3
1176;19;34;6.801;15.18
1177;19;34;7.802;15.06
1178;19;34;6.165;19.43
1179;19;35;14.514;21.74
1180;19;36;21.006;2.43
1181;19;36;20.443;23.49
1182;19;36;19.013;4.47
1183;19;37;64.413;24.16
1184;19;37;63.216;5.75
1185;19;37;62.605;1.56
1186;19;38;11.916;12.36
1187;19;38;12.526;1.57
1188;19;38;13.404;3.79
1189;19;39;18.686;8.38
1190;20;21;71.72;14.76
1191;20;22;27.071;18.56
1192;20;22;31.856;19.7
1193;20;23;42.003;2.91
1194;20;23;45.08;14.44
1195;20;23;33.738;5.99
1196;20;24;15.628;20.58
1197;20;25;38.807;22.05
1198;20;25;39.275;20.16
1199;20;26;46.819;10.3
1200;20;26;40.976;14.92
1201;20;26;48.361;6.92
1202;20;27;17.198;21.79
1203;20;27;14.867;22.21
1204;20;28;20.726;4.56
1205;20;29;37.002;19.13
1206;20;30;18.873;7.92
1207;20;30;21.343;2.69
1208;20;30;14.207;23.65
1209;20;31;46.546;9.77
1210;20;31;40.644;19.91
1211;20;32;5.468;6.57
1212;20;32;5.091;18.95
1213;20;33;18.455;11.85
1214;20;33;16.498;22.38
1215;20;33;14.479;7.22
1216;20;34;4.879;0.56
1217;20;35;13.464;16.34
1218;20;35;14.893;10.34
1219;20;35;12.711;14.78
1220;20;36;19.06;14.76
1221;20;36;21.337;6.43
1222;20;37;63.257;18.41
1223;20;37;66.109;9.78
1224;20;37;69.646;0.58
1225;20;38;9.969;19.01
1226;20;38;10.225;5.09
1227;20;38;9.193;23.73
1228;20;39;18.196;10.36
1229;21;22;45.674;13.53
1230;21;22;48.549;20.9
1231;21;22;40.14;7.4
1232;21;23;88.29;10.04
1233;21;23;106.315;11.51
1234;21;24;76.152;3.07
1235;21;24;88.282;21.24
1236;21;25;79.353;6.45
1237;21;25;92.913;11.99
1238;21;25;76.366;12.12
1239;21;26;25.01;24.08
1240;21;27;55.425;12.25
1241;21;28;57.129;20.52
1242;21;29;98.653;16.44
1243;21;29;117.843;0.34
1244;21;29;109.355;24.21
1245;21;30;55.399;12.71
1246;21;30;45.143;21.66
1247;21;31;86.713;0.33
1248;21;32;73.294;19.35
1249;21;32;58.813;6.54
1250;21;33;56.111;16.02
1251;21;33;67.559;23.44
1252;21;34;67.256;5.31
1253;21;34;61.049;17.0
1254;21;34;73.28;16.09
1255;21;35;75.54;21.72
1256;21;35;84.686;4.62
1257;21;36;55.671;21.38
1258;21;36;50.59;22.66
1259;21;36;59.462;17.13
1260;21;37;19.736;15.69
1261;21;38;63.095;8.53
1262;21;38;61.7;13.44
1263;21;38;73.086;4.18
1264;21;39;81.991;10.45
1265;21;39;62.797;6.73
1266;22;23;57.552;23.63
1267;22;23;62.099;22.31
1268;22;24;36.182;23.59
1269;22;24;28.813;4.7
1270;22;25;40.666;18.65
1271;22;25;40.128;1.75
1272;22;26;21.784;3.96
1273;22;26;21.192;2.53
1274;22;27;9.975;12.59
1275;22;27;7.993;14.98
1276;22;28;12.572;18.62
1277;22;28;14.504;14.57
1278;22;28;11.889;13.13
1279;22;29;54.245;18.21
1280;22;29;46.799;24.2
1281;22;30;9.785;13.8
1282;22;30;11.22;17.1
1283;22;31;49.291;6.99
1284;22;31;42.624;2.02
1285;22;32;29.967;7.9
1286;22;32;25.65;22.54
1287;22;32;30.74;1.71
1288;22;33;17.743;3.71
1289;22;33;16.824;8.62
1290;22;34;22.291;8.41
1291;22;34;20.063;6.11
1292;22;35;29.991;8.58
1293;22;36;10.142;3.58
1294;22;36;10.446;10.2
1295;22;36;8.227;6.29
1296;22;37;41.27;4.35
1297;22;37;48.993;18.52
1298;22;38;17.667;14.85
1299;22;38;13.545;18.82
1300;22;39;36.549;10.54
1301;22;39;32.274;23.05
1302;23;24;26.392;1.15
1303;23;24;32.904;2.85
1304;23;24;25.002;8.54
1305;23;25;80.739;18.1
1306;23;25;62.561;22.14
1307;23;26;66.17;5.3
1308;23;26;51.728;5.88
1309;23;27;51.627;17.34
1310;23;27;53.897;14.62
1311;23;27;59.564;6.18
1312;23;28;58.969;6.08
1313;23;28;59.721;20.82
1314;23;28;68.277;23.25
1315;23;29;72.802;17.94
1316;23;29;64.791;0.44
1317;23;29;55.039;7.17
1318;23;30;54.955;14.88
1319;23;30;56.456;16.27
1320;23;30;61.658;22.41
1321;23;31;88.195;8.7
1322;23;31;89.67;10.12
1323;23;31;109.894;24.46
1324;23;32;36.571;8.65
1325;23;32;42.589;16.9
1326;23;32;44.476;19.2
1327;23;33;39.809;4.14
1328;23;33;41.857;3.37
1329;23;34;44.744;18.26
1330;23;34;44.336;20.52
1331;23;35;54.858;22.54
1332;23;35;54.407;19.87
1333;23;36;55.546;21.5
1334;23;36;50.377;24.61
1335;23;37;71.704;3.18
1336;23;38;48.598;4.82
1337;23;38;57.966;7.32
1338;23;38;50.0;20.57
1339;23;39;57.583;7.64
1340;23;39;71.116;1.01
1341;23;39;49.796;20.17
1342;24;25;54.354;7.47
1343;24;26;51.445;18.37
1344;24;26;54.999;17.4
1345;24;27;27.982;12.17
1346;24;28;34.163;0.42
1347;24;28;39.547;6.17
1348;24;28;35.414;5.97
1349;24;29;48.874;23.32
1350;24;30;30.866;10.54
1351;24;31;61.902;2.94
1352;24;31;73.322;5.47
1353;24;31;77.139;21.2
1354;24;32;10.181;12.64
1355;24;32;12.283;12.85
1356;24;32;9.166;10.44
1357;24;33;20.283;8.0
1358;24;34;18.772;24.82
1359;24;34;18.005;2.1
1360;24;35;28.563;11.74
1361;24;36;31.323;1.25
1362;24;36;37.025;23.4
1363;24;36;26.638;12.5
1364;24;37;63.918;22.27
1365;24;37;51.683;1.43
1366;24;37;73.531;0.12
1367;24;38;23.195;16.05
1368;24;39;31.884;23.69
1369;24;39;26.972;10.53
1370;25;26;60.114;8.0
1371;25;27;36.695;8.99
1372;25;27;41.188;19.29
1373;25;27;36.992;11.87
1374;25;28;29.078;5.14
1375;25;29;26.588;4.47
1376;25;30;33.698;3.2
1377;25;30;25.626;23.14
1378;25;30;36.251;23.18
1379;25;31;8.722;3.96
1380;25;31;8.54;20.02
1381;25;32;44.188;4.71
1382;25;32;39.082;17.13
1383;25;33;49.387;1.97
1384;25;33;61.293;3.17
1385;25;33;50.881;6.06
1386;25;34;36.879;21.65
1387;25;34;38.006;14.1
1388;25;34;40.62;15.61
1389;25;35;26.038;21.83
1390;25;35;29.031;6.14
1391;25;36;32.976;18.11
1392;25;36;33.573;10.79
1393;25;37;80.577;18.05
1394;25;37;77.23;14.1
1395;25;37;89.727;1.22
1396;25;38;34.629;17.97
1397;25;39;25.336;6.52
1398;25;39;23.599;2.88
1399;26;27;31.01;24.67
1400;26;27;27.007;10.46
1401;26;27;26.28;10.06
1402;26;28;34.121;17.12
1403;26;28;35.784;2.19
1404;26;28;31.232;19.46
1405;26;29;75.973;5.55
1406;26;30;31.525;15.04
1407;26;30;31.435;6.87
1408;26;31;68.337;14.81
1409;26;31;78.15;14.0
1410;26;32;48.284;3.08
1411;26;33;31.245;23.13
1412;26;34;42.459;19.64
1413;26;35;51.688;19.72
1414;26;36;31.918;3.55
1415;26;36;28.584;18.8
1416;26;36;26.836;13.72
1417;26;37;20.49;4.85
1418;26;37;19.5;5.61
1419;26;37;21.768;23.54
1420;26;38;38.546;21.7
1421;26;38;46.301;0.15
1422;26;38;29.659;8.48
1423;26;39;58.284;20.62
1424;26;39;61.611;11.35
1425;26;39;68.006;21.57
1426;27;28;8.231;16.62
1427;27;29;46.063;2.13
1428;27;30;3.504;18.55
1429;27;30;3.567;21.37
1430;27;30;4.379;21.58
1431;27;31;45.399;12.99
1432;27;31;46.65;18.55
1433;27;31;35.998;18.06
1434;27;32;20.552;24.93
1435;27;32;22.369;4.79
1436;27;33;13.514;14.2
1437;27;33;15.064;1.69
1438;27;33;15.391;2.27
1439;27;34;12.365;16.94
1440;27;34;11.079;24.37
1441;27;35;20.912;16.04
1442;27;35;23.733;23.62
1443;27;35;20.287;23.08
1444;27;36;4.209;1.62
1445;27;36;3.37;18.93
1446;27;37;49.42;7.62
1447;27;37;47.005;18.19
1448;27;37;47.592;14.09
1449;27;38;7.708;11.84
1450;27;38;8.951;17.51
1451;27;38;7.549;18.81
1452;27;39;27.562;5.37
1453;27;39;22.519;1.73
1454;28;29;41.877;12.56
1455;28;29;51.037;4.99
1456;28;29;36.891;10.95
1457;28;30;4.821;18.43
1458;28;31;37.798;21.32
1459;28;31;38.017;24.93
1460;28;32;25.339;11.46
1461;28;33;21.734;24.21
1462;28;33;17.193;22.23
1463;28;33;21.788;21.8
1464;28;34;16.093;24.19
1465;28;34;16.424;11.1
1466;28;35;18.76;24.01
1467;28;36;4.08;9.02
1468;28;36;4.55;15.96
1469;28;37;53.837;7.13
1470;28;37;47.323;16.95
1471;28;37;64.918;15.7
1472;28;38;11.104;9.46
1473;28;39;24.972;11.7
1474;28;39;26.354;17.34
1475;28;39;25.436;6.43
1476;29;30;44.693;2.86
1477;29;30;39.986;20.17
1478;29;31;27.076;3.69
1479;29;32;40.599;16.05
1480;29;32;33.027;12.71
1481;29;32;31.243;20.21
1482;29;33;54.329;4.63
1483;29;34;38.502;12.15
1484;29;34;33.966;12.4
1485;29;35;25.585;6.97
1486;29;35;20.576;22.81
1487;29;35;29.347;13.87
1488;29;36;44.213;7.63
1489;29;37;95.326;15.77
1490;29;37;118.283;3.77
1491;29;37;100.0;0.31
1492;29;38;39.848;7.89
1493;29;38;35.574;11.6
1494;29;38;42.89;9.67
1495;29;39;19.222;9.32
1496;29;39;21.924;24.05
1497;30;31;42.419;0.12
1498;30;32;22.821;4.88
1499;30;32;23.644;17.27
1500;30;33;17.0;0.13
1501;30;33;15.055;21.03
1502;30;33;15.211;19.56
1503;30;34;14.003;3.06
1504;30;34;11.318;2.83
1505;30;35;20.207;19.92
1506;30;36;0.742;16.74
1507;30;37;50.638;14.38
1508;30;37;41.662;11.8
1509;30;38;8.916;17.47
1510;30;39;26.77;19.97
1511;30;39;26.593;7.78
1512;30;39;23.867;18.24
1513;31;32;51.814;20.32
1514;31;32;42.411;17.02
1515;31;32;58.098;20.84
1516;31;33;57.987;12.67
1517;31;33;47.58;12.12
1518;31;34;45.011;7.64
1519;31;34;35.855;3.16
1520;31;35;33.346;18.98
1521;31;35;39.63;23.02
1522;31;35;39.875;1.27
1523;31;36;41.697;8.3
1524;31;36;38.752;5.74
1525;31;36;34.148;21.16
1526;31;37;88.825;13.46
1527;31;37;88.741;5.0
1528;31;37;99.77;10.75
1529;31;38;43.076;16.75
1530;31;38;52.717;3.35
1531;31;39;31.387;20.58
1532;31;39;27.309;23.08
1533;31;39;25.506;12.69
1534;32;33;17.99;12.92
1535;32;33;17.812;5.92
1536;32;33;21.611;13.37
1537;32;34;9.29;22.21
1538;32;34;9.979;2.85
1539;32;35;18.534;0.87
1540;32;36;23.133;21.8
1541;32;36;28.26;18.43
1542;32;36;24.178;7.06
1543;32;37;63.438;19.22
1544;32;37;53.726;2.0
1545;32;37;67.326;11.23
1546;32;38;14.254;13.45
1547;32;39;22.496;5.7
1548;33;34;15.85;4.07
1549;33;34;18.571;1.12
1550;33;35;28.942;11.64
1551;33;35;27.872;1.99
1552;33;35;28.612;8.95
1553;33;36;17.719;4.48
1554;33;37;45.45;10.99
1555;33;37;44.528;0.68
1556;33;37;37.236;18.45
1557;33;38;15.322;12.85
1558;33;38;15.144;2.43
1559;33;39;35.108;1.59
1560;33;39;42.457;16.66
1561;34;35;13.365;3.17
1562;34;35;12.575;19.42
1563;34;36;14.209;11.26
1564;34;37;59.499;6.94
1565;34;37;45.764;22.02
1566;34;38;5.126;6.11
1567;34;38;5.31;15.17
1568;34;38;5.972;18.56
1569;34;39;19.29;16.4
1570;35;36;19.886;22.55
1571;35;36;21.544;9.16
1572;35;36;15.46;1.93
1573;35;37;70.322;9.54
1574;35;38;14.274;24.78
1575;35;38;13.886;5.52
1576;35;39;6.651;15.87
1577;35;39;6.711;9.2
1578;35;39;6.138;3.3
1579;36;37;51.138;13.13
1580;36;37;51.554;12.73
1581;36;38;9.092;3.89
1582;36;38;6.963;4.68
1583;36;38;7.542;22.76
1584;36;39;26.416;22.74
1585;37;38;56.41;15.87
1586;37;38;57.601;13.69
1587;37;39;76.973;16.9
1588;38;39;20.827;15.29
1589;38;39;16.886;16.54
