VERTEX_COUNT 40
PATH_COUNT 1
BUDGET 540
<------------ VERTICES ------------>
0;START;41.374834;2.170055;0.0;0.0
1;Museu Nacional d’Art de Catalunya;41.36882;2.153347;45.0;100.0
2;Basilica of the Sagrada Família;41.403568;2.174435;45.0;97.99
3;Galeria d’Art Mar Grup Escolà;41.392349;2.167836;45.0;86.93
4;Museu d’Història de Catalunya - MHC;41.380852;2.185799;45.0;82.73
5;Lorena Ruiz de Villa;41.397858;2.146705;45.0;81.37
6;Museu Picasso;41.385181;2.180863;45.0;80.06
7;Imaginart Gallery;41.393822;2.164627;45.0;79.65
8;Barcelona;41.389034;2.16137;45.0;78.37
9;Palau Güell;41.378864;2.174117;45.0;76.04
10;Atelier;41.407719;2.158233;45.0;75.54
11;Anella Olímpica(Olympic Park);41.364778;2.152575;45.0;75.29
12;Parc de la Ciutadella;41.389248;2.186548;45.0;74.54
13;Museu Frederic Marès;41.384178;2.176819;45.0;72.59
14;Avinguda d’Icària;41.391556;2.197416;45.0;72.56
15;Arts Santa Mònica;41.37722;2.176012;45.0;72.41
16;Contrast;41.387928;2.161469;45.0;72.1
17;Basilica of Sants Just i Pastor;41.382812;2.178195;45.0;72.04
18;La Pedrera (Casa Milà);41.395271;2.161785;45.0;71.76
19;Poble Espanyol;41.368679;2.147031;45.0;70.91
20;Despair;41.387653;2.188076;45.0;70.38
21;Passeig de Gràcia;41.390739;2.166672;45.0;69.36
22;Carles Taché;41.389851;2.164213;45.0;69.2
23;Piramidon Centre d’Art Contemporani;41.422626;2.209764;45.0;68.86
24;Antic Hospital de la Santa Creu;41.380573;2.170374;45.0;68.65
25;Galeria Mayoral;41.389542;2.163808;45.0;68.65
26;Montjuïc Castle;41.363823;2.167096;45.0;67.44
27;Museu Palmero;41.424667;2.139856;45.0;66.4
28;Plaça del Rei;41.384144;2.177409;45.0;62.77
29;Monument to Doctor Robert;41.394924;2.175599;45.0;62.15
30;Plaça de Catalunya;41.387005;2.17003;45.0;61.62
31;La Colmena;41.383835;2.178294;45.0;61.46
32;Casa Martí, Els Quatre Gats ;41.385775;2.173671;45.0;61.01
33;A. Cortina;41.391098;2.161385;45.0;58.16
34;Museu d’Història de Barcelona;41.384144;2.177409;45.0;58.16
35;90th Jean Bouin;41.373077;2.150465;45.0;58.04
36;Galeria Ferran Cano;41.375816;2.177766;45.0;57.89
37;Rambla del Raval;41.378681;2.169317;45.0;57.42
38;Galeria Miquel Alzueta;41.397125;2.156751;45.0;57.31
39;FINISH;41.374834;2.170055;0.0;0.0
<------------- EDGES -------------->
0;0;1;23.796;16.72
1;0;1;27.403;8.12
2;0;1;28.763;22.49
3;0;2;49.491;1.39
4;0;2;58.222;22.79
5;0;2;56.558;2.55
6;0;3;30.107;9.01
7;0;3;32.577;1.9
8;0;4;22.688;6.79
9;0;4;18.664;9.67
10;0;4;17.254;5.14
11;0;5;49.508;3.84
12;0;6;22.496;20.17
13;0;6;18.935;11.34
14;0;6;26.198;8.39
15;0;7;33.232;5.94
16;0;8;26.736;0.98
17;0;9;8.647;24.41
18;0;9;10.051;16.89
19;0;9;7.763;17.66
20;0;10;58.284;11.29
21;0;11;28.285;7.05
22;0;12;32.509;18.97
23;0;13;18.196;8.98
24;0;13;22.356;22.37
25;0;14;45.309;1.47
26;0;14;52.012;13.8
27;0;15;8.671;23.89
28;0;16;24.972;12.0
29;0;16;26.563;23.44
30;0;17;17.194;10.28
31;0;17;19.185;13.14
32;0;18;36.549;21.77
33;0;19;31.387;11.19
34;0;19;32.939;17.58
35;0;19;30.095;23.44
36;0;20;31.884;2.11
37;0;21;27.562;17.61
38;0;21;24.852;3.6
39;0;22;26.77;1.62
40;0;22;24.919;17.75
41;0;22;32.005;2.6
42;0;23;96.367;24.15
43;0;23;119.772;15.62
44;0;23;88.904;9.86
45;0;24;9.829;12.19
46;0;25;26.416;19.39
47;0;25;23.147;2.73
48;0;26;19.222;10.18
49;0;26;19.649;3.51
50;0;26;24.018;0.67
51;0;27;93.673;12.19
52;0;27;103.535;23.62
53;0;28;18.52;2.5
54;0;28;16.52;23.89
55;0;29;35.108;18.5
56;0;29;27.771;10.54
57;0;29;30.459;12.76
58;0;30;20.827;23.87
59;0;30;18.054;21.64
60;0;31;18.686;23.96
61;0;31;16.791;20.7
62;0;31;21.25;6.72
63;0;32;19.29;17.79
64;0;32;16.905;17.15
65;0;32;22.688;8.9
66;0;33;29.975;7.98
67;0;33;23.343;1.23
68;0;33;34.032;3.5
69;0;34;18.52;10.18
70;0;34;21.71;1.96
71;0;34;21.456;14.8
72;0;35;25.336;14.3
73;0;36;10.043;2.94
74;0;36;10.328;21.78
75;0;37;6.651;16.93
76;0;37;5.335;13.19
77;0;38;41.795;4.58
78;0;39;0.0;7.3
79;1;2;65.336;12.5
80;1;3;44.354;4.21
81;1;4;46.481;11.86
82;1;5;50.417;9.71
83;1;5;41.423;11.26
84;1;5;62.681;3.9
85;1;6;45.08;17.98
86;1;6;47.913;9.06
87;1;7;45.169;21.78
88;1;7;49.114;12.09
89;1;8;36.092;4.93
90;1;9;31.73;7.66
91;1;10;66.86;17.22
92;1;10;59.611;8.69
93;1;11;6.988;15.33
94;1;11;8.439;19.06
95;1;11;6.809;8.92
96;1;12;55.131;12.2
97;1;12;51.33;20.01
98;1;12;65.556;10.99
99;1;13;39.989;17.29
100;1;13;36.411;21.45
101;1;13;30.3;23.85
102;1;14;68.67;2.4
103;1;14;85.596;0.33
104;1;14;76.747;1.72
105;1;15;32.461;15.3
106;1;15;33.966;20.22
107;1;15;28.535;24.24
108;1;16;34.321;4.54
109;1;16;26.027;12.53
110;1;16;33.546;16.83
111;1;17;39.892;16.97
112;1;17;36.197;4.81
113;1;18;46.542;18.19
114;1;19;8.115;17.84
115;1;20;55.02;9.94
116;1;20;61.54;24.73
117;1;21;41.226;13.98
118;1;21;46.03;9.88
119;1;22;38.599;17.15
120;1;23;117.144;2.53
121;1;23;135.036;0.5
122;1;23;133.172;1.32
123;1;24;29.708;20.63
124;1;24;27.141;23.97
125;1;25;37.919;16.14
126;1;25;34.211;0.72
127;1;26;19.619;4.09
128;1;26;15.674;24.14
129;1;27;97.123;14.62
130;1;27;120.689;19.51
131;1;28;40.525;24.06
132;1;29;53.025;5.35
133;1;29;55.332;19.66
134;1;29;61.873;24.62
135;1;30;37.779;22.85
136;1;30;46.999;11.8
137;1;30;39.026;1.64
138;1;31;41.065;24.17
139;1;31;48.472;4.12
140;1;31;36.008;16.91
141;1;32;39.024;17.86
142;1;32;35.869;18.59
143;1;33;39.495;21.3
144;1;33;38.916;16.59
145;1;34;40.525;8.55
146;1;35;8.171;19.08
147;1;36;33.565;1.85
148;1;37;26.558;21.04
149;1;37;32.289;15.4
150;1;38;48.633;24.32
151;1;39;23.796;4.51
152;1;39;26.192;7.86
153;2;3;20.984;9.22
154;2;3;16.17;12.79
155;2;4;41.52;21.4
156;2;4;46.308;8.84
157;2;4;36.99;7.22
158;2;5;36.911;7.24
159;2;6;32.528;20.43
160;2;7;20.896;3.0
161;2;7;17.066;10.11
162;2;8;29.997;11.19
163;2;8;27.5;16.44
164;2;9;42.276;12.1
165;2;9;33.653;24.57
166;2;9;42.601;6.59
167;2;10;21.975;4.32
168;2;10;22.01;11.75
169;2;11;72.069;14.81
170;2;11;85.241;19.95
171;2;12;29.022;11.59
172;2;13;33.322;10.17
173;2;13;38.059;23.75
174;2;14;35.955;11.54
175;2;14;41.551;0.39
176;2;14;35.306;8.62
177;2;15;45.133;4.96
178;2;16;31.517;16.87
179;2;16;30.039;0.86
180;2;17;35.845;13.92
181;2;17;40.287;5.52
182;2;17;27.699;4.81
183;2;18;21.57;16.06
184;2;18;22.275;13.96
185;2;19;69.299;22.86
186;2;19;67.069;15.5
187;2;19;67.959;6.37
188;2;20;32.378;24.49
189;2;20;34.945;19.27
190;2;20;25.099;0.93
191;2;21;24.109;12.28
192;2;21;22.563;5.77
193;2;21;21.17;24.56
194;2;22;26.892;11.88
195;2;22;32.589;1.2
196;2;22;32.558;1.14
197;2;23;55.85;13.41
198;2;23;60.812;13.03
199;2;24;39.694;21.61
200;2;24;46.383;6.77
201;2;25;27.608;18.87
202;2;25;23.554;6.0
203;2;25;29.216;7.04
204;2;26;68.662;0.27
205;2;27;57.209;1.15
206;2;28;33.457;17.62
207;2;29;14.867;0.27
208;2;29;18.416;7.53
209;2;29;18.059;23.9
210;2;30;28.902;9.61
211;2;30;36.011;7.29
212;2;31;34.129;3.87
213;2;32;30.463;22.43
214;2;33;27.129;10.37
215;2;34;33.457;20.13
216;2;34;34.353;6.7
217;2;34;31.422;8.23
218;2;35;60.577;24.01
219;2;35;64.061;3.63
220;2;35;67.881;10.85
221;2;36;47.682;6.15
222;2;37;43.091;20.04
223;2;37;43.187;23.79
224;2;37;32.769;9.12
225;2;38;25.235;0.75
226;2;39;49.491;1.79
227;2;39;44.519;0.5
228;3;4;30.314;24.04
229;3;5;28.717;11.96
230;3;5;27.042;16.49
231;3;5;26.117;6.09
232;3;6;20.74;5.16
233;3;6;24.448;12.3
234;3;7;4.83;20.01
235;3;8;10.054;15.97
236;3;9;24.444;3.49
237;3;10;29.047;13.97
238;3;11;51.088;0.35
239;3;12;24.601;22.72
240;3;12;25.125;19.43
241;3;12;27.826;10.72
242;3;13;18.125;22.09
243;3;13;21.255;20.95
244;3;13;20.349;9.41
245;3;14;37.998;16.79
246;3;14;39.552;12.71
247;3;14;39.457;21.6
248;3;15;27.936;7.94
249;3;15;22.798;11.58
250;3;16;11.138;19.2
251;3;16;9.438;10.0
252;3;16;10.918;15.38
253;3;17;21.053;21.59
254;3;18;9.238;23.9
255;3;18;7.736;1.37
256;3;19;48.521;13.54
257;3;19;56.1;17.29
258;3;19;42.778;6.48
259;3;20;27.199;9.3
260;3;20;27.05;13.67
261;3;21;3.134;6.37
262;3;21;2.881;10.41
263;3;22;6.317;1.26
264;3;23;74.701;24.51
265;3;23;58.045;13.64
266;3;23;92.249;7.03
267;3;24;20.413;19.66
268;3;24;18.555;14.19
269;3;24;15.359;5.83
270;3;25;7.058;20.9
271;3;25;6.474;20.64
272;3;25;6.436;16.46
273;3;26;48.824;1.5
274;3;27;65.94;15.16
275;3;28;18.66;14.81
276;3;28;14.492;24.79
277;3;28;14.352;14.45
278;3;29;10.896;13.48
279;3;29;10.3;13.15
280;3;29;12.171;17.86
281;3;30;9.569;1.8
282;3;30;8.128;4.59
283;3;30;8.118;15.03
284;3;31;19.813;14.92
285;3;31;19.57;8.38
286;3;32;13.515;19.37
287;3;33;8.554;5.49
288;3;34;18.66;15.77
289;3;34;18.038;0.98
290;3;34;22.463;3.48
291;3;35;39.813;22.1
292;3;35;41.901;24.85
293;3;36;31.032;4.76
294;3;36;36.189;12.75
295;3;37;23.466;10.23
296;3;38;16.41;22.11
297;3;39;30.107;3.86
298;3;39;31.9;15.23
299;4;5;58.016;11.04
300;4;6;9.749;23.0
301;4;7;35.092;20.67
302;4;8;34.348;17.62
303;4;9;15.381;2.9
304;4;10;58.017;15.73
305;4;10;48.754;3.53
306;4;10;55.416;13.51
307;4;11;50.763;22.48
308;4;12;14.4;21.52
309;4;12;17.928;1.54
310;4;13;12.858;7.71
311;4;13;10.101;4.65
312;4;13;12.318;20.2
313;4;14;23.621;13.81
314;4;15;14.02;9.04
315;4;15;14.617;1.8
316;4;16;33.502;22.5
317;4;16;41.649;2.33
318;4;16;31.878;7.09
319;4;17;10.323;4.84
320;4;17;12.291;20.02
321;4;17;11.221;21.87
322;4;18;39.488;20.99
323;4;19;53.965;24.88
324;4;19;41.489;17.02
325;4;20;12.0;17.75
326;4;20;9.862;18.75
327;4;21;29.821;17.15
328;4;21;25.925;19.29
329;4;21;27.166;6.96
330;4;22;31.705;11.18
331;4;22;31.537;18.53
332;4;23;77.822;6.75
333;4;23;70.099;10.53
334;4;24;19.811;2.32
335;4;25;31.911;2.26
336;4;25;29.361;6.45
337;4;25;25.726;24.65
338;4;26;37.763;5.1
339;4;27;95.389;1.76
340;4;27;109.803;1.42
341;4;28;12.156;22.65
342;4;29;27.411;12.1
343;4;29;31.516;16.74
344;4;29;21.366;9.4
345;4;30;22.821;19.38
346;4;31;10.905;17.59
347;4;31;13.276;10.35
348;4;31;11.203;20.49
349;4;32;17.705;10.7
350;4;33;35.915;11.56
351;4;33;38.999;1.56
352;4;33;28.011;0.51
353;4;34;12.156;23.96
354;4;34;12.324;7.16
355;4;34;13.014;15.11
356;4;35;47.282;2.47
357;4;35;35.65;9.56
358;4;36;13.441;8.6
359;4;36;11.718;11.75
360;4;37;21.487;11.1
361;4;37;24.91;2.09
362;4;37;26.652;14.53
363;4;38;46.542;0.63
364;4;38;39.126;24.75
365;4;38;37.932;13.0
366;4;39;22.688;24.3
367;4;39;17.435;24.27
368;5;6;48.924;16.99
369;5;6;57.555;10.6
370;5;7;24.021;15.17
371;5;8;24.134;18.86
372;5;8;23.45;22.75
373;5;8;25.816;20.48
374;5;9;47.906;14.84
375;5;10;22.443;4.56
376;5;10;24.02;11.66
377;5;11;57.108;17.35
378;5;12;53.228;8.0
379;5;13;45.195;20.86
380;5;14;65.986;21.87
381;5;14;80.791;15.94
382;5;14;50.833;24.86
383;5;15;51.604;23.33
384;5;15;53.638;21.57
385;5;16;25.455;14.18
386;5;16;30.473;10.57
387;5;16;29.778;13.15
388;5;17;47.93;10.15
389;5;17;38.915;7.6
390;5;18;19.858;23.23
391;5;19;49.934;5.68
392;5;20;55.908;12.09
393;5;21;28.38;4.2
394;5;22;26.323;4.22
395;5;22;27.236;7.99
396;5;22;22.059;10.37
397;5;23;91.357;15.95
398;5;23;94.185;21.38
399;5;24;42.406;19.2
400;5;24;39.065;9.68
401;5;24;52.186;1.03
402;5;25;26.164;14.05
403;5;26;63.856;15.57
404;5;26;75.29;14.25
405;5;26;65.643;21.62
406;5;27;46.711;24.61
407;5;28;45.875;8.06
408;5;29;37.429;0.56
409;5;29;35.088;1.07
410;5;29;36.079;7.36
411;5;30;35.236;6.36
412;5;30;37.15;16.95
413;5;30;26.732;18.49
414;5;31;47.122;21.5
415;5;32;40.323;10.36
416;5;32;33.36;21.16
417;5;33;22.112;5.82
418;5;33;20.474;13.83
419;5;34;45.875;3.31
420;5;34;45.999;22.55
421;5;35;42.68;16.92
422;5;35;52.046;20.97
423;5;36;54.891;11.42
424;5;37;43.814;5.85
425;5;38;12.957;0.73
426;5;38;13.538;6.55
427;5;39;49.508;11.69
428;5;39;52.726;14.47
429;6;7;25.556;20.75
430;6;7;30.745;5.95
431;6;8;25.88;15.87
432;6;8;32.298;18.91
433;6;8;25.149;7.55
434;6;9;13.852;24.35
435;6;9;14.94;15.86
436;6;10;48.284;2.38
437;6;11;50.384;15.91
438;6;11;42.098;6.02
439;6;11;43.269;22.47
440;6;12;10.085;2.46
441;6;12;7.682;0.67
442;6;12;9.452;23.52
443;6;13;5.468;12.6
444;6;13;4.893;3.43
445;6;13;6.771;12.7
446;6;14;23.888;24.82
447;6;14;29.813;16.19
448;6;14;18.221;24.3
449;6;15;14.979;1.39
450;6;15;13.216;13.5
451;6;15;14.236;1.11
452;6;16;25.339;6.6
453;6;17;5.307;8.71
454;6;17;5.988;19.08
455;6;18;29.967;20.13
456;6;19;51.814;13.94
457;6;19;46.559;10.16
458;6;19;46.782;6.99
459;6;20;10.181;14.33
460;6;20;9.615;7.76
461;6;20;8.464;5.31
462;6;21;20.552;8.14
463;6;22;22.821;21.37
464;6;23;74.04;7.11
465;6;23;80.314;3.18
466;6;23;70.529;3.09
467;6;24;15.606;2.22
468;6;25;23.133;10.86
469;6;25;19.135;20.16
470;6;26;40.599;16.43
471;6;26;31.293;13.14
472;6;26;47.704;24.62
473;6;27;85.65;6.06
474;6;28;4.777;18.88
475;6;29;17.99;0.16
476;6;30;14.254;6.86
477;6;30;12.3;14.57
478;6;31;4.023;9.98
479;6;31;4.337;19.54
480;6;32;9.29;18.55
481;6;32;11.115;20.78
482;6;33;26.979;4.86
483;6;33;31.023;13.55
484;6;34;4.777;22.61
485;6;34;4.575;8.65
486;6;34;5.177;19.19
487;6;35;44.188;6.39
488;6;35;55.027;9.66
489;6;35;37.514;19.2
490;6;36;16.512;9.61
491;6;37;18.534;7.27
492;6;38;37.094;22.6
493;6;38;43.607;6.47
494;6;38;38.736;10.42
495;6;39;22.496;22.83
496;7;8;9.199;10.12
497;7;9;28.348;16.05
498;7;9;26.847;17.64
499;7;10;25.157;8.37
500;7;11;52.055;1.96
501;7;11;62.046;3.67
502;7;11;43.332;11.98
503;7;12;29.21;9.46
504;7;12;36.194;13.11
505;7;13;22.745;19.71
506;7;13;25.688;11.8
507;7;14;42.271;12.95
508;7;14;43.353;10.83
509;7;15;31.95;16.71
510;7;15;34.796;12.82
511;7;16;10.87;7.72
512;7;16;12.277;11.59
513;7;16;10.378;10.7
514;7;17;25.659;21.25
515;7;18;4.411;20.54
516;7;18;5.432;6.58
517;7;18;4.99;15.98
518;7;19;48.597;6.37
519;7;19;38.172;8.7
520;7;20;31.901;4.23
521;7;20;37.587;11.09
522;7;21;5.893;6.87
523;7;21;4.587;15.34
524;7;22;6.816;17.99
525;7;22;5.229;4.14
526;7;23;76.063;10.94
527;7;24;23.842;5.13
528;7;25;7.399;11.25
529;7;25;8.182;4.11
530;7;25;8.244;16.75
531;7;26;51.433;11.37
532;7;26;48.155;23.67
533;7;26;58.497;10.55
534;7;27;61.618;11.83
535;7;27;49.481;11.57
536;7;27;74.478;5.52
537;7;28;23.314;1.26
538;7;28;22.8;11.74
539;7;29;14.211;9.81
540;7;30;13.572;20.31
541;7;30;14.823;21.46
542;7;30;14.608;12.11
543;7;31;24.494;10.13
544;7;31;19.513;17.55
545;7;32;18.012;9.37
546;7;32;14.918;17.76
547;7;33;6.249;11.87
548;7;33;6.294;13.16
549;7;33;6.636;21.34
550;7;34;23.314;0.44
551;7;34;23.23;23.71
552;7;35;39.886;1.82
553;7;36;35.128;7.19
554;7;37;26.6;18.47
555;7;38;11.583;12.67
556;7;38;10.802;8.54
557;7;38;9.913;14.01
558;7;39;33.232;4.4
559;7;39;29.976;2.78
560;7;39;33.364;15.04
561;8;9;23.89;22.29
562;8;10;32.227;15.47
563;8;10;34.965;16.09
564;8;11;43.017;24.24
565;8;12;32.326;13.01
566;8;13;21.505;21.65
567;8;13;25.077;15.65
568;8;13;17.202;15.29
569;8;14;46.477;13.65
570;8;14;41.685;16.41
571;8;15;27.607;7.47
572;8;16;1.897;13.89
573;8;16;1.992;1.41
574;8;17;24.083;13.21
575;8;18;10.686;17.95
576;8;18;11.641;6.58
577;8;18;11.768;14.86
578;8;19;39.399;18.5
579;8;20;34.368;8.07
580;8;21;7.406;19.72
581;8;22;3.909;11.47
582;8;22;3.967;0.49
583;8;23;84.631;6.89
584;8;23;101.597;9.2
585;8;23;78.706;1.32
586;8;24;18.528;23.65
587;8;24;15.635;12.0
588;8;24;13.937;23.29
589;8;25;3.248;3.42
590;8;25;3.572;16.22
591;8;26;43.764;22.69
592;8;26;33.914;8.61
593;8;27;66.937;22.21
594;8;27;60.044;8.89
595;8;27;51.342;1.31
596;8;28;22.227;2.53
597;8;28;23.052;13.75
598;8;28;18.459;14.91
599;8;29;20.863;7.91
600;8;30;11.648;17.44
601;8;31;23.479;13.73
602;8;31;18.999;10.29
603;8;32;16.748;21.81
604;8;33;3.532;13.71
605;8;33;3.815;2.68
606;8;34;22.227;20.84
607;8;34;18.01;11.3
608;8;35;30.687;13.03
609;8;36;30.9;16.62
610;8;37;20.445;16.68
611;8;38;15.062;22.64
612;8;38;11.595;5.89
613;8;38;16.184;6.38
614;8;39;26.736;16.09
615;8;39;32.18;13.06
616;8;39;31.225;19.71
617;9;10;53.422;2.91
618;9;10;65.599;13.75
619;9;11;36.692;12.8
620;9;11;39.156;6.41
621;9;11;40.741;12.92
622;9;12;23.885;9.54
623;9;13;9.733;9.6
624;9;14;36.967;19.54
625;9;14;35.072;11.37
626;9;14;37.664;2.47
627;9;15;3.72;3.26
628;9;16;22.456;18.47
629;9;16;19.5;24.42
630;9;17;8.547;14.79
631;9;17;10.106;0.83
632;9;17;10.472;4.2
633;9;18;32.233;20.11
634;9;18;26.168;1.07
635;9;19;38.904;24.99
636;9;20;23.397;24.21
637;9;20;22.79;11.57
638;9;21;22.457;18.83
639;9;21;18.288;20.52
640;9;22;22.698;9.29
641;9;22;17.394;14.4
642;9;23;87.759;13.89
643;9;23;83.176;23.36
644;9;23;102.45;8.49
645;9;24;5.626;12.26
646;9;24;4.248;19.08
647;9;25;22.563;5.73
648;9;26;27.272;20.48
649;9;26;27.157;12.32
650;9;27;89.874;20.38
651;9;27;103.583;1.27
652;9;28;9.975;8.49
653;9;29;27.548;19.82
654;9;29;21.134;17.47
655;9;29;31.476;11.1
656;9;30;14.887;23.73
657;9;30;11.764;17.78
658;9;31;10.056;1.43
659;9;32;11.84;21.42
660;9;32;11.394;3.86
661;9;32;13.389;24.74
662;9;33;26.561;21.81
663;9;34;9.975;12.21
664;9;34;11.738;13.34
665;9;35;31.945;17.0
666;9;36;7.011;1.86
667;9;36;7.771;0.52
668;9;37;6.171;0.04
669;9;38;38.387;22.28
670;9;38;40.432;22.38
671;9;38;32.234;13.75
672;9;39;8.647;2.22
673;10;11;73.841;16.96
674;10;11;67.195;3.17
675;10;12;48.168;11.7
676;10;12;43.288;14.73
677;10;13;46.819;9.82
678;10;13;48.932;4.09
679;10;13;49.187;3.86
680;10;14;57.399;17.63
681;10;15;56.963;17.91
682;10;16;34.121;6.5
683;10;16;30.147;20.86
684;10;16;39.831;17.3
685;10;17;49.732;19.08
686;10;17;52.446;16.2
687;10;17;55.47;15.42
688;10;18;21.784;6.27
689;10;18;24.38;11.1
690;10;19;68.337;5.75
691;10;19;53.949;2.91
692;10;20;51.445;8.11
693;10;20;51.163;19.12
694;10;21;31.01;10.47
695;10;21;35.363;13.94
696;10;21;33.033;13.87
697;10;22;31.525;6.47
698;10;23;70.88;15.67
699;10;24;48.998;15.5
700;10;24;43.784;19.84
701;10;25;31.918;4.35
702;10;25;37.343;22.69
703;10;25;39.418;24.42
704;10;26;75.973;20.86
705;10;27;37.38;3.3
706;10;28;47.259;14.24
707;10;29;31.245;6.28
708;10;30;38.546;14.25
709;10;30;30.687;5.44
710;10;30;34.284;4.1
711;10;31;48.307;5.29
712;10;31;42.821;20.99
713;10;31;42.562;8.46
714;10;32;42.459;20.59
715;10;33;28.729;4.52
716;10;33;28.939;23.91
717;10;34;47.259;2.87
718;10;34;37.446;18.97
719;10;35;60.114;13.56
720;10;35;56.85;9.1
721;10;35;45.632;24.75
722;10;36;60.077;10.38
723;10;36;47.468;0.5
724;10;36;60.023;5.29
725;10;37;51.688;0.22
726;10;37;53.577;7.49
727;10;38;18.228;1.1
728;10;39;58.284;9.3
729;11;12;60.469;9.29
730;11;12;62.626;20.29
731;11;12;65.786;13.64
732;11;13;45.512;19.12
733;11;13;55.199;15.67
734;11;14;73.587;12.07
735;11;15;36.867;11.34
736;11;16;41.229;10.59
737;11;16;31.353;23.14
738;11;16;46.848;3.47
739;11;17;45.108;14.48
740;11;18;53.504;13.59
741;11;18;63.379;3.54
742;11;19;9.76;6.31
743;11;19;9.489;13.28
744;11;19;9.353;22.46
745;11;20;60.087;24.37
746;11;20;50.03;15.16
747;11;20;60.24;10.34
748;11;21;47.972;0.7
749;11;21;59.045;0.54
750;11;22;45.434;8.37
751;11;22;47.185;11.69
752;11;23;123.244;12.35
753;11;23;132.428;3.2
754;11;24;35.398;14.2
755;11;24;39.354;20.72
756;11;25;44.765;7.33
757;11;26;18.721;21.66
758;11;26;15.18;12.3
759;11;27;103.777;9.18
760;11;27;86.91;23.35
761;11;27;125.818;5.17
762;11;28;45.992;23.46
763;11;28;34.881;23.99
764;11;28;40.83;4.13
765;11;29;59.458;0.78
766;11;30;44.149;5.56
767;11;30;54.154;20.36
768;11;31;46.414;2.37
769;11;31;47.756;13.07
770;11;31;39.572;24.22
771;11;32;44.999;2.41
772;11;32;35.638;17.13
773;11;33;46.439;11.93
774;11;33;41.234;5.69
775;11;33;47.79;21.25
776;11;34;45.992;17.78
777;11;34;38.701;4.82
778;11;35;14.458;19.88
779;11;35;11.77;2.85
780;11;36;37.461;7.53
781;11;37;32.067;8.62
782;11;37;24.192;5.41
783;11;38;55.613;23.62
784;11;39;28.285;10.43
785;11;39;22.249;4.14
786;11;39;33.25;9.29
787;12;13;15.208;8.57
788;12;14;14.501;24.25
789;12;14;11.412;19.2
790;12;14;11.843;21.53
791;12;15;24.63;3.76
792;12;16;32.276;21.69
793;12;17;15.372;20.11
794;12;18;33.419;18.83
795;12;19;61.754;18.36
796;12;19;63.713;4.06
797;12;20;3.361;6.96
798;12;20;3.681;5.65
799;12;21;25.644;12.69
800;12;22;28.693;23.81
801;12;22;23.054;12.01
802;12;22;22.069;18.86
803;12;23;64.423;7.82
804;12;23;73.266;2.8
805;12;23;49.855;24.17
806;12;24;25.526;13.9
807;12;24;24.157;6.35
808;12;25;29.198;14.29
809;12;25;33.77;21.68
810;12;25;29.176;0.36
811;12;26;50.168;17.05
812;12;26;41.588;19.73
813;12;27;85.235;7.23
814;12;27;105.677;12.57
815;12;28;14.627;3.93
816;12;28;18.138;3.34
817;12;29;17.085;4.46
818;12;30;21.551;11.89
819;12;31;14.075;13.62
820;12;31;15.582;2.53
821;12;31;10.743;11.08
822;12;32;17.568;5.01
823;12;32;15.473;8.65
824;12;32;21.571;6.01
825;12;33;32.459;5.88
826;12;33;37.398;15.52
827;12;33;30.583;11.66
828;12;34;14.627;7.79
829;12;34;13.121;6.93
830;12;35;53.966;14.88
831;12;35;56.542;3.64
832;12;36;25.602;4.96
833;12;36;27.187;23.24
834;12;37;28.573;21.05
835;12;37;34.367;22.62
836;12;37;29.234;8.48
837;12;38;40.557;21.4
838;12;38;39.44;11.56
839;12;39;32.509;6.54
840;12;39;36.405;4.97
841;13;14;29.303;22.1
842;13;14;23.51;2.56
843;13;14;22.396;22.73
844;13;15;11.952;0.59
845;13;16;20.726;4.01
846;13;16;23.418;1.93
847;13;16;20.169;15.92
848;13;17;2.93;16.43
849;13;17;3.516;8.94
850;13;18;27.071;15.9
851;13;18;24.781;11.99
852;13;19;46.546;17.39
853;13;19;51.82;5.9
854;13;19;50.087;2.2
855;13;20;15.628;0.53
856;13;21;17.198;21.65
857;13;21;16.122;23.33
858;13;22;18.873;0.11
859;13;22;14.78;10.67
860;13;22;19.231;4.77
861;13;23;78.211;18.14
862;13;24;10.322;11.24
863;13;25;19.06;19.05
864;13;25;18.954;13.33
865;13;26;37.002;13.57
866;13;26;29.573;3.03
867;13;26;43.613;1.24
868;13;27;83.972;9.49
869;13;28;0.76;7.83
870;13;29;18.455;17.63
871;13;30;9.969;16.66
872;13;31;1.983;3.39
873;13;31;2.208;5.09
874;13;31;1.806;8.26
875;13;32;4.879;6.29
876;13;32;3.697;8.15
877;13;32;4.512;20.24
878;13;33;23.084;24.47
879;13;34;0.76;19.94
880;13;34;0.944;14.72
881;13;34;0.846;1.29
882;13;35;38.807;13.69
883;13;35;31.742;16.29
884;13;36;14.361;15.17
885;13;36;13.537;23.11
886;13;37;13.464;8.96
887;13;37;13.795;1.01
888;13;38;33.979;20.45
889;13;38;29.516;17.59
890;13;39;18.196;4.09
891;13;39;15.334;17.46
892;13;39;17.874;22.38
893;14;15;36.838;7.95
894;14;16;46.565;5.07
895;14;16;52.018;11.17
896;14;16;35.139;21.16
897;14;17;28.859;23.93
898;14;17;22.304;13.93
899;14;17;28.741;16.01
900;14;18;46.181;10.73
901;14;18;50.951;13.28
902;14;19;75.617;14.15
903;14;19;62.062;17.9
904;14;20;13.725;24.98
905;14;20;12.761;20.16
906;14;21;39.493;20.32
907;14;22;42.726;24.88
908;14;22;44.188;3.9
909;14;22;34.647;16.44
910;14;23;55.48;5.46
911;14;23;61.572;1.54
912;14;23;48.997;12.14
913;14;24;39.479;11.23
914;14;24;48.998;4.91
915;14;25;43.283;1.05
916;14;26;61.384;10.85
917;14;27;93.102;8.6
918;14;27;71.159;16.79
919;14;28;28.647;12.88
920;14;28;29.19;15.72
921;14;29;28.594;0.68
922;14;29;25.445;20.43
923;14;30;36.011;24.5
924;14;31;27.879;19.32
925;14;32;32.05;17.05
926;14;32;24.885;24.86
927;14;33;46.263;2.43
928;14;33;40.303;6.74
929;14;34;28.647;9.58
930;14;35;68.074;4.73
931;14;36;36.905;14.38
932;14;36;44.008;0.21
933;14;37;42.272;6.33
934;14;37;46.282;16.24
935;14;38;53.065;13.0
936;14;39;45.309;3.91
937;15;16;26.162;4.97
938;15;17;9.971;11.42
939;15;17;8.253;2.49
940;15;18;35.886;20.76
941;15;18;33.629;22.31
942;15;18;39.958;3.91
943;15;19;39.983;9.9
944;15;19;33.979;22.84
945;15;19;34.024;8.28
946;15;20;23.636;16.06
947;15;20;22.654;4.83
948;15;21;26.057;11.79
949;15;21;21.673;14.23
950;15;22;26.395;7.93
951;15;23;88.962;14.66
952;15;23;92.251;13.94
953;15;23;81.104;15.31
954;15;24;9.237;1.91
955;15;24;7.489;13.48
956;15;24;7.086;2.81
957;15;25;26.27;1.5
958;15;25;24.283;14.35
959;15;25;21.358;14.09
960;15;26;25.626;0.52
961;15;26;23.955;22.21
962;15;27;93.521;9.14
963;15;27;77.954;1.56
964;15;27;86.276;22.18
965;15;28;11.984;16.64
966;15;29;30.3;9.06
967;15;30;18.422;0.74
968;15;30;16.191;24.77
969;15;30;15.287;13.85
970;15;31;11.693;18.41
971;15;31;13.039;23.02
972;15;32;14.945;20.32
973;15;33;30.277;13.9
974;15;33;25.679;19.1
975;15;33;29.68;10.28
976;15;34;11.984;22.76
977;15;34;11.914;9.74
978;15;34;9.14;23.69
979;15;35;33.563;2.18
980;15;35;31.169;12.7
981;15;36;3.293;7.85
982;15;36;3.271;23.13
983;15;37;8.953;9.05
984;15;38;42.092;19.71
985;15;38;37.92;11.1
986;15;39;8.671;20.94
987;15;39;7.226;17.85
988;15;39;6.674;9.94
989;16;17;23.19;19.48
990;16;18;12.572;13.38
991;16;18;14.164;21.13
992;16;19;37.798;3.2
993;16;20;34.163;9.9
994;16;21;8.231;11.08
995;16;21;8.131;15.75
996;16;22;4.821;6.21
997;16;22;5.04;20.26
998;16;22;5.189;1.22
999;16;23;85.837;9.46
1000;16;23;78.782;11.07
1001;16;23;97.014;5.53
1002;16;24;17.004;0.52
1003;16;25;4.08;16.59
1004;16;25;3.32;2.61
1005;16;25;3.834;6.29
1006;16;26;41.877;9.48
1007;16;26;45.579;14.42
1008;16;27;68.717;10.18
1009;16;27;81.539;10.01
1010;16;28;21.465;3.8
1011;16;29;21.734;14.38
1012;16;29;23.698;17.34
1013;16;30;11.104;20.51
1014;16;30;10.691;10.89
1015;16;31;22.709;4.55
1016;16;32;16.093;2.51
1017;16;33;5.426;11.19
1018;16;34;21.465;17.21
1019;16;34;20.974;17.83
1020;16;35;29.078;9.44
1021;16;35;26.026;2.85
1022;16;35;25.834;13.05
1023;16;36;29.452;23.96
1024;16;36;28.369;1.83
1025;16;37;18.76;14.04
1026;16;37;21.641;21.41
1027;16;38;16.863;9.98
1028;16;38;20.001;15.78
1029;16;39;24.972;16.76
1030;16;39;28.169;0.92
1031;16;39;19.045;4.81
1032;17;18;29.973;10.08
1033;17;18;31.136;13.33
1034;17;18;33.191;10.75
1035;17;19;46.758;16.0
1036;17;19;50.101;17.94
1037;17;20;15.151;20.81
1038;17;20;14.41;3.79
1039;17;20;18.754;20.09
1040;17;21;20.072;23.99
1041;17;22;21.618;21.94
1042;17;22;26.333;21.06
1043;17;23;79.27;10.06
1044;17;23;86.969;22.95
1045;17;24;10.748;5.77
1046;17;24;10.964;19.85
1047;17;24;8.387;17.92
1048;17;25;21.767;21.62
1049;17;25;24.114;2.02
1050;17;25;26.026;22.49
1051;17;26;35.483;5.16
1052;17;27;86.899;13.77
1053;17;27;108.598;15.74
1054;17;27;73.54;14.78
1055;17;28;2.493;5.93
1056;17;28;1.988;4.63
1057;17;28;2.027;20.0
1058;17;29;20.993;4.09
1059;17;29;20.677;15.28
1060;17;29;20.492;21.19
1061;17;30;12.704;19.47
1062;17;30;14.899;14.6
1063;17;30;14.848;16.88
1064;17;31;1.755;2.92
1065;17;32;7.711;14.48
1066;17;33;25.823;19.73
1067;17;34;2.493;2.53
1068;17;34;2.793;9.4
1069;17;35;39.311;13.65
1070;17;35;38.979;1.99
1071;17;36;11.984;11.58
1072;17;36;14.465;18.95
1073;17;36;13.407;3.95
1074;17;37;13.413;16.79
1075;17;38;36.848;23.8
1076;17;38;44.524;1.2
1077;17;38;35.521;16.62
1078;17;39;17.194;21.04
1079;17;39;16.344;6.58
1080;17;39;20.604;3.31
1081;18;19;49.291;16.26
1082;18;19;60.742;4.37
1083;18;20;36.182;23.19
1084;18;20;32.265;5.5
1085;18;20;39.993;18.54
1086;18;21;9.975;10.14
1087;18;21;9.729;7.1
1088;18;22;9.785;15.45
1089;18;22;10.917;2.08
1090;18;23;77.35;9.69
1091;18;24;27.463;13.03
1092;18;24;30.353;16.64
1093;18;25;10.142;0.22
1094;18;25;12.099;16.42
1095;18;25;9.311;5.84
1096;18;26;54.245;12.22
1097;18;27;57.641;4.86
1098;18;27;64.216;18.07
1099;18;28;27.657;9.99
1100;18;29;17.743;14.51
1101;18;29;14.083;9.61
1102;18;29;21.721;19.25
1103;18;30;17.667;21.89
1104;18;31;28.847;9.17
1105;18;32;22.291;1.95
1106;18;32;20.707;5.48
1107;18;32;17.73;7.82
1108;18;33;7.159;16.32
1109;18;34;27.657;3.28
1110;18;34;29.06;3.66
1111;18;34;24.7;22.37
1112;18;35;40.666;8.17
1113;18;36;39.107;15.91
1114;18;36;47.74;11.2
1115;18;36;46.872;13.29
1116;18;37;29.991;5.16
1117;18;38;7.199;3.98
1118;18;39;36.549;22.49
1119;18;39;44.467;2.52
1120;19;20;61.902;23.9
1121;19;20;75.831;18.24
1122;19;21;45.399;20.49
1123;19;22;42.419;4.13
1124;19;22;34.577;23.35
1125;19;22;41.667;22.04
1126;19;23;122.504;2.5
1127;19;24;36.232;2.96
1128;19;24;31.956;9.93
1129;19;25;41.697;21.59
1130;19;25;47.159;16.5
1131;19;26;27.076;1.31
1132;19;26;22.207;6.57
1133;19;26;28.696;21.83
1134;19;27;96.25;5.77
1135;19;27;109.525;19.47
1136;19;27;86.865;9.98
1137;19;28;47.138;5.4
1138;19;28;55.468;18.25
1139;19;28;37.186;1.03
1140;19;29;57.987;16.78
1141;19;29;44.12;11.31
1142;19;30;43.076;9.88
1143;19;31;47.793;5.93
1144;19;32;45.011;8.11
1145;19;33;42.562;5.37
1146;19;34;47.138;7.78
1147;19;34;49.916;1.09
1148;19;34;50.632;15.08
1149;19;35;8.722;23.19
1150;19;35;6.965;2.17
1151;19;35;7.912;24.86
1152;19;36;41.315;9.49
1153;19;36;46.519;21.86
1154;19;37;33.346;0.96
1155;19;37;40.402;10.88
1156;19;38;50.252;15.59
1157;19;38;47.126;14.35
1158;19;39;31.387;12.55
1159;20;21;27.982;16.15
1160;20;21;28.083;2.82
1161;20;22;30.866;14.64
1162;20;22;30.125;1.68
1163;20;22;33.618;21.55
1164;20;23;66.004;4.93
1165;20;23;81.727;19.62
1166;20;24;25.756;16.23
1167;20;24;23.052;13.19
1168;20;24;22.693;21.01
1169;20;25;31.323;4.17
1170;20;25;38.787;8.07
1171;20;26;48.874;18.85
1172;20;27;88.556;21.53
1173;20;27;83.49;1.83
1174;20;28;14.954;15.62
1175;20;29;20.283;5.95
1176;20;29;21.145;21.16
1177;20;30;23.195;14.59
1178;20;30;27.692;6.37
1179;20;31;14.157;14.49
1180;20;31;13.191;24.2
1181;20;32;18.772;23.51
1182;20;33;34.77;18.77
1183;20;33;34.425;23.92
1184;20;33;42.942;21.0
1185;20;34;14.954;8.62
1186;20;34;13.279;19.28
1187;20;35;54.354;24.71
1188;20;36;24.198;24.96
1189;20;36;28.509;12.48
1190;20;37;28.563;8.12
1191;20;37;24.541;14.2
1192;20;38;43.358;24.71
1193;20;39;31.884;4.01
1194;20;39;34.66;0.8
1195;21;22;3.504;24.03
1196;21;22;4.262;7.19
1197;21;22;3.29;23.68
1198;21;23;77.694;0.89
1199;21;23;86.224;24.34
1200;21;24;18.034;18.24
1201;21;24;19.061;13.57
1202;21;24;17.082;0.37
1203;21;25;4.209;22.87
1204;21;25;4.724;4.38
1205;21;26;46.063;18.47
1206;21;27;67.493;22.63
1207;21;27;82.358;0.56
1208;21;27;58.71;0.26
1209;21;28;17.815;5.08
1210;21;28;16.193;15.35
1211;21;28;20.349;6.72
1212;21;29;13.514;15.01
1213;21;30;7.708;10.98
1214;21;30;9.575;18.17
1215;21;31;19.032;24.7
1216;21;31;19.615;15.81
1217;21;32;12.365;4.28
1218;21;33;6.815;24.2
1219;21;33;6.191;10.0
1220;21;33;7.8;17.57
1221;21;34;17.815;9.17
1222;21;35;36.695;1.51
1223;21;36;29.241;19.39
1224;21;36;26.651;24.74
1225;21;37;20.912;23.72
1226;21;37;24.158;15.44
1227;21;37;25.747;20.76
1228;21;38;16.782;4.02
1229;21;38;16.993;7.37
1230;21;38;13.281;20.69
1231;21;39;27.562;16.25
1232;22;23;81.016;15.62
1233;22;23;98.891;18.81
1234;22;24;17.738;5.43
1235;22;24;19.077;8.94
1236;22;24;17.572;11.23
1237;22;25;0.742;7.34
1238;22;25;0.638;14.44
1239;22;25;0.839;13.39
1240;22;26;44.693;7.87
1241;22;26;53.773;8.19
1242;22;26;49.631;9.78
1243;22;27;67.282;18.86
1244;22;28;19.555;14.49
1245;22;29;17.0;15.78
1246;22;29;14.896;3.47
1247;22;30;8.916;23.59
1248;22;30;10.934;12.44
1249;22;31;20.804;0.15
1250;22;31;17.972;2.68
1251;22;32;14.003;24.3
1252;22;33;4.211;19.09
1253;22;33;4.864;0.66
1254;22;33;3.876;10.99
1255;22;34;19.555;18.1
1256;22;34;22.808;10.32
1257;22;34;23.55;6.4
1258;22;35;33.698;7.6
1259;22;35;28.392;18.89
1260;22;35;38.379;22.92
1261;22;36;29.659;24.98
1262;22;37;20.207;15.41
1263;22;37;21.231;21.45
1264;22;37;23.419;11.48
1265;22;38;15.707;10.96
1266;22;39;26.77;19.34
1267;23;24;87.948;11.96
1268;23;24;95.121;21.32
1269;23;25;81.758;20.0
1270;23;25;87.511;10.32
1271;23;26;114.568;22.78
1272;23;26;101.284;12.04
1273;23;26;111.519;2.83
1274;23;27;89.77;18.71
1275;23;27;111.332;3.13
1276;23;28;77.853;2.4
1277;23;29;64.575;13.18
1278;23;29;80.626;0.06
1279;23;30;79.476;10.34
1280;23;30;71.412;15.97
1281;23;31;77.704;9.15
1282;23;31;78.379;0.24
1283;23;32;78.248;16.0
1284;23;32;89.184;5.4
1285;23;33;82.258;10.11
1286;23;33;83.311;13.15
1287;23;33;69.052;0.46
1288;23;34;77.853;17.32
1289;23;35;113.946;22.91
1290;23;35;109.309;18.46
1291;23;36;90.019;14.79
1292;23;37;91.381;15.95
1293;23;37;88.135;2.96
1294;23;38;80.83;6.89
1295;23;38;97.842;23.93
1296;23;39;96.367;0.19
1297;24;25;17.511;21.72
1298;24;25;14.94;16.03
1299;24;25;13.842;15.59
1300;24;26;28.971;8.41
1301;24;26;24.804;13.19
1302;24;27;85.017;7.27
1303;24;27;76.212;24.86
1304;24;27;91.323;14.33
1305;24;28;10.906;24.77
1306;24;28;10.714;6.72
1307;24;29;25.458;10.46
1308;24;29;25.899;13.23
1309;24;29;31.505;8.5
1310;24;30;11.015;15.43
1311;24;30;9.255;5.07
1312;24;31;11.6;6.91
1313;24;32;9.857;0.92
1314;24;33;21.391;10.55
1315;24;34;10.906;7.48
1316;24;34;9.035;1.05
1317;24;34;11.712;4.42
1318;24;35;28.603;18.53
1319;24;36;12.504;5.45
1320;24;37;3.511;21.96
1321;24;38;33.289;2.73
1322;24;38;39.401;16.11
1323;24;39;9.829;8.16
1324;24;39;7.67;17.08
1325;24;39;9.064;9.47
1326;25;26;44.213;3.49
1327;25;27;67.512;0.68
1328;25;27;63.073;16.45
1329;25;28;19.755;11.02
1330;25;28;22.962;23.26
1331;25;29;17.719;24.09
1332;25;29;16.386;9.9
1333;25;30;9.092;7.08
1334;25;31;21.006;3.45
1335;25;31;21.324;3.76
1336;25;32;14.209;4.11
1337;25;32;12.48;23.12
1338;25;33;4.095;22.3
1339;25;33;3.425;6.64
1340;25;34;19.755;17.98
1341;25;34;24.346;8.02
1342;25;35;32.976;14.31
1343;25;36;29.545;21.24
1344;25;36;23.675;6.37
1345;25;37;19.886;14.79
1346;25;37;22.58;3.81
1347;25;37;23.966;12.78
1348;25;38;15.826;2.31
1349;25;39;26.416;15.34
1350;26;27;109.833;23.66
1351;26;27;115.425;18.38
1352;26;27;117.068;12.42
1353;26;28;37.21;15.58
1354;26;29;54.329;4.35
1355;26;29;54.249;7.77
1356;26;29;59.535;13.67
1357;26;30;39.848;1.52
1358;26;30;40.141;13.04
1359;26;30;49.476;0.81
1360;26;31;37.142;17.03
1361;26;31;43.776;3.77
1362;26;32;38.502;11.94
1363;26;32;38.049;6.88
1364;26;33;47.246;15.41
1365;26;33;53.023;19.0
1366;26;34;37.21;0.36
1367;26;34;41.761;8.3
1368;26;34;40.451;3.94
1369;26;35;26.588;19.79
1370;26;35;22.903;18.6
1371;26;36;24.677;14.63
1372;26;36;29.476;20.67
1373;26;36;20.696;12.4
1374;26;37;25.585;6.18
1375;26;37;24.613;5.44
1376;26;37;24.705;18.45
1377;26;38;58.515;14.6
1378;26;38;53.354;7.02
1379;26;38;63.277;14.8
1380;26;39;19.222;13.56
1381;26;39;16.329;11.55
1382;27;28;84.45;2.32
1383;27;29;68.519;9.56
1384;27;29;56.932;14.06
1385;27;30;75.189;11.1
1386;27;31;85.535;18.22
1387;27;31;79.396;10.44
1388;27;32;79.454;9.93
1389;27;33;63.744;5.19
1390;27;34;84.45;5.58
1391;27;35;89.327;12.8
1392;27;35;76.792;6.47
1393;27;35;103.641;1.88
1394;27;36;96.727;10.03
1395;27;36;111.725;20.22
1396;27;36;74.58;14.58
1397;27;37;87.307;8.37
1398;27;37;80.72;13.98
1399;27;37;83.275;23.08
1400;27;38;51.879;23.06
1401;27;39;93.673;17.41
1402;27;39;99.84;21.75
1403;27;39;101.448;11.41
1404;28;29;18.593;20.29
1405;28;30;10.664;17.68
1406;28;31;1.253;11.99
1407;28;31;1.512;6.03
1408;28;32;5.552;12.08
1409;28;32;5.273;2.59
1410;28;32;6.639;22.33
1411;28;33;23.766;14.64
1412;28;34;0.0;18.59
1413;28;35;39.442;10.47
1414;28;36;14.258;17.83
1415;28;36;16.449;11.75
1416;28;37;13.977;6.15
1417;28;37;13.81;21.15
1418;28;37;17.12;11.39
1419;28;38;34.595;22.85
1420;28;38;41.044;4.48
1421;28;39;18.52;19.59
1422;29;30;15.322;20.75
1423;29;30;13.931;10.18
1424;29;30;15.82;8.76
1425;29;31;19.289;19.62
1426;29;31;22.54;10.77
1427;29;32;15.85;15.2
1428;29;32;19.437;1.81
1429;29;32;17.183;3.38
1430;29;33;19.386;21.44
1431;29;33;21.815;14.39
1432;29;33;16.442;20.95
1433;29;34;18.593;0.42
1434;29;35;49.387;20.5
1435;29;35;49.645;5.25
1436;29;36;32.816;15.43
1437;29;36;28.767;24.31
1438;29;37;28.942;5.8
1439;29;37;35.91;8.01
1440;29;37;30.681;19.83
1441;29;38;24.486;5.07
1442;29;38;26.702;2.21
1443;29;38;26.275;6.47
1444;29;39;35.108;21.84
1445;29;39;34.226;2.39
1446;30;31;11.916;1.36
1447;30;31;12.138;14.16
1448;30;31;14.02;14.67
1449;30;32;5.126;9.27
1450;30;33;13.124;12.96
1451;30;34;10.664;21.82
1452;30;34;12.481;1.34
1453;30;34;11.152;16.69
1454;30;35;34.629;14.04
1455;30;36;21.57;21.83
1456;30;36;24.952;12.55
1457;30;36;16.987;24.03
1458;30;37;14.274;11.5
1459;30;37;13.535;16.33
1460;30;37;11.45;13.55
1461;30;38;24.3;5.18
1462;30;38;22.09;7.52
1463;30;38;21.625;3.61
1464;30;39;20.827;3.46
1465;31;32;6.801;4.7
1466;31;32;8.142;11.99
1467;31;32;5.838;22.59
1468;31;33;25.015;16.55
1469;31;33;29.044;7.11
1470;31;33;23.02;18.75
1471;31;34;1.253;16.49
1472;31;34;0.987;24.27
1473;31;35;40.197;2.08
1474;31;35;34.07;6.31
1475;31;35;33.218;20.38
1476;31;36;13.739;4.69
1477;31;36;15.015;12.08
1478;31;36;13.149;7.35
1479;31;37;14.514;23.55
1480;31;37;13.673;0.0
1481;31;37;18.118;19.13
1482;31;38;35.807;10.85
1483;31;39;18.686;21.66
1484;32;33;18.214;7.3
1485;32;33;18.943;7.79
1486;32;34;5.552;11.14
1487;32;35;36.879;24.31
1488;32;35;41.625;17.22
1489;32;36;17.835;2.11
1490;32;36;19.911;2.12
1491;32;37;13.365;20.67
1492;32;37;15.874;10.48
1493;32;38;29.138;21.63
1494;32;38;33.41;11.18
1495;32;38;35.845;3.46
1496;32;39;19.29;6.89
1497;33;34;23.766;18.06
1498;33;35;33.876;13.54
1499;33;36;33.559;7.67
1500;33;36;37.307;18.64
1501;33;36;36.859;10.21
1502;33;37;23.563;5.56
1503;33;37;20.387;16.35
1504;33;37;28.756;9.49
1505;33;38;11.906;21.86
1506;33;38;10.14;1.96
1507;33;38;11.901;3.63
1508;33;39;29.975;12.86
1509;33;39;23.741;15.98
1510;33;39;25.481;5.21
1511;34;35;39.442;17.03
1512;34;35;36.076;19.9
1513;34;36;14.258;22.64
1514;34;37;13.977;9.86
1515;34;37;16.29;24.57
1516;34;37;15.554;21.5
1517;34;38;34.595;22.44
1518;34;38;30.242;8.6
1519;34;38;39.178;14.83
1520;34;39;18.52;19.2
1521;34;39;16.932;1.29
1522;35;36;35.37;12.89
1523;35;36;32.685;22.16
1524;35;37;26.038;4.57
1525;35;37;26.626;20.0
1526;35;38;41.936;17.94
1527;35;39;25.336;8.46
1528;35;39;25.822;16.28
1529;35;39;28.709;18.91
1530;36;37;11.905;24.9
1531;36;37;14.849;24.46
1532;36;38;45.361;23.67
1533;36;38;56.221;14.07
1534;36;39;10.043;20.67
1535;36;39;9.926;5.16
1536;36;39;9.757;2.49
1537;37;38;35.446;0.51
1538;37;38;30.231;5.11
1539;37;39;6.651;8.89
1540;37;39;7.999;5.95
1541;38;39;41.795;3.04
1542;38;39;34.698;17.78
