VERTEX_COUNT 40
PATH_COUNT 1
BUDGET 180
<------------ VERTICES ------------>
0;START;41.374834;2.170055;0.0;0.0
1;Basilica of the Sagrada Família;41.403568;2.174435;45.0;100.0
2;Museu Nacional d’Art de Catalunya;41.36882;2.153347;45.0;99.7
3;Museu Picasso;41.385181;2.180863;45.0;80.04
4;Galeria d’Art Mar Grup Escolà;41.392349;2.167836;45.0;77.7
5;Museu d’Història de Catalunya - MHC;41.380852;2.185799;45.0;77.28
6;Palau Güell;41.378864;2.174117;45.0;76.26
7;La Pedrera (Casa Milà);41.395271;2.161785;45.0;73.2
8;Anella Olímpica(Olympic Park);41.364778;2.152575;45.0;72.47
9;Poble Espanyol;41.368679;2.147031;45.0;72.0
10;Parc de la Ciutadella;41.389248;2.186548;45.0;70.02
11;Antic Hospital de la Santa Creu;41.380573;2.170374;45.0;69.78
12;Passeig de Gràcia;41.390739;2.166672;45.0;68.36
13;Museu Frederic Marès;41.384178;2.176819;45.0;68.24
14;Montjuïc Castle;41.363823;2.167096;45.0;67.74
15;Basilica of Sants Just i Pastor;41.382812;2.178195;45.0;67.42
16;Lorena Ruiz de Villa;41.397858;2.146705;45.0;67.01
17;Avinguda d’Icària;41.391556;2.197416;45.0;66.68
18;Despair;41.387653;2.188076;45.0;63.33
19;Barcelona;41.389034;2.16137;45.0;62.92
20;Imaginart Gallery;41.393822;2.164627;45.0;62.63
21;Plaça del Rei;41.384144;2.177409;45.0;60.63
22;Atelier;41.407719;2.158233;45.0;60.5
23;Museu Palmero;41.424667;2.139856;45.0;60.02
24;Museu d’Història de Barcelona;41.384144;2.177409;45.0;58.71
25;Plaça de Catalunya;41.387005;2.17003;45.0;58.11
26;Park Güell;41.414249;2.151926;45.0;57.31
27;Casa Batlló;41.391758;2.164961;45.0;57.16
28;Piramidon Centre d’Art Contemporani;41.422626;2.209764;45.0;56.94
29;Contrast;41.387928;2.161469;45.0;56.64
30;Casa Martí, Els Quatre Gats ;41.385775;2.173671;45.0;56.15
31;Basilica of Santa Maria del Mar;41.383518;2.1818;45.0;55.24
32;Galeria Mayoral;41.389542;2.163808;45.0;54.87
33;Carles Taché;41.389851;2.164213;45.0;54.42
34;Monument to Doctor Robert;41.394924;2.175599;45.0;54.01
35;Fundació Fran Daurel;41.369118;2.146695;45.0;53.66
36;Arts Santa Mònica;41.37722;2.176012;45.0;53.4
37;La Colmena;41.383835;2.178294;45.0;52.94
38;Rambla del Raval;41.378681;2.169317;45.0;52.49
39;FINISH;41.374834;2.170055;0.0;0.0
<------------- EDGES -------------->
0;0;1;49.491;0.83
1;0;1;39.134;17.04
2;0;1;56.413;15.28
3;0;2;23.796;1.02
4;0;2;23.439;11.97
5;0;3;22.496;16.11
6;0;4;30.107;11.54
7;0;4;25.873;23.84
8;0;5;22.688;3.51
9;0;5;25.287;10.0
10;0;6;8.647;16.9
11;0;6;6.801;4.01
12;0;7;36.549;22.19
13;0;8;28.285;4.73
14;0;8;34.311;3.44
15;0;8;34.985;19.36
16;0;9;31.387;10.23
17;0;9;36.505;16.37
18;0;10;32.509;0.31
19;0;11;9.829;8.66
20;0;11;11.148;11.87
21;0;11;10.982;20.38
22;0;12;27.562;2.95
23;0;13;18.196;13.24
24;0;13;19.418;1.06
25;0;14;19.222;18.75
26;0;14;22.647;10.03
27;0;15;17.194;23.89
28;0;16;49.508;0.06
29;0;17;45.309;15.77
30;0;17;51.675;7.61
31;0;17;45.122;10.63
32;0;18;31.884;2.79
33;0;19;26.736;4.0
34;0;20;33.232;6.24
35;0;20;41.111;8.19
36;0;20;40.907;24.91
37;0;21;18.52;18.25
38;0;21;21.862;10.24
39;0;21;17.709;13.14
40;0;22;58.284;9.6
41;0;23;93.673;14.7
42;0;23;72.559;4.96
43;0;24;18.52;13.92
44;0;25;20.827;19.63
45;0;25;24.937;15.51
46;0;25;16.199;17.42
47;0;26;71.35;15.87
48;0;26;87.088;11.43
49;0;27;29.69;0.88
50;0;27;26.839;9.98
51;0;27;32.443;2.21
52;0;28;96.367;5.16
53;0;28;106.109;5.3
54;0;28;109.769;3.2
55;0;29;24.972;5.24
56;0;30;19.29;14.44
57;0;30;15.205;0.31
58;0;30;16.615;2.8
59;0;31;21.172;10.43
60;0;31;17.796;7.2
61;0;32;26.416;11.37
62;0;32;30.967;12.56
63;0;33;26.77;20.69
64;0;34;35.108;5.82
65;0;34;29.499;22.21
66;0;35;31.553;16.34
67;0;35;36.034;1.51
68;0;36;8.671;14.64
69;0;36;8.52;13.01
70;0;37;18.686;14.83
71;0;37;16.408;17.35
72;0;37;17.026;16.41
73;0;38;6.651;18.36
74;0;38;7.618;17.68
75;0;39;0.0;10.77
76;0;39;0.0;17.16
77;1;2;65.336;7.01
78;1;2;69.719;1.15
79;1;3;32.528;15.52
80;1;3;29.802;5.81
81;1;4;20.984;11.33
82;1;4;23.101;19.19
83;1;5;41.52;22.24
84;1;6;42.276;24.75
85;1;6;34.092;10.86
86;1;7;21.57;18.84
87;1;7;17.627;9.3
88;1;8;72.069;4.58
89;1;8;78.194;18.97
90;1;8;72.485;13.83
91;1;9;69.299;9.46
92;1;9;76.89;14.94
93;1;10;29.022;22.25
94;1;10;32.197;13.81
95;1;11;39.694;9.24
96;1;11;49.435;10.74
97;1;11;40.637;12.81
98;1;12;24.109;23.54
99;1;12;26.824;11.88
100;1;12;21.32;22.42
101;1;13;33.322;21.51
102;1;13;37.11;4.56
103;1;13;26.638;1.01
104;1;14;68.662;22.41
105;1;14;67.307;23.5
106;1;14;60.181;17.94
107;1;15;35.845;22.15
108;1;15;34.906;15.14
109;1;16;36.911;15.06
110;1;16;43.723;21.09
111;1;17;35.955;6.94
112;1;17;30.136;19.75
113;1;17;32.259;12.68
114;1;18;32.378;7.16
115;1;19;29.997;3.36
116;1;19;35.161;9.71
117;1;20;20.896;2.83
118;1;20;19.122;23.46
119;1;20;24.092;11.71
120;1;21;33.457;24.75
121;1;21;31.077;1.76
122;1;21;34.964;17.24
123;1;22;21.975;16.18
124;1;23;57.209;1.19
125;1;23;60.086;20.76
126;1;23;47.294;2.52
127;1;24;33.457;12.74
128;1;24;25.463;4.82
129;1;24;39.259;11.6
130;1;25;28.902;15.79
131;1;25;24.617;4.49
132;1;26;34.185;3.1
133;1;26;39.477;19.33
134;1;26;31.621;9.13
135;1;27;23.587;13.41
136;1;27;21.461;20.95
137;1;27;23.134;19.19
138;1;28;55.85;10.02
139;1;28;49.783;0.43
140;1;29;31.517;20.36
141;1;29;28.451;5.13
142;1;30;30.463;14.56
143;1;30;35.229;18.6
144;1;30;24.822;18.13
145;1;31;35.589;1.51
146;1;31;38.163;16.54
147;1;31;29.375;12.65
148;1;32;27.608;8.82
149;1;32;33.375;0.41
150;1;33;26.892;22.02
151;1;33;27.634;16.94
152;1;33;21.263;2.47
153;1;34;14.867;7.66
154;1;34;12.553;7.46
155;1;34;11.725;12.24
156;1;35;68.875;9.29
157;1;35;60.943;23.74
158;1;36;45.133;12.14
159;1;36;38.569;10.61
160;1;37;34.129;9.25
161;1;37;36.573;15.91
162;1;38;43.091;4.28
163;1;39;49.491;16.66
164;1;39;39.665;23.88
165;1;39;56.744;11.71
166;2;3;45.08;14.05
167;2;4;44.354;4.16
168;2;4;33.404;21.07
169;2;4;34.527;16.65
170;2;5;46.481;15.72
171;2;5;56.209;12.2
172;2;5;45.519;2.91
173;2;6;31.73;23.6
174;2;6;26.766;3.05
175;2;6;36.672;7.92
176;2;7;46.542;15.05
177;2;8;6.988;13.05
178;2;8;7.974;2.06
179;2;8;7.554;12.6
180;2;9;8.115;17.46
181;2;10;55.131;19.57
182;2;10;44.986;2.58
183;2;11;29.708;1.22
184;2;12;41.226;12.06
185;2;12;47.129;0.48
186;2;13;39.989;7.17
187;2;13;41.731;7.54
188;2;13;31.876;15.39
189;2;14;19.619;1.11
190;2;15;39.892;16.29
191;2;15;44.239;7.23
192;2;16;50.417;10.97
193;2;17;68.67;10.5
194;2;17;67.257;14.33
195;2;17;53.917;22.7
196;2;18;55.02;8.28
197;2;18;58.317;6.7
198;2;19;36.092;13.84
199;2;19;36.208;11.93
200;2;19;42.953;24.19
201;2;20;45.169;3.35
202;2;20;36.427;11.83
203;2;21;40.525;15.2
204;2;22;66.86;20.04
205;2;22;70.389;0.38
206;2;22;78.428;5.91
207;2;23;97.123;14.66
208;2;24;40.525;17.1
209;2;25;37.779;8.84
210;2;25;41.107;23.4
211;2;25;37.397;18.12
212;2;26;77.761;5.69
213;2;27;41.989;7.97
214;2;27;44.572;15.84
215;2;28;117.144;11.28
216;2;28;132.55;17.85
217;2;29;34.321;1.67
218;2;29;36.264;8.54
219;2;30;39.024;5.91
220;2;30;38.523;6.6
221;2;31;44.356;24.78
222;2;31;35.487;17.04
223;2;32;37.919;20.77
224;2;32;45.312;14.21
225;2;32;38.158;0.16
226;2;33;38.599;2.73
227;2;34;53.025;21.6
228;2;34;42.578;21.74
229;2;34;43.041;20.84
230;2;35;8.558;0.83
231;2;36;32.461;14.36
232;2;36;28.668;13.41
233;2;36;29.205;23.28
234;2;37;41.065;23.83
235;2;37;50.52;12.44
236;2;37;44.18;7.27
237;2;38;26.558;10.6
238;2;38;29.483;6.32
239;2;39;23.796;19.18
240;2;39;23.364;15.76
241;3;4;20.74;21.86
242;3;4;17.328;20.07
243;3;5;9.749;0.73
244;3;5;10.044;13.81
245;3;5;8.259;12.75
246;3;6;13.852;9.65
247;3;6;17.037;6.84
248;3;6;12.287;12.17
249;3;7;29.967;18.19
250;3;7;27.638;6.8
251;3;7;24.639;13.59
252;3;8;50.384;20.04
253;3;8;50.33;9.65
254;3;9;51.814;11.55
255;3;9;47.28;21.7
256;3;9;48.439;17.62
257;3;10;10.085;14.85
258;3;11;15.606;2.76
259;3;11;15.407;24.15
260;3;12;20.552;12.99
261;3;12;24.341;18.37
262;3;13;5.468;7.9
263;3;13;4.138;15.5
264;3;14;40.599;20.02
265;3;15;5.307;15.02
266;3;15;5.088;1.83
267;3;16;48.924;11.51
268;3;17;23.888;24.77
269;3;17;27.8;18.12
270;3;18;10.181;1.34
271;3;18;8.497;5.42
272;3;19;25.88;5.27
273;3;19;28.836;23.87
274;3;20;25.556;3.65
275;3;20;27.737;7.75
276;3;20;28.94;17.52
277;3;21;4.777;19.21
278;3;21;4.089;20.79
279;3;22;48.284;22.96
280;3;22;54.603;10.82
281;3;23;85.65;23.48
282;3;23;71.523;18.58
283;3;23;83.601;18.31
284;3;24;4.777;18.56
285;3;24;3.871;15.62
286;3;24;4.941;15.51
287;3;25;14.254;15.76
288;3;25;10.883;12.2
289;3;25;15.392;5.02
290;3;26;62.08;21.49
291;3;27;23.312;8.59
292;3;27;29.077;17.2
293;3;28;74.04;14.19
294;3;28;91.972;0.98
295;3;29;25.339;3.87
296;3;29;26.181;22.21
297;3;30;9.29;10.67
298;3;30;9.402;7.65
299;3;30;8.447;23.72
300;3;31;3.09;2.26
301;3;31;2.898;16.74
302;3;31;3.527;1.06
303;3;32;23.133;19.2
304;3;32;26.576;6.36
305;3;33;22.821;6.11
306;3;33;17.291;14.03
307;3;33;22.839;20.88
308;3;34;17.99;21.21
309;3;34;20.604;11.36
310;3;35;51.773;3.53
311;3;36;14.979;4.15
312;3;36;16.321;19.46
313;3;36;13.008;15.71
314;3;37;4.023;6.07
315;3;38;18.534;20.7
316;3;38;18.56;0.51
317;3;39;22.496;19.44
318;3;39;26.915;3.83
319;3;39;18.544;5.8
320;4;5;30.314;16.92
321;4;5;32.424;15.52
322;4;6;24.444;3.36
323;4;6;29.608;5.54
324;4;7;9.238;16.6
325;4;8;51.088;20.04
326;4;8;41.307;17.68
327;4;8;41.66;4.44
328;4;9;48.521;20.26
329;4;10;24.601;24.05
330;4;10;24.098;2.25
331;4;10;28.026;7.81
332;4;11;20.413;13.49
333;4;11;22.06;2.53
334;4;11;15.37;6.28
335;4;12;3.134;14.18
336;4;13;18.125;17.78
337;4;14;48.824;16.23
338;4;14;46.416;6.49
339;4;14;36.797;14.98
340;4;15;21.053;23.77
341;4;15;23.876;18.09
342;4;16;28.717;23.92
343;4;16;25.082;8.94
344;4;16;30.236;20.49
345;4;17;37.998;15.55
346;4;18;27.199;22.86
347;4;18;31.663;5.58
348;4;18;32.349;15.98
349;4;19;10.054;3.38
350;4;20;4.83;11.3
351;4;20;3.877;19.93
352;4;20;5.714;0.21
353;4;21;18.66;18.25
354;4;21;20.112;0.76
355;4;21;20.42;22.02
356;4;22;29.047;15.01
357;4;22;22.978;12.79
358;4;22;25.302;19.92
359;4;23;65.94;20.62
360;4;24;18.66;2.85
361;4;25;9.569;20.47
362;4;25;10.477;17.2
363;4;25;10.434;24.45
364;4;26;42.679;9.89
365;4;26;38.681;16.16
366;4;26;48.747;5.7
367;4;27;3.827;21.05
368;4;27;4.543;17.19
369;4;28;74.701;3.18
370;4;29;11.138;3.92
371;4;29;12.736;14.1
372;4;30;13.515;12.89
373;4;30;15.366;12.34
374;4;31;23.447;2.06
375;4;32;7.058;4.22
376;4;32;8.256;14.18
377;4;33;6.317;22.89
378;4;33;6.161;16.5
379;4;34;10.896;17.68
380;4;34;8.548;16.94
381;4;35;48.137;6.03
382;4;35;42.196;15.36
383;4;36;27.936;15.95
384;4;36;33.231;21.03
385;4;37;19.813;3.1
386;4;38;23.466;1.07
387;4;38;25.355;6.67
388;4;38;23.727;2.63
389;4;39;30.107;2.9
390;5;6;15.381;10.32
391;5;7;39.488;10.83
392;5;8;50.763;9.4
393;5;9;53.965;9.44
394;5;9;43.394;22.17
395;5;9;50.963;7.12
396;5;10;14.4;4.11
397;5;11;19.811;18.22
398;5;11;20.271;13.55
399;5;11;24.269;15.6
400;5;12;29.821;3.26
401;5;13;12.858;6.25
402;5;13;15.805;1.29
403;5;14;37.763;14.76
404;5;15;10.323;3.84
405;5;15;9.974;22.1
406;5;15;11.435;12.56
407;5;16;58.016;22.22
408;5;16;67.977;11.35
409;5;17;23.621;0.51
410;5;17;23.879;17.22
411;5;17;27.723;2.84
412;5;18;12.0;18.46
413;5;18;10.861;0.13
414;5;18;13.652;5.68
415;5;19;34.348;6.87
416;5;19;41.237;0.05
417;5;20;35.092;0.36
418;5;21;12.156;7.86
419;5;21;10.018;17.39
420;5;21;12.407;24.98
421;5;22;58.017;21.93
422;5;22;64.304;4.54
423;5;23;95.389;5.99
424;5;23;113.0;4.18
425;5;24;12.156;7.53
426;5;24;14.806;23.51
427;5;25;22.821;14.9
428;5;25;24.832;7.31
429;5;25;17.67;16.46
430;5;26;71.81;17.43
431;5;27;32.62;10.94
432;5;28;77.822;10.93
433;5;29;33.502;3.5
434;5;29;31.922;7.76
435;5;29;34.716;23.35
436;5;30;17.705;2.46
437;5;30;13.363;2.52
438;5;30;19.432;4.34
439;5;31;6.869;15.29
440;5;32;31.911;21.8
441;5;32;39.24;23.73
442;5;32;37.57;10.0
443;5;33;31.705;24.91
444;5;34;27.411;3.39
445;5;35;54.08;21.03
446;5;35;50.739;8.54
447;5;36;14.02;7.67
448;5;36;12.249;22.24
449;5;37;10.905;14.68
450;5;37;13.315;23.64
451;5;38;21.487;23.31
452;5;38;23.041;22.96
453;5;39;22.688;5.59
454;6;7;32.233;9.0
455;6;7;32.749;3.29
456;6;8;36.692;10.42
457;6;8;34.444;8.02
458;6;9;38.904;10.57
459;6;9;37.543;20.48
460;6;9;42.016;0.18
461;6;10;23.885;15.76
462;6;10;23.958;5.15
463;6;11;5.626;2.63
464;6;11;5.441;1.31
465;6;11;6.66;22.52
466;6;12;22.457;17.28
467;6;13;9.733;11.36
468;6;14;27.272;5.14
469;6;14;32.587;9.9
470;6;14;29.578;21.97
471;6;15;8.547;13.44
472;6;15;10.377;3.88
473;6;15;7.741;24.42
474;6;16;47.906;17.96
475;6;16;53.958;18.17
476;6;16;39.966;14.86
477;6;17;36.967;15.37
478;6;17;42.3;24.83
479;6;18;23.397;13.4
480;6;19;23.89;23.26
481;6;20;28.348;3.86
482;6;20;32.43;14.03
483;6;20;32.151;10.55
484;6;21;9.975;21.54
485;6;22;53.422;9.17
486;6;22;54.432;13.46
487;6;22;57.238;0.78
488;6;23;89.874;15.67
489;6;24;9.975;18.36
490;6;24;11.747;2.03
491;6;24;8.811;20.56
492;6;25;14.887;8.46
493;6;25;17.946;1.48
494;6;26;66.918;6.59
495;6;27;25.001;20.57
496;6;28;87.759;19.12
497;6;28;108.456;5.9
498;6;28;84.403;23.39
499;6;29;22.456;9.48
500;6;30;11.84;24.34
501;6;30;12.684;13.08
502;6;31;12.678;23.99
503;6;31;12.109;4.01
504;6;32;22.563;7.96
505;6;32;20.889;21.81
506;6;32;25.154;17.17
507;6;33;22.698;9.02
508;6;33;20.014;9.02
509;6;33;19.238;12.54
510;6;34;27.548;21.05
511;6;34;22.816;3.02
512;6;34;32.249;9.28
513;6;35;38.963;4.02
514;6;35;44.269;21.7
515;6;36;3.72;15.96
516;6;37;10.056;17.53
517;6;37;9.335;10.46
518;6;37;9.942;1.98
519;6;38;6.171;12.37
520;6;38;5.087;5.04
521;6;38;6.938;14.03
522;6;39;8.647;20.77
523;6;39;8.461;12.55
524;7;8;53.504;5.68
525;7;8;60.804;24.36
526;7;8;55.231;1.17
527;7;9;49.291;9.63
528;7;9;51.27;5.58
529;7;10;33.419;17.12
530;7;11;27.463;2.69
531;7;11;30.878;23.93
532;7;12;9.975;6.48
533;7;12;7.774;2.07
534;7;12;8.902;3.53
535;7;13;27.071;13.9
536;7;13;31.155;19.29
537;7;14;54.245;6.22
538;7;14;59.823;12.74
539;7;14;49.423;21.78
540;7;15;29.973;14.66
541;7;15;23.509;21.55
542;7;15;28.127;8.08
543;7;16;19.858;17.05
544;7;16;22.57;6.07
545;7;16;24.753;23.52
546;7;17;46.181;11.39
547;7;17;55.659;1.47
548;7;18;36.182;21.38
549;7;18;34.145;23.9
550;7;19;10.686;12.71
551;7;19;10.986;24.88
552;7;19;11.547;0.84
553;7;20;4.411;17.39
554;7;21;27.657;24.81
555;7;21;28.852;11.3
556;7;22;21.784;2.82
557;7;22;19.282;9.64
558;7;22;22.287;10.0
559;7;23;57.641;10.69
560;7;23;46.001;20.66
561;7;23;48.132;24.1
562;7;24;27.657;18.47
563;7;25;17.667;17.49
564;7;25;21.431;5.67
565;7;26;34.854;10.54
566;7;27;7.264;2.53
567;7;27;8.411;14.0
568;7;27;6.795;21.2
569;7;28;77.35;20.83
570;7;28;69.839;11.47
571;7;29;12.572;18.85
572;7;29;13.872;24.49
573;7;29;10.686;16.16
574;7;30;22.291;7.33
575;7;30;25.437;8.17
576;7;30;26.381;0.38
577;7;31;32.631;11.33
578;7;31;31.807;19.77
579;7;32;10.142;4.59
580;7;32;8.554;0.12
581;7;32;8.683;21.15
582;7;33;9.785;24.43
583;7;33;8.38;17.49
584;7;33;11.437;9.54
585;7;34;17.743;22.59
586;7;35;48.768;24.25
587;7;35;49.059;21.55
588;7;36;35.886;0.02
589;7;37;28.847;24.1
590;7;38;29.991;8.33
591;7;38;34.541;23.51
592;7;39;36.549;0.07
593;7;39;40.062;18.18
594;7;39;30.455;9.69
595;8;9;9.76;13.96
596;8;10;60.469;20.51
597;8;11;35.398;17.07
598;8;11;33.792;5.71
599;8;11;37.217;18.29
600;8;12;47.972;7.86
601;8;13;45.512;23.67
602;8;13;45.282;23.75
603;8;14;18.721;17.57
604;8;15;45.108;17.45
605;8;15;42.362;14.83
606;8;16;57.108;5.46
607;8;16;55.705;4.24
608;8;16;53.369;10.41
609;8;17;73.587;19.19
610;8;17;58.776;5.15
611;8;18;60.087;19.21
612;8;18;58.366;13.2
613;8;19;43.017;15.69
614;8;20;52.055;24.98
615;8;20;42.029;16.57
616;8;20;63.239;3.01
617;8;21;45.992;14.39
618;8;22;73.841;20.51
619;8;22;76.529;18.01
620;8;22;85.096;15.0
621;8;23;103.777;1.42
622;8;23;110.533;7.24
623;8;23;86.183;14.23
624;8;24;45.992;5.39
625;8;25;44.149;23.49
626;8;25;52.857;7.01
627;8;25;53.192;23.78
628;8;26;84.661;4.42
629;8;26;75.285;15.03
630;8;26;66.755;21.86
631;8;27;48.832;24.41
632;8;27;39.798;17.66
633;8;27;58.407;4.45
634;8;28;123.244;11.77
635;8;28;118.769;14.5
636;8;28;138.078;9.14
637;8;29;41.229;8.47
638;8;30;44.999;22.56
639;8;30;41.749;21.72
640;8;31;49.364;0.74
641;8;32;44.765;19.78
642;8;33;45.434;19.38
643;8;33;44.905;2.16
644;8;34;59.458;21.55
645;8;35;10.592;16.26
646;8;35;8.119;18.97
647;8;36;36.867;18.43
648;8;36;36.327;13.88
649;8;37;46.414;23.34
650;8;38;32.067;2.81
651;8;38;38.184;9.11
652;8;38;29.346;11.04
653;8;39;28.285;19.99
654;9;10;61.754;21.35
655;9;10;62.854;10.51
656;9;11;36.232;17.21
657;9;11;30.239;8.58
658;9;11;27.947;11.34
659;9;12;45.399;13.12
660;9;12;53.64;3.21
661;9;13;46.546;24.89
662;9;14;27.076;23.99
663;9;15;46.758;6.82
664;9;15;51.291;8.0
665;9;15;54.35;3.18
666;9;16;49.934;7.63
667;9;16;57.582;18.67
668;9;16;50.742;16.87
669;9;17;75.617;16.56
670;9;17;71.626;10.56
671;9;18;61.902;10.63
672;9;18;61.996;16.97
673;9;18;71.948;2.21
674;9;19;39.399;21.82
675;9;19;42.373;4.36
676;9;20;48.597;17.02
677;9;20;39.225;5.88
678;9;20;46.033;16.34
679;9;21;47.138;11.56
680;9;21;46.944;17.55
681;9;21;52.878;13.22
682;9;22;68.337;1.44
683;9;22;81.816;6.06
684;9;22;79.491;9.05
685;9;23;96.25;12.87
686;9;24;47.138;14.77
687;9;24;52.251;12.14
688;9;25;43.076;24.35
689;9;25;46.191;12.36
690;9;26;78.233;5.52
691;9;27;45.714;13.97
692;9;27;41.821;20.96
693;9;28;122.504;5.77
694;9;28;140.439;17.41
695;9;29;37.798;4.4
696;9;29;32.651;14.44
697;9;29;35.035;22.6
698;9;30;45.011;11.82
699;9;30;54.624;19.73
700;9;30;44.279;0.45
701;9;31;51.362;19.03
702;9;32;41.697;16.0
703;9;32;43.867;0.44
704;9;33;42.419;22.76
705;9;33;33.954;7.14
706;9;34;57.987;5.19
707;9;34;54.277;18.15
708;9;34;45.368;3.09
709;9;35;0.866;7.49
710;9;35;0.979;1.0
711;9;36;39.983;3.1
712;9;37;47.793;15.19
713;9;38;33.346;10.87
714;9;38;28.929;18.21
715;9;38;35.442;10.05
716;9;39;31.387;0.5
717;9;39;24.032;8.89
718;9;39;24.772;15.59
719;10;11;25.526;19.85
720;10;11;31.623;7.67
721;10;12;25.644;18.7
722;10;12;24.042;20.38
723;10;12;21.29;23.96
724;10;13;15.208;18.62
725;10;13;16.503;12.95
726;10;13;14.523;22.99
727;10;14;50.168;9.1
728;10;14;40.398;22.65
729;10;15;15.372;0.24
730;10;15;12.41;2.79
731;10;16;53.228;12.94
732;10;17;14.501;11.32
733;10;17;13.411;12.59
734;10;18;3.361;15.38
735;10;19;32.326;6.98
736;10;19;30.799;13.25
737;10;20;29.21;13.3
738;10;20;25.686;15.2
739;10;21;14.627;11.49
740;10;22;48.168;24.54
741;10;23;85.235;15.38
742;10;23;66.431;13.39
743;10;24;14.627;17.5
744;10;25;21.551;8.73
745;10;26;61.687;20.08
746;10;27;28.044;20.58
747;10;27;22.458;11.91
748;10;27;27.029;9.6
749;10;28;64.423;23.73
750;10;29;32.276;7.81
751;10;29;34.273;17.87
752;10;30;17.568;1.65
753;10;30;19.667;17.15
754;10;30;17.587;18.01
755;10;31;11.546;3.39
756;10;32;29.198;20.7
757;10;32;34.496;14.74
758;10;33;28.693;20.91
759;10;33;22.574;5.83
760;10;33;28.848;17.09
761;10;34;17.085;16.24
762;10;34;14.499;12.98
763;10;34;13.923;7.55
764;10;35;61.686;4.37
765;10;35;67.87;14.84
766;10;35;72.215;3.0
767;10;36;24.63;0.85
768;10;36;21.689;7.8
769;10;37;14.075;0.21
770;10;38;28.573;22.1
771;10;39;32.509;9.87
772;11;12;18.034;12.2
773;11;13;10.322;11.97
774;11;13;10.752;13.29
775;11;14;28.971;8.7
776;11;14;31.828;19.61
777;11;15;10.748;7.39
778;11;16;42.406;6.46
779;11;16;48.11;9.63
780;11;16;32.569;19.74
781;11;17;39.479;11.58
782;11;18;25.756;4.69
783;11;18;21.966;16.25
784;11;18;20.178;8.22
785;11;19;18.528;5.77
786;11;19;20.876;24.39
787;11;20;23.842;11.16
788;11;21;10.906;1.01
789;11;22;48.998;10.14
790;11;22;37.592;4.69
791;11;22;54.625;9.25
792;11;23;85.017;23.98
793;11;24;10.906;3.33
794;11;24;9.615;13.46
795;11;24;10.061;8.43
796;11;25;11.015;23.14
797;11;25;11.152;15.98
798;11;25;9.662;4.42
799;11;26;62.303;1.15
800;11;26;52.07;15.52
801;11;26;58.424;12.77
802;11;27;20.363;22.43
803;11;27;22.44;3.39
804;11;27;23.859;7.89
805;11;28;87.948;3.83
806;11;29;17.004;21.74
807;11;30;9.857;11.28
808;11;31;15.512;23.41
809;11;32;17.511;9.42
810;11;32;16.77;14.64
811;11;32;20.87;7.95
812;11;33;17.738;22.23
813;11;33;14.62;23.93
814;11;34;25.458;13.41
815;11;34;21.986;15.71
816;11;35;36.177;15.88
817;11;36;9.237;14.1
818;11;36;7.355;2.88
819;11;37;11.6;20.94
820;11;38;3.511;24.07
821;11;39;9.829;13.0
822;12;13;17.198;24.03
823;12;13;15.186;2.03
824;12;13;19.357;17.94
825;12;14;46.063;6.24
826;12;14;47.27;5.64
827;12;15;20.072;9.66
828;12;15;15.244;15.71
829;12;16;28.38;14.21
830;12;16;23.797;8.55
831;12;16;29.954;2.48
832;12;17;39.493;22.2
833;12;17;49.21;10.22
834;12;18;27.982;20.94
835;12;18;26.039;6.23
836;12;19;7.406;20.87
837;12;19;6.119;7.39
838;12;19;7.836;6.77
839;12;20;5.893;13.78
840;12;21;17.815;1.72
841;12;22;31.01;23.89
842;12;22;38.471;7.93
843;12;23;67.493;5.19
844;12;24;17.815;23.94
845;12;24;15.597;11.4
846;12;25;7.708;7.31
847;12;26;44.461;21.77
848;12;26;36.344;7.8
849;12;27;2.805;6.2
850;12;27;2.783;2.59
851;12;28;77.694;3.9
852;12;28;81.056;8.16
853;12;29;8.231;14.12
854;12;29;7.082;0.64
855;12;30;12.365;6.68
856;12;30;13.634;0.62
857;12;31;23.02;16.68
858;12;32;4.209;23.76
859;12;33;3.504;3.59
860;12;33;4.19;21.62
861;12;33;2.791;20.45
862;12;34;13.514;9.36
863;12;34;15.837;13.35
864;12;35;45.02;3.24
865;12;36;26.057;21.88
866;12;37;19.032;10.48
867;12;37;20.095;9.09
868;12;38;20.912;12.85
869;12;39;27.562;20.33
870;12;39;23.064;9.11
871;13;14;37.002;4.35
872;13;14;34.091;2.54
873;13;14;45.081;12.17
874;13;15;2.93;7.54
875;13;16;45.195;16.42
876;13;17;29.303;23.4
877;13;18;15.628;0.04
878;13;18;16.305;3.02
879;13;18;15.925;22.68
880;13;19;21.505;21.47
881;13;19;23.797;11.66
882;13;20;22.745;21.42
883;13;21;0.76;8.74
884;13;22;46.819;4.03
885;13;22;57.919;24.15
886;13;22;51.826;23.47
887;13;23;83.972;10.39
888;13;23;88.488;11.91
889;13;23;91.52;10.23
890;13;24;0.76;13.99
891;13;25;9.969;24.83
892;13;25;10.913;3.04
893;13;25;12.411;20.79
894;13;26;60.572;19.68
895;13;26;75.323;20.38
896;13;27;20.0;24.34
897;13;28;78.211;14.51
898;13;29;20.726;21.51
899;13;29;18.408;2.47
900;13;30;4.879;23.21
901;13;30;3.672;5.43
902;13;30;5.586;3.92
903;13;31;6.494;7.39
904;13;31;6.217;11.49
905;13;32;19.06;7.04
906;13;32;18.1;13.23
907;13;32;15.165;3.44
908;13;33;18.873;5.46
909;13;33;15.986;24.56
910;13;34;18.455;11.3
911;13;34;20.107;20.62
912;13;34;18.396;21.5
913;13;35;46.48;19.86
914;13;35;47.754;5.97
915;13;35;55.029;11.71
916;13;36;11.952;23.49
917;13;36;13.231;24.75
918;13;36;12.955;7.93
919;13;37;1.983;0.75
920;13;37;2.057;6.51
921;13;37;1.695;0.24
922;13;38;13.464;6.74
923;13;39;18.196;24.66
924;13;39;17.303;10.22
925;13;39;15.061;14.32
926;14;15;35.483;18.69
927;14;15;39.669;0.62
928;14;16;63.856;23.94
929;14;16;57.044;17.79
930;14;17;61.384;21.05
931;14;17;55.225;2.21
932;14;17;56.54;14.29
933;14;18;48.874;19.64
934;14;18;48.174;11.71
935;14;19;43.764;3.36
936;14;19;40.697;8.81
937;14;20;51.433;3.47
938;14;21;37.21;20.47
939;14;21;29.726;21.56
940;14;22;75.973;15.2
941;14;23;109.833;2.74
942;14;24;37.21;9.57
943;14;24;34.259;15.11
944;14;24;35.927;11.53
945;14;25;39.848;8.53
946;14;25;38.864;14.35
947;14;25;39.939;4.94
948;14;26;88.461;7.0
949;14;26;73.415;11.09
950;14;26;73.105;19.82
951;14;27;47.882;9.74
952;14;27;36.474;8.81
953;14;28;114.568;8.74
954;14;28;125.892;3.69
955;14;29;41.877;23.92
956;14;29;38.168;1.15
957;14;30;38.502;20.97
958;14;31;38.631;8.02
959;14;32;44.213;16.0
960;14;33;44.693;12.87
961;14;33;45.256;23.5
962;14;34;54.329;5.57
963;14;34;49.804;23.84
964;14;34;56.748;20.96
965;14;35;27.723;14.14
966;14;35;29.565;15.96
967;14;35;22.445;23.86
968;14;36;25.626;15.97
969;14;37;37.142;16.36
970;14;37;43.191;15.54
971;14;38;25.585;8.63
972;14;38;21.253;23.42
973;14;38;22.436;17.97
974;14;39;19.222;3.92
975;14;39;19.578;15.92
976;14;39;20.488;2.28
977;15;16;47.93;3.16
978;15;16;58.81;15.02
979;15;16;54.303;8.64
980;15;17;28.859;22.66
981;15;18;15.151;13.3
982;15;19;24.083;16.41
983;15;20;25.659;12.18
984;15;20;21.888;6.97
985;15;20;24.177;3.58
986;15;21;2.493;16.17
987;15;22;49.732;23.4
988;15;23;86.899;1.54
989;15;23;92.159;14.62
990;15;23;103.559;5.86
991;15;24;2.493;10.79
992;15;24;2.927;0.04
993;15;25;12.704;7.4
994;15;25;13.361;20.22
995;15;26;63.49;10.5
996;15;27;22.87;23.51
997;15;28;79.27;17.64
998;15;28;67.864;9.2
999;15;28;70.233;20.95
1000;15;29;23.19;18.24
1001;15;30;7.711;12.34
1002;15;30;7.868;23.19
1003;15;30;8.562;0.12
1004;15;31;4.784;7.41
1005;15;32;21.767;23.1
1006;15;33;21.618;11.25
1007;15;33;20.468;5.61
1008;15;33;24.461;3.9
1009;15;34;20.993;11.47
1010;15;35;46.746;23.57
1011;15;35;53.508;4.49
1012;15;35;55.854;10.55
1013;15;36;9.971;0.42
1014;15;36;8.475;9.18
1015;15;36;11.758;0.82
1016;15;37;1.755;22.76
1017;15;37;2.063;7.46
1018;15;38;13.413;1.97
1019;15;38;13.283;10.64
1020;15;39;17.194;15.62
1021;15;39;19.845;3.59
1022;15;39;20.702;8.67
1023;16;17;65.986;19.81
1024;16;17;65.191;16.92
1025;16;18;55.908;11.12
1026;16;19;24.134;4.91
1027;16;20;24.021;18.32
1028;16;20;23.143;7.93
1029;16;20;27.071;10.65
1030;16;21;45.875;1.58
1031;16;21;54.896;15.71
1032;16;22;22.443;11.29
1033;16;23;46.711;11.54
1034;16;23;49.072;10.07
1035;16;23;37.41;7.2
1036;16;24;45.875;8.32
1037;16;24;38.164;22.33
1038;16;24;50.677;8.48
1039;16;25;35.236;18.5
1040;16;25;30.204;24.54
1041;16;25;40.255;10.02
1042;16;26;28.838;0.34
1043;16;26;26.364;21.4
1044;16;27;25.655;9.9
1045;16;27;24.108;5.62
1046;16;28;91.357;4.21
1047;16;28;78.77;3.5
1048;16;29;25.455;15.75
1049;16;30;40.323;8.31
1050;16;31;51.304;7.82
1051;16;31;55.016;24.57
1052;16;32;26.164;7.96
1053;16;32;32.335;3.31
1054;16;33;26.323;3.46
1055;16;33;27.131;13.62
1056;16;34;37.429;6.2
1057;16;34;31.976;2.16
1058;16;34;30.224;2.8
1059;16;35;49.181;7.54
1060;16;35;54.206;3.79
1061;16;35;61.404;13.09
1062;16;36;51.604;24.24
1063;16;36;53.681;7.1
1064;16;36;57.733;21.65
1065;16;37;47.122;2.23
1066;16;37;38.08;22.47
1067;16;37;48.184;2.99
1068;16;38;43.814;14.73
1069;16;38;37.347;1.15
1070;16;39;49.508;17.83
1071;16;39;40.088;6.55
1072;17;18;13.725;24.15
1073;17;18;16.885;14.21
1074;17;19;46.477;20.62
1075;17;19;42.367;23.52
1076;17;19;45.744;12.27
1077;17;20;42.271;8.09
1078;17;21;28.647;4.14
1079;17;21;31.313;9.56
1080;17;22;57.399;24.97
1081;17;22;48.408;0.18
1082;17;23;93.102;18.03
1083;17;23;99.466;16.73
1084;17;23;107.509;7.87
1085;17;24;28.647;7.69
1086;17;24;27.192;1.49
1087;17;25;36.011;9.6
1088;17;26;70.123;19.03
1089;17;26;82.956;8.3
1090;17;26;61.968;19.55
1091;17;27;41.666;16.12
1092;17;27;33.174;20.26
1093;17;28;55.48;1.32
1094;17;29;46.565;7.43
1095;17;30;32.05;9.54
1096;17;31;24.314;22.89
1097;17;31;29.341;16.0
1098;17;32;43.283;23.5
1099;17;32;43.112;4.59
1100;17;33;42.726;2.6
1101;17;33;46.835;7.81
1102;17;34;28.594;14.86
1103;17;35;75.602;1.11
1104;17;35;60.149;9.85
1105;17;35;71.597;14.31
1106;17;36;36.838;11.17
1107;17;36;44.073;8.22
1108;17;37;27.879;18.32
1109;17;37;27.17;12.56
1110;17;38;42.272;13.96
1111;17;39;45.309;2.72
1112;17;39;45.963;14.77
1113;18;19;34.368;15.74
1114;18;19;40.968;18.67
1115;18;19;31.554;23.25
1116;18;20;31.901;11.9
1117;18;20;36.35;5.19
1118;18;20;36.419;8.81
1119;18;21;14.954;15.89
1120;18;21;12.853;15.14
1121;18;22;51.445;21.8
1122;18;22;41.277;0.25
1123;18;23;88.556;20.06
1124;18;23;86.703;19.67
1125;18;23;79.983;15.36
1126;18;24;14.954;19.7
1127;18;25;23.195;11.21
1128;18;25;26.555;24.16
1129;18;25;25.436;15.81
1130;18;26;64.996;20.21
1131;18;26;65.179;12.62
1132;18;26;79.557;9.73
1133;18;27;30.495;16.35
1134;18;28;66.004;12.08
1135;18;29;34.163;1.8
1136;18;29;37.712;22.97
1137;18;29;34.676;5.49
1138;18;30;18.772;23.82
1139;18;30;14.553;19.24
1140;18;30;17.716;0.72
1141;18;31;10.724;24.29
1142;18;32;31.323;23.94
1143;18;32;37.128;3.12
1144;18;32;32.148;1.03
1145;18;33;30.866;13.27
1146;18;33;23.572;19.52
1147;18;34;20.283;20.36
1148;18;34;22.955;16.33
1149;18;35;61.881;7.57
1150;18;35;50.624;19.08
1151;18;35;57.6;15.45
1152;18;36;23.636;3.36
1153;18;36;24.832;23.86
1154;18;37;14.157;5.14
1155;18;37;10.685;12.53
1156;18;37;10.705;23.26
1157;18;38;28.563;5.14
1158;18;38;34.31;23.72
1159;18;38;22.757;9.75
1160;18;39;31.884;22.48
1161;19;20;9.199;19.09
1162;19;21;22.227;1.9
1163;19;21;24.309;0.21
1164;19;21;18.104;15.98
1165;19;22;32.227;2.66
1166;19;22;25.963;22.9
1167;19;22;32.387;4.75
1168;19;23;66.937;6.51
1169;19;24;22.227;15.87
1170;19;24;21.959;6.2
1171;19;24;18.846;12.88
1172;19;25;11.648;11.09
1173;19;25;9.357;24.83
1174;19;26;44.819;19.19
1175;19;27;6.556;10.41
1176;19;28;84.631;2.68
1177;19;28;83.507;3.48
1178;19;28;92.114;16.78
1179;19;29;1.897;18.65
1180;19;29;1.99;19.58
1181;19;30;16.748;14.53
1182;19;30;17.828;11.18
1183;19;30;13.042;7.82
1184;19;31;27.876;18.86
1185;19;31;29.372;14.19
1186;19;31;33.145;10.22
1187;19;32;3.248;4.16
1188;19;32;3.482;8.77
1189;19;32;3.885;14.44
1190;19;33;3.909;24.08
1191;19;34;20.863;19.61
1192;19;34;18.057;12.55
1193;19;35;38.943;18.95
1194;19;35;41.952;12.2
1195;19;35;41.232;15.13
1196;19;36;27.607;24.45
1197;19;36;24.009;8.38
1198;19;36;24.906;4.17
1199;19;37;23.479;11.13
1200;19;38;20.445;18.64
1201;19;38;21.922;6.8
1202;19;39;26.736;21.55
1203;19;39;23.463;13.45
1204;19;39;31.584;16.51
1205;20;21;23.314;2.02
1206;20;22;25.157;6.43
1207;20;22;23.073;20.25
1208;20;22;29.663;2.41
1209;20;23;61.618;12.73
1210;20;24;23.314;13.33
1211;20;24;23.955;2.01
1212;20;24;26.906;22.44
1213;20;25;13.572;24.7
1214;20;25;11.522;22.98
1215;20;26;38.57;1.17
1216;20;27;3.558;6.15
1217;20;27;2.98;22.86
1218;20;27;3.822;2.63
1219;20;28;76.063;2.76
1220;20;28;93.286;10.84
1221;20;29;10.87;22.48
1222;20;29;11.168;16.29
1223;20;29;9.239;11.61
1224;20;30;18.012;20.15
1225;20;30;19.048;3.88
1226;20;31;28.231;18.29
1227;20;31;34.556;6.99
1228;20;32;7.399;21.48
1229;20;32;6.658;5.46
1230;20;32;8.284;23.55
1231;20;33;6.816;7.13
1232;20;33;7.876;15.81
1233;20;33;7.2;23.48
1234;20;34;14.211;19.49
1235;20;34;10.932;9.2
1236;20;35;48.138;15.99
1237;20;35;48.042;3.23
1238;20;36;31.95;7.41
1239;20;36;26.767;18.8
1240;20;36;25.201;3.04
1241;20;37;24.494;21.12
1242;20;38;26.6;7.88
1243;20;38;23.36;22.78
1244;20;39;33.232;22.68
1245;20;39;28.346;12.11
1246;21;22;47.259;3.73
1247;21;22;56.48;3.28
1248;21;22;46.712;3.0
1249;21;23;84.45;14.62
1250;21;24;0.0;1.74
1251;21;24;0.0;9.76
1252;21;24;0.0;3.13
1253;21;25;10.664;11.52
1254;21;26;61.024;17.89
1255;21;26;62.487;0.46
1256;21;26;69.729;8.31
1257;21;27;20.62;18.25
1258;21;27;21.102;10.24
1259;21;28;77.853;1.95
1260;21;29;21.465;24.66
1261;21;29;18.733;6.37
1262;21;29;22.185;15.75
1263;21;30;5.552;2.21
1264;21;30;5.513;18.58
1265;21;31;5.739;11.85
1266;21;32;19.755;10.0
1267;21;32;18.223;19.92
1268;21;32;18.538;24.63
1269;21;33;19.555;18.15
1270;21;33;17.385;13.42
1271;21;33;21.502;13.99
1272;21;34;18.593;23.82
1273;21;34;21.819;9.46
1274;21;35;47.081;8.07
1275;21;35;41.906;5.57
1276;21;36;11.984;12.44
1277;21;37;1.253;7.94
1278;21;37;1.426;11.55
1279;21;37;1.448;23.44
1280;21;38;13.977;16.4
1281;21;39;18.52;13.45
1282;21;39;21.482;8.82
1283;22;23;37.38;7.16
1284;22;23;36.229;16.99
1285;22;24;47.259;2.99
1286;22;25;38.546;10.79
1287;22;25;43.843;21.29
1288;22;26;13.798;23.98
1289;22;26;12.502;18.93
1290;22;27;28.646;11.15
1291;22;28;70.88;15.95
1292;22;28;58.178;10.6
1293;22;29;34.121;24.32
1294;22;29;40.526;13.66
1295;22;29;28.471;24.37
1296;22;30;42.459;10.15
1297;22;30;32.664;7.57
1298;22;30;51.537;23.83
1299;22;31;51.287;16.04
1300;22;31;50.161;24.93
1301;22;32;31.918;24.34
1302;22;32;24.335;21.6
1303;22;33;31.525;6.79
1304;22;33;37.898;19.15
1305;22;33;33.754;1.33
1306;22;34;31.245;23.1
1307;22;35;67.696;9.65
1308;22;35;59.669;5.13
1309;22;35;62.917;12.69
1310;22;36;56.963;10.44
1311;22;36;63.0;0.76
1312;22;37;48.307;24.42
1313;22;37;37.614;6.69
1314;22;37;36.641;17.5
1315;22;38;51.688;4.61
1316;22;39;58.284;12.4
1317;23;24;84.45;0.91
1318;23;24;87.702;16.72
1319;23;25;75.189;4.42
1320;23;25;77.215;21.62
1321;23;25;89.741;2.5
1322;23;26;23.616;21.72
1323;23;27;64.881;16.55
1324;23;27;73.694;3.76
1325;23;27;65.208;20.04
1326;23;28;89.77;11.48
1327;23;28;105.109;11.01
1328;23;28;99.448;11.68
1329;23;29;68.717;15.72
1330;23;29;62.158;16.75
1331;23;29;57.039;6.34
1332;23;30;79.454;0.02
1333;23;30;91.258;21.53
1334;23;30;69.905;8.91
1335;23;31;88.638;24.8
1336;23;31;81.333;11.5
1337;23;32;67.512;11.44
1338;23;33;67.282;12.17
1339;23;33;53.335;1.94
1340;23;33;71.829;14.62
1341;23;34;68.519;24.65
1342;23;35;95.462;4.77
1343;23;36;93.521;24.09
1344;23;37;85.535;12.98
1345;23;38;87.307;18.86
1346;23;39;93.673;22.2
1347;23;39;95.616;16.87
1348;24;25;10.664;7.92
1349;24;26;61.024;24.78
1350;24;26;57.306;19.4
1351;24;27;20.62;10.04
1352;24;28;77.853;10.74
1353;24;29;21.465;9.53
1354;24;29;19.905;2.19
1355;24;29;18.863;13.86
1356;24;30;5.552;15.13
1357;24;30;5.331;20.06
1358;24;31;5.739;10.13
1359;24;32;19.755;16.97
1360;24;33;19.555;1.18
1361;24;33;15.153;23.19
1362;24;34;18.593;5.4
1363;24;34;20.068;1.91
1364;24;35;47.081;22.4
1365;24;35;52.76;16.62
1366;24;35;44.204;6.58
1367;24;36;11.984;24.52
1368;24;37;1.253;20.92
1369;24;38;13.977;5.17
1370;24;39;18.52;20.44
1371;24;39;14.701;2.77
1372;25;26;52.091;4.47
1373;25;27;10.416;15.95
1374;25;28;79.476;1.97
1375;25;28;85.468;23.1
1376;25;28;85.414;21.71
1377;25;29;11.104;18.49
1378;25;29;12.841;22.03
1379;25;30;5.126;19.45
1380;25;31;16.247;2.17
1381;25;31;19.201;24.28
1382;25;31;17.23;9.9
1383;25;32;9.092;10.91
1384;25;32;10.108;12.35
1385;25;33;8.916;9.09
1386;25;34;15.322;23.42
1387;25;34;11.626;14.59
1388;25;35;42.833;18.12
1389;25;35;35.863;2.88
1390;25;35;48.477;15.08
1391;25;36;18.422;15.24
1392;25;36;16.109;2.35
1393;25;36;18.626;11.54
1394;25;37;11.916;16.38
1395;25;38;14.274;6.64
1396;25;38;15.691;1.11
1397;25;39;20.827;0.67
1398;25;39;25.615;17.79
1399;25;39;21.733;12.2
1400;26;27;41.967;16.52
1401;26;27;38.638;24.02
1402;26;28;75.592;10.25
1403;26;29;46.677;12.05
1404;26;29;49.962;19.47
1405;26;29;38.463;20.95
1406;26;30;56.153;19.0
1407;26;30;61.795;14.04
1408;26;31;65.084;4.91
1409;26;31;51.367;19.17
1410;26;32;44.946;23.68
1411;26;32;44.885;3.87
1412;26;33;44.63;21.99
1413;26;33;42.853;2.84
1414;26;33;45.106;14.86
1415;26;34;44.909;23.3
1416;26;34;46.924;24.44
1417;26;34;36.625;18.98
1418;26;35;77.521;8.58
1419;26;35;65.337;24.9
1420;26;36;70.506;14.06
1421;26;36;68.818;11.31
1422;26;36;57.776;14.25
1423;26;37;62.083;4.03
1424;26;37;65.075;11.95
1425;26;38;64.83;21.01
1426;26;38;50.76;19.61
1427;26;39;71.35;19.96
1428;26;39;66.526;10.57
1429;26;39;56.615;8.91
1430;27;28;78.082;20.14
1431;27;28;92.68;6.34
1432;27;29;7.941;13.45
1433;27;29;8.547;0.49
1434;27;30;15.161;18.81
1435;27;30;15.02;8.39
1436;27;30;18.459;24.4
1437;27;31;25.811;11.91
1438;27;32;4.071;20.49
1439;27;32;4.359;6.56
1440;27;33;3.402;22.11
1441;27;33;3.836;15.21
1442;27;34;14.692;17.49
1443;27;34;18.358;19.67
1444;27;35;45.288;9.2
1445;27;35;49.897;18.62
1446;27;35;44.599;4.56
1447;27;36;28.64;8.32
1448;27;37;21.837;13.51
1449;27;38;23.066;3.25
1450;27;38;22.014;13.15
1451;27;38;23.671;5.29
1452;27;39;29.69;13.56
1453;28;29;85.837;16.41
1454;28;30;78.248;5.46
1455;28;31;75.941;13.34
1456;28;32;81.758;20.46
1457;28;32;86.008;20.06
1458;28;33;81.016;4.15
1459;28;33;75.741;8.14
1460;28;34;64.575;22.16
1461;28;35;122.224;11.33
1462;28;35;122.122;9.36
1463;28;35;135.041;9.19
1464;28;36;88.962;16.13
1465;28;36;103.045;23.81
1466;28;37;77.704;10.88
1467;28;38;91.381;21.42
1468;28;38;101.758;15.81
1469;28;38;89.892;13.25
1470;28;39;96.367;16.47
1471;28;39;119.278;7.76
1472;29;30;16.093;4.41
1473;29;31;27.172;6.92
1474;29;32;4.08;23.75
1475;29;32;4.241;6.11
1476;29;33;4.821;6.4
1477;29;34;21.734;14.0
1478;29;34;24.935;11.27
1479;29;34;26.109;16.58
1480;29;35;37.362;21.19
1481;29;36;26.162;21.48
1482;29;37;22.709;22.59
1483;29;38;18.76;19.15
1484;29;38;22.131;24.47
1485;29;39;24.972;7.11
1486;29;39;29.704;13.45
1487;30;31;11.129;19.88
1488;30;31;12.532;2.08
1489;30;32;14.209;20.3
1490;30;32;13.486;10.93
1491;30;33;14.003;20.49
1492;30;33;17.076;7.18
1493;30;33;15.192;23.16
1494;30;34;15.85;20.83
1495;30;34;17.341;5.09
1496;30;34;15.284;10.04
1497;30;35;44.859;12.02
1498;30;35;55.111;0.88
1499;30;36;14.945;9.7
1500;30;37;6.801;9.28
1501;30;37;7.371;17.08
1502;30;37;7.354;5.79
1503;30;38;13.365;10.68
1504;30;38;14.437;16.56
1505;30;38;10.821;17.98
1506;30;39;19.29;18.72
1507;30;39;16.827;8.92
1508;30;39;21.077;20.18
1509;31;32;25.295;18.03
1510;31;32;23.979;23.04
1511;31;32;19.725;16.23
1512;31;33;25.046;6.21
1513;31;33;26.443;10.26
1514;31;33;22.469;14.97
1515;31;34;21.079;9.1
1516;31;35;51.373;14.0
1517;31;35;42.162;11.57
1518;31;35;46.622;11.09
1519;31;36;13.091;7.88
1520;31;36;15.198;22.4
1521;31;36;10.306;24.25
1522;31;37;4.534;16.08
1523;31;37;4.701;20.7
1524;31;38;18.039;23.83
1525;31;38;21.675;8.84
1526;31;38;19.957;13.01
1527;31;39;21.172;23.43
1528;32;33;0.742;6.45
1529;32;33;0.792;6.11
1530;32;33;0.612;20.47
1531;32;34;17.719;15.53
1532;32;34;18.385;9.75
1533;32;35;41.284;24.27
1534;32;35;45.805;9.72
1535;32;35;35.985;13.88
1536;32;36;26.27;16.17
1537;32;37;21.006;21.53
1538;32;37;21.058;8.83
1539;32;38;19.886;9.09
1540;32;38;22.345;2.06
1541;32;39;26.416;3.64
1542;33;34;17.0;5.62
1543;33;35;42.008;8.93
1544;33;35;39.569;12.74
1545;33;36;26.395;15.13
1546;33;37;20.804;15.44
1547;33;38;20.207;1.03
1548;33;38;23.528;13.02
1549;33;38;19.409;6.69
1550;33;39;26.77;16.79
1551;34;35;57.683;14.05
1552;34;36;30.3;18.32
1553;34;37;19.289;2.69
1554;34;38;28.942;5.3
1555;34;38;25.666;9.72
1556;34;39;35.108;18.32
1557;35;36;40.119;10.27
1558;35;36;33.312;14.98
1559;35;36;33.218;2.58
1560;35;37;47.756;16.73
1561;35;38;33.342;22.18
1562;35;38;32.582;5.83
1563;35;39;31.553;12.54
1564;35;39;29.94;11.83
1565;36;37;11.693;19.84
1566;36;37;14.456;10.13
1567;36;37;8.959;7.96
1568;36;38;8.953;21.51
1569;36;39;8.671;18.73
1570;36;39;7.799;5.73
1571;36;39;10.576;4.46
1572;37;38;14.514;23.27
1573;37;39;18.686;19.57
1574;37;39;14.595;24.88
1575;38;39;6.651;14.41
