VERTEX_COUNT 40
PATH_COUNT 1
BUDGET 240
<------------ VERTICES ------------>
0;START;41.374834;2.170055;0.0;0.0
1;Museu Nacional d’Art de Catalunya;41.36882;2.153347;45.0;100.0
2;Museu Picasso;41.385181;2.180863;45.0;86.06
3;Imaginart Gallery;41.393822;2.164627;45.0;83.99
4;Atelier;41.407719;2.158233;45.0;80.03
5;Barcelona;41.389034;2.16137;45.0;77.82
6;Contrast;41.387928;2.161469;45.0;75.98
7;Lorena Ruiz de Villa;41.397858;2.146705;45.0;75.02
8;Piramidon Centre d’Art Contemporani;41.422626;2.209764;45.0;74.7
9;Museu d’Història de Catalunya - MHC;41.380852;2.185799;45.0;72.12
10;Carles Taché;41.389851;2.164213;45.0;72.1
11;Galeria d’Art Mar Grup Escolà;41.392349;2.167836;45.0;71.99
12;Galeria Mayoral;41.389542;2.163808;45.0;71.32
13;Arts Santa Mònica;41.37722;2.176012;45.0;69.95
14;Basilica of the Sagrada Família;41.403568;2.174435;45.0;66.12
15;Museu Frederic Marès;41.384178;2.176819;45.0;63.74
16;A. Cortina;41.391098;2.161385;45.0;62.19
17;Beaskoa;41.384792;2.181268;45.0;61.68
18;Despair;41.387653;2.188076;45.0;61.55
19;Galeria Ferran Cano;41.375816;2.177766;45.0;61.53
20;Galeria Miquel Alzueta;41.397125;2.156751;45.0;61.49
21;Àngels Barcelona;41.382534;2.169249;45.0;59.58
22;Carmen Sallent;41.39637;2.153188;45.0;58.97
23;Museu d’Art Contemporani de Barcelona (MACBA);41.382809;2.166729;45.0;58.96
24;Artur Ramon Art;41.383682;2.17456;45.0;57.06
25;Fundació Fran Daurel;41.369118;2.146695;45.0;56.87
26;Pèrgamon Quatre Gràfica Quatre;41.382576;2.173292;45.0;54.81
27;CaixaForum;41.371357;2.149495;45.0;53.66
28;Museu Palmero;41.424667;2.139856;45.0;53.64
29;Monument to Doctor Robert;41.394924;2.175599;45.0;53.51
30;Museu d’Història de Barcelona;41.384144;2.177409;45.0;53.34
31;Museu Blau - Fòrum Building;41.41124;2.220333;45.0;52.9
32;Parc de la Ciutadella;41.389248;2.186548;45.0;51.71
33;Artevistas Gallery;41.381779;2.17652;45.0;51.59
34;Antic Hospital de la Santa Creu;41.380573;2.170374;45.0;51.11
35;CosmoCaixa;41.41317;2.130886;45.0;49.97
36;Museu de la Catedral;41.38382;2.176186;45.0;49.87
37;La Colmena;41.383835;2.178294;45.0;48.89
38;Avinguda d’Icària;41.391556;2.197416;45.0;48.66
39;FINISH;41.374834;2.170055;0.0;0.0
<------------- EDGES -------------->
0;0;1;23.796;13.71
1;0;2;22.496;10.59
2;0;2;21.58;13.68
3;0;2;21.8;6.17
4;0;3;33.232;10.72
5;0;4;58.284;5.45
6;0;4;53.613;17.95
7;0;4;58.691;15.05
8;0;5;26.736;4.69
9;0;5;27.392;14.03
10;0;6;24.972;2.2
11;0;6;18.769;18.62
12;0;6;23.456;12.39
13;0;7;49.508;1.29
14;0;7;61.491;13.9
15;0;7;52.996;22.28
16;0;8;96.367;21.01
17;0;9;22.688;9.17
18;0;9;25.584;12.63
19;0;10;26.77;3.14
20;0;11;30.107;5.19
21;0;11;34.88;9.15
22;0;12;26.416;15.58
23;0;12;26.371;6.02
24;0;12;24.003;0.04
25;0;13;8.671;2.06
26;0;14;49.491;3.6
27;0;14;61.742;14.62
28;0;15;18.196;17.25
29;0;15;18.268;15.68
30;0;16;29.975;7.88
31;0;16;25.623;17.34
32;0;16;28.488;5.25
33;0;17;22.308;8.63
34;0;17;22.68;12.6
35;0;17;25.754;13.86
36;0;18;31.884;17.34
37;0;18;32.427;1.95
38;0;18;32.239;23.0
39;0;19;10.043;4.75
40;0;20;41.795;11.91
41;0;20;51.657;6.39
42;0;20;37.085;0.29
43;0;21;13.217;5.52
44;0;22;42.745;2.69
45;0;23;14.3;13.55
46;0;23;13.293;16.5
47;0;24;16.208;19.01
48;0;24;12.578;6.65
49;0;24;16.845;9.3
50;0;25;31.553;23.09
51;0;25;31.895;12.61
52;0;25;38.379;15.63
53;0;26;13.885;8.98
54;0;27;27.064;4.68
55;0;27;22.816;17.96
56;0;27;32.624;13.23
57;0;28;93.673;11.35
58;0;29;35.108;1.2
59;0;30;18.52;21.4
60;0;30;19.437;24.34
61;0;30;14.989;9.88
62;0;31;89.706;7.53
63;0;32;32.509;14.1
64;0;32;35.996;17.0
65;0;32;35.005;0.52
66;0;33;14.497;4.28
67;0;34;9.829;16.97
68;0;34;11.328;11.06
69;0;35;82.655;2.67
70;0;35;93.924;8.64
71;0;36;17.275;17.46
72;0;36;15.511;0.18
73;0;37;18.686;22.25
74;0;38;45.309;22.05
75;0;38;48.625;9.78
76;0;39;0.0;20.41
77;1;2;45.08;6.44
78;1;3;45.169;17.08
79;1;3;39.163;3.15
80;1;4;66.86;19.73
81;1;5;36.092;3.41
82;1;6;34.321;2.25
83;1;6;42.569;6.0
84;1;6;42.444;4.87
85;1;7;50.417;15.5
86;1;7;56.947;21.84
87;1;7;60.488;13.34
88;1;8;117.144;11.1
89;1;9;46.481;2.29
90;1;10;38.599;20.97
91;1;11;44.354;23.34
92;1;11;50.816;14.81
93;1;12;37.919;15.64
94;1;12;36.673;12.76
95;1;12;37.859;20.99
96;1;13;32.461;9.73
97;1;13;39.731;9.58
98;1;13;26.146;6.23
99;1;14;65.336;20.01
100;1;14;78.971;17.41
101;1;15;39.989;18.59
102;1;15;30.153;8.32
103;1;15;36.004;15.91
104;1;16;39.495;12.12
105;1;16;34.601;23.32
106;1;16;30.215;10.24
107;1;17;45.082;14.08
108;1;17;47.328;18.0
109;1;17;48.513;14.78
110;1;18;55.02;4.11
111;1;18;45.261;24.84
112;1;18;58.22;17.24
113;1;19;33.565;24.73
114;1;19;29.315;9.62
115;1;19;40.619;6.01
116;1;20;48.633;8.61
117;1;20;42.27;20.07
118;1;20;49.193;11.22
119;1;21;31.108;24.03
120;1;22;47.145;22.64
121;1;22;52.3;18.61
122;1;22;45.047;12.89
123;1;23;29.467;23.47
124;1;24;37.266;17.64
125;1;25;8.558;3.49
126;1;25;8.723;2.34
127;1;25;8.946;7.76
128;1;26;34.786;5.19
129;1;26;36.529;15.8
130;1;27;6.582;19.81
131;1;28;97.123;20.5
132;1;28;90.731;9.09
133;1;29;53.025;4.42
134;1;29;62.928;17.14
135;1;29;63.894;21.57
136;1;30;40.525;18.4
137;1;30;38.986;23.01
138;1;30;50.372;7.97
139;1;31;112.538;8.44
140;1;32;55.131;19.34
141;1;32;46.274;6.19
142;1;32;63.184;15.73
143;1;33;37.111;24.0
144;1;33;41.537;18.41
145;1;34;29.708;1.05
146;1;34;23.422;18.7
147;1;34;25.754;22.4
148;1;35;81.186;5.9
149;1;35;100.336;12.03
150;1;35;79.284;8.71
151;1;36;38.974;8.42
152;1;36;46.937;20.1
153;1;37;41.065;0.6
154;1;37;45.693;18.12
155;1;37;37.301;18.99
156;1;38;68.67;4.01
157;1;38;81.192;12.47
158;1;39;23.796;11.9
159;2;3;25.556;21.08
160;2;3;29.459;11.99
161;2;3;26.725;13.4
162;2;4;48.284;24.26
163;2;4;52.317;1.04
164;2;4;52.295;17.35
165;2;5;25.88;13.15
166;2;5;27.145;18.8
167;2;5;20.955;20.05
168;2;6;25.339;12.99
169;2;7;48.924;5.3
170;2;7;51.029;9.58
171;2;8;74.04;21.65
172;2;9;9.749;22.91
173;2;10;22.821;14.35
174;2;10;28.244;4.88
175;2;10;18.948;20.55
176;2;11;20.74;17.01
177;2;12;23.133;20.99
178;2;12;21.194;22.18
179;2;12;19.726;8.44
180;2;13;14.979;18.44
181;2;13;17.515;24.23
182;2;13;17.449;20.02
183;2;14;32.528;15.39
184;2;14;32.25;12.26
185;2;15;5.468;12.53
186;2;15;5.672;16.83
187;2;16;26.979;12.36
188;2;16;20.495;14.63
189;2;17;0.845;23.87
190;2;18;10.181;19.98
191;2;19;16.512;6.03
192;2;19;16.929;5.18
193;2;19;13.652;12.72
194;2;20;37.094;22.21
195;2;21;15.584;19.66
196;2;21;12.178;22.72
197;2;22;40.36;20.19
198;2;22;34.639;11.0
199;2;23;18.595;20.99
200;2;24;8.489;17.49
201;2;24;7.201;18.03
202;2;24;6.71;8.0
203;2;25;51.773;23.05
204;2;26;10.694;19.6
205;2;26;12.376;22.44
206;2;26;10.164;20.34
207;2;27;46.711;16.76
208;2;28;85.65;7.74
209;2;29;17.99;5.67
210;2;30;4.777;3.21
211;2;30;3.761;5.82
212;2;30;4.839;9.66
213;2;31;67.495;14.6
214;2;31;77.321;21.88
215;2;32;10.085;10.48
216;2;33;8.061;14.98
217;2;34;15.606;5.44
218;2;34;18.607;12.42
219;2;34;15.636;1.2
220;2;35;80.059;22.61
221;2;35;75.533;5.57
222;2;35;93.625;9.11
223;2;36;6.441;0.78
224;2;37;4.023;11.01
225;2;37;4.501;15.24
226;2;38;23.888;2.79
227;2;39;22.496;7.01
228;3;4;25.157;13.09
229;3;5;9.199;14.58
230;3;6;10.87;4.26
231;3;6;10.249;2.8
232;3;6;10.488;8.19
233;3;7;24.021;19.08
234;3;8;76.063;20.27
235;3;8;62.221;15.22
236;3;9;35.092;20.31
237;3;9;42.473;10.71
238;3;10;6.816;4.73
239;3;10;6.835;10.3
240;3;11;4.83;15.66
241;3;11;5.277;12.52
242;3;12;7.399;17.69
243;3;12;8.648;11.31
244;3;12;5.785;12.35
245;3;13;31.95;9.47
246;3;13;29.702;7.44
247;3;13;26.112;15.47
248;3;14;20.896;2.49
249;3;14;23.155;20.84
250;3;14;20.054;20.07
251;3;15;22.745;17.55
252;3;15;18.262;5.69
253;3;16;6.249;1.06
254;3;17;26.367;21.55
255;3;17;31.586;9.02
256;3;17;26.103;22.43
257;3;18;31.901;17.5
258;3;18;30.293;13.55
259;3;18;26.601;14.9
260;3;19;35.128;9.9
261;3;19;28.928;20.0
262;3;20;11.583;0.02
263;3;20;14.235;9.55
264;3;20;10.289;14.97
265;3;21;20.207;2.9
266;3;21;16.238;16.48
267;3;22;15.318;13.3
268;3;23;19.038;14.05
269;3;23;14.389;19.92
270;3;24;21.534;21.43
271;3;24;23.486;4.93
272;3;25;48.138;19.83
273;3;25;60.154;0.23
274;3;25;40.991;17.49
275;3;26;22.228;21.78
276;3;26;23.274;21.21
277;3;27;43.073;0.32
278;3;27;37.205;9.83
279;3;27;34.342;11.2
280;3;28;61.618;9.08
281;3;29;14.211;3.92
282;3;30;23.314;23.53
283;3;30;17.837;18.86
284;3;31;77.466;7.85
285;3;31;93.945;17.84
286;3;32;29.21;6.98
287;3;32;30.61;0.69
288;3;32;24.076;4.42
289;3;33;25.648;3.01
290;3;34;23.842;10.78
291;3;35;54.514;13.67
292;3;35;47.889;19.78
293;3;35;56.951;12.48
294;3;36;22.653;5.24
295;3;36;26.436;9.66
296;3;36;20.987;14.99
297;3;37;24.494;21.8
298;3;37;28.701;20.94
299;3;38;42.271;20.94
300;3;38;38.383;16.82
301;3;39;33.232;6.95
302;4;5;32.227;1.57
303;4;5;27.466;12.98
304;4;6;34.121;17.36
305;4;6;31.571;23.24
306;4;7;22.443;13.21
307;4;7;20.108;5.48
308;4;7;23.963;16.95
309;4;8;70.88;20.71
310;4;8;59.835;16.65
311;4;9;58.017;11.42
312;4;10;31.525;16.5
313;4;10;26.953;15.47
314;4;10;24.712;7.54
315;4;11;29.047;19.12
316;4;11;35.957;18.54
317;4;12;31.918;19.9
318;4;12;39.472;11.33
319;4;12;28.9;24.62
320;4;13;56.963;21.53
321;4;13;57.842;12.07
322;4;13;56.846;15.64
323;4;14;21.975;18.42
324;4;15;46.819;20.07
325;4;15;56.988;8.55
326;4;16;28.729;5.53
327;4;17;49.129;5.66
328;4;18;51.445;14.19
329;4;18;49.651;19.65
330;4;19;60.077;8.58
331;4;19;58.07;10.33
332;4;19;66.618;9.88
333;4;20;18.228;16.74
334;4;20;16.386;6.31
335;4;20;15.559;1.24
336;4;21;45.358;6.43
337;4;22;20.472;12.14
338;4;22;17.471;14.6
339;4;23;44.0;18.4
340;4;23;39.425;16.62
341;4;24;46.165;20.59
342;4;24;41.832;23.82
343;4;24;54.737;24.46
344;4;25;67.696;4.05
345;4;25;67.955;16.08
346;4;25;73.055;10.59
347;4;26;47.169;0.51
348;4;26;56.885;4.67
349;4;26;39.582;21.47
350;4;27;63.227;21.03
351;4;27;64.613;17.88
352;4;27;59.33;9.86
353;4;28;37.38;18.17
354;4;28;30.133;12.38
355;4;28;33.784;12.38
356;4;29;31.245;3.38
357;4;29;33.73;2.68
358;4;30;47.259;5.46
359;4;30;45.038;21.27
360;4;30;54.759;5.39
361;4;31;79.928;0.7
362;4;31;70.269;14.12
363;4;31;60.138;0.75
364;4;32;48.168;16.59
365;4;33;50.214;10.55
366;4;34;48.998;5.09
367;4;35;36.316;2.17
368;4;35;44.575;23.41
369;4;35;27.781;11.83
370;4;36;46.943;11.98
371;4;37;48.307;18.12
372;4;37;53.367;11.45
373;4;37;50.637;20.36
374;4;38;57.399;20.72
375;4;38;50.451;23.89
376;4;39;58.284;1.43
377;4;39;70.903;6.43
378;4;39;69.344;21.07
379;5;6;1.897;17.07
380;5;6;2.303;1.77
381;5;7;24.134;12.68
382;5;7;18.204;15.5
383;5;7;26.138;2.15
384;5;8;84.631;10.6
385;5;9;34.348;4.86
386;5;9;30.188;14.91
387;5;9;27.927;14.27
388;5;10;3.909;2.58
389;5;11;10.054;3.28
390;5;11;8.034;11.54
391;5;12;3.248;4.36
392;5;12;3.749;5.58
393;5;12;2.751;11.02
394;5;13;27.607;6.53
395;5;14;29.997;11.12
396;5;15;21.505;21.18
397;5;15;20.028;19.9
398;5;15;26.326;20.33
399;5;16;3.532;21.73
400;5;17;26.558;24.66
401;5;17;28.932;6.14
402;5;17;32.596;4.33
403;5;18;34.368;6.78
404;5;18;37.936;2.72
405;5;19;30.9;18.15
406;5;19;29.255;6.82
407;5;19;28.169;8.43
408;5;20;15.062;18.31
409;5;20;12.127;20.98
410;5;21;15.035;14.42
411;5;22;16.368;19.12
412;5;22;18.585;0.83
413;5;23;12.681;24.45
414;5;23;15.388;7.85
415;5;23;10.168;1.53
416;5;24;19.252;22.11
417;5;25;38.943;2.64
418;5;25;40.535;11.46
419;5;26;18.879;2.82
420;5;27;33.875;12.8
421;5;28;66.937;11.1
422;5;29;20.863;1.42
423;5;29;24.183;12.5
424;5;30;22.227;4.3
425;5;30;22.24;24.74
426;5;31;84.689;22.84
427;5;31;98.607;1.56
428;5;31;101.546;8.94
429;5;32;32.326;11.21
430;5;32;31.018;5.32
431;5;32;38.873;5.17
432;5;33;23.075;4.42
433;5;33;18.103;15.54
434;5;34;18.528;2.22
435;5;34;16.382;11.97
436;5;34;14.756;16.48
437;5;35;56.894;0.59
438;5;36;21.011;1.67
439;5;36;19.02;4.79
440;5;36;22.388;7.61
441;5;37;23.479;16.16
442;5;38;46.477;16.83
443;5;38;46.336;17.27
444;5;38;44.672;11.79
445;5;39;26.736;0.83
446;5;39;32.122;3.53
447;5;39;20.231;16.77
448;6;7;25.455;23.11
449;6;8;85.837;11.17
450;6;8;75.725;15.09
451;6;8;102.213;2.93
452;6;9;33.502;24.53
453;6;9;26.621;7.67
454;6;10;4.821;2.99
455;6;11;11.138;19.36
456;6;11;10.394;14.19
457;6;12;4.08;12.91
458;6;13;26.162;5.99
459;6;14;31.517;17.99
460;6;14;28.862;0.74
461;6;14;33.33;2.91
462;6;15;20.726;15.05
463;6;15;16.453;8.89
464;6;15;17.397;22.37
465;6;16;5.426;12.87
466;6;16;5.677;0.87
467;6;16;4.348;22.46
468;6;17;25.98;20.96
469;6;17;22.995;20.54
470;6;18;34.163;1.43
471;6;18;41.708;21.11
472;6;19;29.452;12.0
473;6;19;22.723;19.24
474;6;19;25.045;17.93
475;6;20;16.863;15.07
476;6;21;13.601;1.89
477;6;22;17.936;1.76
478;6;22;19.256;8.28
479;6;23;11.061;23.66
480;6;23;13.289;7.65
481;6;23;8.657;2.35
482;6;24;18.311;20.32
483;6;25;37.362;24.74
484;6;25;32.9;22.43
485;6;25;38.178;3.15
486;6;26;17.728;15.85
487;6;27;32.257;11.52
488;6;28;68.717;23.89
489;6;28;63.163;11.4
490;6;28;56.327;22.43
491;6;29;21.734;2.76
492;6;29;18.456;23.3
493;6;29;17.94;19.51
494;6;30;21.465;10.09
495;6;30;22.261;16.09
496;6;30;16.247;2.7
497;6;31;85.443;2.17
498;6;31;97.689;1.07
499;6;32;32.276;14.11
500;6;32;38.92;7.37
501;6;32;34.883;9.56
502;6;33;22.003;4.36
503;6;33;22.566;5.42
504;6;33;27.484;12.8
505;6;34;17.004;7.93
506;6;34;13.553;0.13
507;6;34;15.962;3.23
508;6;35;58.368;10.12
509;6;35;72.917;20.96
510;6;36;20.16;19.36
511;6;37;22.709;23.48
512;6;37;23.087;3.49
513;6;38;46.565;11.16
514;6;39;24.972;15.2
515;6;39;27.215;4.2
516;6;39;20.245;17.74
517;7;8;91.357;10.54
518;7;8;80.855;20.13
519;7;8;110.158;9.48
520;7;9;58.016;16.36
521;7;9;68.646;5.21
522;7;9;43.837;16.28
523;7;10;26.323;3.77
524;7;10;26.369;10.07
525;7;10;25.613;23.34
526;7;11;28.717;12.17
527;7;11;22.307;3.04
528;7;12;26.164;5.73
529;7;12;27.523;0.93
530;7;12;20.964;11.85
531;7;13;51.604;1.0
532;7;13;44.221;21.6
533;7;14;36.911;10.78
534;7;14;45.194;0.9
535;7;14;28.269;16.87
536;7;15;45.195;20.81
537;7;15;46.345;1.26
538;7;16;22.112;16.49
539;7;16;20.136;4.36
540;7;16;16.688;0.83
541;7;17;49.686;10.14
542;7;17;59.417;18.16
543;7;17;45.039;15.59
544;7;18;55.908;22.32
545;7;19;54.891;21.67
546;7;20;12.957;4.75
547;7;21;39.055;18.55
548;7;22;8.703;19.57
549;7;23;36.387;8.26
550;7;23;40.993;12.92
551;7;23;38.152;23.13
552;7;24;43.212;7.19
553;7;25;49.181;13.04
554;7;25;47.121;4.06
555;7;26;42.999;7.83
556;7;26;36.79;12.34
557;7;27;45.491;14.61
558;7;27;36.273;21.78
559;7;28;46.711;4.48
560;7;28;56.792;3.07
561;7;28;51.036;1.43
562;7;29;37.429;6.84
563;7;30;45.875;13.74
564;7;31;97.238;12.4
565;7;31;86.318;15.11
566;7;32;53.228;2.59
567;7;33;47.14;19.39
568;7;33;58.583;24.99
569;7;34;42.406;4.5
570;7;34;52.786;23.39
571;7;34;33.563;4.4
572;7;35;33.148;11.88
573;7;36;44.827;23.77
574;7;36;53.165;6.71
575;7;36;37.753;9.34
576;7;37;47.122;5.46
577;7;37;39.016;15.93
578;7;37;46.494;19.43
579;7;38;65.986;5.69
580;7;38;65.543;9.73
581;7;39;49.508;17.06
582;7;39;59.761;19.57
583;7;39;60.965;21.68
584;8;9;77.822;8.81
585;8;10;81.016;17.57
586;8;11;74.701;17.89
587;8;11;81.107;11.0
588;8;12;81.758;23.86
589;8;13;88.962;9.21
590;8;14;55.85;7.86
591;8;15;78.211;24.68
592;8;15;77.15;19.41
593;8;15;67.519;15.45
594;8;16;82.258;18.93
595;8;17;74.36;9.34
596;8;17;87.903;14.03
597;8;17;77.912;4.33
598;8;18;66.004;5.28
599;8;18;58.358;21.2
600;8;18;81.924;3.41
601;8;19;90.019;21.68
602;8;19;82.546;24.31
603;8;19;81.161;22.49
604;8;20;80.83;9.62
605;8;20;80.395;2.71
606;8;20;73.772;0.7
607;8;21;86.088;2.74
608;8;22;85.388;8.87
609;8;22;71.971;16.91
610;8;22;90.805;17.66
611;8;23;87.714;19.17
612;8;24;80.517;14.89
613;8;24;87.858;19.69
614;8;24;62.886;11.53
615;8;25;122.224;8.7
616;8;25;145.415;10.18
617;8;26;82.997;11.8
618;8;26;96.85;12.19
619;8;26;98.575;0.77
620;8;27;116.972;7.33
621;8;27;142.211;7.14
622;8;27;93.95;14.85
623;8;28;89.77;11.03
624;8;28;83.664;15.48
625;8;29;64.575;23.87
626;8;29;74.896;1.72
627;8;29;66.386;20.88
628;8;30;77.853;19.64
629;8;31;23.74;1.31
630;8;31;19.691;24.62
631;8;31;22.005;17.81
632;8;32;64.423;22.81
633;8;32;76.972;0.93
634;8;33;81.894;22.9
635;8;33;64.855;15.98
636;8;33;69.581;21.16
637;8;34;87.948;24.63
638;8;34;72.003;20.91
639;8;34;66.665;5.32
640;8;35;102.506;7.01
641;8;35;108.99;14.62
642;8;35;81.676;11.44
643;8;36;79.166;6.96
644;8;37;77.704;16.44
645;8;38;55.48;19.05
646;8;38;68.376;13.78
647;8;39;96.367;17.4
648;9;10;31.705;22.53
649;9;11;30.314;3.61
650;9;11;29.125;12.93
651;9;11;25.652;21.3
652;9;12;31.911;16.44
653;9;12;39.23;3.28
654;9;13;14.02;3.27
655;9;14;41.52;0.48
656;9;14;43.536;18.79
657;9;14;35.733;9.52
658;9;15;12.858;1.32
659;9;15;11.714;14.36
660;9;16;35.915;15.01
661;9;17;8.905;11.21
662;9;17;7.825;0.92
663;9;17;7.845;12.24
664;9;18;12.0;7.34
665;9;18;14.479;2.41
666;9;18;14.73;5.45
667;9;19;13.441;22.88
668;9;19;10.359;2.53
669;9;19;12.349;18.63
670;9;20;46.542;16.65
671;9;20;39.854;10.57
672;9;20;38.777;1.74
673;9;21;21.444;4.24
674;9;21;23.506;7.66
675;9;21;21.59;16.01
676;9;22;49.578;3.99
677;9;22;41.845;12.45
678;9;22;41.189;18.05
679;9;23;24.713;10.42
680;9;23;20.571;17.7
681;9;24;15.221;4.28
682;9;25;54.08;24.58
683;9;26;16.327;7.35
684;9;26;16.201;12.31
685;9;26;17.26;8.43
686;9;27;49.368;19.54
687;9;27;56.483;22.18
688;9;27;44.243;4.68
689;9;28;95.389;12.74
690;9;28;112.105;16.01
691;9;29;27.411;8.0
692;9;30;12.156;21.3
693;9;30;10.957;7.51
694;9;31;68.332;14.67
695;9;31;53.701;10.0
696;9;32;14.4;23.94
697;9;33;12.019;20.7
698;9;33;11.131;2.41
699;9;33;10.18;4.97
700;9;34;19.811;11.04
701;9;34;17.061;22.99
702;9;35;89.595;8.9
703;9;35;107.591;2.55
704;9;35;92.745;19.41
705;9;36;13.347;0.68
706;9;36;12.991;13.15
707;9;36;12.657;2.78
708;9;37;10.905;14.91
709;9;38;23.621;21.56
710;9;38;22.307;7.24
711;9;39;22.688;7.48
712;9;39;26.6;13.57
713;9;39;17.117;20.31
714;10;11;6.317;23.66
715;10;11;7.571;7.54
716;10;12;0.742;4.41
717;10;12;0.622;18.11
718;10;13;26.395;14.31
719;10;13;30.475;14.32
720;10;14;26.892;17.3
721;10;14;31.363;3.49
722;10;14;31.204;9.29
723;10;15;18.873;16.74
724;10;15;19.685;17.33
725;10;16;4.211;15.28
726;10;16;4.095;13.35
727;10;17;23.546;19.36
728;10;17;23.516;7.51
729;10;18;30.866;24.08
730;10;18;31.178;22.18
731;10;18;27.757;8.03
732;10;19;29.659;10.42
733;10;20;15.707;9.85
734;10;20;15.41;0.43
735;10;20;13.474;18.44
736;10;21;14.092;9.26
737;10;21;13.775;8.55
738;10;22;18.021;4.85
739;10;23;12.476;19.3
740;10;24;16.968;14.45
741;10;25;42.008;18.34
742;10;25;35.724;18.85
743;10;26;17.054;13.66
744;10;26;14.047;4.57
745;10;26;15.524;7.02
746;10;27;36.86;5.61
747;10;28;67.282;7.83
748;10;28;77.289;2.7
749;10;28;62.62;0.94
750;10;29;17.0;10.04
751;10;30;19.555;12.25
752;10;31;80.801;19.75
753;10;31;84.981;9.08
754;10;31;63.339;23.76
755;10;32;28.693;5.18
756;10;32;32.664;2.35
757;10;33;20.987;6.88
758;10;33;19.763;6.91
759;10;33;26.099;6.97
760;10;34;17.738;17.86
761;10;34;21.897;7.29
762;10;34;15.956;3.24
763;10;35;58.5;9.27
764;10;36;18.515;16.03
765;10;37;20.804;17.1
766;10;38;42.726;15.4
767;10;38;46.646;20.91
768;10;39;26.77;8.37
769;10;39;29.996;10.19
770;11;12;7.058;2.71
771;11;12;8.064;18.59
772;11;12;7.087;24.05
773;11;13;27.936;16.22
774;11;14;20.984;19.06
775;11;15;18.125;24.04
776;11;15;17.621;7.71
777;11;15;21.863;0.81
778;11;16;8.554;3.49
779;11;16;8.107;18.93
780;11;17;21.555;16.54
781;11;17;18.425;10.33
782;11;17;20.328;4.58
783;11;18;27.199;11.02
784;11;18;33.965;14.26
785;11;19;31.032;9.55
786;11;19;31.864;12.75
787;11;20;16.41;11.78
788;11;21;16.893;14.88
789;11;21;16.541;22.42
790;11;21;20.041;5.38
791;11;22;20.023;2.1
792;11;22;23.327;20.91
793;11;23;16.387;21.33
794;11;23;16.263;5.12
795;11;24;17.161;11.35
796;11;24;20.947;23.8
797;11;24;13.996;9.86
798;11;25;48.137;8.63
799;11;25;50.229;13.46
800;11;26;18.132;24.07
801;11;26;17.027;13.35
802;11;27;42.953;0.18
803;11;27;35.02;6.45
804;11;27;40.272;22.54
805;11;28;65.94;4.32
806;11;28;69.234;10.11
807;11;28;68.236;3.99
808;11;29;10.896;0.55
809;11;29;9.868;5.65
810;11;29;12.328;15.33
811;11;30;18.66;5.13
812;11;30;22.072;1.16
813;11;30;15.519;10.65
814;11;31;74.737;0.6
815;11;31;72.787;20.63
816;11;32;24.601;17.87
817;11;33;21.248;15.53
818;11;33;19.585;0.41
819;11;34;20.413;9.95
820;11;34;20.545;7.68
821;11;35;59.32;12.22
822;11;36;18.109;8.51
823;11;36;15.017;20.59
824;11;37;19.813;5.71
825;11;38;37.998;10.21
826;11;38;45.65;19.09
827;11;39;30.107;13.65
828;12;13;26.27;17.24
829;12;13;30.168;13.52
830;12;14;27.608;10.23
831;12;15;19.06;15.57
832;12;15;22.507;11.17
833;12;16;4.095;15.56
834;12;16;4.513;2.63
835;12;16;3.978;4.26
836;12;17;23.844;23.86
837;12;17;25.12;6.59
838;12;17;19.327;5.8
839;12;18;31.323;21.51
840;12;19;29.545;4.92
841;12;20;15.826;19.99
842;12;20;16.682;6.58
843;12;21;13.879;12.85
844;12;22;17.955;20.13
845;12;22;14.368;19.32
846;12;23;12.117;11.31
847;12;23;13.713;2.85
848;12;24;17.062;21.61
849;12;24;17.044;4.35
850;12;25;41.284;4.84
851;12;26;17.04;22.45
852;12;26;16.625;3.0
853;12;27;36.14;19.57
854;12;27;31.837;14.19
855;12;27;41.021;3.87
856;12;28;67.512;18.74
857;12;28;73.857;24.17
858;12;29;17.719;17.45
859;12;29;14.428;11.45
860;12;29;17.827;8.2
861;12;30;19.755;5.93
862;12;31;81.504;4.22
863;12;31;98.894;18.65
864;12;31;88.005;13.95
865;12;32;29.198;11.36
866;12;32;34.526;2.16
867;12;32;23.452;7.17
868;12;33;21.044;21.47
869;12;33;24.589;2.29
870;12;33;21.653;14.51
871;12;34;17.511;23.21
872;12;34;20.023;24.03
873;12;34;16.545;3.47
874;12;35;58.486;2.53
875;12;35;55.656;9.12
876;12;35;47.348;0.51
877;12;36;18.666;14.55
878;12;36;17.625;22.09
879;12;36;18.656;6.92
880;12;37;21.006;9.03
881;12;38;43.283;2.5
882;12;38;33.592;18.27
883;12;39;26.416;8.68
884;13;14;45.133;24.17
885;13;14;38.577;1.43
886;13;14;43.574;18.79
887;13;15;11.952;11.35
888;13;16;30.277;5.14
889;13;16;35.739;14.31
890;13;17;14.61;7.91
891;13;18;23.636;9.53
892;13;18;22.153;7.84
893;13;18;24.818;14.52
894;13;19;3.293;19.26
895;13;19;2.739;10.63
896;13;19;3.58;21.29
897;13;20;42.092;19.67
898;13;20;48.73;7.7
899;13;21;12.574;1.07
900;13;21;10.479;17.65
901;13;21;13.446;22.95
902;13;22;43.961;17.84
903;13;22;39.235;9.36
904;13;22;49.263;11.2
905;13;23;15.282;20.93
906;13;23;13.214;18.91
907;13;24;11.214;15.05
908;13;25;40.119;7.49
909;13;26;9.808;23.61
910;13;26;8.509;3.28
911;13;27;35.498;22.6
912;13;27;33.156;8.32
913;13;28;93.521;8.25
914;13;29;30.3;13.66
915;13;29;34.913;12.46
916;13;30;11.984;3.75
917;13;31;81.402;18.14
918;13;31;68.486;19.35
919;13;32;24.63;0.83
920;13;32;27.943;15.61
921;13;33;7.829;7.71
922;13;33;8.682;2.06
923;13;34;9.237;13.72
924;13;35;84.5;19.95
925;13;35;89.826;20.8
926;13;35;101.175;7.23
927;13;36;11.296;0.72
928;13;36;11.904;19.41
929;13;37;11.693;22.86
930;13;37;11.635;2.1
931;13;38;36.838;0.05
932;13;38;44.11;3.41
933;13;38;38.664;0.45
934;13;39;8.671;22.53
935;13;39;8.033;18.4
936;13;39;9.78;6.42
937;14;15;33.322;2.57
938;14;16;27.129;2.77
939;14;17;33.306;12.23
940;14;17;31.22;7.34
941;14;18;32.378;18.75
942;14;18;33.738;8.83
943;14;19;47.682;10.45
944;14;19;40.747;2.4
945;14;19;51.243;0.22
946;14;20;25.235;7.74
947;14;21;36.604;17.81
948;14;22;29.925;13.92
949;14;23;36.875;0.38
950;14;23;31.629;23.79
951;14;24;34.03;16.7
952;14;25;68.875;9.81
953;14;26;35.952;23.29
954;14;26;36.47;3.36
955;14;27;63.746;20.64
956;14;27;70.547;22.96
957;14;27;54.48;6.41
958;14;28;57.209;0.42
959;14;29;14.867;23.93
960;14;30;33.457;22.54
961;14;30;26.931;1.03
962;14;31;60.354;18.09
963;14;31;55.05;21.16
964;14;32;29.022;0.22
965;14;32;26.999;6.63
966;14;32;27.974;15.44
967;14;33;37.382;14.72
968;14;33;36.456;13.07
969;14;34;39.694;16.02
970;14;34;36.115;3.97
971;14;35;58.258;15.78
972;14;35;60.297;13.56
973;14;35;66.786;13.43
974;14;36;33.868;5.99
975;14;36;34.253;3.15
976;14;36;27.624;23.94
977;14;37;34.129;13.49
978;14;37;40.618;2.35
979;14;37;33.056;18.29
980;14;38;35.955;5.14
981;14;38;34.391;7.62
982;14;39;49.491;4.08
983;15;16;23.084;22.28
984;15;17;5.808;7.83
985;15;18;15.628;21.19
986;15;19;14.361;21.02
987;15;20;33.979;9.68
988;15;20;40.607;10.44
989;15;21;10.118;15.51
990;15;21;8.297;17.88
991;15;21;12.112;20.76
992;15;22;36.819;18.16
993;15;23;13.165;11.29
994;15;23;14.855;23.17
995;15;24;3.022;24.94
996;15;24;3.576;19.27
997;15;25;46.48;20.03
998;15;25;40.829;22.86
999;15;26;5.294;16.12
1000;15;26;4.048;24.48
1001;15;27;41.38;1.41
1002;15;27;32.04;10.22
1003;15;27;35.332;1.65
1004;15;28;83.972;15.74
1005;15;28;102.489;7.27
1006;15;28;84.89;11.61
1007;15;29;18.455;3.15
1008;15;29;20.024;18.32
1009;15;29;19.456;17.74
1010;15;30;0.76;19.62
1011;15;30;0.649;0.34
1012;15;31;72.557;1.64
1013;15;32;15.208;23.6
1014;15;32;15.633;23.06
1015;15;33;4.123;18.97
1016;15;33;4.211;14.38
1017;15;34;10.322;11.89
1018;15;34;8.326;15.89
1019;15;34;10.209;15.69
1020;15;35;77.057;6.62
1021;15;36;1.018;5.64
1022;15;36;1.072;22.8
1023;15;36;1.265;15.43
1024;15;37;1.983;19.43
1025;15;38;29.303;21.62
1026;15;39;18.196;24.9
1027;15;39;22.126;23.84
1028;15;39;18.169;6.77
1029;16;17;27.714;22.23
1030;16;18;34.77;9.9
1031;16;19;33.559;15.38
1032;16;19;41.507;3.98
1033;16;20;11.906;24.79
1034;16;20;14.485;21.44
1035;16;21;17.796;17.6
1036;16;21;15.266;8.31
1037;16;22;13.861;20.17
1038;16;22;13.32;0.82
1039;16;23;15.757;18.67
1040;16;23;15.359;3.73
1041;16;24;21.146;19.47
1042;16;24;18.083;4.14
1043;16;25;42.077;22.47
1044;16;25;47.467;8.32
1045;16;25;49.695;19.57
1046;16;26;21.127;17.17
1047;16;26;24.303;21.51
1048;16;27;37.071;3.38
1049;16;27;40.77;8.13
1050;16;27;27.959;13.54
1051;16;28;63.744;13.09
1052;16;28;49.835;14.78
1053;16;29;19.386;3.45
1054;16;29;21.494;17.84
1055;16;29;15.573;23.53
1056;16;30;23.766;4.76
1057;16;30;29.315;23.04
1058;16;31;83.146;8.31
1059;16;31;88.4;0.81
1060;16;32;32.459;24.53
1061;16;32;27.774;2.38
1062;16;33;25.137;24.56
1063;16;33;28.46;23.86
1064;16;34;21.391;4.52
1065;16;34;19.765;15.06
1066;16;35;54.398;4.96
1067;16;35;54.833;24.23
1068;16;36;22.72;3.72
1069;16;36;25.337;13.73
1070;16;37;25.015;2.32
1071;16;38;46.263;18.99
1072;16;38;42.76;8.97
1073;16;39;29.975;6.49
1074;16;39;30.735;4.8
1075;16;39;31.9;1.68
1076;17;18;10.018;20.55
1077;17;18;9.968;2.05
1078;17;19;16.005;17.39
1079;17;20;37.895;2.3
1080;17;21;15.908;18.65
1081;17;22;41.135;2.11
1082;17;22;31.504;9.6
1083;17;22;47.331;24.67
1084;17;23;18.973;8.39
1085;17;23;19.161;2.35
1086;17;24;8.82;21.89
1087;17;24;10.02;10.4
1088;17;24;10.018;4.95
1089;17;25;51.868;8.46
1090;17;26;10.92;4.69
1091;17;26;12.319;23.76
1092;17;27;46.83;0.82
1093;17;27;46.169;12.28
1094;17;28;86.494;9.86
1095;17;28;105.418;9.87
1096;17;29;18.804;20.95
1097;17;29;14.442;10.61
1098;17;29;23.41;20.31
1099;17;30;5.077;20.26
1100;17;31;67.55;11.48
1101;17;31;56.628;11.06
1102;17;31;73.0;18.87
1103;17;32;10.203;6.5
1104;17;32;9.821;23.13
1105;17;32;9.482;0.84
1106;17;33;7.984;21.66
1107;17;33;8.381;1.78
1108;17;34;15.741;2.22
1109;17;35;80.874;1.87
1110;17;35;84.799;9.93
1111;17;35;63.778;20.57
1112;17;36;6.734;3.27
1113;17;36;7.416;17.82
1114;17;36;8.106;23.31
1115;17;37;4.155;0.47
1116;17;37;4.404;0.74
1117;17;37;3.721;4.39
1118;17;38;23.744;23.99
1119;17;39;22.308;14.25
1120;17;39;25.866;13.34
1121;18;19;24.198;2.57
1122;18;19;24.599;7.82
1123;18;19;28.739;1.88
1124;18;20;43.358;6.01
1125;18;20;33.11;20.72
1126;18;20;52.812;10.1
1127;18;21;25.71;11.65
1128;18;21;19.907;9.15
1129;18;21;22.726;24.98
1130;18;22;47.207;13.11
1131;18;23;28.634;6.45
1132;18;24;18.636;2.39
1133;18;25;61.881;11.35
1134;18;26;20.875;9.69
1135;18;26;23.912;17.94
1136;18;26;19.389;0.36
1137;18;27;56.848;11.94
1138;18;27;56.008;5.43
1139;18;27;64.542;16.1
1140;18;28;88.556;18.12
1141;18;28;83.157;14.3
1142;18;28;91.577;24.05
1143;18;29;20.283;12.9
1144;18;29;15.365;14.13
1145;18;29;15.747;16.56
1146;18;30;14.954;17.1
1147;18;30;12.008;10.92
1148;18;30;14.742;13.96
1149;18;31;57.824;23.91
1150;18;32;3.361;9.44
1151;18;32;3.719;12.52
1152;18;33;17.921;5.22
1153;18;33;16.431;4.44
1154;18;34;25.756;24.37
1155;18;34;28.477;13.34
1156;18;35;85.414;8.88
1157;18;36;16.615;24.78
1158;18;36;15.467;1.55
1159;18;36;19.951;3.23
1160;18;37;14.157;19.97
1161;18;37;11.48;8.82
1162;18;37;12.297;15.33
1163;18;38;13.725;18.22
1164;18;39;31.884;16.81
1165;18;39;39.28;20.01
1166;18;39;39.685;15.77
1167;19;20;45.361;9.14
1168;19;20;51.823;23.61
1169;19;21;15.867;3.3
1170;19;22;47.253;10.31
1171;19;22;40.617;3.1
1172;19;22;40.08;24.16
1173;19;23;18.548;23.1
1174;19;23;13.989;13.95
1175;19;23;20.334;11.17
1176;19;24;14.076;5.28
1177;19;24;14.132;13.55
1178;19;24;17.101;2.13
1179;19;25;41.514;3.96
1180;19;25;38.719;9.93
1181;19;26;12.916;15.23
1182;19;27;37.097;22.25
1183;19;28;96.727;17.76
1184;19;28;96.908;0.41
1185;19;28;119.865;2.2
1186;19;29;32.816;6.48
1187;19;29;29.828;12.56
1188;19;29;26.669;8.43
1189;19;30;14.258;20.6
1190;19;30;11.468;11.4
1191;19;30;12.933;0.44
1192;19;31;81.613;5.47
1193;19;31;73.713;18.02
1194;19;31;97.9;2.24
1195;19;32;25.602;15.34
1196;19;33;10.329;4.1
1197;19;33;11.399;4.64
1198;19;34;12.504;13.53
1199;19;35;87.793;11.88
1200;19;36;13.846;7.47
1201;19;36;16.8;23.94
1202;19;36;16.613;3.37
1203;19;37;13.739;8.15
1204;19;38;36.905;2.84
1205;19;39;10.043;6.66
1206;19;39;9.425;19.33
1207;19;39;11.109;6.54
1208;20;21;29.679;6.6
1209;20;21;34.346;22.03
1210;20;22;4.753;22.25
1211;20;22;5.204;8.9
1212;20;23;27.645;24.79
1213;20;23;27.388;23.0
1214;20;23;25.271;21.02
1215;20;24;32.433;21.89
1216;20;24;30.754;8.75
1217;20;24;25.156;8.53
1218;20;25;49.635;23.19
1219;20;25;54.388;22.49
1220;20;25;51.644;15.91
1221;20;26;32.723;18.73
1222;20;27;45.068;1.83
1223;20;27;39.688;1.6
1224;20;28;51.879;1.18
1225;20;28;45.303;23.28
1226;20;29;24.486;20.97
1227;20;30;34.595;9.47
1228;20;31;85.109;13.06
1229;20;32;40.557;7.79
1230;20;33;36.521;21.38
1231;20;34;33.289;12.48
1232;20;34;28.428;0.2
1233;20;34;28.482;8.35
1234;20;35;43.081;0.54
1235;20;36;33.777;13.23
1236;20;36;30.405;11.46
1237;20;36;26.367;3.71
1238;20;37;35.807;13.91
1239;20;38;53.065;0.34
1240;20;38;46.549;12.59
1241;20;39;41.795;0.34
1242;21;22;31.396;4.91
1243;21;23;3.27;10.2
1244;21;23;2.873;10.9
1245;21;24;7.096;13.7
1246;21;24;6.644;1.43
1247;21;24;5.462;17.74
1248;21;25;36.957;12.64
1249;21;26;5.192;6.68
1250;21;26;6.249;20.24
1251;21;26;4.521;17.71
1252;21;27;31.768;24.62
1253;21;27;37.672;19.3
1254;21;27;35.516;1.65
1255;21;28;81.373;3.01
1256;21;28;72.775;11.52
1257;21;29;22.715;9.47
1258;21;29;26.16;8.83
1259;21;29;25.393;15.23
1260;21;30;10.833;2.35
1261;21;30;12.889;1.75
1262;21;31;81.934;23.05
1263;21;32;25.006;8.88
1264;21;32;30.288;11.43
1265;21;32;28.782;14.38
1266;21;33;9.425;4.32
1267;21;34;3.653;6.67
1268;21;35;71.927;17.41
1269;21;36;9.175;21.05
1270;21;37;11.825;24.59
1271;21;38;39.32;24.25
1272;21;38;45.018;23.95
1273;21;38;39.403;7.66
1274;21;39;13.217;14.05
1275;21;39;13.363;9.42
1276;21;39;15.614;16.49
1277;22;23;28.995;7.22
1278;22;23;25.655;2.06
1279;22;23;26.429;12.07
1280;22;24;34.989;0.7
1281;22;25;47.374;11.88
1282;22;25;53.726;16.13
1283;22;25;43.26;17.98
1284;22;26;34.976;12.27
1285;22;26;28.957;13.47
1286;22;26;32.008;24.29
1287;22;27;43.065;17.9
1288;22;27;50.659;2.96
1289;22;27;45.185;3.98
1290;22;28;51.357;11.8
1291;22;28;58.513;23.75
1292;22;29;28.875;6.85
1293;22;30;37.478;21.16
1294;22;30;28.525;6.51
1295;22;30;41.551;24.92
1296;22;31;89.861;7.43
1297;22;31;77.804;20.5
1298;22;31;77.949;2.57
1299;22;32;44.526;16.6
1300;22;32;41.455;3.75
1301;22;32;43.037;14.16
1302;22;33;38.996;1.89
1303;22;34;34.894;19.67
1304;22;34;33.497;15.78
1305;22;35;40.569;17.51
1306;22;35;48.072;16.45
1307;22;35;40.457;5.67
1308;22;36;36.509;4.41
1309;22;36;41.596;22.15
1310;22;37;38.716;15.15
1311;22;38;57.371;6.01
1312;22;38;69.624;18.88
1313;22;39;42.745;19.22
1314;22;39;33.895;19.01
1315;23;24;10.165;12.77
1316;23;24;10.766;21.28
1317;23;25;34.795;0.78
1318;23;25;36.265;4.73
1319;23;26;8.436;6.82
1320;23;27;29.559;10.33
1321;23;28;79.501;24.13
1322;23;29;23.653;17.89
1323;23;29;29.452;24.12
1324;23;30;13.901;1.72
1325;23;30;15.987;13.53
1326;23;31;84.272;3.96
1327;23;31;82.101;16.9
1328;23;32;27.729;1.49
1329;23;33;12.694;19.29
1330;23;33;12.499;15.38
1331;23;33;13.494;8.84
1332;23;34;6.045;1.2
1333;23;35;69.399;14.56
1334;23;36;12.265;8.09
1335;23;36;9.726;13.51
1336;23;37;14.952;15.13
1337;23;38;42.145;0.55
1338;23;38;37.814;5.76
1339;23;39;14.3;17.15
1340;23;39;16.965;1.72
1341;23;39;12.969;5.96
1342;24;25;43.605;12.25
1343;24;26;2.497;18.97
1344;24;27;38.48;3.47
1345;24;28;83.084;7.37
1346;24;28;95.038;23.79
1347;24;28;89.747;3.38
1348;24;29;19.284;3.36
1349;24;30;3.742;14.38
1350;24;31;75.341;11.47
1351;24;32;18.1;11.34
1352;24;32;16.394;21.76
1353;24;32;19.889;5.0
1354;24;33;4.116;21.94
1355;24;33;3.884;3.93
1356;24;33;4.72;13.7
1357;24;34;7.563;14.63
1358;24;34;5.791;10.41
1359;24;34;8.988;11.41
1360;24;35;75.427;22.63
1361;24;35;59.227;10.36
1362;24;35;85.205;15.94
1363;24;36;2.101;5.3
1364;24;37;4.801;16.71
1365;24;37;5.072;0.89
1366;24;38;32.29;16.14
1367;24;38;35.131;16.82
1368;24;39;16.208;17.4
1369;25;26;41.192;20.25
1370;25;26;47.176;6.76
1371;25;26;35.994;2.87
1372;25;27;5.254;16.86
1373;25;27;5.824;16.59
1374;25;28;95.462;4.25
1375;25;29;57.683;23.04
1376;25;30;47.081;21.57
1377;25;30;45.227;6.08
1378;25;31;118.881;7.41
1379;25;32;61.686;11.08
1380;25;32;63.016;11.25
1381;25;33;44.002;2.5
1382;25;33;46.781;17.59
1383;25;34;36.177;2.54
1384;25;34;27.696;3.85
1385;25;35;78.067;18.73
1386;25;35;66.502;4.34
1387;25;36;45.464;7.05
1388;25;36;52.927;0.09
1389;25;36;37.013;12.47
1390;25;37;47.756;7.99
1391;25;37;38.908;9.82
1392;25;38;75.602;5.09
1393;25;39;31.553;13.57
1394;26;27;36.087;0.48
1395;26;27;44.157;7.83
1396;26;27;40.315;5.91
1397;26;28;83.844;2.9
1398;26;29;21.337;6.71
1399;26;29;18.271;17.03
1400;26;29;21.209;11.37
1401;26;30;5.928;14.62
1402;26;30;6.194;1.53
1403;26;31;77.797;6.52
1404;26;31;85.15;19.4
1405;26;32;20.494;7.77
1406;26;33;4.363;16.42
1407;26;34;5.078;12.83
1408;26;34;5.566;11.8
1409;26;34;5.204;6.92
1410;26;35;75.525;1.68
1411;26;35;83.087;8.17
1412;26;35;86.235;18.72
1413;26;36;4.282;23.15
1414;26;36;3.269;23.7
1415;26;36;3.698;16.76
1416;26;37;6.774;21.98
1417;26;37;7.796;14.56
1418;26;38;34.575;7.14
1419;26;39;13.885;4.9
1420;27;28;92.061;11.72
1421;27;29;52.438;14.06
1422;27;29;43.613;7.91
1423;27;29;44.694;1.76
1424;27;30;41.994;16.43
1425;27;30;49.815;24.24
1426;27;31;113.702;12.22
1427;27;31;96.048;24.15
1428;27;31;134.444;11.34
1429;27;32;56.576;3.91
1430;27;33;39.017;20.48
1431;27;33;45.412;8.38
1432;27;34;31.105;7.41
1433;27;34;36.988;12.54
1434;27;34;33.206;20.59
1435;27;35;75.434;0.56
1436;27;36;40.367;6.17
1437;27;37;42.702;8.16
1438;27;37;49.631;5.28
1439;27;37;43.54;23.34
1440;27;38;70.574;24.28
1441;27;39;27.064;9.22
1442;28;29;68.519;17.21
1443;28;29;52.964;15.73
1444;28;30;84.45;17.47
1445;28;31;105.798;19.79
1446;28;31;112.836;8.13
1447;28;31;86.225;14.59
1448;28;32;85.235;13.86
1449;28;32;90.642;2.66
1450;28;32;75.765;5.8
1451;28;33;87.183;5.19
1452;28;33;93.497;19.85
1453;28;33;99.078;18.33
1454;28;34;85.017;16.95
1455;28;34;102.703;17.91
1456;28;34;74.643;20.48
1457;28;35;22.794;1.84
1458;28;36;84.025;19.71
1459;28;37;85.535;14.89
1460;28;38;93.102;17.75
1461;28;38;89.458;20.25
1462;28;39;93.673;20.85
1463;29;30;18.593;13.64
1464;29;30;17.506;15.87
1465;29;30;18.565;6.59
1466;29;31;63.847;19.39
1467;29;31;49.249;9.81
1468;29;31;58.705;18.24
1469;29;32;17.085;4.51
1470;29;32;18.125;20.59
1471;29;33;22.525;11.3
1472;29;34;25.458;11.26
1473;29;34;27.656;12.25
1474;29;35;65.334;1.79
1475;29;35;61.228;20.37
1476;29;36;19.016;11.91
1477;29;36;20.533;13.81
1478;29;36;18.19;24.26
1479;29;37;19.289;2.03
1480;29;38;28.594;18.87
1481;29;39;35.108;11.3
1482;29;39;36.378;17.66
1483;30;31;72.013;21.01
1484;30;31;77.044;15.39
1485;30;31;63.141;3.02
1486;30;32;14.627;3.79
1487;30;32;12.888;23.48
1488;30;32;15.386;2.55
1489;30;33;4.205;22.36
1490;30;33;5.134;15.25
1491;30;34;10.906;19.35
1492;30;34;11.522;18.27
1493;30;35;77.675;3.72
1494;30;35;58.283;4.93
1495;30;36;1.665;13.9
1496;30;36;1.974;6.47
1497;30;36;1.626;0.25
1498;30;37;1.253;17.58
1499;30;37;1.139;15.98
1500;30;37;1.096;16.65
1501;30;38;28.647;8.12
1502;30;38;28.194;8.47
1503;30;39;18.52;0.81
1504;31;32;57.419;11.73
1505;31;33;75.53;18.02
1506;31;33;89.233;11.35
1507;31;34;82.867;12.75
1508;31;34;91.624;1.31
1509;31;34;63.296;10.41
1510;31;35;114.841;13.11
1511;31;35;119.016;3.05
1512;31;36;73.574;23.23
1513;31;36;72.772;23.97
1514;31;36;85.388;18.12
1515;31;37;71.494;12.96
1516;31;37;56.116;10.07
1517;31;38;44.72;9.38
1518;31;39;89.706;16.28
1519;32;33;18.142;8.8
1520;32;33;15.352;9.61
1521;32;33;19.698;3.8
1522;32;34;25.526;8.4
1523;32;34;30.727;19.42
1524;32;34;29.265;3.57
1525;32;35;82.343;0.37
1526;32;35;68.085;14.42
1527;32;35;62.662;17.51
1528;32;36;16.225;4.17
1529;32;36;13.954;5.16
1530;32;37;14.075;23.23
1531;32;38;14.501;15.34
1532;32;38;12.374;2.21
1533;32;38;14.414;1.43
1534;32;39;32.509;11.17
1535;33;34;8.157;20.22
1536;33;35;79.479;7.43
1537;33;35;66.554;22.22
1538;33;35;94.521;24.1
1539;33;36;3.519;5.64
1540;33;36;4.104;14.08
1541;33;36;2.812;12.09
1542;33;37;4.191;16.78
1543;33;37;3.924;13.59
1544;33;37;4.533;23.49
1545;33;38;31.617;5.91
1546;33;38;36.012;15.11
1547;33;39;14.497;12.96
1548;33;39;11.348;7.27
1549;34;35;75.372;6.21
1550;34;35;78.65;3.49
1551;34;36;9.304;14.45
1552;34;36;10.063;19.42
1553;34;37;11.6;4.04
1554;34;37;12.138;11.82
1555;34;38;39.479;4.88
1556;34;39;9.829;9.44
1557;34;39;8.403;19.58
1558;34;39;10.945;2.99
1559;35;36;76.836;13.55
1560;35;36;77.089;10.03
1561;35;36;69.092;2.35
1562;35;37;78.888;1.31
1563;35;37;69.016;22.35
1564;35;38;93.061;17.92
1565;35;38;92.637;23.25
1566;35;38;96.486;11.77
1567;35;39;82.655;23.11
1568;36;37;2.707;13.93
1569;36;37;2.874;15.58
1570;36;37;2.512;5.73
1571;36;38;30.301;2.26
1572;36;38;30.012;17.19
1573;36;38;29.803;22.12
1574;36;39;17.275;19.76
1575;36;39;16.427;9.31
1576;36;39;17.797;12.64
1577;37;38;27.879;2.04
1578;37;38;30.121;11.53
1579;37;38;21.738;22.8
1580;37;39;18.686;15.47
1581;37;39;22.176;17.13
1582;38;39;45.309;3.28
