VERTEX_COUNT 40
PATH_COUNT 1
BUDGET 480
<------------ VERTICES ------------>
0;START;41.374834;2.170055;0.0;0.0
1;Basilica of the Sagrada Família;41.403568;2.174435;45.0;100.0
2;Imaginart Gallery;41.393822;2.164627;45.0;98.43
3;Atelier;41.407719;2.158233;45.0;92.54
4;Barcelona;41.389034;2.16137;45.0;91.6
5;Lorena Ruiz de Villa;41.397858;2.146705;45.0;91.38
6;Contrast;41.387928;2.161469;45.0;89.31
7;Galeria d’Art Mar Grup Escolà;41.392349;2.167836;45.0;85.8
8;Arts Santa Mònica;41.37722;2.176012;45.0;85.55
9;Carles Taché;41.389851;2.164213;45.0;84.23
10;Galeria Mayoral;41.389542;2.163808;45.0;83.91
11;Museu Nacional d’Art de Catalunya;41.36882;2.153347;45.0;83.59
12;Piramidon Centre d’Art Contemporani;41.422626;2.209764;45.0;81.1
13;Palau Güell;41.378864;2.174117;45.0;77.19
14;Anella Olímpica(Olympic Park);41.364778;2.152575;45.0;74.14
15;La Pedrera (Casa Milà);41.395271;2.161785;45.0;73.55
16;Museu d’Història de Catalunya - MHC;41.380852;2.185799;45.0;73.28
17;Despair;41.387653;2.188076;45.0;72.63
18;A. Cortina;41.391098;2.161385;45.0;72.61
19;Galeria Ferran Cano;41.375816;2.177766;45.0;72.25
20;Parc de la Ciutadella;41.389248;2.186548;45.0;71.29
21;Beaskoa;41.384792;2.181268;45.0;70.72
22;Àngels Barcelona;41.382534;2.169249;45.0;70.6
23;Avinguda d’Icària;41.391556;2.197416;45.0;70.54
24;Poble Espanyol;41.368679;2.147031;45.0;70.11
25;Carmen Sallent;41.39637;2.153188;45.0;69.95
26;Basilica of Sants Just i Pastor;41.382812;2.178195;45.0;69.71
27;Galeria Miquel Alzueta;41.397125;2.156751;45.0;68.9
28;Museu Frederic Marès;41.384178;2.176819;45.0;67.85
29;Artur Ramon Art;41.383682;2.17456;45.0;67.24
30;Museu Picasso;41.385181;2.180863;45.0;67.19
31;Passeig de Gràcia;41.390739;2.166672;45.0;67.13
32;Montjuïc Castle;41.363823;2.167096;45.0;66.86
33;Antic Hospital de la Santa Creu;41.380573;2.170374;45.0;65.97
34;Monument to Doctor Robert;41.394924;2.175599;45.0;65.16
35;Pèrgamon Quatre Gràfica Quatre;41.382576;2.173292;45.0;62.82
36;Museu Palmero;41.424667;2.139856;45.0;61.53
37;Plaça de Catalunya;41.387005;2.17003;45.0;60.72
38;Artevistas Gallery;41.381779;2.17652;45.0;60.61
39;FINISH;41.374834;2.170055;0.0;0.0
<------------- EDGES -------------->
0;0;1;49.491;14.73
1;0;1;54.479;7.48
2;0;1;44.628;15.34
3;0;2;33.232;5.76
4;0;2;28.151;15.35
5;0;2;34.696;3.29
6;0;3;58.284;15.78
7;0;4;26.736;13.1
8;0;5;49.508;23.75
9;0;5;47.844;22.58
10;0;5;56.899;12.7
11;0;6;24.972;2.63
12;0;6;23.452;2.45
13;0;6;21.182;19.04
14;0;7;30.107;21.92
15;0;7;27.004;3.16
16;0;8;8.671;19.87
17;0;8;10.58;14.69
18;0;8;7.509;1.94
19;0;9;26.77;7.7
20;0;9;26.226;16.67
21;0;9;28.861;18.37
22;0;10;26.416;4.07
23;0;10;28.033;16.34
24;0;10;19.984;23.04
25;0;11;23.796;12.65
26;0;12;96.367;6.9
27;0;12;81.311;3.19
28;0;12;93.941;21.36
29;0;13;8.647;9.33
30;0;14;28.285;12.37
31;0;15;36.549;23.14
32;0;15;36.054;21.51
33;0;16;22.688;4.92
34;0;17;31.884;9.62
35;0;18;29.975;14.36
36;0;18;25.566;4.73
37;0;19;10.043;11.24
38;0;19;10.874;1.15
39;0;19;7.696;10.19
40;0;20;32.509;18.51
41;0;20;25.964;19.05
42;0;21;22.308;22.49
43;0;21;24.336;14.72
44;0;21;21.402;6.47
45;0;22;13.217;10.7
46;0;23;45.309;21.76
47;0;24;31.387;12.3
48;0;24;37.163;22.87
49;0;25;42.745;15.68
50;0;26;17.194;2.54
51;0;26;20.371;24.14
52;0;26;16.264;5.14
53;0;27;41.795;12.57
54;0;27;51.391;11.58
55;0;28;18.196;10.95
56;0;28;16.283;22.47
57;0;29;16.208;2.99
58;0;29;13.521;11.77
59;0;30;22.496;16.68
60;0;30;26.336;17.93
61;0;30;21.067;2.95
62;0;31;27.562;17.4
63;0;31;26.371;18.44
64;0;31;30.015;3.53
65;0;32;19.222;19.37
66;0;32;19.211;9.83
67;0;33;9.829;6.9
68;0;33;9.571;9.81
69;0;34;35.108;20.68
70;0;34;35.137;9.26
71;0;35;13.885;17.21
72;0;35;12.881;5.12
73;0;36;93.673;22.39
74;0;36;72.546;3.55
75;0;36;116.443;7.55
76;0;37;20.827;15.14
77;0;37;23.542;19.67
78;0;37;21.168;6.75
79;0;38;14.497;21.07
80;0;38;15.227;8.43
81;0;39;0.0;15.99
82;0;39;0.0;12.48
83;0;39;0.0;4.53
84;1;2;20.896;1.3
85;1;2;18.695;21.31
86;1;2;22.077;2.61
87;1;3;21.975;6.93
88;1;4;29.997;8.41
89;1;4;31.957;9.36
90;1;4;23.489;7.44
91;1;5;36.911;4.89
92;1;5;39.883;15.82
93;1;6;31.517;8.45
94;1;6;26.215;2.8
95;1;7;20.984;13.42
96;1;7;23.252;21.25
97;1;8;45.133;5.96
98;1;9;26.892;2.45
99;1;9;30.782;13.43
100;1;10;27.608;19.96
101;1;10;25.283;16.67
102;1;11;65.336;3.23
103;1;12;55.85;1.75
104;1;12;60.406;13.91
105;1;12;64.687;17.71
106;1;13;42.276;8.02
107;1;13;47.759;2.79
108;1;14;72.069;16.89
109;1;15;21.57;18.92
110;1;16;41.52;2.37
111;1;16;34.193;15.14
112;1;17;32.378;1.47
113;1;17;24.404;14.14
114;1;17;28.938;1.41
115;1;18;27.129;19.56
116;1;18;28.085;14.01
117;1;18;32.767;14.11
118;1;19;47.682;5.69
119;1;19;51.959;11.47
120;1;19;41.037;7.66
121;1;20;29.022;18.79
122;1;21;33.306;6.09
123;1;22;36.604;15.75
124;1;22;28.946;17.76
125;1;22;44.472;8.5
126;1;23;35.955;5.13
127;1;24;69.299;15.05
128;1;24;83.631;9.58
129;1;25;29.925;21.22
130;1;26;35.845;10.01
131;1;27;25.235;14.17
132;1;27;21.763;22.59
133;1;27;22.226;13.72
134;1;28;33.322;8.39
135;1;28;37.411;1.9
136;1;28;27.513;2.29
137;1;29;34.03;20.03
138;1;29;30.949;19.15
139;1;30;32.528;12.27
140;1;30;34.138;2.12
141;1;30;37.018;17.43
142;1;31;24.109;4.92
143;1;31;22.023;2.51
144;1;31;28.887;12.99
145;1;32;68.662;8.03
146;1;32;69.229;24.82
147;1;33;39.694;23.07
148;1;33;46.535;15.09
149;1;33;47.928;7.81
150;1;34;14.867;3.41
151;1;34;17.254;10.76
152;1;34;18.131;10.21
153;1;35;35.952;14.6
154;1;35;43.797;23.76
155;1;35;33.034;3.59
156;1;36;57.209;13.82
157;1;37;28.902;6.15
158;1;37;27.452;11.37
159;1;38;37.382;20.03
160;1;39;49.491;19.8
161;1;39;53.045;4.99
162;2;3;25.157;24.9
163;2;3;19.261;2.66
164;2;3;20.508;13.96
165;2;4;9.199;2.88
166;2;4;8.372;0.7
167;2;5;24.021;0.24
168;2;5;21.415;11.09
169;2;5;22.388;0.13
170;2;6;10.87;5.33
171;2;7;4.83;7.35
172;2;7;5.074;9.14
173;2;7;4.784;1.31
174;2;8;31.95;16.45
175;2;8;29.808;17.52
176;2;8;28.732;16.97
177;2;9;6.816;21.81
178;2;9;5.419;4.41
179;2;9;7.699;5.52
180;2;10;7.399;5.78
181;2;10;7.301;4.54
182;2;11;45.169;18.67
183;2;11;45.187;5.68
184;2;12;76.063;15.67
185;2;12;85.09;18.6
186;2;12;70.52;19.03
187;2;13;28.348;8.28
188;2;13;34.692;13.6
189;2;13;22.616;23.42
190;2;14;52.055;4.39
191;2;14;64.994;4.54
192;2;14;39.399;3.21
193;2;15;4.411;22.36
194;2;15;3.927;17.43
195;2;16;35.092;6.61
196;2;17;31.901;18.31
197;2;18;6.249;1.06
198;2;18;5.047;5.17
199;2;18;7.122;7.33
200;2;19;35.128;8.13
201;2;20;29.21;23.93
202;2;20;22.506;2.24
203;2;21;26.367;13.54
204;2;22;20.207;15.28
205;2;23;42.271;1.19
206;2;24;48.597;16.19
207;2;24;45.457;21.1
208;2;25;15.318;19.86
209;2;25;18.791;9.23
210;2;26;25.659;16.66
211;2;26;21.684;16.92
212;2;26;24.119;12.52
213;2;27;11.583;19.91
214;2;27;10.46;22.2
215;2;28;22.745;2.94
216;2;28;19.642;21.08
217;2;28;17.707;24.0
218;2;29;21.534;9.14
219;2;29;18.355;14.44
220;2;29;18.913;20.27
221;2;30;25.556;5.56
222;2;30;31.277;15.04
223;2;30;28.46;1.41
224;2;31;5.893;21.24
225;2;31;7.148;7.1
226;2;32;51.433;20.53
227;2;32;50.797;10.25
228;2;33;23.842;20.13
229;2;33;21.533;23.14
230;2;34;14.211;13.25
231;2;35;22.228;22.16
232;2;35;18.522;6.05
233;2;36;61.618;3.89
234;2;37;13.572;13.57
235;2;38;25.648;6.87
236;2;38;29.652;6.82
237;2;39;33.232;5.67
238;3;4;32.227;2.46
239;3;5;22.443;6.55
240;3;5;23.747;8.61
241;3;6;34.121;18.01
242;3;6;35.131;24.12
243;3;7;29.047;0.95
244;3;7;23.484;24.37
245;3;7;26.377;5.47
246;3;8;56.963;10.52
247;3;8;63.396;14.51
248;3;8;69.297;3.11
249;3;9;31.525;9.23
250;3;9;28.06;9.71
251;3;9;28.09;3.11
252;3;10;31.918;15.99
253;3;10;24.347;5.46
254;3;11;66.86;7.57
255;3;11;83.364;2.46
256;3;11;72.557;21.05
257;3;12;70.88;6.83
258;3;12;61.091;1.23
259;3;12;82.099;10.97
260;3;13;53.422;21.86
261;3;13;53.371;21.62
262;3;14;73.841;1.06
263;3;14;64.497;8.55
264;3;15;21.784;14.11
265;3;16;58.017;9.48
266;3;17;51.445;4.28
267;3;18;28.729;16.62
268;3;18;22.723;20.39
269;3;18;34.972;18.96
270;3;19;60.077;7.12
271;3;19;74.129;3.87
272;3;20;48.168;12.2
273;3;20;41.935;17.61
274;3;20;53.378;13.0
275;3;21;49.129;10.68
276;3;22;45.358;4.99
277;3;23;57.399;21.27
278;3;23;65.936;19.28
279;3;23;58.115;1.0
280;3;24;68.337;6.95
281;3;24;73.006;17.49
282;3;25;20.472;11.01
283;3;26;49.732;16.36
284;3;26;56.6;4.49
285;3;27;18.228;24.75
286;3;28;46.819;13.8
287;3;28;56.737;12.37
288;3;29;46.165;4.34
289;3;30;48.284;13.4
290;3;30;48.347;2.75
291;3;31;31.01;15.15
292;3;32;75.973;5.98
293;3;32;73.028;14.3
294;3;32;65.025;5.46
295;3;33;48.998;5.91
296;3;34;31.245;10.04
297;3;34;36.448;1.75
298;3;35;47.169;19.18
299;3;36;37.38;8.4
300;3;37;38.546;5.0
301;3;38;50.214;21.56
302;3;38;48.8;18.92
303;3;39;58.284;22.3
304;3;39;56.72;3.94
305;3;39;59.797;8.7
306;4;5;24.134;21.05
307;4;5;18.275;22.16
308;4;5;29.415;4.0
309;4;6;1.897;11.52
310;4;6;1.748;5.95
311;4;7;10.054;13.23
312;4;7;12.092;1.49
313;4;7;8.096;20.19
314;4;8;27.607;16.17
315;4;8;30.491;1.89
316;4;9;3.909;20.52
317;4;10;3.248;23.67
318;4;10;3.003;20.33
319;4;11;36.092;3.04
320;4;12;84.631;15.1
321;4;12;78.882;21.72
322;4;12;97.282;15.29
323;4;13;23.89;11.46
324;4;13;20.324;12.38
325;4;14;43.017;5.54
326;4;15;10.686;7.28
327;4;15;8.331;24.22
328;4;16;34.348;11.25
329;4;16;28.018;2.09
330;4;16;34.378;22.53
331;4;17;34.368;7.83
332;4;18;3.532;24.0
333;4;19;30.9;1.26
334;4;19;25.225;20.95
335;4;19;31.298;17.69
336;4;20;32.326;15.7
337;4;21;26.558;2.83
338;4;22;15.035;14.24
339;4;22;14.153;6.15
340;4;23;46.477;7.71
341;4;23;41.064;15.83
342;4;23;44.092;13.08
343;4;24;39.399;16.26
344;4;24;37.919;23.96
345;4;24;39.265;23.38
346;4;25;16.368;6.29
347;4;25;14.286;3.23
348;4;26;24.083;7.48
349;4;27;15.062;0.89
350;4;28;21.505;16.5
351;4;28;25.638;22.76
352;4;29;19.252;1.7
353;4;30;25.88;20.42
354;4;30;24.332;18.85
355;4;30;20.756;15.93
356;4;31;7.406;10.04
357;4;31;7.053;22.8
358;4;31;6.16;22.28
359;4;32;43.764;4.23
360;4;32;33.82;4.77
361;4;33;18.528;13.85
362;4;34;20.863;3.05
363;4;34;16.264;14.24
364;4;34;17.024;4.95
365;4;35;18.879;13.14
366;4;35;21.818;22.27
367;4;36;66.937;20.06
368;4;36;56.102;1.08
369;4;37;11.648;4.27
370;4;37;14.244;6.58
371;4;37;9.755;9.18
372;4;38;23.075;20.35
373;4;38;23.372;18.14
374;4;38;28.437;19.25
375;4;39;26.736;21.15
376;4;39;26.527;5.28
377;5;6;25.455;23.23
378;5;6;25.517;11.62
379;5;6;26.495;15.18
380;5;7;28.717;14.09
381;5;7;25.829;15.34
382;5;8;51.604;18.48
383;5;8;61.022;19.79
384;5;9;26.323;15.37
385;5;10;26.164;16.0
386;5;10;24.482;18.45
387;5;10;24.375;23.67
388;5;11;50.417;15.79
389;5;11;40.394;11.26
390;5;12;91.357;5.1
391;5;12;86.872;20.23
392;5;13;47.906;13.34
393;5;14;57.108;24.93
394;5;14;42.981;6.32
395;5;14;66.575;12.19
396;5;15;19.858;17.21
397;5;16;58.016;16.71
398;5;16;51.563;20.1
399;5;17;55.908;22.94
400;5;18;22.112;5.83
401;5;18;18.823;6.54
402;5;18;19.88;2.2
403;5;19;54.891;6.15
404;5;19;63.784;7.88
405;5;19;60.016;14.48
406;5;20;53.228;21.96
407;5;21;49.686;11.69
408;5;21;38.488;20.15
409;5;22;39.055;4.42
410;5;23;65.986;5.74
411;5;23;81.032;11.16
412;5;24;49.934;20.05
413;5;24;45.47;9.99
414;5;24;58.579;1.28
415;5;25;8.703;5.89
416;5;25;8.863;9.17
417;5;26;47.93;18.63
418;5;26;37.921;20.23
419;5;27;12.957;10.63
420;5;28;45.195;22.89
421;5;28;39.715;9.16
422;5;28;44.409;8.36
423;5;29;43.212;9.69
424;5;30;48.924;9.15
425;5;31;28.38;21.28
426;5;31;25.8;9.64
427;5;31;28.57;6.47
428;5;32;63.856;3.74
429;5;32;54.363;20.94
430;5;33;42.406;19.53
431;5;33;50.867;0.42
432;5;34;37.429;15.71
433;5;34;37.56;24.71
434;5;35;42.999;7.71
435;5;35;39.148;10.08
436;5;36;46.711;20.74
437;5;36;41.003;0.11
438;5;37;35.236;13.52
439;5;37;41.146;19.61
440;5;37;29.803;9.31
441;5;38;47.14;14.7
442;5;38;54.498;20.55
443;5;39;49.508;17.88
444;5;39;46.881;18.03
445;6;7;11.138;6.55
446;6;8;26.162;16.78
447;6;8;26.544;5.32
448;6;9;4.821;24.76
449;6;9;5.531;22.8
450;6;9;5.745;15.9
451;6;10;4.08;6.29
452;6;10;3.497;24.01
453;6;10;4.381;22.35
454;6;11;34.321;24.44
455;6;12;85.837;17.43
456;6;12;71.735;11.38
457;6;13;22.456;0.89
458;6;13;21.716;4.6
459;6;14;41.229;15.7
460;6;14;38.547;13.34
461;6;14;40.85;10.24
462;6;15;12.572;18.29
463;6;16;33.502;10.4
464;6;16;39.776;12.49
465;6;17;34.163;16.15
466;6;17;27.197;14.22
467;6;18;5.426;6.97
468;6;19;29.452;1.9
469;6;20;32.276;22.26
470;6;20;27.306;19.43
471;6;20;31.58;9.01
472;6;21;25.98;12.29
473;6;22;13.601;7.0
474;6;22;12.348;12.54
475;6;23;46.565;0.56
476;6;24;37.798;11.36
477;6;24;28.929;0.89
478;6;24;36.884;14.24
479;6;25;17.936;8.0
480;6;26;23.19;0.16
481;6;26;24.714;6.41
482;6;26;21.964;24.52
483;6;27;16.863;21.8
484;6;27;21.069;22.36
485;6;28;20.726;19.53
486;6;29;18.311;21.32
487;6;29;14.64;22.26
488;6;29;21.203;5.94
489;6;30;25.339;18.12
490;6;30;21.071;23.11
491;6;30;22.273;16.86
492;6;31;8.231;23.71
493;6;31;7.835;15.38
494;6;32;41.877;10.6
495;6;33;17.004;7.47
496;6;33;17.856;9.8
497;6;34;21.734;19.58
498;6;34;21.698;17.11
499;6;35;17.728;3.1
500;6;36;68.717;6.0
501;6;37;11.104;2.78
502;6;38;22.003;16.55
503;6;38;17.627;11.15
504;6;38;24.017;7.75
505;6;39;24.972;5.06
506;6;39;26.437;22.59
507;6;39;28.293;14.37
508;7;8;27.936;3.02
509;7;9;6.317;11.33
510;7;9;5.567;0.59
511;7;10;7.058;10.0
512;7;10;7.529;1.5
513;7;11;44.354;3.71
514;7;11;52.013;9.35
515;7;12;74.701;9.73
516;7;12;58.877;22.47
517;7;13;24.444;11.48
518;7;14;51.088;12.77
519;7;14;61.237;5.79
520;7;15;9.238;9.0
521;7;16;30.314;16.46
522;7;16;23.869;14.57
523;7;16;25.437;4.54
524;7;17;27.199;8.79
525;7;17;30.17;24.56
526;7;17;26.063;18.17
527;7;18;8.554;8.44
528;7;18;7.922;21.73
529;7;19;31.032;20.37
530;7;19;31.829;13.86
531;7;19;23.423;12.38
532;7;20;24.601;14.91
533;7;20;19.856;13.68
534;7;20;20.836;22.98
535;7;21;21.555;23.93
536;7;21;17.541;19.57
537;7;21;23.622;5.9
538;7;22;16.893;22.34
539;7;23;37.998;9.24
540;7;23;40.076;22.63
541;7;23;44.761;22.37
542;7;24;48.521;10.33
543;7;24;50.146;5.19
544;7;24;42.616;11.32
545;7;25;20.023;2.2
546;7;25;19.924;11.18
547;7;26;21.053;8.33
548;7;26;20.141;22.27
549;7;26;15.816;21.66
550;7;27;16.41;8.58
551;7;27;13.859;16.62
552;7;28;18.125;9.17
553;7;29;17.161;4.66
554;7;29;13.391;8.13
555;7;29;14.672;2.68
556;7;30;20.74;21.18
557;7;31;3.134;13.54
558;7;32;48.824;7.95
559;7;32;58.416;21.17
560;7;33;20.413;11.89
561;7;33;15.973;6.66
562;7;34;10.896;3.82
563;7;35;18.132;21.27
564;7;35;14.426;7.44
565;7;35;14.467;11.41
566;7;36;65.94;12.97
567;7;36;81.034;21.55
568;7;36;80.137;10.69
569;7;37;9.569;4.33
570;7;37;9.48;24.41
571;7;38;21.248;4.12
572;7;38;21.58;2.46
573;7;38;20.033;12.62
574;7;39;30.107;14.45
575;7;39;32.197;10.3
576;7;39;26.352;18.3
577;8;9;26.395;4.37
578;8;10;26.27;4.82
579;8;10;28.779;7.62
580;8;10;25.044;19.05
581;8;11;32.461;8.05
582;8;11;32.336;24.28
583;8;11;33.032;2.71
584;8;12;88.962;22.07
585;8;12;87.079;18.33
586;8;13;3.72;4.68
587;8;14;36.867;23.4
588;8;15;35.886;11.55
589;8;15;38.393;2.75
590;8;16;14.02;6.34
591;8;16;15.416;9.67
592;8;17;23.636;5.72
593;8;18;30.277;16.06
594;8;18;25.752;3.77
595;8;18;27.795;9.75
596;8;19;3.293;18.8
597;8;19;4.045;24.89
598;8;20;24.63;4.57
599;8;21;14.61;17.76
600;8;22;12.574;18.62
601;8;22;11.355;22.8
602;8;23;36.838;11.01
603;8;24;39.983;14.6
604;8;24;32.835;13.84
605;8;25;43.961;0.05
606;8;25;35.736;16.08
607;8;26;9.971;9.11
608;8;26;12.267;9.12
609;8;27;42.092;1.8
610;8;27;32.712;18.79
611;8;28;11.952;23.43
612;8;28;10.49;10.42
613;8;29;11.214;0.14
614;8;29;12.865;13.99
615;8;30;14.979;12.48
616;8;31;26.057;0.1
617;8;31;26.062;0.76
618;8;32;25.626;10.91
619;8;33;9.237;3.39
620;8;34;30.3;11.06
621;8;34;27.091;16.59
622;8;35;9.808;19.16
623;8;35;10.452;10.64
624;8;35;8.826;13.94
625;8;36;93.521;11.78
626;8;36;116.404;9.49
627;8;37;18.422;17.69
628;8;37;19.035;5.24
629;8;38;7.829;8.87
630;8;39;8.671;13.97
631;8;39;6.848;0.03
632;9;10;0.742;17.26
633;9;10;0.851;10.98
634;9;10;0.645;3.58
635;9;11;38.599;11.73
636;9;11;41.081;22.54
637;9;11;44.918;3.88
638;9;12;81.016;13.24
639;9;13;22.698;13.66
640;9;13;18.772;18.21
641;9;13;28.19;14.21
642;9;14;45.434;10.09
643;9;14;53.085;11.02
644;9;14;47.435;21.59
645;9;15;9.785;13.53
646;9;15;8.159;8.6
647;9;15;9.98;24.74
648;9;16;31.705;24.79
649;9;16;33.514;23.86
650;9;16;23.995;1.49
651;9;17;30.866;18.77
652;9;18;4.211;16.75
653;9;18;3.72;0.06
654;9;19;29.659;16.72
655;9;19;31.654;14.35
656;9;20;28.693;6.2
657;9;21;23.546;19.04
658;9;21;26.771;15.56
659;9;22;14.092;7.63
660;9;22;10.804;0.65
661;9;22;16.926;7.58
662;9;23;42.726;16.09
663;9;24;42.419;5.45
664;9;24;43.215;23.72
665;9;25;18.021;2.74
666;9;25;14.105;14.33
667;9;25;15.408;18.72
668;9;26;21.618;0.97
669;9;26;18.132;15.0
670;9;27;15.707;13.1
671;9;28;18.873;16.79
672;9;28;17.235;22.31
673;9;28;22.624;21.36
674;9;29;16.968;10.76
675;9;29;17.045;14.55
676;9;29;16.62;7.86
677;9;30;22.821;24.33
678;9;30;28.139;3.12
679;9;30;19.253;12.75
680;9;31;3.504;7.79
681;9;31;3.644;22.61
682;9;31;4.063;12.5
683;9;32;44.693;14.67
684;9;32;47.797;0.7
685;9;33;17.738;8.24
686;9;33;18.487;19.81
687;9;34;17.0;1.72
688;9;34;13.365;10.77
689;9;34;17.634;23.0
690;9;35;17.054;0.5
691;9;36;67.282;19.64
692;9;37;8.916;10.5
693;9;38;20.987;14.33
694;9;38;20.93;14.99
695;9;38;18.859;15.34
696;9;39;26.77;16.84
697;10;11;37.919;9.93
698;10;11;29.413;13.0
699;10;12;81.758;3.97
700;10;12;73.99;4.29
701;10;12;81.86;7.21
702;10;13;22.563;4.66
703;10;14;44.765;5.82
704;10;14;52.702;11.1
705;10;14;41.756;16.54
706;10;15;10.142;7.89
707;10;16;31.911;10.87
708;10;16;33.254;10.36
709;10;16;36.233;14.84
710;10;17;31.323;3.16
711;10;18;4.095;4.68
712;10;18;4.346;12.85
713;10;19;29.545;24.91
714;10;20;29.198;13.48
715;10;20;29.734;18.76
716;10;20;35.64;8.69
717;10;21;23.844;3.13
718;10;21;27.661;14.67
719;10;21;24.529;15.97
720;10;22;13.879;10.71
721;10;23;43.283;18.74
722;10;23;52.257;13.43
723;10;23;47.938;20.33
724;10;24;41.697;14.5
725;10;24;51.524;13.22
726;10;25;17.955;18.14
727;10;26;21.767;12.06
728;10;26;20.623;4.63
729;10;27;15.826;11.68
730;10;27;16.132;2.61
731;10;27;17.275;13.24
732;10;28;19.06;20.03
733;10;28;19.083;3.42
734;10;29;17.062;6.71
735;10;29;17.107;16.99
736;10;29;14.457;15.79
737;10;30;23.133;12.5
738;10;31;4.209;16.09
739;10;31;4.817;0.25
740;10;32;44.213;23.68
741;10;33;17.511;19.26
742;10;33;14.777;16.36
743;10;34;17.719;3.46
744;10;35;17.04;8.86
745;10;36;67.512;9.06
746;10;36;58.21;4.01
747;10;37;9.092;12.25
748;10;37;10.517;21.88
749;10;37;10.489;12.34
750;10;38;21.044;9.84
751;10;38;20.375;24.44
752;10;38;20.078;24.86
753;10;39;26.416;6.43
754;11;12;117.144;1.83
755;11;12;141.08;21.66
756;11;13;31.73;3.61
757;11;13;37.356;17.66
758;11;14;6.988;22.93
759;11;15;46.542;24.06
760;11;16;46.481;22.0
761;11;16;44.136;1.62
762;11;17;55.02;3.98
763;11;17;44.526;2.94
764;11;18;39.495;1.64
765;11;18;42.279;3.4
766;11;18;47.262;5.48
767;11;19;33.565;12.75
768;11;20;55.131;20.65
769;11;20;65.982;2.1
770;11;20;52.013;3.12
771;11;21;45.082;16.84
772;11;22;31.108;3.44
773;11;22;31.825;1.86
774;11;22;25.097;20.47
775;11;23;68.67;2.94
776;11;24;8.115;1.16
777;11;24;8.571;12.21
778;11;25;47.145;20.89
779;11;25;44.522;12.91
780;11;25;46.298;6.52
781;11;26;39.892;15.99
782;11;27;48.633;4.66
783;11;27;37.555;15.03
784;11;27;46.297;13.1
785;11;28;39.989;13.05
786;11;28;41.411;2.73
787;11;29;37.266;1.8
788;11;29;37.437;24.38
789;11;29;42.255;13.16
790;11;30;45.08;17.25
791;11;30;39.018;13.2
792;11;30;46.88;24.33
793;11;31;41.226;14.72
794;11;31;37.502;17.13
795;11;32;19.619;8.26
796;11;32;18.649;18.23
797;11;32;23.398;6.03
798;11;33;29.708;1.54
799;11;33;29.922;14.78
800;11;34;53.025;6.76
801;11;34;42.075;6.63
802;11;34;54.887;11.62
803;11;35;34.786;24.36
804;11;35;41.199;20.23
805;11;35;41.318;8.62
806;11;36;97.123;6.34
807;11;36;102.645;4.18
808;11;37;37.779;21.01
809;11;37;33.817;8.17
810;11;37;37.728;0.74
811;11;38;37.111;15.98
812;11;39;23.796;12.7
813;12;13;87.759;16.96
814;12;13;73.116;0.59
815;12;13;85.697;10.89
816;12;14;123.244;23.52
817;12;14;118.699;12.83
818;12;14;121.321;0.99
819;12;15;77.35;2.11
820;12;16;77.822;10.43
821;12;16;86.387;5.59
822;12;17;66.004;14.4
823;12;17;74.09;20.26
824;12;17;80.684;1.41
825;12;18;82.258;4.53
826;12;18;74.396;3.96
827;12;19;90.019;6.17
828;12;19;78.797;4.01
829;12;20;64.423;5.75
830;12;20;58.939;21.0
831;12;20;56.546;20.23
832;12;21;74.36;9.19
833;12;21;70.498;2.92
834;12;21;71.912;10.88
835;12;22;86.088;21.94
836;12;22;84.34;21.46
837;12;22;65.31;11.2
838;12;23;55.48;18.5
839;12;23;52.381;2.58
840;12;23;59.45;12.4
841;12;24;122.504;11.75
842;12;24;134.652;6.43
843;12;25;85.388;0.09
844;12;26;79.27;24.03
845;12;26;72.037;1.39
846;12;26;66.018;16.49
847;12;27;80.83;14.67
848;12;27;66.729;7.36
849;12;27;67.024;21.04
850;12;28;78.211;24.46
851;12;28;88.401;0.7
852;12;29;80.517;11.27
853;12;29;97.541;24.37
854;12;30;74.04;24.8
855;12;30;56.957;13.58
856;12;30;79.534;9.93
857;12;31;77.694;17.99
858;12;31;64.906;16.9
859;12;31;75.394;10.25
860;12;32;114.568;7.17
861;12;32;92.569;18.05
862;12;33;87.948;8.2
863;12;34;64.575;12.59
864;12;34;53.41;5.83
865;12;34;75.017;8.32
866;12;35;82.997;2.09
867;12;35;87.602;8.97
868;12;36;89.77;5.37
869;12;36;68.243;16.41
870;12;36;76.125;21.93
871;12;37;79.476;5.27
872;12;37;94.881;24.07
873;12;37;94.435;11.65
874;12;38;81.894;11.29
875;12;39;96.367;17.95
876;12;39;77.48;21.13
877;13;14;36.692;18.04
878;13;14;42.569;21.04
879;13;15;32.233;4.82
880;13;15;31.617;12.73
881;13;15;36.894;14.97
882;13;16;15.381;6.98
883;13;17;23.397;23.0
884;13;18;26.561;23.51
885;13;18;31.94;13.45
886;13;19;7.011;8.32
887;13;19;7.555;6.72
888;13;20;23.885;19.16
889;13;20;22.697;10.31
890;13;20;19.355;3.22
891;13;21;13.682;18.69
892;13;21;16.322;19.8
893;13;21;13.719;2.76
894;13;22;8.861;1.99
895;13;22;7.4;4.43
896;13;23;36.967;9.53
897;13;23;41.74;19.63
898;13;23;36.209;15.13
899;13;24;38.904;9.24
900;13;25;40.242;4.96
901;13;25;41.032;7.4
902;13;26;8.547;15.1
903;13;27;38.387;0.98
904;13;27;41.742;3.91
905;13;28;9.733;13.6
906;13;28;8.851;16.74
907;13;29;8.264;2.57
908;13;30;13.852;15.16
909;13;30;14.387;13.24
910;13;30;15.524;19.19
911;13;31;22.457;22.94
912;13;31;17.328;16.8
913;13;31;26.324;2.36
914;13;32;27.272;9.7
915;13;32;20.749;18.65
916;13;32;30.778;0.68
917;13;33;5.626;17.41
918;13;34;27.548;3.16
919;13;35;6.44;19.55
920;13;35;6.036;19.6
921;13;35;5.57;24.48
922;13;36;89.874;2.29
923;13;36;74.439;14.42
924;13;37;14.887;8.13
925;13;38;5.865;16.75
926;13;38;5.0;20.8
927;13;38;7.155;16.65
928;13;39;8.647;1.0
929;13;39;8.863;19.97
930;14;15;53.504;24.72
931;14;15;48.655;21.78
932;14;16;50.763;8.75
933;14;16;50.717;13.6
934;14;17;60.087;4.13
935;14;18;46.439;21.75
936;14;18;43.679;6.75
937;14;18;56.583;9.22
938;14;19;37.461;20.01
939;14;19;37.852;19.05
940;14;20;60.469;0.73
941;14;20;62.309;7.73
942;14;20;75.016;18.72
943;14;21;50.305;10.05
944;14;21;45.597;9.27
945;14;21;43.173;8.62
946;14;22;37.171;2.25
947;14;22;43.588;16.18
948;14;22;39.276;5.62
949;14;23;73.587;4.57
950;14;23;66.854;16.85
951;14;23;61.275;8.81
952;14;24;9.76;10.34
953;14;24;10.019;6.56
954;14;24;10.93;6.76
955;14;25;54.067;12.82
956;14;26;45.108;1.65
957;14;27;55.613;16.8
958;14;27;53.818;7.89
959;14;27;65.057;14.05
960;14;28;45.512;8.69
961;14;29;42.936;8.54
962;14;29;42.684;11.74
963;14;30;50.384;14.99
964;14;31;47.972;17.89
965;14;32;18.721;2.02
966;14;32;14.983;7.88
967;14;33;35.398;2.35
968;14;33;29.692;24.05
969;14;33;35.389;21.84
970;14;34;59.458;17.48
971;14;34;63.49;15.91
972;14;35;40.44;21.12
973;14;36;103.777;12.08
974;14;36;110.407;0.99
975;14;36;110.855;5.05
976;14;37;44.149;20.84
977;14;37;48.278;14.65
978;14;38;42.331;20.28
979;14;39;28.285;6.93
980;15;16;39.488;18.2
981;15;17;36.182;14.39
982;15;17;45.216;12.89
983;15;17;30.005;12.22
984;15;18;7.159;23.89
985;15;19;39.107;19.27
986;15;19;36.807;6.92
987;15;19;45.126;9.83
988;15;20;33.419;4.76
989;15;21;30.776;9.32
990;15;21;28.559;15.7
991;15;22;23.809;24.57
992;15;22;22.318;13.74
993;15;23;46.181;20.67
994;15;23;51.88;24.63
995;15;23;49.953;18.77
996;15;24;49.291;21.0
997;15;24;49.263;19.44
998;15;25;11.195;3.61
999;15;25;11.296;15.86
1000;15;26;29.973;8.27
1001;15;27;7.199;18.74
1002;15;27;6.643;10.66
1003;15;27;5.535;20.57
1004;15;28;27.071;7.46
1005;15;29;25.735;10.33
1006;15;29;24.289;1.0
1007;15;30;29.967;24.94
1008;15;31;9.975;24.73
1009;15;31;12.438;8.71
1010;15;31;8.14;5.78
1011;15;32;54.245;7.11
1012;15;33;27.463;18.01
1013;15;34;17.743;9.11
1014;15;35;26.271;5.36
1015;15;35;32.829;24.35
1016;15;35;26.87;16.68
1017;15;36;57.641;17.35
1018;15;37;17.667;1.47
1019;15;37;16.166;11.17
1020;15;38;29.848;22.51
1021;15;39;36.549;11.87
1022;15;39;40.325;5.53
1023;15;39;40.977;22.58
1024;16;17;12.0;4.22
1025;16;17;9.684;15.97
1026;16;17;11.478;9.0
1027;16;18;35.915;24.74
1028;16;18;28.938;23.3
1029;16;19;13.441;23.22
1030;16;19;11.223;5.99
1031;16;20;14.4;9.13
1032;16;20;15.751;4.74
1033;16;20;11.723;20.16
1034;16;21;8.905;7.35
1035;16;22;21.444;7.41
1036;16;22;21.321;1.24
1037;16;23;23.621;4.57
1038;16;23;28.464;8.06
1039;16;24;53.965;3.38
1040;16;25;49.578;21.99
1041;16;26;10.323;23.87
1042;16;26;11.184;3.56
1043;16;27;46.542;1.77
1044;16;28;12.858;20.77
1045;16;28;11.396;16.65
1046;16;28;12.656;9.29
1047;16;29;15.221;14.87
1048;16;30;9.749;23.05
1049;16;31;29.821;22.14
1050;16;32;37.763;0.2
1051;16;33;19.811;15.01
1052;16;34;27.411;2.41
1053;16;34;29.784;4.73
1054;16;35;16.327;13.89
1055;16;36;95.389;2.25
1056;16;36;87.144;18.93
1057;16;37;22.821;22.83
1058;16;37;23.852;21.87
1059;16;37;27.01;3.93
1060;16;38;12.019;8.96
1061;16;38;12.168;10.12
1062;16;38;9.381;14.03
1063;16;39;22.688;0.14
1064;17;18;34.77;8.83
1065;17;18;42.41;19.54
1066;17;18;42.051;7.17
1067;17;19;24.198;2.61
1068;17;20;3.361;19.83
1069;17;21;10.018;23.33
1070;17;21;10.38;20.0
1071;17;21;9.585;4.8
1072;17;22;25.71;0.15
1073;17;22;26.365;20.06
1074;17;23;13.725;6.9
1075;17;23;16.562;6.31
1076;17;24;61.902;19.54
1077;17;24;49.981;8.19
1078;17;24;55.486;10.33
1079;17;25;47.207;15.67
1080;17;25;40.157;17.58
1081;17;25;43.364;18.36
1082;17;26;15.151;21.15
1083;17;26;17.11;5.12
1084;17;26;16.89;11.12
1085;17;27;43.358;17.55
1086;17;28;15.628;10.22
1087;17;29;18.636;14.33
1088;17;30;10.181;8.49
1089;17;30;10.497;13.78
1090;17;30;9.485;19.46
1091;17;31;27.982;23.3
1092;17;31;24.695;10.6
1093;17;31;22.668;8.94
1094;17;32;48.874;19.77
1095;17;32;51.2;0.19
1096;17;33;25.756;2.01
1097;17;33;22.666;9.22
1098;17;34;20.283;4.16
1099;17;34;23.243;0.92
1100;17;34;24.66;8.79
1101;17;35;20.875;24.21
1102;17;35;24.551;10.18
1103;17;36;88.556;22.77
1104;17;36;76.938;24.45
1105;17;37;23.195;9.75
1106;17;37;20.614;18.13
1107;17;38;17.921;14.81
1108;17;38;18.348;16.99
1109;17;38;18.564;10.74
1110;17;39;31.884;14.32
1111;18;19;33.559;19.93
1112;18;19;35.26;7.77
1113;18;20;32.459;20.15
1114;18;21;27.714;16.25
1115;18;21;28.98;16.47
1116;18;22;17.796;0.79
1117;18;22;14.01;12.3
1118;18;23;46.263;15.59
1119;18;24;42.562;10.91
1120;18;25;13.861;20.86
1121;18;26;25.823;6.6
1122;18;27;11.906;8.38
1123;18;27;11.074;8.07
1124;18;28;23.084;7.44
1125;18;28;21.143;24.88
1126;18;28;21.878;0.12
1127;18;29;21.146;16.85
1128;18;29;22.507;22.23
1129;18;30;26.979;18.06
1130;18;30;29.435;1.38
1131;18;31;6.815;10.41
1132;18;31;7.105;8.98
1133;18;32;47.246;20.07
1134;18;33;21.391;9.44
1135;18;33;26.162;2.75
1136;18;34;19.386;6.32
1137;18;34;15.173;12.02
1138;18;34;23.034;3.2
1139;18;35;21.127;23.55
1140;18;36;63.744;18.69
1141;18;37;13.124;19.16
1142;18;37;12.273;7.47
1143;18;38;25.137;11.59
1144;18;39;29.975;6.06
1145;18;39;27.63;23.3
1146;18;39;36.326;4.65
1147;19;20;25.602;14.82
1148;19;20;28.93;11.31
1149;19;20;31.226;0.9
1150;19;21;16.005;19.48
1151;19;21;16.216;15.2
1152;19;22;15.867;18.28
1153;19;22;13.768;1.17
1154;19;23;36.905;1.36
1155;19;23;39.697;0.58
1156;19;23;35.825;0.1
1157;19;24;41.315;3.86
1158;19;25;47.253;12.5
1159;19;25;45.832;24.87
1160;19;26;11.984;9.19
1161;19;26;14.879;3.66
1162;19;27;45.361;22.68
1163;19;27;37.182;6.43
1164;19;27;34.602;1.01
1165;19;28;14.361;6.43
1166;19;28;14.632;5.37
1167;19;29;14.076;16.31
1168;19;29;17.027;11.2
1169;19;30;16.512;2.17
1170;19;30;17.186;8.81
1171;19;30;14.831;10.27
1172;19;31;29.241;1.13
1173;19;32;24.677;4.56
1174;19;33;12.504;24.85
1175;19;34;32.816;1.96
1176;19;34;39.885;20.74
1177;19;34;32.338;21.29
1178;19;35;12.916;13.97
1179;19;35;10.268;23.69
1180;19;36;96.727;1.16
1181;19;36;109.218;21.66
1182;19;37;21.57;2.23
1183;19;37;26.483;17.7
1184;19;38;10.329;19.62
1185;19;38;10.731;21.25
1186;19;39;10.043;11.86
1187;19;39;8.47;24.91
1188;19;39;11.262;13.97
1189;20;21;10.203;10.96
1190;20;21;8.548;15.73
1191;20;22;25.006;0.95
1192;20;22;28.073;5.58
1193;20;22;25.965;17.41
1194;20;23;14.501;5.65
1195;20;23;14.732;5.34
1196;20;23;13.788;2.49
1197;20;24;61.754;12.64
1198;20;25;44.526;5.62
1199;20;26;15.372;3.8
1200;20;26;17.55;3.25
1201;20;26;12.962;18.86
1202;20;27;40.557;10.57
1203;20;28;15.208;13.26
1204;20;28;14.49;0.92
1205;20;28;14.972;22.48
1206;20;29;18.1;15.21
1207;20;29;15.691;5.95
1208;20;30;10.085;17.74
1209;20;30;8.045;13.44
1210;20;31;25.644;3.3
1211;20;31;19.979;24.59
1212;20;31;21.645;3.07
1213;20;32;50.168;14.67
1214;20;32;59.748;6.48
1215;20;33;25.526;1.8
1216;20;34;17.085;24.95
1217;20;34;15.358;19.1
1218;20;35;20.494;15.32
1219;20;35;19.173;5.95
1220;20;35;15.456;10.22
1221;20;36;85.235;14.22
1222;20;37;21.551;3.21
1223;20;37;18.585;14.03
1224;20;37;25.658;15.77
1225;20;38;18.142;2.01
1226;20;38;18.126;24.32
1227;20;38;17.239;5.23
1228;20;39;32.509;17.16
1229;20;39;26.887;24.83
1230;21;22;15.908;7.92
1231;21;22;18.212;16.51
1232;21;23;23.744;0.38
1233;21;23;19.693;12.4
1234;21;24;51.894;16.74
1235;21;24;39.137;22.84
1236;21;24;50.679;13.69
1237;21;25;41.135;13.2
1238;21;25;46.684;18.14
1239;21;25;43.798;3.09
1240;21;26;5.201;19.9
1241;21;26;5.766;16.84
1242;21;27;37.895;19.15
1243;21;28;5.808;16.12
1244;21;28;6.576;9.89
1245;21;28;7.087;19.18
1246;21;29;8.82;21.62
1247;21;30;0.845;24.22
1248;21;30;0.787;0.1
1249;21;31;21.324;16.08
1250;21;31;20.507;19.83
1251;21;31;19.045;15.74
1252;21;32;40.234;3.6
1253;21;32;37.621;6.78
1254;21;32;34.988;8.37
1255;21;33;15.741;23.69
1256;21;33;15.309;24.17
1257;21;34;18.804;19.75
1258;21;35;10.92;10.24
1259;21;36;86.494;11.61
1260;21;37;14.917;6.54
1261;21;37;13.426;8.23
1262;21;38;7.984;5.4
1263;21;39;22.308;8.93
1264;21;39;18.25;0.53
1265;22;23;39.32;18.52
1266;22;23;29.918;0.56
1267;22;23;39.156;19.15
1268;22;24;37.096;22.72
1269;22;24;35.448;19.37
1270;22;25;31.396;18.09
1271;22;25;28.394;17.05
1272;22;26;11.496;20.31
1273;22;26;9.593;15.53
1274;22;26;11.546;12.18
1275;22;27;29.679;22.0
1276;22;27;34.547;13.83
1277;22;27;24.18;7.19
1278;22;28;10.118;18.97
1279;22;28;9.952;22.26
1280;22;29;7.096;6.84
1281;22;29;8.273;1.45
1282;22;30;15.584;1.76
1283;22;31;14.425;7.49
1284;22;31;16.97;24.67
1285;22;31;12.78;4.19
1286;22;32;32.138;18.56
1287;22;32;26.196;23.88
1288;22;33;3.653;1.83
1289;22;34;22.715;13.15
1290;22;35;5.192;22.99
1291;22;35;5.065;13.86
1292;22;35;5.27;15.61
1293;22;36;81.373;22.15
1294;22;36;82.476;8.3
1295;22;36;67.009;24.09
1296;22;37;7.716;22.71
1297;22;37;6.196;1.73
1298;22;38;9.425;8.75
1299;22;39;13.217;20.96
1300;23;24;75.617;10.81
1301;23;25;57.371;10.03
1302;23;26;28.859;9.83
1303;23;26;33.309;3.93
1304;23;26;26.105;3.84
1305;23;27;53.065;0.25
1306;23;27;63.189;3.59
1307;23;27;59.646;0.46
1308;23;28;29.303;17.61
1309;23;28;24.687;11.67
1310;23;28;33.733;21.23
1311;23;29;32.29;11.9
1312;23;30;23.888;5.72
1313;23;30;26.909;15.09
1314;23;31;39.493;3.58
1315;23;32;61.384;12.51
1316;23;32;61.156;11.69
1317;23;32;63.526;1.79
1318;23;33;39.479;12.78
1319;23;33;45.605;11.89
1320;23;34;28.594;14.8
1321;23;34;24.4;15.68
1322;23;34;31.213;14.25
1323;23;35;34.575;17.81
1324;23;35;38.902;18.1
1325;23;35;33.996;16.7
1326;23;36;93.102;23.62
1327;23;36;78.701;19.92
1328;23;37;36.011;5.71
1329;23;37;31.265;0.74
1330;23;38;31.617;3.14
1331;23;38;39.345;2.16
1332;23;39;45.309;14.63
1333;23;39;45.574;24.07
1334;24;25;48.041;21.65
1335;24;25;54.475;3.23
1336;24;26;46.758;17.31
1337;24;26;39.794;20.74
1338;24;26;53.295;7.09
1339;24;27;50.252;10.58
1340;24;28;46.546;4.25
1341;24;28;57.501;20.42
1342;24;28;50.985;24.43
1343;24;29;43.689;7.04
1344;24;29;43.992;24.63
1345;24;30;51.814;16.84
1346;24;31;45.399;21.92
1347;24;31;41.759;3.97
1348;24;32;27.076;15.15
1349;24;32;31.638;3.92
1350;24;33;36.232;1.53
1351;24;33;37.051;5.76
1352;24;34;57.987;7.19
1353;24;34;45.068;7.17
1354;24;34;56.49;18.22
1355;24;35;41.263;3.86
1356;24;36;96.25;6.15
1357;24;37;43.076;13.86
1358;24;37;45.961;20.73
1359;24;37;52.131;17.04
1360;24;38;44.005;5.03
1361;24;38;54.661;21.77
1362;24;38;53.429;6.91
1363;24;39;31.387;7.35
1364;24;39;37.495;18.41
1365;25;26;39.61;12.14
1366;25;27;4.753;8.9
1367;25;28;36.819;21.23
1368;25;28;36.645;19.69
1369;25;29;34.989;8.05
1370;25;29;30.049;17.75
1371;25;30;40.36;1.04
1372;25;30;31.584;1.67
1373;25;31;19.811;6.73
1374;25;31;19.686;16.77
1375;25;31;22.152;21.99
1376;25;32;58.488;18.07
1377;25;32;54.658;5.47
1378;25;33;34.894;2.53
1379;25;34;28.875;5.2
1380;25;35;34.976;17.33
1381;25;35;37.981;11.82
1382;25;36;51.357;22.8
1383;25;36;60.712;8.85
1384;25;37;26.913;7.92
1385;25;37;25.552;4.98
1386;25;37;22.368;4.3
1387;25;38;38.996;8.53
1388;25;39;42.745;9.32
1389;25;39;37.93;13.72
1390;26;27;36.848;17.51
1391;26;27;34.645;19.49
1392;26;27;31.022;3.54
1393;26;28;2.93;16.19
1394;26;28;3.365;5.66
1395;26;28;3.28;9.41
1396;26;29;4.899;17.27
1397;26;30;5.307;16.53
1398;26;30;4.034;20.53
1399;26;30;5.031;19.77
1400;26;31;20.072;4.79
1401;26;31;16.577;2.54
1402;26;31;17.631;5.15
1403;26;32;35.483;0.03
1404;26;32;43.49;2.75
1405;26;32;30.163;19.08
1406;26;33;10.748;22.86
1407;26;33;10.761;14.4
1408;26;34;20.993;1.59
1409;26;34;18.804;20.64
1410;26;35;6.308;12.56
1411;26;35;7.556;0.26
1412;26;36;86.899;16.69
1413;26;36;87.864;24.17
1414;26;36;105.182;0.24
1415;26;37;12.704;11.61
1416;26;37;10.632;14.53
1417;26;37;14.792;10.27
1418;26;38;2.784;9.52
1419;26;39;17.194;1.07
1420;26;39;13.452;2.17
1421;26;39;13.732;16.1
1422;27;28;33.979;15.32
1423;27;28;27.103;23.61
1424;27;29;32.433;17.41
1425;27;29;28.003;15.67
1426;27;29;27.8;1.97
1427;27;30;37.094;16.59
1428;27;30;36.388;24.61
1429;27;31;16.782;15.46
1430;27;32;58.515;7.32
1431;27;32;50.096;20.06
1432;27;33;33.289;8.6
1433;27;33;40.182;17.96
1434;27;34;24.486;16.66
1435;27;35;32.723;22.2
1436;27;35;26.074;12.74
1437;27;36;51.879;12.77
1438;27;37;24.3;18.26
1439;27;38;36.521;7.88
1440;27;39;41.795;18.86
1441;27;39;31.986;14.82
1442;27;39;50.6;9.1
1443;28;29;3.022;14.77
1444;28;30;5.468;23.82
1445;28;30;4.657;10.44
1446;28;31;17.198;6.11
1447;28;31;15.842;10.61
1448;28;32;37.002;24.07
1449;28;32;31.723;9.6
1450;28;32;32.15;21.29
1451;28;33;10.322;13.05
1452;28;34;18.455;23.27
1453;28;35;5.294;15.02
1454;28;36;83.972;13.74
1455;28;36;64.983;18.99
1456;28;36;70.774;4.95
1457;28;37;9.969;19.95
1458;28;38;4.123;20.1
1459;28;39;18.196;6.2
1460;28;39;17.807;10.67
1461;29;30;8.489;4.19
1462;29;31;15.76;15.37
1463;29;31;16.795;13.14
1464;29;32;35.309;17.11
1465;29;32;41.877;12.02
1466;29;32;30.304;12.3
1467;29;33;7.563;11.08
1468;29;34;19.284;3.48
1469;29;35;2.497;11.18
1470;29;35;2.706;7.9
1471;29;35;2.007;9.59
1472;29;36;83.084;3.95
1473;29;36;100.781;15.52
1474;29;37;8.134;5.28
1475;29;38;4.116;6.33
1476;29;39;16.208;2.93
1477;29;39;13.487;16.56
1478;29;39;12.712;1.26
1479;30;31;20.552;15.64
1480;30;31;16.861;23.53
1481;30;31;18.875;19.05
1482;30;32;40.599;21.36
1483;30;32;30.452;10.44
1484;30;33;15.606;1.47
1485;30;33;17.101;4.52
1486;30;33;15.512;20.01
1487;30;34;17.99;9.79
1488;30;35;10.694;19.42
1489;30;35;11.991;12.48
1490;30;35;8.521;24.22
1491;30;36;85.65;8.63
1492;30;37;14.254;1.14
1493;30;37;13.542;6.95
1494;30;37;14.152;6.04
1495;30;38;8.061;5.17
1496;30;38;9.42;1.05
1497;30;38;8.102;1.63
1498;30;39;22.496;12.44
1499;30;39;21.58;21.2
1500;31;32;46.063;14.48
1501;31;32;45.709;15.45
1502;31;32;38.655;24.28
1503;31;33;18.034;24.1
1504;31;34;13.514;10.6
1505;31;34;11.221;5.11
1506;31;35;16.351;23.0
1507;31;35;16.605;11.85
1508;31;36;67.493;1.73
1509;31;36;71.556;21.65
1510;31;36;60.391;0.49
1511;31;37;7.708;19.65
1512;31;37;6.182;6.18
1513;31;38;19.873;22.85
1514;31;39;27.562;0.77
1515;32;33;28.971;5.33
1516;32;34;54.329;13.9
1517;32;34;56.393;3.67
1518;32;35;33.062;2.79
1519;32;35;27.985;15.52
1520;32;35;39.389;10.38
1521;32;36;109.833;1.06
1522;32;36;114.44;22.94
1523;32;36;103.693;15.72
1524;32;37;39.848;16.77
1525;32;38;33.024;10.04
1526;32;39;19.222;14.77
1527;33;34;25.458;3.21
1528;33;34;23.313;14.47
1529;33;34;24.071;23.49
1530;33;35;5.078;7.81
1531;33;36;85.017;8.46
1532;33;37;11.015;14.87
1533;33;37;9.448;7.04
1534;33;38;8.157;21.22
1535;33;38;8.69;2.68
1536;33;39;9.829;11.12
1537;34;35;21.337;9.59
1538;34;36;68.519;3.88
1539;34;36;66.453;18.65
1540;34;37;15.322;7.86
1541;34;37;15.054;19.1
1542;34;37;17.896;11.85
1543;34;38;22.525;5.47
1544;34;39;35.108;11.57
1545;34;39;36.116;19.49
1546;34;39;40.444;5.66
1547;35;36;83.844;5.31
1548;35;36;79.101;9.92
1549;35;36;102.358;4.29
1550;35;37;8.659;10.83
1551;35;37;6.711;12.16
1552;35;38;4.363;14.4
1553;35;39;13.885;17.57
1554;35;39;10.47;8.91
1555;35;39;13.489;10.41
1556;36;37;75.189;3.16
1557;36;37;66.596;17.72
1558;36;38;87.183;19.72
1559;36;38;103.422;10.07
1560;36;39;93.673;2.08
1561;36;39;113.25;18.7
1562;36;39;79.202;13.03
1563;37;38;12.223;19.98
1564;37;38;11.61;7.35
1565;37;38;10.001;23.84
1566;37;39;20.827;11.42
1567;37;39;21.254;15.76
1568;37;39;24.022;18.5
1569;38;39;14.497;0.75
1570;38;39;11.509;5.28
