VERTEX_COUNT 40
PATH_COUNT 1
BUDGET 420
<------------ VERTICES ------------>
0;START;41.374834;2.170055;0.0;0.0
1;Basilica of the Sagrada Família;41.403568;2.174435;45.0;100.0
2;Palau Güell;41.378864;2.174117;45.0;88.7
3;Anella Olímpica(Olympic Park);41.364778;2.152575;45.0;86.36
4;La Pedrera (Casa Milà);41.395271;2.161785;45.0;85.91
5;Galeria d’Art Mar Grup Escolà;41.392349;2.167836;45.0;80.72
6;Museu Nacional d’Art de Catalunya;41.36882;2.153347;45.0;80.08
7;Basilica of Sants Just i Pastor;41.382812;2.178195;45.0;77.36
8;Parc de la Ciutadella;41.389248;2.186548;45.0;77.1
9;Poble Espanyol;41.368679;2.147031;45.0;76.94
10;Montjuïc Castle;41.363823;2.167096;45.0;76.66
11;Avinguda d’Icària;41.391556;2.197416;45.0;76.46
12;Museu d’Història de Catalunya - MHC;41.380852;2.185799;45.0;74.97
13;Passeig de Gràcia;41.390739;2.166672;45.0;73.2
14;Park Güell;41.414249;2.151926;45.0;69.57
15;Lorena Ruiz de Villa;41.397858;2.146705;45.0;68.23
16;Antic Hospital de la Santa Creu;41.380573;2.170374;45.0;67.08
17;Casa Batlló;41.391758;2.164961;45.0;67.0
18;Museu Frederic Marès;41.384178;2.176819;45.0;64.6
19;Basilica of Santa Maria del Mar;41.383518;2.1818;45.0;63.62
20;Museu Palmero;41.424667;2.139856;45.0;63.43
21;Parc de Diagonal Mar;41.407215;2.214539;45.0;62.68
22;Plaça de Catalunya;41.387005;2.17003;45.0;62.55
23;Despair;41.387653;2.188076;45.0;61.97
24;Plaça del Rei;41.384144;2.177409;45.0;61.68
25;Barcelona;41.389034;2.16137;45.0;60.8
26;Casa Martí, Els Quatre Gats ;41.385775;2.173671;45.0;60.09
27;Rambla del Raval;41.378681;2.169317;45.0;59.43
28;La Colmena;41.383835;2.178294;45.0;59.25
29;Museu Picasso;41.385181;2.180863;45.0;59.17
30;Platja de la Nova Mar Bella;41.40205;2.21529;45.0;58.89
31;Arts Santa Mònica;41.37722;2.176012;45.0;58.48
32;Royal Dockyards Museu Marítim ;41.375286;2.17598;45.0;58.19
33;Turó de la Rovira viewing point;41.419388;2.161812;45.0;57.87
34;Casa Vicens;41.403442;2.150684;45.0;57.48
35;Poblenou Cemetery;41.394859;2.201189;45.0;57.36
36;Imaginart Gallery;41.393822;2.164627;45.0;56.99
37;90th Jean Bouin;41.373077;2.150465;45.0;56.95
38;Monument to Doctor Robert;41.394924;2.175599;45.0;55.57
39;FINISH;41.374834;2.170055;0.0;0.0
<------------- EDGES -------------->
0;0;1;49.491;7.87
1;0;2;8.647;11.99
2;0;2;9.022;14.37
3;0;3;28.285;0.16
4;0;3;31.099;23.24
5;0;3;28.298;8.42
6;0;4;36.549;0.43
7;0;5;30.107;14.78
8;0;6;23.796;3.03
9;0;7;17.194;13.61
10;0;8;32.509;11.91
11;0;8;32.643;21.37
12;0;8;35.843;15.26
13;0;9;31.387;1.24
14;0;10;19.222;8.39
15;0;11;45.309;17.58
16;0;11;50.277;10.36
17;0;12;22.688;22.27
18;0;12;25.854;0.7
19;0;13;27.562;4.98
20;0;13;32.954;15.45
21;0;14;71.35;0.72
22;0;15;49.508;13.77
23;0;16;9.829;10.54
24;0;16;8.489;12.62
25;0;17;29.69;19.81
26;0;18;18.196;12.32
27;0;18;14.884;18.53
28;0;18;18.468;12.44
29;0;19;21.172;16.92
30;0;19;23.594;0.41
31;0;20;93.673;11.01
32;0;21;79.572;23.09
33;0;21;71.126;21.21
34;0;21;70.662;20.19
35;0;22;20.827;21.8
36;0;22;21.635;23.31
37;0;22;19.308;1.36
38;0;23;31.884;20.02
39;0;23;27.193;3.27
40;0;24;18.52;23.42
41;0;24;19.704;11.79
42;0;24;22.651;6.0
43;0;25;26.736;12.34
44;0;25;25.084;14.05
45;0;25;29.459;19.52
46;0;26;19.29;1.89
47;0;27;6.651;22.35
48;0;27;7.069;10.3
49;0;28;18.686;22.71
50;0;28;15.393;2.84
51;0;28;15.722;13.94
52;0;29;22.496;17.22
53;0;29;17.387;7.71
54;0;29;21.721;10.15
55;0;30;74.442;22.96
56;0;30;86.24;22.26
57;0;30;90.504;15.66
58;0;31;8.671;9.74
59;0;31;8.856;11.22
60;0;31;10.478;19.45
61;0;32;7.648;12.76
62;0;32;7.923;6.52
63;0;33;76.973;16.87
64;0;34;54.909;0.43
65;0;34;66.788;22.76
66;0;35;52.651;16.04
67;0;36;33.232;10.83
68;0;37;25.336;6.43
69;0;37;23.436;1.68
70;0;37;31.143;2.55
71;0;38;35.108;24.6
72;0;38;35.201;15.09
73;0;38;43.646;15.62
74;0;39;0.0;9.44
75;1;2;42.276;8.67
76;1;2;37.366;17.48
77;1;3;72.069;10.95
78;1;3;69.956;24.73
79;1;4;21.57;20.96
80;1;4;19.596;19.09
81;1;4;26.807;19.88
82;1;5;20.984;16.09
83;1;5;19.936;18.63
84;1;6;65.336;15.6
85;1;6;56.335;10.18
86;1;7;35.845;16.48
87;1;7;35.432;1.08
88;1;8;29.022;14.48
89;1;8;22.963;1.44
90;1;8;34.019;16.65
91;1;9;69.299;9.1
92;1;9;66.998;13.57
93;1;9;72.275;1.5
94;1;10;68.662;2.8
95;1;11;35.955;23.82
96;1;12;41.52;10.29
97;1;12;34.742;7.63
98;1;13;24.109;2.81
99;1;14;34.185;4.0
100;1;14;33.618;16.93
101;1;15;36.911;10.8
102;1;16;39.694;2.83
103;1;16;43.04;16.04
104;1;16;47.838;19.4
105;1;17;23.587;9.83
106;1;17;18.0;0.56
107;1;17;28.922;6.44
108;1;18;33.322;7.5
109;1;19;35.589;24.82
110;1;19;32.418;19.55
111;1;20;57.209;22.12
112;1;21;51.851;13.85
113;1;21;52.751;18.92
114;1;22;28.902;20.33
115;1;22;31.747;10.6
116;1;22;22.15;11.59
117;1;23;32.378;18.46
118;1;23;40.261;14.32
119;1;23;37.54;17.52
120;1;24;33.457;22.09
121;1;24;41.457;8.41
122;1;25;29.997;17.59
123;1;26;30.463;21.49
124;1;27;43.091;9.16
125;1;28;34.129;11.13
126;1;28;30.437;11.26
127;1;29;32.528;6.33
128;1;29;31.708;11.53
129;1;29;28.194;1.68
130;1;30;52.504;21.06
131;1;30;53.56;14.21
132;1;31;45.133;15.33
133;1;31;53.824;5.54
134;1;32;48.438;21.21
135;1;33;31.549;6.45
136;1;33;25.153;14.34
137;1;33;38.851;20.21
138;1;34;30.486;11.16
139;1;35;37.436;7.21
140;1;36;20.896;20.0
141;1;36;22.885;8.32
142;1;37;60.577;6.07
143;1;38;14.867;0.1
144;1;39;49.491;24.5
145;1;39;46.837;13.49
146;1;39;54.822;24.16
147;2;3;36.692;16.15
148;2;3;40.42;0.79
149;2;4;32.233;5.35
150;2;4;29.862;0.67
151;2;5;24.444;16.63
152;2;5;19.39;1.97
153;2;5;24.018;13.74
154;2;6;31.73;8.14
155;2;6;29.477;3.72
156;2;7;8.547;12.71
157;2;7;10.208;10.8
158;2;7;9.89;17.0
159;2;8;23.885;21.54
160;2;9;38.904;21.21
161;2;9;33.377;19.83
162;2;9;36.506;13.89
163;2;10;27.272;3.81
164;2;10;23.454;3.23
165;2;10;30.453;12.91
166;2;11;36.967;22.81
167;2;11;45.603;21.35
168;2;12;15.381;7.39
169;2;12;15.834;20.48
170;2;13;22.457;11.94
171;2;14;66.918;23.16
172;2;14;69.044;13.19
173;2;14;67.93;0.99
174;2;15;47.906;18.12
175;2;15;42.536;24.42
176;2;16;5.626;8.8
177;2;17;25.001;10.38
178;2;17;25.042;12.28
179;2;18;9.733;2.34
180;2;18;8.864;8.06
181;2;19;12.678;20.49
182;2;20;89.874;19.08
183;2;21;71.038;3.93
184;2;22;14.887;17.93
185;2;22;15.023;18.8
186;2;23;23.397;24.96
187;2;23;17.916;6.62
188;2;23;22.613;8.46
189;2;24;9.975;6.11
190;2;25;23.89;22.97
191;2;25;18.985;5.17
192;2;26;11.84;22.14
193;2;26;10.573;17.13
194;2;27;6.171;3.25
195;2;28;10.056;4.32
196;2;28;11.432;12.51
197;2;29;13.852;19.96
198;2;29;13.624;0.11
199;2;29;17.119;15.63
200;2;30;66.092;4.07
201;2;30;77.896;13.61
202;2;30;61.788;8.84
203;2;31;3.72;15.77
204;2;31;4.254;2.2
205;2;31;4.647;8.38
206;2;32;6.574;11.5
207;2;32;6.588;6.97
208;2;32;7.987;1.32
209;2;33;71.122;5.67
210;2;33;62.564;4.8
211;2;34;51.71;16.96
212;2;34;40.555;6.29
213;2;34;45.668;11.06
214;2;35;44.241;0.2
215;2;35;36.538;15.52
216;2;35;44.832;3.48
217;2;36;28.348;22.75
218;2;36;32.819;23.02
219;2;37;31.945;17.14
220;2;38;27.548;18.12
221;2;38;32.542;15.71
222;2;38;29.271;9.99
223;2;39;8.647;15.96
224;3;4;53.504;10.42
225;3;5;51.088;21.87
226;3;5;45.819;2.26
227;3;5;43.122;13.52
228;3;6;6.988;18.12
229;3;6;8.244;13.29
230;3;6;7.902;16.99
231;3;7;45.108;2.99
232;3;8;60.469;17.85
233;3;9;9.76;3.59
234;3;9;9.822;12.98
235;3;10;18.721;17.36
236;3;10;22.197;7.08
237;3;11;73.587;23.97
238;3;11;86.644;10.75
239;3;11;65.953;18.5
240;3;12;50.763;19.99
241;3;13;47.972;3.91
242;3;14;84.661;23.7
243;3;15;57.108;8.15
244;3;16;35.398;19.74
245;3;16;31.718;8.58
246;3;17;48.832;4.35
247;3;17;53.816;16.97
248;3;17;47.209;14.48
249;3;18;45.512;15.57
250;3;19;49.364;2.08
251;3;20;103.777;19.45
252;3;21;107.715;17.73
253;3;21;102.313;3.05
254;3;22;44.149;22.97
255;3;22;33.283;11.03
256;3;22;52.801;11.99
257;3;23;60.087;19.66
258;3;23;67.496;20.94
259;3;24;45.992;18.88
260;3;24;41.271;7.48
261;3;25;43.017;0.08
262;3;26;44.999;16.82
263;3;27;32.067;11.49
264;3;28;46.414;8.26
265;3;28;51.079;4.51
266;3;29;50.384;14.8
267;3;29;45.904;16.61
268;3;29;61.051;3.5
269;3;30;102.722;9.74
270;3;30;84.733;18.99
271;3;31;36.867;24.13
272;3;31;42.89;15.8
273;3;31;37.721;8.17
274;3;32;35.025;0.92
275;3;32;39.19;5.05
276;3;32;31.326;10.3
277;3;33;94.2;5.81
278;3;33;77.859;18.54
279;3;33;99.066;24.87
280;3;34;66.208;18.96
281;3;35;80.908;6.48
282;3;35;95.764;14.05
283;3;36;52.055;20.8
284;3;36;42.949;7.53
285;3;36;58.201;21.18
286;3;37;14.458;14.95
287;3;37;12.49;20.67
288;3;38;59.458;15.86
289;3;38;71.356;3.2
290;3;39;28.285;17.39
291;3;39;22.658;0.62
292;4;5;9.238;16.08
293;4;5;9.406;19.34
294;4;5;9.857;15.73
295;4;6;46.542;14.84
296;4;7;29.973;22.54
297;4;8;33.419;10.47
298;4;8;34.988;14.72
299;4;9;49.291;14.45
300;4;10;54.245;10.27
301;4;11;46.181;17.28
302;4;12;39.488;2.45
303;4;12;30.982;10.34
304;4;13;9.975;16.01
305;4;13;12.338;14.14
306;4;13;11.413;1.48
307;4;14;34.854;23.22
308;4;14;35.289;23.99
309;4;15;19.858;4.42
310;4;15;16.468;18.59
311;4;15;19.52;3.12
312;4;16;27.463;20.79
313;4;16;32.361;6.61
314;4;16;22.439;11.5
315;4;17;7.264;24.32
316;4;17;5.542;6.68
317;4;18;27.071;8.5
318;4;18;22.75;12.57
319;4;19;32.631;14.1
320;4;19;32.584;23.79
321;4;19;25.479;5.45
322;4;20;57.641;17.49
323;4;20;54.7;18.67
324;4;20;67.192;17.2
325;4;21;70.732;16.94
326;4;22;17.667;18.06
327;4;22;17.482;13.55
328;4;22;19.199;8.03
329;4;23;36.182;1.83
330;4;24;27.657;7.09
331;4;25;10.686;20.79
332;4;25;9.766;5.98
333;4;26;22.291;4.6
334;4;26;18.355;7.47
335;4;26;17.389;7.58
336;4;27;29.991;0.22
337;4;27;35.004;9.71
338;4;27;24.104;4.79
339;4;28;28.847;3.71
340;4;28;21.961;17.43
341;4;28;24.828;7.72
342;4;29;29.967;9.41
343;4;30;69.654;23.46
344;4;30;77.303;18.94
345;4;30;69.868;17.61
346;4;31;35.886;19.6
347;4;31;44.518;15.89
348;4;31;33.362;3.07
349;4;32;38.752;16.63
350;4;33;41.27;5.39
351;4;34;19.964;3.24
352;4;34;23.951;13.05
353;4;34;18.704;17.87
354;4;35;50.588;14.29
355;4;35;61.399;17.54
356;4;36;4.411;24.38
357;4;36;4.601;3.28
358;4;36;5.053;7.19
359;4;37;40.666;9.09
360;4;38;17.743;22.59
361;4;39;36.549;12.05
362;5;6;44.354;1.07
363;5;6;42.857;3.71
364;5;7;21.053;7.56
365;5;7;19.643;12.86
366;5;8;24.601;22.98
367;5;8;20.98;24.04
368;5;8;30.319;13.21
369;5;9;48.521;2.36
370;5;9;49.548;5.63
371;5;9;56.139;23.71
372;5;10;48.824;18.59
373;5;10;37.934;9.63
374;5;10;56.313;24.72
375;5;11;37.998;10.67
376;5;12;30.314;18.84
377;5;13;3.134;21.39
378;5;13;3.878;10.42
379;5;14;42.679;8.7
380;5;14;40.46;23.77
381;5;14;42.61;22.47
382;5;15;28.717;17.65
383;5;15;23.89;13.63
384;5;15;22.453;1.07
385;5;16;20.413;10.38
386;5;16;20.956;10.44
387;5;16;18.967;24.45
388;5;17;3.827;24.67
389;5;17;3.538;22.17
390;5;18;18.125;0.0
391;5;18;21.947;6.56
392;5;19;23.447;20.61
393;5;20;65.94;9.78
394;5;21;65.123;12.56
395;5;21;64.573;24.93
396;5;22;9.569;20.3
397;5;23;27.199;15.3
398;5;23;28.562;5.66
399;5;23;20.557;23.08
400;5;24;18.66;4.97
401;5;25;10.054;4.62
402;5;26;13.515;7.25
403;5;26;14.239;16.91
404;5;27;23.466;4.8
405;5;28;19.813;10.79
406;5;29;20.74;17.37
407;5;29;20.88;3.16
408;5;29;20.218;5.6
409;5;30;63.137;10.75
410;5;31;27.936;18.87
411;5;32;31.014;24.02
412;5;32;26.887;10.85
413;5;33;46.911;22.94
414;5;34;29.071;2.37
415;5;35;43.031;3.43
416;5;36;4.83;15.3
417;5;36;5.014;22.32
418;5;37;39.813;7.78
419;5;38;10.896;10.35
420;5;39;30.107;12.96
421;5;39;25.622;9.44
422;6;7;39.892;6.87
423;6;7;35.021;20.71
424;6;8;55.131;2.97
425;6;8;47.614;6.13
426;6;9;8.115;13.69
427;6;10;19.619;8.26
428;6;10;16.535;6.92
429;6;11;68.67;14.13
430;6;12;46.481;11.32
431;6;12;56.148;17.34
432;6;13;41.226;20.47
433;6;14;77.761;24.4
434;6;14;71.735;9.86
435;6;14;68.607;3.4
436;6;15;50.417;16.14
437;6;16;29.708;4.92
438;6;16;29.278;16.71
439;6;17;41.989;7.96
440;6;17;45.718;7.36
441;6;18;39.989;15.26
442;6;18;37.211;20.68
443;6;18;43.873;19.8
444;6;19;44.356;7.32
445;6;20;97.123;4.63
446;6;21;102.414;11.61
447;6;21;78.376;13.66
448;6;22;37.779;7.36
449;6;22;37.545;20.74
450;6;23;55.02;7.77
451;6;23;62.653;1.09
452;6;23;58.923;6.48
453;6;24;40.525;7.52
454;6;24;34.346;14.18
455;6;24;39.591;12.52
456;6;25;36.092;20.8
457;6;25;33.343;9.02
458;6;26;39.024;18.86
459;6;26;35.673;4.46
460;6;27;26.558;22.02
461;6;28;41.065;7.03
462;6;28;33.043;24.05
463;6;29;45.08;3.62
464;6;29;54.308;12.31
465;6;30;97.767;22.93
466;6;30;105.39;16.98
467;6;30;122.193;19.81
468;6;31;32.461;10.73
469;6;31;28.106;8.09
470;6;32;31.099;21.35
471;6;33;87.213;24.67
472;6;33;87.375;9.98
473;6;33;107.914;19.28
474;6;34;59.345;6.72
475;6;34;55.548;15.91
476;6;34;59.866;21.92
477;6;35;75.887;18.27
478;6;35;82.98;13.99
479;6;36;45.169;11.77
480;6;36;54.124;8.21
481;6;36;35.153;6.0
482;6;37;8.171;0.16
483;6;38;53.025;19.82
484;6;38;63.417;14.22
485;6;38;43.497;15.03
486;6;39;23.796;7.69
487;6;39;17.886;16.03
488;6;39;23.836;9.07
489;7;8;15.372;16.35
490;7;8;18.225;9.7
491;7;9;46.758;14.47
492;7;10;35.483;18.54
493;7;11;28.859;1.24
494;7;11;28.249;4.51
495;7;11;28.708;15.61
496;7;12;10.323;22.34
497;7;12;11.603;15.61
498;7;12;7.968;15.23
499;7;13;20.072;17.38
500;7;13;23.989;13.87
501;7;14;63.49;18.25
502;7;14;75.69;7.28
503;7;15;47.93;3.57
504;7;15;45.945;17.37
505;7;16;10.748;20.44
506;7;17;22.87;10.87
507;7;17;27.539;0.14
508;7;18;2.93;23.79
509;7;19;4.784;3.48
510;7;19;5.204;8.88
511;7;20;86.899;10.71
512;7;20;107.901;18.02
513;7;20;86.852;4.28
514;7;21;62.614;19.0
515;7;22;12.704;20.59
516;7;22;11.553;18.55
517;7;22;10.263;23.19
518;7;23;15.151;4.19
519;7;23;14.587;19.44
520;7;24;2.493;7.25
521;7;24;2.798;13.21
522;7;24;2.701;4.63
523;7;25;24.083;15.39
524;7;26;7.711;18.28
525;7;26;6.97;16.76
526;7;26;6.995;13.51
527;7;27;13.413;3.17
528;7;28;1.755;14.36
529;7;28;1.474;9.18
530;7;29;5.307;14.62
531;7;30;57.892;20.29
532;7;30;68.839;14.59
533;7;31;9.971;12.8
534;7;32;13.189;21.7
535;7;33;66.028;24.23
536;7;34;49.936;3.76
537;7;34;47.032;10.97
538;7;34;58.037;24.35
539;7;35;36.006;22.82
540;7;35;28.467;2.49
541;7;35;42.231;17.99
542;7;36;25.659;12.04
543;7;36;29.403;13.23
544;7;36;31.127;18.37
545;7;37;39.311;19.72
546;7;37;45.002;2.17
547;7;37;46.416;23.37
548;7;38;20.993;7.92
549;7;39;17.194;10.98
550;7;39;21.423;12.17
551;8;9;61.754;19.46
552;8;9;49.546;14.0
553;8;9;60.838;17.58
554;8;10;50.168;24.26
555;8;10;53.14;8.26
556;8;11;14.501;5.42
557;8;11;16.771;7.18
558;8;11;10.998;3.57
559;8;12;14.4;5.58
560;8;13;25.644;16.35
561;8;14;61.687;14.76
562;8;14;47.869;0.1
563;8;14;49.486;3.87
564;8;15;53.228;12.14
565;8;16;25.526;8.71
566;8;17;28.044;23.9
567;8;18;15.208;24.96
568;8;18;13.519;6.41
569;8;18;18.938;11.55
570;8;19;11.546;12.74
571;8;19;9.463;19.01
572;8;20;85.235;10.76
573;8;20;93.165;19.67
574;8;20;102.691;4.31
575;8;21;47.29;13.46
576;8;22;21.551;10.0
577;8;23;3.361;19.64
578;8;23;3.037;9.41
579;8;23;2.666;16.43
580;8;24;14.627;4.42
581;8;24;17.181;22.33
582;8;24;18.022;24.57
583;8;25;32.326;5.81
584;8;25;30.16;1.68
585;8;25;34.822;16.24
586;8;26;17.568;19.53
587;8;26;17.265;8.54
588;8;27;28.573;20.22
589;8;28;14.075;16.2
590;8;28;12.104;7.41
591;8;28;17.179;15.37
592;8;29;10.085;6.27
593;8;30;42.91;4.16
594;8;30;51.268;10.06
595;8;31;24.63;18.31
596;8;31;21.842;18.13
597;8;32;27.476;8.85
598;8;32;29.201;13.15
599;8;33;60.565;1.16
600;8;34;52.053;3.55
601;8;34;46.38;23.24
602;8;34;46.134;21.15
603;8;35;21.106;5.46
604;8;35;20.517;8.67
605;8;36;29.21;14.9
606;8;36;26.324;11.25
607;8;36;29.515;23.72
608;8;37;53.966;13.87
609;8;37;63.989;6.04
610;8;38;17.085;13.97
611;8;39;32.509;6.11
612;9;10;27.076;15.07
613;9;10;22.07;1.87
614;9;10;33.725;11.83
615;9;11;75.617;20.23
616;9;11;57.324;22.56
617;9;11;67.028;21.23
618;9;12;53.965;13.53
619;9;13;45.399;11.15
620;9;13;42.949;18.41
621;9;13;52.971;14.81
622;9;14;78.233;8.48
623;9;15;49.934;4.3
624;9;16;36.232;11.45
625;9;16;34.772;20.35
626;9;16;43.538;12.74
627;9;17;45.714;14.06
628;9;17;54.455;14.1
629;9;17;49.47;14.43
630;9;18;46.546;3.46
631;9;18;53.288;3.89
632;9;19;51.362;1.32
633;9;20;96.25;7.84
634;9;20;107.678;0.2
635;9;20;73.965;0.88
636;9;21;108.905;12.07
637;9;21;96.796;8.25
638;9;21;122.697;2.69
639;9;22;43.076;23.23
640;9;22;43.884;5.29
641;9;22;33.662;13.33
642;9;23;61.902;22.61
643;9;24;47.138;13.18
644;9;25;39.399;15.2
645;9;26;45.011;5.52
646;9;27;33.346;0.45
647;9;28;47.793;24.09
648;9;29;51.814;0.07
649;9;29;39.792;3.63
650;9;29;52.852;13.81
651;9;30;104.601;12.86
652;9;30;92.063;1.08
653;9;31;39.983;20.96
654;9;32;38.857;11.21
655;9;32;43.518;6.91
656;9;32;39.808;23.86
657;9;33;88.825;2.76
658;9;33;67.747;7.31
659;9;34;59.672;9.99
660;9;34;54.971;19.48
661;9;35;82.719;3.22
662;9;36;48.597;17.39
663;9;36;57.332;24.41
664;9;36;39.065;7.81
665;9;37;8.722;14.89
666;9;37;10.39;18.7
667;9;38;57.987;1.25
668;9;38;63.806;3.16
669;9;39;31.387;5.87
670;9;39;38.386;17.66
671;10;11;61.384;0.68
672;10;11;73.388;16.53
673;10;12;37.763;23.98
674;10;12;31.781;23.83
675;10;13;46.063;20.77
676;10;14;88.461;12.98
677;10;14;109.418;9.16
678;10;14;108.813;3.53
679;10;15;63.856;18.3
680;10;15;49.036;8.26
681;10;15;73.06;18.26
682;10;16;28.971;3.62
683;10;16;22.559;1.53
684;10;16;32.628;2.24
685;10;17;47.882;12.4
686;10;17;55.087;8.41
687;10;18;37.002;9.56
688;10;19;38.631;3.44
689;10;19;47.197;19.91
690;10;20;109.833;4.19
691;10;21;96.041;1.04
692;10;21;91.034;1.92
693;10;22;39.848;2.19
694;10;23;48.874;17.98
695;10;24;37.21;18.67
696;10;25;43.764;14.09
697;10;25;52.009;12.04
698;10;25;45.493;11.39
699;10;26;38.502;2.57
700;10;27;25.585;24.81
701;10;28;37.142;11.81
702;10;28;43.394;21.19
703;10;29;40.599;22.71
704;10;30;90.045;9.97
705;10;30;99.877;17.51
706;10;31;25.626;8.95
707;10;31;28.402;10.13
708;10;31;22.416;1.38
709;10;32;22.692;16.31
710;10;32;21.223;19.44
711;10;32;18.987;22.22
712;10;33;95.326;16.5
713;10;34;70.996;5.87
714;10;34;72.778;12.33
715;10;34;82.111;19.2
716;10;35;68.826;4.68
717;10;35;79.478;6.51
718;10;36;51.433;16.74
719;10;36;50.99;14.69
720;10;37;26.588;18.43
721;10;38;54.329;18.22
722;10;39;19.222;3.5
723;11;12;23.621;2.15
724;11;13;39.493;21.48
725;11;14;70.123;1.63
726;11;14;73.223;11.65
727;11;14;75.441;14.82
728;11;15;65.986;18.47
729;11;15;68.689;16.37
730;11;15;69.128;20.3
731;11;16;39.479;15.61
732;11;16;44.876;2.56
733;11;16;41.046;24.33
734;11;17;41.666;4.5
735;11;17;38.617;23.08
736;11;18;29.303;12.38
737;11;19;24.314;20.28
738;11;19;21.868;13.11
739;11;19;26.104;23.88
740;11;20;93.102;0.85
741;11;20;92.913;18.92
742;11;20;72.015;4.2
743;11;21;34.657;12.02
744;11;21;37.131;2.87
745;11;22;36.011;24.95
746;11;23;13.725;20.91
747;11;23;12.583;21.95
748;11;23;11.861;21.57
749;11;24;28.647;24.95
750;11;24;29.665;3.93
751;11;25;46.477;22.8
752;11;26;32.05;10.08
753;11;26;38.994;12.17
754;11;26;30.819;6.14
755;11;27;42.272;5.49
756;11;27;33.845;18.57
757;11;27;35.681;10.24
758;11;28;27.879;17.44
759;11;29;23.888;20.42
760;11;30;29.136;15.08
761;11;30;31.404;9.26
762;11;31;36.838;3.7
763;11;31;30.682;23.47
764;11;32;39.149;13.56
765;11;32;43.539;11.23
766;11;32;38.821;4.26
767;11;33;66.005;23.19
768;11;33;53.204;0.39
769;11;33;79.386;2.53
770;11;34;63.342;22.78
771;11;35;7.444;3.68
772;11;35;9.225;2.3
773;11;36;42.271;15.22
774;11;36;36.523;1.43
775;11;36;52.268;2.37
776;11;37;68.074;21.55
777;11;37;82.863;21.47
778;11;37;83.418;21.29
779;11;38;28.594;1.62
780;11;38;31.87;7.03
781;11;39;45.309;3.49
782;12;13;29.821;7.19
783;12;14;71.81;0.5
784;12;15;58.016;8.32
785;12;15;47.855;16.81
786;12;15;53.306;21.27
787;12;16;19.811;18.95
788;12;17;32.62;12.45
789;12;17;26.858;3.67
790;12;18;12.858;4.26
791;12;18;15.059;6.11
792;12;19;6.869;18.09
793;12;19;6.219;24.64
794;12;19;5.677;21.26
795;12;20;95.389;21.2
796;12;20;94.325;20.1
797;12;21;58.279;11.09
798;12;22;22.821;6.93
799;12;23;12.0;7.79
800;12;23;10.332;13.11
801;12;24;12.156;16.21
802;12;24;11.67;22.07
803;12;25;34.348;17.27
804;12;25;30.59;14.61
805;12;25;29.794;11.87
806;12;26;17.705;14.08
807;12;27;21.487;15.32
808;12;28;10.905;22.8
809;12;28;11.895;11.08
810;12;28;11.634;2.32
811;12;29;9.749;8.64
812;12;29;10.755;7.83
813;12;29;9.499;5.38
814;12;30;52.433;20.13
815;12;31;14.02;14.41
816;12;31;10.935;24.93
817;12;31;11.094;22.07
818;12;32;15.801;3.47
819;12;32;18.659;4.1
820;12;32;15.839;8.12
821;12;33;72.778;5.36
822;12;33;55.617;4.38
823;12;34;59.384;19.15
824;12;34;63.581;11.45
825;12;35;31.063;15.06
826;12;35;23.51;19.82
827;12;36;35.092;11.86
828;12;36;26.608;22.12
829;12;37;47.282;13.2
830;12;37;46.763;15.77
831;12;38;27.411;0.16
832;12;38;33.134;22.28
833;12;38;33.736;2.18
834;12;39;22.688;16.92
835;13;14;44.461;23.48
836;13;14;54.24;11.13
837;13;14;40.602;9.85
838;13;15;28.38;9.08
839;13;15;24.451;24.79
840;13;16;18.034;22.04
841;13;16;21.95;6.07
842;13;17;2.805;24.08
843;13;17;2.14;17.49
844;13;18;17.198;22.09
845;13;19;23.02;16.12
846;13;19;21.725;4.16
847;13;20;67.493;20.42
848;13;21;67.603;17.54
849;13;21;84.392;11.51
850;13;21;73.681;24.88
851;13;22;7.708;11.73
852;13;22;6.374;2.13
853;13;22;8.074;12.5
854;13;23;27.982;15.18
855;13;23;30.212;3.0
856;13;23;23.5;19.78
857;13;24;17.815;7.03
858;13;24;18.206;10.63
859;13;25;7.406;15.15
860;13;25;8.89;23.12
861;13;25;8.222;2.06
862;13;26;12.365;6.4
863;13;27;20.912;10.01
864;13;27;21.612;22.67
865;13;27;24.75;14.77
866;13;28;19.032;2.63
867;13;29;20.552;17.36
868;13;29;22.119;0.88
869;13;30;65.343;23.25
870;13;30;51.949;2.15
871;13;31;26.057;19.54
872;13;31;19.937;6.38
873;13;32;29.019;3.28
874;13;33;49.42;18.69
875;13;33;41.285;8.9
876;13;34;29.895;23.67
877;13;34;36.637;18.26
878;13;35;44.869;22.04
879;13;36;5.893;8.41
880;13;37;36.695;20.24
881;13;37;32.247;17.1
882;13;37;42.506;12.13
883;13;38;13.514;11.27
884;13;39;27.562;2.54
885;13;39;26.51;14.95
886;13;39;34.172;7.29
887;14;15;28.838;16.72
888;14;16;62.303;2.07
889;14;17;41.967;9.78
890;14;18;60.572;1.78
891;14;18;70.261;4.96
892;14;19;65.084;2.14
893;14;20;23.616;5.82
894;14;21;81.254;10.32
895;14;21;87.992;7.84
896;14;22;52.091;9.92
897;14;22;63.284;17.66
898;14;23;64.996;11.41
899;14;24;61.024;0.37
900;14;24;50.506;22.61
901;14;24;71.768;16.98
902;14;25;44.819;7.2
903;14;25;49.172;21.41
904;14;25;46.098;3.29
905;14;26;56.153;3.29
906;14;26;45.617;0.64
907;14;27;64.83;18.66
908;14;27;66.769;23.88
909;14;28;62.083;6.62
910;14;29;62.08;7.35
911;14;29;49.28;6.75
912;14;30;83.961;20.07
913;14;31;70.506;5.74
914;14;31;67.281;19.26
915;14;31;68.903;15.72
916;14;32;73.478;8.16
917;14;32;67.293;9.5
918;14;33;15.436;16.13
919;14;33;17.578;9.49
920;14;34;18.562;21.74
921;14;35;71.407;7.34
922;14;35;87.475;5.14
923;14;36;38.57;5.16
924;14;37;70.48;18.02
925;14;37;65.558;0.99
926;14;38;44.909;15.35
927;14;38;43.478;17.52
928;14;38;38.1;17.47
929;14;39;71.35;23.79
930;14;39;67.13;15.87
931;15;16;42.406;22.86
932;15;16;35.513;21.45
933;15;17;25.655;17.98
934;15;17;28.909;11.7
935;15;17;27.514;22.88
936;15;18;45.195;6.38
937;15;19;51.304;7.75
938;15;19;62.247;19.0
939;15;20;46.711;7.4
940;15;21;88.529;17.25
941;15;21;70.086;15.06
942;15;21;90.087;17.74
943;15;22;35.236;2.43
944;15;22;34.865;24.6
945;15;23;55.908;4.83
946;15;24;45.875;8.12
947;15;25;24.134;18.44
948;15;25;30.151;13.66
949;15;25;19.553;14.82
950;15;26;40.323;19.66
951;15;27;43.814;12.58
952;15;28;47.122;1.87
953;15;28;43.07;16.13
954;15;28;38.426;22.99
955;15;29;48.924;24.9
956;15;29;37.292;1.36
957;15;29;43.802;10.76
958;15;30;88.328;24.1
959;15;31;51.604;21.95
960;15;31;46.016;22.48
961;15;31;60.214;16.59
962;15;32;53.895;19.39
963;15;33;41.633;6.07
964;15;33;32.532;7.17
965;15;33;36.848;21.05
966;15;34;10.835;5.39
967;15;34;10.088;10.93
968;15;35;70.128;19.12
969;15;35;55.5;11.51
970;15;36;24.021;18.93
971;15;37;42.68;20.59
972;15;37;36.721;0.69
973;15;38;37.429;3.37
974;15;39;49.508;12.2
975;15;39;56.328;22.15
976;16;17;20.363;22.95
977;16;17;20.778;6.84
978;16;18;10.322;22.9
979;16;18;9.074;5.26
980;16;19;15.512;19.18
981;16;20;85.017;12.84
982;16;21;72.753;24.56
983;16;22;11.015;24.08
984;16;23;25.756;7.2
985;16;23;31.019;22.34
986;16;23;32.105;23.93
987;16;24;10.906;8.48
988;16;24;8.868;3.01
989;16;25;18.528;16.45
990;16;25;14.657;15.46
991;16;26;9.857;4.54
992;16;26;11.555;1.17
993;16;27;3.511;9.75
994;16;27;4.357;10.19
995;16;27;3.453;21.61
996;16;28;11.6;20.57
997;16;28;10.026;6.38
998;16;28;12.996;3.38
999;16;29;15.606;7.26
1000;16;29;16.461;0.79
1001;16;30;68.379;3.7
1002;16;30;65.139;14.15
1003;16;30;72.883;11.88
1004;16;31;9.237;19.54
1005;16;31;9.153;0.95
1006;16;31;7.968;21.29
1007;16;32;11.562;6.21
1008;16;32;11.894;8.35
1009;16;32;12.585;2.21
1010;16;33;67.324;18.32
1011;16;33;64.978;8.17
1012;16;33;53.35;1.73
1013;16;34;46.588;13.34
1014;16;34;55.153;18.3
1015;16;34;40.956;7.64
1016;16;35;46.506;10.08
1017;16;36;23.842;9.61
1018;16;37;28.603;7.29
1019;16;37;29.373;14.84
1020;16;38;25.458;3.51
1021;16;39;9.829;5.66
1022;17;18;20.0;8.12
1023;17;19;25.811;14.02
1024;17;19;25.493;3.97
1025;17;19;23.808;22.42
1026;17;20;64.881;21.39
1027;17;20;55.429;8.88
1028;17;20;60.077;20.35
1029;17;21;68.917;3.62
1030;17;21;61.955;11.22
1031;17;21;66.03;16.5
1032;17;22;10.416;16.02
1033;17;22;9.744;4.27
1034;17;23;30.495;11.75
1035;17;23;37.177;22.08
1036;17;23;31.836;7.43
1037;17;24;20.62;19.88
1038;17;25;6.556;3.28
1039;17;25;7.266;1.76
1040;17;26;15.161;17.28
1041;17;27;23.066;15.47
1042;17;28;21.837;5.56
1043;17;29;23.312;17.02
1044;17;30;66.963;22.17
1045;17;31;28.64;22.53
1046;17;31;26.186;2.01
1047;17;32;31.539;0.59
1048;17;32;26.317;13.48
1049;17;33;47.454;11.57
1050;17;34;27.123;11.35
1051;17;34;21.009;11.38
1052;17;35;46.809;5.04
1053;17;35;45.351;21.24
1054;17;35;47.294;3.65
1055;17;36;3.558;17.48
1056;17;36;3.513;21.57
1057;17;36;3.477;1.42
1058;17;37;36.992;3.62
1059;17;37;42.768;20.6
1060;17;37;34.001;11.62
1061;17;38;14.692;12.72
1062;17;38;17.682;9.9
1063;17;38;14.139;10.39
1064;17;39;29.69;0.91
1065;17;39;27.993;10.39
1066;17;39;35.604;11.97
1067;18;19;6.494;10.38
1068;18;19;6.644;1.34
1069;18;20;83.972;12.7
1070;18;20;88.367;11.15
1071;18;21;62.439;23.26
1072;18;22;9.969;6.51
1073;18;23;15.628;16.14
1074;18;23;18.436;8.03
1075;18;24;0.76;22.3
1076;18;24;0.819;3.38
1077;18;25;21.505;12.74
1078;18;26;4.879;18.49
1079;18;27;13.464;0.59
1080;18;27;14.932;14.01
1081;18;28;1.983;16.94
1082;18;29;5.468;18.15
1083;18;29;4.257;6.62
1084;18;29;5.776;18.35
1085;18;30;58.09;21.81
1086;18;30;58.958;11.48
1087;18;30;72.513;9.41
1088;18;31;11.952;7.95
1089;18;31;10.721;8.01
1090;18;32;15.254;2.46
1091;18;32;17.109;20.78
1092;18;32;12.935;22.44
1093;18;33;63.257;12.94
1094;18;33;53.922;5.9
1095;18;34;47.035;13.41
1096;18;34;53.949;11.12
1097;18;35;36.234;4.32
1098;18;36;22.745;19.9
1099;18;36;24.149;10.17
1100;18;36;27.667;8.38
1101;18;37;38.807;21.46
1102;18;37;30.82;16.28
1103;18;37;30.059;17.7
1104;18;38;18.455;17.22
1105;18;39;18.196;0.02
1106;19;20;88.638;6.94
1107;19;20;107.626;4.72
1108;19;20;94.608;11.98
1109;19;21;58.401;1.21
1110;19;21;48.379;7.89
1111;19;22;16.247;16.08
1112;19;22;19.166;17.82
1113;19;23;10.724;22.72
1114;19;24;5.739;22.44
1115;19;24;4.959;20.35
1116;19;25;27.876;7.09
1117;19;26;11.129;10.79
1118;19;26;10.394;1.29
1119;19;27;18.039;12.69
1120;19;27;20.399;20.12
1121;19;28;4.534;10.55
1122;19;28;4.685;18.75
1123;19;29;3.09;12.86
1124;19;29;2.362;17.3
1125;19;30;53.424;1.29
1126;19;30;42.237;18.37
1127;19;30;48.023;7.71
1128;19;31;13.091;6.44
1129;19;31;11.822;6.34
1130;19;31;14.891;13.06
1131;19;32;15.946;20.29
1132;19;32;17.919;20.92
1133;19;32;14.735;7.86
1134;19;33;66.528;22.19
1135;19;33;64.311;16.08
1136;19;34;52.517;16.31
1137;19;34;64.758;4.87
1138;19;34;39.983;1.87
1139;19;35;31.563;6.67
1140;19;36;28.231;11.97
1141;19;36;26.509;6.32
1142;19;36;27.069;0.58
1143;19;37;44.025;23.86
1144;19;37;37.229;6.83
1145;19;38;21.079;2.32
1146;19;38;22.307;10.17
1147;19;38;20.638;19.17
1148;19;39;21.172;8.27
1149;20;21;100.386;23.82
1150;20;22;75.189;8.41
1151;20;22;57.759;21.04
1152;20;23;88.556;24.01
1153;20;23;75.669;7.35
1154;20;23;72.536;21.55
1155;20;24;84.45;17.1
1156;20;24;95.041;13.15
1157;20;25;66.937;18.17
1158;20;25;58.287;12.09
1159;20;25;65.303;11.67
1160;20;26;79.454;11.78
1161;20;26;94.872;16.7
1162;20;27;87.307;3.27
1163;20;27;85.963;16.38
1164;20;27;103.474;2.33
1165;20;28;85.535;5.97
1166;20;28;89.632;13.9
1167;20;28;75.711;3.62
1168;20;29;85.65;2.22
1169;20;30;104.258;5.52
1170;20;30;124.492;11.56
1171;20;30;80.93;10.7
1172;20;31;93.521;1.87
1173;20;32;96.388;12.0
1174;20;32;98.194;23.86
1175;20;32;114.331;24.41
1176;20;33;29.586;14.55
1177;20;34;38.888;16.93
1178;20;34;42.312;20.47
1179;20;34;46.968;23.14
1180;20;35;93.798;18.42
1181;20;36;61.618;8.73
1182;20;36;48.263;16.12
1183;20;37;89.327;5.86
1184;20;37;97.932;18.9
1185;20;38;68.519;13.45
1186;20;39;93.673;15.32
1187;21;22;66.786;0.01
1188;21;22;71.316;23.26
1189;21;23;47.692;18.81
1190;21;23;47.432;22.42
1191;21;23;36.6;19.76
1192;21;24;61.891;17.55
1193;21;24;60.766;13.03
1194;21;24;52.563;7.62
1195;21;25;75.007;4.55
1196;21;25;64.755;18.0
1197;21;25;65.187;19.88
1198;21;26;64.018;5.72
1199;21;26;49.838;16.21
1200;21;27;75.858;1.16
1201;21;27;65.012;0.74
1202;21;28;61.364;24.56
1203;21;28;76.641;19.03
1204;21;28;56.65;12.84
1205;21;29;57.363;24.41
1206;21;29;55.405;10.65
1207;21;29;59.565;5.67
1208;21;30;8.891;10.17
1209;21;31;71.28;20.54
1210;21;32;73.727;14.57
1211;21;33;70.801;18.98
1212;21;33;71.255;12.65
1213;21;33;87.24;12.95
1214;21;34;82.212;24.38
1215;21;34;87.313;14.9
1216;21;34;77.059;6.97
1217;21;35;27.216;21.18
1218;21;35;31.322;23.83
1219;21;35;33.305;3.79
1220;21;36;68.043;22.56
1221;21;36;71.338;6.87
1222;21;37;100.892;16.62
1223;21;38;54.228;4.7
1224;21;38;66.435;24.02
1225;21;39;79.572;20.28
1226;21;39;74.886;8.92
1227;21;39;66.785;5.43
1228;22;23;23.195;4.38
1229;22;24;10.664;14.77
1230;22;24;10.004;11.52
1231;22;25;11.648;8.02
1232;22;26;5.126;7.82
1233;22;26;5.933;14.44
1234;22;27;14.274;7.61
1235;22;27;12.292;2.25
1236;22;27;11.419;4.86
1237;22;28;11.916;6.55
1238;22;28;12.776;11.85
1239;22;28;14.864;17.92
1240;22;29;14.254;21.44
1241;22;29;17.39;5.7
1242;22;30;63.55;0.61
1243;22;30;51.501;15.76
1244;22;31;18.422;6.73
1245;22;31;20.057;0.79
1246;22;32;21.46;1.91
1247;22;32;18.926;13.57
1248;22;33;56.41;12.34
1249;22;34;37.522;23.22
1250;22;35;42.199;14.28
1251;22;36;13.572;14.25
1252;22;36;11.695;12.83
1253;22;36;10.258;19.76
1254;22;37;34.629;19.91
1255;22;38;15.322;13.17
1256;22;39;20.827;1.05
1257;22;39;17.73;10.21
1258;23;24;14.954;4.28
1259;23;24;14.326;9.61
1260;23;24;11.475;9.14
1261;23;25;34.368;17.6
1262;23;26;18.772;11.59
1263;23;26;22.81;0.16
1264;23;26;17.143;4.8
1265;23;27;28.563;11.54
1266;23;27;28.364;5.59
1267;23;27;31.835;20.8
1268;23;28;14.157;20.75
1269;23;28;17.266;5.62
1270;23;28;11.155;7.57
1271;23;29;10.181;7.07
1272;23;30;42.748;15.13
1273;23;31;23.636;1.47
1274;23;32;26.25;10.89
1275;23;32;28.067;12.16
1276;23;33;63.918;14.66
1277;23;33;62.249;4.97
1278;23;33;73.148;23.6
1279;23;34;55.082;19.92
1280;23;34;55.464;9.01
1281;23;35;20.867;20.1
1282;23;35;25.018;21.55
1283;23;36;31.901;1.28
1284;23;36;30.091;20.4
1285;23;37;54.354;13.53
1286;23;37;67.491;0.62
1287;23;38;20.283;0.97
1288;23;38;25.003;7.75
1289;23;38;20.048;24.42
1290;23;39;31.884;10.17
1291;24;25;22.227;11.9
1292;24;25;16.793;12.47
1293;24;25;21.426;10.6
1294;24;26;5.552;1.48
1295;24;26;6.056;16.74
1296;24;27;13.977;16.04
1297;24;27;17.037;12.86
1298;24;27;10.629;23.2
1299;24;28;1.253;12.09
1300;24;29;4.777;5.05
1301;24;30;57.478;1.23
1302;24;30;46.076;23.77
1303;24;31;11.984;0.22
1304;24;31;9.63;13.33
1305;24;31;9.613;20.87
1306;24;32;15.269;10.5
1307;24;32;15.701;18.73
1308;24;33;63.546;9.52
1309;24;33;56.93;7.03
1310;24;34;47.619;24.53
1311;24;35;35.612;10.85
1312;24;35;33.404;17.31
1313;24;36;23.314;22.9
1314;24;37;39.442;18.62
1315;24;38;18.593;8.53
1316;24;38;14.236;4.34
1317;24;38;14.363;13.57
1318;24;39;18.52;21.35
1319;24;39;16.051;3.59
1320;25;26;16.748;24.8
1321;25;26;18.682;5.09
1322;25;26;17.72;18.8
1323;25;27;20.445;18.99
1324;25;28;23.479;10.92
1325;25;28;23.608;22.8
1326;25;28;29.187;20.55
1327;25;29;25.88;14.1
1328;25;29;27.522;6.43
1329;25;29;24.011;12.91
1330;25;30;72.712;16.79
1331;25;31;27.607;11.29
1332;25;31;29.158;13.16
1333;25;31;22.902;9.81
1334;25;32;30.089;2.5
1335;25;33;51.946;12.99
1336;25;33;45.078;0.84
1337;25;34;28.214;7.87
1338;25;34;30.216;9.23
1339;25;35;52.081;14.59
1340;25;35;47.277;23.82
1341;25;35;54.206;8.16
1342;25;36;9.199;0.7
1343;25;36;10.509;16.66
1344;25;37;30.687;3.54
1345;25;37;33.799;12.59
1346;25;38;20.863;0.2
1347;25;38;21.262;17.74
1348;25;39;26.736;6.88
1349;25;39;25.157;14.05
1350;26;27;13.365;20.73
1351;26;27;13.664;20.22
1352;26;27;11.873;9.72
1353;26;28;6.801;16.83
1354;26;28;5.338;18.37
1355;26;29;9.29;9.34
1356;26;29;7.946;15.39
1357;26;29;8.922;23.26
1358;26;30;60.251;21.64
1359;26;31;14.945;4.49
1360;26;32;18.193;2.54
1361;26;33;59.499;5.79
1362;26;34;42.246;24.3
1363;26;34;46.144;11.95
1364;26;34;41.455;15.7
1365;26;35;38.597;8.17
1366;26;35;32.476;10.69
1367;26;36;18.012;16.87
1368;26;36;21.555;5.54
1369;26;37;36.879;17.15
1370;26;38;15.85;8.16
1371;26;39;19.29;5.66
1372;27;28;14.514;19.96
1373;27;28;11.144;15.89
1374;27;28;17.9;22.46
1375;27;29;18.534;23.14
1376;27;30;71.292;10.65
1377;27;31;8.953;21.52
1378;27;32;10.342;4.32
1379;27;32;8.576;5.87
1380;27;33;70.322;21.44
1381;27;33;72.9;18.69
1382;27;33;69.513;5.64
1383;27;34;48.658;20.36
1384;27;34;45.824;7.7
1385;27;34;44.437;3.93
1386;27;35;49.405;16.32
1387;27;35;43.051;15.52
1388;27;35;56.293;7.42
1389;27;36;26.6;3.31
1390;27;36;23.041;22.0
1391;27;37;26.038;2.54
1392;27;37;25.276;2.12
1393;27;37;22.578;1.56
1394;27;38;28.942;1.54
1395;27;39;6.651;24.76
1396;27;39;5.559;24.19
1397;28;29;4.023;7.46
1398;28;29;3.037;14.59
1399;28;30;56.809;5.97
1400;28;30;46.695;15.93
1401;28;31;11.693;13.67
1402;28;31;9.949;9.28
1403;28;32;14.928;4.97
1404;28;32;17.266;20.27
1405;28;32;12.084;4.88
1406;28;33;64.413;5.94
1407;28;33;59.664;22.78
1408;28;34;48.806;1.49
1409;28;35;34.926;10.31
1410;28;36;24.494;21.18
1411;28;36;22.078;4.21
1412;28;36;19.789;22.88
1413;28;37;40.197;13.44
1414;28;38;19.289;24.47
1415;28;39;18.686;8.2
1416;29;30;52.787;22.4
1417;29;30;55.519;22.87
1418;29;31;14.979;9.42
1419;29;31;15.298;1.25
1420;29;31;14.588;2.69
1421;29;32;18.056;12.16
1422;29;33;63.438;7.12
1423;29;34;49.773;9.11
1424;29;35;30.906;5.09
1425;29;36;25.556;2.17
1426;29;36;30.849;21.83
1427;29;37;44.188;5.82
1428;29;37;34.382;3.48
1429;29;38;17.99;15.14
1430;29;38;14.587;1.91
1431;29;38;18.082;24.79
1432;29;39;22.496;11.67
1433;30;31;65.94;1.54
1434;30;31;78.466;0.98
1435;30;32;68.151;9.06
1436;30;32;60.863;7.78
1437;30;33;74.772;20.46
1438;30;33;57.714;0.17
1439;30;33;92.332;8.78
1440;30;34;82.96;17.62
1441;30;34;62.97;0.34
1442;30;35;21.887;24.4
1443;30;36;66.54;18.43
1444;30;36;50.845;5.3
1445;30;37;96.875;0.69
1446;30;37;102.303;23.28
1447;30;37;77.25;5.56
1448;30;38;52.388;8.77
1449;30;38;64.755;16.7
1450;30;38;52.224;8.69
1451;30;39;74.442;15.36
1452;30;39;86.753;2.01
1453;31;32;3.31;9.47
1454;31;32;2.88;2.85
1455;31;32;2.513;18.8
1456;31;33;74.426;14.29
1457;31;34;55.415;10.48
1458;31;34;43.907;3.78
1459;31;35;44.226;12.73
1460;31;36;31.95;15.46
1461;31;37;33.563;12.88
1462;31;38;30.3;11.39
1463;31;39;8.671;23.87
1464;31;39;6.712;7.84
1465;31;39;8.551;4.2
1466;32;33;77.629;15.96
1467;32;34;58.104;23.9
1468;32;34;51.739;19.79
1469;32;35;46.577;12.37
1470;32;36;34.908;18.83
1471;32;37;32.982;19.13
1472;32;37;28.873;14.57
1473;32;38;33.609;19.95
1474;32;38;32.446;16.5
1475;32;39;7.648;0.98
1476;33;34;30.799;1.71
1477;33;34;28.073;9.53
1478;33;34;27.512;18.3
1479;33;35;65.697;19.17
1480;33;35;62.371;16.8
1481;33;36;43.898;21.43
1482;33;37;80.577;23.05
1483;33;37;98.144;20.71
1484;33;38;45.45;1.51
1485;33;38;48.633;12.54
1486;33;38;47.907;13.34
1487;33;39;76.973;8.11
1488;33;39;86.884;22.79
1489;33;39;69.618;12.34
1490;34;35;66.473;21.5
1491;34;35;81.801;15.79
1492;34;36;24.317;20.5
1493;34;36;27.121;23.57
1494;34;37;51.963;22.95
1495;34;38;35.147;13.5
1496;34;38;36.614;17.09
1497;34;39;54.909;20.21
1498;35;36;46.969;24.58
1499;35;37;75.039;22.14
1500;35;38;32.85;12.52
1501;35;39;52.651;19.31
1502;35;39;61.715;6.06
1503;35;39;39.514;20.02
1504;36;37;39.886;13.6
1505;36;38;14.211;4.37
1506;36;38;16.132;15.83
1507;36;39;33.232;20.64
1508;36;39;34.057;2.06
1509;36;39;25.299;18.2
1510;37;38;49.387;22.24
1511;37;38;42.819;19.88
1512;37;38;48.638;23.15
1513;37;39;25.336;5.87
1514;37;39;29.541;7.44
1515;38;39;35.108;9.05
