VERTEX_COUNT 40
PATH_COUNT 1
BUDGET 300
<------------ VERTICES ------------>
0;START;41.374834;2.170055;0.0;0.0
1;Anella Olímpica(Olympic Park);41.364778;2.152575;45.0;84.83
2;Palau Güell;41.378864;2.174117;45.0;81.96
3;Basilica of the Sagrada Família;41.403568;2.174435;45.0;80.18
4;La Pedrera (Casa Milà);41.395271;2.161785;45.0;78.79
5;Basilica of Sants Just i Pastor;41.382812;2.178195;45.0;76.15
6;Museu Nacional d’Art de Catalunya;41.36882;2.153347;45.0;75.32
7;Parc de la Ciutadella;41.389248;2.186548;45.0;75.03
8;Museu d’Història de Catalunya - MHC;41.380852;2.185799;45.0;75.01
9;Avinguda d’Icària;41.391556;2.197416;45.0;74.97
10;Parc de Diagonal Mar;41.407215;2.214539;45.0;74.08
11;Galeria d’Art Mar Grup Escolà;41.392349;2.167836;45.0;72.27
12;Montjuïc Castle;41.363823;2.167096;45.0;71.68
13;L’Aquàrium;41.376625;2.184117;45.0;70.73
14;Platja de la Nova Mar Bella;41.40205;2.21529;45.0;69.49
15;Poble Espanyol;41.368679;2.147031;45.0;69.04
16;Passeig de Gràcia;41.390739;2.166672;45.0;68.16
17;Park Güell;41.414249;2.151926;45.0;65.56
18;Museu Palmero;41.424667;2.139856;45.0;63.31
19;Platja de la Barceloneta;41.379158;2.192717;45.0;61.02
20;Casa Batlló;41.391758;2.164961;45.0;60.32
21;Basilica of Santa Maria del Mar;41.383518;2.1818;45.0;58.98
22;Rambla del Raval;41.378681;2.169317;45.0;58.47
23;Museu Frederic Marès;41.384178;2.176819;45.0;58.34
24;Turó de la Rovira viewing point;41.419388;2.161812;45.0;58.31
25;La Colmena;41.383835;2.178294;45.0;57.64
26;90th Jean Bouin;41.373077;2.150465;45.0;57.6
27;Antic Hospital de la Santa Creu;41.380573;2.170374;45.0;57.55
28;Plaça de Catalunya;41.387005;2.17003;45.0;57.31
29;Royal Dockyards Museu Marítim ;41.375286;2.17598;45.0;57.18
30;Plaça del Rei;41.384144;2.177409;45.0;57.0
31;Platja del Bogatell;41.394341;2.2066;45.0;56.7
32;Poblenou Cemetery;41.394859;2.201189;45.0;56.22
33;Casa Martí, Els Quatre Gats ;41.385775;2.173671;45.0;55.29
34;Parc de la Creueta del Coll;41.41935;2.146432;45.0;54.69
35;Palau Sant Jordi;41.363441;2.152537;45.0;54.32
36;Casa Vicens;41.403442;2.150684;45.0;53.35
37;Museu Picasso;41.385181;2.180863;45.0;51.71
38;Museu de la Moto ;41.383327;2.174488;45.0;50.98
39;FINISH;41.374834;2.170055;0.0;0.0
<------------- EDGES -------------->
0;0;1;28.285;22.17
1;0;1;27.278;12.88
2;0;2;8.647;11.37
3;0;3;49.491;23.16
4;0;4;36.549;5.0
5;0;4;27.773;1.3
6;0;4;34.057;19.85
7;0;5;17.194;24.48
8;0;6;23.796;16.21
9;0;6;25.988;2.69
10;0;6;21.87;2.74
11;0;7;32.509;14.11
12;0;7;34.366;14.66
13;0;7;25.631;4.22
14;0;8;22.688;10.28
15;0;8;24.982;25.0
16;0;8;22.064;18.28
17;0;9;45.309;1.19
18;0;9;37.113;24.38
19;0;10;79.572;19.14
20;0;11;30.107;17.03
21;0;11;25.552;0.56
22;0;11;25.628;12.58
23;0;12;19.222;19.44
24;0;12;21.935;10.43
25;0;12;19.726;7.71
26;0;13;18.315;2.85
27;0;14;74.442;5.01
28;0;15;31.387;21.65
29;0;15;32.395;19.53
30;0;16;27.562;9.73
31;0;16;32.533;6.9
32;0;16;34.15;6.27
33;0;17;71.35;4.64
34;0;17;78.349;14.94
35;0;17;60.237;20.03
36;0;18;93.673;14.33
37;0;18;82.971;14.9
38;0;19;30.026;23.48
39;0;20;29.69;21.85
40;0;21;21.172;10.15
41;0;21;19.16;13.04
42;0;21;19.45;23.71
43;0;22;6.651;24.22
44;0;22;6.733;1.85
45;0;22;6.18;21.21
46;0;23;18.196;22.14
47;0;24;76.973;22.29
48;0;25;18.686;24.81
49;0;26;25.336;15.72
50;0;26;20.351;21.0
51;0;26;29.257;0.76
52;0;27;9.829;15.33
53;0;27;9.063;8.27
54;0;28;20.827;21.28
55;0;28;23.338;17.9
56;0;29;7.648;1.82
57;0;29;9.116;20.85
58;0;30;18.52;0.05
59;0;30;21.953;15.46
60;0;30;18.4;2.37
61;0;31;57.583;9.47
62;0;32;52.651;9.96
63;0;32;54.419;12.19
64;0;32;58.7;4.94
65;0;33;19.29;7.25
66;0;34;81.991;11.05
67;0;34;73.788;6.06
68;0;34;88.218;22.51
69;0;35;29.769;24.32
70;0;35;30.68;2.65
71;0;36;54.909;1.94
72;0;37;22.496;4.74
73;0;37;25.616;10.91
74;0;38;15.608;6.79
75;0;38;11.938;19.09
76;0;38;13.067;4.1
77;0;39;0.0;23.54
78;0;39;0.0;18.55
79;1;2;36.692;13.9
80;1;3;72.069;17.36
81;1;3;60.166;10.75
82;1;4;53.504;23.41
83;1;5;45.108;0.14
84;1;6;6.988;20.09
85;1;7;60.469;16.17
86;1;8;50.763;23.23
87;1;8;39.788;7.95
88;1;9;73.587;20.54
89;1;10;107.715;22.07
90;1;10;94.977;8.75
91;1;11;51.088;19.39
92;1;12;18.721;10.69
93;1;12;15.004;22.64
94;1;12;20.778;7.35
95;1;13;45.296;12.8
96;1;13;48.802;5.71
97;1;13;34.401;12.6
98;1;14;102.722;19.66
99;1;14;84.174;7.57
100;1;14;96.542;5.93
101;1;15;9.76;0.28
102;1;15;10.364;12.71
103;1;16;47.972;16.37
104;1;17;84.661;16.57
105;1;18;103.777;1.89
106;1;19;57.121;0.89
107;1;19;67.474;23.16
108;1;20;48.832;9.26
109;1;20;59.382;6.66
110;1;21;49.364;1.75
111;1;21;57.868;15.36
112;1;22;32.067;18.44
113;1;22;29.272;23.88
114;1;22;39.833;10.64
115;1;23;45.512;9.22
116;1;24;94.2;19.05
117;1;24;77.002;15.36
118;1;24;79.842;5.91
119;1;25;46.414;11.54
120;1;26;14.458;12.33
121;1;26;14.342;6.77
122;1;27;35.398;1.2
123;1;28;44.149;11.28
124;1;28;50.609;3.15
125;1;29;35.025;9.64
126;1;29;30.821;19.28
127;1;30;45.992;16.3
128;1;30;51.692;9.0
129;1;30;56.467;15.39
130;1;31;85.857;22.96
131;1;32;80.908;12.41
132;1;33;44.999;14.41
133;1;34;93.718;17.03
134;1;35;2.288;11.58
135;1;36;66.208;10.2
136;1;36;80.539;14.15
137;1;37;50.384;14.52
138;1;37;50.422;18.7
139;1;38;42.419;14.42
140;1;38;52.805;18.8
141;1;38;42.885;8.06
142;1;39;28.285;0.59
143;1;39;27.549;20.25
144;1;39;23.011;16.17
145;2;3;42.276;15.06
146;2;4;32.233;1.78
147;2;5;8.547;8.76
148;2;6;31.73;12.66
149;2;7;23.885;11.03
150;2;7;25.76;10.35
151;2;7;28.183;2.45
152;2;8;15.381;15.8
153;2;8;18.87;12.52
154;2;8;12.634;15.72
155;2;9;36.967;1.75
156;2;9;34.308;24.19
157;2;10;71.038;12.38
158;2;10;55.632;18.93
159;2;11;24.444;23.71
160;2;11;26.795;9.0
161;2;12;27.272;22.85
162;2;12;25.597;13.06
163;2;12;32.525;3.07
164;2;13;13.4;22.1
165;2;13;15.143;13.37
166;2;13;10.085;17.69
167;2;14;66.092;8.87
168;2;14;77.542;4.84
169;2;14;75.744;16.78
170;2;15;38.904;6.13
171;2;16;22.457;0.35
172;2;16;23.116;7.15
173;2;16;20.033;5.96
174;2;17;66.918;9.91
175;2;17;58.263;17.55
176;2;18;89.874;1.63
177;2;19;23.888;2.45
178;2;19;27.186;17.39
179;2;19;18.463;0.12
180;2;20;25.001;23.56
181;2;20;27.348;23.73
182;2;21;12.678;7.81
183;2;22;6.171;2.35
184;2;22;7.048;1.26
185;2;23;9.733;11.81
186;2;24;71.122;5.98
187;2;25;10.056;8.71
188;2;25;8.331;4.88
189;2;25;7.756;21.07
190;2;26;31.945;14.56
191;2;26;35.131;6.01
192;2;26;27.676;23.66
193;2;27;5.626;19.39
194;2;27;4.644;21.41
195;2;27;5.469;2.95
196;2;28;14.887;2.03
197;2;28;17.228;16.37
198;2;29;6.574;19.16
199;2;29;7.991;3.03
200;2;29;8.123;1.51
201;2;30;9.975;20.53
202;2;31;49.403;13.73
203;2;31;61.354;5.48
204;2;31;58.56;0.02
205;2;32;44.241;1.91
206;2;33;11.84;16.5
207;2;33;11.079;9.17
208;2;33;9.85;11.76
209;2;34;77.863;15.54
210;2;34;83.461;24.07
211;2;35;38.269;9.5
212;2;36;51.71;18.14
213;2;36;61.594;17.99
214;2;37;13.852;4.79
215;2;37;12.251;1.21
216;2;38;7.652;11.75
217;2;39;8.647;13.66
218;2;39;6.883;9.16
219;3;4;21.57;7.13
220;3;4;23.898;11.19
221;3;5;35.845;14.1
222;3;5;30.639;9.83
223;3;6;65.336;21.78
224;3;6;58.213;2.62
225;3;6;81.37;20.72
226;3;7;29.022;19.63
227;3;8;41.52;23.7
228;3;8;42.92;4.58
229;3;9;35.955;17.98
230;3;9;40.47;14.35
231;3;9;40.985;10.43
232;3;10;51.851;18.74
233;3;11;20.984;16.07
234;3;12;68.662;12.66
235;3;12;67.343;15.59
236;3;12;61.326;0.19
237;3;13;47.752;22.24
238;3;13;58.687;18.47
239;3;13;45.913;16.01
240;3;14;52.504;9.15
241;3;14;57.247;13.25
242;3;14;44.363;24.93
243;3;15;69.299;10.45
244;3;16;24.109;6.06
245;3;16;24.763;21.62
246;3;17;34.185;0.94
247;3;17;34.05;14.13
248;3;17;41.465;0.29
249;3;18;57.209;10.13
250;3;18;47.173;14.87
251;3;18;51.638;22.68
252;3;19;47.913;8.18
253;3;19;52.746;24.32
254;3;20;23.587;22.44
255;3;20;25.357;22.87
256;3;20;19.652;22.68
257;3;21;35.589;12.59
258;3;22;43.091;24.18
259;3;22;46.474;13.81
260;3;22;49.384;12.58
261;3;23;33.322;9.93
262;3;24;31.549;11.34
263;3;24;28.489;24.29
264;3;24;29.353;7.43
265;3;25;34.129;21.39
266;3;25;35.404;1.39
267;3;25;37.446;12.83
268;3;26;60.577;3.57
269;3;26;69.286;10.34
270;3;26;71.904;2.83
271;3;27;39.694;22.95
272;3;27;40.529;3.26
273;3;27;42.556;1.14
274;3;28;28.902;19.93
275;3;28;34.598;6.14
276;3;28;34.332;2.77
277;3;29;48.438;12.31
278;3;30;33.457;5.13
279;3;31;44.204;22.3
280;3;32;37.436;24.77
281;3;32;38.236;24.48
282;3;32;35.936;6.89
283;3;33;30.463;1.82
284;3;33;26.727;5.53
285;3;34;44.955;20.43
286;3;35;74.2;8.96
287;3;36;30.486;14.63
288;3;36;25.501;1.48
289;3;37;32.528;0.96
290;3;38;34.637;23.46
291;3;38;42.155;14.25
292;3;38;28.782;10.61
293;3;39;49.491;2.29
294;4;5;29.973;21.4
295;4;5;22.957;20.95
296;4;6;46.542;21.67
297;4;6;46.647;16.75
298;4;6;37.367;6.55
299;4;7;33.419;12.98
300;4;7;28.985;0.23
301;4;7;32.137;1.77
302;4;8;39.488;17.74
303;4;8;30.264;0.5
304;4;9;46.181;4.57
305;4;9;48.701;20.1
306;4;10;70.732;7.21
307;4;11;9.238;20.23
308;4;12;54.245;19.93
309;4;12;41.689;2.88
310;4;12;44.747;23.08
311;4;13;42.897;14.87
312;4;14;69.654;22.67
313;4;14;60.106;22.5
314;4;14;74.352;19.57
315;4;15;49.291;7.28
316;4;16;9.975;12.98
317;4;16;9.298;14.93
318;4;17;34.854;16.63
319;4;17;31.341;24.83
320;4;18;57.641;6.38
321;4;18;68.221;4.63
322;4;19;48.346;23.78
323;4;19;55.687;23.48
324;4;20;7.264;3.59
325;4;21;32.631;10.61
326;4;22;29.991;16.85
327;4;22;23.819;5.71
328;4;22;34.501;5.1
329;4;23;27.071;23.26
330;4;23;28.979;7.27
331;4;23;24.477;7.89
332;4;24;41.27;16.11
333;4;24;31.159;19.77
334;4;24;43.885;24.5
335;4;25;28.847;4.06
336;4;25;34.599;6.74
337;4;25;33.52;9.85
338;4;26;40.666;15.0
339;4;26;48.379;18.59
340;4;27;27.463;1.13
341;4;28;17.667;21.46
342;4;28;18.308;2.06
343;4;29;38.752;7.82
344;4;29;31.409;8.69
345;4;30;27.657;16.58
346;4;31;57.552;6.65
347;4;31;58.947;23.56
348;4;31;70.628;3.79
349;4;32;50.588;11.72
350;4;32;52.366;14.63
351;4;32;42.237;12.44
352;4;33;22.291;6.88
353;4;34;45.674;15.88
354;4;34;45.181;19.3
355;4;35;55.748;4.54
356;4;35;45.208;21.64
357;4;35;56.578;20.91
358;4;36;19.964;17.4
359;4;36;17.737;19.09
360;4;37;29.967;9.11
361;4;37;33.971;2.18
362;4;37;32.806;13.33
363;4;38;26.148;15.49
364;4;39;36.549;18.46
365;5;6;39.892;7.26
366;5;7;15.372;7.73
367;5;7;13.843;22.04
368;5;8;10.323;19.3
369;5;9;28.859;23.59
370;5;9;26.249;24.01
371;5;9;33.61;4.6
372;5;10;62.614;15.79
373;5;11;21.053;22.02
374;5;11;19.051;10.98
375;5;11;20.937;9.38
376;5;12;35.483;14.68
377;5;12;40.516;2.07
378;5;13;13.035;8.23
379;5;14;57.892;17.99
380;5;14;52.29;0.59
381;5;15;46.758;21.45
382;5;15;35.893;4.47
383;5;15;45.798;18.13
384;5;16;20.072;6.98
385;5;16;18.033;16.81
386;5;17;63.49;2.94
387;5;17;75.344;0.82
388;5;17;53.078;16.53
389;5;18;86.899;23.09
390;5;19;19.667;18.25
391;5;20;22.87;0.32
392;5;21;4.784;18.58
393;5;21;5.887;0.92
394;5;21;3.695;6.6
395;5;22;13.413;7.42
396;5;22;13.167;14.69
397;5;23;2.93;7.14
398;5;24;66.028;23.36
399;5;25;1.755;3.92
400;5;25;1.864;22.28
401;5;25;2.183;9.01
402;5;26;39.311;17.09
403;5;27;10.748;17.59
404;5;28;12.704;9.24
405;5;28;14.255;11.78
406;5;29;13.189;19.0
407;5;29;14.307;13.78
408;5;30;2.493;0.57
409;5;30;2.461;5.67
410;5;31;41.462;14.62
411;5;31;33.677;24.65
412;5;32;36.006;12.72
413;5;32;34.784;18.45
414;5;33;7.711;8.07
415;5;34;74.643;8.2
416;5;34;57.674;2.26
417;5;35;46.738;9.01
418;5;35;51.565;13.15
419;5;35;35.465;12.04
420;5;36;49.936;10.03
421;5;37;5.307;15.57
422;5;37;5.532;0.1
423;5;37;4.472;0.7
424;5;38;4.84;24.47
425;5;38;3.794;2.26
426;5;38;5.303;19.23
427;5;39;17.194;16.27
428;5;39;15.486;20.97
429;5;39;13.007;14.32
430;6;7;55.131;2.38
431;6;7;61.844;0.04
432;6;7;54.308;14.19
433;6;8;46.481;23.52
434;6;8;38.814;17.06
435;6;9;68.67;13.53
436;6;9;80.641;21.81
437;6;10;102.414;4.83
438;6;10;91.479;10.94
439;6;11;44.354;14.28
440;6;11;35.56;22.31
441;6;12;19.619;6.66
442;6;12;17.433;23.67
443;6;13;41.71;4.25
444;6;13;47.397;16.9
445;6;14;97.767;13.39
446;6;14;116.272;9.9
447;6;14;83.616;0.33
448;6;15;8.115;10.36
449;6;15;8.685;4.18
450;6;15;6.416;16.81
451;6;16;41.226;4.1
452;6;16;36.277;6.97
453;6;17;77.761;9.48
454;6;17;94.654;11.38
455;6;17;65.797;7.31
456;6;18;97.123;14.91
457;6;19;53.562;7.8
458;6;19;60.235;15.88
459;6;19;40.987;8.71
460;6;20;41.989;16.26
461;6;20;43.111;16.97
462;6;20;32.589;19.09
463;6;21;44.356;17.81
464;6;21;54.417;14.3
465;6;22;26.558;8.5
466;6;22;25.061;4.52
467;6;22;25.098;10.4
468;6;23;39.989;6.23
469;6;23;47.773;0.22
470;6;24;87.213;19.55
471;6;25;41.065;22.42
472;6;25;41.739;16.42
473;6;25;48.997;2.89
474;6;26;8.171;7.79
475;6;26;8.174;4.72
476;6;26;8.509;18.73
477;6;27;29.708;19.4
478;6;27;25.906;4.8
479;6;27;32.865;14.88
480;6;28;37.779;18.56
481;6;28;35.396;16.18
482;6;29;31.099;21.39
483;6;29;32.486;8.61
484;6;30;40.525;9.21
485;6;31;81.132;17.47
486;6;31;83.883;12.05
487;6;31;98.452;15.58
488;6;32;75.887;8.52
489;6;32;68.212;19.67
490;6;33;39.024;23.65
491;6;34;86.923;8.46
492;6;34;79.966;21.77
493;6;34;73.807;13.48
494;6;35;9.263;14.28
495;6;36;59.345;7.44
496;6;36;56.896;2.04
497;6;37;45.08;5.42
498;6;38;36.786;7.14
499;6;38;38.544;5.0
500;6;39;23.796;4.24
501;7;8;14.4;18.64
502;7;8;14.148;5.82
503;7;8;17.594;10.72
504;7;9;14.501;22.62
505;7;10;47.29;4.83
506;7;10;44.756;17.0
507;7;11;24.601;5.16
508;7;11;21.768;22.89
509;7;12;50.168;24.27
510;7;12;40.487;18.28
511;7;12;45.778;21.19
512;7;13;21.825;24.8
513;7;13;25.795;0.29
514;7;13;26.553;16.07
515;7;14;42.91;19.71
516;7;14;46.909;24.23
517;7;14;50.019;9.74
518;7;15;61.754;0.35
519;7;15;59.885;16.65
520;7;16;25.644;13.21
521;7;17;61.687;7.4
522;7;17;50.65;2.24
523;7;17;68.165;8.35
524;7;18;85.235;2.93
525;7;18;67.001;2.97
526;7;19;18.996;21.55
527;7;19;19.606;11.2
528;7;19;16.568;12.08
529;7;20;28.044;14.97
530;7;20;21.318;22.57
531;7;20;33.302;13.16
532;7;21;11.546;13.98
533;7;21;14.062;1.05
534;7;21;11.291;19.58
535;7;22;28.573;11.57
536;7;22;30.792;15.84
537;7;22;25.643;12.74
538;7;23;15.208;11.69
539;7;23;18.034;24.74
540;7;23;16.087;21.51
541;7;24;60.565;7.5
542;7;24;46.465;5.36
543;7;24;51.768;14.81
544;7;25;14.075;18.89
545;7;26;53.966;24.9
546;7;27;25.526;14.17
547;7;28;21.551;11.39
548;7;28;21.139;5.44
549;7;28;19.506;9.0
550;7;29;27.476;16.14
551;7;29;23.833;3.84
552;7;30;14.627;23.57
553;7;30;13.989;16.38
554;7;31;27.178;5.32
555;7;32;21.106;4.95
556;7;32;26.095;9.38
557;7;32;17.671;21.46
558;7;33;17.568;5.83
559;7;33;21.852;21.68
560;7;33;18.129;15.49
561;7;34;72.833;21.02
562;7;34;67.282;3.52
563;7;34;62.278;11.85
564;7;35;62.109;16.63
565;7;36;52.053;17.01
566;7;36;58.7;17.31
567;7;36;49.097;8.67
568;7;37;10.085;17.78
569;7;37;9.254;10.94
570;7;38;18.504;9.31
571;7;38;21.327;15.26
572;7;38;17.983;21.64
573;7;39;32.509;17.77
574;7;39;34.587;7.66
575;7;39;37.34;20.7
576;8;9;23.621;5.65
577;8;9;20.715;10.74
578;8;9;24.177;2.46
579;8;10;58.279;22.08
580;8;10;68.143;11.09
581;8;10;62.49;19.45
582;8;11;30.314;3.82
583;8;12;37.763;8.22
584;8;12;47.186;8.78
585;8;13;7.549;24.06
586;8;14;52.433;14.26
587;8;14;41.979;22.53
588;8;14;57.832;12.31
589;8;15;53.965;3.71
590;8;15;43.126;6.9
591;8;15;58.49;24.72
592;8;16;29.821;18.58
593;8;17;71.81;18.49
594;8;17;57.361;12.51
595;8;17;59.005;2.38
596;8;18;95.389;5.23
597;8;19;9.344;1.93
598;8;19;9.155;5.19
599;8;19;8.239;20.86
600;8;20;32.62;17.13
601;8;21;6.869;5.21
602;8;21;7.653;16.74
603;8;22;21.487;19.65
604;8;23;12.858;9.64
605;8;23;9.768;12.9
606;8;23;14.18;15.23
607;8;24;72.778;12.62
608;8;25;10.905;6.22
609;8;26;47.282;18.98
610;8;26;47.97;1.6
611;8;26;53.312;22.55
612;8;27;19.811;12.32
613;8;28;22.821;10.22
614;8;29;15.801;16.54
615;8;30;12.156;6.25
616;8;30;10.268;23.06
617;8;30;11.779;13.34
618;8;31;35.299;22.43
619;8;31;26.846;3.54
620;8;32;31.063;5.23
621;8;33;17.705;4.38
622;8;33;16.613;11.0
623;8;34;83.027;14.94
624;8;34;95.918;18.49
625;8;35;52.078;24.28
626;8;35;43.243;16.26
627;8;36;59.384;4.75
628;8;36;61.802;9.01
629;8;37;9.749;2.72
630;8;37;10.674;15.62
631;8;38;15.128;21.32
632;8;39;22.688;17.02
633;8;39;26.732;17.82
634;8;39;17.172;19.49
635;9;10;34.657;5.63
636;9;11;37.998;14.95
637;9;12;61.384;13.78
638;9;13;30.731;24.25
639;9;13;30.885;5.3
640;9;13;35.07;14.23
641;9;14;29.136;23.96
642;9;15;75.617;9.98
643;9;15;86.274;1.65
644;9;15;78.827;21.68
645;9;16;39.493;24.02
646;9;16;46.787;13.12
647;9;16;48.103;19.34
648;9;17;70.123;12.48
649;9;17;55.574;7.12
650;9;17;56.311;14.29
651;9;18;93.102;2.84
652;9;18;115.201;8.78
653;9;19;22.057;6.6
654;9;19;20.839;23.97
655;9;19;20.628;8.45
656;9;20;41.666;8.51
657;9;20;51.568;22.92
658;9;21;24.314;7.48
659;9;21;21.004;10.46
660;9;22;42.272;20.63
661;9;23;29.303;18.03
662;9;24;66.005;5.66
663;9;25;27.879;16.12
664;9;25;25.898;23.57
665;9;25;31.807;17.71
666;9;26;68.074;21.67
667;9;26;79.531;17.08
668;9;27;39.479;23.55
669;9;27;40.368;9.22
670;9;27;43.134;0.33
671;9;28;36.011;18.27
672;9;28;35.14;14.67
673;9;28;33.317;19.38
674;9;29;39.149;7.75
675;9;30;28.647;4.9
676;9;30;23.656;8.54
677;9;30;32.709;21.6
678;9;31;12.717;5.21
679;9;31;10.83;15.42
680;9;31;11.458;8.56
681;9;32;7.444;4.09
682;9;32;8.174;16.77
683;9;32;9.058;4.73
684;9;33;32.05;3.96
685;9;33;36.56;7.53
686;9;33;28.394;3.93
687;9;34;80.897;12.62
688;9;34;64.787;14.8
689;9;34;82.026;5.33
690;9;35;75.07;7.3
691;9;35;69.814;0.92
692;9;35;58.21;16.51
693;9;36;63.342;12.4
694;9;36;72.825;10.73
695;9;36;74.628;2.94
696;9;37;23.888;21.59
697;9;37;20.287;18.87
698;9;38;32.631;22.67
699;9;39;45.309;4.13
700;10;11;65.123;17.57
701;10;12;96.041;21.8
702;10;13;65.31;20.46
703;10;13;54.279;13.38
704;10;13;66.581;8.63
705;10;14;8.891;11.01
706;10;14;10.932;21.89
707;10;14;10.891;4.36
708;10;15;108.905;4.07
709;10;16;67.603;15.86
710;10;16;58.901;11.41
711;10;16;67.028;11.25
712;10;17;81.254;0.81
713;10;17;70.398;15.84
714;10;17;97.608;15.26
715;10;18;100.386;24.57
716;10;18;107.05;12.71
717;10;18;89.131;2.68
718;10;19;55.587;18.04
719;10;20;68.917;4.51
720;10;21;58.401;10.45
721;10;22;75.858;12.7
722;10;23;62.439;16.49
723;10;24;70.801;12.03
724;10;24;75.464;13.99
725;10;24;83.867;7.6
726;10;25;61.364;15.95
727;10;26;100.892;5.89
728;10;27;72.753;1.94
729;10;27;62.063;4.33
730;10;28;66.786;20.06
731;10;28;80.143;20.45
732;10;28;55.238;4.09
733;10;29;73.727;2.34
734;10;29;85.533;9.06
735;10;29;62.827;16.93
736;10;30;61.891;13.34
737;10;30;54.139;9.82
738;10;30;47.059;5.21
739;10;31;24.273;8.89
740;10;32;27.216;20.33
741;10;32;26.709;21.54
742;10;32;33.668;24.53
743;10;33;64.018;24.28
744;10;33;60.188;24.8
745;10;33;52.163;12.57
746;10;34;89.838;16.47
747;10;34;80.914;21.44
748;10;34;94.075;11.07
749;10;35;109.307;21.57
750;10;35;121.814;15.13
751;10;35;122.875;20.25
752;10;36;82.212;8.88
753;10;36;66.755;19.07
754;10;37;57.363;19.21
755;10;38;65.684;13.85
756;10;38;65.225;11.88
757;10;38;57.612;3.49
758;10;39;79.572;5.66
759;10;39;86.109;11.68
760;11;12;48.824;5.43
761;11;12;58.012;1.58
762;11;12;50.039;19.82
763;11;13;34.073;5.72
764;11;14;63.137;6.04
765;11;14;69.259;21.13
766;11;15;48.521;3.42
767;11;15;56.925;13.65
768;11;15;49.808;24.48
769;11;16;3.134;3.38
770;11;16;3.574;23.73
771;11;16;2.587;6.78
772;11;17;42.679;15.27
773;11;18;65.94;8.32
774;11;18;58.666;12.49
775;11;19;39.115;18.85
776;11;19;42.586;24.16
777;11;19;38.589;22.17
778;11;20;3.827;0.18
779;11;20;3.227;14.6
780;11;21;23.447;11.26
781;11;22;23.466;14.37
782;11;22;18.431;1.3
783;11;23;18.125;9.42
784;11;23;15.489;19.7
785;11;24;46.911;17.51
786;11;25;19.813;10.77
787;11;25;18.564;15.68
788;11;25;22.864;8.92
789;11;26;39.813;10.45
790;11;26;34.851;17.92
791;11;27;20.413;11.11
792;11;28;9.569;11.22
793;11;28;8.413;17.32
794;11;28;10.751;0.36
795;11;29;31.014;5.51
796;11;29;28.219;1.65
797;11;29;32.037;12.3
798;11;30;18.66;15.58
799;11;31;49.88;21.33
800;11;32;43.031;6.03
801;11;33;13.515;7.17
802;11;33;13.214;12.35
803;11;33;15.633;8.11
804;11;34;53.755;2.17
805;11;34;46.909;1.6
806;11;35;53.226;4.56
807;11;35;54.099;10.15
808;11;36;29.071;3.25
809;11;37;20.74;9.9
810;11;37;22.121;8.93
811;11;38;17.643;3.93
812;11;39;30.107;10.51
813;11;39;37.601;14.52
814;11;39;23.07;22.35
815;12;13;30.947;15.5
816;12;14;90.045;1.18
817;12;15;27.076;11.47
818;12;15;22.76;10.03
819;12;16;46.063;20.2
820;12;16;46.169;9.69
821;12;16;53.218;24.02
822;12;17;88.461;21.95
823;12;17;104.26;21.17
824;12;18;109.833;20.48
825;12;18;89.57;0.54
826;12;19;42.085;4.23
827;12;20;47.882;19.24
828;12;20;54.163;24.5
829;12;20;52.416;13.07
830;12;21;38.631;4.62
831;12;21;42.987;7.65
832;12;21;36.33;20.16
833;12;22;25.585;23.47
834;12;22;30.918;1.35
835;12;23;37.002;7.61
836;12;23;42.777;23.91
837;12;24;95.326;4.65
838;12;24;81.859;18.92
839;12;24;104.482;6.33
840;12;25;37.142;11.48
841;12;26;26.588;11.99
842;12;27;28.971;15.51
843;12;27;29.757;13.21
844;12;28;39.848;12.45
845;12;28;36.877;7.91
846;12;28;35.556;6.13
847;12;29;22.692;21.43
848;12;29;22.434;23.05
849;12;30;37.21;1.81
850;12;30;34.578;23.33
851;12;31;72.802;19.11
852;12;31;58.526;9.19
853;12;32;68.826;8.17
854;12;32;84.426;18.32
855;12;32;67.545;11.78
856;12;33;38.502;10.05
857;12;34;98.653;11.1
858;12;34;120.426;15.12
859;12;35;18.71;19.12
860;12;35;15.31;13.59
861;12;36;70.996;13.6
862;12;36;85.522;6.19
863;12;36;79.057;13.27
864;12;37;40.599;3.75
865;12;37;36.689;24.02
866;12;38;34.699;5.96
867;12;38;32.039;24.8
868;12;38;42.966;4.15
869;12;39;19.222;10.19
870;13;14;59.115;24.06
871;13;14;51.35;23.84
872;13;15;49.527;0.99
873;13;15;60.078;4.52
874;13;15;52.551;7.05
875;13;16;32.94;19.73
876;13;16;35.889;5.0
877;13;17;76.504;8.13
878;13;17;60.563;7.32
879;13;17;73.248;19.85
880;13;18;99.932;11.15
881;13;18;112.911;8.87
882;13;19;11.863;13.73
883;13;19;14.081;19.29
884;13;19;12.313;1.4
885;13;20;35.714;8.89
886;13;20;37.745;12.92
887;13;20;31.718;11.16
888;13;21;12.165;15.07
889;13;21;11.053;1.88
890;13;21;13.666;8.13
891;13;22;19.327;13.77
892;13;22;20.202;10.4
893;13;23;15.964;24.27
894;13;24;78.579;1.29
895;13;24;84.5;16.0
896;13;25;14.427;11.22
897;13;25;12.848;7.0
898;13;25;12.479;14.65
899;13;26;43.638;12.96
900;13;26;48.289;6.65
901;13;26;39.301;2.41
902;13;27;18.896;15.91
903;13;27;23.495;7.83
904;13;28;25.351;17.02
905;13;29;10.697;21.23
906;13;29;11.455;2.46
907;13;30;15.483;2.03
908;13;30;14.196;2.7
909;13;30;18.037;3.28
910;13;31;41.861;17.18
911;13;31;51.599;22.78
912;13;31;46.641;16.1
913;13;32;38.132;11.36
914;13;32;42.098;8.17
915;13;32;29.031;14.05
916;13;33;20.617;9.57
917;13;33;15.57;22.99
918;13;34;87.667;7.81
919;13;34;90.96;22.34
920;13;35;46.408;12.82
921;13;35;39.244;23.55
922;13;36;62.834;14.97
923;13;37;15.226;14.48
924;13;37;18.949;5.63
925;13;38;16.864;2.24
926;13;38;17.476;4.17
927;13;39;18.315;17.82
928;13;39;15.742;6.55
929;13;39;20.336;23.51
930;14;15;104.601;24.32
931;14;15;99.807;23.02
932;14;15;96.975;5.93
933;14;16;65.343;4.81
934;14;16;69.841;13.31
935;14;16;53.336;22.33
936;14;17;83.961;10.95
937;14;18;104.258;17.79
938;14;19;48.727;19.64
939;14;19;53.806;0.52
940;14;20;66.963;6.93
941;14;21;53.424;14.84
942;14;21;41.521;4.87
943;14;22;71.292;6.61
944;14;23;58.09;17.76
945;14;23;59.996;13.03
946;14;23;56.145;18.69
947;14;24;74.772;14.48
948;14;25;56.809;8.35
949;14;25;65.119;2.41
950;14;25;65.818;7.4
951;14;26;96.875;24.14
952;14;27;68.379;17.55
953;14;27;62.884;2.78
954;14;27;79.121;12.9
955;14;28;63.55;23.12
956;14;29;68.151;12.62
957;14;30;57.478;16.03
958;14;31;17.276;19.23
959;14;31;17.27;22.59
960;14;31;18.383;11.8
961;14;32;21.887;24.07
962;14;33;60.251;4.04
963;14;33;73.291;7.96
964;14;34;93.199;23.94
965;14;34;99.697;13.35
966;14;35;104.196;10.54
967;14;35;114.867;15.63
968;14;35;126.527;4.8
969;14;36;82.96;21.44
970;14;37;52.787;12.03
971;14;38;61.402;13.21
972;14;39;74.442;9.24
973;14;39;83.39;17.07
974;15;16;45.399;21.74
975;15;16;36.323;10.87
976;15;17;78.233;19.23
977;15;17;70.32;6.21
978;15;17;65.822;3.85
979;15;18;96.25;2.87
980;15;18;89.443;2.41
981;15;18;114.791;0.47
982;15;19;61.346;9.64
983;15;20;45.714;10.38
984;15;20;48.599;16.72
985;15;20;48.288;9.59
986;15;21;51.362;10.72
987;15;22;33.346;18.71
988;15;23;46.546;15.01
989;15;23;46.371;11.72
990;15;23;56.394;13.07
991;15;24;88.825;18.29
992;15;25;47.793;14.19
993;15;26;8.722;9.52
994;15;26;10.665;23.52
995;15;26;7.933;2.75
996;15;27;36.232;24.58
997;15;27;37.429;16.43
998;15;27;34.56;16.75
999;15;28;43.076;17.05
1000;15;29;38.857;22.68
1001;15;29;36.797;12.16
1002;15;30;47.138;6.17
1003;15;31;88.195;7.77
1004;15;31;82.849;17.6
1005;15;32;82.719;11.53
1006;15;32;68.881;1.2
1007;15;32;102.316;3.94
1008;15;33;45.011;21.95
1009;15;34;86.713;24.0
1010;15;34;77.317;18.06
1011;15;34;91.718;15.07
1012;15;35;11.417;2.25
1013;15;35;10.423;5.91
1014;15;35;10.034;21.27
1015;15;36;59.672;12.98
1016;15;36;60.202;0.52
1017;15;37;51.814;10.31
1018;15;38;43.259;23.27
1019;15;38;52.924;8.66
1020;15;39;31.387;0.04
1021;15;39;30.731;13.22
1022;16;17;44.461;5.07
1023;16;17;48.025;5.5
1024;16;18;67.493;11.12
1025;16;19;38.871;6.44
1026;16;19;42.268;0.72
1027;16;20;2.805;1.86
1028;16;20;2.448;1.76
1029;16;21;23.02;13.88
1030;16;22;20.912;25.0
1031;16;22;19.848;10.99
1032;16;22;25.907;12.09
1033;16;23;17.198;24.8
1034;16;24;49.42;3.05
1035;16;24;50.993;8.62
1036;16;25;19.032;3.45
1037;16;26;36.695;17.28
1038;16;26;41.007;16.31
1039;16;27;18.034;8.68
1040;16;27;16.841;5.09
1041;16;28;7.708;11.27
1042;16;29;29.019;9.71
1043;16;29;22.363;13.64
1044;16;30;17.815;2.93
1045;16;31;51.627;15.98
1046;16;32;44.869;14.02
1047;16;32;50.505;0.87
1048;16;32;47.546;8.84
1049;16;33;12.365;2.52
1050;16;33;14.43;15.31
1051;16;34;55.425;5.57
1052;16;35;50.115;20.07
1053;16;36;29.895;17.89
1054;16;36;34.497;18.03
1055;16;37;20.552;18.55
1056;16;37;18.707;6.17
1057;16;37;16.063;13.97
1058;16;38;16.173;19.91
1059;16;38;13.871;17.85
1060;16;39;27.562;21.89
1061;16;39;22.921;22.57
1062;17;18;23.616;24.55
1063;17;18;18.265;14.97
1064;17;19;79.672;19.29
1065;17;19;67.428;1.0
1066;17;19;95.525;21.88
1067;17;20;41.967;16.11
1068;17;21;65.084;23.97
1069;17;21;50.927;19.89
1070;17;22;64.83;24.41
1071;17;23;60.572;10.43
1072;17;24;15.436;20.41
1073;17;24;18.769;5.5
1074;17;25;62.083;11.01
1075;17;25;52.62;17.64
1076;17;25;63.107;1.64
1077;17;26;70.48;4.12
1078;17;26;71.053;7.7
1079;17;27;62.303;8.1
1080;17;28;52.091;10.62
1081;17;28;49.232;10.65
1082;17;28;60.77;11.24
1083;17;29;73.478;2.62
1084;17;29;77.247;10.42
1085;17;29;78.445;4.24
1086;17;30;61.024;3.83
1087;17;30;67.974;3.34
1088;17;30;63.566;24.26
1089;17;31;78.008;20.78
1090;17;32;71.407;19.71
1091;17;32;70.691;24.65
1092;17;32;82.792;17.96
1093;17;33;56.153;12.24
1094;17;33;50.177;18.19
1095;17;33;60.982;7.39
1096;17;34;11.221;4.75
1097;17;34;9.877;17.69
1098;17;34;13.968;19.53
1099;17;35;86.948;0.38
1100;17;36;18.562;13.49
1101;17;36;21.672;19.84
1102;17;36;14.818;23.31
1103;17;37;62.08;19.97
1104;17;37;72.046;10.28
1105;17;37;65.28;4.9
1106;17;38;60.322;5.21
1107;17;39;71.35;18.89
1108;18;19;103.288;6.08
1109;18;19;85.954;2.77
1110;18;20;64.881;24.13
1111;18;20;71.69;2.82
1112;18;21;88.638;19.87
1113;18;22;87.307;11.07
1114;18;22;100.974;20.95
1115;18;22;69.035;21.72
1116;18;23;83.972;16.11
1117;18;24;29.586;5.44
1118;18;24;24.838;3.19
1119;18;25;85.535;5.42
1120;18;25;77.267;21.98
1121;18;26;89.327;19.59
1122;18;26;69.226;1.21
1123;18;26;98.71;16.69
1124;18;27;85.017;12.56
1125;18;27;88.157;17.48
1126;18;27;76.641;10.54
1127;18;28;75.189;3.0
1128;18;28;69.293;11.06
1129;18;29;96.388;10.55
1130;18;29;83.322;2.3
1131;18;30;84.45;12.15
1132;18;31;100.154;22.14
1133;18;31;110.353;18.6
1134;18;31;100.429;0.27
1135;18;32;93.798;2.64
1136;18;32;112.533;24.03
1137;18;32;80.491;19.82
1138;18;33;79.454;7.68
1139;18;33;84.327;9.53
1140;18;33;64.85;5.81
1141;18;34;12.409;23.57
1142;18;34;15.231;19.78
1143;18;35;106.029;10.22
1144;18;36;38.888;6.0
1145;18;36;40.991;0.41
1146;18;37;85.65;24.68
1147;18;37;83.97;9.9
1148;18;37;68.244;17.9
1149;18;38;83.549;18.29
1150;18;39;93.673;6.38
1151;19;20;41.651;7.05
1152;19;21;15.879;19.84
1153;19;21;18.143;5.74
1154;19;22;30.057;6.59
1155;19;22;25.592;11.85
1156;19;22;25.942;21.85
1157;19;23;22.147;11.06
1158;19;24;79.455;17.73
1159;19;24;63.97;16.26
1160;19;25;20.174;22.04
1161;19;26;55.244;24.47
1162;19;26;57.586;10.73
1163;19;26;68.353;5.83
1164;19;27;28.791;4.64
1165;19;27;22.506;20.89
1166;19;28;32.075;1.52
1167;19;28;29.827;13.5
1168;19;28;31.209;8.08
1169;19;29;22.49;1.99
1170;19;30;21.427;8.81
1171;19;30;25.164;15.07
1172;19;31;31.508;11.04
1173;19;31;31.295;0.09
1174;19;32;28.986;6.72
1175;19;32;34.37;0.91
1176;19;33;26.949;8.1
1177;19;34;90.886;8.68
1178;19;35;58.187;4.82
1179;19;35;46.413;12.37
1180;19;35;61.937;11.6
1181;19;36;68.108;18.59
1182;19;36;83.109;3.39
1183;19;37;18.382;2.83
1184;19;37;22.621;2.95
1185;19;37;15.179;17.45
1186;19;38;24.469;15.62
1187;19;38;28.44;12.82
1188;19;39;30.026;22.26
1189;20;21;25.811;12.98
1190;20;22;23.066;22.44
1191;20;22;24.637;3.39
1192;20;23;20.0;19.9
1193;20;23;18.048;21.06
1194;20;23;18.904;11.26
1195;20;24;47.454;22.82
1196;20;24;51.411;3.83
1197;20;25;21.837;1.99
1198;20;26;36.992;6.76
1199;20;26;38.534;20.61
1200;20;26;40.822;12.93
1201;20;27;20.363;16.64
1202;20;27;16.528;9.58
1203;20;27;16.071;0.27
1204;20;28;10.416;3.09
1205;20;29;31.539;19.67
1206;20;30;20.62;23.01
1207;20;30;20.438;7.55
1208;20;30;19.168;18.95
1209;20;31;53.636;13.28
1210;20;31;64.207;24.19
1211;20;32;46.809;23.71
1212;20;32;42.14;24.82
1213;20;33;15.161;17.86
1214;20;33;14.689;7.75
1215;20;34;52.867;13.98
1216;20;34;61.559;15.61
1217;20;34;52.796;7.28
1218;20;35;51.015;12.88
1219;20;36;27.123;3.27
1220;20;37;23.312;24.86
1221;20;38;18.914;3.28
1222;20;39;29.69;0.33
1223;20;39;25.617;0.63
1224;21;22;18.039;24.51
1225;21;22;13.891;2.24
1226;21;22;18.529;18.24
1227;21;23;6.494;16.97
1228;21;24;66.528;5.85
1229;21;24;53.34;6.51
1230;21;25;4.534;20.53
1231;21;26;44.025;7.86
1232;21;26;54.166;11.58
1233;21;27;15.512;5.48
1234;21;28;16.247;7.65
1235;21;29;15.946;20.52
1236;21;30;5.739;20.94
1237;21;30;4.32;3.78
1238;21;30;5.496;17.52
1239;21;31;36.834;19.32
1240;21;31;36.59;5.37
1241;21;31;30.263;5.54
1242;21;32;31.563;21.59
1243;21;32;32.273;3.1
1244;21;32;25.676;22.13
1245;21;33;11.129;0.48
1246;21;34;76.293;11.7
1247;21;34;85.409;5.34
1248;21;34;81.878;19.25
1249;21;35;50.916;7.84
1250;21;35;51.319;23.19
1251;21;35;54.874;15.75
1252;21;36;52.517;21.33
1253;21;36;47.538;17.24
1254;21;37;3.09;20.49
1255;21;37;2.674;2.79
1256;21;37;2.758;0.69
1257;21;38;9.394;20.03
1258;21;38;11.549;20.14
1259;21;39;21.172;23.17
1260;21;39;18.577;8.13
1261;22;23;13.464;0.2
1262;22;24;70.322;22.8
1263;22;24;82.021;17.55
1264;22;24;74.691;1.75
1265;22;25;14.514;6.35
1266;22;25;14.771;2.52
1267;22;26;26.038;13.88
1268;22;26;31.494;16.27
1269;22;26;26.576;5.79
1270;22;27;3.511;6.71
1271;22;27;3.914;14.0
1272;22;28;14.274;0.52
1273;22;29;10.342;16.04
1274;22;29;9.625;18.34
1275;22;29;12.432;11.99
1276;22;30;13.977;24.76
1277;22;30;12.928;3.04
1278;22;30;12.025;2.13
1279;22;31;54.858;6.25
1280;22;32;49.405;1.34
1281;22;33;13.365;4.06
1282;22;33;14.179;11.62
1283;22;33;12.424;9.14
1284;22;34;75.54;15.19
1285;22;34;89.337;4.55
1286;22;34;87.238;16.53
1287;22;35;33.83;14.48
1288;22;35;37.835;17.52
1289;22;35;33.392;6.15
1290;22;36;48.658;23.71
1291;22;36;39.034;14.5
1292;22;37;18.534;20.31
1293;22;37;15.996;19.87
1294;22;37;22.871;9.56
1295;22;38;10.358;8.01
1296;22;38;10.898;6.93
1297;22;38;10.571;20.59
1298;22;39;6.651;11.0
1299;22;39;5.762;9.46
1300;23;24;63.257;5.62
1301;23;25;1.983;8.11
1302;23;26;38.807;23.64
1303;23;26;37.387;3.58
1304;23;26;44.836;11.51
1305;23;27;10.322;10.81
1306;23;27;12.718;17.07
1307;23;27;8.272;17.16
1308;23;28;9.969;20.3
1309;23;28;8.99;6.29
1310;23;28;11.329;12.63
1311;23;29;15.254;5.91
1312;23;29;11.697;22.62
1313;23;29;13.707;6.76
1314;23;30;0.76;21.88
1315;23;31;42.003;20.21
1316;23;32;36.234;8.27
1317;23;33;4.879;10.2
1318;23;33;3.843;17.61
1319;23;34;71.72;24.39
1320;23;34;66.916;18.45
1321;23;35;47.239;0.28
1322;23;35;48.645;0.0
1323;23;36;47.035;24.5
1324;23;36;46.214;1.03
1325;23;36;48.018;2.33
1326;23;37;5.468;17.49
1327;23;37;6.091;3.83
1328;23;38;3.328;11.86
1329;23;38;2.943;3.8
1330;23;39;18.196;11.14
1331;23;39;17.034;21.39
1332;23;39;20.171;2.7
1333;24;25;64.413;12.15
1334;24;25;53.681;6.22
1335;24;26;80.577;3.02
1336;24;27;67.324;13.55
1337;24;27;62.69;2.03
1338;24;27;82.123;13.83
1339;24;28;56.41;14.49
1340;24;28;58.332;7.51
1341;24;28;60.975;16.73
1342;24;29;77.629;18.28
1343;24;30;63.546;22.41
1344;24;30;68.785;11.38
1345;24;30;54.538;1.23
1346;24;31;71.704;23.6
1347;24;31;57.051;3.49
1348;24;31;86.392;12.05
1349;24;32;65.697;21.06
1350;24;32;73.241;18.82
1351;24;32;79.546;23.04
1352;24;33;59.499;4.06
1353;24;33;61.159;10.63
1354;24;34;19.736;21.87
1355;24;34;16.779;12.55
1356;24;34;19.818;16.49
1357;24;35;96.476;4.63
1358;24;35;75.782;17.42
1359;24;36;30.799;1.19
1360;24;36;35.393;7.48
1361;24;36;38.252;24.42
1362;24;37;63.438;12.14
1363;24;37;52.306;15.14
1364;24;37;62.45;4.71
1365;24;38;63.818;0.61
1366;24;39;76.973;8.86
1367;25;26;40.197;1.77
1368;25;26;42.803;9.08
1369;25;26;30.296;1.01
1370;25;27;11.6;11.5
1371;25;27;11.081;14.19
1372;25;27;14.036;25.0
1373;25;28;11.916;13.7
1374;25;28;13.022;18.64
1375;25;28;14.832;24.26
1376;25;29;14.928;22.42
1377;25;29;12.348;11.23
1378;25;29;16.278;10.17
1379;25;30;1.253;1.25
1380;25;31;40.544;24.8
1381;25;32;34.926;6.68
1382;25;32;28.092;14.95
1383;25;32;31.254;13.53
1384;25;33;6.801;19.9
1385;25;34;73.254;23.81
1386;25;34;77.938;5.35
1387;25;34;56.04;15.23
1388;25;35;48.082;12.18
1389;25;35;49.497;23.06
1390;25;36;48.806;10.54
1391;25;37;4.023;12.9
1392;25;38;4.963;14.77
1393;25;38;4.246;5.42
1394;25;39;18.686;2.33
1395;25;39;19.776;18.07
1396;25;39;20.936;1.2
1397;26;27;28.603;6.63
1398;26;28;34.629;4.71
1399;26;28;32.648;6.91
1400;26;28;27.81;0.29
1401;26;29;32.982;8.37
1402;26;29;36.629;10.19
1403;26;29;40.859;7.66
1404;26;30;39.442;11.61
1405;26;30;33.359;0.93
1406;26;31;80.739;17.64
1407;26;31;96.917;16.86
1408;26;31;64.604;17.56
1409;26;32;75.039;24.43
1410;26;33;36.879;10.72
1411;26;33;30.029;4.9
1412;26;34;79.353;10.59
1413;26;34;87.888;11.22
1414;26;35;16.702;12.19
1415;26;36;51.963;0.42
1416;26;37;44.188;9.19
1417;26;38;35.485;16.95
1418;26;38;41.275;22.23
1419;26;39;25.336;14.05
1420;26;39;21.602;17.11
1421;26;39;19.82;0.5
1422;27;28;11.015;10.09
1423;27;28;9.031;14.4
1424;27;28;12.893;20.23
1425;27;29;11.562;3.22
1426;27;29;12.153;0.59
1427;27;30;10.906;7.12
1428;27;30;8.888;16.62
1429;27;31;52.136;9.69
1430;27;31;50.906;19.63
1431;27;31;60.809;18.61
1432;27;32;46.506;8.43
1433;27;32;43.205;0.65
1434;27;33;9.857;9.12
1435;27;33;9.737;1.84
1436;27;34;73.127;16.99
1437;27;35;37.204;11.68
1438;27;36;46.588;24.26
1439;27;36;36.083;2.82
1440;27;37;15.606;18.26
1441;27;37;13.881;9.15
1442;27;38;7.079;0.72
1443;27;39;9.829;22.89
1444;28;29;21.46;21.12
1445;28;30;10.664;8.73
1446;28;30;9.96;5.86
1447;28;31;48.598;21.72
1448;28;32;42.199;12.61
1449;28;33;5.126;19.41
1450;28;33;6.179;3.21
1451;28;33;4.861;21.6
1452;28;34;63.095;11.25
1453;28;35;46.158;16.52
1454;28;35;44.53;9.06
1455;28;35;50.174;2.28
1456;28;36;37.522;11.43
1457;28;36;31.043;9.66
1458;28;36;36.334;20.45
1459;28;37;14.254;12.93
1460;28;37;14.633;16.13
1461;28;37;16.758;15.01
1462;28;38;8.507;18.15
1463;28;38;7.667;5.49
1464;28;39;20.827;23.9
1465;29;30;15.269;22.79
1466;29;31;51.076;16.53
1467;29;31;54.749;9.05
1468;29;32;46.577;6.27
1469;29;32;38.762;23.52
1470;29;32;58.172;22.07
1471;29;33;18.193;4.44
1472;29;33;20.576;15.19
1473;29;33;19.117;10.14
1474;29;34;84.406;16.22
1475;29;35;36.293;22.52
1476;29;35;33.786;1.32
1477;29;35;39.787;19.04
1478;29;36;58.104;22.63
1479;29;36;69.836;12.97
1480;29;36;58.454;12.26
1481;29;37;18.056;11.35
1482;29;38;13.893;6.55
1483;29;38;14.668;15.59
1484;29;39;7.648;19.61
1485;29;39;7.636;4.67
1486;30;31;41.339;17.84
1487;30;31;36.811;0.27
1488;30;31;46.17;2.44
1489;30;32;35.612;13.21
1490;30;32;28.387;20.9
1491;30;32;38.199;7.79
1492;30;33;5.552;3.75
1493;30;34;72.184;8.57
1494;30;35;47.699;3.22
1495;30;35;39.656;19.13
1496;30;35;57.865;14.95
1497;30;36;47.619;15.75
1498;30;36;50.979;18.04
1499;30;36;58.649;13.38
1500;30;37;4.777;6.26
1501;30;37;4.534;21.51
1502;30;37;4.002;15.58
1503;30;38;4.002;10.91
1504;30;38;3.587;14.51
1505;30;38;3.335;4.83
1506;30;39;18.52;0.98
1507;30;39;22.243;0.73
1508;31;32;7.003;6.42
1509;31;32;5.914;19.08
1510;31;33;44.744;10.28
1511;31;33;46.976;10.04
1512;31;33;34.853;0.4
1513;31;34;88.29;18.19
1514;31;35;87.263;21.91
1515;31;35;69.71;24.87
1516;31;36;73.446;7.38
1517;31;36;68.942;1.45
1518;31;36;71.271;10.81
1519;31;37;36.571;14.74
1520;31;37;31.788;6.05
1521;31;38;45.33;15.82
1522;31;39;57.583;19.0
1523;31;39;43.264;12.18
1524;31;39;65.848;11.0
1525;32;33;38.597;15.19
1526;32;33;38.382;9.77
1527;32;34;81.826;24.73
1528;32;35;82.42;20.89
1529;32;35;89.658;10.5
1530;32;36;66.473;12.65
1531;32;36;54.988;23.84
1532;32;37;30.906;17.11
1533;32;37;23.33;18.42
1534;32;38;39.554;16.16
1535;32;38;36.311;1.86
1536;32;38;40.508;15.35
1537;32;39;52.651;5.79
1538;32;39;56.941;10.06
1539;33;34;67.256;10.17
1540;33;34;69.092;2.02
1541;33;35;46.874;14.84
1542;33;36;42.246;1.55
1543;33;36;46.801;18.52
1544;33;37;9.29;7.95
1545;33;37;11.359;15.43
1546;33;38;4.319;20.53
1547;33;38;4.194;12.43
1548;33;39;19.29;13.15
1549;33;39;19.073;16.93
1550;34;35;95.994;11.19
1551;34;35;105.469;13.61
1552;34;36;27.764;0.29
1553;34;37;73.294;9.14
1554;34;37;86.064;10.31
1555;34;38;71.392;5.46
1556;34;39;81.991;19.78
1557;35;36;68.492;5.65
1558;35;36;63.662;3.78
1559;35;37;52.029;9.94
1560;35;37;57.259;14.34
1561;35;38;44.188;13.08
1562;35;38;45.478;6.31
1563;35;38;45.124;8.62
1564;35;39;29.769;21.72
1565;35;39;24.717;5.92
1566;35;39;31.314;2.46
1567;36;37;49.773;7.17
1568;36;37;42.806;7.79
1569;36;37;51.653;9.69
1570;36;38;46.029;10.43
1571;36;38;35.758;1.99
1572;36;39;54.909;24.46
1573;37;38;8.778;7.44
1574;37;39;22.496;2.9
1575;37;39;19.857;12.07
1576;37;39;17.618;18.81
1577;38;39;15.608;4.79
1578;38;39;11.966;24.06
