VERTEX_COUNT 40
PATH_COUNT 1
BUDGET 600
<------------ VERTICES ------------>
0;START;41.374834;2.170055;0.0;0.0
1;Basilica of the Sagrada Família;41.403568;2.174435;45.0;95.85
2;Anella Olímpica(Olympic Park);41.364778;2.152575;45.0;86.69
3;Palau Güell;41.378864;2.174117;45.0;86.38
4;Galeria d’Art Mar Grup Escolà;41.392349;2.167836;45.0;84.94
5;Museu Nacional d’Art de Catalunya;41.36882;2.153347;45.0;83.03
6;La Pedrera (Casa Milà);41.395271;2.161785;45.0;82.72
7;Museu d’Història de Catalunya - MHC;41.380852;2.185799;45.0;79.4
8;Basilica of Sants Just i Pastor;41.382812;2.178195;45.0;79.3
9;Parc de la Ciutadella;41.389248;2.186548;45.0;79.22
10;Avinguda d’Icària;41.391556;2.197416;45.0;79.1
11;Montjuïc Castle;41.363823;2.167096;45.0;75.03
12;Poble Espanyol;41.368679;2.147031;45.0;74.82
13;Passeig de Gràcia;41.390739;2.166672;45.0;72.89
14;Lorena Ruiz de Villa;41.397858;2.146705;45.0;72.52
15;Parc de Diagonal Mar;41.407215;2.214539;45.0;71.8
16;Museu Palmero;41.424667;2.139856;45.0;67.42
17;Platja de la Nova Mar Bella;41.40205;2.21529;45.0;67.37
18;Museu Frederic Marès;41.384178;2.176819;45.0;67.16
19;Park Güell;41.414249;2.151926;45.0;67.06
20;Antic Hospital de la Santa Creu;41.380573;2.170374;45.0;65.59
21;Arts Santa Mònica;41.37722;2.176012;45.0;64.97
22;Barcelona;41.389034;2.16137;45.0;64.9
23;Despair;41.387653;2.188076;45.0;64.19
24;La Colmena;41.383835;2.178294;45.0;63.74
25;Plaça de Catalunya;41.387005;2.17003;45.0;63.62
26;Plaça del Rei;41.384144;2.177409;45.0;62.54
27;L’Aquàrium;41.376625;2.184117;45.0;62.44
28;Casa Batlló;41.391758;2.164961;45.0;62.32
29;Casa Martí, Els Quatre Gats ;41.385775;2.173671;45.0;62.1
30;Rambla del Raval;41.378681;2.169317;45.0;61.83
31;90th Jean Bouin;41.373077;2.150465;45.0;61.35
32;Museu Picasso;41.385181;2.180863;45.0;61.34
33;Basilica of Santa Maria del Mar;41.383518;2.1818;45.0;60.96
34;Turó de la Rovira viewing point;41.419388;2.161812;45.0;60.59
35;Imaginart Gallery;41.393822;2.164627;45.0;60.41
36;Royal Dockyards Museu Marítim ;41.375286;2.17598;45.0;59.42
37;Poblenou Cemetery;41.394859;2.201189;45.0;59.12
38;Monument to Doctor Robert;41.394924;2.175599;45.0;58.42
39;FINISH;41.374834;2.170055;0.0;0.0
<------------- EDGES -------------->
0;0;1;49.491;7.3
1;0;1;38.16;4.29
2;0;1;37.601;6.59
3;0;2;28.285;4.4
4;0;3;8.647;2.92
5;0;4;30.107;13.92
6;0;4;26.398;17.84
7;0;5;23.796;12.78
8;0;5;23.156;1.61
9;0;6;36.549;13.49
10;0;6;35.63;7.7
11;0;7;22.688;16.43
12;0;8;17.194;24.14
13;0;8;13.563;18.02
14;0;9;32.509;8.03
15;0;9;33.256;0.88
16;0;9;30.978;8.1
17;0;10;45.309;23.67
18;0;10;53.295;1.96
19;0;10;51.811;18.4
20;0;11;19.222;23.05
21;0;12;31.387;21.19
22;0;12;34.327;6.76
23;0;12;32.548;18.21
24;0;13;27.562;12.92
25;0;14;49.508;6.41
26;0;15;79.572;15.89
27;0;15;90.776;6.81
28;0;16;93.673;2.74
29;0;17;74.442;10.42
30;0;17;88.204;5.56
31;0;18;18.196;18.37
32;0;19;71.35;22.31
33;0;19;58.004;6.88
34;0;19;77.1;6.75
35;0;20;9.829;16.19
36;0;20;11.293;3.66
37;0;20;7.718;23.06
38;0;21;8.671;15.89
39;0;21;9.484;0.75
40;0;21;9.188;9.47
41;0;22;26.736;23.24
42;0;22;33.393;16.75
43;0;22;31.398;20.34
44;0;23;31.884;8.14
45;0;23;38.837;7.37
46;0;23;39.123;12.19
47;0;24;18.686;16.29
48;0;25;20.827;16.16
49;0;25;21.704;6.92
50;0;25;19.351;12.42
51;0;26;18.52;8.79
52;0;27;18.315;17.52
53;0;28;29.69;9.27
54;0;29;19.29;24.16
55;0;29;21.1;20.39
56;0;30;6.651;24.71
57;0;30;7.029;8.95
58;0;30;6.866;1.87
59;0;31;25.336;17.5
60;0;31;22.411;7.18
61;0;31;27.346;16.22
62;0;32;22.496;16.85
63;0;32;19.851;4.92
64;0;33;21.172;19.21
65;0;34;76.973;5.98
66;0;35;33.232;8.37
67;0;35;36.38;21.28
68;0;35;35.443;9.59
69;0;36;7.648;7.97
70;0;36;9.386;1.95
71;0;37;52.651;18.3
72;0;38;35.108;1.26
73;0;39;0.0;10.32
74;1;2;72.069;7.67
75;1;3;42.276;23.62
76;1;4;20.984;7.62
77;1;4;15.871;17.28
78;1;4;17.874;5.97
79;1;5;65.336;0.89
80;1;6;21.57;15.9
81;1;6;16.423;16.05
82;1;7;41.52;13.08
83;1;7;48.167;24.9
84;1;8;35.845;0.81
85;1;9;29.022;24.92
86;1;9;23.889;1.2
87;1;10;35.955;8.61
88;1;10;34.706;10.51
89;1;11;68.662;10.6
90;1;12;69.299;0.86
91;1;12;56.638;18.42
92;1;12;63.779;21.5
93;1;13;24.109;9.03
94;1;13;19.387;1.29
95;1;14;36.911;14.7
96;1;14;32.114;24.7
97;1;14;33.078;13.17
98;1;15;51.851;12.81
99;1;15;49.925;18.46
100;1;15;62.282;10.65
101;1;16;57.209;11.22
102;1;17;52.504;22.07
103;1;17;52.738;17.94
104;1;18;33.322;8.53
105;1;19;34.185;17.24
106;1;20;39.694;11.34
107;1;20;40.757;15.84
108;1;20;34.015;16.87
109;1;21;45.133;16.03
110;1;21;48.661;17.33
111;1;21;52.766;11.12
112;1;22;29.997;18.44
113;1;23;32.378;10.35
114;1;23;27.901;6.79
115;1;23;39.958;24.82
116;1;24;34.129;22.93
117;1;24;36.191;4.8
118;1;25;28.902;1.67
119;1;25;29.876;13.92
120;1;26;33.457;5.52
121;1;27;47.752;22.07
122;1;27;50.454;3.59
123;1;27;49.619;12.21
124;1;28;23.587;13.83
125;1;28;29.332;7.53
126;1;28;25.862;14.43
127;1;29;30.463;14.79
128;1;29;28.828;4.05
129;1;29;36.458;0.66
130;1;30;43.091;3.24
131;1;31;60.577;23.15
132;1;31;62.81;6.6
133;1;32;32.528;3.46
134;1;32;38.649;6.5
135;1;33;35.589;2.54
136;1;33;34.35;22.13
137;1;33;38.054;18.85
138;1;34;31.549;14.06
139;1;34;39.061;14.51
140;1;34;33.909;6.72
141;1;35;20.896;13.27
142;1;35;17.744;22.28
143;1;35;20.522;18.63
144;1;36;48.438;0.62
145;1;36;39.35;14.68
146;1;37;37.436;16.2
147;1;38;14.867;7.66
148;1;39;49.491;14.79
149;1;39;54.905;5.36
150;1;39;47.184;22.75
151;2;3;36.692;8.13
152;2;3;33.776;20.0
153;2;3;31.644;1.26
154;2;4;51.088;9.35
155;2;5;6.988;15.64
156;2;5;6.237;14.5
157;2;5;8.246;6.12
158;2;6;53.504;24.33
159;2;7;50.763;4.12
160;2;7;59.122;10.65
161;2;7;58.163;12.34
162;2;8;45.108;12.62
163;2;9;60.469;2.29
164;2;10;73.587;0.56
165;2;10;84.361;14.9
166;2;10;87.19;16.77
167;2;11;18.721;7.2
168;2;12;9.76;17.05
169;2;12;10.902;16.24
170;2;12;11.228;11.5
171;2;13;47.972;4.09
172;2;14;57.108;0.44
173;2;14;45.597;9.77
174;2;15;107.715;23.72
175;2;15;101.407;4.91
176;2;15;117.898;19.17
177;2;16;103.777;18.84
178;2;17;102.722;2.3
179;2;17;97.794;3.29
180;2;17;126.918;21.16
181;2;18;45.512;2.82
182;2;19;84.661;9.28
183;2;19;78.62;0.8
184;2;20;35.398;7.43
185;2;21;36.867;17.34
186;2;21;43.675;2.64
187;2;22;43.017;7.23
188;2;22;49.384;8.45
189;2;22;51.002;17.07
190;2;23;60.087;15.05
191;2;23;49.742;10.87
192;2;24;46.414;14.02
193;2;24;39.874;9.97
194;2;24;55.73;3.54
195;2;25;44.149;24.78
196;2;26;45.992;3.86
197;2;26;51.082;5.23
198;2;27;45.296;15.77
199;2;27;54.804;19.72
200;2;27;51.853;22.89
201;2;28;48.832;22.77
202;2;29;44.999;0.91
203;2;29;44.825;19.51
204;2;29;46.733;1.43
205;2;30;32.067;4.96
206;2;31;14.458;19.1
207;2;32;50.384;13.25
208;2;32;45.519;23.38
209;2;32;46.563;3.93
210;2;33;49.364;20.72
211;2;34;94.2;19.66
212;2;34;96.407;4.04
213;2;35;52.055;2.37
214;2;36;35.025;19.9
215;2;36;26.77;10.07
216;2;36;27.806;1.6
217;2;37;80.908;6.07
218;2;37;100.893;14.62
219;2;38;59.458;14.34
220;2;38;56.635;16.07
221;2;38;53.404;14.3
222;2;39;28.285;4.7
223;2;39;24.28;16.11
224;2;39;26.353;15.77
225;3;4;24.444;14.26
226;3;5;31.73;6.19
227;3;5;37.51;18.53
228;3;5;33.077;2.83
229;3;6;32.233;18.95
230;3;6;25.213;18.33
231;3;6;28.44;19.01
232;3;7;15.381;14.87
233;3;7;17.451;22.17
234;3;7;12.019;10.92
235;3;8;8.547;12.54
236;3;9;23.885;24.05
237;3;9;24.278;4.99
238;3;9;22.129;8.12
239;3;10;36.967;6.12
240;3;11;27.272;14.42
241;3;12;38.904;14.89
242;3;12;38.898;10.67
243;3;13;22.457;24.71
244;3;13;19.146;9.16
245;3;13;19.135;9.45
246;3;14;47.906;23.37
247;3;14;47.997;16.96
248;3;14;39.787;6.99
249;3;15;71.038;13.51
250;3;16;89.874;14.18
251;3;17;66.092;3.04
252;3;17;49.883;3.42
253;3;18;9.733;3.02
254;3;18;7.876;8.4
255;3;18;11.022;5.55
256;3;19;66.918;11.15
257;3;19;61.523;20.14
258;3;19;73.188;2.77
259;3;20;5.626;7.53
260;3;21;3.72;8.17
261;3;21;3.375;7.32
262;3;22;23.89;5.58
263;3;22;18.687;18.79
264;3;23;23.397;2.83
265;3;23;20.196;1.93
266;3;24;10.056;9.81
267;3;25;14.887;7.7
268;3;25;12.776;10.43
269;3;25;13.146;20.93
270;3;26;9.975;21.16
271;3;27;13.4;13.76
272;3;27;14.527;22.43
273;3;27;15.116;7.19
274;3;28;25.001;7.97
275;3;29;11.84;6.1
276;3;29;13.598;24.03
277;3;30;6.171;6.55
278;3;31;31.945;18.76
279;3;31;34.147;3.84
280;3;32;13.852;1.72
281;3;32;15.986;12.2
282;3;33;12.678;23.91
283;3;33;12.659;15.88
284;3;34;71.122;12.4
285;3;34;60.494;8.72
286;3;34;60.616;4.67
287;3;35;28.348;4.56
288;3;35;25.458;17.01
289;3;36;6.574;10.06
290;3;36;5.365;18.61
291;3;36;5.141;3.72
292;3;37;44.241;17.62
293;3;37;52.798;6.06
294;3;37;47.21;1.38
295;3;38;27.548;0.6
296;3;39;8.647;9.01
297;4;5;44.354;10.37
298;4;6;9.238;20.31
299;4;6;10.144;11.33
300;4;6;6.971;19.64
301;4;7;30.314;17.38
302;4;7;29.313;1.9
303;4;8;21.053;3.83
304;4;8;25.589;22.54
305;4;8;25.78;20.5
306;4;9;24.601;21.11
307;4;9;25.745;24.96
308;4;9;20.486;9.57
309;4;10;37.998;15.71
310;4;10;36.561;17.64
311;4;10;47.307;8.65
312;4;11;48.824;16.14
313;4;11;37.599;3.6
314;4;11;56.892;21.06
315;4;12;48.521;5.99
316;4;12;51.599;10.29
317;4;12;54.781;2.02
318;4;13;3.134;9.81
319;4;13;2.384;3.42
320;4;13;2.958;8.65
321;4;14;28.717;11.46
322;4;14;29.639;15.3
323;4;14;29.43;10.85
324;4;15;65.123;9.13
325;4;15;58.604;1.96
326;4;16;65.94;10.68
327;4;16;52.806;17.24
328;4;16;49.988;2.81
329;4;17;63.137;18.94
330;4;18;18.125;13.11
331;4;18;19.947;18.13
332;4;19;42.679;21.63
333;4;19;52.047;11.53
334;4;20;20.413;3.81
335;4;21;27.936;11.7
336;4;22;10.054;22.55
337;4;23;27.199;17.85
338;4;23;31.688;23.92
339;4;23;28.361;10.86
340;4;24;19.813;14.21
341;4;24;20.082;11.01
342;4;24;20.835;18.63
343;4;25;9.569;4.83
344;4;26;18.66;9.56
345;4;27;34.073;17.07
346;4;27;37.147;8.14
347;4;28;3.827;19.27
348;4;29;13.515;13.81
349;4;29;13.968;21.06
350;4;30;23.466;17.14
351;4;30;20.039;17.21
352;4;30;23.586;13.79
353;4;31;39.813;10.42
354;4;31;42.039;10.13
355;4;32;20.74;17.68
356;4;32;23.737;4.02
357;4;32;20.79;14.24
358;4;33;23.447;17.92
359;4;34;46.911;22.31
360;4;35;4.83;15.92
361;4;35;5.209;24.31
362;4;36;31.014;19.58
363;4;36;36.969;14.58
364;4;36;38.173;15.93
365;4;37;43.031;13.06
366;4;38;10.896;16.75
367;4;39;30.107;23.86
368;4;39;29.313;12.96
369;4;39;30.343;12.09
370;5;6;46.542;19.8
371;5;6;42.353;18.61
372;5;6;35.864;24.97
373;5;7;46.481;15.49
374;5;7;48.895;9.51
375;5;7;56.065;6.67
376;5;8;39.892;2.25
377;5;8;33.84;13.17
378;5;9;55.131;23.31
379;5;10;68.67;24.48
380;5;10;55.386;6.85
381;5;10;65.201;3.36
382;5;11;19.619;5.94
383;5;12;8.115;3.23
384;5;12;9.474;8.39
385;5;12;6.088;1.76
386;5;13;41.226;13.78
387;5;13;37.659;10.36
388;5;13;42.524;8.96
389;5;14;50.417;7.0
390;5;14;54.184;1.17
391;5;14;47.639;1.04
392;5;15;102.414;14.21
393;5;15;119.475;0.5
394;5;15;116.134;5.49
395;5;16;97.123;19.45
396;5;16;80.199;8.76
397;5;17;97.767;17.16
398;5;17;104.332;22.79
399;5;18;39.989;20.04
400;5;19;77.761;21.99
401;5;20;29.708;5.08
402;5;20;22.425;19.66
403;5;20;36.221;11.05
404;5;21;32.461;6.21
405;5;22;36.092;23.93
406;5;22;29.726;20.93
407;5;23;55.02;21.36
408;5;23;45.999;16.53
409;5;23;54.622;10.4
410;5;24;41.065;14.38
411;5;24;41.264;3.39
412;5;24;50.716;7.45
413;5;25;37.779;9.19
414;5;25;42.429;14.93
415;5;26;40.525;7.21
416;5;26;30.483;21.28
417;5;26;44.907;13.65
418;5;27;41.71;0.67
419;5;27;38.943;17.79
420;5;28;41.989;0.21
421;5;29;39.024;17.43
422;5;30;26.558;15.87
423;5;31;8.171;7.11
424;5;31;6.296;23.69
425;5;31;6.728;21.5
426;5;32;45.08;20.52
427;5;33;44.356;19.29
428;5;33;35.644;8.83
429;5;34;87.213;6.43
430;5;35;45.169;1.23
431;5;35;48.34;0.31
432;5;36;31.099;18.82
433;5;36;31.399;13.52
434;5;37;75.887;12.56
435;5;37;84.509;23.46
436;5;37;60.583;8.77
437;5;38;53.025;1.99
438;5;38;53.763;5.5
439;5;39;23.796;1.83
440;5;39;19.885;11.09
441;5;39;28.61;3.8
442;6;7;39.488;17.94
443;6;7;45.686;11.72
444;6;8;29.973;19.18
445;6;8;26.039;20.19
446;6;9;33.419;7.94
447;6;9;36.544;16.81
448;6;9;35.026;0.03
449;6;10;46.181;18.71
450;6;10;47.906;11.87
451;6;11;54.245;15.74
452;6;11;52.224;2.9
453;6;11;46.101;9.7
454;6;12;49.291;14.71
455;6;13;9.975;11.47
456;6;13;10.608;24.43
457;6;14;19.858;22.86
458;6;14;15.033;2.88
459;6;14;15.784;3.22
460;6;15;70.732;17.72
461;6;15;83.731;16.71
462;6;15;73.724;12.16
463;6;16;57.641;16.44
464;6;16;61.632;21.91
465;6;16;45.842;16.32
466;6;17;69.654;5.63
467;6;17;77.052;20.31
468;6;18;27.071;24.79
469;6;19;34.854;13.61
470;6;19;38.959;21.55
471;6;20;27.463;2.22
472;6;20;29.271;0.98
473;6;20;21.522;22.2
474;6;21;35.886;6.12
475;6;21;37.818;7.95
476;6;21;41.29;23.4
477;6;22;10.686;11.28
478;6;22;9.061;23.34
479;6;22;11.269;18.72
480;6;23;36.182;8.27
481;6;24;28.847;16.56
482;6;24;28.979;23.91
483;6;24;29.003;5.22
484;6;25;17.667;16.83
485;6;25;15.872;0.02
486;6;26;27.657;10.75
487;6;26;32.99;19.42
488;6;26;28.572;9.75
489;6;27;42.897;1.39
490;6;28;7.264;12.4
491;6;29;22.291;7.51
492;6;30;29.991;11.68
493;6;30;36.662;22.85
494;6;31;40.666;12.62
495;6;31;42.027;22.86
496;6;31;49.366;15.67
497;6;32;29.967;16.32
498;6;32;26.341;20.26
499;6;33;32.631;2.79
500;6;34;41.27;14.19
501;6;34;36.162;11.13
502;6;34;43.06;21.08
503;6;35;4.411;1.06
504;6;35;5.289;18.38
505;6;35;5.065;21.67
506;6;36;38.752;7.63
507;6;37;50.588;10.71
508;6;37;38.34;2.49
509;6;38;17.743;16.5
510;6;38;19.407;18.49
511;6;38;21.295;7.49
512;6;39;36.549;14.68
513;6;39;34.311;1.08
514;7;8;10.323;4.96
515;7;8;10.758;19.98
516;7;9;14.4;5.96
517;7;9;16.796;11.4
518;7;9;13.76;10.02
519;7;10;23.621;0.8
520;7;11;37.763;18.12
521;7;11;44.468;23.56
522;7;11;43.936;0.24
523;7;12;53.965;23.12
524;7;13;29.821;1.93
525;7;14;58.016;24.6
526;7;14;68.593;1.27
527;7;15;58.279;17.43
528;7;15;46.303;5.14
529;7;16;95.389;20.81
530;7;16;73.958;18.05
531;7;16;87.224;20.61
532;7;17;52.433;15.65
533;7;17;58.122;9.57
534;7;18;12.858;24.91
535;7;19;71.81;1.26
536;7;19;64.109;17.33
537;7;19;62.638;2.44
538;7;20;19.811;22.69
539;7;21;14.02;10.45
540;7;21;16.191;21.27
541;7;22;34.348;9.93
542;7;23;12.0;4.58
543;7;24;10.905;7.52
544;7;24;13.47;0.47
545;7;25;22.821;2.03
546;7;26;12.156;5.53
547;7;26;13.369;22.04
548;7;26;9.966;1.28
549;7;27;7.549;0.32
550;7;28;32.62;12.97
551;7;29;17.705;7.0
552;7;29;13.989;19.97
553;7;29;13.445;7.52
554;7;30;21.487;6.72
555;7;30;19.204;24.3
556;7;31;47.282;9.19
557;7;31;50.91;2.92
558;7;32;9.749;10.9
559;7;33;6.869;15.89
560;7;34;72.778;16.31
561;7;34;79.072;11.85
562;7;35;35.092;17.63
563;7;35;43.228;21.17
564;7;36;15.801;21.55
565;7;36;16.366;21.68
566;7;36;15.727;18.93
567;7;37;31.063;1.09
568;7;37;31.905;22.19
569;7;37;23.864;8.94
570;7;38;27.411;20.0
571;7;38;26.701;13.94
572;7;39;22.688;7.84
573;8;9;15.372;11.48
574;8;10;28.859;11.11
575;8;10;21.911;22.82
576;8;11;35.483;23.38
577;8;12;46.758;10.63
578;8;13;20.072;3.32
579;8;13;18.937;11.45
580;8;14;47.93;14.62
581;8;14;57.103;8.22
582;8;15;62.614;9.33
583;8;15;64.206;21.25
584;8;15;47.99;2.06
585;8;16;86.899;20.95
586;8;16;87.481;8.94
587;8;17;57.892;15.6
588;8;17;50.627;16.05
589;8;18;2.93;4.13
590;8;18;3.451;2.49
591;8;19;63.49;10.82
592;8;19;48.498;18.9
593;8;19;75.286;7.74
594;8;20;10.748;0.17
595;8;20;8.891;0.68
596;8;21;9.971;7.64
597;8;21;12.022;17.47
598;8;21;11.083;18.07
599;8;22;24.083;23.91
600;8;22;20.126;1.77
601;8;23;15.151;3.66
602;8;24;1.755;21.01
603;8;25;12.704;8.75
604;8;25;13.681;9.7
605;8;26;2.493;10.6
606;8;26;1.976;15.12
607;8;27;13.035;4.77
608;8;27;10.294;17.56
609;8;28;22.87;16.95
610;8;28;25.044;2.9
611;8;28;18.052;23.34
612;8;29;7.711;2.51
613;8;29;7.488;5.69
614;8;29;9.562;20.39
615;8;30;13.413;6.99
616;8;30;15.766;2.74
617;8;31;39.311;14.03
618;8;32;5.307;12.94
619;8;32;5.546;6.96
620;8;33;4.784;7.34
621;8;33;4.074;19.3
622;8;33;3.726;20.07
623;8;34;66.028;17.27
624;8;35;25.659;2.2
625;8;35;29.479;9.57
626;8;35;22.765;7.57
627;8;36;13.189;4.29
628;8;36;13.748;18.46
629;8;36;10.077;22.83
630;8;37;36.006;12.58
631;8;38;20.993;19.03
632;8;38;17.555;1.71
633;8;38;20.978;13.47
634;8;39;17.194;3.67
635;8;39;15.2;0.01
636;8;39;18.903;2.12
637;9;10;14.501;0.81
638;9;10;16.459;12.11
639;9;10;14.548;5.46
640;9;11;50.168;12.79
641;9;11;40.134;2.33
642;9;11;61.675;12.78
643;9;12;61.754;17.56
644;9;12;66.824;13.44
645;9;12;74.468;1.06
646;9;13;25.644;18.52
647;9;13;25.742;19.63
648;9;13;19.314;23.86
649;9;14;53.228;7.96
650;9;14;61.983;17.72
651;9;14;45.489;18.29
652;9;15;47.29;24.17
653;9;15;51.016;20.18
654;9;16;85.235;23.99
655;9;16;101.53;12.41
656;9;16;84.684;3.45
657;9;17;42.91;17.25
658;9;18;15.208;21.9
659;9;19;61.687;24.99
660;9;20;25.526;2.89
661;9;21;24.63;16.17
662;9;22;32.326;11.99
663;9;22;33.044;8.66
664;9;22;37.28;0.52
665;9;23;3.361;14.44
666;9;23;2.795;1.94
667;9;23;3.472;13.06
668;9;24;14.075;7.68
669;9;25;21.551;14.08
670;9;26;14.627;18.63
671;9;27;21.825;18.53
672;9;28;28.044;17.97
673;9;28;29.333;15.78
674;9;28;21.929;0.09
675;9;29;17.568;13.4
676;9;29;20.01;11.59
677;9;29;21.349;19.13
678;9;30;28.573;7.48
679;9;30;28.584;16.09
680;9;30;35.221;24.72
681;9;31;53.966;0.44
682;9;31;40.702;22.68
683;9;31;56.905;19.26
684;9;32;10.085;8.89
685;9;33;11.546;15.04
686;9;34;60.565;14.44
687;9;35;29.21;4.66
688;9;36;27.476;22.06
689;9;36;27.101;21.78
690;9;36;27.758;10.22
691;9;37;21.106;23.83
692;9;38;17.085;9.61
693;9;38;14.523;24.75
694;9;39;32.509;7.46
695;10;11;61.384;10.19
696;10;11;48.214;12.28
697;10;11;61.05;17.03
698;10;12;75.617;19.93
699;10;12;75.219;10.27
700;10;12;74.548;7.89
701;10;13;39.493;11.72
702;10;13;33.206;11.25
703;10;14;65.986;9.7
704;10;14;79.791;18.11
705;10;14;74.07;11.99
706;10;15;34.657;20.05
707;10;16;93.102;6.45
708;10;16;79.237;13.98
709;10;17;29.136;23.93
710;10;17;22.875;1.46
711;10;17;36.165;10.75
712;10;18;29.303;12.53
713;10;18;35.592;16.62
714;10;19;70.123;7.65
715;10;20;39.479;6.74
716;10;20;38.957;24.56
717;10;21;36.838;14.02
718;10;22;46.477;7.02
719;10;22;57.126;18.81
720;10;22;52.199;1.85
721;10;23;13.725;4.45
722;10;23;10.434;17.03
723;10;24;27.879;3.1
724;10;24;21.424;3.02
725;10;24;30.905;9.25
726;10;25;36.011;10.47
727;10;25;44.64;16.72
728;10;26;28.647;22.56
729;10;26;23.467;8.38
730;10;26;30.522;15.74
731;10;27;30.731;2.56
732;10;27;26.057;13.71
733;10;27;37.233;6.8
734;10;28;41.666;6.95
735;10;28;43.096;18.2
736;10;28;40.756;1.67
737;10;29;32.05;6.34
738;10;29;25.725;11.91
739;10;30;42.272;18.26
740;10;30;37.874;21.31
741;10;31;68.074;13.94
742;10;32;23.888;10.97
743;10;33;24.314;19.09
744;10;33;28.645;12.87
745;10;33;25.849;5.51
746;10;34;66.005;19.55
747;10;35;42.271;23.5
748;10;36;39.149;3.31
749;10;36;42.367;17.97
750;10;36;48.162;10.99
751;10;37;7.444;24.6
752;10;38;28.594;16.06
753;10;38;33.974;2.54
754;10;39;45.309;24.13
755;10;39;39.183;19.54
756;11;12;27.076;12.95
757;11;13;46.063;10.76
758;11;14;63.856;3.47
759;11;14;52.416;19.36
760;11;15;96.041;23.25
761;11;15;105.726;2.53
762;11;16;109.833;24.92
763;11;16;105.096;4.83
764;11;16;110.491;13.91
765;11;17;90.045;23.29
766;11;17;82.927;18.12
767;11;18;37.002;17.16
768;11;18;41.236;19.43
769;11;18;29.361;18.34
770;11;19;88.461;15.73
771;11;19;89.826;10.16
772;11;20;28.971;8.46
773;11;21;25.626;9.44
774;11;21;21.376;10.35
775;11;21;19.748;14.18
776;11;22;43.764;3.62
777;11;22;48.482;9.52
778;11;23;48.874;20.94
779;11;24;37.142;11.45
780;11;24;39.022;11.31
781;11;24;36.136;16.33
782;11;25;39.848;11.03
783;11;26;37.21;12.4
784;11;26;30.729;14.5
785;11;26;37.76;13.28
786;11;27;30.947;21.98
787;11;27;35.009;1.9
788;11;27;30.995;23.26
789;11;28;47.882;5.74
790;11;29;38.502;8.16
791;11;30;25.585;0.68
792;11;31;26.588;6.29
793;11;32;40.599;20.54
794;11;33;38.631;15.07
795;11;34;95.326;6.33
796;11;35;51.433;8.15
797;11;35;48.81;13.95
798;11;36;22.692;11.16
799;11;37;68.826;6.03
800;11;37;73.595;15.75
801;11;37;65.34;24.45
802;11;38;54.329;18.6
803;11;38;54.46;3.04
804;11;39;19.222;5.48
805;11;39;19.209;7.03
806;11;39;16.251;11.29
807;12;13;45.399;15.26
808;12;13;53.903;16.4
809;12;14;49.934;20.7
810;12;15;108.905;24.1
811;12;16;96.25;13.19
812;12;17;104.601;11.01
813;12;17;108.567;0.2
814;12;17;108.403;4.09
815;12;18;46.546;6.28
816;12;18;35.835;15.74
817;12;19;78.233;3.02
818;12;19;88.48;4.18
819;12;20;36.232;23.11
820;12;21;39.983;22.21
821;12;22;39.399;17.74
822;12;22;39.492;6.62
823;12;22;37.206;19.86
824;12;23;61.902;5.98
825;12;23;46.687;24.19
826;12;24;47.793;1.27
827;12;24;59.615;24.11
828;12;25;43.076;15.53
829;12;26;47.138;3.36
830;12;27;49.527;20.0
831;12;27;41.998;1.28
832;12;28;45.714;10.02
833;12;28;44.683;12.12
834;12;28;40.146;2.52
835;12;29;45.011;10.59
836;12;29;53.221;9.06
837;12;29;39.573;17.25
838;12;30;33.346;21.86
839;12;30;37.381;17.53
840;12;31;8.722;2.77
841;12;31;9.052;0.36
842;12;31;8.658;7.64
843;12;32;51.814;8.65
844;12;32;49.429;5.96
845;12;33;51.362;7.38
846;12;34;88.825;8.17
847;12;34;71.287;8.97
848;12;34;99.814;7.35
849;12;35;48.597;8.57
850;12;35;49.135;24.05
851;12;36;38.857;17.78
852;12;36;45.634;4.78
853;12;37;82.719;19.11
854;12;37;94.557;15.98
855;12;37;84.799;3.85
856;12;38;57.987;20.51
857;12;39;31.387;4.5
858;13;14;28.38;23.35
859;13;14;29.665;1.56
860;13;14;26.642;14.3
861;13;15;67.603;8.85
862;13;15;76.864;24.19
863;13;15;77.953;21.03
864;13;16;67.493;6.36
865;13;16;57.495;4.16
866;13;16;72.247;0.91
867;13;17;65.343;8.98
868;13;17;80.377;3.28
869;13;17;59.003;12.62
870;13;18;17.198;9.94
871;13;18;13.958;8.43
872;13;18;19.533;5.73
873;13;19;44.461;15.15
874;13;19;53.463;12.9
875;13;19;41.166;14.19
876;13;20;18.034;22.97
877;13;21;26.057;12.01
878;13;22;7.406;4.1
879;13;22;8.927;8.63
880;13;22;6.134;14.66
881;13;23;27.982;7.5
882;13;23;31.977;21.16
883;13;23;34.737;18.95
884;13;24;19.032;15.6
885;13;25;7.708;21.03
886;13;25;5.896;5.92
887;13;26;17.815;20.14
888;13;26;15.644;13.14
889;13;26;14.479;1.76
890;13;27;32.94;0.51
891;13;27;24.968;8.41
892;13;28;2.805;0.78
893;13;28;3.268;6.81
894;13;28;2.64;24.12
895;13;29;12.365;23.95
896;13;30;20.912;5.72
897;13;30;21.917;10.8
898;13;31;36.695;23.4
899;13;32;20.552;6.21
900;13;32;24.72;6.04
901;13;33;23.02;13.75
902;13;34;49.42;12.23
903;13;34;61.505;24.86
904;13;35;5.893;24.98
905;13;35;7.355;20.39
906;13;36;29.019;22.08
907;13;37;44.869;8.84
908;13;37;37.491;20.96
909;13;38;13.514;6.47
910;13;38;13.74;23.31
911;13;38;15.938;8.36
912;13;39;27.562;4.93
913;14;15;88.529;9.11
914;14;15;103.84;3.6
915;14;16;46.711;23.16
916;14;17;88.328;12.78
917;14;17;95.072;5.45
918;14;17;105.704;21.62
919;14;18;45.195;9.83
920;14;18;43.505;21.09
921;14;18;35.452;5.16
922;14;19;28.838;5.2
923;14;20;42.406;3.77
924;14;20;40.288;14.24
925;14;21;51.604;1.98
926;14;22;24.134;2.71
927;14;22;28.124;5.06
928;14;23;55.908;4.99
929;14;23;65.53;18.26
930;14;24;47.122;6.99
931;14;25;35.236;22.23
932;14;26;45.875;12.73
933;14;26;44.616;14.58
934;14;27;60.227;14.62
935;14;28;25.655;0.01
936;14;29;40.323;2.71
937;14;29;43.639;13.59
938;14;30;43.814;13.54
939;14;30;40.006;14.18
940;14;30;38.471;0.95
941;14;31;42.68;8.9
942;14;32;48.924;0.53
943;14;33;51.304;8.05
944;14;34;41.633;16.97
945;14;34;49.332;22.02
946;14;35;24.021;10.86
947;14;35;29.035;17.14
948;14;35;26.982;23.49
949;14;36;53.895;11.67
950;14;36;62.423;18.61
951;14;37;70.128;1.27
952;14;38;37.429;7.1
953;14;39;49.508;13.94
954;15;16;100.386;17.44
955;15;17;8.891;23.56
956;15;17;8.634;9.1
957;15;17;9.293;12.58
958;15;18;62.439;7.23
959;15;18;77.023;4.69
960;15;19;81.254;22.06
961;15;20;72.753;3.93
962;15;20;80.91;1.92
963;15;20;84.831;22.07
964;15;21;71.28;19.38
965;15;21;82.451;15.32
966;15;22;75.007;13.7
967;15;22;81.238;19.24
968;15;22;88.343;3.81
969;15;23;47.692;9.22
970;15;23;46.223;5.57
971;15;23;41.57;15.05
972;15;24;61.364;15.72
973;15;24;47.214;11.9
974;15;25;66.786;23.45
975;15;25;80.684;4.15
976;15;25;77.628;20.53
977;15;26;61.891;16.39
978;15;26;71.103;1.09
979;15;27;65.31;13.78
980;15;27;69.031;17.36
981;15;28;68.917;17.6
982;15;29;64.018;9.58
983;15;30;75.858;23.1
984;15;31;100.892;12.89
985;15;31;77.725;9.23
986;15;32;57.363;8.41
987;15;32;43.524;19.94
988;15;33;58.401;0.65
989;15;34;70.801;9.55
990;15;34;85.395;6.17
991;15;35;68.043;2.04
992;15;36;73.727;21.06
993;15;37;27.216;5.64
994;15;37;23.153;24.04
995;15;38;54.228;2.39
996;15;39;79.572;2.78
997;16;17;104.258;21.11
998;16;18;83.972;6.6
999;16;18;82.54;13.46
1000;16;18;82.793;21.78
1001;16;19;23.616;5.98
1002;16;19;29.471;1.67
1003;16;19;27.709;19.48
1004;16;20;85.017;17.43
1005;16;21;93.521;2.3
1006;16;22;66.937;11.23
1007;16;22;54.7;15.84
1008;16;22;73.989;12.08
1009;16;23;88.556;5.79
1010;16;23;81.301;15.79
1011;16;23;107.28;16.29
1012;16;24;85.535;2.87
1013;16;24;104.203;16.32
1014;16;24;76.977;13.83
1015;16;25;75.189;5.0
1016;16;25;65.539;17.33
1017;16;26;84.45;8.26
1018;16;26;89.347;17.65
1019;16;27;99.932;21.74
1020;16;27;122.276;16.67
1021;16;27;87.914;11.54
1022;16;28;64.881;15.56
1023;16;28;61.26;22.09
1024;16;29;79.454;3.1
1025;16;29;82.442;18.18
1026;16;29;97.346;18.0
1027;16;30;87.307;23.48
1028;16;31;89.327;20.87
1029;16;31;107.249;6.49
1030;16;31;69.842;17.75
1031;16;32;85.65;8.55
1032;16;33;88.638;23.04
1033;16;34;29.586;21.86
1034;16;35;61.618;23.62
1035;16;35;59.87;13.01
1036;16;35;53.3;5.12
1037;16;36;96.388;7.47
1038;16;36;99.976;1.66
1039;16;37;93.798;2.79
1040;16;37;82.21;22.83
1041;16;38;68.519;12.1
1042;16;38;81.112;1.57
1043;16;38;65.665;13.24
1044;16;39;93.673;3.56
1045;16;39;107.162;17.22
1046;16;39;106.007;15.78
1047;17;18;58.09;8.3
1048;17;18;54.465;21.13
1049;17;18;54.252;13.16
1050;17;19;83.961;7.4
1051;17;19;90.187;2.13
1052;17;19;102.643;20.08
1053;17;20;68.379;7.29
1054;17;21;65.94;15.91
1055;17;21;80.712;13.43
1056;17;21;79.537;3.95
1057;17;22;72.712;4.81
1058;17;22;77.01;0.85
1059;17;22;59.381;19.35
1060;17;23;42.748;20.05
1061;17;23;46.469;9.1
1062;17;24;56.809;6.27
1063;17;24;46.207;17.49
1064;17;24;48.985;22.0
1065;17;25;63.55;8.48
1066;17;26;57.478;10.31
1067;17;26;47.829;23.34
1068;17;27;59.115;21.84
1069;17;27;50.865;5.44
1070;17;28;66.963;1.97
1071;17;29;60.251;2.97
1072;17;29;49.684;13.36
1073;17;29;55.068;22.36
1074;17;30;71.292;5.89
1075;17;30;55.96;16.34
1076;17;31;96.875;5.96
1077;17;31;92.208;5.98
1078;17;31;87.902;13.88
1079;17;32;52.787;22.11
1080;17;32;40.71;3.49
1081;17;33;53.424;1.76
1082;17;33;52.421;23.2
1083;17;34;74.772;7.03
1084;17;34;56.372;11.05
1085;17;34;70.749;1.29
1086;17;35;66.54;23.91
1087;17;35;73.498;16.46
1088;17;35;58.204;9.26
1089;17;36;68.151;16.25
1090;17;36;52.775;22.67
1091;17;36;51.95;6.71
1092;17;37;21.887;11.64
1093;17;37;18.258;5.74
1094;17;38;52.388;20.22
1095;17;39;74.442;3.13
1096;17;39;62.417;10.89
1097;18;19;60.572;22.2
1098;18;19;55.828;11.44
1099;18;19;62.153;15.99
1100;18;20;10.322;1.46
1101;18;20;12.371;0.69
1102;18;21;11.952;16.68
1103;18;21;14.841;6.97
1104;18;22;21.505;19.25
1105;18;23;15.628;8.85
1106;18;23;15.187;4.33
1107;18;24;1.983;16.25
1108;18;24;2.134;18.61
1109;18;25;9.969;10.49
1110;18;26;0.76;6.84
1111;18;26;0.723;9.0
1112;18;27;15.964;7.68
1113;18;27;13.737;17.48
1114;18;28;20.0;23.88
1115;18;29;4.879;18.69
1116;18;29;3.674;16.13
1117;18;29;5.887;16.64
1118;18;30;13.464;0.19
1119;18;31;38.807;11.83
1120;18;31;29.82;21.94
1121;18;32;5.468;9.1
1122;18;33;6.494;13.51
1123;18;34;63.257;18.83
1124;18;35;22.745;21.54
1125;18;36;15.254;23.57
1126;18;37;36.234;22.23
1127;18;37;33.451;8.83
1128;18;37;38.465;8.8
1129;18;38;18.455;7.92
1130;18;38;21.2;17.34
1131;18;39;18.196;24.68
1132;18;39;21.315;4.06
1133;19;20;62.303;16.14
1134;19;20;68.928;22.08
1135;19;20;72.752;15.44
1136;19;21;70.506;16.98
1137;19;21;57.847;15.83
1138;19;21;85.767;20.41
1139;19;22;44.819;19.28
1140;19;22;53.316;22.81
1141;19;22;45.755;7.46
1142;19;23;64.996;2.41
1143;19;23;76.936;12.23
1144;19;24;62.083;7.06
1145;19;24;70.841;8.02
1146;19;25;52.091;19.98
1147;19;25;47.292;2.19
1148;19;26;61.024;14.24
1149;19;26;76.042;20.81
1150;19;26;73.257;21.98
1151;19;27;76.504;18.49
1152;19;28;41.967;19.4
1153;19;28;39.124;23.34
1154;19;29;56.153;15.73
1155;19;29;50.302;4.78
1156;19;29;59.862;0.16
1157;19;30;64.83;21.85
1158;19;30;55.927;10.88
1159;19;30;59.602;9.89
1160;19;31;70.48;24.53
1161;19;32;62.08;17.85
1162;19;32;62.907;2.3
1163;19;32;64.467;16.36
1164;19;33;65.084;11.62
1165;19;33;66.143;10.96
1166;19;33;80.818;24.47
1167;19;34;15.436;14.85
1168;19;34;14.016;9.02
1169;19;35;38.57;2.27
1170;19;35;45.323;19.16
1171;19;36;73.478;21.87
1172;19;37;71.407;15.96
1173;19;37;62.184;20.1
1174;19;38;44.909;4.28
1175;19;38;39.007;10.04
1176;19;39;71.35;15.56
1177;20;21;9.237;16.74
1178;20;21;10.842;6.29
1179;20;21;9.047;18.27
1180;20;22;18.528;15.01
1181;20;22;22.296;0.3
1182;20;22;17.587;15.76
1183;20;23;25.756;1.33
1184;20;23;31.626;13.48
1185;20;23;28.31;14.59
1186;20;24;11.6;7.35
1187;20;24;14.341;10.11
1188;20;25;11.015;9.3
1189;20;26;10.906;18.84
1190;20;26;11.042;8.72
1191;20;26;9.357;20.36
1192;20;27;18.896;0.7
1193;20;27;15.185;15.7
1194;20;27;15.261;12.4
1195;20;28;20.363;22.23
1196;20;29;9.857;23.84
1197;20;29;8.488;21.85
1198;20;30;3.511;15.13
1199;20;31;28.603;23.29
1200;20;31;35.561;24.26
1201;20;32;15.606;2.64
1202;20;33;15.512;24.98
1203;20;33;18.177;2.83
1204;20;33;16.019;16.11
1205;20;34;67.324;19.88
1206;20;34;63.56;3.35
1207;20;35;23.842;5.02
1208;20;35;22.378;22.08
1209;20;35;19.994;6.26
1210;20;36;11.562;18.92
1211;20;37;46.506;12.29
1212;20;37;48.366;9.66
1213;20;38;25.458;16.21
1214;20;38;26.587;12.25
1215;20;39;9.829;8.56
1216;21;22;27.607;20.92
1217;21;23;23.636;7.56
1218;21;23;20.367;4.5
1219;21;24;11.693;5.94
1220;21;24;11.082;1.85
1221;21;25;18.422;3.96
1222;21;25;21.798;14.18
1223;21;25;21.516;7.56
1224;21;26;11.984;16.72
1225;21;26;10.25;2.64
1226;21;27;10.457;5.51
1227;21;27;12.659;14.82
1228;21;27;11.674;20.62
1229;21;28;28.64;15.0
1230;21;28;28.134;2.79
1231;21;28;26.48;21.27
1232;21;29;14.945;6.73
1233;21;30;8.953;15.9
1234;21;30;8.297;14.05
1235;21;31;33.563;1.96
1236;21;31;39.271;2.5
1237;21;31;37.395;10.48
1238;21;32;14.979;24.96
1239;21;33;13.091;9.27
1240;21;33;15.798;6.19
1241;21;34;74.426;10.45
1242;21;34;71.362;19.7
1243;21;35;31.95;0.13
1244;21;35;30.846;11.14
1245;21;35;32.835;1.88
1246;21;36;3.31;10.19
1247;21;36;3.167;2.09
1248;21;37;44.226;4.29
1249;21;38;30.3;7.36
1250;21;39;8.671;4.82
1251;21;39;6.738;12.38
1252;22;23;34.368;19.07
1253;22;23;36.071;13.41
1254;22;23;41.446;2.7
1255;22;24;23.479;12.13
1256;22;25;11.648;4.35
1257;22;25;10.777;3.58
1258;22;26;22.227;24.35
1259;22;26;19.996;7.3
1260;22;27;36.11;17.68
1261;22;28;6.556;17.19
1262;22;28;6.01;5.42
1263;22;28;5.201;20.7
1264;22;29;16.748;15.68
1265;22;29;19.475;10.53
1266;22;30;20.445;20.18
1267;22;31;30.687;9.93
1268;22;32;25.88;10.91
1269;22;32;31.377;24.48
1270;22;33;27.876;14.99
1271;22;33;24.929;14.96
1272;22;34;51.946;9.38
1273;22;34;53.914;9.16
1274;22;34;50.034;23.08
1275;22;35;9.199;10.15
1276;22;36;30.089;4.68
1277;22;37;52.081;17.17
1278;22;38;20.863;7.77
1279;22;38;18.961;10.48
1280;22;38;21.657;15.01
1281;22;39;26.736;18.19
1282;22;39;23.061;19.05
1283;23;24;14.157;11.95
1284;23;24;11.114;10.21
1285;23;24;12.588;15.25
1286;23;25;23.195;3.66
1287;23;25;24.065;11.63
1288;23;26;14.954;19.77
1289;23;26;12.049;9.12
1290;23;26;13.94;4.55
1291;23;27;19.544;4.67
1292;23;27;18.532;24.62
1293;23;27;22.939;0.12
1294;23;28;30.495;5.92
1295;23;28;29.254;11.54
1296;23;28;34.986;10.11
1297;23;29;18.772;13.09
1298;23;30;28.563;7.77
1299;23;31;54.354;0.5
1300;23;31;67.7;12.44
1301;23;32;10.181;19.38
1302;23;32;10.37;15.88
1303;23;32;12.503;22.39
1304;23;33;10.724;18.03
1305;23;33;12.426;15.06
1306;23;34;63.918;23.16
1307;23;35;31.901;4.72
1308;23;36;26.25;23.75
1309;23;36;22.35;7.31
1310;23;36;24.196;3.22
1311;23;37;20.867;20.78
1312;23;38;20.283;17.32
1313;23;38;16.348;24.83
1314;23;39;31.884;4.59
1315;23;39;36.299;5.33
1316;23;39;37.937;4.2
1317;24;25;11.916;0.44
1318;24;25;12.874;2.77
1319;24;25;10.904;13.85
1320;24;26;1.253;13.79
1321;24;27;14.427;16.29
1322;24;27;14.308;15.01
1323;24;27;11.43;16.75
1324;24;28;21.837;18.6
1325;24;28;20.129;5.56
1326;24;28;26.968;4.05
1327;24;29;6.801;23.15
1328;24;29;6.914;3.3
1329;24;30;14.514;2.21
1330;24;31;40.197;6.52
1331;24;32;4.023;16.1
1332;24;32;3.625;15.22
1333;24;32;4.408;15.84
1334;24;33;4.534;22.91
1335;24;33;4.143;11.35
1336;24;34;64.413;20.36
1337;24;34;72.079;21.37
1338;24;35;24.494;9.89
1339;24;36;14.928;7.14
1340;24;37;34.926;20.85
1341;24;37;42.772;0.34
1342;24;38;19.289;1.93
1343;24;39;18.686;14.41
1344;24;39;21.519;10.25
1345;24;39;19.96;3.83
1346;25;26;10.664;2.05
1347;25;26;10.198;18.07
1348;25;27;25.351;0.31
1349;25;28;10.416;15.74
1350;25;28;12.765;24.22
1351;25;28;7.868;0.92
1352;25;29;5.126;9.05
1353;25;30;14.274;1.0
1354;25;31;34.629;19.42
1355;25;32;14.254;22.56
1356;25;33;16.247;8.98
1357;25;33;17.471;7.5
1358;25;33;18.793;21.16
1359;25;34;56.41;3.39
1360;25;34;50.337;14.16
1361;25;35;13.572;11.08
1362;25;36;21.46;4.78
1363;25;37;42.199;7.0
1364;25;37;43.577;3.76
1365;25;37;43.683;10.13
1366;25;38;15.322;14.94
1367;25;38;12.518;7.3
1368;25;38;11.634;9.53
1369;25;39;20.827;8.21
1370;25;39;16.739;3.57
1371;26;27;15.483;14.27
1372;26;27;13.701;12.02
1373;26;27;14.077;21.64
1374;26;28;20.62;2.14
1375;26;28;19.158;12.29
1376;26;28;16.117;9.83
1377;26;29;5.552;6.61
1378;26;29;4.905;20.16
1379;26;29;4.661;5.53
1380;26;30;13.977;13.38
1381;26;30;13.323;17.99
1382;26;31;39.442;6.51
1383;26;31;44.131;7.95
1384;26;32;4.777;7.7
1385;26;33;5.739;3.38
1386;26;34;63.546;22.18
1387;26;34;54.337;17.06
1388;26;34;68.874;21.99
1389;26;35;23.314;12.51
1390;26;35;18.509;4.47
1391;26;35;22.701;21.17
1392;26;36;15.269;18.46
1393;26;36;16.048;10.45
1394;26;36;15.72;14.27
1395;26;37;35.612;4.97
1396;26;37;33.346;10.76
1397;26;37;44.433;16.56
1398;26;38;18.593;20.3
1399;26;38;18.555;15.3
1400;26;38;19.091;20.62
1401;26;39;18.52;8.58
1402;26;39;14.308;5.84
1403;26;39;16.914;14.24
1404;27;28;35.714;12.1
1405;27;29;20.617;12.16
1406;27;29;16.041;1.89
1407;27;30;19.327;19.03
1408;27;30;19.964;22.58
1409;27;31;43.638;1.42
1410;27;31;44.297;14.98
1411;27;32;15.226;24.29
1412;27;32;16.963;8.53
1413;27;32;11.644;10.54
1414;27;33;12.165;2.92
1415;27;33;11.201;0.82
1416;27;34;78.579;10.29
1417;27;35;38.629;1.69
1418;27;36;10.697;9.7
1419;27;37;38.132;3.33
1420;27;37;41.906;21.76
1421;27;37;37.115;16.92
1422;27;38;33.169;11.26
1423;27;38;26.486;17.21
1424;27;39;18.315;2.87
1425;28;29;15.161;9.0
1426;28;29;18.325;21.99
1427;28;29;16.38;3.04
1428;28;30;23.066;12.79
1429;28;31;36.992;5.52
1430;28;31;45.036;3.11
1431;28;32;23.312;10.87
1432;28;32;21.3;23.86
1433;28;33;25.811;1.65
1434;28;33;27.111;8.47
1435;28;33;22.631;3.0
1436;28;34;47.454;21.63
1437;28;35;3.558;4.57
1438;28;35;3.338;12.27
1439;28;35;3.88;1.34
1440;28;36;31.539;4.63
1441;28;37;46.809;23.09
1442;28;37;56.106;19.62
1443;28;37;41.821;16.0
1444;28;38;14.692;8.3
1445;28;38;14.642;4.09
1446;28;39;29.69;11.59
1447;28;39;30.761;2.57
1448;29;30;13.365;15.85
1449;29;31;36.879;5.81
1450;29;31;32.642;22.61
1451;29;32;9.29;22.03
1452;29;32;11.117;8.8
1453;29;33;11.129;6.25
1454;29;34;59.499;18.03
1455;29;34;46.428;13.45
1456;29;34;72.835;3.24
1457;29;35;18.012;1.83
1458;29;35;21.448;15.16
1459;29;36;18.193;8.44
1460;29;36;20.178;1.69
1461;29;37;38.597;6.74
1462;29;37;47.834;23.07
1463;29;37;33.542;20.0
1464;29;38;15.85;4.59
1465;29;38;16.176;18.89
1466;29;38;15.569;21.85
1467;29;39;19.29;19.73
1468;29;39;18.248;10.47
1469;29;39;22.187;2.2
1470;30;31;26.038;24.63
1471;30;32;18.534;20.7
1472;30;32;21.157;23.94
1473;30;32;14.823;16.44
1474;30;33;18.039;18.24
1475;30;33;16.436;18.13
1476;30;34;70.322;3.32
1477;30;34;53.061;20.17
1478;30;35;26.6;18.61
1479;30;35;26.131;5.28
1480;30;36;10.342;22.24
1481;30;36;9.03;1.21
1482;30;37;49.405;5.1
1483;30;37;56.23;16.83
1484;30;37;47.008;4.11
1485;30;38;28.942;22.08
1486;30;39;6.651;20.16
1487;30;39;5.619;17.91
1488;30;39;7.915;10.07
1489;31;32;44.188;16.44
1490;31;32;52.072;19.04
1491;31;33;44.025;22.25
1492;31;34;80.577;3.9
1493;31;34;92.881;10.44
1494;31;35;39.886;19.1
1495;31;35;37.376;9.27
1496;31;36;32.982;1.0
1497;31;37;75.039;5.17
1498;31;38;49.387;7.16
1499;31;38;39.81;18.0
1500;31;38;61.551;6.01
1501;31;39;25.336;10.53
1502;31;39;29.85;17.79
1503;32;33;3.09;6.34
1504;32;33;2.353;19.95
1505;32;34;63.438;16.23
1506;32;34;72.206;5.56
1507;32;34;57.285;15.86
1508;32;35;25.556;21.82
1509;32;35;27.644;22.84
1510;32;35;21.751;2.89
1511;32;36;18.056;14.02
1512;32;36;22.024;8.8
1513;32;36;18.268;11.6
1514;32;37;30.906;4.14
1515;32;37;32.96;8.51
1516;32;37;24.016;8.9
1517;32;38;17.99;4.86
1518;32;39;22.496;2.11
1519;33;34;66.528;7.1
1520;33;34;54.216;8.72
1521;33;35;28.231;23.6
1522;33;36;15.946;20.69
1523;33;36;15.755;23.58
1524;33;36;18.412;0.68
1525;33;37;31.563;14.31
1526;33;37;31.243;0.67
1527;33;38;21.079;15.04
1528;33;38;17.959;16.76
1529;33;38;23.574;11.53
1530;33;39;21.172;1.89
1531;34;35;43.898;18.05
1532;34;35;35.849;20.37
1533;34;36;77.629;14.17
1534;34;36;59.304;11.6
1535;34;36;66.535;9.98
1536;34;37;65.697;14.27
1537;34;38;45.45;21.01
1538;34;38;47.168;15.05
1539;34;38;36.356;17.45
1540;34;39;76.973;4.01
1541;34;39;64.969;22.42
1542;34;39;60.3;23.34
1543;35;36;34.908;6.23
1544;35;36;33.249;7.45
1545;35;37;46.969;17.81
1546;35;38;14.211;18.95
1547;35;38;12.996;6.49
1548;35;38;17.22;8.65
1549;35;39;33.232;17.26
1550;35;39;33.763;15.99
1551;36;37;46.577;10.01
1552;36;37;44.58;1.43
1553;36;38;33.609;23.44
1554;36;38;40.635;16.38
1555;36;38;34.171;9.4
1556;36;39;7.648;20.63
1557;36;39;8.039;15.5
1558;36;39;7.148;20.18
1559;37;38;32.85;23.97
1560;37;39;52.651;0.34
1561;37;39;43.028;6.82
1562;37;39;42.583;22.78
1563;38;39;35.108;20.97
1564;38;39;32.337;17.83
