VERTEX_COUNT 40
PATH_COUNT 1
BUDGET 420
<------------ VERTICES ------------>
0;START;41.374834;2.170055;0.0;0.0
1;Museu Nacional d’Art de Catalunya;41.36882;2.153347;45.0;100.0
2;Museu d’Història de Catalunya - MHC;41.380852;2.185799;45.0;83.05
3;Museu Picasso;41.385181;2.180863;45.0;76.03
4;Galeria d’Art Mar Grup Escolà;41.392349;2.167836;45.0;70.17
5;Parc de la Ciutadella;41.389248;2.186548;45.0;67.59
6;Anella Olímpica(Olympic Park);41.364778;2.152575;45.0;66.75
7;Basilica of Sants Just i Pastor;41.382812;2.178195;45.0;65.35
8;Parc de Diagonal Mar;41.407215;2.214539;45.0;65.35
9;Avinguda d’Icària;41.391556;2.197416;45.0;65.3
10;Basilica of the Sagrada Família;41.403568;2.174435;45.0;64.89
11;Museu Palmero;41.424667;2.139856;45.0;63.96
12;Museu Frederic Marès;41.384178;2.176819;45.0;62.95
13;Platja de la Nova Mar Bella;41.40205;2.21529;45.0;61.78
14;L’Aquàrium;41.376625;2.184117;45.0;60.05
15;Palau Güell;41.378864;2.174117;45.0;59.7
16;Passeig de Gràcia;41.390739;2.166672;45.0;58.79
17;Museu d’Història de Barcelona;41.384144;2.177409;45.0;56.84
18;Poble Espanyol;41.368679;2.147031;45.0;55.79
19;Montjuïc Castle;41.363823;2.167096;45.0;55.52
20;90th Jean Bouin;41.373077;2.150465;45.0;55.4
21;La Colmena;41.383835;2.178294;45.0;55.0
22;La Pedrera (Casa Milà);41.395271;2.161785;45.0;54.84
23;Museu de la Moto ;41.383327;2.174488;45.0;54.34
24;Plaça del Rei;41.384144;2.177409;45.0;54.18
25;Antic Hospital de la Santa Creu;41.380573;2.170374;45.0;53.87
26;El Born Centre Cultural;41.385818;2.183785;45.0;52.42
27;Rambla del Raval;41.378681;2.169317;45.0;52.34
28;Platja de la Barceloneta;41.379158;2.192717;45.0;52.26
29;Santa Eulàlia small schooner;41.376385;2.179861;45.0;51.92
30;Turó de la Rovira viewing point;41.419388;2.161812;45.0;51.64
31;Casa Martí, Els Quatre Gats ;41.385775;2.173671;45.0;50.65
32;Royal Dockyards Museu Marítim ;41.375286;2.17598;45.0;50.65
33;Plaça de Catalunya;41.387005;2.17003;45.0;50.5
34;Botanical Garden;41.364746;2.159382;45.0;50.25
35;Museu Blau - Fòrum Building;41.41124;2.220333;45.0;50.04
36;Museu d’Art Contemporani de Barcelona (MACBA);41.382809;2.166729;45.0;49.54
37;Poblenou Cemetery;41.394859;2.201189;45.0;49.06
38;Parc de la Creueta del Coll;41.41935;2.146432;45.0;48.97
39;FINISH;41.374834;2.170055;0.0;0.0
<------------- EDGES -------------->
0;0;1;23.796;20.94
1;0;1;23.131;5.59
2;0;1;26.541;8.87
3;0;2;22.688;10.82
4;0;3;22.496;16.7
5;0;4;30.107;5.97
6;0;4;35.665;6.82
7;0;5;32.509;9.19
8;0;6;28.285;17.18
9;0;6;25.773;17.81
10;0;7;17.194;19.63
11;0;7;19.256;14.46
12;0;7;20.088;1.77
13;0;8;79.572;5.56
14;0;8;74.769;6.46
15;0;8;94.439;5.88
16;0;9;45.309;17.55
17;0;10;49.491;3.17
18;0;10;38.809;2.19
19;0;11;93.673;7.88
20;0;11;111.119;4.84
21;0;11;99.21;9.34
22;0;12;18.196;13.28
23;0;12;16.335;22.32
24;0;13;74.442;17.81
25;0;14;18.315;9.16
26;0;14;19.994;4.93
27;0;14;13.872;4.23
28;0;15;8.647;6.19
29;0;16;27.562;15.37
30;0;16;22.003;19.83
31;0;16;22.312;24.3
32;0;17;18.52;5.55
33;0;17;19.918;22.18
34;0;18;31.387;21.5
35;0;18;32.668;13.4
36;0;18;37.726;0.46
37;0;19;19.222;12.31
38;0;19;23.729;9.85
39;0;20;25.336;8.07
40;0;20;31.153;5.25
41;0;21;18.686;24.31
42;0;21;22.128;7.98
43;0;21;21.727;21.74
44;0;22;36.549;11.72
45;0;22;39.784;12.74
46;0;22;32.848;15.95
47;0;23;15.608;5.95
48;0;23;11.869;1.63
49;0;23;15.206;22.85
50;0;24;18.52;17.88
51;0;24;14.904;8.01
52;0;25;9.829;15.99
53;0;25;10.897;6.46
54;0;25;11.33;23.79
55;0;26;25.77;0.09
56;0;26;19.42;14.07
57;0;27;6.651;23.04
58;0;27;5.75;12.15
59;0;28;30.026;18.46
60;0;28;35.696;5.23
61;0;29;12.868;21.26
62;0;29;14.082;24.3
63;0;29;13.747;17.97
64;0;30;76.973;15.27
65;0;30;75.43;0.11
66;0;30;66.373;21.47
67;0;31;19.29;21.83
68;0;31;22.66;8.12
69;0;31;22.014;2.4
70;0;32;7.648;12.07
71;0;32;8.198;14.28
72;0;32;6.757;16.92
73;0;33;20.827;11.23
74;0;33;21.161;9.21
75;0;34;22.042;7.56
76;0;34;17.874;20.37
77;0;35;89.706;22.77
78;0;36;14.3;8.92
79;0;36;11.329;6.23
80;0;37;52.651;3.87
81;0;37;53.837;22.49
82;0;38;81.991;22.31
83;0;38;85.069;6.36
84;0;38;101.093;24.06
85;0;39;0.0;9.03
86;0;39;0.0;9.01
87;1;2;46.481;5.08
88;1;2;53.868;24.13
89;1;3;45.08;17.88
90;1;4;44.354;18.12
91;1;5;55.131;5.96
92;1;6;6.988;5.35
93;1;6;7.794;11.59
94;1;6;8.22;12.83
95;1;7;39.892;21.17
96;1;7;33.404;20.66
97;1;7;44.811;11.65
98;1;8;102.414;13.37
99;1;8;78.31;13.94
100;1;9;68.67;12.55
101;1;10;65.336;6.31
102;1;10;79.288;16.5
103;1;11;97.123;8.7
104;1;11;116.128;18.38
105;1;11;94.782;13.67
106;1;12;39.989;15.76
107;1;12;33.375;3.91
108;1;13;97.767;6.72
109;1;13;80.014;15.45
110;1;14;41.71;15.24
111;1;14;47.266;8.12
112;1;14;42.703;13.35
113;1;15;31.73;4.98
114;1;15;29.611;2.62
115;1;16;41.226;4.96
116;1;17;40.525;20.47
117;1;17;45.926;22.53
118;1;17;45.833;24.85
119;1;18;8.115;9.04
120;1;19;19.619;5.06
121;1;19;15.95;18.1
122;1;20;8.171;11.28
123;1;20;8.042;23.81
124;1;21;41.065;18.02
125;1;21;31.588;21.22
126;1;21;36.091;23.04
127;1;22;46.542;11.28
128;1;23;36.786;6.99
129;1;24;40.525;8.8
130;1;24;38.62;7.7
131;1;25;29.708;13.07
132;1;26;48.72;3.58
133;1;26;42.403;23.14
134;1;26;59.893;3.6
135;1;27;26.558;24.76
136;1;28;53.562;24.1
137;1;28;48.994;8.71
138;1;28;53.721;7.24
139;1;29;36.426;9.92
140;1;29;33.386;23.34
141;1;30;87.213;20.21
142;1;30;66.013;12.63
143;1;31;39.024;5.62
144;1;32;31.099;23.62
145;1;33;37.779;14.18
146;1;34;10.425;7.93
147;1;35;112.538;10.31
148;1;36;29.467;24.2
149;1;37;75.887;19.46
150;1;37;91.273;3.47
151;1;38;86.923;7.4
152;1;38;107.034;18.61
153;1;39;23.796;5.83
154;1;39;26.495;16.04
155;1;39;20.658;15.09
156;2;3;9.749;6.31
157;2;3;10.557;12.2
158;2;3;9.962;14.71
159;2;4;30.314;11.1
160;2;4;23.401;3.55
161;2;4;26.502;13.0
162;2;5;14.4;18.14
163;2;5;13.336;9.43
164;2;5;15.312;10.38
165;2;6;50.763;2.75
166;2;6;40.045;12.79
167;2;7;10.323;13.68
168;2;8;58.279;5.61
169;2;8;49.875;19.84
170;2;8;56.187;17.83
171;2;9;23.621;13.16
172;2;9;24.873;17.55
173;2;9;19.663;15.27
174;2;10;41.52;20.24
175;2;10;41.328;18.57
176;2;11;95.389;6.21
177;2;11;112.024;4.72
178;2;11;83.168;15.68
179;2;12;12.858;24.53
180;2;13;52.433;22.38
181;2;13;47.78;11.4
182;2;14;7.549;9.89
183;2;14;8.062;20.27
184;2;14;8.672;10.18
185;2;15;15.381;4.16
186;2;16;29.821;5.73
187;2;17;12.156;9.17
188;2;18;53.965;18.32
189;2;18;52.166;19.37
190;2;19;37.763;18.99
191;2;19;46.909;14.76
192;2;19;37.762;7.93
193;2;20;47.282;22.58
194;2;20;37.375;5.39
195;2;20;42.902;17.04
196;2;21;10.905;24.76
197;2;22;39.488;20.88
198;2;22;38.46;3.06
199;2;22;30.705;5.5
200;2;23;15.128;18.95
201;2;23;17.754;18.67
202;2;23;13.957;1.51
203;2;24;12.156;22.51
204;2;24;9.984;1.51
205;2;24;10.258;24.01
206;2;25;19.811;10.72
207;2;26;8.883;3.7
208;2;26;8.615;14.16
209;2;26;8.858;10.15
210;2;27;21.487;24.23
211;2;28;9.344;0.72
212;2;28;9.472;17.03
213;2;29;10.797;13.01
214;2;29;10.779;0.01
215;2;29;9.511;6.28
216;2;30;72.778;10.03
217;2;30;90.708;18.49
218;2;31;17.705;7.89
219;2;32;15.801;5.17
220;2;32;15.997;1.31
221;2;32;11.975;4.59
222;2;33;22.821;6.15
223;2;33;17.234;19.89
224;2;33;26.294;21.95
225;2;34;43.708;2.19
226;2;34;45.555;0.92
227;2;34;54.491;24.92
228;2;35;68.332;16.54
229;2;35;54.555;13.39
230;2;36;24.713;20.36
231;2;36;23.889;13.81
232;2;36;30.176;14.28
233;2;37;31.063;19.74
234;2;37;31.014;8.67
235;2;37;31.724;6.73
236;2;38;83.027;23.15
237;2;38;80.325;24.95
238;2;38;103.289;2.52
239;2;39;22.688;13.84
240;2;39;24.556;3.07
241;2;39;19.105;5.6
242;3;4;20.74;10.99
243;3;5;10.085;7.99
244;3;6;50.384;24.59
245;3;6;53.867;24.62
246;3;6;41.482;23.76
247;3;7;5.307;22.95
248;3;7;6.134;16.13
249;3;7;5.599;9.83
250;3;8;57.363;19.93
251;3;8;49.624;9.86
252;3;8;43.643;13.14
253;3;9;23.888;19.93
254;3;9;25.023;18.38
255;3;9;28.38;2.64
256;3;10;32.528;22.19
257;3;11;85.65;5.82
258;3;11;82.079;7.27
259;3;11;64.24;23.59
260;3;12;5.468;23.61
261;3;13;52.787;10.92
262;3;14;15.226;7.43
263;3;15;13.852;21.17
264;3;15;16.329;2.49
265;3;16;20.552;1.11
266;3;17;4.777;2.97
267;3;17;3.794;17.83
268;3;18;51.814;0.71
269;3;18;57.595;22.13
270;3;19;40.599;15.18
271;3;19;47.981;4.69
272;3;20;44.188;16.47
273;3;20;41.0;15.34
274;3;21;4.023;17.55
275;3;22;29.967;2.56
276;3;22;24.7;1.34
277;3;22;29.739;24.27
278;3;23;8.778;22.68
279;3;24;4.777;5.56
280;3;24;5.608;0.84
281;3;25;15.606;11.17
282;3;25;12.891;20.0
283;3;25;18.238;22.38
284;3;26;3.907;23.76
285;3;26;3.158;23.13
286;3;26;4.054;6.99
287;3;27;18.534;9.35
288;3;28;18.382;16.74
289;3;28;16.052;0.23
290;3;28;20.85;5.71
291;3;29;15.107;15.13
292;3;29;14.089;3.39
293;3;30;63.438;0.84
294;3;30;57.254;17.27
295;3;31;9.29;20.33
296;3;31;10.035;7.48
297;3;32;18.056;13.25
298;3;33;14.254;11.48
299;3;34;44.539;23.26
300;3;35;67.495;8.23
301;3;36;18.595;4.58
302;3;36;16.836;21.99
303;3;37;30.906;13.45
304;3;37;28.144;13.05
305;3;38;73.294;11.04
306;3;38;73.897;12.01
307;3;39;22.496;12.86
308;3;39;18.579;14.05
309;4;5;24.601;24.67
310;4;5;25.542;2.33
311;4;5;22.111;2.99
312;4;6;51.088;19.92
313;4;6;46.355;4.47
314;4;6;52.432;20.92
315;4;7;21.053;14.89
316;4;8;65.123;6.59
317;4;8;81.197;13.59
318;4;8;68.291;13.69
319;4;9;37.998;18.1
320;4;10;20.984;12.39
321;4;10;24.265;16.76
322;4;10;19.817;19.55
323;4;11;65.94;19.95
324;4;11;56.849;12.25
325;4;11;70.015;13.37
326;4;12;18.125;4.11
327;4;13;63.137;18.7
328;4;13;67.875;11.73
329;4;13;56.964;18.33
330;4;14;34.073;12.44
331;4;14;37.508;10.63
332;4;15;24.444;7.21
333;4;15;29.509;17.68
334;4;15;18.71;8.7
335;4;16;3.134;24.33
336;4;16;2.874;23.03
337;4;17;18.66;3.9
338;4;18;48.521;1.38
339;4;18;49.493;1.69
340;4;19;48.824;17.38
341;4;20;39.813;9.35
342;4;20;43.605;2.39
343;4;21;19.813;8.61
344;4;22;9.238;22.21
345;4;22;9.527;14.83
346;4;22;8.555;14.73
347;4;23;17.643;16.34
348;4;24;18.66;18.58
349;4;25;20.413;22.94
350;4;25;21.279;2.74
351;4;25;15.553;3.83
352;4;26;23.327;10.03
353;4;27;23.466;18.77
354;4;27;27.325;4.98
355;4;27;18.423;10.77
356;4;28;39.115;17.63
357;4;28;48.322;15.9
358;4;29;31.379;11.93
359;4;29;25.031;21.11
360;4;30;46.911;18.14
361;4;30;39.946;14.53
362;4;31;13.515;9.07
363;4;32;31.014;1.24
364;4;32;34.787;3.0
365;4;33;9.569;19.82
366;4;33;7.968;20.08
367;4;34;48.466;5.01
368;4;35;74.737;15.77
369;4;35;93.04;9.71
370;4;36;16.387;12.29
371;4;36;13.423;7.05
372;4;36;20.278;16.82
373;4;37;43.031;13.04
374;4;37;44.547;0.74
375;4;37;48.384;14.2
376;4;38;53.755;23.98
377;4;39;30.107;13.42
378;4;39;31.842;2.85
379;5;6;60.469;5.1
380;5;6;70.811;10.61
381;5;7;15.372;2.48
382;5;7;18.57;24.4
383;5;8;47.29;8.12
384;5;9;14.501;12.18
385;5;9;16.831;10.17
386;5;9;17.612;3.65
387;5;10;29.022;11.81
388;5;10;30.405;22.91
389;5;10;22.64;16.5
390;5;11;85.235;16.06
391;5;11;96.58;1.71
392;5;12;15.208;17.05
393;5;13;42.91;12.86
394;5;14;21.825;19.34
395;5;14;25.35;4.38
396;5;15;23.885;20.89
397;5;16;25.644;8.18
398;5;16;28.072;13.57
399;5;16;22.312;3.55
400;5;17;14.627;14.81
401;5;17;12.221;7.1
402;5;18;61.754;18.26
403;5;18;62.666;22.65
404;5;18;59.316;14.75
405;5;19;50.168;13.1
406;5;19;43.853;13.34
407;5;19;60.25;23.36
408;5;20;53.966;0.3
409;5;20;65.482;18.07
410;5;21;14.075;18.15
411;5;21;13.231;4.96
412;5;22;33.419;14.11
413;5;22;26.983;3.28
414;5;22;36.819;14.92
415;5;23;18.504;11.04
416;5;23;16.73;19.39
417;5;23;20.981;1.94
418;5;24;14.627;18.91
419;5;24;16.661;4.39
420;5;25;25.526;19.99
421;5;25;24.587;2.68
422;5;26;6.858;7.66
423;5;26;6.693;20.86
424;5;26;6.511;23.03
425;5;27;28.573;20.17
426;5;27;27.016;4.6
427;5;28;18.996;15.02
428;5;29;23.627;12.25
429;5;29;24.869;5.34
430;5;29;25.459;17.91
431;5;30;60.565;17.62
432;5;31;17.568;1.18
433;5;31;20.419;6.01
434;5;31;17.834;4.44
435;5;32;27.476;1.46
436;5;32;33.166;20.5
437;5;33;21.551;19.65
438;5;33;24.918;12.43
439;5;33;22.471;3.96
440;5;34;54.542;10.17
441;5;35;57.419;18.34
442;5;36;27.729;23.27
443;5;36;26.019;17.51
444;5;37;21.106;19.74
445;5;37;24.344;11.14
446;5;37;20.926;15.56
447;5;38;72.833;14.94
448;5;38;76.354;12.05
449;5;38;71.567;24.79
450;5;39;32.509;21.2
451;5;39;34.703;10.8
452;5;39;35.287;12.05
453;6;7;45.108;16.21
454;6;8;107.715;11.47
455;6;8;125.961;9.93
456;6;9;73.587;15.34
457;6;10;72.069;1.26
458;6;10;82.229;13.17
459;6;10;82.19;22.29
460;6;11;103.777;9.09
461;6;11;123.469;13.2
462;6;12;45.512;6.3
463;6;12;47.895;15.56
464;6;13;102.722;14.72
465;6;13;79.302;22.01
466;6;14;45.296;8.78
467;6;14;39.292;22.23
468;6;15;36.692;13.62
469;6;15;44.123;5.81
470;6;15;31.791;0.61
471;6;16;47.972;4.36
472;6;16;56.357;20.94
473;6;16;42.42;12.34
474;6;17;45.992;17.67
475;6;17;42.37;3.51
476;6;17;35.064;2.37
477;6;18;9.76;23.31
478;6;18;10.743;23.64
479;6;19;18.721;18.02
480;6;20;14.458;21.99
481;6;20;14.629;21.85
482;6;21;46.414;20.83
483;6;21;52.835;20.56
484;6;21;48.709;20.4
485;6;22;53.504;7.66
486;6;22;66.729;10.03
487;6;23;42.419;1.28
488;6;23;47.67;15.01
489;6;23;35.514;21.36
490;6;24;45.992;1.15
491;6;24;46.031;3.48
492;6;25;35.398;0.68
493;6;25;39.861;15.02
494;6;26;53.875;16.35
495;6;27;32.067;16.38
496;6;27;35.218;1.01
497;6;27;24.793;10.08
498;6;28;57.121;13.59
499;6;29;40.279;23.54
500;6;30;94.2;13.33
501;6;31;44.999;6.49
502;6;31;50.394;20.16
503;6;32;35.025;13.74
504;6;33;44.149;23.97
505;6;33;33.686;15.61
506;6;34;8.742;10.86
507;6;34;6.843;3.24
508;6;35;117.851;3.09
509;6;35;116.431;13.15
510;6;36;35.811;10.77
511;6;37;80.908;17.61
512;6;37;60.804;19.37
513;6;38;93.718;22.63
514;6;38;87.829;1.69
515;6;39;28.285;14.91
516;6;39;33.217;4.01
517;6;39;29.0;3.46
518;7;8;62.614;16.68
519;7;8;52.942;14.72
520;7;8;50.649;11.27
521;7;9;28.859;2.98
522;7;9;28.97;7.27
523;7;9;23.174;21.4
524;7;10;35.845;11.7
525;7;11;86.899;3.77
526;7;12;2.93;1.17
527;7;12;2.49;22.78
528;7;13;57.892;23.37
529;7;13;72.205;20.39
530;7;14;13.035;24.34
531;7;15;8.547;22.77
532;7;16;20.072;20.13
533;7;17;2.493;7.5
534;7;17;2.219;17.8
535;7;17;2.225;20.73
536;7;18;46.758;17.86
537;7;18;39.405;13.04
538;7;19;35.483;18.44
539;7;19;41.696;10.35
540;7;19;39.884;5.34
541;7;20;39.311;12.96
542;7;21;1.755;0.48
543;7;21;1.68;21.15
544;7;22;29.973;18.15
545;7;23;4.84;2.71
546;7;23;3.749;24.8
547;7;24;2.493;19.11
548;7;25;10.748;7.37
549;7;25;8.355;22.03
550;7;25;8.252;11.36
551;7;26;8.83;6.28
552;7;26;8.908;23.17
553;7;26;10.742;11.41
554;7;27;13.413;9.04
555;7;28;19.667;14.69
556;7;28;18.319;10.46
557;7;29;11.204;7.01
558;7;30;66.028;18.16
559;7;31;7.711;1.94
560;7;31;8.965;21.29
561;7;32;13.189;5.23
562;7;32;14.89;0.99
563;7;33;12.704;2.77
564;7;34;39.235;23.85
565;7;35;72.749;3.51
566;7;36;14.722;22.92
567;7;36;16.522;19.62
568;7;37;36.006;4.8
569;7;37;37.548;8.27
570;7;38;74.643;6.11
571;7;38;91.334;10.69
572;7;39;17.194;2.69
573;7;39;18.622;21.04
574;8;9;34.657;6.35
575;8;10;51.851;13.97
576;8;10;45.689;23.2
577;8;10;53.106;23.06
578;8;11;100.386;3.89
579;8;11;98.443;2.51
580;8;11;102.188;11.25
581;8;12;62.439;8.07
582;8;12;55.155;6.24
583;8;12;60.367;13.28
584;8;13;8.891;24.3
585;8;13;8.883;4.5
586;8;13;9.542;16.85
587;8;14;65.31;23.51
588;8;14;77.053;17.33
589;8;15;71.038;21.29
590;8;15;54.333;2.04
591;8;16;67.603;10.57
592;8;16;68.569;2.63
593;8;17;61.891;13.0
594;8;18;108.905;14.66
595;8;18;83.351;21.67
596;8;18;106.935;3.35
597;8;19;96.041;17.62
598;8;19;101.378;6.83
599;8;19;110.28;17.22
600;8;20;100.892;11.25
601;8;21;61.364;0.77
602;8;21;70.616;1.27
603;8;21;65.6;11.99
604;8;22;70.732;14.84
605;8;23;65.684;23.72
606;8;24;61.891;9.76
607;8;24;56.277;8.48
608;8;24;68.276;0.5
609;8;25;72.753;23.13
610;8;25;70.131;1.85
611;8;26;53.844;0.75
612;8;27;75.858;1.2
613;8;27;71.594;13.44
614;8;27;85.079;8.09
615;8;28;55.587;11.51
616;8;28;60.047;15.86
617;8;28;57.479;11.86
618;8;29;69.031;3.98
619;8;29;67.007;22.77
620;8;29;76.302;17.31
621;8;30;70.801;12.2
622;8;30;80.934;19.05
623;8;31;64.018;1.01
624;8;32;73.727;10.61
625;8;33;66.786;23.54
626;8;34;101.471;15.89
627;8;35;10.136;9.98
628;8;35;12.437;11.86
629;8;36;74.236;3.77
630;8;36;89.589;16.29
631;8;36;76.883;7.8
632;8;37;27.216;15.45
633;8;38;89.838;19.4
634;8;39;79.572;22.28
635;8;39;91.981;9.11
636;9;10;35.955;22.23
637;9;10;29.217;8.56
638;9;11;93.102;17.2
639;9;12;29.303;13.43
640;9;13;29.136;8.52
641;9;14;30.731;13.94
642;9;15;36.967;18.56
643;9;16;39.493;0.52
644;9;16;39.481;21.0
645;9;16;45.3;15.52
646;9;17;28.647;10.39
647;9;17;21.775;24.13
648;9;17;33.603;8.76
649;9;18;75.617;24.31
650;9;18;58.564;15.56
651;9;18;78.057;3.65
652;9;19;61.384;23.84
653;9;19;55.749;8.41
654;9;20;68.074;1.86
655;9;20;53.979;2.42
656;9;21;27.879;16.5
657;9;21;25.783;1.94
658;9;21;21.629;21.63
659;9;22;46.181;17.28
660;9;23;32.631;20.04
661;9;23;28.948;21.39
662;9;23;34.393;4.29
663;9;24;28.647;22.48
664;9;24;31.616;5.65
665;9;24;26.304;16.66
666;9;25;39.479;8.99
667;9;25;49.346;12.41
668;9;26;20.066;18.52
669;9;26;22.082;17.11
670;9;27;42.272;22.62
671;9;27;47.22;23.43
672;9;27;45.505;24.46
673;9;28;22.057;14.52
674;9;28;17.223;14.89
675;9;28;26.852;17.12
676;9;29;34.38;9.56
677;9;29;29.675;15.37
678;9;29;42.582;23.5
679;9;30;66.005;16.52
680;9;31;32.05;21.91
681;9;31;34.613;14.07
682;9;32;39.149;9.01
683;9;33;36.011;8.55
684;9;33;34.353;12.39
685;9;33;38.238;17.12
686;9;34;67.007;21.72
687;9;35;44.72;2.23
688;9;36;42.145;17.02
689;9;36;48.61;1.22
690;9;36;38.025;11.15
691;9;37;7.444;12.56
692;9;37;6.957;18.83
693;9;38;80.897;8.96
694;9;39;45.309;7.15
695;9;39;42.325;9.18
696;9;39;40.716;4.97
697;10;11;57.209;1.35
698;10;11;55.895;16.75
699;10;11;60.401;22.96
700;10;12;33.322;10.37
701;10;12;25.888;1.05
702;10;12;39.273;19.02
703;10;13;52.504;2.1
704;10;13;41.36;22.1
705;10;14;47.752;21.68
706;10;14;49.727;4.05
707;10;14;58.013;10.42
708;10;15;42.276;17.66
709;10;15;39.481;15.01
710;10;15;37.776;15.9
711;10;16;24.109;3.88
712;10;16;21.878;10.44
713;10;16;20.34;12.96
714;10;17;33.457;13.5
715;10;17;41.8;19.51
716;10;17;29.428;15.31
717;10;18;69.299;4.68
718;10;19;68.662;14.19
719;10;20;60.577;14.33
720;10;20;45.715;15.89
721;10;20;69.297;22.33
722;10;21;34.129;7.39
723;10;22;21.57;3.69
724;10;23;34.637;4.93
725;10;23;27.823;21.05
726;10;23;33.54;11.34
727;10;24;33.457;4.59
728;10;24;38.533;21.24
729;10;25;39.694;15.37
730;10;25;33.504;5.1
731;10;26;32.66;5.68
732;10;26;25.298;5.11
733;10;27;43.091;16.62
734;10;27;53.032;4.12
735;10;28;47.913;4.52
736;10;28;52.323;12.77
737;10;29;47.035;5.4
738;10;29;35.44;0.75
739;10;29;38.32;23.6
740;10;30;31.549;8.88
741;10;30;26.115;5.41
742;10;31;30.463;14.71
743;10;31;25.188;8.85
744;10;32;48.438;7.55
745;10;32;49.141;2.14
746;10;32;41.185;22.1
747;10;33;28.902;18.33
748;10;33;34.016;11.18
749;10;33;29.641;15.84
750;10;34;69.188;6.25
751;10;34;59.627;8.46
752;10;34;52.861;18.43
753;10;35;60.354;21.94
754;10;36;36.875;17.4
755;10;36;41.097;15.15
756;10;37;37.436;24.73
757;10;37;28.255;22.02
758;10;37;34.436;1.8
759;10;38;44.955;19.08
760;10;38;51.123;13.14
761;10;38;39.377;8.75
762;10;39;49.491;8.71
763;11;12;83.972;9.13
764;11;13;104.258;0.3
765;11;13;85.031;0.45
766;11;14;99.932;3.02
767;11;15;89.874;24.0
768;11;15;105.025;0.16
769;11;15;69.301;21.85
770;11;16;67.493;10.45
771;11;17;84.45;18.87
772;11;17;77.969;20.4
773;11;18;96.25;8.44
774;11;19;109.833;4.09
775;11;20;89.327;22.92
776;11;20;97.202;13.92
777;11;21;85.535;14.31
778;11;21;80.686;10.27
779;11;21;93.688;4.06
780;11;22;57.641;2.52
781;11;22;68.463;10.15
782;11;22;49.435;23.37
783;11;23;83.549;2.18
784;11;24;84.45;5.76
785;11;24;88.45;24.67
786;11;25;85.017;12.74
787;11;26;87.17;12.52
788;11;26;101.826;13.75
789;11;27;87.307;20.11
790;11;27;101.414;4.48
791;11;27;97.441;24.75
792;11;28;103.288;24.91
793;11;28;78.569;4.91
794;11;28;106.24;17.93
795;11;29;97.279;17.15
796;11;29;85.402;13.09
797;11;30;29.586;22.13
798;11;30;25.871;16.92
799;11;30;26.059;23.8
800;11;31;79.454;20.9
801;11;31;90.715;6.17
802;11;31;93.813;5.63
803;11;32;96.388;8.49
804;11;33;75.189;24.62
805;11;33;70.142;2.13
806;11;34;105.558;22.03
807;11;34;130.354;5.06
808;11;34;103.982;3.89
809;11;35;105.798;9.2
810;11;35;105.347;0.99
811;11;35;116.625;12.15
812;11;36;79.501;19.44
813;11;36;72.958;19.12
814;11;36;97.922;3.32
815;11;37;93.798;9.41
816;11;37;102.612;8.39
817;11;37;91.493;13.98
818;11;38;12.409;23.83
819;11;39;93.673;5.17
820;12;13;58.09;21.85
821;12;13;49.935;24.58
822;12;13;68.04;3.6
823;12;14;15.964;24.38
824;12;15;9.733;20.33
825;12;16;17.198;24.17
826;12;16;16.804;22.37
827;12;17;0.76;15.63
828;12;17;0.762;19.86
829;12;18;46.546;21.99
830;12;19;37.002;13.56
831;12;20;38.807;3.58
832;12;20;41.178;21.95
833;12;20;33.799;0.97
834;12;21;1.983;19.31
835;12;21;2.308;16.99
836;12;21;2.385;2.28
837;12;22;27.071;14.27
838;12;22;25.799;17.64
839;12;23;3.328;15.44
840;12;23;3.043;18.15
841;12;24;0.76;17.56
842;12;25;10.322;24.27
843;12;25;8.901;22.03
844;12;26;9.374;9.22
845;12;27;13.464;9.72
846;12;27;15.827;7.18
847;12;28;22.147;7.01
848;12;28;24.282;2.18
849;12;28;25.359;2.22
850;12;29;13.896;10.62
851;12;30;63.257;15.64
852;12;31;4.879;8.61
853;12;31;4.522;16.0
854;12;31;4.658;24.72
855;12;32;15.254;8.47
856;12;32;18.264;13.96
857;12;33;9.969;24.87
858;12;33;11.936;22.34
859;12;34;40.089;7.8
860;12;35;72.557;10.32
861;12;35;80.335;15.75
862;12;35;72.293;0.43
863;12;36;13.165;8.37
864;12;36;14.737;19.12
865;12;37;36.234;16.51
866;12;37;39.255;4.08
867;12;37;34.438;8.03
868;12;38;71.72;10.14
869;12;38;85.456;8.14
870;12;38;79.645;4.64
871;12;39;18.196;7.48
872;12;39;15.533;0.43
873;12;39;18.122;20.41
874;13;14;59.115;11.19
875;13;14;45.216;4.55
876;13;15;66.092;19.35
877;13;15;69.174;21.42
878;13;15;50.372;10.9
879;13;16;65.343;24.03
880;13;16;55.129;15.56
881;13;17;57.478;3.73
882;13;17;44.333;15.31
883;13;17;56.359;16.02
884;13;18;104.601;6.19
885;13;18;80.424;17.97
886;13;19;90.045;15.24
887;13;20;96.875;24.45
888;13;21;56.809;7.81
889;13;21;44.222;4.63
890;13;21;43.642;10.18
891;13;22;69.654;14.96
892;13;22;75.633;7.02
893;13;22;79.189;1.01
894;13;23;61.402;24.17
895;13;24;57.478;22.36
896;13;25;68.379;2.71
897;13;25;61.142;16.34
898;13;25;83.525;18.44
899;13;26;49.064;5.96
900;13;26;40.325;6.67
901;13;26;60.336;7.26
902;13;27;71.292;12.87
903;13;27;86.369;19.92
904;13;27;85.793;2.92
905;13;28;48.727;21.86
906;13;29;63.227;9.36
907;13;30;74.772;0.05
908;13;31;60.251;9.73
909;13;31;69.812;7.18
910;13;31;46.054;22.44
911;13;32;68.151;1.53
912;13;32;77.02;3.47
913;13;32;79.711;8.09
914;13;33;63.55;2.52
915;13;33;76.946;16.42
916;13;33;68.171;7.67
917;13;34;96.061;1.84
918;13;34;106.328;12.35
919;13;35;17.006;24.45
920;13;35;16.065;5.75
921;13;35;12.981;18.32
922;13;36;70.502;16.1
923;13;37;21.887;8.3
924;13;38;93.199;8.1
925;13;38;97.199;12.03
926;13;39;74.442;4.66
927;13;39;78.993;4.26
928;14;15;13.4;3.96
929;14;16;32.94;10.65
930;14;16;39.99;10.34
931;14;16;27.898;16.44
932;14;17;15.483;8.02
933;14;17;12.541;18.74
934;14;17;18.104;11.68
935;14;18;49.527;17.13
936;14;19;30.947;0.37
937;14;19;37.092;6.34
938;14;19;30.32;4.91
939;14;20;43.638;13.56
940;14;20;33.318;19.31
941;14;21;14.427;2.65
942;14;22;42.897;23.5
943;14;23;16.864;21.7
944;14;23;15.087;6.52
945;14;23;18.214;12.84
946;14;24;15.483;20.47
947;14;24;17.135;15.44
948;14;25;18.896;16.38
949;14;25;22.293;11.58
950;14;25;19.532;6.04
951;14;26;15.737;6.91
952;14;26;15.708;20.69
953;14;26;15.497;4.82
954;14;27;19.327;6.24
955;14;27;20.445;24.06
956;14;27;20.562;14.73
957;14;28;11.863;1.96
958;14;28;14.434;22.34
959;14;29;5.48;12.22
960;14;29;5.965;17.86
961;14;30;78.579;4.11
962;14;30;64.476;20.56
963;14;30;85.118;11.03
964;14;31;20.617;7.09
965;14;32;10.697;1.96
966;14;32;9.295;6.81
967;14;32;10.808;3.88
968;14;33;25.351;1.92
969;14;33;30.67;16.9
970;14;34;37.712;20.66
971;14;34;43.3;16.32
972;14;34;44.508;12.0
973;14;35;75.3;10.61
974;14;35;77.012;3.21
975;14;36;24.707;18.74
976;14;36;26.56;4.41
977;14;37;38.132;22.19
978;14;37;45.244;4.15
979;14;37;32.32;12.41
980;14;38;87.667;5.99
981;14;39;18.315;8.26
982;14;39;18.159;15.42
983;15;16;22.457;13.25
984;15;16;25.793;15.82
985;15;17;9.975;16.2
986;15;18;38.904;13.76
987;15;19;27.272;13.04
988;15;20;31.945;3.69
989;15;20;32.539;4.19
990;15;21;10.056;15.11
991;15;21;8.356;2.91
992;15;21;9.033;15.13
993;15;22;32.233;4.05
994;15;22;38.974;0.86
995;15;23;7.652;11.56
996;15;23;6.735;7.46
997;15;23;7.298;5.99
998;15;24;9.975;15.95
999;15;24;10.313;0.52
1000;15;24;10.783;14.49
1001;15;25;5.626;19.78
1002;15;26;17.196;0.37
1003;15;26;19.122;20.9
1004;15;26;13.949;23.36
1005;15;27;6.171;24.81
1006;15;27;6.269;15.13
1007;15;27;4.656;13.19
1008;15;28;23.888;18.33
1009;15;29;8.509;20.31
1010;15;29;8.927;24.81
1011;15;29;10.403;18.78
1012;15;30;71.122;5.31
1013;15;30;60.962;20.89
1014;15;31;11.84;10.94
1015;15;31;12.207;11.59
1016;15;32;6.574;16.94
1017;15;32;5.213;20.23
1018;15;32;8.055;11.34
1019;15;33;14.887;14.9
1020;15;33;17.164;6.54
1021;15;33;12.178;4.13
1022;15;34;30.687;11.18
1023;15;34;32.147;7.67
1024;15;35;81.174;11.23
1025;15;35;77.393;6.07
1026;15;36;11.643;0.56
1027;15;37;44.241;10.32
1028;15;38;77.863;10.13
1029;15;39;8.647;11.71
1030;15;39;7.043;17.75
1031;15;39;9.966;13.98
1032;16;17;17.815;8.17
1033;16;17;18.934;16.66
1034;16;18;45.399;10.87
1035;16;18;41.928;12.69
1036;16;19;46.063;6.5
1037;16;19;54.396;10.31
1038;16;19;56.4;11.26
1039;16;20;36.695;7.58
1040;16;20;28.844;19.45
1041;16;20;29.149;10.71
1042;16;21;19.032;13.04
1043;16;22;9.975;17.79
1044;16;23;16.173;12.0
1045;16;23;16.525;1.86
1046;16;24;17.815;22.16
1047;16;25;18.034;19.08
1048;16;25;20.615;21.93
1049;16;26;23.529;2.96
1050;16;26;20.04;20.39
1051;16;26;17.731;18.8
1052;16;27;20.912;21.58
1053;16;27;15.837;4.45
1054;16;27;26.114;7.38
1055;16;28;38.871;17.27
1056;16;28;35.927;22.35
1057;16;29;29.834;14.16
1058;16;29;36.791;21.59
1059;16;30;49.42;4.81
1060;16;30;56.355;18.27
1061;16;31;12.365;21.09
1062;16;31;14.316;12.48
1063;16;32;29.019;11.27
1064;16;32;27.922;11.32
1065;16;33;7.708;21.72
1066;16;34;45.454;7.39
1067;16;34;54.967;17.55
1068;16;35;77.298;10.0
1069;16;35;72.893;6.91
1070;16;35;82.239;19.25
1071;16;36;13.57;22.82
1072;16;36;16.251;19.95
1073;16;36;13.72;13.7
1074;16;37;44.869;13.4
1075;16;37;36.613;15.41
1076;16;37;38.087;20.44
1077;16;38;55.425;19.47
1078;16;38;58.888;4.92
1079;16;38;67.363;11.5
1080;16;39;27.562;2.23
1081;16;39;26.569;14.38
1082;16;39;28.061;2.41
1083;17;18;47.138;4.29
1084;17;18;41.027;11.15
1085;17;19;37.21;7.1
1086;17;19;31.682;16.02
1087;17;19;44.947;18.5
1088;17;20;39.442;8.91
1089;17;20;36.898;15.91
1090;17;20;42.827;5.1
1091;17;21;1.253;19.65
1092;17;21;1.45;7.33
1093;17;22;27.657;2.91
1094;17;22;27.701;16.77
1095;17;22;22.838;12.29
1096;17;23;4.002;2.98
1097;17;23;3.823;8.05
1098;17;23;3.816;18.6
1099;17;24;0.0;19.42
1100;17;25;10.906;1.61
1101;17;25;9.1;14.96
1102;17;26;8.673;1.71
1103;17;26;9.538;17.47
1104;17;26;8.569;8.87
1105;17;27;13.977;16.79
1106;17;28;21.427;12.99
1107;17;28;17.994;15.73
1108;17;28;25.193;10.03
1109;17;29;13.646;17.35
1110;17;29;13.983;14.56
1111;17;30;63.546;21.47
1112;17;31;5.552;13.22
1113;17;31;6.547;9.77
1114;17;32;15.269;21.65
1115;17;33;10.664;24.89
1116;17;33;9.787;8.84
1117;17;33;9.141;18.3
1118;17;34;40.469;18.82
1119;17;35;72.013;5.87
1120;17;36;13.901;3.01
1121;17;37;35.612;14.4
1122;17;37;36.671;24.55
1123;17;38;72.184;2.99
1124;17;38;86.992;10.03
1125;17;39;18.52;1.45
1126;18;19;27.076;14.36
1127;18;20;8.722;20.18
1128;18;21;47.793;7.79
1129;18;22;49.291;8.08
1130;18;22;45.549;11.58
1131;18;22;49.853;6.92
1132;18;23;43.259;17.71
1133;18;23;44.349;20.27
1134;18;24;47.138;18.46
1135;18;24;40.836;10.12
1136;18;25;36.232;11.85
1137;18;25;28.09;3.34
1138;18;26;55.565;10.13
1139;18;26;54.52;23.71
1140;18;26;58.633;3.36
1141;18;27;33.346;24.61
1142;18;27;33.435;5.01
1143;18;28;61.346;4.08
1144;18;28;50.199;19.17
1145;18;28;52.437;12.84
1146;18;29;44.173;20.34
1147;18;29;39.901;9.4
1148;18;30;88.825;21.1
1149;18;31;45.011;18.83
1150;18;32;38.857;19.32
1151;18;33;43.076;23.32
1152;18;33;38.46;9.03
1153;18;33;37.84;7.58
1154;18;34;17.231;17.49
1155;18;34;15.968;3.97
1156;18;35;118.997;4.21
1157;18;35;98.318;24.6
1158;18;36;34.992;19.39
1159;18;37;82.719;17.52
1160;18;37;65.917;21.6
1161;18;38;86.713;8.47
1162;18;38;89.964;24.44
1163;18;38;74.535;21.83
1164;18;39;31.387;19.09
1165;18;39;32.607;17.64
1166;19;20;26.588;8.68
1167;19;20;24.605;5.42
1168;19;20;27.168;22.19
1169;19;21;37.142;11.1
1170;19;21;43.976;17.98
1171;19;22;54.245;24.52
1172;19;22;42.392;18.21
1173;19;23;34.699;24.7
1174;19;24;37.21;21.54
1175;19;24;38.975;12.22
1176;19;24;35.155;15.72
1177;19;25;28.971;6.73
1178;19;25;35.478;7.38
1179;19;26;43.312;10.43
1180;19;27;25.585;3.89
1181;19;27;22.815;7.37
1182;19;28;42.085;0.31
1183;19;28;37.619;22.7
1184;19;28;39.305;19.99
1185;19;29;27.034;7.39
1186;19;30;95.326;5.5
1187;19;30;73.875;3.47
1188;19;30;72.537;0.24
1189;19;31;38.502;21.37
1190;19;31;45.265;18.82
1191;19;31;30.48;15.3
1192;19;32;22.692;1.28
1193;19;32;17.571;7.7
1194;19;32;17.05;17.72
1195;19;33;39.848;4.38
1196;19;33;34.565;21.48
1197;19;33;42.327;17.62
1198;19;34;10.032;8.17
1199;19;35;106.092;22.11
1200;19;35;128.111;20.07
1201;19;36;32.493;6.43
1202;19;36;28.744;24.46
1203;19;37;68.826;10.71
1204;19;38;98.653;7.18
1205;19;39;19.222;22.04
1206;19;39;20.244;9.23
1207;20;21;40.197;19.76
1208;20;21;47.528;1.66
1209;20;22;40.666;19.42
1210;20;23;35.485;11.28
1211;20;23;30.526;22.91
1212;20;24;39.442;15.65
1213;20;24;38.962;15.71
1214;20;25;28.603;13.57
1215;20;25;31.323;20.06
1216;20;25;24.749;17.76
1217;20;26;48.019;8.37
1218;20;26;43.359;0.75
1219;20;26;46.186;11.24
1220;20;27;26.038;6.96
1221;20;27;29.097;5.75
1222;20;27;24.29;19.58
1223;20;28;55.244;0.52
1224;20;29;38.17;23.32
1225;20;30;80.577;8.32
1226;20;30;86.116;21.67
1227;20;30;99.893;7.48
1228;20;31;36.879;6.46
1229;20;31;43.76;17.65
1230;20;32;32.982;7.13
1231;20;32;30.687;8.93
1232;20;33;34.629;12.89
1233;20;34;18.286;17.06
1234;20;34;14.726;24.37
1235;20;35;110.95;8.79
1236;20;35;118.504;9.51
1237;20;36;26.712;24.83
1238;20;36;21.319;7.86
1239;20;37;75.039;24.87
1240;20;37;90.98;8.8
1241;20;37;72.733;15.04
1242;20;38;79.353;7.84
1243;20;38;91.453;7.91
1244;20;39;25.336;8.31
1245;21;22;28.847;2.07
1246;21;22;33.017;22.44
1247;21;23;4.963;24.88
1248;21;23;4.855;1.22
1249;21;24;1.253;20.6
1250;21;25;11.6;14.89
1251;21;26;7.824;17.43
1252;21;26;7.899;3.3
1253;21;27;14.514;2.57
1254;21;27;17.404;9.27
1255;21;27;12.036;8.6
1256;21;28;20.174;2.2
1257;21;29;12.906;13.83
1258;21;29;15.277;2.42
1259;21;30;64.413;17.11
1260;21;30;62.399;14.89
1261;21;31;6.801;24.79
1262;21;31;6.923;15.09
1263;21;31;7.413;24.28
1264;21;32;14.928;1.4
1265;21;32;12.999;16.44
1266;21;33;11.916;14.05
1267;21;34;40.704;20.05
1268;21;34;33.088;13.16
1269;21;34;38.537;3.12
1270;21;35;71.494;20.6
1271;21;36;14.952;3.09
1272;21;36;11.658;9.27
1273;21;37;34.926;11.81
1274;21;38;73.254;8.56
1275;21;38;75.661;6.76
1276;21;38;58.28;13.11
1277;21;39;18.686;22.33
1278;22;23;26.148;18.01
1279;22;24;27.657;5.34
1280;22;24;26.476;16.52
1281;22;24;21.132;8.21
1282;22;25;27.463;16.93
1283;22;25;27.292;12.77
1284;22;25;22.079;0.38
1285;22;26;32.548;10.25
1286;22;26;31.988;18.3
1287;22;27;29.991;22.86
1288;22;28;48.346;19.87
1289;22;29;39.788;2.66
1290;22;30;41.27;6.72
1291;22;31;22.291;17.87
1292;22;32;38.752;6.01
1293;22;33;17.667;16.0
1294;22;33;13.953;4.85
1295;22;34;52.326;19.25
1296;22;34;47.177;7.07
1297;22;34;64.499;17.1
1298;22;35;79.963;13.45
1299;22;36;22.25;17.15
1300;22;37;50.588;20.24
1301;22;37;40.832;14.95
1302;22;37;57.666;1.09
1303;22;38;45.674;10.98
1304;22;39;36.549;1.11
1305;22;39;27.958;6.63
1306;23;24;4.002;5.03
1307;23;24;4.387;18.29
1308;23;25;7.079;5.77
1309;23;26;12.675;18.01
1310;23;26;15.73;18.56
1311;23;27;10.358;13.25
1312;23;27;10.811;19.22
1313;23;28;24.469;19.42
1314;23;28;27.737;13.27
1315;23;29;13.737;20.52
1316;23;29;12.171;12.55
1317;23;29;12.129;14.0
1318;23;30;63.818;9.36
1319;23;30;67.858;24.31
1320;23;30;74.957;20.26
1321;23;31;4.319;18.39
1322;23;31;5.082;16.73
1323;23;31;5.074;8.11
1324;23;32;13.893;19.58
1325;23;32;16.29;17.4
1326;23;33;8.507;22.43
1327;23;33;8.128;0.76
1328;23;34;37.246;20.56
1329;23;34;29.48;22.82
1330;23;34;32.243;14.43
1331;23;35;75.795;2.74
1332;23;35;60.138;17.52
1333;23;35;66.176;17.4
1334;23;36;10.001;7.49
1335;23;37;39.554;14.08
1336;23;37;48.659;15.66
1337;23;38;71.392;21.04
1338;23;38;73.182;12.5
1339;23;39;15.608;2.36
1340;24;25;10.906;10.35
1341;24;25;10.95;21.67
1342;24;25;12.552;9.44
1343;24;26;8.673;22.69
1344;24;26;10.52;19.46
1345;24;27;13.977;18.62
1346;24;27;16.88;16.79
1347;24;27;13.923;17.72
1348;24;28;21.427;9.8
1349;24;29;13.646;13.7
1350;24;30;63.546;23.91
1351;24;31;5.552;12.85
1352;24;31;4.202;3.03
1353;24;32;15.269;0.84
1354;24;32;12.885;20.52
1355;24;32;16.626;19.08
1356;24;33;10.664;23.92
1357;24;34;40.469;0.89
1358;24;35;72.013;8.05
1359;24;36;13.901;3.62
1360;24;36;16.259;2.02
1361;24;37;35.612;7.11
1362;24;37;42.491;20.65
1363;24;38;72.184;15.98
1364;24;38;84.13;4.65
1365;24;38;86.328;4.9
1366;24;39;18.52;11.29
1367;25;26;19.418;5.05
1368;25;27;3.511;20.79
1369;25;27;3.208;0.53
1370;25;27;4.255;0.05
1371;25;28;28.791;5.48
1372;25;28;29.693;12.37
1373;25;28;32.829;19.91
1374;25;29;14.133;11.57
1375;25;30;67.324;4.27
1376;25;30;70.505;21.69
1377;25;30;76.395;12.15
1378;25;31;9.857;4.63
1379;25;31;11.09;11.17
1380;25;31;9.06;21.95
1381;25;32;11.562;7.42
1382;25;32;13.65;13.32
1383;25;32;11.693;22.58
1384;25;33;11.015;16.28
1385;25;33;12.988;21.59
1386;25;33;10.946;19.86
1387;25;34;30.541;16.31
1388;25;35;82.867;21.17
1389;25;35;72.738;22.58
1390;25;35;78.169;10.86
1391;25;36;6.045;24.74
1392;25;36;5.849;23.5
1393;25;36;4.763;4.96
1394;25;37;46.506;0.21
1395;25;38;73.127;18.26
1396;25;38;83.837;18.47
1397;25;38;61.412;21.04
1398;25;39;9.829;11.71
1399;25;39;8.93;12.6
1400;25;39;8.543;24.83
1401;26;27;22.231;3.8
1402;26;27;23.402;16.27
1403;26;28;16.168;15.98
1404;26;28;12.616;24.63
1405;26;28;17.429;1.4
1406;26;29;16.91;9.83
1407;26;29;16.463;23.03
1408;26;29;19.987;16.62
1409;26;30;63.996;0.33
1410;26;31;12.986;7.1
1411;26;31;13.376;23.87
1412;26;32;20.622;4.63
1413;26;32;20.783;1.33
1414;26;32;16.954;17.52
1415;26;33;17.776;4.95
1416;26;33;18.219;1.23
1417;26;33;17.022;8.34
1418;26;34;47.772;6.63
1419;26;35;63.98;18.89
1420;26;35;76.679;20.52
1421;26;36;22.496;19.65
1422;26;36;24.319;23.42
1423;26;37;27.177;22.26
1424;26;37;21.352;3.62
1425;26;37;27.119;20.23
1426;26;38;74.775;12.46
1427;26;38;90.367;19.24
1428;26;39;25.77;13.14
1429;26;39;23.487;24.72
1430;26;39;30.581;5.91
1431;27;28;30.057;23.05
1432;27;28;33.955;9.96
1433;27;29;14.098;18.46
1434;27;29;11.894;21.77
1435;27;30;70.322;22.37
1436;27;30;79.249;21.36
1437;27;30;69.217;1.79
1438;27;31;13.365;2.54
1439;27;32;10.342;24.03
1440;27;33;14.274;19.09
1441;27;33;17.705;2.66
1442;27;33;15.575;1.67
1443;27;34;27.044;13.34
1444;27;34;24.056;10.58
1445;27;34;31.196;14.13
1446;27;35;85.984;23.02
1447;27;35;79.957;22.55
1448;27;36;7.807;16.89
1449;27;37;49.405;24.24
1450;27;38;75.54;9.33
1451;27;38;63.02;17.35
1452;27;38;83.045;24.35
1453;27;39;6.651;2.78
1454;27;39;7.949;17.64
1455;27;39;6.667;8.99
1456;28;29;17.176;1.9
1457;28;30;79.455;24.1
1458;28;31;26.949;4.1
1459;28;31;29.294;11.51
1460;28;31;26.512;14.96
1461;28;32;22.49;4.84
1462;28;32;27.164;3.95
1463;28;33;32.075;21.61
1464;28;34;49.404;6.21
1465;28;34;51.578;9.39
1466;28;35;65.351;13.85
1467;28;35;81.181;15.79
1468;28;36;33.948;1.17
1469;28;36;40.796;5.06
1470;28;36;39.293;20.2
1471;28;37;28.986;9.63
1472;28;38;90.886;24.18
1473;28;38;107.672;8.28
1474;28;39;30.026;23.51
1475;29;30;77.149;0.88
1476;29;31;17.927;23.05
1477;29;31;21.652;1.22
1478;29;31;21.57;1.55
1479;29;32;5.327;12.45
1480;29;32;4.987;20.62
1481;29;32;4.038;1.01
1482;29;33;22.127;7.82
1483;29;34;32.99;18.05
1484;29;34;28.894;18.19
1485;29;34;30.581;17.77
1486;29;35;79.1;9.58
1487;29;35;78.257;7.62
1488;29;35;78.061;7.7
1489;29;36;20.129;4.09
1490;29;37;41.824;11.29
1491;29;38;85.129;4.19
1492;29;38;79.447;0.16
1493;29;39;12.868;2.87
1494;29;39;12.092;5.86
1495;29;39;15.484;22.77
1496;30;31;59.499;24.28
1497;30;31;45.437;21.09
1498;30;31;47.439;5.92
1499;30;32;77.629;18.41
1500;30;32;59.788;5.24
1501;30;32;58.322;18.76
1502;30;33;56.41;11.81
1503;30;33;45.186;10.21
1504;30;33;43.283;9.96
1505;30;34;93.557;15.59
1506;30;34;79.349;19.27
1507;30;34;91.712;13.86
1508;30;35;76.384;2.3
1509;30;35;72.014;20.69
1510;30;36;62.912;18.17
1511;30;37;65.697;7.92
1512;30;38;19.736;24.22
1513;30;39;76.973;7.39
1514;30;39;59.471;5.23
1515;30;39;94.005;22.96
1516;31;32;18.193;6.95
1517;31;32;21.057;1.29
1518;31;33;5.126;8.41
1519;31;33;5.09;2.53
1520;31;34;40.393;1.74
1521;31;35;74.072;9.83
1522;31;35;67.913;1.67
1523;31;35;61.178;1.8
1524;31;36;10.257;20.18
1525;31;36;11.801;1.64
1526;31;36;8.458;4.66
1527;31;37;38.597;13.89
1528;31;38;67.256;12.57
1529;31;38;63.262;3.58
1530;31;39;19.29;2.06
1531;32;33;21.46;13.79
1532;32;33;16.148;12.13
1533;32;34;27.922;21.8
1534;32;35;83.829;21.18
1535;32;36;17.517;7.6
1536;32;36;21.285;21.91
1537;32;37;46.577;0.86
1538;32;37;44.697;5.57
1539;32;37;39.79;20.04
1540;32;38;84.406;6.24
1541;32;38;86.692;10.26
1542;32;38;68.094;20.95
1543;32;39;7.648;7.9
1544;33;34;40.47;11.86
1545;33;35;76.741;4.57
1546;33;35;94.459;3.66
1547;33;35;58.302;22.0
1548;33;36;8.338;10.88
1549;33;36;7.209;21.49
1550;33;37;42.199;24.35
1551;33;37;46.831;8.19
1552;33;37;52.425;5.23
1553;33;38;63.095;2.03
1554;33;38;72.894;8.75
1555;33;39;20.827;12.5
1556;33;39;23.479;1.44
1557;34;35;111.595;10.99
1558;34;35;130.905;1.6
1559;34;35;131.09;16.69
1560;34;36;32.318;17.1
1561;34;36;28.692;16.26
1562;34;37;74.411;21.79
1563;34;37;57.851;15.23
1564;34;38;94.907;22.06
1565;34;38;83.148;11.71
1566;34;39;22.042;24.42
1567;34;39;26.936;7.12
1568;35;36;84.272;22.52
1569;35;36;67.847;5.19
1570;35;36;66.93;20.46
1571;35;37;37.277;9.51
1572;35;37;40.9;14.46
1573;35;37;33.359;4.52
1574;35;38;95.848;13.49
1575;35;38;87.019;21.88
1576;35;38;101.856;16.06
1577;35;39;89.706;9.79
1578;36;37;48.81;17.9
1579;36;37;50.273;5.55
1580;36;38;67.74;11.04
1581;36;39;14.3;3.2
1582;37;38;81.826;15.51
1583;37;38;65.787;0.09
1584;37;38;92.131;5.79
1585;37;39;52.651;22.02
1586;37;39;61.26;3.82
1587;38;39;81.991;3.07
