VERTEX_COUNT 40
PATH_COUNT 1
BUDGET 480
<------------ VERTICES ------------>
0;START;41.374834;2.170055;0.0;0.0
1;Museu Nacional d’Art de Catalunya;41.36882;2.153347;45.0;86.06
2;Museu d’Història de Catalunya - MHC;41.380852;2.185799;45.0;79.43
3;Galeria d’Art Mar Grup Escolà;41.392349;2.167836;45.0;77.69
4;Parc de Diagonal Mar;41.407215;2.214539;45.0;74.08
5;Anella Olímpica(Olympic Park);41.364778;2.152575;45.0;72.25
6;Basilica of the Sagrada Família;41.403568;2.174435;45.0;71.68
7;L’Aquàrium;41.376625;2.184117;45.0;71.1
8;Parc de la Ciutadella;41.389248;2.186548;45.0;70.76
9;Avinguda d’Icària;41.391556;2.197416;45.0;70.48
10;Basilica of Sants Just i Pastor;41.382812;2.178195;45.0;69.71
11;Platja de la Nova Mar Bella;41.40205;2.21529;45.0;69.58
12;Palau Güell;41.378864;2.174117;45.0;66.38
13;Museu Palmero;41.424667;2.139856;45.0;65.28
14;Museu Picasso;41.385181;2.180863;45.0;64.52
15;Museu Frederic Marès;41.384178;2.176819;45.0;63.22
16;La Pedrera (Casa Milà);41.395271;2.161785;45.0;61.52
17;Platja de la Barceloneta;41.379158;2.192717;45.0;61.39
18;Passeig de Gràcia;41.390739;2.166672;45.0;61.16
19;La Colmena;41.383835;2.178294;45.0;60.63
20;Lorena Ruiz de Villa;41.397858;2.146705;45.0;60.05
21;Montjuïc Castle;41.363823;2.167096;45.0;59.47
22;90th Jean Bouin;41.373077;2.150465;45.0;59.28
23;Poble Espanyol;41.368679;2.147031;45.0;58.96
24;Parc de la Creueta del Coll;41.41935;2.146432;45.0;57.82
25;Platja del Bogatell;41.394341;2.2066;45.0;57.27
26;Rambla del Raval;41.378681;2.169317;45.0;55.98
27;Turó de la Rovira viewing point;41.419388;2.161812;45.0;55.4
28;Despair;41.387653;2.188076;45.0;55.32
29;Plaça del Rei;41.384144;2.177409;45.0;55.28
30;Casa Martí, Els Quatre Gats ;41.385775;2.173671;45.0;55.16
31;Arts Santa Mònica;41.37722;2.176012;45.0;54.85
32;Plaça de Catalunya;41.387005;2.17003;45.0;54.78
33;Antic Hospital de la Santa Creu;41.380573;2.170374;45.0;54.1
34;Museu de la Moto ;41.383327;2.174488;45.0;53.54
35;Royal Dockyards Museu Marítim ;41.375286;2.17598;45.0;52.59
36;Poblenou Cemetery;41.394859;2.201189;45.0;52.5
37;Santa Eulàlia small schooner;41.376385;2.179861;45.0;51.75
38;Palau Sant Jordi;41.363441;2.152537;45.0;51.51
39;FINISH;41.374834;2.170055;0.0;0.0
<------------- EDGES -------------->
0;0;1;23.796;11.35
1;0;1;22.697;6.31
2;0;1;21.153;21.88
3;0;2;22.688;11.66
4;0;2;25.897;2.37
5;0;2;26.031;7.34
6;0;3;30.107;23.05
7;0;4;79.572;6.69
8;0;5;28.285;23.5
9;0;5;33.967;4.15
10;0;5;25.786;24.19
11;0;6;49.491;16.23
12;0;6;41.429;9.4
13;0;6;39.507;7.64
14;0;7;18.315;18.19
15;0;7;17.965;11.6
16;0;8;32.509;2.36
17;0;8;40.351;23.64
18;0;9;45.309;22.12
19;0;10;17.194;12.09
20;0;10;15.477;5.15
21;0;10;16.679;6.86
22;0;11;74.442;7.94
23;0;11;61.586;10.74
24;0;11;69.717;19.6
25;0;12;8.647;7.29
26;0;13;93.673;13.41
27;0;13;104.345;11.63
28;0;13;108.991;10.3
29;0;14;22.496;17.55
30;0;14;21.104;5.87
31;0;15;18.196;14.42
32;0;16;36.549;2.25
33;0;16;39.962;18.78
34;0;16;36.165;3.86
35;0;17;30.026;2.88
36;0;18;27.562;11.14
37;0;18;33.114;18.42
38;0;19;18.686;14.15
39;0;19;14.392;20.91
40;0;19;22.199;13.38
41;0;20;49.508;19.14
42;0;21;19.222;4.09
43;0;21;20.323;21.91
44;0;21;23.642;11.28
45;0;22;25.336;4.71
46;0;22;25.74;5.0
47;0;22;19.666;16.97
48;0;23;31.387;18.14
49;0;23;35.937;3.32
50;0;24;81.991;23.17
51;0;25;57.583;20.79
52;0;25;59.944;18.24
53;0;26;6.651;16.29
54;0;27;76.973;23.39
55;0;27;70.772;17.69
56;0;27;95.679;16.83
57;0;28;31.884;0.55
58;0;28;39.229;20.68
59;0;29;18.52;8.45
60;0;30;19.29;1.29
61;0;31;8.671;21.78
62;0;32;20.827;1.88
63;0;32;25.095;20.46
64;0;32;15.991;22.36
65;0;33;9.829;11.71
66;0;33;7.889;14.27
67;0;34;15.608;19.05
68;0;34;13.069;24.97
69;0;35;7.648;2.82
70;0;36;52.651;0.12
71;0;36;43.452;5.27
72;0;37;12.868;24.08
73;0;37;12.558;2.19
74;0;37;12.555;12.85
75;0;38;29.769;24.96
76;0;38;25.73;12.03
77;0;39;0.0;21.46
78;1;2;46.481;14.42
79;1;2;47.691;10.06
80;1;2;36.44;0.26
81;1;3;44.354;11.06
82;1;4;102.414;10.12
83;1;5;6.988;20.68
84;1;5;6.131;19.98
85;1;6;65.336;14.47
86;1;6;59.523;8.76
87;1;7;41.71;11.64
88;1;8;55.131;7.07
89;1;8;50.368;0.5
90;1;8;65.92;20.43
91;1;9;68.67;10.83
92;1;9;61.602;2.45
93;1;9;75.928;16.88
94;1;10;39.892;24.32
95;1;11;97.767;18.52
96;1;11;79.719;21.57
97;1;11;81.91;22.95
98;1;12;31.73;3.51
99;1;12;30.85;9.03
100;1;13;97.123;16.51
101;1;13;84.315;21.77
102;1;14;45.08;4.75
103;1;14;43.978;20.81
104;1;15;39.989;21.15
105;1;15;30.412;7.39
106;1;15;43.789;10.9
107;1;16;46.542;16.03
108;1;16;46.923;13.67
109;1;17;53.562;21.32
110;1;17;47.044;0.48
111;1;18;41.226;20.76
112;1;18;36.428;21.14
113;1;18;43.383;19.61
114;1;19;41.065;11.15
115;1;19;51.095;18.59
116;1;20;50.417;10.99
117;1;20;59.931;13.52
118;1;20;57.62;6.77
119;1;21;19.619;6.25
120;1;21;21.897;3.4
121;1;21;16.112;13.52
122;1;22;8.171;23.5
123;1;23;8.115;18.2
124;1;24;86.923;9.09
125;1;25;81.132;1.78
126;1;25;61.101;20.44
127;1;26;26.558;6.22
128;1;27;87.213;2.81
129;1;27;102.466;10.67
130;1;28;55.02;3.07
131;1;28;53.159;1.97
132;1;28;61.952;5.57
133;1;29;40.525;6.0
134;1;29;36.551;8.66
135;1;30;39.024;24.61
136;1;31;32.461;9.03
137;1;32;37.779;23.54
138;1;33;29.708;7.58
139;1;33;23.939;6.42
140;1;33;36.668;20.64
141;1;34;36.786;2.97
142;1;34;34.785;17.41
143;1;35;31.099;8.41
144;1;36;75.887;22.79
145;1;36;69.917;7.0
146;1;37;36.426;3.66
147;1;38;9.263;1.01
148;1;38;9.162;17.16
149;1;38;9.443;16.29
150;1;39;23.796;1.51
151;2;3;30.314;12.06
152;2;3;32.234;7.19
153;2;3;31.496;8.76
154;2;4;58.279;7.53
155;2;5;50.763;23.15
156;2;6;41.52;14.93
157;2;6;42.418;2.0
158;2;6;34.69;18.38
159;2;7;7.549;22.51
160;2;8;14.4;14.76
161;2;8;16.555;24.68
162;2;8;12.876;10.51
163;2;9;23.621;15.81
164;2;9;23.39;10.55
165;2;9;19.503;4.82
166;2;10;10.323;11.46
167;2;10;12.071;11.67
168;2;10;7.761;14.81
169;2;11;52.433;19.56
170;2;11;58.968;15.69
171;2;11;58.108;15.31
172;2;12;15.381;11.11
173;2;12;18.923;0.9
174;2;12;18.274;23.27
175;2;13;95.389;14.73
176;2;13;109.724;15.06
177;2;14;9.749;15.53
178;2;14;10.329;8.73
179;2;15;12.858;1.46
180;2;15;11.428;8.98
181;2;15;11.531;5.31
182;2;16;39.488;13.99
183;2;16;30.759;9.59
184;2;17;9.344;5.18
185;2;17;7.786;3.07
186;2;17;9.923;14.72
187;2;18;29.821;18.84
188;2;19;10.905;19.89
189;2;19;9.262;7.86
190;2;19;9.82;1.9
191;2;20;58.016;11.53
192;2;20;49.202;3.1
193;2;21;37.763;1.17
194;2;21;35.46;22.76
195;2;22;47.282;5.3
196;2;22;40.587;12.2
197;2;22;40.337;14.68
198;2;23;53.965;9.4
199;2;24;83.027;12.69
200;2;25;35.299;22.72
201;2;25;33.666;5.05
202;2;26;21.487;3.08
203;2;26;24.641;24.53
204;2;26;25.717;10.75
205;2;27;72.778;17.65
206;2;27;73.764;18.36
207;2;27;58.125;3.36
208;2;28;12.0;11.92
209;2;29;12.156;19.61
210;2;29;11.327;10.45
211;2;29;13.622;3.5
212;2;30;17.705;24.18
213;2;30;14.847;5.11
214;2;31;14.02;13.51
215;2;31;11.629;18.93
216;2;32;22.821;8.31
217;2;32;22.009;17.15
218;2;33;19.811;11.36
219;2;34;15.128;13.42
220;2;34;14.327;2.83
221;2;35;15.801;7.78
222;2;35;12.426;22.91
223;2;35;13.695;16.15
224;2;36;31.063;6.28
225;2;36;26.957;0.1
226;2;37;10.797;10.4
227;2;37;11.032;20.13
228;2;38;52.078;11.73
229;2;39;22.688;8.22
230;2;39;20.216;17.18
231;3;4;65.123;10.17
232;3;4;72.496;23.6
233;3;5;51.088;15.57
234;3;5;61.123;2.37
235;3;5;44.693;12.98
236;3;6;20.984;24.32
237;3;6;25.605;13.36
238;3;6;24.981;6.08
239;3;7;34.073;12.4
240;3;8;24.601;14.97
241;3;9;37.998;22.39
242;3;9;32.092;0.5
243;3;10;21.053;1.94
244;3;11;63.137;15.09
245;3;12;24.444;17.56
246;3;12;18.457;20.5
247;3;13;65.94;15.1
248;3;14;20.74;6.1
249;3;14;17.207;10.14
250;3;15;18.125;9.32
251;3;15;15.392;15.29
252;3;16;9.238;14.83
253;3;16;7.365;5.35
254;3;17;39.115;9.34
255;3;17;37.687;22.52
256;3;18;3.134;16.83
257;3;19;19.813;11.35
258;3;19;16.927;9.69
259;3;19;22.788;0.67
260;3;20;28.717;19.71
261;3;20;22.19;24.3
262;3;21;48.824;4.65
263;3;22;39.813;23.07
264;3;22;31.417;10.43
265;3;22;42.268;23.48
266;3;23;48.521;21.26
267;3;24;53.755;7.88
268;3;24;41.241;24.58
269;3;24;57.455;2.49
270;3;25;49.88;19.14
271;3;25;37.992;0.94
272;3;26;23.466;12.92
273;3;26;24.829;7.59
274;3;26;23.95;18.91
275;3;27;46.911;2.15
276;3;27;37.458;14.57
277;3;28;27.199;4.22
278;3;28;30.668;20.39
279;3;28;29.4;3.72
280;3;29;18.66;14.46
281;3;30;13.515;24.24
282;3;31;27.936;0.74
283;3;32;9.569;10.44
284;3;32;9.898;10.91
285;3;32;10.28;13.47
286;3;33;20.413;15.22
287;3;33;19.479;10.34
288;3;33;15.41;17.84
289;3;34;17.643;3.76
290;3;35;31.014;21.07
291;3;36;43.031;18.81
292;3;36;52.441;21.71
293;3;37;31.379;5.1
294;3;38;53.226;6.07
295;3;38;46.091;1.37
296;3;39;30.107;22.61
297;3;39;23.826;12.9
298;3;39;32.048;12.72
299;4;5;107.715;6.34
300;4;5;110.287;5.07
301;4;5;97.835;19.11
302;4;6;51.851;16.15
303;4;6;49.142;18.61
304;4;6;50.359;2.32
305;4;7;65.31;12.19
306;4;7;72.87;13.77
307;4;8;47.29;9.62
308;4;9;34.657;7.7
309;4;9;37.643;18.1
310;4;10;62.614;9.6
311;4;10;74.406;3.83
312;4;10;47.032;19.22
313;4;11;8.891;7.54
314;4;12;71.038;6.99
315;4;13;100.386;17.21
316;4;14;57.363;5.64
317;4;14;71.628;23.04
318;4;14;46.915;3.07
319;4;15;62.439;12.0
320;4;16;70.732;16.86
321;4;16;53.682;8.5
322;4;16;75.919;11.56
323;4;17;55.587;6.42
324;4;17;61.934;3.57
325;4;17;58.925;17.81
326;4;18;67.603;12.4
327;4;19;61.364;8.68
328;4;20;88.529;14.2
329;4;20;104.567;2.0
330;4;21;96.041;9.65
331;4;21;87.657;19.79
332;4;21;101.508;13.49
333;4;22;100.892;9.84
334;4;22;123.417;0.39
335;4;22;101.224;3.14
336;4;23;108.905;21.58
337;4;24;89.838;24.53
338;4;24;92.696;19.24
339;4;24;67.481;20.38
340;4;25;24.273;17.79
341;4;26;75.858;15.27
342;4;26;92.522;11.18
343;4;27;70.801;24.03
344;4;27;81.895;10.07
345;4;27;67.166;3.04
346;4;28;47.692;10.94
347;4;28;53.186;0.54
348;4;29;61.891;24.33
349;4;30;64.018;9.86
350;4;30;62.887;16.67
351;4;31;71.28;9.57
352;4;32;66.786;1.54
353;4;32;53.404;12.8
354;4;32;80.507;1.41
355;4;33;72.753;20.54
356;4;34;65.684;4.68
357;4;34;76.741;6.44
358;4;34;56.296;19.25
359;4;35;73.727;10.96
360;4;36;27.216;20.16
361;4;36;31.378;4.94
362;4;36;20.657;8.69
363;4;37;69.031;1.23
364;4;38;109.307;21.93
365;4;38;100.895;1.38
366;4;39;79.572;4.55
367;4;39;76.901;7.96
368;5;6;72.069;7.54
369;5;6;79.865;18.7
370;5;6;88.661;6.75
371;5;7;45.296;20.01
372;5;8;60.469;20.51
373;5;8;46.549;16.87
374;5;9;73.587;21.65
375;5;10;45.108;0.54
376;5;10;54.75;11.96
377;5;10;44.989;17.63
378;5;11;102.722;0.14
379;5;11;96.289;20.44
380;5;11;94.898;18.71
381;5;12;36.692;9.01
382;5;12;42.889;10.61
383;5;12;39.571;10.58
384;5;13;103.777;24.02
385;5;14;50.384;21.41
386;5;14;54.167;20.27
387;5;15;45.512;21.29
388;5;15;48.503;9.44
389;5;16;53.504;10.35
390;5;17;57.121;4.5
391;5;17;64.096;11.23
392;5;18;47.972;20.06
393;5;19;46.414;0.97
394;5;20;57.108;6.81
395;5;20;58.398;24.06
396;5;21;18.721;22.8
397;5;21;18.605;23.63
398;5;22;14.458;1.51
399;5;22;12.241;22.18
400;5;22;16.043;9.16
401;5;23;9.76;18.24
402;5;23;9.73;20.43
403;5;23;8.65;15.26
404;5;24;93.718;12.12
405;5;24;83.146;15.7
406;5;25;85.857;12.51
407;5;25;92.748;8.79
408;5;26;32.067;23.78
409;5;27;94.2;2.36
410;5;27;81.821;5.24
411;5;27;78.429;9.08
412;5;28;60.087;15.32
413;5;29;45.992;6.82
414;5;29;50.449;17.7
415;5;29;42.76;11.91
416;5;30;44.999;15.05
417;5;30;39.372;16.19
418;5;30;54.583;19.67
419;5;31;36.867;22.43
420;5;32;44.149;12.42
421;5;32;54.809;7.47
422;5;33;35.398;15.4
423;5;33;30.375;5.67
424;5;33;37.378;5.25
425;5;34;42.419;4.67
426;5;34;39.549;21.3
427;5;34;37.861;23.43
428;5;35;35.025;6.41
429;5;35;37.383;6.66
430;5;35;30.641;12.11
431;5;36;80.908;1.29
432;5;36;97.112;6.48
433;5;37;40.279;18.56
434;5;38;2.288;7.33
435;5;39;28.285;16.09
436;6;7;47.752;9.26
437;6;7;44.646;0.07
438;6;8;29.022;2.39
439;6;8;28.537;8.41
440;6;9;35.955;14.17
441;6;9;32.733;18.79
442;6;9;35.541;7.81
443;6;10;35.845;1.99
444;6;10;40.896;21.44
445;6;10;38.918;13.75
446;6;11;52.504;4.22
447;6;12;42.276;14.1
448;6;13;57.209;23.8
449;6;13;67.681;12.69
450;6;14;32.528;21.35
451;6;15;33.322;19.92
452;6;16;21.57;6.51
453;6;16;16.528;9.24
454;6;17;47.913;14.38
455;6;17;38.343;1.98
456;6;18;24.109;3.79
457;6;18;30.114;10.86
458;6;18;19.094;8.81
459;6;19;34.129;9.87
460;6;19;27.837;0.3
461;6;20;36.911;4.56
462;6;20;39.604;2.12
463;6;20;39.653;13.66
464;6;21;68.662;7.5
465;6;22;60.577;15.02
466;6;23;69.299;21.38
467;6;24;44.955;7.23
468;6;24;53.011;10.57
469;6;25;44.204;5.09
470;6;25;48.616;9.74
471;6;26;43.091;23.88
472;6;26;52.163;3.82
473;6;27;31.549;7.91
474;6;27;25.081;1.44
475;6;27;25.327;16.86
476;6;28;32.378;0.29
477;6;28;40.469;23.81
478;6;28;27.037;23.84
479;6;29;33.457;13.15
480;6;29;32.824;8.07
481;6;30;30.463;17.45
482;6;31;45.133;5.49
483;6;31;33.96;22.81
484;6;31;48.845;12.41
485;6;32;28.902;22.66
486;6;32;28.144;13.57
487;6;33;39.694;0.76
488;6;34;34.637;18.06
489;6;34;38.239;17.57
490;6;35;48.438;23.05
491;6;35;48.855;0.36
492;6;35;56.322;2.4
493;6;36;37.436;3.26
494;6;36;46.112;3.19
495;6;36;43.063;24.66
496;6;37;47.035;12.41
497;6;38;74.2;4.36
498;6;38;69.443;18.41
499;6;38;86.9;6.25
500;6;39;49.491;19.76
501;7;8;21.825;22.92
502;7;8;22.323;18.25
503;7;9;30.731;10.12
504;7;9;24.729;12.12
505;7;10;13.035;3.34
506;7;10;10.801;20.29
507;7;10;11.84;7.1
508;7;11;59.115;15.23
509;7;12;13.4;23.1
510;7;12;14.597;3.02
511;7;12;10.82;9.02
512;7;13;99.932;18.64
513;7;13;83.182;10.49
514;7;14;15.226;1.6
515;7;14;15.46;16.41
516;7;14;17.854;4.34
517;7;15;15.964;22.1
518;7;16;42.897;5.5
519;7;16;37.426;7.5
520;7;16;32.793;16.04
521;7;17;11.863;11.24
522;7;17;12.498;19.87
523;7;18;32.94;24.41
524;7;18;30.337;9.12
525;7;18;29.064;13.78
526;7;19;14.427;10.45
527;7;19;14.011;11.5
528;7;19;14.028;17.39
529;7;20;60.227;17.53
530;7;20;74.049;14.98
531;7;21;30.947;17.94
532;7;22;43.638;18.44
533;7;22;52.359;19.52
534;7;22;51.002;14.84
535;7;23;49.527;23.95
536;7;23;53.824;22.31
537;7;23;47.342;11.14
538;7;24;87.667;9.82
539;7;24;101.503;5.08
540;7;24;84.235;2.31
541;7;25;41.861;5.69
542;7;26;19.327;9.89
543;7;26;19.104;12.93
544;7;26;18.627;17.38
545;7;27;78.579;9.39
546;7;28;19.544;21.45
547;7;28;22.385;12.68
548;7;28;24.227;16.68
549;7;29;15.483;7.25
550;7;30;20.617;3.03
551;7;31;10.457;19.78
552;7;31;11.651;0.59
553;7;31;10.618;18.8
554;7;32;25.351;0.71
555;7;32;22.887;8.91
556;7;33;18.896;1.7
557;7;34;16.864;7.22
558;7;34;16.56;11.54
559;7;35;10.697;14.58
560;7;35;10.89;13.19
561;7;36;38.132;23.53
562;7;36;42.465;4.69
563;7;37;5.48;4.14
564;7;37;6.555;22.67
565;7;37;6.372;3.17
566;7;38;46.408;6.22
567;7;38;53.712;15.85
568;7;38;47.824;6.11
569;7;39;18.315;13.87
570;7;39;17.521;10.06
571;7;39;19.755;10.38
572;8;9;14.501;22.81
573;8;9;17.276;16.77
574;8;10;15.372;2.7
575;8;11;42.91;5.89
576;8;11;37.675;13.95
577;8;11;47.522;13.05
578;8;12;23.885;14.56
579;8;13;85.235;20.14
580;8;13;75.582;9.78
581;8;14;10.085;14.19
582;8;15;15.208;2.87
583;8;15;16.324;18.94
584;8;16;33.419;4.56
585;8;16;28.817;4.14
586;8;17;18.996;23.98
587;8;18;25.644;0.89
588;8;18;27.677;9.09
589;8;18;20.416;19.73
590;8;19;14.075;12.8
591;8;19;15.889;2.84
592;8;19;15.673;10.3
593;8;20;53.228;3.4
594;8;20;52.773;23.19
595;8;21;50.168;7.26
596;8;22;53.966;8.65
597;8;22;48.503;23.73
598;8;23;61.754;20.89
599;8;24;72.833;13.57
600;8;25;27.178;21.09
601;8;26;28.573;12.25
602;8;26;29.251;19.02
603;8;26;30.207;17.15
604;8;27;60.565;4.73
605;8;27;68.568;3.97
606;8;27;67.667;12.83
607;8;28;3.361;13.98
608;8;29;14.627;11.94
609;8;30;17.568;13.41
610;8;31;24.63;4.67
611;8;31;19.144;15.81
612;8;31;27.547;8.04
613;8;32;21.551;17.77
614;8;32;17.773;19.67
615;8;32;20.293;13.04
616;8;33;25.526;0.28
617;8;33;24.345;20.16
618;8;34;18.504;11.07
619;8;34;20.098;18.33
620;8;35;27.476;5.44
621;8;35;21.177;7.64
622;8;36;21.106;3.61
623;8;36;23.315;16.67
624;8;36;20.672;11.13
625;8;37;23.627;0.38
626;8;37;25.589;16.95
627;8;37;26.821;14.39
628;8;38;62.109;20.08
629;8;39;32.509;10.06
630;8;39;25.894;19.25
631;8;39;39.385;18.58
632;9;10;28.859;8.33
633;9;11;29.136;15.52
634;9;11;30.579;19.93
635;9;11;31.331;8.98
636;9;12;36.967;21.09
637;9;13;93.102;18.77
638;9;13;91.453;23.13
639;9;13;92.689;11.87
640;9;14;23.888;12.68
641;9;14;19.172;7.11
642;9;14;23.045;24.77
643;9;15;29.303;16.62
644;9;15;24.578;20.12
645;9;16;46.181;12.94
646;9;17;22.057;1.0
647;9;17;25.259;20.86
648;9;17;25.987;12.36
649;9;18;39.493;10.55
650;9;18;41.198;6.43
651;9;18;45.345;8.11
652;9;19;27.879;21.13
653;9;19;27.129;17.11
654;9;19;21.628;5.27
655;9;20;65.986;23.31
656;9;21;61.384;20.96
657;9;22;68.074;0.19
658;9;22;75.045;6.9
659;9;23;75.617;21.1
660;9;24;80.897;5.36
661;9;24;84.149;22.19
662;9;25;12.717;23.51
663;9;25;13.493;9.56
664;9;26;42.272;0.83
665;9;27;66.005;11.8
666;9;27;82.196;10.87
667;9;28;13.725;21.72
668;9;28;12.756;1.46
669;9;28;10.453;7.59
670;9;29;28.647;23.67
671;9;29;30.495;1.16
672;9;30;32.05;20.46
673;9;30;25.436;18.65
674;9;31;36.838;16.79
675;9;32;36.011;13.03
676;9;32;40.697;5.95
677;9;33;39.479;23.38
678;9;33;39.706;1.77
679;9;33;47.052;14.8
680;9;34;32.631;6.65
681;9;35;39.149;15.95
682;9;36;7.444;3.92
683;9;36;7.682;7.3
684;9;36;6.602;0.31
685;9;37;34.38;13.02
686;9;37;25.859;23.74
687;9;38;75.07;22.4
688;9;38;69.787;24.97
689;9;39;45.309;10.49
690;9;39;38.859;0.89
691;9;39;55.52;15.48
692;10;11;57.892;7.38
693;10;11;49.19;9.11
694;10;11;45.915;13.48
695;10;12;8.547;19.23
696;10;12;8.439;4.01
697;10;13;86.899;4.24
698;10;13;77.986;8.68
699;10;13;89.816;18.37
700;10;14;5.307;14.29
701;10;14;6.38;7.27
702;10;14;4.263;7.33
703;10;15;2.93;2.16
704;10;15;3.574;7.04
705;10;15;3.233;10.59
706;10;16;29.973;10.87
707;10;16;28.542;6.13
708;10;16;22.544;3.16
709;10;17;19.667;0.57
710;10;18;20.072;0.63
711;10;19;1.755;24.87
712;10;20;47.93;4.15
713;10;21;35.483;22.13
714;10;22;39.311;0.96
715;10;22;35.815;1.86
716;10;22;33.832;18.1
717;10;23;46.758;7.65
718;10;24;74.643;17.6
719;10;24;93.249;8.18
720;10;25;41.462;14.55
721;10;25;50.425;9.99
722;10;25;47.973;24.89
723;10;26;13.413;20.91
724;10;26;15.574;6.88
725;10;26;14.627;3.69
726;10;27;66.028;13.13
727;10;28;15.151;9.42
728;10;28;18.702;14.11
729;10;28;13.971;3.25
730;10;29;2.493;12.42
731;10;30;7.711;19.93
732;10;31;9.971;15.71
733;10;32;12.704;23.15
734;10;32;9.715;22.58
735;10;32;12.125;1.17
736;10;33;10.748;5.19
737;10;33;10.774;22.85
738;10;33;10.257;17.77
739;10;34;4.84;19.2
740;10;34;5.834;5.65
741;10;35;13.189;11.57
742;10;35;13.221;23.17
743;10;35;14.544;14.19
744;10;36;36.006;2.94
745;10;36;31.651;3.75
746;10;37;11.204;20.97
747;10;38;46.738;21.44
748;10;39;17.194;8.75
749;11;12;66.092;19.99
750;11;12;51.0;23.67
751;11;13;104.258;18.09
752;11;13;123.407;5.79
753;11;14;52.787;10.55
754;11;14;48.164;5.21
755;11;15;58.09;3.1
756;11;16;69.654;13.82
757;11;17;48.727;18.45
758;11;17;56.377;20.59
759;11;18;65.343;21.48
760;11;18;74.939;23.24
761;11;18;50.729;6.27
762;11;19;56.809;13.15
763;11;20;88.328;2.68
764;11;20;88.741;0.52
765;11;21;90.045;6.19
766;11;21;84.355;1.76
767;11;21;108.5;4.48
768;11;22;96.875;16.96
769;11;22;75.714;0.27
770;11;23;104.601;2.88
771;11;24;93.199;1.17
772;11;24;72.796;20.62
773;11;24;115.531;10.35
774;11;25;17.276;17.55
775;11;25;19.493;16.88
776;11;25;16.768;19.74
777;11;26;71.292;17.42
778;11;27;74.772;12.99
779;11;28;42.748;22.45
780;11;28;39.273;24.52
781;11;29;57.478;5.07
782;11;29;55.424;22.63
783;11;29;59.872;19.64
784;11;30;60.251;13.98
785;11;30;71.957;24.05
786;11;30;63.844;9.84
787;11;31;65.94;9.52
788;11;31;82.395;11.94
789;11;32;63.55;0.78
790;11;32;49.582;2.91
791;11;32;53.225;6.76
792;11;33;68.379;23.6
793;11;33;52.956;23.96
794;11;33;74.548;12.37
795;11;34;61.402;22.99
796;11;34;52.939;24.19
797;11;35;68.151;24.03
798;11;35;56.769;0.31
799;11;35;74.154;21.42
800;11;36;21.887;8.1
801;11;36;16.511;7.84
802;11;36;24.652;2.67
803;11;37;63.227;1.95
804;11;37;77.608;2.59
805;11;38;104.196;18.04
806;11;38;93.339;20.5
807;11;39;74.442;1.41
808;11;39;70.308;17.09
809;11;39;57.065;13.15
810;12;13;89.874;24.47
811;12;13;85.822;3.2
812;12;13;102.8;15.87
813;12;14;13.852;17.19
814;12;14;14.288;8.04
815;12;14;11.238;22.79
816;12;15;9.733;0.34
817;12;15;11.438;23.28
818;12;16;32.233;12.11
819;12;16;25.467;17.53
820;12;16;24.316;4.42
821;12;17;23.888;5.36
822;12;18;22.457;15.67
823;12;18;25.106;13.95
824;12;19;10.056;10.17
825;12;20;47.906;10.12
826;12;20;53.987;9.52
827;12;21;27.272;5.32
828;12;22;31.945;19.97
829;12;22;27.477;3.52
830;12;23;38.904;20.31
831;12;24;77.863;16.04
832;12;24;87.972;0.43
833;12;24;70.099;20.13
834;12;25;49.403;8.3
835;12;25;59.597;23.1
836;12;26;6.171;18.0
837;12;26;5.831;7.3
838;12;27;71.122;13.25
839;12;27;58.918;24.75
840;12;28;23.397;7.71
841;12;28;23.638;11.02
842;12;28;26.043;9.65
843;12;29;9.975;16.97
844;12;29;12.391;22.49
845;12;30;11.84;11.67
846;12;30;11.902;5.98
847;12;30;9.114;17.98
848;12;31;3.72;20.13
849;12;31;4.188;4.73
850;12;31;3.629;20.49
851;12;32;14.887;19.26
852;12;32;15.506;4.19
853;12;33;5.626;4.48
854;12;34;7.652;15.04
855;12;34;7.374;3.89
856;12;35;6.574;17.15
857;12;36;44.241;0.01
858;12;36;52.725;10.23
859;12;36;48.42;0.11
860;12;37;8.509;13.13
861;12;37;9.142;5.71
862;12;38;38.269;6.04
863;12;38;30.776;18.64
864;12;38;33.782;11.52
865;12;39;8.647;14.74
866;12;39;10.349;14.21
867;12;39;7.345;14.48
868;13;14;85.65;8.88
869;13;14;66.45;1.54
870;13;15;83.972;7.37
871;13;16;57.641;8.57
872;13;16;69.279;21.06
873;13;17;103.288;0.82
874;13;18;67.493;8.46
875;13;18;59.878;5.77
876;13;18;52.652;8.56
877;13;19;85.535;24.97
878;13;20;46.711;6.87
879;13;21;109.833;8.57
880;13;21;103.804;19.42
881;13;22;89.327;9.85
882;13;23;96.25;2.61
883;13;23;93.0;22.49
884;13;24;12.409;24.6
885;13;24;11.19;4.19
886;13;24;9.614;21.52
887;13;25;100.154;10.5
888;13;25;76.716;19.06
889;13;26;87.307;9.42
890;13;27;29.586;6.28
891;13;27;31.524;22.22
892;13;28;88.556;15.82
893;13;28;76.311;7.62
894;13;28;88.953;0.59
895;13;29;84.45;13.24
896;13;30;79.454;8.46
897;13;31;93.521;11.93
898;13;31;83.59;19.9
899;13;31;74.471;6.82
900;13;32;75.189;22.63
901;13;32;81.908;14.92
902;13;32;87.823;6.61
903;13;33;85.017;10.11
904;13;33;102.735;14.01
905;13;34;83.549;18.98
906;13;35;96.388;19.56
907;13;35;115.786;8.84
908;13;35;97.109;24.24
909;13;36;93.798;0.68
910;13;37;97.279;13.46
911;13;37;90.345;11.0
912;13;37;91.567;21.46
913;13;38;106.029;23.33
914;13;38;94.877;22.78
915;13;38;103.025;10.95
916;13;39;93.673;15.96
917;13;39;115.944;17.96
918;13;39;81.845;19.89
919;14;15;5.468;11.55
920;14;15;5.197;5.05
921;14;16;29.967;15.43
922;14;17;18.382;8.5
923;14;17;21.77;14.04
924;14;17;19.753;19.48
925;14;18;20.552;16.03
926;14;18;16.614;3.87
927;14;18;25.242;19.23
928;14;19;4.023;20.91
929;14;20;48.924;9.91
930;14;20;42.615;24.63
931;14;21;40.599;15.61
932;14;22;44.188;20.51
933;14;23;51.814;24.45
934;14;23;60.548;10.59
935;14;23;51.345;0.19
936;14;24;73.294;0.76
937;14;24;69.464;19.07
938;14;24;70.439;8.04
939;14;25;36.571;21.78
940;14;26;18.534;9.43
941;14;27;63.438;0.9
942;14;27;49.044;9.89
943;14;27;57.682;24.15
944;14;28;10.181;10.5
945;14;29;4.777;2.02
946;14;29;5.129;11.25
947;14;30;9.29;13.97
948;14;30;11.591;3.62
949;14;30;8.188;13.13
950;14;31;14.979;23.47
951;14;31;14.531;13.91
952;14;32;14.254;16.32
953;14;33;15.606;16.67
954;14;33;12.728;17.07
955;14;34;8.778;10.63
956;14;34;9.781;9.72
957;14;35;18.056;14.68
958;14;36;30.906;10.57
959;14;36;36.298;20.46
960;14;37;15.107;15.76
961;14;38;52.029;19.23
962;14;39;22.496;11.56
963;14;39;26.269;18.98
964;14;39;19.871;10.18
965;15;16;27.071;9.99
966;15;16;27.477;24.09
967;15;16;21.979;22.93
968;15;17;22.147;4.54
969;15;17;25.222;17.9
970;15;17;20.054;23.64
971;15;18;17.198;20.6
972;15;18;17.01;21.07
973;15;18;17.647;21.62
974;15;19;1.983;21.62
975;15;20;45.195;24.38
976;15;20;37.501;17.32
977;15;20;37.287;1.62
978;15;21;37.002;14.55
979;15;22;38.807;23.89
980;15;22;36.647;2.89
981;15;23;46.546;18.19
982;15;24;71.72;20.42
983;15;24;55.778;22.86
984;15;25;42.003;13.0
985;15;25;44.127;16.53
986;15;25;42.162;15.94
987;15;26;13.464;16.06
988;15;27;63.257;18.59
989;15;27;58.162;9.76
990;15;28;15.628;2.43
991;15;28;15.882;22.7
992;15;28;14.984;9.31
993;15;29;0.76;2.85
994;15;29;0.924;2.14
995;15;30;4.879;11.94
996;15;31;11.952;11.07
997;15;31;13.668;18.73
998;15;32;9.969;1.56
999;15;32;8.394;7.46
1000;15;32;7.512;24.44
1001;15;33;10.322;22.36
1002;15;33;10.936;7.11
1003;15;33;9.424;1.91
1004;15;34;3.328;16.29
1005;15;35;15.254;6.34
1006;15;35;15.549;9.06
1007;15;36;36.234;10.9
1008;15;36;27.391;14.76
1009;15;37;13.896;0.67
1010;15;38;47.239;6.64
1011;15;38;43.988;10.61
1012;15;39;18.196;22.86
1013;16;17;48.346;20.92
1014;16;17;42.48;12.48
1015;16;18;9.975;21.22
1016;16;18;8.837;23.83
1017;16;19;28.847;2.96
1018;16;19;32.391;8.27
1019;16;20;19.858;4.61
1020;16;21;54.245;9.88
1021;16;21;47.948;21.3
1022;16;22;40.666;24.75
1023;16;22;36.792;14.22
1024;16;23;49.291;23.79
1025;16;23;40.788;6.33
1026;16;23;47.326;5.95
1027;16;24;45.674;14.36
1028;16;25;57.552;7.52
1029;16;26;29.991;13.82
1030;16;26;22.943;7.12
1031;16;26;32.695;4.86
1032;16;27;41.27;20.32
1033;16;27;44.573;4.25
1034;16;27;31.535;15.59
1035;16;28;36.182;17.95
1036;16;28;34.983;22.65
1037;16;28;30.873;5.22
1038;16;29;27.657;18.37
1039;16;29;31.483;16.08
1040;16;30;22.291;17.85
1041;16;30;24.683;0.78
1042;16;31;35.886;17.38
1043;16;32;17.667;11.85
1044;16;32;20.698;4.34
1045;16;33;27.463;5.17
1046;16;34;26.148;8.17
1047;16;35;38.752;8.81
1048;16;35;42.308;20.82
1049;16;36;50.588;21.33
1050;16;36;45.817;14.37
1051;16;36;42.342;16.61
1052;16;37;39.788;15.95
1053;16;37;33.468;0.86
1054;16;38;55.748;10.03
1055;16;39;36.549;10.94
1056;17;18;38.871;7.78
1057;17;18;46.339;11.94
1058;17;18;39.418;9.93
1059;17;19;20.174;0.16
1060;17;19;22.38;23.8
1061;17;20;67.183;11.81
1062;17;20;58.639;18.59
1063;17;21;42.085;18.77
1064;17;22;55.244;24.93
1065;17;22;67.251;0.47
1066;17;23;61.346;0.09
1067;17;24;90.886;17.97
1068;17;25;31.508;16.64
1069;17;25;35.762;19.22
1070;17;26;30.057;8.54
1071;17;26;27.27;23.31
1072;17;27;79.455;21.24
1073;17;28;15.711;9.56
1074;17;28;16.572;16.03
1075;17;29;21.427;11.74
1076;17;29;18.82;0.36
1077;17;29;23.899;19.92
1078;17;30;26.949;23.03
1079;17;31;21.705;13.27
1080;17;32;32.075;20.08
1081;17;32;30.188;23.14
1082;17;33;28.791;3.46
1083;17;33;22.566;22.02
1084;17;34;24.469;0.96
1085;17;34;28.565;14.87
1086;17;34;23.964;16.57
1087;17;35;22.49;24.51
1088;17;36;28.986;15.38
1089;17;36;34.461;4.96
1090;17;36;24.319;16.89
1091;17;37;17.176;4.77
1092;17;38;58.187;15.69
1093;17;38;45.072;20.24
1094;17;38;68.107;16.65
1095;17;39;30.026;24.29
1096;17;39;24.112;10.88
1097;17;39;34.774;14.07
1098;18;19;19.032;5.37
1099;18;20;28.38;8.85
1100;18;20;29.295;0.18
1101;18;20;24.026;0.65
1102;18;21;46.063;2.83
1103;18;21;55.723;23.46
1104;18;21;35.376;0.54
1105;18;22;36.695;15.76
1106;18;22;44.955;5.34
1107;18;22;32.392;0.81
1108;18;23;45.399;1.56
1109;18;23;35.773;11.37
1110;18;23;52.94;13.98
1111;18;24;55.425;12.2
1112;18;24;56.809;24.74
1113;18;25;51.627;17.97
1114;18;25;64.34;13.34
1115;18;26;20.912;17.16
1116;18;26;17.821;2.67
1117;18;26;16.595;0.85
1118;18;27;49.42;14.89
1119;18;27;46.126;14.24
1120;18;28;27.982;0.07
1121;18;28;30.843;12.13
1122;18;29;17.815;20.04
1123;18;29;18.203;3.21
1124;18;29;14.657;14.15
1125;18;30;12.365;20.1
1126;18;30;12.367;2.05
1127;18;30;10.997;12.83
1128;18;31;26.057;12.59
1129;18;31;21.132;15.37
1130;18;31;20.209;10.34
1131;18;32;7.708;19.72
1132;18;32;6.043;11.36
1133;18;33;18.034;3.62
1134;18;33;16.416;15.67
1135;18;33;17.437;8.6
1136;18;34;16.173;7.6
1137;18;34;17.287;9.26
1138;18;35;29.019;19.17
1139;18;36;44.869;12.19
1140;18;36;41.673;17.76
1141;18;36;47.501;10.68
1142;18;37;29.834;4.97
1143;18;37;26.684;5.37
1144;18;38;50.115;22.55
1145;18;39;27.562;6.94
1146;18;39;31.085;15.81
1147;18;39;22.252;6.47
1148;19;20;47.122;10.72
1149;19;20;38.928;23.67
1150;19;21;37.142;20.02
1151;19;21;37.506;22.94
1152;19;22;40.197;11.72
1153;19;22;47.353;2.83
1154;19;23;47.793;18.73
1155;19;23;54.358;10.5
1156;19;23;47.581;13.55
1157;19;24;73.254;23.9
1158;19;24;84.945;0.31
1159;19;25;40.544;23.35
1160;19;25;41.459;7.27
1161;19;25;31.183;12.91
1162;19;26;14.514;10.46
1163;19;26;14.624;17.51
1164;19;27;64.413;3.74
1165;19;28;14.157;4.8
1166;19;28;15.491;7.65
1167;19;29;1.253;4.8
1168;19;29;1.064;15.8
1169;19;29;1.424;21.77
1170;19;30;6.801;15.76
1171;19;30;6.052;0.91
1172;19;30;7.98;3.78
1173;19;31;11.693;23.05
1174;19;32;11.916;21.63
1175;19;32;13.149;8.55
1176;19;33;11.6;17.95
1177;19;33;10.696;1.81
1178;19;34;4.963;20.37
1179;19;35;14.928;5.01
1180;19;35;14.18;17.61
1181;19;36;34.926;7.54
1182;19;36;29.466;22.38
1183;19;36;36.35;4.41
1184;19;37;12.906;15.75
1185;19;37;9.952;3.46
1186;19;38;48.082;14.62
1187;19;38;42.06;17.05
1188;19;38;50.418;9.35
1189;19;39;18.686;16.98
1190;19;39;20.571;18.04
1191;20;21;63.856;22.91
1192;20;21;75.123;5.55
1193;20;22;42.68;4.96
1194;20;22;40.041;14.2
1195;20;23;49.934;20.34
1196;20;23;38.961;22.6
1197;20;23;54.341;14.31
1198;20;24;36.779;17.96
1199;20;25;77.122;22.16
1200;20;25;84.942;17.2
1201;20;25;71.68;5.53
1202;20;26;43.814;15.55
1203;20;26;48.828;4.21
1204;20;27;41.633;7.51
1205;20;27;41.108;12.66
1206;20;28;55.908;5.53
1207;20;28;45.506;5.3
1208;20;28;45.849;4.87
1209;20;29;45.875;9.15
1210;20;29;48.06;17.87
1211;20;30;40.323;19.4
1212;20;30;45.942;9.8
1213;20;30;38.193;12.62
1214;20;31;51.604;18.48
1215;20;31;43.03;16.49
1216;20;32;35.236;5.2
1217;20;32;37.565;12.64
1218;20;32;43.266;9.66
1219;20;33;42.406;10.11
1220;20;34;43.48;16.81
1221;20;35;53.895;3.11
1222;20;35;61.863;11.01
1223;20;35;65.805;12.64
1224;20;36;70.128;0.18
1225;20;36;86.325;18.22
1226;20;37;56.234;16.29
1227;20;38;59.369;6.85
1228;20;38;50.096;10.2
1229;20;38;56.054;2.9
1230;20;39;49.508;3.85
1231;21;22;26.588;18.22
1232;21;23;27.076;2.63
1233;21;23;20.967;23.32
1234;21;23;31.387;10.83
1235;21;24;98.653;14.47
1236;21;24;86.489;6.42
1237;21;24;118.345;19.66
1238;21;25;72.802;6.62
1239;21;25;82.92;15.9
1240;21;26;25.585;24.43
1241;21;26;21.331;7.78
1242;21;26;22.824;7.55
1243;21;27;95.326;16.33
1244;21;28;48.874;0.06
1245;21;29;37.21;22.0
1246;21;29;45.092;14.43
1247;21;29;40.252;4.22
1248;21;30;38.502;20.27
1249;21;30;39.856;21.18
1250;21;31;25.626;20.59
1251;21;31;29.616;24.69
1252;21;32;39.848;22.05
1253;21;33;28.971;15.5
1254;21;33;27.061;18.44
1255;21;33;26.698;2.21
1256;21;34;34.699;3.13
1257;21;34;33.417;3.48
1258;21;34;31.868;9.84
1259;21;35;22.692;16.61
1260;21;35;17.646;19.1
1261;21;36;68.826;5.23
1262;21;37;27.034;11.49
1263;21;37;25.99;17.13
1264;21;38;18.71;2.3
1265;21;38;21.688;2.34
1266;21;39;19.222;16.66
1267;21;39;14.592;21.29
1268;21;39;23.767;13.05
1269;22;23;8.722;16.49
1270;22;23;10.241;22.3
1271;22;24;79.353;17.05
1272;22;24;70.673;8.37
1273;22;25;80.739;24.46
1274;22;25;67.847;7.54
1275;22;25;72.344;11.72
1276;22;26;26.038;22.36
1277;22;27;80.577;0.52
1278;22;27;77.572;14.6
1279;22;28;54.354;5.88
1280;22;28;63.093;7.55
1281;22;29;39.442;20.25
1282;22;29;33.466;12.22
1283;22;30;36.879;0.54
1284;22;30;31.316;9.84
1285;22;31;33.563;10.36
1286;22;32;34.629;12.15
1287;22;33;28.603;2.92
1288;22;33;28.136;17.02
1289;22;33;21.464;2.97
1290;22;34;35.485;12.52
1291;22;35;32.982;0.77
1292;22;36;75.039;17.45
1293;22;36;66.522;23.76
1294;22;37;38.17;10.36
1295;22;37;42.103;1.4
1296;22;37;37.385;5.04
1297;22;38;16.702;10.98
1298;22;38;17.658;13.68
1299;22;39;25.336;9.97
1300;22;39;19.478;13.59
1301;22;39;27.789;12.51
1302;23;24;86.713;1.26
1303;23;24;105.014;12.11
1304;23;25;88.195;17.25
1305;23;26;33.346;9.17
1306;23;27;88.825;13.2
1307;23;28;61.902;22.5
1308;23;28;62.998;17.13
1309;23;29;47.138;17.62
1310;23;29;44.427;22.79
1311;23;30;45.011;9.2
1312;23;30;45.417;3.72
1313;23;31;39.983;0.3
1314;23;31;44.641;1.32
1315;23;31;48.991;20.91
1316;23;32;43.076;21.89
1317;23;33;36.232;8.27
1318;23;33;35.75;11.85
1319;23;33;28.109;12.27
1320;23;34;43.259;8.94
1321;23;35;38.857;18.47
1322;23;36;82.719;18.27
1323;23;36;91.802;2.22
1324;23;37;44.173;18.9
1325;23;37;39.363;5.44
1326;23;37;54.694;24.19
1327;23;38;11.417;24.49
1328;23;38;9.84;18.04
1329;23;39;31.387;20.03
1330;24;25;88.29;13.07
1331;24;25;107.635;14.54
1332;24;26;75.54;22.08
1333;24;26;92.169;23.61
1334;24;26;69.907;2.6
1335;24;27;19.736;16.35
1336;24;27;21.521;4.76
1337;24;27;15.086;8.49
1338;24;28;76.152;13.76
1339;24;29;72.184;13.99
1340;24;29;71.233;5.41
1341;24;30;67.256;7.58
1342;24;31;81.482;8.96
1343;24;31;88.386;16.34
1344;24;31;99.638;0.48
1345;24;32;63.095;1.78
1346;24;33;73.127;5.97
1347;24;34;71.392;5.81
1348;24;35;84.406;15.3
1349;24;35;96.054;17.98
1350;24;35;102.754;17.63
1351;24;36;81.826;4.11
1352;24;37;85.129;9.33
1353;24;37;98.153;0.04
1354;24;37;91.171;17.82
1355;24;38;95.994;21.59
1356;24;38;79.024;1.42
1357;24;38;99.089;23.9
1358;24;39;81.991;5.28
1359;25;26;54.858;20.12
1360;25;26;45.045;9.07
1361;25;26;42.925;0.62
1362;25;27;71.704;5.21
1363;25;27;87.606;9.65
1364;25;27;81.078;20.87
1365;25;28;26.392;6.94
1366;25;28;26.046;0.56
1367;25;29;41.339;20.49
1368;25;29;45.258;14.36
1369;25;30;44.744;0.1
1370;25;30;40.991;6.57
1371;25;31;48.996;1.84
1372;25;32;48.598;9.41
1373;25;32;55.975;1.43
1374;25;33;52.136;1.5
1375;25;33;62.344;21.7
1376;25;33;40.946;1.46
1377;25;34;45.33;19.93
1378;25;34;51.766;3.81
1379;25;35;51.076;15.8
1380;25;36;7.003;16.72
1381;25;36;6.38;3.53
1382;25;36;7.246;10.23
1383;25;37;46.073;0.97
1384;25;38;87.263;4.44
1385;25;38;75.662;0.09
1386;25;39;57.583;3.78
1387;25;39;55.783;15.4
1388;26;27;70.322;2.47
1389;26;28;28.563;9.58
1390;26;28;32.572;15.39
1391;26;28;27.051;10.08
1392;26;29;13.977;10.46
1393;26;29;17.407;4.03
1394;26;30;13.365;22.58
1395;26;30;15.948;6.86
1396;26;31;8.953;14.75
1397;26;31;10.082;10.2
1398;26;31;6.747;16.48
1399;26;32;14.274;9.73
1400;26;32;13.048;8.04
1401;26;32;16.253;24.39
1402;26;33;3.511;21.92
1403;26;33;3.809;5.06
1404;26;33;4.082;4.76
1405;26;34;10.358;23.07
1406;26;34;12.28;6.11
1407;26;34;9.159;12.31
1408;26;35;10.342;11.09
1409;26;35;9.823;20.64
1410;26;36;49.405;14.08
1411;26;37;14.098;9.86
1412;26;38;33.83;0.96
1413;26;39;6.651;3.96
1414;26;39;4.998;16.03
1415;26;39;6.477;1.08
1416;27;28;63.918;3.79
1417;27;28;75.202;22.03
1418;27;28;49.448;11.36
1419;27;29;63.546;4.81
1420;27;29;57.562;3.94
1421;27;30;59.499;10.99
1422;27;30;73.401;2.79
1423;27;30;57.945;11.76
1424;27;31;74.426;0.35
1425;27;31;83.206;10.35
1426;27;32;56.41;0.79
1427;27;32;60.056;12.29
1428;27;32;62.572;8.4
1429;27;33;67.324;0.7
1430;27;33;59.273;14.54
1431;27;34;63.818;1.56
1432;27;35;77.629;22.88
1433;27;35;64.743;3.48
1434;27;35;88.343;5.08
1435;27;36;65.697;13.11
1436;27;37;77.149;6.55
1437;27;37;87.97;22.24
1438;27;38;96.476;22.4
1439;27;38;96.814;1.43
1440;27;38;113.398;13.69
1441;27;39;76.973;19.78
1442;28;29;14.954;1.93
1443;28;29;16.999;16.32
1444;28;30;18.772;22.82
1445;28;30;22.816;16.15
1446;28;30;18.7;17.48
1447;28;31;23.636;11.51
1448;28;31;25.788;12.35
1449;28;31;18.938;11.47
1450;28;32;23.195;16.49
1451;28;32;19.796;4.35
1452;28;33;25.756;20.4
1453;28;34;18.951;21.03
1454;28;35;26.25;8.89
1455;28;35;19.888;3.45
1456;28;36;20.867;0.43
1457;28;36;21.304;4.98
1458;28;36;19.69;6.97
1459;28;37;21.979;16.71
1460;28;37;25.302;1.81
1461;28;37;23.959;23.41
1462;28;38;61.638;24.13
1463;28;38;46.478;15.2
1464;28;38;61.021;17.71
1465;28;39;31.884;17.39
1466;28;39;28.575;12.93
1467;29;30;5.552;19.7
1468;29;30;4.191;3.05
1469;29;31;11.984;19.64
1470;29;32;10.664;11.4
1471;29;33;10.906;7.59
1472;29;33;12.099;10.84
1473;29;34;4.002;24.96
1474;29;34;3.816;20.04
1475;29;34;4.245;24.1
1476;29;35;15.269;8.91
1477;29;35;18.969;16.49
1478;29;35;11.905;21.88
1479;29;36;35.612;7.24
1480;29;37;13.646;8.88
1481;29;37;11.944;23.76
1482;29;38;47.699;21.03
1483;29;38;47.275;16.6
1484;29;38;55.682;13.72
1485;29;39;18.52;20.07
1486;29;39;16.459;9.94
1487;29;39;20.788;9.42
1488;30;31;14.945;23.24
1489;30;31;17.718;2.1
1490;30;31;18.605;17.87
1491;30;32;5.126;12.47
1492;30;33;9.857;6.9
1493;30;33;12.032;17.97
1494;30;34;4.319;5.39
1495;30;34;4.191;17.78
1496;30;34;4.907;15.83
1497;30;35;18.193;23.83
1498;30;35;15.467;14.79
1499;30;35;21.726;13.96
1500;30;36;38.597;18.61
1501;30;37;17.927;1.52
1502;30;37;16.641;15.55
1503;30;38;46.874;5.01
1504;30;38;51.596;11.57
1505;30;38;46.547;17.03
1506;30;39;19.29;19.99
1507;31;32;18.422;10.79
1508;31;32;17.529;7.52
1509;31;33;9.237;11.98
1510;31;34;10.632;0.1
1511;31;35;3.31;13.91
1512;31;36;44.226;5.15
1513;31;36;54.027;13.3
1514;31;36;43.298;20.63
1515;31;37;5.145;24.7
1516;31;37;4.291;23.93
1517;31;37;4.348;14.87
1518;31;38;38.272;2.63
1519;31;38;37.505;21.75
1520;31;39;8.671;9.18
1521;31;39;9.937;8.96
1522;31;39;9.264;0.09
1523;32;33;11.015;22.99
1524;32;34;8.507;17.45
1525;32;34;9.503;2.91
1526;32;34;7.185;13.89
1527;32;35;21.46;24.62
1528;32;35;19.958;3.25
1529;32;36;42.199;1.07
1530;32;37;22.127;10.69
1531;32;37;26.162;13.9
1532;32;37;25.544;4.92
1533;32;38;46.158;12.28
1534;32;38;44.8;1.74
1535;32;38;44.875;6.94
1536;32;39;20.827;15.09
1537;32;39;20.549;13.4
1538;33;34;7.079;15.84
1539;33;34;8.417;24.89
1540;33;34;7.422;21.96
1541;33;35;11.562;24.77
1542;33;35;9.16;18.51
1543;33;35;9.759;13.37
1544;33;36;46.506;12.56
1545;33;36;40.636;2.05
1546;33;37;14.133;18.39
1547;33;37;13.476;23.86
1548;33;38;37.204;17.26
1549;33;38;43.822;18.35
1550;33;38;31.17;24.24
1551;33;39;9.829;10.99
1552;33;39;9.096;11.13
1553;33;39;11.667;6.53
1554;34;35;13.893;14.23
1555;34;36;39.554;19.51
1556;34;37;13.737;1.2
1557;34;38;44.188;19.78
1558;34;38;46.707;7.82
1559;34;39;15.608;3.55
1560;34;39;13.2;5.51
1561;34;39;15.512;8.28
1562;35;36;46.577;3.02
1563;35;36;39.241;23.02
1564;35;37;5.327;3.72
1565;35;38;36.293;20.33
1566;35;39;7.648;17.98
1567;35;39;8.322;21.91
1568;35;39;6.825;18.87
1569;36;37;41.824;22.41
1570;36;37;36.557;18.31
1571;36;38;82.42;13.15
1572;36;38;74.92;24.83
1573;36;39;52.651;15.06
1574;37;38;41.496;1.26
1575;37;39;12.868;5.5
1576;37;39;13.384;11.4
1577;37;39;12.189;7.81
1578;38;39;29.769;3.5
1579;38;39;29.441;12.02
1580;38;39;26.661;10.31
