VERTEX_COUNT 40
PATH_COUNT 1
BUDGET 480
<------------ VERTICES ------------>
0;START;41.374834;2.170055;0.0;0.0
1;Basilica of the Sagrada Família;41.403568;2.174435;45.0;100.0
2;Museu Nacional d’Art de Catalunya;41.36882;2.153347;45.0;88.89
3;Palau Güell;41.378864;2.174117;45.0;87.92
4;La Pedrera (Casa Milà);41.395271;2.161785;45.0;86.52
5;Anella Olímpica(Olympic Park);41.364778;2.152575;45.0;83.0
6;Poble Espanyol;41.368679;2.147031;45.0;78.41
7;Montjuïc Castle;41.363823;2.167096;45.0;77.16
8;Passeig de Gràcia;41.390739;2.166672;45.0;72.72
9;Museu d’Història de Catalunya - MHC;41.380852;2.185799;45.0;72.66
10;Parc de la Ciutadella;41.389248;2.186548;45.0;72.36
11;Basilica of Sants Just i Pastor;41.382812;2.178195;45.0;72.03
12;Casa Batlló;41.391758;2.164961;45.0;71.92
13;Park Güell;41.414249;2.151926;45.0;70.34
14;Antic Hospital de la Santa Creu;41.380573;2.170374;45.0;69.5
15;Avinguda d’Icària;41.391556;2.197416;45.0;69.06
16;Galeria d’Art Mar Grup Escolà;41.392349;2.167836;45.0;67.15
17;Basilica of Santa Maria del Mar;41.383518;2.1818;45.0;66.18
18;Museu Picasso;41.385181;2.180863;45.0;65.99
19;Museu Frederic Marès;41.384178;2.176819;45.0;60.48
20;Plaça del Rei;41.384144;2.177409;45.0;60.04
21;Casa Vicens;41.403442;2.150684;45.0;59.87
22;Plaça de Catalunya;41.387005;2.17003;45.0;57.56
23;Museu Palmero;41.424667;2.139856;45.0;57.05
24;Royal Dockyards Museu Marítim ;41.375286;2.17598;45.0;55.78
25;Museu d’Història de Barcelona;41.384144;2.177409;45.0;55.58
26;Rambla del Raval;41.378681;2.169317;45.0;53.45
27;Casa Martí, Els Quatre Gats ;41.385775;2.173671;45.0;53.26
28;Poblenou Cemetery;41.394859;2.201189;45.0;52.6
29;Turó de la Rovira viewing point;41.419388;2.161812;45.0;51.47
30;Palau Montaner;41.39555;2.1652;45.0;51.03
31;Despair;41.387653;2.188076;45.0;49.01
32;La Colmena;41.383835;2.178294;45.0;47.68
33;Magic Fountain of Montjuïc;41.37117;2.151732;45.0;47.65
34;90th Jean Bouin;41.373077;2.150465;45.0;47.52
35;Museu de la Moto ;41.383327;2.174488;45.0;47.37
36;El Fossar de les Moreres;41.383713;2.18243;45.0;47.13
37;Plaça de Sant Jaume;41.382668;2.176983;45.0;46.72
38;Casa Lleó Morera;41.39119;2.165511;45.0;46.36
39;FINISH;41.374834;2.170055;0.0;0.0
<------------- EDGES -------------->
0;0;1;49.491;24.25
1;0;2;23.796;1.52
2;0;3;8.647;19.01
3;0;3;8.274;22.5
4;0;3;7.137;0.69
5;0;4;36.549;17.61
6;0;5;28.285;21.67
7;0;5;21.818;3.59
8;0;5;22.678;13.34
9;0;6;31.387;15.55
10;0;6;24.04;4.06
11;0;6;27.638;11.26
12;0;7;19.222;13.61
13;0;7;22.465;23.52
14;0;8;27.562;16.81
15;0;8;23.769;17.7
16;0;8;24.497;18.24
17;0;9;22.688;15.71
18;0;9;25.693;12.92
19;0;10;32.509;23.86
20;0;11;17.194;5.56
21;0;12;29.69;11.62
22;0;12;32.371;20.56
23;0;12;23.265;14.21
24;0;13;71.35;4.88
25;0;13;56.819;15.28
26;0;14;9.829;23.87
27;0;14;10.34;16.78
28;0;15;45.309;4.63
29;0;15;46.0;2.82
30;0;15;56.35;23.19
31;0;16;30.107;4.11
32;0;16;34.762;18.5
33;0;16;24.748;0.55
34;0;17;21.172;10.81
35;0;17;16.292;12.26
36;0;17;26.181;13.43
37;0;18;22.496;0.47
38;0;18;18.032;10.28
39;0;19;18.196;19.24
40;0;20;18.52;15.29
41;0;20;18.417;11.56
42;0;21;54.909;15.79
43;0;21;64.406;4.81
44;0;21;66.253;13.71
45;0;22;20.827;16.88
46;0;22;19.28;23.57
47;0;23;93.673;3.09
48;0;23;107.363;23.19
49;0;24;7.648;23.57
50;0;24;8.651;2.37
51;0;25;18.52;18.02
52;0;26;6.651;8.66
53;0;27;19.29;16.26
54;0;28;52.651;17.53
55;0;29;76.973;16.12
56;0;30;35.994;7.56
57;0;30;31.062;5.05
58;0;31;31.884;14.08
59;0;31;26.439;5.98
60;0;32;18.686;24.11
61;0;33;24.35;6.83
62;0;33;20.491;4.27
63;0;34;25.336;12.15
64;0;34;20.634;1.6
65;0;34;19.854;20.1
66;0;35;15.608;16.64
67;0;35;17.462;5.31
68;0;35;12.189;3.39
69;0;36;21.985;13.59
70;0;37;16.089;21.39
71;0;37;19.187;19.29
72;0;37;15.347;4.73
73;0;38;28.59;4.47
74;0;38;34.071;14.83
75;0;38;35.353;24.66
76;0;39;0.0;22.16
77;0;39;0.0;4.9
78;0;39;0.0;7.12
79;1;2;65.336;11.78
80;1;3;42.276;20.18
81;1;4;21.57;1.92
82;1;4;21.685;8.34
83;1;4;25.435;21.14
84;1;5;72.069;15.14
85;1;5;77.232;1.92
86;1;6;69.299;6.03
87;1;6;75.744;13.36
88;1;7;68.662;7.72
89;1;7;54.035;24.26
90;1;8;24.109;24.99
91;1;8;20.862;16.79
92;1;8;23.043;8.34
93;1;9;41.52;12.77
94;1;9;32.605;8.38
95;1;9;35.834;8.7
96;1;10;29.022;2.32
97;1;11;35.845;6.14
98;1;11;36.534;12.42
99;1;11;27.019;16.21
100;1;12;23.587;7.18
101;1;12;25.746;10.07
102;1;13;34.185;1.37
103;1;14;39.694;0.1
104;1;14;49.545;7.13
105;1;15;35.955;13.35
106;1;15;36.756;12.08
107;1;16;20.984;23.4
108;1;16;16.773;24.85
109;1;16;22.609;16.76
110;1;17;35.589;1.79
111;1;17;36.399;5.82
112;1;18;32.528;13.48
113;1;18;39.948;4.66
114;1;18;31.703;7.26
115;1;19;33.322;3.8
116;1;19;39.777;22.51
117;1;19;31.983;12.03
118;1;20;33.457;12.71
119;1;21;30.486;16.8
120;1;21;28.262;9.77
121;1;21;33.182;7.54
122;1;22;28.902;20.24
123;1;22;34.744;23.26
124;1;23;57.209;13.67
125;1;24;48.438;7.39
126;1;24;52.409;22.18
127;1;24;57.194;7.7
128;1;25;33.457;2.37
129;1;25;27.253;23.58
130;1;26;43.091;2.05
131;1;26;50.838;3.23
132;1;27;30.463;24.73
133;1;27;34.36;14.45
134;1;28;37.436;18.97
135;1;28;46.734;5.04
136;1;29;31.549;10.73
137;1;30;18.132;15.21
138;1;31;32.378;6.07
139;1;32;34.129;6.7
140;1;32;42.346;9.34
141;1;33;62.636;16.43
142;1;33;50.021;1.01
143;1;33;69.331;7.67
144;1;34;60.577;5.37
145;1;35;34.637;11.45
146;1;35;36.674;11.3
147;1;35;33.286;15.2
148;1;36;35.493;1.93
149;1;37;35.914;4.17
150;1;37;27.273;13.19
151;1;37;41.207;5.86
152;1;38;24.081;20.01
153;1;38;22.361;1.3
154;1;39;49.491;11.03
155;2;3;31.73;9.38
156;2;3;35.947;16.76
157;2;4;46.542;16.77
158;2;4;50.741;17.22
159;2;5;6.988;18.98
160;2;5;6.235;1.85
161;2;5;8.23;18.02
162;2;6;8.115;18.74
163;2;7;19.619;8.17
164;2;7;15.367;1.93
165;2;8;41.226;12.51
166;2;9;46.481;8.1
167;2;10;55.131;20.54
168;2;11;39.892;21.41
169;2;12;41.989;2.97
170;2;12;37.421;0.51
171;2;12;36.089;12.1
172;2;13;77.761;5.23
173;2;13;60.878;0.37
174;2;14;29.708;9.5
175;2;14;25.645;7.95
176;2;15;68.67;17.41
177;2;15;54.893;3.48
178;2;16;44.354;17.28
179;2;16;42.867;10.51
180;2;16;50.299;5.14
181;2;17;44.356;8.48
182;2;17;39.252;1.46
183;2;18;45.08;10.07
184;2;18;38.668;15.76
185;2;19;39.989;22.31
186;2;20;40.525;4.86
187;2;20;31.748;14.24
188;2;20;48.317;20.46
189;2;21;59.345;9.56
190;2;22;37.779;23.92
191;2;22;34.196;0.69
192;2;22;31.613;9.22
193;2;23;97.123;17.38
194;2;24;31.099;1.71
195;2;24;32.075;2.41
196;2;24;24.518;21.74
197;2;25;40.525;13.97
198;2;25;36.327;16.79
199;2;25;44.233;4.09
200;2;26;26.558;7.8
201;2;26;31.147;7.7
202;2;27;39.024;6.01
203;2;27;32.454;3.92
204;2;28;75.887;6.56
205;2;29;87.213;6.62
206;2;30;48.206;21.94
207;2;30;44.458;5.09
208;2;31;55.02;4.87
209;2;31;61.132;3.78
210;2;31;53.226;0.96
211;2;32;41.065;4.36
212;2;32;40.293;20.61
213;2;33;4.525;13.1
214;2;34;8.171;8.5
215;2;35;36.786;9.35
216;2;35;33.899;24.67
217;2;35;44.787;8.42
218;2;36;45.212;4.35
219;2;36;35.238;20.51
220;2;36;56.282;17.71
221;2;37;38.506;22.11
222;2;37;36.326;9.74
223;2;38;41.344;10.87
224;2;38;47.567;15.66
225;2;38;42.399;12.25
226;2;39;23.796;14.38
227;2;39;23.518;10.59
228;3;4;32.233;6.89
229;3;4;25.461;13.2
230;3;5;36.692;13.83
231;3;5;42.168;20.24
232;3;6;38.904;9.95
233;3;7;27.272;1.1
234;3;7;21.629;7.05
235;3;7;27.426;4.14
236;3;8;22.457;18.66
237;3;8;24.233;12.38
238;3;9;15.381;12.77
239;3;10;23.885;12.6
240;3;10;24.687;5.27
241;3;10;22.816;7.15
242;3;11;8.547;5.81
243;3;11;6.423;12.9
244;3;12;25.001;11.05
245;3;13;66.918;6.12
246;3;13;59.732;8.23
247;3;13;82.486;10.19
248;3;14;5.626;6.91
249;3;15;36.967;9.62
250;3;16;24.444;1.6
251;3;17;12.678;17.9
252;3;17;14.18;0.19
253;3;18;13.852;19.53
254;3;18;15.61;3.66
255;3;19;9.733;24.65
256;3;20;9.975;20.12
257;3;20;12.155;20.02
258;3;21;51.71;13.68
259;3;21;63.838;2.65
260;3;21;39.902;11.67
261;3;22;14.887;17.63
262;3;23;89.874;12.19
263;3;23;85.7;7.61
264;3;23;77.891;3.51
265;3;24;6.574;7.87
266;3;24;5.063;21.51
267;3;25;9.975;7.91
268;3;26;6.171;8.8
269;3;26;5.837;4.73
270;3;26;5.738;6.02
271;3;27;11.84;12.37
272;3;27;10.93;3.99
273;3;27;11.202;3.14
274;3;28;44.241;13.7
275;3;28;41.519;20.41
276;3;29;71.122;8.25
277;3;30;30.763;1.64
278;3;31;23.397;1.1
279;3;31;22.339;4.78
280;3;32;10.056;9.21
281;3;32;7.586;23.39
282;3;32;10.969;24.39
283;3;33;31.617;21.86
284;3;34;31.945;2.19
285;3;34;28.748;19.27
286;3;34;33.64;2.33
287;3;35;7.652;20.63
288;3;36;13.52;14.21
289;3;36;11.472;1.25
290;3;36;14.661;9.94
291;3;37;7.478;24.26
292;3;37;8.129;8.66
293;3;38;23.811;10.34
294;3;38;24.493;17.8
295;3;39;8.647;13.72
296;3;39;8.719;24.44
297;3;39;8.913;24.28
298;4;5;53.504;21.3
299;4;5;45.963;10.94
300;4;5;55.501;1.59
301;4;6;49.291;5.55
302;4;6;58.656;0.15
303;4;7;54.245;22.6
304;4;7;59.942;16.61
305;4;7;54.77;4.8
306;4;8;9.975;16.47
307;4;9;39.488;12.26
308;4;9;42.199;23.71
309;4;10;33.419;17.49
310;4;10;39.51;20.04
311;4;11;29.973;15.74
312;4;11;27.893;14.92
313;4;11;30.115;4.33
314;4;12;7.264;7.97
315;4;12;5.544;20.36
316;4;13;34.854;24.65
317;4;13;26.771;5.45
318;4;14;27.463;6.04
319;4;14;33.178;5.47
320;4;14;33.253;7.47
321;4;15;46.181;21.2
322;4;15;53.333;0.62
323;4;16;9.238;16.37
324;4;16;10.347;19.93
325;4;17;32.631;19.47
326;4;17;40.079;19.34
327;4;18;29.967;18.34
328;4;18;36.874;18.11
329;4;18;35.04;14.72
330;4;19;27.071;8.09
331;4;19;23.172;18.54
332;4;20;27.657;7.08
333;4;21;19.964;6.21
334;4;22;17.667;20.17
335;4;22;20.842;4.45
336;4;22;14.728;14.3
337;4;23;57.641;19.88
338;4;23;59.395;23.02
339;4;24;38.752;16.45
340;4;25;27.657;20.98
341;4;25;22.204;11.21
342;4;25;27.223;12.15
343;4;26;29.991;3.81
344;4;26;23.467;23.6
345;4;26;31.153;13.1
346;4;27;22.291;7.7
347;4;28;50.588;18.29
348;4;28;60.857;5.55
349;4;29;41.27;11.87
350;4;29;41.548;18.65
351;4;29;40.924;17.92
352;4;30;4.41;17.96
353;4;31;36.182;19.4
354;4;31;41.304;8.01
355;4;31;38.798;20.84
356;4;32;28.847;24.27
357;4;32;24.134;12.52
358;4;33;43.215;2.81
359;4;33;39.037;10.49
360;4;34;40.666;6.17
361;4;34;32.388;24.52
362;4;35;26.148;14.26
363;4;35;20.813;16.91
364;4;35;23.039;21.97
365;4;36;33.071;4.57
366;4;36;29.744;4.06
367;4;36;33.186;16.83
368;4;37;29.083;14.42
369;4;37;31.548;23.54
370;4;38;8.465;11.78
371;4;38;8.732;6.68
372;4;39;36.549;22.52
373;4;39;34.789;1.48
374;4;39;43.616;16.72
375;5;6;9.76;24.98
376;5;6;8.117;1.89
377;5;6;12.044;15.44
378;5;7;18.721;2.63
379;5;7;15.38;18.11
380;5;8;47.972;17.55
381;5;8;52.709;19.01
382;5;9;50.763;17.66
383;5;9;46.873;19.21
384;5;9;57.341;16.95
385;5;10;60.469;13.66
386;5;10;69.169;22.9
387;5;11;45.108;20.28
388;5;12;48.832;24.66
389;5;13;84.661;1.47
390;5;14;35.398;20.11
391;5;14;36.529;19.96
392;5;15;73.587;24.85
393;5;15;78.333;24.92
394;5;15;77.902;19.65
395;5;16;51.088;0.92
396;5;16;58.71;21.37
397;5;16;44.141;14.22
398;5;17;49.364;7.84
399;5;17;53.089;17.79
400;5;17;46.744;12.95
401;5;18;50.384;6.85
402;5;19;45.512;6.91
403;5;19;43.22;18.9
404;5;20;45.992;22.82
405;5;20;37.673;4.63
406;5;20;52.329;8.77
407;5;21;66.208;21.57
408;5;21;78.599;8.97
409;5;21;73.415;13.05
410;5;22;44.149;7.12
411;5;22;53.814;3.95
412;5;22;36.62;4.6
413;5;23;103.777;1.28
414;5;23;84.826;16.01
415;5;24;35.025;0.34
416;5;24;35.502;10.33
417;5;24;39.122;24.28
418;5;25;45.992;6.2
419;5;25;44.014;24.31
420;5;26;32.067;19.68
421;5;26;35.862;3.4
422;5;26;25.216;3.86
423;5;27;44.999;22.01
424;5;27;44.462;21.59
425;5;27;46.068;22.79
426;5;28;80.908;5.44
427;5;28;66.974;19.74
428;5;28;85.019;22.78
429;5;29;94.2;21.71
430;5;30;55.097;0.08
431;5;31;60.087;3.27
432;5;31;74.345;7.62
433;5;32;46.414;22.26
434;5;32;44.214;24.91
435;5;33;10.992;9.95
436;5;33;13.599;11.29
437;5;33;11.018;19.78
438;5;34;14.458;16.56
439;5;34;14.882;18.11
440;5;35;42.419;2.59
441;5;35;51.064;20.6
442;5;35;47.774;21.86
443;5;36;50.197;2.31
444;5;37;43.814;9.5
445;5;37;39.396;20.16
446;5;37;45.682;9.9
447;5;38;48.153;24.01
448;5;38;52.23;6.72
449;5;39;28.285;5.7
450;6;7;27.076;6.18
451;6;7;20.602;9.98
452;6;7;31.813;12.79
453;6;8;45.399;24.03
454;6;9;53.965;4.12
455;6;9;44.905;14.94
456;6;9;60.043;3.14
457;6;10;61.754;14.25
458;6;11;46.758;1.89
459;6;11;43.925;23.99
460;6;11;53.348;2.31
461;6;12;45.714;20.23
462;6;12;41.019;10.78
463;6;13;78.233;21.01
464;6;13;59.573;24.25
465;6;14;36.232;20.28
466;6;14;35.765;21.49
467;6;14;28.673;16.33
468;6;15;75.617;6.63
469;6;15;93.709;16.66
470;6;16;48.521;17.76
471;6;16;53.894;10.84
472;6;17;51.362;21.74
473;6;17;53.264;1.45
474;6;17;44.202;18.12
475;6;18;51.814;21.98
476;6;19;46.546;5.62
477;6;19;55.102;14.55
478;6;19;50.315;19.16
479;6;20;47.138;16.57
480;6;20;58.635;5.43
481;6;21;59.672;7.1
482;6;22;43.076;21.38
483;6;22;53.366;22.13
484;6;22;42.387;15.38
485;6;23;96.25;6.1
486;6;23;100.279;12.63
487;6;23;73.741;13.22
488;6;24;38.857;1.87
489;6;24;43.185;9.0
490;6;25;47.138;8.73
491;6;25;38.664;3.67
492;6;26;33.346;24.59
493;6;26;34.407;16.97
494;6;27;45.011;12.98
495;6;27;51.612;18.13
496;6;27;48.145;2.11
497;6;28;82.719;21.3
498;6;28;89.919;0.52
499;6;28;95.525;13.14
500;6;29;88.825;8.77
501;6;29;70.662;14.58
502;6;30;51.562;11.8
503;6;30;45.877;8.04
504;6;31;61.902;23.6
505;6;32;47.793;10.05
506;6;32;47.373;24.67
507;6;33;7.39;13.49
508;6;33;7.897;0.91
509;6;33;7.108;4.01
510;6;34;8.722;24.16
511;6;34;7.911;23.6
512;6;35;43.259;1.75
513;6;36;52.231;18.57
514;6;37;45.302;22.71
515;6;37;34.335;7.72
516;6;38;45.243;12.12
517;6;38;35.273;24.8
518;6;38;42.928;24.76
519;6;39;31.387;19.58
520;6;39;35.665;20.37
521;6;39;39.071;18.36
522;7;8;46.063;9.46
523;7;8;40.699;7.64
524;7;8;38.311;11.95
525;7;9;37.763;23.78
526;7;10;50.168;20.77
527;7;11;35.483;8.92
528;7;12;47.882;2.23
529;7;12;42.215;19.68
530;7;13;88.461;14.84
531;7;14;28.971;23.24
532;7;14;23.63;20.26
533;7;15;61.384;7.75
534;7;15;64.513;2.45
535;7;15;67.102;9.32
536;7;16;48.824;21.42
537;7;17;38.631;5.07
538;7;18;40.599;22.93
539;7;18;38.278;2.08
540;7;19;37.002;23.69
541;7;19;33.0;9.56
542;7;20;37.21;5.7
543;7;20;30.802;1.42
544;7;20;36.452;2.2
545;7;21;70.996;11.95
546;7;22;39.848;7.86
547;7;22;45.186;3.84
548;7;23;109.833;13.33
549;7;24;22.692;17.27
550;7;25;37.21;23.18
551;7;25;44.707;4.84
552;7;26;25.585;4.48
553;7;26;23.356;19.62
554;7;27;38.502;12.9
555;7;27;39.251;7.99
556;7;28;68.826;11.47
557;7;28;56.176;2.92
558;7;29;95.326;6.96
559;7;29;96.746;12.48
560;7;30;54.347;0.49
561;7;30;58.588;7.34
562;7;31;48.874;6.03
563;7;31;40.486;3.42
564;7;31;37.361;9.32
565;7;32;37.142;22.59
566;7;32;45.307;1.58
567;7;32;41.68;2.16
568;7;33;23.396;16.59
569;7;33;27.544;2.07
570;7;34;26.588;20.31
571;7;34;28.761;3.49
572;7;35;34.699;18.72
573;7;35;27.469;16.88
574;7;35;28.89;20.06
575;7;36;39.322;18.29
576;7;37;34.657;13.67
577;7;37;38.472;21.21
578;7;38;46.875;18.47
579;7;39;19.222;6.97
580;7;39;23.653;0.41
581;7;39;18.134;14.88
582;8;9;29.821;18.35
583;8;9;37.228;6.95
584;8;9;34.106;7.48
585;8;10;25.644;17.51
586;8;10;31.77;18.57
587;8;10;24.98;23.23
588;8;11;20.072;13.22
589;8;11;20.364;6.91
590;8;11;15.911;13.81
591;8;12;2.805;18.92
592;8;12;2.483;16.6
593;8;13;44.461;14.01
594;8;13;53.539;9.06
595;8;13;53.951;13.24
596;8;14;18.034;22.34
597;8;15;39.493;20.63
598;8;15;38.174;10.68
599;8;15;38.583;16.04
600;8;16;3.134;16.71
601;8;17;23.02;11.76
602;8;17;25.548;18.86
603;8;17;19.852;24.22
604;8;18;20.552;8.89
605;8;18;22.22;6.71
606;8;18;25.01;23.48
607;8;19;17.198;8.77
608;8;20;17.815;19.74
609;8;20;21.829;22.76
610;8;21;29.895;21.76
611;8;21;23.458;19.48
612;8;21;26.136;17.36
613;8;22;7.708;16.75
614;8;23;67.493;15.35
615;8;23;76.212;19.58
616;8;24;29.019;19.97
617;8;24;32.426;15.57
618;8;24;25.981;14.25
619;8;25;17.815;21.93
620;8;26;20.912;20.27
621;8;26;19.023;9.81
622;8;27;12.365;17.84
623;8;27;10.568;4.2
624;8;27;14.551;17.29
625;8;28;44.869;5.64
626;8;29;49.42;8.43
627;8;29;56.579;7.68
628;8;29;38.432;23.44
629;8;30;8.447;10.31
630;8;30;9.553;7.8
631;8;31;27.982;21.42
632;8;32;19.032;11.68
633;8;32;15.737;12.61
634;8;33;38.592;23.73
635;8;33;30.37;15.92
636;8;33;44.576;8.38
637;8;34;36.695;22.59
638;8;34;36.352;3.97
639;8;34;38.539;21.25
640;8;35;16.173;21.35
641;8;35;17.62;16.99
642;8;35;17.1;3.14
643;8;36;23.534;13.5
644;8;36;19.521;14.15
645;8;36;21.026;17.4
646;8;37;19.131;4.89
647;8;37;18.361;18.48
648;8;37;15.455;19.7
649;8;38;1.678;8.79
650;8;38;1.643;4.62
651;8;38;2.037;7.44
652;8;39;27.562;5.22
653;8;39;25.142;13.55
654;8;39;31.624;5.78
655;9;10;14.4;24.51
656;9;10;15.464;2.55
657;9;11;10.323;9.01
658;9;11;8.311;14.91
659;9;12;32.62;3.75
660;9;13;71.81;14.14
661;9;13;60.584;22.35
662;9;13;86.911;7.78
663;9;14;19.811;4.13
664;9;14;21.212;22.92
665;9;15;23.621;14.88
666;9;15;21.07;7.74
667;9;16;30.314;3.8
668;9;17;6.869;22.7
669;9;17;8.527;6.08
670;9;17;7.794;8.56
671;9;18;9.749;21.86
672;9;19;12.858;2.57
673;9;19;11.265;13.67
674;9;20;12.156;3.38
675;9;21;59.384;0.55
676;9;22;22.821;18.05
677;9;23;95.389;13.27
678;9;23;77.403;14.62
679;9;24;15.801;13.87
680;9;25;12.156;6.11
681;9;25;9.144;7.45
682;9;25;9.469;7.71
683;9;26;21.487;13.23
684;9;27;17.705;24.2
685;9;27;19.234;12.77
686;9;28;31.063;9.38
687;9;28;30.231;19.93
688;9;28;29.524;20.68
689;9;29;72.778;2.8
690;9;30;36.496;17.79
691;9;30;37.618;20.94
692;9;30;39.793;4.15
693;9;31;12.0;18.45
694;9;32;10.905;9.62
695;9;32;8.313;18.44
696;9;33;46.777;12.18
697;9;33;54.689;8.85
698;9;33;48.247;21.64
699;9;34;47.282;4.17
700;9;34;54.836;6.45
701;9;34;50.618;8.41
702;9;35;15.128;0.06
703;9;35;15.186;10.63
704;9;35;14.652;23.09
705;9;36;6.533;17.89
706;9;37;11.738;17.58
707;9;37;10.202;0.83
708;9;37;10.161;17.22
709;9;38;31.487;1.76
710;9;39;22.688;11.83
711;10;11;15.372;3.17
712;10;11;16.895;9.86
713;10;12;28.044;19.32
714;10;12;27.622;5.13
715;10;12;22.904;1.3
716;10;13;61.687;16.65
717;10;14;25.526;15.05
718;10;15;14.501;5.9
719;10;15;18.069;11.64
720;10;16;24.601;14.99
721;10;17;11.546;2.45
722;10;18;10.085;3.95
723;10;18;12.31;9.75
724;10;19;15.208;14.63
725;10;19;13.691;15.85
726;10;19;18.186;23.13
727;10;20;14.627;15.48
728;10;21;52.053;15.99
729;10;21;58.708;16.0
730;10;21;47.202;16.61
731;10;22;21.551;18.48
732;10;22;18.009;17.08
733;10;23;85.235;13.43
734;10;24;27.476;1.57
735;10;24;21.805;18.83
736;10;25;14.627;14.91
737;10;25;15.217;18.45
738;10;26;28.573;1.33
739;10;26;35.223;23.78
740;10;26;23.72;10.59
741;10;27;17.568;15.8
742;10;27;15.167;18.53
743;10;28;21.106;9.23
744;10;29;60.565;3.22
745;10;29;60.638;0.31
746;10;30;29.451;4.57
747;10;30;23.715;20.65
748;10;31;3.361;23.63
749;10;32;14.075;14.48
750;10;33;54.364;16.88
751;10;33;50.017;4.89
752;10;34;53.966;18.66
753;10;34;63.137;1.57
754;10;35;18.504;15.42
755;10;35;16.106;22.44
756;10;35;17.194;19.67
757;10;36;10.847;22.86
758;10;36;13.041;9.64
759;10;37;16.661;16.89
760;10;37;20.357;17.55
761;10;37;12.565;12.63
762;10;38;27.211;8.39
763;10;38;22.457;1.91
764;10;38;32.214;18.07
765;10;39;32.509;1.29
766;11;12;22.87;1.13
767;11;12;21.456;16.86
768;11;13;63.49;24.22
769;11;13;48.308;3.11
770;11;14;10.748;19.64
771;11;14;10.104;12.24
772;11;14;9.311;16.21
773;11;15;28.859;8.13
774;11;15;32.936;13.93
775;11;16;21.053;21.36
776;11;17;4.784;23.02
777;11;18;5.307;7.36
778;11;18;4.014;15.84
779;11;18;6.59;4.51
780;11;19;2.93;6.63
781;11;20;2.493;1.99
782;11;20;2.794;3.76
783;11;21;49.936;11.43
784;11;22;12.704;1.46
785;11;23;86.899;11.32
786;11;24;13.189;7.72
787;11;24;12.93;7.04
788;11;24;16.192;4.52
789;11;25;2.493;1.98
790;11;25;2.852;0.79
791;11;26;13.413;3.5
792;11;26;15.956;5.08
793;11;27;7.711;6.38
794;11;27;8.222;9.94
795;11;28;36.006;2.61
796;11;28;29.404;23.29
797;11;28;44.762;9.33
798;11;29;66.028;16.28
799;11;29;52.526;3.85
800;11;29;65.042;20.83
801;11;30;27.449;10.62
802;11;30;26.232;2.88
803;11;31;15.151;2.82
804;11;31;18.477;23.73
805;11;32;1.755;12.24
806;11;32;1.971;21.64
807;11;33;39.39;3.73
808;11;33;38.276;23.68
809;11;33;37.912;18.19
810;11;34;39.311;23.4
811;11;35;4.84;10.24
812;11;35;5.781;16.31
813;11;35;4.383;23.62
814;11;36;5.652;3.87
815;11;36;5.961;1.47
816;11;37;1.576;2.45
817;11;37;1.626;22.66
818;11;37;1.22;5.9
819;11;38;21.696;3.17
820;11;38;21.629;23.39
821;11;39;17.194;20.03
822;11;39;13.821;21.15
823;12;13;41.967;22.86
824;12;13;49.397;23.25
825;12;13;43.875;7.01
826;12;14;20.363;14.16
827;12;14;17.538;5.99
828;12;15;41.666;11.62
829;12;15;42.879;23.69
830;12;15;36.674;1.39
831;12;16;3.827;8.21
832;12;16;3.692;11.33
833;12;16;3.905;17.65
834;12;17;25.811;20.57
835;12;17;26.789;20.44
836;12;17;30.307;9.02
837;12;18;23.312;20.61
838;12;19;20.0;16.64
839;12;19;15.89;17.05
840;12;20;20.62;4.91
841;12;20;24.971;0.11
842;12;20;24.312;0.47
843;12;21;27.123;22.65
844;12;22;10.416;4.93
845;12;22;12.682;14.11
846;12;22;12.876;1.4
847;12;23;64.881;24.52
848;12;23;57.963;10.48
849;12;23;64.275;12.73
850;12;24;31.539;24.78
851;12;25;20.62;16.83
852;12;25;16.468;3.79
853;12;26;23.066;0.91
854;12;27;15.161;6.36
855;12;28;46.809;10.08
856;12;28;39.552;20.06
857;12;28;42.421;14.06
858;12;29;47.454;0.41
859;12;30;6.496;20.03
860;12;30;7.978;23.95
861;12;30;5.582;15.6
862;12;31;30.495;8.35
863;12;31;26.231;19.1
864;12;31;30.472;8.54
865;12;32;21.837;17.74
866;12;32;26.916;0.36
867;12;33;39.112;12.6
868;12;33;37.49;1.12
869;12;33;37.383;21.09
870;12;34;36.992;11.13
871;12;34;30.889;15.57
872;12;34;40.189;5.04
873;12;35;18.914;1.15
874;12;35;23.432;22.77
875;12;36;26.316;17.82
876;12;37;21.913;21.99
877;12;37;18.889;23.87
878;12;37;20.799;21.92
879;12;38;1.201;12.52
880;12;39;29.69;4.19
881;12;39;33.428;8.44
882;12;39;34.778;14.56
883;13;14;62.303;22.39
884;13;14;58.691;0.73
885;13;15;70.123;12.79
886;13;15;73.447;3.28
887;13;15;69.426;24.83
888;13;16;42.679;8.5
889;13;17;65.084;15.68
890;13;18;62.08;8.76
891;13;18;56.431;14.67
892;13;19;60.572;21.0
893;13;20;61.024;18.72
894;13;20;67.718;17.66
895;13;21;18.562;23.02
896;13;22;52.091;7.71
897;13;22;55.452;5.89
898;13;22;46.696;11.99
899;13;23;23.616;21.14
900;13;23;28.975;5.84
901;13;23;21.154;12.41
902;13;24;73.478;10.09
903;13;25;61.024;15.32
904;13;25;62.683;11.19
905;13;26;64.83;5.33
906;13;27;56.153;12.01
907;13;27;66.658;4.55
908;13;28;71.407;1.49
909;13;29;15.436;13.91
910;13;29;18.743;5.3
911;13;29;16.253;15.19
912;13;30;36.251;18.42
913;13;31;64.996;18.6
914;13;31;56.402;17.76
915;13;32;62.083;2.65
916;13;32;65.591;17.2
917;13;32;54.403;15.34
918;13;33;73.718;20.15
919;13;33;60.153;20.52
920;13;33;79.428;6.53
921;13;34;70.48;24.06
922;13;34;53.845;3.98
923;13;35;60.322;20.75
924;13;35;46.637;16.47
925;13;35;50.955;3.7
926;13;36;65.297;24.44
927;13;36;50.036;22.48
928;13;37;62.89;19.06
929;13;37;60.258;20.2
930;13;37;53.207;19.88
931;13;38;43.14;10.5
932;13;39;71.35;3.87
933;14;15;39.479;4.85
934;14;15;47.258;4.33
935;14;15;48.774;21.99
936;14;16;20.413;13.29
937;14;16;25.495;7.5
938;14;17;15.512;1.89
939;14;17;15.56;22.11
940;14;18;15.606;19.89
941;14;18;11.911;22.65
942;14;18;14.242;4.54
943;14;19;10.322;15.15
944;14;19;9.673;9.54
945;14;19;8.658;5.04
946;14;20;10.906;15.95
947;14;20;11.229;20.48
948;14;21;46.588;12.92
949;14;21;44.094;5.84
950;14;21;54.233;18.94
951;14;22;11.015;0.24
952;14;22;12.383;16.13
953;14;23;85.017;16.36
954;14;23;99.506;19.29
955;14;23;88.905;9.72
956;14;24;11.562;11.68
957;14;24;13.83;11.81
958;14;24;9.839;5.8
959;14;25;10.906;8.81
960;14;26;3.511;1.67
961;14;27;9.857;9.42
962;14;27;9.214;23.11
963;14;27;11.781;3.92
964;14;28;46.506;11.59
965;14;28;57.95;12.56
966;14;29;67.324;0.04
967;14;29;56.461;19.6
968;14;30;26.476;15.0
969;14;30;29.948;21.4
970;14;30;22.599;10.98
971;14;31;25.756;20.76
972;14;31;27.612;10.4
973;14;32;11.6;23.98
974;14;32;12.495;1.0
975;14;33;28.843;20.87
976;14;33;28.044;20.66
977;14;34;28.603;16.96
978;14;34;22.438;17.94
979;14;34;22.627;18.57
980;14;35;7.079;18.12
981;14;35;6.59;1.7
982;14;35;7.458;1.6
983;14;36;16.386;17.43
984;14;36;18.936;23.5
985;14;37;9.212;17.18
986;14;38;19.211;9.34
987;14;38;14.672;20.5
988;14;39;9.829;7.19
989;14;39;11.726;22.57
990;15;16;37.998;6.3
991;15;16;41.768;17.3
992;15;16;40.542;7.07
993;15;17;24.314;14.69
994;15;18;23.888;23.32
995;15;19;29.303;1.14
996;15;19;22.167;16.38
997;15;20;28.647;7.54
998;15;20;28.037;3.97
999;15;20;35.013;8.7
1000;15;21;63.342;14.2
1001;15;21;65.513;24.06
1002;15;22;36.011;9.28
1003;15;22;41.578;10.87
1004;15;22;34.661;21.01
1005;15;23;93.102;22.05
1006;15;23;104.555;7.43
1007;15;23;102.971;19.54
1008;15;24;39.149;16.34
1009;15;25;28.647;10.03
1010;15;25;27.023;5.78
1011;15;25;32.259;20.04
1012;15;26;42.272;2.29
1013;15;26;47.997;0.94
1014;15;26;42.834;22.74
1015;15;27;32.05;15.79
1016;15;27;26.887;14.54
1017;15;28;7.444;21.53
1018;15;29;66.005;12.23
1019;15;30;41.918;2.6
1020;15;31;13.725;24.91
1021;15;31;12.08;21.28
1022;15;31;15.599;12.67
1023;15;32;27.879;1.53
1024;15;32;34.28;8.14
1025;15;33;68.247;23.89
1026;15;34;68.074;24.62
1027;15;34;84.035;18.34
1028;15;35;32.631;11.28
1029;15;35;36.448;15.43
1030;15;36;23.458;7.08
1031;15;37;30.323;9.08
1032;15;38;40.964;18.44
1033;15;38;38.402;20.26
1034;15;38;50.303;17.69
1035;15;39;45.309;9.25
1036;15;39;52.449;19.01
1037;15;39;48.302;10.25
1038;16;17;23.447;8.83
1039;16;17;20.951;4.28
1040;16;18;20.74;19.05
1041;16;18;21.923;7.45
1042;16;18;22.252;20.65
1043;16;19;18.125;11.91
1044;16;19;17.687;3.31
1045;16;19;18.759;1.0
1046;16;20;18.66;23.61
1047;16;20;14.131;11.36
1048;16;21;29.071;1.58
1049;16;21;34.112;15.42
1050;16;22;9.569;17.53
1051;16;22;8.648;7.68
1052;16;22;8.961;7.68
1053;16;23;65.94;16.99
1054;16;24;31.014;8.59
1055;16;25;18.66;20.08
1056;16;25;15.287;17.11
1057;16;25;21.519;21.95
1058;16;26;23.466;23.83
1059;16;27;13.515;19.92
1060;16;28;43.031;8.38
1061;16;28;45.997;23.59
1062;16;28;51.218;15.26
1063;16;29;46.911;5.37
1064;16;29;58.427;1.11
1065;16;30;6.439;20.57
1066;16;30;7.336;13.83
1067;16;30;4.976;15.85
1068;16;31;27.199;5.19
1069;16;32;19.813;9.78
1070;16;32;19.725;13.7
1071;16;33;41.726;8.97
1072;16;33;46.99;20.66
1073;16;34;39.813;24.59
1074;16;34;48.923;3.97
1075;16;34;38.942;14.33
1076;16;35;17.643;17.29
1077;16;36;23.863;15.73
1078;16;37;20.307;15.82
1079;16;38;3.584;1.45
1080;16;39;30.107;24.55
1081;16;39;35.707;11.11
1082;16;39;27.96;12.63
1083;17;18;3.09;19.53
1084;17;19;6.494;12.23
1085;17;19;5.728;18.44
1086;17;20;5.739;6.76
1087;17;20;6.363;9.18
1088;17;21;52.517;18.03
1089;17;22;16.247;17.28
1090;17;22;19.432;8.5
1091;17;23;88.638;17.27
1092;17;23;105.139;4.34
1093;17;24;15.946;14.47
1094;17;24;15.266;1.63
1095;17;24;13.913;17.92
1096;17;25;5.739;16.02
1097;17;26;18.039;3.32
1098;17;27;11.129;23.05
1099;17;28;31.563;15.16
1100;17;29;66.528;18.4
1101;17;30;29.633;3.13
1102;17;30;25.084;3.15
1103;17;31;10.724;19.62
1104;17;32;4.534;14.51
1105;17;32;3.449;16.64
1106;17;32;3.975;4.57
1107;17;33;44.013;16.69
1108;17;33;34.95;15.8
1109;17;33;36.005;22.11
1110;17;34;44.025;13.68
1111;17;34;46.032;23.76
1112;17;34;54.407;5.08
1113;17;35;9.394;15.79
1114;17;36;0.875;2.83
1115;17;36;0.932;10.01
1116;17;37;6.354;6.92
1117;17;37;5.44;12.62
1118;17;37;5.442;14.14
1119;17;38;24.692;1.48
1120;17;38;29.512;2.52
1121;17;39;21.172;9.5
1122;18;19;5.468;1.68
1123;18;19;5.548;16.16
1124;18;19;4.493;7.05
1125;18;20;4.777;18.57
1126;18;21;49.773;6.73
1127;18;21;39.039;4.96
1128;18;22;14.254;4.86
1129;18;22;11.928;6.06
1130;18;23;85.65;13.85
1131;18;24;18.056;23.97
1132;18;24;14.652;10.5
1133;18;24;14.296;17.3
1134;18;25;4.777;3.65
1135;18;25;4.444;23.64
1136;18;26;18.534;8.88
1137;18;26;17.011;8.5
1138;18;27;9.29;19.08
1139;18;27;10.1;18.13
1140;18;27;7.139;22.95
1141;18;28;30.906;8.62
1142;18;29;63.438;22.58
1143;18;29;64.116;6.04
1144;18;29;73.745;19.51
1145;18;30;26.818;20.49
1146;18;30;21.05;23.7
1147;18;30;24.944;3.23
1148;18;31;10.181;9.28
1149;18;31;11.562;0.06
1150;18;31;8.37;3.83
1151;18;32;4.023;16.74
1152;18;32;4.186;14.16
1153;18;32;4.314;2.13
1154;18;33;44.43;18.94
1155;18;33;50.145;1.19
1156;18;33;41.924;18.66
1157;18;34;44.188;20.97
1158;18;34;44.943;13.74
1159;18;34;35.694;12.11
1160;18;35;8.778;19.37
1161;18;36;3.218;18.58
1162;18;36;3.635;9.98
1163;18;37;6.581;11.61
1164;18;37;6.839;5.01
1165;18;37;6.377;10.36
1166;18;38;22.231;2.09
1167;18;38;19.638;13.16
1168;18;38;18.39;23.8
1169;18;39;22.496;2.1
1170;18;39;19.665;17.96
1171;19;20;0.76;2.64
1172;19;20;0.606;2.21
1173;19;21;47.035;13.2
1174;19;22;9.969;14.41
1175;19;22;11.11;13.81
1176;19;23;83.972;14.89
1177;19;24;15.254;0.85
1178;19;25;0.76;1.8
1179;19;25;0.893;12.54
1180;19;26;13.464;9.12
1181;19;26;11.801;15.38
1182;19;27;4.879;19.43
1183;19;27;5.27;20.14
1184;19;28;36.234;8.49
1185;19;28;35.322;20.53
1186;19;29;63.257;14.39
1187;19;30;24.519;3.66
1188;19;31;15.628;24.59
1189;19;31;18.612;12.4
1190;19;32;1.983;2.87
1191;19;32;2.227;24.42
1192;19;33;39.156;16.35
1193;19;33;29.394;4.08
1194;19;34;38.807;12.44
1195;19;34;42.413;1.07
1196;19;34;39.486;2.45
1197;19;35;3.328;17.83
1198;19;35;3.173;9.18
1199;19;35;3.216;2.38
1200;19;36;7.248;0.66
1201;19;36;8.133;8.49
1202;19;36;6.557;9.21
1203;19;37;2.593;18.26
1204;19;38;18.835;5.55
1205;19;38;17.749;16.26
1206;19;38;23.333;15.45
1207;19;39;18.196;17.0
1208;20;21;47.619;19.13
1209;20;21;45.139;14.61
1210;20;21;38.632;5.0
1211;20;22;10.664;18.12
1212;20;22;8.591;17.31
1213;20;23;84.45;20.68
1214;20;23;71.757;8.92
1215;20;23;83.752;23.51
1216;20;24;15.269;18.0
1217;20;24;11.529;5.68
1218;20;25;0.0;22.1
1219;20;25;0.0;1.27
1220;20;25;0.0;14.29
1221;20;26;13.977;5.97
1222;20;26;12.43;4.37
1223;20;26;13.74;21.48
1224;20;27;5.552;14.78
1225;20;27;6.525;1.59
1226;20;28;35.612;18.56
1227;20;29;63.546;5.07
1228;20;30;25.033;23.07
1229;20;30;20.89;21.67
1230;20;31;14.954;10.49
1231;20;32;1.253;20.79
1232;20;33;39.749;9.07
1233;20;34;39.442;12.1
1234;20;35;4.002;12.41
1235;20;35;4.65;20.73
1236;20;36;6.489;14.07
1237;20;36;4.958;19.65
1238;20;37;2.584;17.68
1239;20;38;19.461;13.42
1240;20;38;18.798;7.81
1241;20;38;21.164;12.63
1242;20;39;18.52;3.07
1243;21;22;37.522;18.18
1244;21;22;41.297;10.97
1245;21;22;41.101;24.18
1246;21;23;38.888;0.2
1247;21;23;29.34;2.46
1248;21;23;34.565;22.81
1249;21;24;58.104;22.15
1250;21;24;56.184;22.85
1251;21;25;47.619;7.75
1252;21;25;39.852;11.98
1253;21;26;48.658;12.01
1254;21;26;56.641;11.18
1255;21;27;42.246;18.96
1256;21;28;66.473;19.98
1257;21;28;69.087;3.79
1258;21;29;30.799;7.12
1259;21;30;23.013;14.15
1260;21;31;55.082;15.45
1261;21;32;48.806;19.28
1262;21;32;56.258;22.7
1263;21;33;55.241;3.84
1264;21;33;46.845;0.23
1265;21;34;51.963;2.58
1266;21;35;46.029;11.59
1267;21;35;38.01;2.24
1268;21;35;54.88;0.46
1269;21;36;52.921;21.25
1270;21;36;65.303;21.09
1271;21;36;63.062;22.4
1272;21;37;49.026;19.34
1273;21;37;46.085;10.98
1274;21;37;48.252;2.38
1275;21;38;28.316;9.18
1276;21;38;27.237;6.21
1277;21;39;54.909;0.31
1278;22;23;75.189;6.37
1279;22;23;72.788;13.96
1280;22;24;21.46;4.29
1281;22;24;25.453;18.76
1282;22;25;10.664;11.74
1283;22;25;12.402;16.22
1284;22;25;8.422;23.42
1285;22;26;14.274;7.23
1286;22;27;5.126;8.01
1287;22;27;4.911;4.12
1288;22;28;42.199;22.66
1289;22;29;56.41;24.11
1290;22;30;15.883;13.77
1291;22;30;16.139;0.83
1292;22;31;23.195;9.19
1293;22;32;11.916;10.33
1294;22;32;12.079;24.76
1295;22;33;35.865;20.91
1296;22;33;44.83;16.24
1297;22;34;34.629;11.74
1298;22;34;38.475;12.85
1299;22;35;8.507;19.86
1300;22;35;7.666;14.56
1301;22;36;16.888;4.54
1302;22;36;17.362;16.15
1303;22;36;13.27;3.89
1304;22;37;11.609;4.79
1305;22;38;9.217;0.97
1306;22;39;20.827;15.88
1307;22;39;21.391;24.27
1308;23;24;96.388;7.24
1309;23;25;84.45;3.98
1310;23;25;98.814;7.65
1311;23;26;87.307;9.18
1312;23;26;95.931;12.23
1313;23;27;79.454;5.43
1314;23;27;64.096;9.76
1315;23;28;93.798;6.65
1316;23;28;79.698;16.25
1317;23;29;29.586;3.69
1318;23;30;59.503;3.28
1319;23;30;63.548;13.67
1320;23;30;57.75;7.53
1321;23;31;88.556;5.53
1322;23;32;85.535;7.76
1323;23;32;65.275;0.04
1324;23;33;92.806;17.59
1325;23;33;108.534;6.86
1326;23;33;101.669;4.42
1327;23;34;89.327;20.91
1328;23;34;67.371;12.06
1329;23;35;83.549;19.56
1330;23;35;73.442;9.9
1331;23;36;88.868;23.67
1332;23;36;81.216;1.61
1333;23;36;67.217;20.85
1334;23;37;86.233;20.75
1335;23;37;92.679;3.64
1336;23;38;66.075;2.83
1337;23;38;80.119;20.35
1338;23;39;93.673;17.01
1339;23;39;110.71;17.4
1340;23;39;84.715;4.62
1341;24;25;15.269;10.85
1342;24;25;17.118;10.05
1343;24;26;10.342;9.02
1344;24;26;8.207;11.76
1345;24;26;10.257;7.81
1346;24;27;18.193;0.33
1347;24;27;21.15;16.82
1348;24;27;14.945;9.91
1349;24;28;46.577;5.14
1350;24;28;35.833;20.04
1351;24;28;53.557;11.87
1352;24;29;77.629;10.72
1353;24;29;86.806;5.21
1354;24;29;71.301;6.67
1355;24;30;37.336;7.68
1356;24;31;26.25;16.7
1357;24;31;32.648;2.26
1358;24;32;14.928;22.62
1359;24;32;15.786;10.73
1360;24;32;12.422;16.44
1361;24;33;31.925;9.67
1362;24;33;34.146;14.44
1363;24;34;32.982;21.36
1364;24;34;29.422;0.98
1365;24;35;13.893;3.97
1366;24;35;16.94;11.55
1367;24;36;16.63;0.12
1368;24;37;12.698;6.72
1369;24;38;30.354;8.91
1370;24;39;7.648;7.67
1371;25;26;13.977;16.57
1372;25;26;14.632;12.51
1373;25;27;5.552;23.37
1374;25;28;35.612;0.33
1375;25;28;39.185;2.12
1376;25;29;63.546;4.35
1377;25;30;25.033;10.63
1378;25;30;25.747;24.12
1379;25;30;21.091;9.89
1380;25;31;14.954;20.75
1381;25;32;1.253;1.16
1382;25;32;1.046;0.94
1383;25;33;39.749;13.29
1384;25;34;39.442;11.9
1385;25;34;33.86;12.36
1386;25;35;4.002;13.32
1387;25;35;4.784;16.31
1388;25;36;6.489;8.65
1389;25;36;6.531;18.5
1390;25;36;6.125;20.95
1391;25;37;2.584;22.41
1392;25;37;2.593;16.32
1393;25;38;19.461;11.82
1394;25;38;22.86;16.81
1395;25;39;18.52;17.57
1396;25;39;16.2;23.02
1397;25;39;15.173;17.81
1398;26;27;13.365;12.23
1399;26;28;49.405;15.9
1400;26;28;44.597;21.4
1401;26;28;61.705;24.49
1402;26;29;70.322;20.99
1403;26;29;80.843;1.64
1404;26;30;29.347;4.66
1405;26;31;28.563;3.48
1406;26;31;24.144;18.6
1407;26;31;30.473;4.18
1408;26;32;14.514;1.68
1409;26;32;11.449;12.96
1410;26;32;17.648;24.14
1411;26;33;25.983;13.49
1412;26;34;26.038;7.35
1413;26;34;21.512;1.22
1414;26;35;10.358;7.68
1415;26;36;18.911;16.01
1416;26;37;11.976;23.47
1417;26;37;14.424;4.51
1418;26;38;21.956;9.68
1419;26;38;20.136;10.76
1420;26;39;6.651;3.32
1421;26;39;5.653;24.15
1422;27;28;38.597;7.41
1423;27;29;59.499;4.5
1424;27;29;52.101;17.93
1425;27;29;46.104;22.82
1426;27;30;19.951;12.64
1427;27;30;21.039;2.17
1428;27;30;20.345;24.64
1429;27;31;18.772;19.72
1430;27;32;6.801;8.6
1431;27;32;6.898;10.09
1432;27;32;5.61;18.47
1433;27;33;37.659;0.06
1434;27;33;37.782;5.65
1435;27;33;42.295;23.48
1436;27;34;36.879;13.79
1437;27;34;32.946;17.97
1438;27;34;37.963;4.74
1439;27;35;4.319;0.48
1440;27;35;3.919;11.02
1441;27;35;4.558;4.93
1442;27;36;11.787;12.34
1443;27;36;10.006;14.82
1444;27;37;6.809;6.75
1445;27;38;13.986;5.5
1446;27;38;11.231;8.63
1447;27;38;14.414;12.55
1448;27;39;19.29;10.44
1449;28;29;65.697;15.07
1450;28;30;46.214;24.84
1451;28;30;39.425;20.4
1452;28;31;20.867;12.46
1453;28;32;34.926;11.14
1454;28;32;28.68;19.57
1455;28;32;29.621;6.66
1456;28;33;75.336;16.06
1457;28;33;92.123;11.55
1458;28;34;75.039;8.72
1459;28;34;84.224;16.27
1460;28;34;63.097;8.16
1461;28;35;39.554;5.82
1462;28;35;40.558;13.63
1463;28;35;47.656;16.04
1464;28;36;30.721;20.52
1465;28;36;24.634;5.98
1466;28;36;26.287;12.5
1467;28;37;37.429;2.42
1468;28;37;30.951;10.69
1469;28;37;45.434;10.45
1470;28;38;46.23;16.21
1471;28;38;37.88;14.27
1472;28;39;52.651;10.31
1473;29;30;41.023;3.83
1474;29;30;31.721;12.36
1475;29;30;33.647;12.89
1476;29;31;63.918;23.95
1477;29;32;64.413;8.67
1478;29;32;49.177;0.84
1479;29;32;70.598;3.16
1480;29;33;83.52;18.34
1481;29;33;63.328;12.43
1482;29;33;75.235;7.19
1483;29;34;80.577;14.12
1484;29;34;78.828;21.79
1485;29;35;63.818;14.69
1486;29;35;60.733;0.52
1487;29;36;66.538;23.22
1488;29;36;57.669;3.54
1489;29;36;55.888;22.23
1490;29;37;65.785;10.8
1491;29;38;48.486;5.97
1492;29;39;76.973;5.93
1493;29;39;64.303;22.07
1494;29;39;65.157;4.13
1495;30;31;32.328;7.05
1496;30;31;32.041;0.74
1497;30;32;26.162;8.35
1498;30;32;32.375;5.79
1499;30;33;45.161;20.46
1500;30;33;47.973;7.41
1501;30;33;54.765;2.94
1502;30;34;42.859;7.52
1503;30;34;43.132;12.44
1504;30;35;24.077;23.72
1505;30;36;29.993;2.22
1506;30;36;25.096;0.25
1507;30;36;25.97;22.96
1508;30;37;26.735;24.07
1509;30;38;7.472;5.2
1510;30;39;35.994;8.3
1511;30;39;34.852;4.09
1512;31;32;14.157;9.46
1513;31;32;12.789;15.12
1514;31;32;15.767;10.74
1515;31;33;54.528;7.6
1516;31;33;61.73;18.8
1517;31;34;54.354;15.2
1518;31;35;18.951;22.71
1519;31;35;20.538;5.57
1520;31;36;9.9;0.82
1521;31;37;16.602;23.11
1522;31;37;14.223;8.0
1523;31;38;29.595;15.64
1524;31;38;24.411;13.39
1525;31;38;23.937;17.99
1526;31;39;31.884;14.8
1527;31;39;30.642;3.73
1528;32;33;40.41;3.26
1529;32;33;31.048;1.44
1530;32;33;39.567;18.33
1531;32;34;40.197;14.39
1532;32;34;30.693;15.27
1533;32;34;47.082;20.79
1534;32;35;4.963;16.02
1535;32;36;5.314;11.19
1536;32;36;6.541;13.98
1537;32;37;2.612;17.44
1538;32;37;3.023;16.64
1539;32;38;20.682;13.89
1540;32;38;20.495;7.95
1541;32;39;18.686;19.75
1542;32;39;17.471;17.56
1543;33;34;3.646;8.69
1544;33;34;4.154;23.13
1545;33;34;4.424;4.2
1546;33;35;35.869;10.76
1547;33;35;34.643;3.04
1548;33;36;44.883;17.36
1549;33;37;37.927;20.19
1550;33;37;33.453;17.89
1551;33;37;41.619;9.55
1552;33;38;38.557;22.63
1553;33;38;45.843;20.92
1554;33;39;24.35;23.62
1555;33;39;19.859;10.56
1556;33;39;24.278;13.02
1557;34;35;35.485;15.95
1558;34;36;44.899;10.1
1559;34;36;45.329;7.59
1560;34;36;37.161;20.02
1561;34;37;37.8;13.2
1562;34;37;45.714;10.45
1563;34;37;33.315;9.46
1564;34;38;36.524;15.82
1565;34;38;44.574;12.48
1566;34;39;25.336;13.26
1567;34;39;30.286;17.86
1568;35;36;10.218;7.53
1569;35;36;10.436;2.67
1570;35;36;9.368;15.62
1571;35;37;3.396;20.12
1572;35;38;17.717;13.03
1573;35;38;20.199;23.75
1574;35;39;15.608;1.52
1575;35;39;16.221;4.62
1576;36;37;7.219;7.84
1577;36;37;8.383;19.49
1578;36;38;25.21;11.64
1579;36;38;25.995;18.67
1580;36;38;20.701;17.13
1581;36;39;21.985;16.75
1582;36;39;17.331;14.48
1583;36;39;21.98;22.94
1584;37;38;20.727;7.49
1585;37;39;16.089;16.07
1586;38;39;28.59;7.01
1587;38;39;22.816;3.8
