VERTEX_COUNT 40
PATH_COUNT 1
BUDGET 240
<------------ VERTICES ------------>
0;START;41.374834;2.170055;0.0;0.0
1;Museu Nacional d’Art de Catalunya;41.36882;2.153347;45.0;100.0
2;Museu d’Història de Catalunya - MHC;41.380852;2.185799;45.0;82.3
3;Museu Picasso;41.385181;2.180863;45.0;76.79
4;Galeria d’Art Mar Grup Escolà;41.392349;2.167836;45.0;71.24
5;Basilica of the Sagrada Família;41.403568;2.174435;45.0;68.06
6;Parc de la Ciutadella;41.389248;2.186548;45.0;67.36
7;Anella Olímpica(Olympic Park);41.364778;2.152575;45.0;66.37
8;Avinguda d’Icària;41.391556;2.197416;45.0;64.99
9;Basilica of Sants Just i Pastor;41.382812;2.178195;45.0;64.97
10;Museu Frederic Marès;41.384178;2.176819;45.0;63.61
11;Museu Palmero;41.424667;2.139856;45.0;63.42
12;Parc de Diagonal Mar;41.407215;2.214539;45.0;62.63
13;Palau Güell;41.378864;2.174117;45.0;60.37
14;Platja de la Nova Mar Bella;41.40205;2.21529;45.0;59.25
15;Passeig de Gràcia;41.390739;2.166672;45.0;59.18
16;Museu d’Història de Barcelona;41.384144;2.177409;45.0;56.86
17;Poble Espanyol;41.368679;2.147031;45.0;56.74
18;Montjuïc Castle;41.363823;2.167096;45.0;55.9
19;La Pedrera (Casa Milà);41.395271;2.161785;45.0;55.61
20;L’Aquàrium;41.376625;2.184117;45.0;55.57
21;Antic Hospital de la Santa Creu;41.380573;2.170374;45.0;55.18
22;La Colmena;41.383835;2.178294;45.0;54.87
23;90th Jean Bouin;41.373077;2.150465;45.0;54.81
24;Plaça del Rei;41.384144;2.177409;45.0;54.58
25;Museu de la Moto ;41.383327;2.174488;45.0;53.83
26;Rambla del Raval;41.378681;2.169317;45.0;52.05
27;El Born Centre Cultural;41.385818;2.183785;45.0;51.64
28;Casa Martí, Els Quatre Gats ;41.385775;2.173671;45.0;51.13
29;Turó de la Rovira viewing point;41.419388;2.161812;45.0;51.09
30;Plaça de Catalunya;41.387005;2.17003;45.0;51.05
31;Santa Eulàlia small schooner;41.376385;2.179861;45.0;50.87
32;Royal Dockyards Museu Marítim ;41.375286;2.17598;45.0;50.36
33;Museu Blau - Fòrum Building;41.41124;2.220333;45.0;50.23
34;Museu d’Art Contemporani de Barcelona (MACBA);41.382809;2.166729;45.0;49.96
35;Botanical Garden;41.364746;2.159382;45.0;49.74
36;CaixaForum;41.371357;2.149495;45.0;48.91
37;Platja de la Barceloneta;41.379158;2.192717;45.0;48.9
38;Poblenou Cemetery;41.394859;2.201189;45.0;48.82
39;FINISH;41.374834;2.170055;0.0;0.0
<------------- EDGES -------------->
0;0;1;23.796;2.35
1;0;2;22.688;17.51
2;0;3;22.496;18.43
3;0;4;30.107;3.16
4;0;5;49.491;15.64
5;0;5;45.328;18.38
6;0;5;37.576;21.85
7;0;6;32.509;17.78
8;0;6;34.694;19.22
9;0;6;25.365;14.75
10;0;7;28.285;12.59
11;0;7;23.89;0.87
12;0;8;45.309;6.26
13;0;9;17.194;13.64
14;0;10;18.196;15.41
15;0;10;15.091;2.52
16;0;10;15.143;19.62
17;0;11;93.673;6.43
18;0;11;83.401;2.36
19;0;12;79.572;7.77
20;0;12;93.429;21.68
21;0;12;90.286;7.47
22;0;13;8.647;11.78
23;0;14;74.442;14.64
24;0;14;63.025;6.38
25;0;14;76.504;18.03
26;0;15;27.562;19.71
27;0;15;31.862;4.53
28;0;15;27.263;0.45
29;0;16;18.52;7.66
30;0;16;17.127;2.07
31;0;16;19.115;2.05
32;0;17;31.387;6.76
33;0;17;28.299;23.27
34;0;17;26.887;8.41
35;0;18;19.222;3.1
36;0;19;36.549;3.0
37;0;19;40.087;18.9
38;0;19;33.216;1.8
39;0;20;18.315;20.36
40;0;20;19.181;3.82
41;0;21;9.829;18.35
42;0;21;8.392;0.86
43;0;21;11.264;13.02
44;0;22;18.686;8.36
45;0;23;25.336;2.92
46;0;23;25.619;6.91
47;0;23;31.369;19.35
48;0;24;18.52;9.66
49;0;24;19.387;5.45
50;0;25;15.608;7.27
51;0;25;13.639;0.22
52;0;26;6.651;21.5
53;0;26;5.562;19.79
54;0;27;25.77;14.33
55;0;27;31.244;16.52
56;0;28;19.29;12.64
57;0;28;15.262;18.98
58;0;28;22.77;11.03
59;0;29;76.973;0.9
60;0;30;20.827;21.6
61;0;30;16.04;24.06
62;0;31;12.868;6.84
63;0;31;11.843;13.69
64;0;31;13.729;6.81
65;0;32;7.648;16.56
66;0;32;6.694;6.83
67;0;33;89.706;20.01
68;0;34;14.3;20.84
69;0;35;22.042;23.78
70;0;35;20.229;13.66
71;0;36;27.064;14.57
72;0;36;29.892;10.79
73;0;37;30.026;10.21
74;0;37;27.897;5.11
75;0;38;52.651;10.58
76;0;39;0.0;8.37
77;0;39;0.0;17.92
78;0;39;0.0;17.22
79;1;2;46.481;4.03
80;1;2;47.28;9.33
81;1;2;39.465;5.54
82;1;3;45.08;18.6
83;1;4;44.354;22.82
84;1;4;51.445;16.17
85;1;4;35.694;16.39
86;1;5;65.336;4.58
87;1;5;50.848;13.93
88;1;6;55.131;23.1
89;1;7;6.988;19.02
90;1;7;6.129;4.17
91;1;8;68.67;0.37
92;1;8;85.134;8.77
93;1;8;71.945;1.08
94;1;9;39.892;4.38
95;1;9;35.836;0.91
96;1;10;39.989;20.23
97;1;11;97.123;6.9
98;1;11;115.518;5.15
99;1;11;116.58;20.44
100;1;12;102.414;8.24
101;1;12;89.223;12.49
102;1;12;103.214;11.57
103;1;13;31.73;15.95
104;1;14;97.767;22.2
105;1;14;90.314;8.41
106;1;15;41.226;21.38
107;1;15;35.102;6.77
108;1;15;37.139;15.39
109;1;16;40.525;3.4
110;1;16;32.988;10.88
111;1;17;8.115;22.43
112;1;18;19.619;18.68
113;1;18;20.879;19.7
114;1;19;46.542;13.34
115;1;20;41.71;11.75
116;1;20;37.591;23.01
117;1;21;29.708;11.07
118;1;21;31.249;11.85
119;1;21;26.22;15.5
120;1;22;41.065;21.54
121;1;22;43.664;1.63
122;1;23;8.171;20.22
123;1;24;40.525;16.74
124;1;24;37.942;13.38
125;1;25;36.786;12.88
126;1;26;26.558;21.4
127;1;26;21.711;23.6
128;1;26;29.516;21.74
129;1;27;48.72;10.28
130;1;28;39.024;6.96
131;1;28;39.69;20.78
132;1;28;30.068;2.73
133;1;29;87.213;3.27
134;1;30;37.779;3.39
135;1;30;43.526;8.16
136;1;30;30.384;12.26
137;1;31;36.426;19.52
138;1;31;28.512;14.73
139;1;31;43.997;4.65
140;1;32;31.099;22.0
141;1;33;112.538;1.73
142;1;34;29.467;14.42
143;1;35;10.425;15.92
144;1;36;6.582;1.43
145;1;36;6.018;12.33
146;1;36;7.453;18.14
147;1;37;53.562;0.91
148;1;37;51.757;22.88
149;1;37;66.401;3.58
150;1;38;75.887;16.61
151;1;38;76.075;24.51
152;1;38;83.024;14.34
153;1;39;23.796;23.6
154;1;39;24.162;16.07
155;2;3;9.749;23.22
156;2;3;7.801;13.96
157;2;4;30.314;13.87
158;2;4;22.74;18.61
159;2;4;33.009;2.7
160;2;5;41.52;14.91
161;2;6;14.4;19.43
162;2;6;14.515;21.66
163;2;6;17.276;6.11
164;2;7;50.763;12.06
165;2;7;46.617;16.72
166;2;7;57.155;5.85
167;2;8;23.621;3.32
168;2;9;10.323;20.01
169;2;9;12.551;22.84
170;2;10;12.858;6.49
171;2;11;95.389;0.46
172;2;11;101.747;23.65
173;2;11;104.581;8.35
174;2;12;58.279;1.75
175;2;12;60.759;22.74
176;2;13;15.381;4.27
177;2;13;17.131;0.23
178;2;13;16.805;24.54
179;2;14;52.433;24.11
180;2;15;29.821;15.02
181;2;16;12.156;8.53
182;2;16;11.687;7.92
183;2;16;12.289;15.35
184;2;17;53.965;21.15
185;2;17;65.182;13.63
186;2;17;46.379;17.46
187;2;18;37.763;23.1
188;2;18;44.601;14.1
189;2;19;39.488;18.37
190;2;19;44.7;15.81
191;2;20;7.549;21.51
192;2;21;19.811;8.75
193;2;21;18.64;11.38
194;2;22;10.905;12.41
195;2;22;9.681;21.77
196;2;23;47.282;8.66
197;2;24;12.156;15.22
198;2;24;10.895;3.16
199;2;24;10.4;3.36
200;2;25;15.128;22.95
201;2;25;18.83;21.28
202;2;26;21.487;22.96
203;2;26;22.422;13.46
204;2;26;25.383;4.11
205;2;27;8.883;2.37
206;2;28;17.705;5.7
207;2;29;72.778;6.48
208;2;29;68.792;17.66
209;2;30;22.821;11.91
210;2;30;19.419;17.51
211;2;30;27.726;19.05
212;2;31;10.797;9.11
213;2;31;13.128;22.63
214;2;32;15.801;24.96
215;2;33;68.332;14.46
216;2;33;70.027;19.33
217;2;34;24.713;17.5
218;2;34;25.013;24.09
219;2;35;43.708;14.99
220;2;36;49.368;15.78
221;2;37;9.344;17.53
222;2;38;31.063;24.53
223;2;38;26.224;19.84
224;2;38;32.308;22.7
225;2;39;22.688;14.2
226;2;39;25.349;16.0
227;2;39;25.931;11.67
228;3;4;20.74;20.95
229;3;4;25.628;22.4
230;3;5;32.528;4.84
231;3;5;36.785;12.01
232;3;5;38.524;4.68
233;3;6;10.085;3.04
234;3;6;9.684;10.52
235;3;7;50.384;4.9
236;3;7;38.001;20.35
237;3;7;57.966;16.16
238;3;8;23.888;7.77
239;3;8;25.241;7.57
240;3;8;26.848;22.04
241;3;9;5.307;17.25
242;3;9;4.931;15.18
243;3;10;5.468;9.99
244;3;10;6.557;15.25
245;3;10;6.609;22.76
246;3;11;85.65;18.35
247;3;11;75.3;5.93
248;3;12;57.363;20.2
249;3;12;63.053;18.7
250;3;13;13.852;13.15
251;3;14;52.787;22.44
252;3;14;52.751;10.95
253;3;15;20.552;13.06
254;3;15;24.766;20.82
255;3;16;4.777;2.31
256;3;16;5.179;2.0
257;3;16;5.074;0.28
258;3;17;51.814;16.57
259;3;17;39.492;0.29
260;3;18;40.599;1.08
261;3;18;41.507;24.55
262;3;18;41.346;16.94
263;3;19;29.967;1.95
264;3;19;32.452;13.42
265;3;19;27.999;23.19
266;3;20;15.226;3.16
267;3;21;15.606;13.31
268;3;21;13.147;20.62
269;3;22;4.023;12.2
270;3;23;44.188;6.52
271;3;23;38.272;12.08
272;3;24;4.777;20.79
273;3;25;8.778;1.49
274;3;25;7.015;15.69
275;3;26;18.534;15.89
276;3;26;22.251;8.78
277;3;27;3.907;0.65
278;3;27;3.122;22.55
279;3;27;3.816;16.95
280;3;28;9.29;19.81
281;3;28;7.09;9.28
282;3;29;63.438;8.6
283;3;29;72.898;24.67
284;3;29;72.811;7.17
285;3;30;14.254;20.71
286;3;30;13.345;9.44
287;3;31;15.107;0.93
288;3;31;13.839;7.19
289;3;32;18.056;22.6
290;3;33;67.495;17.96
291;3;33;66.058;15.73
292;3;33;57.026;14.84
293;3;34;18.595;2.53
294;3;34;20.033;10.82
295;3;35;44.539;24.81
296;3;35;45.835;14.47
297;3;35;45.213;1.19
298;3;36;46.711;0.56
299;3;36;35.462;11.71
300;3;36;50.67;16.76
301;3;37;18.382;7.48
302;3;38;30.906;20.89
303;3;39;22.496;23.93
304;3;39;26.488;10.63
305;3;39;26.08;12.24
306;4;5;20.984;5.46
307;4;5;18.779;5.59
308;4;6;24.601;19.08
309;4;6;24.826;22.49
310;4;6;22.423;15.13
311;4;7;51.088;19.41
312;4;7;40.59;17.23
313;4;7;62.536;1.9
314;4;8;37.998;12.03
315;4;8;42.858;21.01
316;4;8;45.231;10.69
317;4;9;21.053;16.6
318;4;10;18.125;0.8
319;4;10;17.227;0.23
320;4;11;65.94;0.57
321;4;11;59.258;23.72
322;4;12;65.123;5.94
323;4;13;24.444;23.56
324;4;14;63.137;8.09
325;4;14;57.032;11.33
326;4;14;64.44;17.96
327;4;15;3.134;18.59
328;4;15;2.457;17.07
329;4;15;2.708;24.55
330;4;16;18.66;3.17
331;4;16;18.325;13.86
332;4;17;48.521;4.51
333;4;18;48.824;0.93
334;4;18;59.307;15.52
335;4;19;9.238;6.09
336;4;20;34.073;2.22
337;4;20;34.341;15.25
338;4;20;35.637;4.68
339;4;21;20.413;5.75
340;4;21;22.601;10.03
341;4;21;20.447;2.77
342;4;22;19.813;8.06
343;4;22;19.651;10.76
344;4;23;39.813;4.19
345;4;23;48.243;10.17
346;4;23;47.072;15.35
347;4;24;18.66;7.17
348;4;24;14.677;22.74
349;4;25;17.643;18.05
350;4;25;16.119;19.37
351;4;25;22.05;1.89
352;4;26;23.466;10.58
353;4;26;23.337;10.21
354;4;27;23.327;2.2
355;4;27;20.181;12.94
356;4;27;18.763;10.08
357;4;28;13.515;0.3
358;4;28;10.738;5.62
359;4;28;10.529;12.43
360;4;29;46.911;10.53
361;4;30;9.569;24.07
362;4;30;11.527;19.53
363;4;30;7.545;5.03
364;4;31;31.379;6.01
365;4;31;26.101;21.21
366;4;32;31.014;10.71
367;4;32;35.074;13.05
368;4;33;74.737;20.52
369;4;33;78.778;10.83
370;4;33;70.996;9.84
371;4;34;16.387;21.63
372;4;34;16.664;10.28
373;4;35;48.466;21.35
374;4;35;54.931;1.77
375;4;35;48.697;1.35
376;4;36;42.953;14.59
377;4;36;46.385;6.73
378;4;36;46.376;4.52
379;4;37;39.115;18.37
380;4;38;43.031;22.68
381;4;39;30.107;17.1
382;4;39;34.723;0.58
383;4;39;25.891;24.71
384;5;6;29.022;2.41
385;5;7;72.069;5.44
386;5;7;72.957;15.71
387;5;7;63.889;4.2
388;5;8;35.955;5.88
389;5;8;31.405;18.82
390;5;9;35.845;24.28
391;5;9;32.831;20.98
392;5;9;29.875;19.86
393;5;10;33.322;5.77
394;5;10;34.04;7.84
395;5;10;31.013;23.73
396;5;11;57.209;24.21
397;5;11;59.626;8.29
398;5;11;64.065;15.15
399;5;12;51.851;13.13
400;5;13;42.276;15.56
401;5;14;52.504;4.77
402;5;15;24.109;24.95
403;5;15;23.12;15.29
404;5;16;33.457;14.72
405;5;16;34.415;1.91
406;5;17;69.299;15.01
407;5;17;59.903;11.92
408;5;18;68.662;19.14
409;5;19;21.57;23.51
410;5;19;22.196;6.03
411;5;19;20.11;9.8
412;5;20;47.752;23.98
413;5;20;50.481;5.37
414;5;21;39.694;3.1
415;5;22;34.129;4.92
416;5;22;37.232;9.34
417;5;22;27.698;20.26
418;5;23;60.577;22.71
419;5;24;33.457;19.6
420;5;24;32.896;3.05
421;5;25;34.637;9.5
422;5;25;26.955;12.55
423;5;26;43.091;6.68
424;5;27;32.66;2.6
425;5;28;30.463;10.09
426;5;28;34.563;6.32
427;5;29;31.549;10.28
428;5;29;27.787;2.95
429;5;29;33.93;21.3
430;5;30;28.902;14.12
431;5;30;25.275;6.9
432;5;31;47.035;5.18
433;5;31;40.704;7.1
434;5;32;48.438;15.41
435;5;32;51.226;0.84
436;5;33;60.354;15.93
437;5;33;67.945;8.65
438;5;33;47.54;13.45
439;5;34;36.875;12.74
440;5;34;38.139;10.29
441;5;35;69.188;1.98
442;5;35;86.114;8.78
443;5;36;63.746;18.92
444;5;36;74.024;14.59
445;5;37;47.913;13.4
446;5;37;36.576;17.72
447;5;37;50.289;14.84
448;5;38;37.436;14.1
449;5;39;49.491;19.26
450;6;7;60.469;21.28
451;6;8;14.501;18.87
452;6;9;15.372;22.47
453;6;9;18.365;21.46
454;6;10;15.208;1.15
455;6;10;18.226;16.31
456;6;10;16.456;14.85
457;6;11;85.235;24.45
458;6;11;71.739;23.75
459;6;12;47.29;0.39
460;6;12;58.91;19.85
461;6;12;46.822;17.33
462;6;13;23.885;7.04
463;6;13;19.604;11.43
464;6;13;18.401;10.57
465;6;14;42.91;19.25
466;6;14;40.106;4.12
467;6;14;53.34;21.96
468;6;15;25.644;19.78
469;6;15;27.701;9.85
470;6;16;14.627;22.53
471;6;16;15.577;9.66
472;6;17;61.754;16.09
473;6;17;66.54;18.81
474;6;18;50.168;7.08
475;6;18;40.169;15.66
476;6;19;33.419;19.9
477;6;20;21.825;2.03
478;6;21;25.526;17.37
479;6;21;19.246;4.01
480;6;21;21.54;17.23
481;6;22;14.075;1.05
482;6;22;17.21;8.21
483;6;23;53.966;1.06
484;6;23;40.506;15.01
485;6;23;47.556;3.79
486;6;24;14.627;15.15
487;6;24;13.938;0.28
488;6;25;18.504;1.55
489;6;26;28.573;0.64
490;6;27;6.858;8.07
491;6;27;7.41;8.45
492;6;27;7.854;21.23
493;6;28;17.568;3.16
494;6;28;13.556;10.58
495;6;29;60.565;18.32
496;6;29;47.845;13.24
497;6;29;71.456;21.21
498;6;30;21.551;24.61
499;6;30;19.785;10.67
500;6;30;26.239;19.82
501;6;31;23.627;16.35
502;6;31;17.866;1.12
503;6;31;24.696;8.2
504;6;32;27.476;6.83
505;6;32;26.57;4.09
506;6;33;57.419;12.41
507;6;33;51.228;8.77
508;6;33;56.138;14.96
509;6;34;27.729;16.84
510;6;35;54.542;12.72
511;6;35;53.721;24.56
512;6;36;56.576;21.86
513;6;36;56.145;5.25
514;6;36;52.382;3.93
515;6;37;18.996;0.42
516;6;37;23.585;20.77
517;6;37;17.87;6.81
518;6;38;21.106;24.26
519;6;38;21.299;20.02
520;6;38;25.229;0.07
521;6;39;32.509;22.87
522;7;8;73.587;21.59
523;7;8;91.638;2.65
524;7;9;45.108;3.73
525;7;9;53.822;18.36
526;7;10;45.512;20.59
527;7;10;56.297;7.25
528;7;10;36.281;4.0
529;7;11;103.777;15.16
530;7;12;107.715;18.59
531;7;13;36.692;15.49
532;7;13;30.22;20.04
533;7;14;102.722;13.17
534;7;14;100.93;15.59
535;7;15;47.972;12.95
536;7;16;45.992;5.85
537;7;16;48.234;18.55
538;7;16;42.102;11.16
539;7;17;9.76;23.73
540;7;18;18.721;22.68
541;7;18;16.25;12.37
542;7;19;53.504;4.21
543;7;20;45.296;22.05
544;7;20;46.528;18.31
545;7;21;35.398;4.41
546;7;21;41.183;1.81
547;7;22;46.414;1.62
548;7;22;46.265;9.43
549;7;22;45.029;21.54
550;7;23;14.458;0.68
551;7;23;17.611;9.18
552;7;23;11.332;19.85
553;7;24;45.992;5.5
554;7;24;55.957;20.87
555;7;24;48.007;10.79
556;7;25;42.419;13.06
557;7;25;34.918;15.73
558;7;25;35.078;20.28
559;7;26;32.067;10.97
560;7;27;53.875;10.3
561;7;27;47.94;23.59
562;7;27;61.55;5.92
563;7;28;44.999;16.57
564;7;29;94.2;10.08
565;7;29;109.107;5.22
566;7;30;44.149;18.69
567;7;30;51.832;11.03
568;7;31;40.279;10.46
569;7;31;47.044;16.3
570;7;32;35.025;2.22
571;7;32;34.492;9.88
572;7;33;117.851;22.46
573;7;33;127.32;0.37
574;7;33;142.432;24.36
575;7;34;35.811;24.66
576;7;34;26.932;8.22
577;7;35;8.742;19.59
578;7;35;7.883;18.38
579;7;36;11.933;4.49
580;7;36;10.927;13.25
581;7;36;10.161;4.12
582;7;37;57.121;18.38
583;7;37;61.4;2.13
584;7;38;80.908;15.17
585;7;38;83.525;1.97
586;7;38;86.64;7.45
587;7;39;28.285;19.66
588;7;39;34.906;9.26
589;8;9;28.859;7.71
590;8;10;29.303;3.11
591;8;11;93.102;16.9
592;8;11;102.027;22.34
593;8;11;103.823;1.31
594;8;12;34.657;21.25
595;8;12;31.306;20.11
596;8;13;36.967;15.49
597;8;13;44.952;14.44
598;8;14;29.136;18.86
599;8;14;30.107;3.01
600;8;15;39.493;6.28
601;8;16;28.647;8.11
602;8;16;28.341;20.26
603;8;16;27.103;17.67
604;8;17;75.617;17.63
605;8;17;64.424;13.09
606;8;17;81.008;8.85
607;8;18;61.384;0.99
608;8;18;61.994;18.58
609;8;19;46.181;5.36
610;8;19;57.224;18.26
611;8;19;57.557;7.69
612;8;20;30.731;7.67
613;8;20;36.156;16.94
614;8;20;26.374;16.9
615;8;21;39.479;20.6
616;8;21;35.697;21.28
617;8;21;45.162;5.21
618;8;22;27.879;24.0
619;8;22;23.539;0.78
620;8;22;32.536;17.27
621;8;23;68.074;18.25
622;8;24;28.647;19.16
623;8;24;24.816;20.99
624;8;25;32.631;21.04
625;8;26;42.272;21.39
626;8;26;38.685;7.73
627;8;26;32.964;12.96
628;8;27;20.066;11.55
629;8;27;19.443;24.65
630;8;27;15.472;23.49
631;8;28;32.05;6.92
632;8;28;38.33;18.43
633;8;29;66.005;10.04
634;8;30;36.011;5.85
635;8;30;43.919;13.08
636;8;31;34.38;21.34
637;8;31;27.776;10.78
638;8;31;31.148;11.3
639;8;32;39.149;3.63
640;8;33;44.72;0.74
641;8;33;52.824;7.45
642;8;34;42.145;21.45
643;8;34;40.377;14.3
644;8;34;32.655;7.47
645;8;35;67.007;14.29
646;8;35;67.936;15.71
647;8;35;80.524;23.95
648;8;36;70.574;17.25
649;8;36;66.584;11.88
650;8;37;22.057;1.39
651;8;37;19.7;10.31
652;8;38;7.444;22.3
653;8;39;45.309;18.73
654;9;10;2.93;11.18
655;9;10;3.585;4.43
656;9;11;86.899;0.31
657;9;11;107.154;2.62
658;9;11;95.31;13.02
659;9;12;62.614;20.74
660;9;12;47.231;8.89
661;9;12;72.855;12.2
662;9;13;8.547;13.15
663;9;13;9.283;12.67
664;9;14;57.892;5.53
665;9;14;43.742;24.76
666;9;15;20.072;18.67
667;9;15;24.164;1.81
668;9;16;2.493;15.21
669;9;17;46.758;10.24
670;9;17;44.763;22.46
671;9;18;35.483;6.36
672;9;18;39.187;1.74
673;9;19;29.973;21.83
674;9;19;26.211;2.79
675;9;19;30.185;7.73
676;9;20;13.035;1.37
677;9;20;13.649;9.7
678;9;20;14.733;18.43
679;9;21;10.748;20.63
680;9;21;10.243;11.98
681;9;21;13.143;8.4
682;9;22;1.755;22.62
683;9;22;1.438;3.51
684;9;23;39.311;2.13
685;9;24;2.493;3.79
686;9;25;4.84;3.23
687;9;25;5.068;23.82
688;9;25;4.896;20.83
689;9;26;13.413;3.96
690;9;26;15.69;7.62
691;9;27;8.83;21.35
692;9;28;7.711;15.56
693;9;28;8.414;0.65
694;9;28;7.17;3.36
695;9;29;66.028;13.6
696;9;29;50.51;18.13
697;9;30;12.704;12.33
698;9;30;14.902;13.28
699;9;30;14.151;3.66
700;9;31;11.204;3.19
701;9;32;13.189;5.5
702;9;32;10.504;6.86
703;9;32;10.281;21.47
704;9;33;72.749;20.14
705;9;33;61.301;6.88
706;9;34;14.722;21.18
707;9;34;12.845;14.89
708;9;35;39.235;0.34
709;9;35;30.462;7.35
710;9;35;34.442;13.82
711;9;36;41.742;14.14
712;9;36;48.372;0.62
713;9;37;19.667;10.38
714;9;37;17.178;3.44
715;9;38;36.006;14.68
716;9;38;31.245;13.13
717;9;39;17.194;14.07
718;9;39;18.825;19.56
719;9;39;14.722;20.14
720;10;11;83.972;16.26
721;10;11;97.249;7.83
722;10;12;62.439;19.58
723;10;12;48.1;15.29
724;10;13;9.733;15.11
725;10;13;10.962;8.62
726;10;14;58.09;13.12
727;10;14;50.577;6.94
728;10;14;52.481;2.67
729;10;15;17.198;23.66
730;10;15;21.082;21.86
731;10;16;0.76;16.91
732;10;16;0.722;2.18
733;10;17;46.546;7.51
734;10;18;37.002;12.4
735;10;18;41.333;17.78
736;10;18;41.4;2.53
737;10;19;27.071;20.66
738;10;19;31.985;10.06
739;10;19;26.889;21.41
740;10;20;15.964;17.52
741;10;21;10.322;5.09
742;10;21;10.846;16.83
743;10;21;8.518;19.22
744;10;22;1.983;12.06
745;10;23;38.807;8.53
746;10;24;0.76;14.49
747;10;24;0.917;23.66
748;10;24;0.62;4.37
749;10;25;3.328;17.67
750;10;26;13.464;1.5
751;10;26;12.29;3.63
752;10;26;10.435;19.25
753;10;27;9.374;22.77
754;10;27;9.52;19.68
755;10;27;7.061;13.28
756;10;28;4.879;16.54
757;10;28;4.788;2.76
758;10;28;5.13;19.5
759;10;29;63.257;7.72
760;10;29;69.134;8.23
761;10;29;67.719;22.03
762;10;30;9.969;15.97
763;10;30;7.514;12.54
764;10;31;13.896;18.12
765;10;31;13.072;3.0
766;10;32;15.254;0.14
767;10;33;72.557;15.77
768;10;34;13.165;5.16
769;10;35;40.089;4.04
770;10;35;43.06;6.06
771;10;35;39.192;4.21
772;10;36;41.38;8.08
773;10;36;34.826;5.77
774;10;36;35.605;7.53
775;10;37;22.147;19.86
776;10;37;25.503;12.47
777;10;38;36.234;9.89
778;10;39;18.196;10.11
779;10;39;16.459;15.34
780;10;39;19.332;7.07
781;11;12;100.386;5.93
782;11;12;78.591;18.54
783;11;13;89.874;6.27
784;11;13;95.361;17.77
785;11;13;71.004;17.16
786;11;14;104.258;3.61
787;11;14;84.258;10.26
788;11;14;126.397;17.84
789;11;15;67.493;14.32
790;11;16;84.45;12.37
791;11;16;86.479;5.89
792;11;16;98.38;9.96
793;11;17;96.25;5.6
794;11;17;81.038;21.8
795;11;17;104.606;8.34
796;11;18;109.833;22.52
797;11;19;57.641;3.08
798;11;20;99.932;21.09
799;11;21;85.017;16.74
800;11;21;96.813;7.15
801;11;22;85.535;22.59
802;11;22;95.706;24.99
803;11;22;69.849;24.79
804;11;23;89.327;6.76
805;11;23;90.487;2.51
806;11;23;110.869;0.92
807;11;24;84.45;2.3
808;11;25;83.549;23.07
809;11;26;87.307;8.48
810;11;27;87.17;11.85
811;11;27;96.459;22.6
812;11;28;79.454;9.84
813;11;28;78.43;3.94
814;11;29;29.586;8.37
815;11;30;75.189;8.13
816;11;30;83.905;6.3
817;11;31;97.279;2.17
818;11;31;90.123;5.4
819;11;32;96.388;17.51
820;11;32;80.164;21.66
821;11;32;82.217;15.17
822;11;33;105.798;9.06
823;11;33;92.807;23.04
824;11;33;86.869;17.81
825;11;34;79.501;19.13
826;11;34;93.238;2.66
827;11;34;67.645;15.37
828;11;35;105.558;23.0
829;11;35;92.86;22.1
830;11;36;92.061;15.11
831;11;36;77.204;8.88
832;11;36;109.402;3.81
833;11;37;103.288;1.69
834;11;38;93.798;21.61
835;11;39;93.673;6.12
836;11;39;105.456;1.54
837;11;39;88.344;11.63
838;12;13;71.038;7.06
839;12;13;70.247;2.5
840;12;14;8.891;5.27
841;12;14;7.119;4.07
842;12;14;8.883;13.58
843;12;15;67.603;11.93
844;12;15;57.378;18.76
845;12;16;61.891;19.69
846;12;16;47.588;23.13
847;12;17;108.905;7.13
848;12;17;125.177;9.54
849;12;17;135.56;16.64
850;12;18;96.041;14.41
851;12;18;91.028;19.07
852;12;18;75.483;3.78
853;12;19;70.732;8.01
854;12;20;65.31;0.34
855;12;20;60.449;6.69
856;12;20;80.29;19.89
857;12;21;72.753;15.13
858;12;22;61.364;4.57
859;12;22;50.592;18.06
860;12;22;46.074;20.17
861;12;23;100.892;2.46
862;12;23;125.074;15.48
863;12;23;124.515;1.68
864;12;24;61.891;18.46
865;12;25;65.684;1.96
866;12;25;61.225;23.63
867;12;25;75.664;7.54
868;12;26;75.858;4.17
869;12;27;53.844;22.41
870;12;27;41.98;14.77
871;12;28;64.018;15.36
872;12;29;70.801;23.0
873;12;29;65.63;15.41
874;12;29;64.284;20.38
875;12;30;66.786;23.08
876;12;30;56.084;13.49
877;12;31;69.031;1.01
878;12;31;83.9;1.77
879;12;32;73.727;13.26
880;12;32;84.197;3.09
881;12;33;10.136;5.38
882;12;33;7.829;2.93
883;12;33;11.08;13.25
884;12;34;74.236;24.55
885;12;34;73.401;13.79
886;12;34;83.341;9.09
887;12;35;101.471;16.32
888;12;36;103.626;16.2
889;12;36;79.85;17.05
890;12;36;119.753;18.93
891;12;37;55.587;23.28
892;12;38;27.216;11.73
893;12;38;26.621;20.22
894;12;39;79.572;3.97
895;12;39;78.55;7.08
896;12;39;78.87;16.99
897;13;14;66.092;20.53
898;13;15;22.457;12.7
899;13;16;9.975;8.53
900;13;16;8.183;7.11
901;13;16;8.281;6.04
902;13;17;38.904;9.45
903;13;17;45.575;19.41
904;13;18;27.272;3.17
905;13;18;27.613;9.53
906;13;19;32.233;17.61
907;13;19;33.737;13.03
908;13;19;37.449;15.41
909;13;20;13.4;13.77
910;13;20;15.901;8.47
911;13;20;12.518;21.54
912;13;21;5.626;11.74
913;13;21;4.583;4.46
914;13;22;10.056;9.46
915;13;22;9.21;21.87
916;13;23;31.945;15.64
917;13;23;37.58;10.36
918;13;24;9.975;13.77
919;13;24;8.866;22.12
920;13;25;7.652;10.47
921;13;25;8.017;10.22
922;13;26;6.171;24.88
923;13;26;5.111;5.35
924;13;27;17.196;11.63
925;13;27;21.303;5.2
926;13;27;14.42;20.87
927;13;28;11.84;24.68
928;13;28;10.216;10.89
929;13;29;71.122;1.71
930;13;29;88.173;20.67
931;13;30;14.887;15.38
932;13;30;14.374;6.8
933;13;30;14.738;17.83
934;13;31;8.509;16.81
935;13;31;8.177;17.24
936;13;32;6.574;24.5
937;13;32;5.359;16.33
938;13;33;81.174;20.24
939;13;33;97.044;10.22
940;13;34;11.643;6.58
941;13;35;30.687;4.15
942;13;35;30.397;9.66
943;13;35;34.934;23.16
944;13;36;34.127;8.02
945;13;36;30.069;11.58
946;13;37;23.888;20.18
947;13;37;25.174;12.46
948;13;37;20.768;10.58
949;13;38;44.241;16.36
950;13;38;51.304;24.1
951;13;39;8.647;15.56
952;13;39;10.163;3.14
953;13;39;7.211;13.98
954;14;15;65.343;5.86
955;14;15;79.298;2.99
956;14;15;78.0;1.31
957;14;16;57.478;12.51
958;14;16;52.904;18.05
959;14;17;104.601;18.28
960;14;18;90.045;10.03
961;14;19;69.654;24.87
962;14;19;56.949;5.51
963;14;20;59.115;23.08
964;14;20;67.258;12.09
965;14;21;68.379;0.86
966;14;22;56.809;1.62
967;14;23;96.875;2.97
968;14;23;79.59;3.69
969;14;24;57.478;13.72
970;14;24;70.319;7.94
971;14;25;61.402;0.89
972;14;26;71.292;7.41
973;14;27;49.064;22.18
974;14;27;47.925;13.95
975;14;28;60.251;19.66
976;14;28;59.78;6.65
977;14;29;74.772;19.63
978;14;29;65.397;10.03
979;14;29;91.087;10.65
980;14;30;63.55;24.2
981;14;31;63.227;14.38
982;14;32;68.151;20.29
983;14;32;63.234;6.1
984;14;33;17.006;17.65
985;14;33;16.896;7.26
986;14;33;14.802;20.7
987;14;34;70.502;13.97
988;14;34;72.957;17.79
989;14;35;96.061;4.6
990;14;35;80.059;10.15
991;14;35;80.029;11.37
992;14;36;99.47;13.08
993;14;36;82.835;0.39
994;14;36;119.511;23.1
995;14;37;48.727;15.88
996;14;37;46.431;10.92
997;14;37;60.508;4.67
998;14;38;21.887;16.93
999;14;39;74.442;0.22
1000;14;39;72.3;23.75
1001;14;39;77.452;7.58
1002;15;16;17.815;22.04
1003;15;16;19.881;19.48
1004;15;17;45.399;22.66
1005;15;17;47.708;19.99
1006;15;17;49.692;2.28
1007;15;18;46.063;0.14
1008;15;19;9.975;15.66
1009;15;20;32.94;7.85
1010;15;20;31.625;6.38
1011;15;20;36.53;3.21
1012;15;21;18.034;11.38
1013;15;21;19.924;2.29
1014;15;22;19.032;5.37
1015;15;22;23.718;23.37
1016;15;22;20.095;22.7
1017;15;23;36.695;18.91
1018;15;23;41.864;13.2
1019;15;23;32.471;11.31
1020;15;24;17.815;15.9
1021;15;24;15.467;22.99
1022;15;25;16.173;3.44
1023;15;26;20.912;24.04
1024;15;26;19.797;11.12
1025;15;26;16.562;13.92
1026;15;27;23.529;9.97
1027;15;27;17.828;21.79
1028;15;28;12.365;23.34
1029;15;29;49.42;11.83
1030;15;29;49.233;16.08
1031;15;30;7.708;20.86
1032;15;30;9.133;6.63
1033;15;31;29.834;19.71
1034;15;31;28.845;23.7
1035;15;32;29.019;1.48
1036;15;32;25.603;21.01
1037;15;32;29.467;1.5
1038;15;33;77.298;1.76
1039;15;34;13.57;24.09
1040;15;35;45.454;14.76
1041;15;35;51.615;17.96
1042;15;36;39.831;22.5
1043;15;36;35.769;0.79
1044;15;37;38.871;23.04
1045;15;37;32.802;16.38
1046;15;37;47.859;21.66
1047;15;38;44.869;7.8
1048;15;38;46.048;7.96
1049;15;39;27.562;14.46
1050;16;17;47.138;0.32
1051;16;18;37.21;1.39
1052;16;18;33.442;16.31
1053;16;18;43.854;19.74
1054;16;19;27.657;23.2
1055;16;19;27.327;12.03
1056;16;20;15.483;7.75
1057;16;20;12.272;23.46
1058;16;21;10.906;18.84
1059;16;21;12.372;10.3
1060;16;21;12.624;19.84
1061;16;22;1.253;9.08
1062;16;22;1.405;13.87
1063;16;23;39.442;2.49
1064;16;24;0.0;10.05
1065;16;25;4.002;4.67
1066;16;26;13.977;12.02
1067;16;26;16.439;17.33
1068;16;26;16.99;13.96
1069;16;27;8.673;13.97
1070;16;27;7.614;22.46
1071;16;28;5.552;6.14
1072;16;28;4.536;23.9
1073;16;28;6.244;10.65
1074;16;29;63.546;19.53
1075;16;29;52.756;15.5
1076;16;30;10.664;19.91
1077;16;30;8.872;15.74
1078;16;30;11.04;7.01
1079;16;31;13.646;11.78
1080;16;32;15.269;3.9
1081;16;33;72.013;22.52
1082;16;34;13.901;17.2
1083;16;35;40.469;6.42
1084;16;36;41.994;4.04
1085;16;36;32.347;23.04
1086;16;37;21.427;7.23
1087;16;37;20.416;9.66
1088;16;37;25.019;11.15
1089;16;38;35.612;5.7
1090;16;38;36.151;18.54
1091;16;39;18.52;20.37
1092;17;18;27.076;17.98
1093;17;19;49.291;1.25
1094;17;20;49.527;1.15
1095;17;20;60.103;19.78
1096;17;21;36.232;1.67
1097;17;21;41.546;15.95
1098;17;21;27.434;17.23
1099;17;22;47.793;24.04
1100;17;22;51.494;12.5
1101;17;22;41.015;21.98
1102;17;23;8.722;4.45
1103;17;24;47.138;17.94
1104;17;24;49.962;6.78
1105;17;24;54.132;4.85
1106;17;25;43.259;21.72
1107;17;26;33.346;11.28
1108;17;27;55.565;12.14
1109;17;27;43.253;20.33
1110;17;27;66.55;24.98
1111;17;28;45.011;11.75
1112;17;28;43.482;7.85
1113;17;28;54.884;16.16
1114;17;29;88.825;22.78
1115;17;29;75.359;18.92
1116;17;29;104.097;1.27
1117;17;30;43.076;10.53
1118;17;30;39.896;21.29
1119;17;31;44.173;10.49
1120;17;32;38.857;4.81
1121;17;32;32.139;21.14
1122;17;32;42.107;4.08
1123;17;33;118.997;3.95
1124;17;34;34.992;14.48
1125;17;35;17.231;6.42
1126;17;35;14.478;22.05
1127;17;35;18.382;1.07
1128;17;36;5.569;16.82
1129;17;36;4.273;15.93
1130;17;37;61.346;5.6
1131;17;38;82.719;1.76
1132;17;38;67.361;6.67
1133;17;38;97.488;21.25
1134;17;39;31.387;16.31
1135;18;19;54.245;10.92
1136;18;19;57.334;7.84
1137;18;19;44.465;22.37
1138;18;20;30.947;24.28
1139;18;20;26.611;1.18
1140;18;21;28.971;6.62
1141;18;21;31.303;3.68
1142;18;21;34.532;17.03
1143;18;22;37.142;4.53
1144;18;23;26.588;18.63
1145;18;24;37.21;23.24
1146;18;24;44.594;5.64
1147;18;25;34.699;6.18
1148;18;25;34.23;16.41
1149;18;25;30.134;5.8
1150;18;26;25.585;19.92
1151;18;27;43.312;7.49
1152;18;27;39.811;15.14
1153;18;28;38.502;20.12
1154;18;28;30.228;10.48
1155;18;28;45.847;3.28
1156;18;29;95.326;4.91
1157;18;29;104.511;13.1
1158;18;29;98.49;0.39
1159;18;30;39.848;18.25
1160;18;31;27.034;8.46
1161;18;32;22.692;6.78
1162;18;32;19.109;20.0
1163;18;32;18.672;24.32
1164;18;33;106.092;20.76
1165;18;33;117.178;6.9
1166;18;34;32.493;6.69
1167;18;35;10.032;13.72
1168;18;35;10.466;14.52
1169;18;35;10.282;8.16
1170;18;36;26.022;5.59
1171;18;36;26.42;9.19
1172;18;36;25.358;21.23
1173;18;37;42.085;17.01
1174;18;38;68.826;6.9
1175;18;39;19.222;18.73
1176;19;20;42.897;14.24
1177;19;20;50.237;16.63
1178;19;21;27.463;22.56
1179;19;22;28.847;22.12
1180;19;22;33.466;3.59
1181;19;23;40.666;19.8
1182;19;23;39.791;17.49
1183;19;24;27.657;4.75
1184;19;24;25.12;10.37
1185;19;25;26.148;18.24
1186;19;25;25.142;11.27
1187;19;25;19.972;23.7
1188;19;26;29.991;7.09
1189;19;26;35.069;1.89
1190;19;26;36.609;3.8
1191;19;27;32.548;19.65
1192;19;27;25.374;0.28
1193;19;28;22.291;9.37
1194;19;29;41.27;16.91
1195;19;29;47.163;1.35
1196;19;30;17.667;13.71
1197;19;30;14.931;12.79
1198;19;31;39.788;14.66
1199;19;32;38.752;22.14
1200;19;32;40.162;11.04
1201;19;33;79.963;21.37
1202;19;33;89.53;15.74
1203;19;34;22.25;4.29
1204;19;34;20.066;5.06
1205;19;35;52.326;20.22
1206;19;35;55.39;9.35
1207;19;36;43.859;22.33
1208;19;36;40.29;11.59
1209;19;36;43.547;16.73
1210;19;37;48.346;12.36
1211;19;37;39.823;6.66
1212;19;37;52.525;7.86
1213;19;38;50.588;0.37
1214;19;38;56.296;1.1
1215;19;39;36.549;5.16
1216;19;39;38.507;4.5
1217;20;21;18.896;15.4
1218;20;21;21.514;6.22
1219;20;22;14.427;7.14
1220;20;22;13.394;0.04
1221;20;22;12.671;3.74
1222;20;23;43.638;16.65
1223;20;24;15.483;14.19
1224;20;24;19.23;8.05
1225;20;24;11.914;5.46
1226;20;25;16.864;16.19
1227;20;26;19.327;23.8
1228;20;27;15.737;12.81
1229;20;27;18.303;12.0
1230;20;28;20.617;3.73
1231;20;28;22.775;5.68
1232;20;29;78.579;1.71
1233;20;29;60.001;7.73
1234;20;30;25.351;12.92
1235;20;30;24.022;5.12
1236;20;31;5.48;17.3
1237;20;31;6.177;24.58
1238;20;31;6.723;3.46
1239;20;32;10.697;0.68
1240;20;33;75.3;9.19
1241;20;34;24.707;20.78
1242;20;34;21.537;14.61
1243;20;34;20.631;12.59
1244;20;35;37.712;0.99
1245;20;35;29.656;2.41
1246;20;35;46.568;21.47
1247;20;36;45.364;21.39
1248;20;37;11.863;9.96
1249;20;37;14.195;2.75
1250;20;37;11.178;22.47
1251;20;38;38.132;5.08
1252;20;38;31.963;16.21
1253;20;39;18.315;7.65
1254;20;39;14.213;3.97
1255;21;22;11.6;12.66
1256;21;22;12.652;20.72
1257;21;22;12.9;6.14
1258;21;23;28.603;10.42
1259;21;24;10.906;7.77
1260;21;24;9.49;4.95
1261;21;24;8.629;17.35
1262;21;25;7.079;14.37
1263;21;26;3.511;14.21
1264;21;26;4.225;6.12
1265;21;26;2.827;8.14
1266;21;27;19.418;18.2
1267;21;27;18.685;7.96
1268;21;27;22.928;24.42
1269;21;28;9.857;18.83
1270;21;29;67.324;1.61
1271;21;29;74.935;22.95
1272;21;30;11.015;19.35
1273;21;30;9.661;7.66
1274;21;30;10.698;13.86
1275;21;31;14.133;0.44
1276;21;32;11.562;20.45
1277;21;33;82.867;0.25
1278;21;34;6.045;17.76
1279;21;34;5.152;3.88
1280;21;34;5.721;17.13
1281;21;35;30.541;6.14
1282;21;35;28.048;15.15
1283;21;35;32.457;3.74
1284;21;36;31.105;11.17
1285;21;37;28.791;4.39
1286;21;38;46.506;16.24
1287;21;39;9.829;21.21
1288;21;39;9.891;20.05
1289;21;39;9.4;3.52
1290;22;23;40.197;13.32
1291;22;23;49.705;20.18
1292;22;23;50.138;12.45
1293;22;24;1.253;24.11
1294;22;25;4.963;2.58
1295;22;26;14.514;10.11
1296;22;26;15.17;0.73
1297;22;26;17.171;9.4
1298;22;27;7.824;24.33
1299;22;27;8.987;15.48
1300;22;28;6.801;19.52
1301;22;28;6.486;15.84
1302;22;29;64.413;4.82
1303;22;29;75.351;10.77
1304;22;30;11.916;12.55
1305;22;30;8.982;6.91
1306;22;31;12.906;10.12
1307;22;31;12.097;1.59
1308;22;31;11.09;20.05
1309;22;32;14.928;6.41
1310;22;33;71.494;0.67
1311;22;34;14.952;12.05
1312;22;34;12.971;24.14
1313;22;35;40.704;2.15
1314;22;35;40.676;24.7
1315;22;36;42.702;19.47
1316;22;36;52.066;14.68
1317;22;36;38.856;11.3
1318;22;37;20.174;3.6
1319;22;38;34.926;18.64
1320;22;38;27.467;20.54
1321;22;38;37.218;6.16
1322;22;39;18.686;21.68
1323;22;39;19.156;0.58
1324;22;39;20.989;18.46
1325;23;24;39.442;18.12
1326;23;25;35.485;24.48
1327;23;25;29.03;5.46
1328;23;26;26.038;12.54
1329;23;27;48.019;11.32
1330;23;27;54.654;20.77
1331;23;27;36.851;14.46
1332;23;28;36.879;21.89
1333;23;28;27.765;3.89
1334;23;28;35.796;22.56
1335;23;29;80.577;5.86
1336;23;30;34.629;19.21
1337;23;30;30.22;19.69
1338;23;30;29.254;20.4
1339;23;31;38.17;11.12
1340;23;32;32.982;13.54
1341;23;33;110.95;24.89
1342;23;34;26.712;18.18
1343;23;34;29.765;3.19
1344;23;34;27.227;8.87
1345;23;35;18.286;17.55
1346;23;35;16.538;11.62
1347;23;36;3.195;0.14
1348;23;37;55.244;14.25
1349;23;38;75.039;10.92
1350;23;38;90.105;9.71
1351;23;39;25.336;0.16
1352;23;39;26.807;4.77
1353;23;39;31.207;13.62
1354;24;25;4.002;3.98
1355;24;25;3.75;3.21
1356;24;26;13.977;19.02
1357;24;27;8.673;11.4
1358;24;27;8.097;7.85
1359;24;27;7.684;6.8
1360;24;28;5.552;22.96
1361;24;28;4.715;6.21
1362;24;28;6.526;2.57
1363;24;29;63.546;18.6
1364;24;29;60.263;18.85
1365;24;30;10.664;19.48
1366;24;30;11.65;4.38
1367;24;31;13.646;15.47
1368;24;32;15.269;9.98
1369;24;33;72.013;15.24
1370;24;34;13.901;15.33
1371;24;34;10.955;11.73
1372;24;34;11.604;15.88
1373;24;35;40.469;24.39
1374;24;35;48.63;5.58
1375;24;36;41.994;11.23
1376;24;36;47.636;14.79
1377;24;37;21.427;6.26
1378;24;37;20.426;9.17
1379;24;37;18.408;0.46
1380;24;38;35.612;24.01
1381;24;38;32.886;2.16
1382;24;38;37.063;8.76
1383;24;39;18.52;12.58
1384;24;39;17.988;5.07
1385;25;26;10.358;4.82
1386;25;26;12.11;14.31
1387;25;26;8.869;13.74
1388;25;27;12.675;18.34
1389;25;28;4.319;20.7
1390;25;28;4.145;18.77
1391;25;28;3.961;18.26
1392;25;29;63.818;23.79
1393;25;29;57.217;16.97
1394;25;29;60.865;18.76
1395;25;30;8.507;4.26
1396;25;31;13.737;17.52
1397;25;31;16.217;23.31
1398;25;31;10.723;22.09
1399;25;32;13.893;0.68
1400;25;33;75.795;7.76
1401;25;33;93.489;7.22
1402;25;34;10.001;10.97
1403;25;34;11.951;19.54
1404;25;34;12.48;4.33
1405;25;35;37.246;7.93
1406;25;35;32.567;10.98
1407;25;36;38.072;4.02
1408;25;36;36.531;18.98
1409;25;36;41.846;10.23
1410;25;37;24.469;3.26
1411;25;37;28.895;15.84
1412;25;37;23.728;16.72
1413;25;38;39.554;17.67
1414;25;39;15.608;9.82
1415;25;39;18.963;3.02
1416;26;27;22.231;11.13
1417;26;28;13.365;18.01
1418;26;28;12.851;16.54
1419;26;28;12.022;9.01
1420;26;29;70.322;22.22
1421;26;29;73.245;16.72
1422;26;29;60.409;21.88
1423;26;30;14.274;3.71
1424;26;30;12.178;1.53
1425;26;31;14.098;8.98
1426;26;31;13.112;0.89
1427;26;31;13.86;10.9
1428;26;32;10.342;13.31
1429;26;32;12.892;15.3
1430;26;33;85.984;19.12
1431;26;34;7.807;5.27
1432;26;34;6.547;11.34
1433;26;35;27.044;24.17
1434;26;35;23.294;9.29
1435;26;35;21.247;11.44
1436;26;36;28.372;19.82
1437;26;36;28.949;24.81
1438;26;37;30.057;23.24
1439;26;37;23.769;17.46
1440;26;37;34.163;9.47
1441;26;38;49.405;5.19
1442;26;38;43.991;0.5
1443;26;38;49.757;9.56
1444;26;39;6.651;19.21
1445;27;28;12.986;12.23
1446;27;29;63.996;17.27
1447;27;29;79.667;6.62
1448;27;29;75.806;24.6
1449;27;30;17.776;22.51
1450;27;30;16.416;7.22
1451;27;30;19.563;12.39
1452;27;31;16.91;14.85
1453;27;32;20.622;13.02
1454;27;33;63.98;24.92
1455;27;33;71.135;24.42
1456;27;34;22.496;16.0
1457;27;35;47.772;12.1
1458;27;36;50.507;8.33
1459;27;36;62.225;3.22
1460;27;37;16.168;13.37
1461;27;38;27.177;19.07
1462;27;39;25.77;19.23
1463;28;29;59.499;21.36
1464;28;30;5.126;19.34
1465;28;31;17.927;8.39
1466;28;31;20.142;22.88
1467;28;31;13.617;5.89
1468;28;32;18.193;4.39
1469;28;32;16.597;6.86
1470;28;32;16.41;9.17
1471;28;33;74.072;1.41
1472;28;33;69.216;19.12
1473;28;34;10.257;18.76
1474;28;34;9.803;9.01
1475;28;34;12.582;4.07
1476;28;35;40.393;17.94
1477;28;35;40.904;22.89
1478;28;35;47.596;19.79
1479;28;36;39.653;16.55
1480;28;36;48.345;21.64
1481;28;36;41.382;5.44
1482;28;37;26.949;19.16
1483;28;38;38.597;0.88
1484;28;38;47.979;11.38
1485;28;39;19.29;19.59
1486;28;39;16.031;6.69
1487;29;30;56.41;9.16
1488;29;30;61.583;23.84
1489;29;31;77.149;1.47
1490;29;32;77.629;7.46
1491;29;32;75.895;10.78
1492;29;33;76.384;1.4
1493;29;34;62.912;20.14
1494;29;34;67.625;5.1
1495;29;35;93.557;13.91
1496;29;35;113.009;10.01
1497;29;35;77.49;15.99
1498;29;36;83.699;0.81
1499;29;36;90.451;1.07
1500;29;37;79.455;18.46
1501;29;37;91.811;22.83
1502;29;37;97.203;1.82
1503;29;38;65.697;15.91
1504;29;39;76.973;1.41
1505;30;31;22.127;10.56
1506;30;32;21.46;11.22
1507;30;33;76.741;18.15
1508;30;34;8.338;16.23
1509;30;34;6.746;13.25
1510;30;35;40.47;12.91
1511;30;36;37.58;10.64
1512;30;36;42.727;23.98
1513;30;36;44.316;24.97
1514;30;37;32.075;22.27
1515;30;37;36.254;6.95
1516;30;37;35.267;12.44
1517;30;38;42.199;18.02
1518;30;39;20.827;6.95
1519;30;39;24.821;14.83
1520;30;39;22.424;11.64
1521;31;32;5.327;18.86
1522;31;32;5.484;9.73
1523;31;32;5.215;13.6
1524;31;33;79.1;14.7
1525;31;33;94.422;10.94
1526;31;33;79.557;7.49
1527;31;34;20.129;24.48
1528;31;34;20.123;24.2
1529;31;34;17.029;17.4
1530;31;35;32.99;8.05
1531;31;35;25.467;8.99
1532;31;36;39.932;16.27
1533;31;36;40.57;22.65
1534;31;37;17.176;7.19
1535;31;37;14.214;4.66
1536;31;37;15.302;7.59
1537;31;38;41.824;17.59
1538;31;38;42.274;10.62
1539;31;38;35.437;15.33
1540;31;39;12.868;20.94
1541;31;39;10.915;18.47
1542;31;39;14.81;10.29
1543;32;33;83.829;0.26
1544;32;33;97.625;15.22
1545;32;33;99.15;21.06
1546;32;34;17.517;2.3
1547;32;34;15.929;10.65
1548;32;35;27.922;2.14
1549;32;35;23.954;21.64
1550;32;35;29.32;19.6
1551;32;36;34.669;23.82
1552;32;37;22.49;4.03
1553;32;37;23.835;0.72
1554;32;37;24.984;10.46
1555;32;38;46.577;7.36
1556;32;39;7.648;15.93
1557;33;34;84.272;7.79
1558;33;35;111.595;15.22
1559;33;35;103.906;9.64
1560;33;36;113.702;23.24
1561;33;36;132.793;12.21
1562;33;36;99.419;5.01
1563;33;37;65.351;5.63
1564;33;37;71.459;16.89
1565;33;38;37.277;20.8
1566;33;38;33.653;24.96
1567;33;39;89.706;11.04
1568;34;35;32.318;13.78
1569;34;35;28.678;0.72
1570;34;36;29.559;20.54
1571;34;37;33.948;24.29
1572;34;37;33.469;0.47
1573;34;37;33.566;4.77
1574;34;38;48.81;7.5
1575;34;38;41.984;21.62
1576;34;38;44.465;8.87
1577;34;39;14.3;15.19
1578;34;39;14.61;14.35
1579;34;39;16.384;18.3
1580;35;36;17.006;1.66
1581;35;36;20.823;3.14
1582;35;36;19.471;10.86
1583;35;37;49.404;4.72
1584;35;38;74.411;0.96
1585;35;38;56.973;19.24
1586;35;39;22.042;4.52
1587;35;39;17.208;1.1
1588;35;39;19.701;21.11
1589;36;37;57.084;9.23
1590;36;38;77.606;15.43
1591;36;38;95.107;24.2
1592;36;38;59.595;11.9
1593;36;39;27.064;17.32
1594;36;39;27.216;5.08
1595;37;38;28.986;21.9
1596;37;38;23.731;5.28
1597;37;38;29.776;9.94
1598;37;39;30.026;2.12
1599;37;39;37.0;15.94
1600;37;39;22.782;19.91
1601;38;39;52.651;1.09
