VERTEX_COUNT 50
PATH_COUNT 1
BUDGET 600
<------------ VERTICES ------------>
0;START;41.374834;2.170055;0.0;0.0
1;Museu Nacional d’Art de Catalunya;41.36882;2.153347;45.0;97.18
2;Museu d’Història de Catalunya - MHC;41.380852;2.185799;45.0;85.29
3;Galeria d’Art Mar Grup Escolà;41.392349;2.167836;45.0;84.63
4;Basilica of the Sagrada Família;41.403568;2.174435;45.0;83.55
5;Anella Olímpica(Olympic Park);41.364778;2.152575;45.0;75.97
6;Parc de la Ciutadella;41.389248;2.186548;45.0;75.29
7;Museu Picasso;41.385181;2.180863;45.0;74.96
8;Avinguda d’Icària;41.391556;2.197416;45.0;74.23
9;Basilica of Sants Just i Pastor;41.382812;2.178195;45.0;73.47
10;Palau Güell;41.378864;2.174117;45.0;71.82
11;Parc de Diagonal Mar;41.407215;2.214539;45.0;71.25
12;Museu Frederic Marès;41.384178;2.176819;45.0;70.03
13;Lorena Ruiz de Villa;41.397858;2.146705;45.0;69.63
14;Museu Palmero;41.424667;2.139856;45.0;69.09
15;Platja de la Nova Mar Bella;41.40205;2.21529;45.0;67.08
16;La Pedrera (Casa Milà);41.395271;2.161785;45.0;66.82
17;Passeig de Gràcia;41.390739;2.166672;45.0;66.65
18;Poble Espanyol;41.368679;2.147031;45.0;65.4
19;Montjuïc Castle;41.363823;2.167096;45.0;64.37
20;La Colmena;41.383835;2.178294;45.0;63.78
21;Despair;41.387653;2.188076;45.0;63.08
22;L’Aquàrium;41.376625;2.184117;45.0;63.08
23;Arts Santa Mònica;41.37722;2.176012;45.0;62.64
24;Barcelona;41.389034;2.16137;45.0;62.54
25;Antic Hospital de la Santa Creu;41.380573;2.170374;45.0;61.79
26;90th Jean Bouin;41.373077;2.150465;45.0;61.72
27;Plaça del Rei;41.384144;2.177409;45.0;60.6
28;Casa Martí, Els Quatre Gats ;41.385775;2.173671;45.0;59.7
29;Plaça de Catalunya;41.387005;2.17003;45.0;59.54
30;Rambla del Raval;41.378681;2.169317;45.0;58.98
31;Turó de la Rovira viewing point;41.419388;2.161812;45.0;57.68
32;Parc de la Creueta del Coll;41.41935;2.146432;45.0;57.34
33;Museu de la Moto ;41.383327;2.174488;45.0;57.02
34;Monument to Doctor Robert;41.394924;2.175599;45.0;56.93
35;Imaginart Gallery;41.393822;2.164627;45.0;56.87
36;Museu d’Història de Barcelona;41.384144;2.177409;45.0;56.19
37;Platja de la Barceloneta;41.379158;2.192717;45.0;55.81
38;Royal Dockyards Museu Marítim ;41.375286;2.17598;45.0;55.8
39;Poblenou Cemetery;41.394859;2.201189;45.0;55.41
40;Maeght;41.384689;2.181526;45.0;54.48
41;Santa Eulàlia small schooner;41.376385;2.179861;45.0;53.59
42;Atelier;41.407719;2.158233;45.0;53.55
43;Park Güell;41.414249;2.151926;45.0;53.44
44;Palau Sant Jordi;41.363441;2.152537;45.0;52.87
45;Platja del Bogatell;41.394341;2.2066;45.0;52.69
46;Barcelona Head;41.380924;2.182465;45.0;52.67
47;El Born Centre Cultural;41.385818;2.183785;45.0;52.52
48;Botanical Garden;41.364746;2.159382;45.0;51.97
49;FINISH;41.374834;2.170055;0.0;0.0
<------------- EDGES -------------->
0;0;1;23.796;17.1
1;0;1;18.759;22.24
2;0;2;22.688;20.39
3;0;3;30.107;8.1
4;0;3;25.483;8.26
5;0;3;33.12;15.92
6;0;4;49.491;3.77
7;0;4;56.298;6.31
8;0;5;28.285;11.53
9;0;5;31.487;3.39
10;0;5;35.348;14.2
11;0;6;32.509;22.87
12;0;6;26.293;4.4
13;0;7;22.496;11.19
14;0;8;45.309;18.31
15;0;8;52.558;17.88
16;0;8;40.245;23.1
17;0;9;17.194;24.0
18;0;9;18.79;18.45
19;0;10;8.647;0.28
20;0;11;79.572;3.0
21;0;11;63.437;6.07
22;0;12;18.196;16.19
23;0;13;49.508;16.69
24;0;13;38.698;20.52
25;0;14;93.673;8.22
26;0;15;74.442;21.94
27;0;15;76.718;17.56
28;0;16;36.549;23.92
29;0;16;31.884;16.82
30;0;17;27.562;3.54
31;0;17;30.069;15.73
32;0;18;31.387;13.19
33;0;18;26.882;14.95
34;0;18;35.776;12.98
35;0;19;19.222;3.93
36;0;20;18.686;6.11
37;0;20;16.876;5.86
38;0;21;31.884;5.32
39;0;21;24.695;10.08
40;0;21;26.483;10.14
41;0;22;18.315;1.57
42;0;22;18.371;12.62
43;0;22;22.653;24.0
44;0;23;8.671;10.56
45;0;23;7.054;10.45
46;0;23;7.45;7.85
47;0;24;26.736;8.59
48;0;25;9.829;10.39
49;0;25;11.928;0.84
50;0;25;12.046;19.01
51;0;26;25.336;22.85
52;0;27;18.52;15.08
53;0;27;19.723;8.4
54;0;27;19.852;21.01
55;0;28;19.29;22.17
56;0;28;14.469;3.43
57;0;28;16.151;20.98
58;0;29;20.827;13.5
59;0;29;20.661;5.18
60;0;29;25.911;11.77
61;0;30;6.651;20.65
62;0;31;76.973;10.08
63;0;31;91.094;6.26
64;0;32;81.991;17.97
65;0;32;76.386;14.58
66;0;33;15.608;18.95
67;0;33;14.852;5.74
68;0;34;35.108;22.51
69;0;35;33.232;0.92
70;0;35;39.709;22.84
71;0;35;31.561;1.7
72;0;36;18.52;18.88
73;0;36;15.207;21.19
74;0;36;15.274;7.97
75;0;37;30.026;17.69
76;0;37;24.379;22.26
77;0;37;23.537;6.29
78;0;38;7.648;21.08
79;0;38;6.285;11.61
80;0;38;7.585;18.05
81;0;39;52.651;4.76
82;0;39;64.61;16.32
83;0;39;44.467;10.39
84;0;40;22.391;18.43
85;0;40;17.116;18.93
86;0;40;23.064;1.73
87;0;41;12.868;11.27
88;0;41;10.195;12.58
89;0;41;12.432;2.1
90;0;42;58.284;13.45
91;0;42;57.889;10.64
92;0;43;71.35;5.97
93;0;44;29.769;3.51
94;0;45;57.583;22.61
95;0;45;62.149;12.71
96;0;45;54.765;23.06
97;0;46;19.04;18.24
98;0;46;16.001;1.44
99;0;47;25.77;2.87
100;0;47;28.413;23.71
101;0;48;22.042;3.21
102;0;49;0.0;11.2
103;1;2;46.481;0.73
104;1;3;44.354;16.23
105;1;3;43.511;16.68
106;1;3;39.249;2.86
107;1;4;65.336;18.43
108;1;4;78.71;24.93
109;1;5;6.988;22.32
110;1;6;55.131;19.2
111;1;7;45.08;17.89
112;1;7;39.723;22.05
113;1;7;40.974;13.75
114;1;8;68.67;4.98
115;1;8;77.853;1.49
116;1;8;62.783;19.86
117;1;9;39.892;12.62
118;1;10;31.73;5.38
119;1;11;102.414;0.94
120;1;12;39.989;13.59
121;1;12;43.052;12.31
122;1;13;50.417;12.48
123;1;14;97.123;13.92
124;1;14;118.523;13.03
125;1;14;88.896;16.47
126;1;15;97.767;20.17
127;1;15;97.813;22.83
128;1;15;86.661;24.87
129;1;16;46.542;0.48
130;1;16;52.941;8.47
131;1;17;41.226;22.44
132;1;17;31.553;24.56
133;1;17;49.633;9.97
134;1;18;8.115;16.49
135;1;18;7.712;15.67
136;1;19;19.619;6.28
137;1;20;41.065;8.77
138;1;20;50.652;15.6
139;1;21;55.02;7.76
140;1;22;41.71;12.62
141;1;22;38.709;5.8
142;1;22;32.137;15.61
143;1;23;32.461;11.52
144;1;24;36.092;0.34
145;1;24;32.364;8.87
146;1;24;37.836;14.6
147;1;25;29.708;22.65
148;1;26;8.171;21.95
149;1;26;7.339;18.9
150;1;27;40.525;19.85
151;1;27;41.449;8.93
152;1;27;49.649;16.17
153;1;28;39.024;6.13
154;1;28;45.098;22.77
155;1;29;37.779;22.61
156;1;30;26.558;14.63
157;1;30;32.94;19.18
158;1;30;27.915;2.34
159;1;31;87.213;7.53
160;1;32;86.923;3.41
161;1;33;36.786;16.87
162;1;34;53.025;12.89
163;1;34;52.166;8.33
164;1;34;49.434;22.07
165;1;35;45.169;24.76
166;1;36;40.525;20.98
167;1;36;45.039;5.02
168;1;36;34.677;23.99
169;1;37;53.562;17.58
170;1;38;31.099;5.92
171;1;38;33.262;1.02
172;1;38;37.206;7.94
173;1;39;75.887;16.04
174;1;39;92.122;2.89
175;1;39;89.627;21.68
176;1;40;45.24;13.31
177;1;41;36.426;13.79
178;1;42;66.86;17.68
179;1;43;77.761;15.08
180;1;43;97.039;22.24
181;1;44;9.263;19.87
182;1;45;81.132;10.78
183;1;45;61.521;11.13
184;1;45;94.713;20.28
185;1;46;42.744;16.88
186;1;46;33.032;0.15
187;1;46;52.397;17.22
188;1;47;48.72;19.39
189;1;47;53.997;0.42
190;1;47;48.536;17.38
191;1;48;10.425;23.79
192;1;48;8.186;10.11
193;1;49;23.796;18.18
194;1;49;24.462;16.87
195;1;49;21.821;7.03
196;2;3;30.314;22.96
197;2;3;36.987;11.98
198;2;4;41.52;8.46
199;2;4;50.851;2.81
200;2;4;42.634;12.95
201;2;5;50.763;16.33
202;2;5;43.3;10.52
203;2;5;41.783;23.21
204;2;6;14.4;20.09
205;2;6;15.279;1.57
206;2;7;9.749;13.49
207;2;7;8.379;10.95
208;2;7;10.955;21.01
209;2;8;23.621;19.38
210;2;9;10.323;5.4
211;2;9;12.421;21.47
212;2;9;12.186;9.25
213;2;10;15.381;4.7
214;2;11;58.279;9.16
215;2;11;51.561;16.06
216;2;11;59.99;13.13
217;2;12;12.858;6.59
218;2;12;12.803;0.02
219;2;13;58.016;2.64
220;2;14;95.389;15.86
221;2;14;72.007;21.22
222;2;14;104.692;20.76
223;2;15;52.433;19.84
224;2;15;58.146;16.11
225;2;16;39.488;19.55
226;2;17;29.821;2.48
227;2;18;53.965;16.81
228;2;18;52.801;7.01
229;2;19;37.763;21.41
230;2;20;10.905;16.39
231;2;20;11.268;1.24
232;2;21;12.0;20.98
233;2;21;14.06;15.42
234;2;22;7.549;16.12
235;2;22;8.021;24.16
236;2;23;14.02;6.68
237;2;23;15.967;22.12
238;2;24;34.348;9.39
239;2;24;28.758;4.48
240;2;24;26.107;11.69
241;2;25;19.811;11.43
242;2;25;17.659;24.14
243;2;25;20.703;6.25
244;2;26;47.282;13.91
245;2;26;51.291;13.43
246;2;27;12.156;1.79
247;2;27;13.433;21.79
248;2;27;11.197;18.48
249;2;28;17.705;3.96
250;2;28;17.637;8.65
251;2;29;22.821;7.47
252;2;29;20.325;11.74
253;2;29;28.462;7.79
254;2;30;21.487;23.14
255;2;30;20.536;24.73
256;2;30;21.07;13.81
257;2;31;72.778;9.16
258;2;31;84.96;13.88
259;2;31;68.414;18.66
260;2;32;83.027;18.83
261;2;33;15.128;13.49
262;2;33;15.05;14.05
263;2;33;14.014;24.52
264;2;34;27.411;13.41
265;2;34;33.753;20.44
266;2;35;35.092;13.95
267;2;35;33.346;4.62
268;2;35;42.104;12.23
269;2;36;12.156;24.1
270;2;36;10.89;14.9
271;2;36;10.739;24.11
272;2;37;9.344;4.16
273;2;37;11.354;9.94
274;2;37;9.395;1.24
275;2;38;15.801;23.22
276;2;38;17.393;6.84
277;2;38;12.649;12.79
278;2;39;31.063;4.8
279;2;39;37.103;18.48
280;2;39;29.593;7.16
281;2;40;8.556;6.64
282;2;40;9.497;19.04
283;2;41;10.797;0.71
284;2;41;12.458;5.27
285;2;42;58.017;24.91
286;2;42;63.108;20.59
287;2;43;71.81;3.86
288;2;44;52.078;7.95
289;2;45;35.299;18.79
290;2;45;39.092;8.92
291;2;45;30.046;23.52
292;2;46;4.283;0.43
293;2;46;3.341;1.41
294;2;47;8.883;5.59
295;2;47;6.824;23.8
296;2;47;8.395;17.87
297;2;48;43.708;17.91
298;2;48;45.213;3.58
299;2;48;33.575;7.88
300;2;49;22.688;17.83
301;2;49;26.935;20.68
302;2;49;21.946;1.83
303;3;4;20.984;20.44
304;3;4;19.979;15.11
305;3;4;20.614;17.77
306;3;5;51.088;13.26
307;3;5;45.854;6.49
308;3;5;51.951;1.59
309;3;6;24.601;9.84
310;3;6;25.189;18.35
311;3;6;28.61;20.76
312;3;7;20.74;23.84
313;3;7;25.152;2.67
314;3;8;37.998;1.35
315;3;9;21.053;23.24
316;3;9;22.253;18.67
317;3;9;19.126;19.03
318;3;10;24.444;1.75
319;3;10;23.402;3.62
320;3;11;65.123;24.17
321;3;11;55.748;11.89
322;3;11;54.973;7.68
323;3;12;18.125;21.07
324;3;12;19.605;14.97
325;3;13;28.717;2.66
326;3;14;65.94;7.46
327;3;14;71.708;2.0
328;3;14;61.153;15.32
329;3;15;63.137;10.2
330;3;15;75.369;3.49
331;3;15;74.951;14.25
332;3;16;9.238;6.32
333;3;16;10.585;16.36
334;3;17;3.134;0.9
335;3;17;3.572;4.32
336;3;17;3.0;2.45
337;3;18;48.521;11.61
338;3;19;48.824;23.15
339;3;19;60.041;4.69
340;3;20;19.813;5.33
341;3;20;20.383;9.75
342;3;21;27.199;13.48
343;3;22;34.073;14.03
344;3;22;26.462;14.05
345;3;22;42.509;12.55
346;3;23;27.936;2.92
347;3;24;10.054;9.34
348;3;24;12.03;24.9
349;3;24;8.133;2.62
350;3;25;20.413;0.83
351;3;25;15.432;14.32
352;3;26;39.813;20.94
353;3;27;18.66;4.22
354;3;28;13.515;15.14
355;3;28;11.514;5.28
356;3;28;14.236;6.64
357;3;29;9.569;9.32
358;3;29;10.674;7.59
359;3;29;9.541;4.13
360;3;30;23.466;21.22
361;3;30;26.141;7.04
362;3;31;46.911;17.72
363;3;31;46.139;20.38
364;3;31;38.586;9.24
365;3;32;53.755;8.29
366;3;32;45.821;3.29
367;3;33;17.643;24.75
368;3;34;10.896;1.6
369;3;34;9.677;15.65
370;3;35;4.83;14.38
371;3;36;18.66;1.36
372;3;36;20.096;1.15
373;3;36;21.466;7.62
374;3;37;39.115;16.16
375;3;37;31.641;14.19
376;3;38;31.014;14.27
377;3;39;43.031;12.5
378;3;39;36.686;16.74
379;3;39;32.439;24.98
380;3;40;21.925;5.43
381;3;41;31.379;24.78
382;3;41;23.688;3.36
383;3;42;29.047;11.51
384;3;42;32.642;12.69
385;3;43;42.679;20.63
386;3;44;53.226;21.4
387;3;45;49.88;6.4
388;3;45;42.425;20.7
389;3;46;27.111;7.68
390;3;46;25.166;8.06
391;3;46;29.51;4.57
392;3;47;23.327;20.57
393;3;47;26.636;14.12
394;3;47;26.158;0.5
395;3;48;48.466;23.31
396;3;48;50.465;8.26
397;3;49;30.107;23.16
398;4;5;72.069;1.88
399;4;6;29.022;24.43
400;4;7;32.528;15.85
401;4;8;35.955;8.34
402;4;9;35.845;11.89
403;4;9;44.232;12.36
404;4;10;42.276;15.08
405;4;10;46.74;1.66
406;4;11;51.851;18.1
407;4;11;56.357;4.35
408;4;12;33.322;4.07
409;4;12;26.882;10.92
410;4;13;36.911;13.02
411;4;14;57.209;8.99
412;4;15;52.504;22.3
413;4;16;21.57;10.49
414;4;16;19.38;3.04
415;4;16;23.283;21.04
416;4;17;24.109;10.46
417;4;17;26.235;6.62
418;4;18;69.299;13.63
419;4;18;83.514;4.38
420;4;19;68.662;19.31
421;4;20;34.129;4.78
422;4;20;31.886;10.55
423;4;20;37.421;14.83
424;4;21;32.378;18.66
425;4;22;47.752;13.31
426;4;22;52.572;16.35
427;4;22;39.424;17.16
428;4;23;45.133;0.19
429;4;23;52.48;6.8
430;4;23;55.182;9.15
431;4;24;29.997;14.99
432;4;24;26.532;3.02
433;4;24;30.588;20.73
434;4;25;39.694;19.66
435;4;25;31.202;5.74
436;4;26;60.577;1.49
437;4;26;67.123;1.27
438;4;26;61.855;10.23
439;4;27;33.457;14.79
440;4;28;30.463;23.16
441;4;29;28.902;21.53
442;4;29;24.022;1.48
443;4;30;43.091;12.75
444;4;30;44.396;20.46
445;4;31;31.549;11.28
446;4;31;36.733;0.43
447;4;31;34.397;15.89
448;4;32;44.955;14.62
449;4;32;36.575;11.08
450;4;33;34.637;23.16
451;4;33;26.245;10.29
452;4;33;30.988;20.51
453;4;34;14.867;8.92
454;4;34;13.962;16.66
455;4;35;20.896;13.62
456;4;35;20.941;14.37
457;4;35;19.38;7.28
458;4;36;33.457;19.71
459;4;36;33.815;24.74
460;4;36;28.169;13.02
461;4;37;47.913;6.13
462;4;38;48.438;22.61
463;4;38;46.956;22.29
464;4;39;37.436;19.12
465;4;40;33.564;24.65
466;4;40;26.414;8.14
467;4;40;37.388;14.69
468;4;41;47.035;13.61
469;4;42;21.975;17.46
470;4;43;34.185;22.32
471;4;43;36.853;13.0
472;4;43;36.739;20.18
473;4;44;74.2;6.83
474;4;44;62.661;8.78
475;4;44;79.932;19.33
476;4;45;44.204;9.08
477;4;45;35.943;2.43
478;4;46;40.097;15.16
479;4;47;32.66;22.42
480;4;48;69.188;6.05
481;4;48;67.429;9.2
482;4;48;70.774;10.02
483;4;49;49.491;8.28
484;4;49;51.483;18.38
485;4;49;46.37;8.62
486;5;6;60.469;17.38
487;5;7;50.384;4.78
488;5;7;57.474;19.59
489;5;8;73.587;13.96
490;5;8;62.349;5.04
491;5;8;76.098;6.47
492;5;9;45.108;20.83
493;5;9;56.328;0.85
494;5;9;52.816;19.68
495;5;10;36.692;3.87
496;5;11;107.715;13.36
497;5;11;99.607;7.2
498;5;11;123.155;17.7
499;5;12;45.512;12.95
500;5;12;50.54;9.75
501;5;12;40.442;9.81
502;5;13;57.108;23.48
503;5;13;60.219;0.51
504;5;13;53.175;4.77
505;5;14;103.777;5.71
506;5;14;87.934;6.48
507;5;15;102.722;7.61
508;5;15;104.65;12.88
509;5;16;53.504;3.39
510;5;16;61.508;3.37
511;5;16;64.193;6.17
512;5;17;47.972;1.5
513;5;17;57.612;20.35
514;5;18;9.76;1.21
515;5;18;11.416;7.99
516;5;18;10.908;9.79
517;5;19;18.721;21.49
518;5;19;16.694;19.51
519;5;19;20.025;18.74
520;5;20;46.414;12.07
521;5;21;60.087;14.38
522;5;21;56.699;21.55
523;5;21;62.304;1.78
524;5;22;45.296;8.59
525;5;23;36.867;5.21
526;5;24;43.017;16.34
527;5;24;52.746;15.94
528;5;24;46.584;6.0
529;5;25;35.398;23.09
530;5;26;14.458;16.26
531;5;26;16.241;6.33
532;5;27;45.992;14.08
533;5;27;52.017;24.41
534;5;28;44.999;13.3
535;5;28;47.964;12.83
536;5;29;44.149;16.51
537;5;29;52.032;1.23
538;5;29;33.741;10.99
539;5;30;32.067;5.77
540;5;30;35.46;9.27
541;5;31;94.2;11.68
542;5;31;80.95;24.0
543;5;31;111.112;19.57
544;5;32;93.718;10.23
545;5;33;42.419;0.92
546;5;33;38.491;22.85
547;5;34;59.458;5.87
548;5;34;64.05;19.83
549;5;35;52.055;11.61
550;5;35;50.633;15.21
551;5;35;48.215;9.67
552;5;36;45.992;7.27
553;5;36;46.627;5.11
554;5;36;35.331;2.72
555;5;37;57.121;16.64
556;5;37;54.083;13.48
557;5;38;35.025;7.86
558;5;38;29.401;6.56
559;5;39;80.908;24.49
560;5;39;77.939;12.89
561;5;39;86.643;22.18
562;5;40;50.429;24.92
563;5;40;47.19;0.22
564;5;40;60.898;1.22
565;5;41;40.279;6.59
566;5;41;49.335;15.09
567;5;42;73.841;15.48
568;5;42;74.177;1.02
569;5;43;84.661;14.26
570;5;43;95.783;16.42
571;5;43;86.39;22.16
572;5;44;2.288;1.28
573;5;45;85.857;12.7
574;5;45;75.338;3.01
575;5;46;47.294;3.74
576;5;46;54.062;0.39
577;5;47;53.875;21.91
578;5;47;66.014;21.46
579;5;48;8.742;3.15
580;5;48;7.222;0.08
581;5;48;7.131;14.73
582;5;49;28.285;1.29
583;5;49;23.066;1.6
584;5;49;29.021;8.3
585;6;7;10.085;17.71
586;6;8;14.501;16.21
587;6;9;15.372;11.2
588;6;10;23.885;0.72
589;6;11;47.29;20.96
590;6;11;47.949;4.8
591;6;11;48.556;2.2
592;6;12;15.208;2.57
593;6;12;15.468;18.01
594;6;13;53.228;14.3
595;6;13;65.258;6.12
596;6;13;55.485;7.77
597;6;14;85.235;11.51
598;6;14;70.804;11.96
599;6;14;64.712;8.49
600;6;15;42.91;1.5
601;6;16;33.419;6.4
602;6;16;36.326;0.34
603;6;17;25.644;3.28
604;6;17;25.608;17.46
605;6;18;61.754;24.81
606;6;18;53.273;13.72
607;6;18;60.908;14.99
608;6;19;50.168;3.73
609;6;19;49.071;5.78
610;6;19;62.695;12.43
611;6;20;14.075;3.23
612;6;20;16.949;15.96
613;6;21;3.361;21.7
614;6;21;3.634;7.77
615;6;21;2.892;8.07
616;6;22;21.825;21.55
617;6;22;17.673;6.33
618;6;23;24.63;23.46
619;6;24;32.326;20.29
620;6;24;32.143;5.46
621;6;25;25.526;21.04
622;6;26;53.966;10.28
623;6;27;14.627;20.09
624;6;27;15.235;16.43
625;6;27;17.024;11.64
626;6;28;17.568;0.46
627;6;29;21.551;7.45
628;6;29;21.312;18.3
629;6;30;28.573;6.3
630;6;31;60.565;2.16
631;6;31;54.684;5.23
632;6;32;72.833;8.4
633;6;33;18.504;18.28
634;6;33;13.948;5.79
635;6;33;20.922;10.09
636;6;34;17.085;19.46
637;6;34;12.917;17.96
638;6;35;29.21;4.01
639;6;36;14.627;3.11
640;6;37;18.996;22.24
641;6;37;20.64;8.91
642;6;38;27.476;18.88
643;6;38;29.668;13.02
644;6;38;25.302;1.77
645;6;39;21.106;24.02
646;6;39;22.924;2.16
647;6;40;10.121;5.61
648;6;40;11.279;21.87
649;6;41;23.627;13.23
650;6;42;48.168;3.01
651;6;43;61.687;18.41
652;6;44;62.109;6.31
653;6;44;68.098;22.29
654;6;44;64.275;14.18
655;6;45;27.178;7.52
656;6;46;15.178;13.78
657;6;46;18.842;4.91
658;6;46;14.308;23.67
659;6;47;6.858;6.23
660;6;47;6.596;16.88
661;6;48;54.542;16.65
662;6;48;43.822;20.44
663;6;49;32.509;9.72
664;6;49;38.895;15.61
665;6;49;28.623;19.66
666;7;8;23.888;7.78
667;7;8;21.547;23.75
668;7;9;5.307;2.08
669;7;9;6.058;2.46
670;7;9;5.154;0.76
671;7;10;13.852;6.34
672;7;10;11.013;22.16
673;7;11;57.363;11.33
674;7;12;5.468;2.86
675;7;13;48.924;23.83
676;7;13;51.132;6.93
677;7;14;85.65;15.14
678;7;14;76.629;3.62
679;7;15;52.787;17.36
680;7;15;46.305;2.79
681;7;15;44.363;9.82
682;7;16;29.967;18.19
683;7;16;34.361;4.91
684;7;16;26.441;6.21
685;7;17;20.552;7.93
686;7;18;51.814;15.64
687;7;18;48.94;9.87
688;7;19;40.599;1.45
689;7;19;43.478;21.52
690;7;20;4.023;13.65
691;7;21;10.181;13.83
692;7;22;15.226;5.97
693;7;22;12.84;9.09
694;7;23;14.979;4.64
695;7;23;11.924;14.57
696;7;24;25.88;0.92
697;7;24;24.153;5.45
698;7;25;15.606;0.17
699;7;25;18.241;14.75
700;7;25;13.471;23.65
701;7;26;44.188;2.96
702;7;26;40.7;23.5
703;7;26;54.747;13.87
704;7;27;4.777;12.92
705;7;28;9.29;14.65
706;7;29;14.254;21.87
707;7;29;13.125;11.38
708;7;30;18.534;3.58
709;7;30;19.837;1.16
710;7;31;63.438;4.43
711;7;31;49.597;12.09
712;7;32;73.294;0.44
713;7;33;8.778;0.99
714;7;33;9.921;3.24
715;7;33;7.232;7.21
716;7;34;17.99;3.46
717;7;34;14.484;9.95
718;7;34;20.066;12.95
719;7;35;25.556;15.86
720;7;36;4.777;8.63
721;7;37;18.382;12.27
722;7;38;18.056;17.22
723;7;39;30.906;10.29
724;7;39;36.736;6.69
725;7;40;1.197;19.92
726;7;41;15.107;8.15
727;7;41;14.224;6.31
728;7;42;48.284;2.25
729;7;42;54.663;5.5
730;7;42;57.677;4.64
731;7;43;62.08;22.24
732;7;43;65.606;9.82
733;7;43;75.76;14.36
734;7;44;52.029;9.43
735;7;44;44.507;15.46
736;7;45;36.571;6.53
737;7;45;37.787;14.65
738;7;46;7.57;10.45
739;7;47;3.907;1.86
740;7;48;44.539;12.76
741;7;48;41.214;16.8
742;7;49;22.496;17.43
743;7;49;28.068;12.35
744;7;49;21.678;19.53
745;8;9;28.859;5.83
746;8;9;32.826;16.43
747;8;9;31.038;9.58
748;8;10;36.967;4.36
749;8;10;36.541;16.41
750;8;11;34.657;18.91
751;8;12;29.303;16.58
752;8;13;65.986;13.78
753;8;14;93.102;4.84
754;8;14;111.049;10.85
755;8;15;29.136;0.33
756;8;16;46.181;8.54
757;8;16;50.434;16.93
758;8;17;39.493;11.01
759;8;17;38.669;5.99
760;8;18;75.617;2.59
761;8;18;76.285;3.47
762;8;18;68.959;15.96
763;8;19;61.384;19.82
764;8;19;69.782;13.13
765;8;19;46.726;3.15
766;8;20;27.879;10.12
767;8;21;13.725;16.63
768;8;22;30.731;14.51
769;8;22;31.332;16.48
770;8;23;36.838;9.11
771;8;23;30.213;4.31
772;8;24;46.477;17.03
773;8;24;55.48;21.11
774;8;25;39.479;1.67
775;8;25;41.797;4.95
776;8;26;68.074;22.5
777;8;27;28.647;22.94
778;8;27;32.403;12.2
779;8;28;32.05;13.01
780;8;28;35.023;0.97
781;8;29;36.011;2.53
782;8;30;42.272;12.95
783;8;31;66.005;13.01
784;8;31;77.898;12.42
785;8;31;80.415;2.41
786;8;32;80.897;5.63
787;8;33;32.631;14.06
788;8;34;28.594;11.73
789;8;34;29.503;4.95
790;8;35;42.271;22.42
791;8;35;41.968;3.53
792;8;35;46.417;19.62
793;8;36;28.647;13.25
794;8;36;29.358;23.41
795;8;37;22.057;9.68
796;8;37;22.416;9.87
797;8;38;39.149;16.06
798;8;38;45.397;9.65
799;8;39;7.444;3.15
800;8;39;8.143;23.84
801;8;39;6.772;10.26
802;8;40;23.543;20.18
803;8;41;34.38;8.92
804;8;42;57.399;19.99
805;8;42;55.392;4.15
806;8;42;71.463;23.56
807;8;43;70.123;2.6
808;8;43;81.071;12.48
809;8;44;75.07;16.42
810;8;45;12.717;12.26
811;8;46;26.448;6.93
812;8;47;20.066;19.41
813;8;48;67.007;2.26
814;8;48;76.944;9.07
815;8;49;45.309;10.8
816;9;10;8.547;6.47
817;9;10;7.227;10.93
818;9;10;7.921;1.77
819;9;11;62.614;8.91
820;9;12;2.93;18.44
821;9;12;2.49;2.53
822;9;13;47.93;15.44
823;9;14;86.899;17.87
824;9;15;57.892;6.26
825;9;16;29.973;24.61
826;9;17;20.072;1.54
827;9;17;17.964;10.01
828;9;18;46.758;8.24
829;9;19;35.483;1.89
830;9;19;26.798;9.79
831;9;20;1.755;19.81
832;9;20;1.94;3.78
833;9;21;15.151;21.9
834;9;21;18.866;2.93
835;9;22;13.035;6.05
836;9;22;15.721;9.45
837;9;23;9.971;19.91
838;9;24;24.083;19.21
839;9;24;18.257;11.82
840;9;24;21.521;12.85
841;9;25;10.748;8.04
842;9;25;8.077;11.18
843;9;26;39.311;16.33
844;9;27;2.493;23.33
845;9;28;7.711;10.87
846;9;28;7.92;12.68
847;9;29;12.704;10.65
848;9;29;10.81;7.61
849;9;29;13.262;17.38
850;9;30;13.413;18.31
851;9;31;66.028;15.48
852;9;31;59.797;5.4
853;9;32;74.643;19.08
854;9;33;4.84;18.75
855;9;33;4.651;18.64
856;9;34;20.993;15.22
857;9;35;25.659;0.51
858;9;35;26.684;0.23
859;9;36;2.493;24.38
860;9;36;2.384;1.65
861;9;37;19.667;9.3
862;9;37;17.124;20.18
863;9;38;13.189;20.93
864;9;38;14.637;8.3
865;9;38;10.384;10.34
866;9;39;36.006;18.44
867;9;40;5.349;6.82
868;9;40;4.794;12.53
869;9;40;4.255;6.29
870;9;41;11.204;14.76
871;9;41;10.505;3.17
872;9;41;13.537;7.56
873;9;42;49.732;20.72
874;9;42;41.042;2.23
875;9;43;63.49;10.2
876;9;44;46.738;2.89
877;9;44;58.338;3.8
878;9;45;41.462;6.65
879;9;45;31.732;4.98
880;9;45;50.512;18.72
881;9;46;6.364;17.12
882;9;46;7.648;23.47
883;9;46;5.686;23.59
884;9;47;8.83;24.95
885;9;48;39.235;16.37
886;9;48;30.554;0.03
887;9;49;17.194;0.26
888;9;49;17.903;23.02
889;9;49;20.399;10.51
890;10;11;71.038;15.27
891;10;11;76.964;7.78
892;10;11;81.912;3.76
893;10;12;9.733;5.22
894;10;12;10.823;13.88
895;10;13;47.906;9.78
896;10;13;58.478;8.31
897;10;14;89.874;17.65
898;10;14;70.241;17.92
899;10;14;108.895;11.75
900;10;15;66.092;9.75
901;10;16;32.233;20.78
902;10;16;39.402;23.78
903;10;17;22.457;15.65
904;10;18;38.904;4.87
905;10;18;42.997;9.36
906;10;19;27.272;10.61
907;10;19;25.347;12.21
908;10;20;10.056;20.24
909;10;20;8.486;20.64
910;10;21;23.397;2.8
911;10;22;13.4;24.55
912;10;22;10.186;24.48
913;10;23;3.72;18.62
914;10;23;3.768;11.19
915;10;24;23.89;16.24
916;10;25;5.626;8.5
917;10;26;31.945;18.14
918;10;26;27.882;5.26
919;10;26;32.65;20.67
920;10;27;9.975;24.24
921;10;27;10.051;23.74
922;10;27;9.666;22.65
923;10;28;11.84;17.78
924;10;29;14.887;1.9
925;10;30;6.171;6.47
926;10;31;71.122;21.44
927;10;31;78.143;10.58
928;10;31;59.637;11.49
929;10;32;77.863;3.97
930;10;32;79.952;15.12
931;10;33;7.652;5.02
932;10;34;27.548;18.45
933;10;35;28.348;19.97
934;10;35;26.494;3.06
935;10;36;9.975;11.82
936;10;36;10.73;15.77
937;10;37;23.888;18.39
938;10;37;28.796;22.12
939;10;37;22.369;1.77
940;10;38;6.574;13.2
941;10;38;6.844;18.62
942;10;39;44.241;1.11
943;10;40;13.779;24.85
944;10;41;8.509;9.17
945;10;41;8.739;17.7
946;10;42;53.422;21.27
947;10;42;61.141;0.52
948;10;43;66.918;6.94
949;10;44;38.269;20.8
950;10;44;35.251;15.67
951;10;44;38.004;19.24
952;10;45;49.403;21.25
953;10;46;11.284;20.77
954;10;47;17.196;6.18
955;10;48;30.687;13.58
956;10;49;8.647;17.21
957;10;49;6.929;6.18
958;10;49;10.04;20.0
959;11;12;62.439;0.33
960;11;12;76.747;18.41
961;11;13;88.529;1.72
962;11;13;91.151;1.64
963;11;13;77.019;24.86
964;11;14;100.386;23.38
965;11;15;8.891;12.95
966;11;16;70.732;10.48
967;11;16;60.243;9.8
968;11;17;67.603;19.0
969;11;18;108.905;4.04
970;11;18;128.482;6.31
971;11;19;96.041;13.05
972;11;20;61.364;19.13
973;11;21;47.692;6.16
974;11;21;42.606;5.54
975;11;21;57.453;3.75
976;11;22;65.31;0.68
977;11;22;50.493;21.47
978;11;22;78.315;1.95
979;11;23;71.28;6.67
980;11;23;68.784;23.08
981;11;24;75.007;24.51
982;11;24;77.634;14.52
983;11;24;89.321;1.2
984;11;25;72.753;16.01
985;11;25;82.063;22.95
986;11;25;61.817;10.27
987;11;26;100.892;23.55
988;11;26;94.016;8.95
989;11;26;96.669;4.68
990;11;27;61.891;8.25
991;11;28;64.018;8.97
992;11;28;65.624;11.44
993;11;29;66.786;3.71
994;11;29;68.127;2.55
995;11;29;74.991;23.8
996;11;30;75.858;14.08
997;11;30;74.414;17.89
998;11;31;70.801;17.21
999;11;32;89.838;3.41
1000;11;32;111.721;22.91
1001;11;33;65.684;1.23
1002;11;34;54.228;7.45
1003;11;34;48.312;18.23
1004;11;35;68.043;12.02
1005;11;36;61.891;24.2
1006;11;36;61.498;6.78
1007;11;36;60.445;21.25
1008;11;37;55.587;22.64
1009;11;37;63.084;0.9
1010;11;38;73.727;10.04
1011;11;38;56.757;1.64
1012;11;38;66.755;14.02
1013;11;39;27.216;17.18
1014;11;39;25.598;5.06
1015;11;40;57.287;11.65
1016;11;41;69.031;18.34
1017;11;41;81.718;15.36
1018;11;41;52.46;4.42
1019;11;42;72.272;23.34
1020;11;43;81.254;17.91
1021;11;44;109.307;1.76
1022;11;45;24.273;14.88
1023;11;45;27.154;2.14
1024;11;45;25.589;19.34
1025;11;46;60.987;0.82
1026;11;47;53.844;5.13
1027;11;48;101.471;17.63
1028;11;48;92.628;18.66
1029;11;48;121.645;4.81
1030;11;49;79.572;15.24
1031;12;13;45.195;23.91
1032;12;13;35.226;22.2
1033;12;14;83.972;9.07
1034;12;15;58.09;14.29
1035;12;16;27.071;19.57
1036;12;16;22.766;9.14
1037;12;16;31.013;10.78
1038;12;17;17.198;23.8
1039;12;17;18.329;15.2
1040;12;18;46.546;23.21
1041;12;18;39.702;17.52
1042;12;19;37.002;17.77
1043;12;19;29.686;20.23
1044;12;20;1.983;6.65
1045;12;20;1.643;11.67
1046;12;20;1.626;7.54
1047;12;21;15.628;24.09
1048;12;21;14.67;24.75
1049;12;21;17.454;10.31
1050;12;22;15.964;9.22
1051;12;22;14.567;18.15
1052;12;22;13.645;15.91
1053;12;23;11.952;10.67
1054;12;24;21.505;17.67
1055;12;24;17.908;5.31
1056;12;24;22.456;0.42
1057;12;25;10.322;17.67
1058;12;26;38.807;22.19
1059;12;26;36.604;4.95
1060;12;27;0.76;14.2
1061;12;27;0.612;17.77
1062;12;28;4.879;12.81
1063;12;29;9.969;0.5
1064;12;29;10.374;13.74
1065;12;29;10.452;20.34
1066;12;30;13.464;12.65
1067;12;30;14.085;10.55
1068;12;31;63.257;13.08
1069;12;31;49.449;5.44
1070;12;31;50.01;9.41
1071;12;32;71.72;24.7
1072;12;32;54.108;4.05
1073;12;32;79.678;4.21
1074;12;33;3.328;21.17
1075;12;34;18.455;1.29
1076;12;34;18.917;18.59
1077;12;34;16.457;21.89
1078;12;35;22.745;4.13
1079;12;36;0.76;11.25
1080;12;37;22.147;10.58
1081;12;37;16.686;22.18
1082;12;38;15.254;17.23
1083;12;39;36.234;6.52
1084;12;40;6.106;13.97
1085;12;41;13.896;20.47
1086;12;42;46.819;7.54
1087;12;43;60.572;4.91
1088;12;43;54.942;17.99
1089;12;44;47.239;17.22
1090;12;45;42.003;11.86
1091;12;46;9.141;17.8
1092;12;46;10.605;17.22
1093;12;46;10.668;13.16
1094;12;47;9.374;22.8
1095;12;48;40.089;17.45
1096;12;48;48.758;7.04
1097;12;48;30.309;17.03
1098;12;49;18.196;1.02
1099;12;49;21.158;18.35
1100;13;14;46.711;15.83
1101;13;15;88.328;11.96
1102;13;15;106.914;16.09
1103;13;15;82.176;0.17
1104;13;16;19.858;8.77
1105;13;16;21.387;4.92
1106;13;17;28.38;18.4
1107;13;17;31.21;12.53
1108;13;18;49.934;14.11
1109;13;19;63.856;19.79
1110;13;19;48.144;21.34
1111;13;20;47.122;8.0
1112;13;21;55.908;11.2
1113;13;21;62.894;14.54
1114;13;21;61.793;3.32
1115;13;22;60.227;10.79
1116;13;23;51.604;9.79
1117;13;23;47.116;20.17
1118;13;23;55.821;10.74
1119;13;24;24.134;20.11
1120;13;25;42.406;24.97
1121;13;26;42.68;17.75
1122;13;27;45.875;11.99
1123;13;27;54.219;16.15
1124;13;27;46.684;11.49
1125;13;28;40.323;10.23
1126;13;29;35.236;9.83
1127;13;30;43.814;1.33
1128;13;31;41.633;13.31
1129;13;31;38.541;10.1
1130;13;31;34.74;15.76
1131;13;32;36.779;14.44
1132;13;32;40.903;5.66
1133;13;33;43.48;0.7
1134;13;33;42.945;21.95
1135;13;34;37.429;11.11
1136;13;34;44.133;3.63
1137;13;34;38.869;15.62
1138;13;35;24.021;12.89
1139;13;36;45.875;1.11
1140;13;37;67.183;19.83
1141;13;37;66.417;5.1
1142;13;37;55.352;14.8
1143;13;38;53.895;22.67
1144;13;38;44.875;0.71
1145;13;39;70.128;9.67
1146;13;39;66.936;12.98
1147;13;39;80.28;22.54
1148;13;40;50.062;13.59
1149;13;41;56.234;20.66
1150;13;42;22.443;22.77
1151;13;42;26.537;2.91
1152;13;42;22.291;23.99
1153;13;43;28.838;14.33
1154;13;43;25.805;21.51
1155;13;44;59.369;23.35
1156;13;44;53.067;20.69
1157;13;44;72.346;1.46
1158;13;45;77.122;20.24
1159;13;45;61.531;13.22
1160;13;45;62.113;17.7
1161;13;46;54.29;2.57
1162;13;46;59.549;17.4
1163;13;46;53.602;24.92
1164;13;47;51.87;2.0
1165;13;48;58.954;21.65
1166;13;48;63.974;15.3
1167;13;49;49.508;12.43
1168;13;49;46.858;10.96
1169;14;15;104.258;14.15
1170;14;16;57.641;11.48
1171;14;17;67.493;12.17
1172;14;17;53.338;22.09
1173;14;18;96.25;3.74
1174;14;19;109.833;2.76
1175;14;19;101.643;12.72
1176;14;20;85.535;3.91
1177;14;21;88.556;7.28
1178;14;21;92.34;7.88
1179;14;22;99.932;24.55
1180;14;23;93.521;0.81
1181;14;23;78.557;4.69
1182;14;23;73.914;5.34
1183;14;24;66.937;16.22
1184;14;25;85.017;22.89
1185;14;26;89.327;9.62
1186;14;26;98.392;8.07
1187;14;27;84.45;2.69
1188;14;27;78.497;4.72
1189;14;27;91.678;0.85
1190;14;28;79.454;5.68
1191;14;28;90.217;14.41
1192;14;29;75.189;24.69
1193;14;29;75.595;13.61
1194;14;29;62.593;9.84
1195;14;30;87.307;23.48
1196;14;30;78.265;5.53
1197;14;30;105.737;18.67
1198;14;31;29.586;13.33
1199;14;31;23.805;14.34
1200;14;32;12.409;14.48
1201;14;33;83.549;22.03
1202;14;33;65.819;6.07
1203;14;34;68.519;14.64
1204;14;35;61.618;20.39
1205;14;36;84.45;10.75
1206;14;37;103.288;9.15
1207;14;37;118.226;2.13
1208;14;37;113.134;13.1
1209;14;38;96.388;21.28
1210;14;38;115.52;11.42
1211;14;39;93.798;11.86
1212;14;40;86.837;4.6
1213;14;40;106.95;5.34
1214;14;41;97.279;21.04
1215;14;41;107.11;13.57
1216;14;42;37.38;21.67
1217;14;43;23.616;24.64
1218;14;43;25.43;12.29
1219;14;44;106.029;1.91
1220;14;45;100.154;11.31
1221;14;45;110.361;4.21
1222;14;46;92.705;21.78
1223;14;46;103.983;8.16
1224;14;47;87.17;14.84
1225;14;47;104.966;17.85
1226;14;47;65.736;7.54
1227;14;48;105.558;22.16
1228;14;48;84.593;15.49
1229;14;48;101.964;8.51
1230;14;49;93.673;4.68
1231;14;49;71.279;10.15
1232;14;49;81.005;24.37
1233;15;16;69.654;12.17
1234;15;16;54.002;9.92
1235;15;17;65.343;2.91
1236;15;18;104.601;14.81
1237;15;19;90.045;2.44
1238;15;19;103.677;11.8
1239;15;20;56.809;12.85
1240;15;21;42.748;14.96
1241;15;21;39.094;18.25
1242;15;22;59.115;17.58
1243;15;22;57.512;13.87
1244;15;23;65.94;0.91
1245;15;23;50.609;7.1
1246;15;23;78.423;0.86
1247;15;24;72.712;15.16
1248;15;25;68.379;5.62
1249;15;25;72.887;9.42
1250;15;26;96.875;10.99
1251;15;27;57.478;19.88
1252;15;28;60.251;24.88
1253;15;28;61.047;15.49
1254;15;28;69.114;21.45
1255;15;29;63.55;11.58
1256;15;30;71.292;19.28
1257;15;30;58.954;8.0
1258;15;31;74.772;14.18
1259;15;32;93.199;18.22
1260;15;33;61.402;1.76
1261;15;33;53.969;9.57
1262;15;33;62.997;0.8
1263;15;34;52.388;3.71
1264;15;34;39.604;6.27
1265;15;35;66.54;9.25
1266;15;35;55.164;20.08
1267;15;36;57.478;20.14
1268;15;37;48.727;11.04
1269;15;38;68.151;7.9
1270;15;39;21.887;20.83
1271;15;39;19.831;14.47
1272;15;39;20.18;20.14
1273;15;40;52.548;23.3
1274;15;41;63.227;3.67
1275;15;41;73.46;11.86
1276;15;42;73.873;12.15
1277;15;43;83.961;0.33
1278;15;43;72.977;7.41
1279;15;43;80.551;20.19
1280;15;44;104.196;6.39
1281;15;44;126.831;2.11
1282;15;44;82.578;10.55
1283;15;45;17.276;2.05
1284;15;45;15.229;12.81
1285;15;46;55.522;20.02
1286;15;47;49.064;4.35
1287;15;48;96.061;24.56
1288;15;49;74.442;19.52
1289;16;17;9.975;15.49
1290;16;18;49.291;8.19
1291;16;19;54.245;0.94
1292;16;20;28.847;11.38
1293;16;20;26.332;4.81
1294;16;21;36.182;11.2
1295;16;21;41.407;21.6
1296;16;21;35.17;12.07
1297;16;22;42.897;10.09
1298;16;22;52.108;5.85
1299;16;22;49.596;12.7
1300;16;23;35.886;17.47
1301;16;23;37.296;22.98
1302;16;24;10.686;24.59
1303;16;25;27.463;15.56
1304;16;26;40.666;21.86
1305;16;26;47.039;24.41
1306;16;26;40.552;8.28
1307;16;27;27.657;17.91
1308;16;27;30.332;12.44
1309;16;28;22.291;16.01
1310;16;28;26.213;11.56
1311;16;29;17.667;3.83
1312;16;30;29.991;10.63
1313;16;31;41.27;17.58
1314;16;31;33.836;5.03
1315;16;32;45.674;11.94
1316;16;33;26.148;7.78
1317;16;34;17.743;7.64
1318;16;34;20.138;20.23
1319;16;35;4.411;24.98
1320;16;36;27.657;23.74
1321;16;37;48.346;10.76
1322;16;38;38.752;9.56
1323;16;38;29.989;4.96
1324;16;39;50.588;10.93
1325;16;39;55.704;10.59
1326;16;39;38.772;13.63
1327;16;40;31.148;3.82
1328;16;40;32.096;11.27
1329;16;41;39.788;14.24
1330;16;41;49.014;0.72
1331;16;42;21.784;2.12
1332;16;43;34.854;21.15
1333;16;43;34.227;5.06
1334;16;43;27.289;3.82
1335;16;44;55.748;24.63
1336;16;44;62.392;12.4
1337;16;44;59.014;11.98
1338;16;45;57.552;23.25
1339;16;45;62.214;12.21
1340;16;45;54.52;15.31
1341;16;46;36.161;4.28
1342;16;46;28.935;11.21
1343;16;46;29.033;4.99
1344;16;47;32.548;1.91
1345;16;47;25.863;7.24
1346;16;48;52.326;1.37
1347;16;48;49.858;7.91
1348;16;48;41.038;20.88
1349;16;49;36.549;23.9
1350;17;18;45.399;2.72
1351;17;18;47.476;3.24
1352;17;19;46.063;7.06
1353;17;20;19.032;24.44
1354;17;21;27.982;2.63
1355;17;21;34.34;14.07
1356;17;22;32.94;16.16
1357;17;22;29.118;7.27
1358;17;23;26.057;21.55
1359;17;24;7.406;2.05
1360;17;24;6.091;4.63
1361;17;24;8.285;24.1
1362;17;25;18.034;3.6
1363;17;25;15.539;8.16
1364;17;25;18.006;9.23
1365;17;26;36.695;4.22
1366;17;27;17.815;5.9
1367;17;28;12.365;7.1
1368;17;29;7.708;1.22
1369;17;29;6.488;8.79
1370;17;30;20.912;21.12
1371;17;30;22.577;18.0
1372;17;31;49.42;23.36
1373;17;31;43.927;22.85
1374;17;32;55.425;20.74
1375;17;33;16.173;24.64
1376;17;34;13.514;24.08
1377;17;34;16.509;22.2
1378;17;34;14.615;16.85
1379;17;35;5.893;15.81
1380;17;36;17.815;11.13
1381;17;36;17.184;13.56
1382;17;36;20.174;13.93
1383;17;37;38.871;17.78
1384;17;38;29.019;6.09
1385;17;38;30.384;20.05
1386;17;39;44.869;0.7
1387;17;39;42.336;23.55
1388;17;40;21.699;0.72
1389;17;41;29.834;5.05
1390;17;41;36.479;11.32
1391;17;41;30.287;12.86
1392;17;42;31.01;23.15
1393;17;43;44.461;13.34
1394;17;43;35.989;22.52
1395;17;43;54.153;13.11
1396;17;44;50.115;20.43
1397;17;45;51.627;16.63
1398;17;45;52.527;21.48
1399;17;45;63.728;1.74
1400;17;46;26.329;21.7
1401;17;47;23.529;4.27
1402;17;47;20.318;5.43
1403;17;47;18.864;13.37
1404;17;48;45.454;9.82
1405;17;48;54.019;16.26
1406;17;48;45.53;24.39
1407;17;49;27.562;8.87
1408;17;49;22.049;1.59
1409;17;49;32.948;18.88
1410;18;19;27.076;7.69
1411;18;19;31.08;19.15
1412;18;20;47.793;13.04
1413;18;21;61.902;5.27
1414;18;21;73.092;9.56
1415;18;22;49.527;9.96
1416;18;22;37.72;18.74
1417;18;22;38.265;16.44
1418;18;23;39.983;13.08
1419;18;24;39.399;24.41
1420;18;24;48.336;6.48
1421;18;24;48.573;10.49
1422;18;25;36.232;4.96
1423;18;25;37.555;15.0
1424;18;26;8.722;12.74
1425;18;27;47.138;5.01
1426;18;27;42.162;1.78
1427;18;27;46.348;10.78
1428;18;28;45.011;22.57
1429;18;28;37.675;24.59
1430;18;29;43.076;2.35
1431;18;30;33.346;21.17
1432;18;30;30.691;6.95
1433;18;30;32.075;19.92
1434;18;31;88.825;3.02
1435;18;31;97.456;18.7
1436;18;31;102.173;21.88
1437;18;32;86.713;2.61
1438;18;33;43.259;3.95
1439;18;34;57.987;24.9
1440;18;34;59.506;20.72
1441;18;35;48.597;10.92
1442;18;35;47.248;4.37
1443;18;35;51.18;24.61
1444;18;36;47.138;1.04
1445;18;37;61.346;11.03
1446;18;37;67.556;0.78
1447;18;38;38.857;22.82
1448;18;38;41.743;16.65
1449;18;39;82.719;15.87
1450;18;39;100.255;12.84
1451;18;40;52.082;17.12
1452;18;40;63.73;7.11
1453;18;40;46.293;21.78
1454;18;41;44.173;18.56
1455;18;41;44.189;9.68
1456;18;41;53.387;22.63
1457;18;42;68.337;11.67
1458;18;43;78.233;3.29
1459;18;44;11.417;5.49
1460;18;44;14.163;9.66
1461;18;45;88.195;24.37
1462;18;45;76.809;13.89
1463;18;46;50.094;10.17
1464;18;46;60.374;13.6
1465;18;46;48.257;18.43
1466;18;47;55.565;7.38
1467;18;48;17.231;23.17
1468;18;48;17.566;1.6
1469;18;48;19.053;18.95
1470;18;49;31.387;6.91
1471;19;20;37.142;1.72
1472;19;20;36.051;16.73
1473;19;21;48.874;3.89
1474;19;22;30.947;10.89
1475;19;22;38.581;3.71
1476;19;23;25.626;8.48
1477;19;23;31.935;20.03
1478;19;23;25.928;23.68
1479;19;24;43.764;1.28
1480;19;24;44.007;8.25
1481;19;24;47.343;18.05
1482;19;25;28.971;20.53
1483;19;25;23.27;23.54
1484;19;25;28.447;3.02
1485;19;26;26.588;13.88
1486;19;26;21.126;3.4
1487;19;27;37.21;22.98
1488;19;28;38.502;23.67
1489;19;29;39.848;6.47
1490;19;30;25.585;0.67
1491;19;30;21.083;7.37
1492;19;30;23.187;22.09
1493;19;31;95.326;8.88
1494;19;31;112.071;12.63
1495;19;31;74.098;14.02
1496;19;32;98.653;3.34
1497;19;32;106.33;17.94
1498;19;32;76.686;15.89
1499;19;33;34.699;0.92
1500;19;34;54.329;8.7
1501;19;35;51.433;19.03
1502;19;35;45.878;18.01
1503;19;36;37.21;18.02
1504;19;36;29.571;7.39
1505;19;37;42.085;2.94
1506;19;38;22.692;24.78
1507;19;39;68.826;11.91
1508;19;40;40.228;15.53
1509;19;41;27.034;16.04
1510;19;41;21.715;19.52
1511;19;41;30.392;1.88
1512;19;42;75.973;3.0
1513;19;43;88.461;11.07
1514;19;44;18.71;3.97
1515;19;44;15.271;1.71
1516;19;45;72.802;2.18
1517;19;46;35.297;21.06
1518;19;46;42.865;7.31
1519;19;46;34.304;2.54
1520;19;47;43.312;17.79
1521;19;47;44.668;2.45
1522;19;47;52.811;20.09
1523;19;48;10.032;20.96
1524;19;48;10.791;14.7
1525;19;48;9.58;11.87
1526;19;49;19.222;24.02
1527;19;49;21.268;23.48
1528;19;49;17.298;13.52
1529;20;21;14.157;24.86
1530;20;21;13.996;11.54
1531;20;21;12.158;19.37
1532;20;22;14.427;23.28
1533;20;22;13.052;17.42
1534;20;23;11.693;16.89
1535;20;23;14.525;10.16
1536;20;23;10.669;12.69
1537;20;24;23.479;1.02
1538;20;24;27.371;20.45
1539;20;24;19.363;8.39
1540;20;25;11.6;15.45
1541;20;25;10.673;5.82
1542;20;25;13.585;24.33
1543;20;26;40.197;18.47
1544;20;26;40.979;10.51
1545;20;26;44.843;11.97
1546;20;27;1.253;20.53
1547;20;27;1.559;4.16
1548;20;27;1.203;16.99
1549;20;28;6.801;5.04
1550;20;28;7.053;6.14
1551;20;28;5.119;14.19
1552;20;29;11.916;13.23
1553;20;30;14.514;14.39
1554;20;30;17.473;20.8
1555;20;31;64.413;13.81
1556;20;31;58.071;21.47
1557;20;32;73.254;0.24
1558;20;33;4.963;22.58
1559;20;33;5.456;16.67
1560;20;33;4.874;3.59
1561;20;34;19.289;1.24
1562;20;35;24.494;22.58
1563;20;35;20.787;6.51
1564;20;35;29.447;12.31
1565;20;36;1.253;22.4
1566;20;36;1.408;14.29
1567;20;36;1.312;17.73
1568;20;37;20.174;10.1
1569;20;37;25.174;9.47
1570;20;38;14.928;7.33
1571;20;38;16.835;19.47
1572;20;39;34.926;9.87
1573;20;39;33.433;22.29
1574;20;39;26.778;1.29
1575;20;40;4.399;9.11
1576;20;41;12.906;12.0
1577;20;41;13.787;17.21
1578;20;42;48.307;16.0
1579;20;43;62.083;11.51
1580;20;43;62.932;11.04
1581;20;43;74.657;3.99
1582;20;44;48.082;17.4
1583;20;44;57.389;3.72
1584;20;44;57.0;19.3
1585;20;45;40.544;21.5
1586;20;46;7.314;20.84
1587;20;46;8.11;21.82
1588;20;47;7.824;14.37
1589;20;48;40.704;2.0
1590;20;48;47.589;14.88
1591;20;49;18.686;18.34
1592;21;22;19.544;13.49
1593;21;22;21.102;4.76
1594;21;23;23.636;22.82
1595;21;23;22.781;7.83
1596;21;24;34.368;17.38
1597;21;24;33.972;19.64
1598;21;25;25.756;7.62
1599;21;25;25.458;11.52
1600;21;26;54.354;12.58
1601;21;27;14.954;13.66
1602;21;28;18.772;7.54
1603;21;28;16.506;1.85
1604;21;29;23.195;0.45
1605;21;30;28.563;14.01
1606;21;31;63.918;24.7
1607;21;32;76.152;9.16
1608;21;32;65.446;10.11
1609;21;33;18.951;18.95
1610;21;33;14.493;23.02
1611;21;33;16.531;18.01
1612;21;34;20.283;22.49
1613;21;35;31.901;3.64
1614;21;36;14.954;19.8
1615;21;36;14.124;22.15
1616;21;36;12.045;22.53
1617;21;37;15.711;14.73
1618;21;37;17.208;14.5
1619;21;38;26.25;12.93
1620;21;39;20.867;15.93
1621;21;40;9.821;13.62
1622;21;40;11.909;21.94
1623;21;40;10.149;5.9
1624;21;41;21.979;12.09
1625;21;41;25.448;0.08
1626;21;41;22.702;8.97
1627;21;42;51.445;6.11
1628;21;42;53.739;2.42
1629;21;42;62.406;24.14
1630;21;43;64.996;10.27
1631;21;43;78.839;15.15
1632;21;44;61.638;5.13
1633;21;44;76.241;11.84
1634;21;45;26.392;16.61
1635;21;45;27.221;11.55
1636;21;46;13.583;0.23
1637;21;46;11.141;23.48
1638;21;47;6.341;2.01
1639;21;47;7.0;11.74
1640;21;48;53.797;8.94
1641;21;49;31.884;0.76
1642;22;23;10.457;1.8
1643;22;23;8.614;8.13
1644;22;24;36.11;8.4
1645;22;24;28.673;9.0
1646;22;24;27.909;9.16
1647;22;25;18.896;9.16
1648;22;25;14.805;10.68
1649;22;26;43.638;7.74
1650;22;27;15.483;9.89
1651;22;27;13.29;22.23
1652;22;28;20.617;2.66
1653;22;28;24.397;22.76
1654;22;29;25.351;16.68
1655;22;29;25.744;11.79
1656;22;30;19.327;6.81
1657;22;30;19.675;3.03
1658;22;30;15.097;15.2
1659;22;31;78.579;13.17
1660;22;31;94.163;23.06
1661;22;31;69.466;11.05
1662;22;32;87.667;24.89
1663;22;32;91.638;6.54
1664;22;33;16.864;22.72
1665;22;34;33.169;13.1
1666;22;35;38.629;16.87
1667;22;36;15.483;1.27
1668;22;37;11.863;4.47
1669;22;37;11.361;5.83
1670;22;38;10.697;3.68
1671;22;39;38.132;5.76
1672;22;40;14.195;12.67
1673;22;41;5.48;24.01
1674;22;42;62.732;23.34
1675;22;43;76.504;5.39
1676;22;43;63.589;15.39
1677;22;44;46.408;21.78
1678;22;45;41.861;9.23
1679;22;46;7.656;13.4
1680;22;46;7.609;22.45
1681;22;46;6.243;0.54
1682;22;47;15.737;9.59
1683;22;47;12.247;5.94
1684;22;47;19.316;18.43
1685;22;48;37.712;15.97
1686;22;48;38.618;4.69
1687;22;48;43.996;17.68
1688;22;49;18.315;19.26
1689;22;49;21.244;14.41
1690;23;24;27.607;22.04
1691;23;25;9.237;9.18
1692;23;25;10.103;23.38
1693;23;26;33.563;14.13
1694;23;27;11.984;4.12
1695;23;27;13.112;16.03
1696;23;27;13.198;20.1
1697;23;28;14.945;16.77
1698;23;28;11.834;22.27
1699;23;28;15.402;12.36
1700;23;29;18.422;8.86
1701;23;30;8.953;0.19
1702;23;30;7.841;12.84
1703;23;31;74.426;20.12
1704;23;31;81.893;8.49
1705;23;31;90.769;24.89
1706;23;32;81.482;10.86
1707;23;32;89.887;4.65
1708;23;32;67.653;4.31
1709;23;33;10.632;19.47
1710;23;34;30.3;1.12
1711;23;34;36.114;8.56
1712;23;35;31.95;8.55
1713;23;35;35.848;22.89
1714;23;36;11.984;3.69
1715;23;36;11.96;20.98
1716;23;37;21.705;12.71
1717;23;37;24.262;16.05
1718;23;38;3.31;20.11
1719;23;38;2.747;15.09
1720;23;38;2.7;3.52
1721;23;39;44.226;21.96
1722;23;40;14.611;10.87
1723;23;40;16.244;18.45
1724;23;40;16.291;19.7
1725;23;41;5.145;12.18
1726;23;42;56.963;2.84
1727;23;42;60.693;12.09
1728;23;42;53.494;7.16
1729;23;43;70.506;13.43
1730;23;43;57.1;6.72
1731;23;43;56.586;3.07
1732;23;44;38.272;0.75
1733;23;44;29.09;5.28
1734;23;44;37.001;3.12
1735;23;45;48.996;11.52
1736;23;46;10.432;1.5
1737;23;46;9.11;9.75
1738;23;47;17.779;1.84
1739;23;47;14.028;14.05
1740;23;47;14.446;9.02
1741;23;48;30.195;0.94
1742;23;48;29.326;13.33
1743;23;49;8.671;14.07
1744;24;25;18.528;7.97
1745;24;25;21.544;6.11
1746;24;25;17.935;4.23
1747;24;26;30.687;1.73
1748;24;26;36.592;10.66
1749;24;26;23.338;15.43
1750;24;27;22.227;19.51
1751;24;27;22.439;9.97
1752;24;28;16.748;21.51
1753;24;28;17.743;13.77
1754;24;28;14.128;7.87
1755;24;29;11.648;4.54
1756;24;29;12.644;3.4
1757;24;30;20.445;22.24
1758;24;30;25.322;3.2
1759;24;31;51.946;6.1
1760;24;32;55.307;23.94
1761;24;33;19.469;6.43
1762;24;34;20.863;20.52
1763;24;34;23.416;3.86
1764;24;35;9.199;15.86
1765;24;35;9.215;19.24
1766;24;35;8.239;14.37
1767;24;36;22.227;23.55
1768;24;36;18.318;13.9
1769;24;37;43.651;6.75
1770;24;38;30.089;15.76
1771;24;38;29.218;19.73
1772;24;38;24.843;3.15
1773;24;39;52.081;1.84
1774;24;39;47.455;22.02
1775;24;39;44.319;21.11
1776;24;40;26.925;15.34
1777;24;40;20.532;22.33
1778;24;41;32.128;17.49
1779;24;41;38.279;13.86
1780;24;41;32.512;14.98
1781;24;42;32.227;4.17
1782;24;43;44.819;17.19
1783;24;43;35.44;10.46
1784;24;44;45.24;18.54
1785;24;44;42.185;7.5
1786;24;45;58.771;1.12
1787;24;46;30.433;4.87
1788;24;46;26.82;20.54
1789;24;46;31.297;8.79
1790;24;47;29.299;4.73
1791;24;47;34.55;6.59
1792;24;47;31.796;10.43
1793;24;48;41.641;8.9
1794;24;49;26.736;18.79
1795;24;49;25.781;19.07
1796;25;26;28.603;10.2
1797;25;26;34.036;20.51
1798;25;27;10.906;18.83
1799;25;28;9.857;6.03
1800;25;28;7.432;6.42
1801;25;28;12.016;19.09
1802;25;29;11.015;5.12
1803;25;29;12.518;14.98
1804;25;29;8.64;4.35
1805;25;30;3.511;4.36
1806;25;31;67.324;13.48
1807;25;31;58.792;18.14
1808;25;31;69.465;1.88
1809;25;32;73.127;22.3
1810;25;32;81.521;7.68
1811;25;33;7.079;14.87
1812;25;34;25.458;15.93
1813;25;34;19.382;17.55
1814;25;34;24.952;7.71
1815;25;35;23.842;23.95
1816;25;36;10.906;19.78
1817;25;37;28.791;5.1
1818;25;37;34.606;5.43
1819;25;37;33.218;17.85
1820;25;38;11.562;6.26
1821;25;39;46.506;24.04
1822;25;40;15.957;20.22
1823;25;40;19.847;4.77
1824;25;40;19.101;23.85
1825;25;41;14.133;23.21
1826;25;41;12.172;7.35
1827;25;41;14.281;18.93
1828;25;42;48.998;12.84
1829;25;42;54.978;16.36
1830;25;43;62.303;20.15
1831;25;43;57.833;7.04
1832;25;43;61.087;22.02
1833;25;44;37.204;7.27
1834;25;44;40.0;20.88
1835;25;45;52.136;15.16
1836;25;45;59.072;17.36
1837;25;46;15.536;12.07
1838;25;47;19.418;14.75
1839;25;47;20.659;24.29
1840;25;47;22.576;23.99
1841;25;48;30.541;23.29
1842;25;48;24.988;24.04
1843;25;49;9.829;3.94
1844;25;49;10.402;19.2
1845;26;27;39.442;13.06
1846;26;28;36.879;11.96
1847;26;28;31.501;1.32
1848;26;28;42.746;14.6
1849;26;29;34.629;24.17
1850;26;30;26.038;19.19
1851;26;30;28.458;11.3
1852;26;31;80.577;22.61
1853;26;32;79.353;17.51
1854;26;32;73.786;2.25
1855;26;32;69.665;21.27
1856;26;33;35.485;15.28
1857;26;33;27.462;4.73
1858;26;34;49.387;20.73
1859;26;34;60.112;7.11
1860;26;34;61.408;5.36
1861;26;35;39.886;3.0
1862;26;35;32.642;13.49
1863;26;36;39.442;2.53
1864;26;37;55.244;5.92
1865;26;38;32.982;11.76
1866;26;38;40.545;19.62
1867;26;38;33.242;5.66
1868;26;39;75.039;18.34
1869;26;39;81.291;0.69
1870;26;39;60.993;11.14
1871;26;40;44.56;11.89
1872;26;40;45.892;2.99
1873;26;41;38.17;8.02
1874;26;41;47.171;9.27
1875;26;42;60.114;21.63
1876;26;42;52.371;8.77
1877;26;43;70.48;1.8
1878;26;44;16.702;21.26
1879;26;44;18.59;8.73
1880;26;45;80.739;17.97
1881;26;45;79.658;6.43
1882;26;45;82.657;20.51
1883;26;46;43.229;15.22
1884;26;47;48.019;14.9
1885;26;47;47.819;1.21
1886;26;48;18.286;14.99
1887;26;49;25.336;4.28
1888;26;49;25.851;4.21
1889;26;49;19.697;14.86
1890;27;28;5.552;8.65
1891;27;28;5.221;3.78
1892;27;28;5.749;5.84
1893;27;29;10.664;7.37
1894;27;29;12.8;23.74
1895;27;29;10.335;12.58
1896;27;30;13.977;21.76
1897;27;31;63.546;20.36
1898;27;31;53.848;19.54
1899;27;32;72.184;12.78
1900;27;33;4.002;13.18
1901;27;34;18.593;15.07
1902;27;35;23.314;14.2
1903;27;35;22.884;15.45
1904;27;36;0.0;1.57
1905;27;36;0.0;7.96
1906;27;37;21.427;4.26
1907;27;37;25.271;2.88
1908;27;38;15.269;13.76
1909;27;38;14.241;22.49
1910;27;38;13.331;7.61
1911;27;39;35.612;15.92
1912;27;40;5.368;17.42
1913;27;41;13.646;17.31
1914;27;42;47.259;16.49
1915;27;42;36.405;14.77
1916;27;42;48.527;21.38
1917;27;43;61.024;9.84
1918;27;43;63.676;0.4
1919;27;44;47.699;22.34
1920;27;45;41.339;0.79
1921;27;45;36.081;10.64
1922;27;45;46.193;10.49
1923;27;46;8.515;15.85
1924;27;46;7.129;4.68
1925;27;46;6.419;24.93
1926;27;47;8.673;11.33
1927;27;48;40.469;11.18
1928;27;48;35.442;21.33
1929;27;49;18.52;20.96
1930;28;29;5.126;0.94
1931;28;29;5.13;7.07
1932;28;30;13.365;6.98
1933;28;31;59.499;2.31
1934;28;31;53.201;3.43
1935;28;32;67.256;10.5
1936;28;32;51.419;6.88
1937;28;32;57.227;5.41
1938;28;33;4.319;3.24
1939;28;34;15.85;7.0
1940;28;34;17.21;22.16
1941;28;34;19.062;9.57
1942;28;35;18.012;20.98
1943;28;35;15.052;5.56
1944;28;36;5.552;23.83
1945;28;36;4.183;20.94
1946;28;36;5.406;11.49
1947;28;37;26.949;16.72
1948;28;37;27.151;13.35
1949;28;37;27.469;19.3
1950;28;38;18.193;23.19
1951;28;39;38.597;8.63
1952;28;39;39.569;16.53
1953;28;40;10.255;11.62
1954;28;41;17.927;0.1
1955;28;42;42.459;11.83
1956;28;43;56.153;12.63
1957;28;43;68.601;14.44
1958;28;43;60.912;9.05
1959;28;44;46.874;5.94
1960;28;44;57.351;14.73
1961;28;45;44.744;5.4
1962;28;45;48.547;6.25
1963;28;45;50.958;20.17
1964;28;46;14.015;12.58
1965;28;47;12.986;19.67
1966;28;47;12.031;1.18
1967;28;48;40.393;9.28
1968;28;49;19.29;2.33
1969;29;30;14.274;24.82
1970;29;31;56.41;3.78
1971;29;31;66.907;13.81
1972;29;31;65.846;12.54
1973;29;32;63.095;24.2
1974;29;32;73.902;11.45
1975;29;33;8.507;6.21
1976;29;33;8.866;8.95
1977;29;34;15.322;5.96
1978;29;35;13.572;19.26
1979;29;36;10.664;14.19
1980;29;37;32.075;20.51
1981;29;37;29.721;21.37
1982;29;37;27.857;4.12
1983;29;38;21.46;11.72
1984;29;39;42.199;14.9
1985;29;39;46.413;5.03
1986;29;39;45.315;4.09
1987;29;40;15.282;0.68
1988;29;40;16.713;4.41
1989;29;41;22.127;17.49
1990;29;41;25.252;12.43
1991;29;42;38.546;24.4
1992;29;42;43.812;8.59
1993;29;43;52.091;14.41
1994;29;43;62.737;0.66
1995;29;43;63.538;15.51
1996;29;44;46.158;6.31
1997;29;44;37.131;18.62
1998;29;45;48.598;13.71
1999;29;45;43.312;3.28
2000;29;46;19.057;9.96
2001;29;47;17.776;18.78
2002;29;47;19.693;16.92
2003;29;47;20.505;24.4
2004;29;48;40.47;15.99
2005;29;49;20.827;24.61
2006;30;31;70.322;4.09
2007;30;31;80.424;4.36
2008;30;32;75.54;20.45
2009;30;33;10.358;18.66
2010;30;33;7.993;16.37
2011;30;33;11.513;7.04
2012;30;34;28.942;4.98
2013;30;35;26.6;2.36
2014;30;35;26.25;21.67
2015;30;35;26.436;20.6
2016;30;36;13.977;22.93
2017;30;36;10.511;6.67
2018;30;36;11.788;8.79
2019;30;37;30.057;6.72
2020;30;37;31.067;17.67
2021;30;37;36.331;17.15
2022;30;38;10.342;24.14
2023;30;38;11.437;21.07
2024;30;38;10.371;12.52
2025;30;39;49.405;7.12
2026;30;40;18.747;20.59
2027;30;40;22.34;9.82
2028;30;41;14.098;14.34
2029;30;41;12.499;5.03
2030;30;42;51.688;12.9
2031;30;42;59.956;1.87
2032;30;42;60.683;3.21
2033;30;43;64.83;20.62
2034;30;44;33.83;0.83
2035;30;45;54.858;11.93
2036;30;45;57.806;12.46
2037;30;45;48.945;21.68
2038;30;46;17.313;0.96
2039;30;46;14.151;22.86
2040;30;46;18.825;20.61
2041;30;47;22.231;24.49
2042;30;48;27.044;23.11
2043;30;48;23.88;22.95
2044;30;49;6.651;9.07
2045;31;32;19.736;19.51
2046;31;32;22.959;2.31
2047;31;33;63.818;23.47
2048;31;34;45.45;18.76
2049;31;34;53.594;1.7
2050;31;35;43.898;23.54
2051;31;36;63.546;0.29
2052;31;37;79.455;8.1
2053;31;37;94.278;22.44
2054;31;37;85.929;14.88
2055;31;38;77.629;19.46
2056;31;39;65.697;8.48
2057;31;40;64.545;1.44
2058;31;40;65.867;21.26
2059;31;41;77.149;13.79
2060;31;41;67.706;3.04
2061;31;41;78.408;5.77
2062;31;42;20.49;18.86
2063;31;43;15.436;7.14
2064;31;43;11.923;14.11
2065;31;44;96.476;13.17
2066;31;45;71.704;6.1
2067;31;46;70.959;17.56
2068;31;46;53.977;2.81
2069;31;47;63.996;17.06
2070;31;47;66.64;4.1
2071;31;47;52.363;17.46
2072;31;48;93.557;4.11
2073;31;49;76.973;9.22
2074;31;49;65.716;1.03
2075;31;49;92.018;13.69
2076;32;33;71.392;7.83
2077;32;34;56.111;3.09
2078;32;34;67.035;24.86
2079;32;34;58.845;23.08
2080;32;35;49.535;24.71
2081;32;35;51.091;16.79
2082;32;35;48.863;2.78
2083;32;36;72.184;10.78
2084;32;37;90.886;1.7
2085;32;37;80.452;20.03
2086;32;37;82.421;3.48
2087;32;38;84.406;0.18
2088;32;39;81.826;18.94
2089;32;39;62.186;22.83
2090;32;40;74.479;0.91
2091;32;40;79.48;11.47
2092;32;40;78.667;13.75
2093;32;41;85.129;2.82
2094;32;42;25.01;21.54
2095;32;42;27.644;1.66
2096;32;42;26.928;12.15
2097;32;43;11.221;13.22
2098;32;44;95.994;4.34
2099;32;44;92.184;10.73
2100;32;45;88.29;0.33
2101;32;46;80.393;4.27
2102;32;46;95.21;13.37
2103;32;46;68.334;24.81
2104;32;47;74.775;2.38
2105;32;47;78.988;12.01
2106;32;47;61.746;24.29
2107;32;48;94.907;12.83
2108;32;48;96.547;4.57
2109;32;48;99.207;11.82
2110;32;49;81.991;22.4
2111;32;49;76.144;12.92
2112;33;34;19.896;8.57
2113;33;35;21.973;8.9
2114;33;35;17.114;11.19
2115;33;36;4.002;10.59
2116;33;37;24.469;18.76
2117;33;37;26.223;0.7
2118;33;38;13.893;21.84
2119;33;39;39.554;5.7
2120;33;39;38.632;6.06
2121;33;39;46.022;13.59
2122;33;40;9.332;18.2
2123;33;40;10.62;21.1
2124;33;40;7.797;6.83
2125;33;41;13.737;2.42
2126;33;41;16.941;22.84
2127;33;41;11.703;14.63
2128;33;42;46.665;5.44
2129;33;43;60.322;11.8
2130;33;43;65.223;1.4
2131;33;44;44.188;20.15
2132;33;44;38.167;17.17
2133;33;44;51.993;1.06
2134;33;45;45.33;16.09
2135;33;45;38.503;5.32
2136;33;46;11.037;20.77
2137;33;46;11.811;10.59
2138;33;47;12.675;2.42
2139;33;47;10.485;19.33
2140;33;47;12.856;18.46
2141;33;48;37.246;2.07
2142;33;48;45.147;7.83
2143;33;48;35.081;4.9
2144;33;49;15.608;5.55
2145;34;35;14.211;21.49
2146;34;35;14.305;11.09
2147;34;36;18.593;4.98
2148;34;36;17.493;12.84
2149;34;37;34.798;13.68
2150;34;38;33.609;21.8
2151;34;39;32.85;6.93
2152;34;40;19.096;19.18
2153;34;41;32.193;18.57
2154;34;41;38.871;7.53
2155;34;42;31.245;3.49
2156;34;42;24.931;8.71
2157;34;42;27.159;2.59
2158;34;43;44.909;9.04
2159;34;44;61.476;22.04
2160;34;45;39.809;9.22
2161;34;45;33.121;19.68
2162;34;46;25.527;5.4
2163;34;46;25.241;18.05
2164;34;47;18.795;21.45
2165;34;47;14.84;23.51
2166;34;47;23.103;12.18
2167;34;48;55.681;3.88
2168;34;49;35.108;19.72
2169;35;36;23.314;20.45
2170;35;36;28.993;19.31
2171;35;37;43.935;9.22
2172;35;38;34.908;5.11
2173;35;38;41.551;14.18
2174;35;38;34.167;10.11
2175;35;39;46.969;2.37
2176;35;39;56.506;14.2
2177;35;39;51.938;9.75
2178;35;40;26.738;23.27
2179;35;40;26.328;1.11
2180;35;40;29.99;22.88
2181;35;41;35.678;19.02
2182;35;41;33.334;21.66
2183;35;42;25.157;7.87
2184;35;42;31.29;6.47
2185;35;43;38.57;20.07
2186;35;44;54.257;10.14
2187;35;44;41.104;20.18
2188;35;44;52.074;4.97
2189;35;45;53.889;0.19
2190;35;46;31.806;16.71
2191;35;47;28.152;13.6
2192;35;47;28.385;7.87
2193;35;48;50.209;12.3
2194;35;49;33.232;22.31
2195;35;49;29.573;20.83
2196;35;49;31.226;4.05
2197;36;37;21.427;18.06
2198;36;38;15.269;0.31
2199;36;38;16.979;4.21
2200;36;38;18.779;22.74
2201;36;39;35.612;11.82
2202;36;39;26.987;10.53
2203;36;40;5.368;6.24
2204;36;40;6.592;0.26
2205;36;41;13.646;13.26
2206;36;41;14.042;1.27
2207;36;42;47.259;12.63
2208;36;42;39.56;6.5
2209;36;43;61.024;12.37
2210;36;43;56.225;16.34
2211;36;44;47.699;10.07
2212;36;45;41.339;16.6
2213;36;46;8.515;20.85
2214;36;46;7.608;3.3
2215;36;47;8.673;7.55
2216;36;47;6.891;1.34
2217;36;47;9.975;2.48
2218;36;48;40.469;19.19
2219;36;48;38.77;15.78
2220;36;48;38.202;7.49
2221;36;49;18.52;5.97
2222;37;38;22.49;15.46
2223;37;39;28.986;0.56
2224;37;39;34.648;12.25
2225;37;39;35.829;10.57
2226;37;40;17.206;11.23
2227;37;40;16.468;20.66
2228;37;40;16.652;13.88
2229;37;41;17.176;9.72
2230;37;42;65.942;5.22
2231;37;43;79.672;17.23
2232;37;43;73.066;24.15
2233;37;44;58.187;8.73
2234;37;44;51.809;23.83
2235;37;44;69.744;13.21
2236;37;45;31.508;19.53
2237;37;46;13.506;15.08
2238;37;47;16.168;5.93
2239;37;47;15.613;2.69
2240;37;47;16.672;7.07
2241;37;48;49.404;4.2
2242;37;48;60.641;21.28
2243;37;48;53.145;9.17
2244;37;49;30.026;18.0
2245;37;49;31.011;7.82
2246;37;49;28.428;13.89
2247;38;39;46.577;11.66
2248;38;39;40.096;14.63
2249;38;40;17.596;1.03
2250;38;40;20.855;24.62
2251;38;40;19.093;6.12
2252;38;41;5.327;11.11
2253;38;42;59.995;2.25
2254;38;42;57.761;10.83
2255;38;42;58.335;18.61
2256;38;43;73.478;24.11
2257;38;43;77.594;20.79
2258;38;44;36.293;2.88
2259;38;44;35.121;11.72
2260;38;44;31.805;24.99
2261;38;45;51.076;17.8
2262;38;45;53.025;11.59
2263;38;46;12.744;13.69
2264;38;46;11.452;3.93
2265;38;46;12.326;22.48
2266;38;47;20.622;13.05
2267;38;48;27.922;21.36
2268;38;49;7.648;13.04
2269;38;49;5.966;17.66
2270;38;49;8.035;12.74
2271;39;40;30.661;14.9
2272;39;40;30.027;21.55
2273;39;41;41.824;13.28
2274;39;42;59.367;2.32
2275;39;42;62.066;22.28
2276;39;42;56.966;20.84
2277;39;43;71.407;11.19
2278;39;43;61.651;1.7
2279;39;44;82.42;10.01
2280;39;45;7.003;12.79
2281;39;46;33.86;14.98
2282;39;47;27.177;24.29
2283;39;48;74.411;10.41
2284;39;48;64.272;15.89
2285;39;48;83.996;13.38
2286;39;49;52.651;15.9
2287;40;41;14.37;11.9
2288;40;42;49.469;7.83
2289;40;42;54.561;24.3
2290;40;43;63.264;24.13
2291;40;43;74.518;17.73
2292;40;44;52.036;18.88
2293;40;45;36.181;7.67
2294;40;45;30.823;13.34
2295;40;46;6.555;9.07
2296;40;46;6.189;20.12
2297;40;47;3.485;2.55
2298;40;47;4.289;12.33
2299;40;48;44.421;20.58
2300;40;48;36.23;0.78
2301;40;49;22.391;10.42
2302;40;49;27.059;12.91
2303;41;42;60.382;5.66
2304;41;42;64.671;18.42
2305;41;43;74.055;2.2
2306;41;43;63.833;18.54
2307;41;43;74.681;7.86
2308;41;44;41.496;11.54
2309;41;45;46.073;14.35
2310;41;45;36.738;7.05
2311;41;46;8.456;11.36
2312;41;47;16.91;20.38
2313;41;47;16.701;24.35
2314;41;48;32.99;23.69
2315;41;48;33.325;19.31
2316;41;48;28.734;6.3
2317;41;49;12.868;6.54
2318;42;43;13.798;20.28
2319;42;44;76.122;2.24
2320;42;44;95.049;0.69
2321;42;44;86.735;4.42
2322;42;45;66.17;12.82
2323;42;45;62.921;2.02
2324;42;45;56.871;9.79
2325;42;46;55.408;7.45
2326;42;46;64.875;22.76
2327;42;46;65.184;12.99
2328;42;47;49.804;11.9
2329;42;47;41.663;10.97
2330;42;47;60.807;9.22
2331;42;48;73.551;6.78
2332;42;48;57.969;6.31
2333;42;48;59.2;15.44
2334;42;49;58.284;3.39
2335;42;49;72.116;19.29
2336;42;49;48.468;12.3
2337;43;44;86.948;1.93
2338;43;45;78.008;10.95
2339;43;45;88.373;9.04
2340;43;45;79.486;17.12
2341;43;46;69.201;24.76
2342;43;46;56.602;1.42
2343;43;47;63.556;1.04
2344;43;47;68.933;22.54
2345;43;47;75.84;16.13
2346;43;48;85.25;12.33
2347;43;48;80.101;20.19
2348;43;49;71.35;15.81
2349;43;49;86.717;19.7
2350;44;45;87.263;1.62
2351;44;45;107.258;11.19
2352;44;46;48.704;7.57
2353;44;46;53.509;3.54
2354;44;46;37.513;18.53
2355;44;47;55.465;23.06
2356;44;48;9.07;15.39
2357;44;49;29.769;21.46
2358;45;46;38.565;3.98
2359;45;46;42.99;6.52
2360;45;46;29.429;15.08
2361;45;47;32.72;15.24
2362;45;47;25.798;5.2
2363;45;48;78.998;13.54
2364;45;49;57.583;18.65
2365;45;49;54.724;9.73
2366;45;49;52.355;12.34
2367;46;47;8.545;22.98
2368;46;47;8.018;20.49
2369;46;48;40.559;15.14
2370;46;48;40.784;15.39
2371;46;49;19.04;22.92
2372;46;49;18.088;12.3
2373;47;48;47.772;0.92
2374;47;48;43.075;8.6
2375;47;49;25.77;22.1
2376;47;49;27.521;16.22
2377;47;49;26.557;22.44
2378;48;49;22.042;13.68
