VERTEX_COUNT 50
PATH_COUNT 1
BUDGET 300
<------------ VERTICES ------------>
0;START;41.374834;2.170055;0.0;0.0
1;Museu Nacional d’Art de Catalunya;41.36882;2.153347;45.0;100.0
2;Museu d’Història de Catalunya - MHC;41.380852;2.185799;45.0;84.74
3;Museu Picasso;41.385181;2.180863;45.0;79.83
4;Galeria d’Art Mar Grup Escolà;41.392349;2.167836;45.0;79.51
5;Parc de Diagonal Mar;41.407215;2.214539;45.0;74.0
6;L’Aquàrium;41.376625;2.184117;45.0;73.18
7;Platja de la Nova Mar Bella;41.40205;2.21529;45.0;69.7
8;Museu Frederic Marès;41.384178;2.176819;45.0;66.78
9;Lorena Ruiz de Villa;41.397858;2.146705;45.0;66.72
10;Museu Palmero;41.424667;2.139856;45.0;66.66
11;Arts Santa Mònica;41.37722;2.176012;45.0;65.11
12;Parc de la Ciutadella;41.389248;2.186548;45.0;63.96
13;Avinguda d’Icària;41.391556;2.197416;45.0;63.08
14;Platja de la Barceloneta;41.379158;2.192717;45.0;62.7
15;La Colmena;41.383835;2.178294;45.0;61.83
16;Barcelona;41.389034;2.16137;45.0;61.66
17;Basilica of Sants Just i Pastor;41.382812;2.178195;45.0;60.32
18;90th Jean Bouin;41.373077;2.150465;45.0;59.93
19;Parc de la Creueta del Coll;41.41935;2.146432;45.0;59.78
20;Platja del Bogatell;41.394341;2.2066;45.0;58.28
21;Despair;41.387653;2.188076;45.0;57.87
22;Museu de la Moto ;41.383327;2.174488;45.0;56.27
23;Imaginart Gallery;41.393822;2.164627;45.0;55.99
24;Anella Olímpica(Olympic Park);41.364778;2.152575;45.0;55.38
25;Basilica of the Sagrada Família;41.403568;2.174435;45.0;54.94
26;Santa Eulàlia small schooner;41.376385;2.179861;45.0;54.77
27;Maeght;41.384689;2.181526;45.0;53.96
28;Museu d’Història de Barcelona;41.384144;2.177409;45.0;53.82
29;El Born Centre Cultural;41.385818;2.183785;45.0;53.71
30;Monument to Doctor Robert;41.394924;2.175599;45.0;53.16
31;Museu d’Art Contemporani de Barcelona (MACBA);41.382809;2.166729;45.0;52.93
32;Atelier;41.407719;2.158233;45.0;52.35
33;Casa Martí, Els Quatre Gats ;41.385775;2.173671;45.0;52.32
34;Botanical Garden;41.364746;2.159382;45.0;52.16
35;Rambla del Raval;41.378681;2.169317;45.0;51.52
36;Plaça del Rei;41.384144;2.177409;45.0;51.45
37;Carles Taché;41.389851;2.164213;45.0;50.97
38;Barcelona Head;41.380924;2.182465;45.0;50.89
39;Passeig de Gràcia;41.390739;2.166672;45.0;50.78
40;Turó de la Rovira viewing point;41.419388;2.161812;45.0;50.75
41;Contrast;41.387928;2.161469;45.0;50.39
42;67th International Epiphany Hockey Tournament ;41.381253;2.114447;45.0;50.24
43;Piramidon Centre d’Art Contemporani;41.422626;2.209764;45.0;50.21
44;Plaça de Catalunya;41.387005;2.17003;45.0;49.13
45;Mural de les Olles (Pots Mural);41.370934;2.157416;45.0;49.05
46;Barcelona Zoo;41.386299;2.187545;45.0;48.71
47;Museu Blau - Fòrum Building;41.41124;2.220333;45.0;48.52
48;49th Trofeu Joan Gamper Estrella Damm del FC Barcelona;41.380848;2.122819;45.0;48.42
49;FINISH;41.374834;2.170055;0.0;0.0
<------------- EDGES -------------->
0;0;1;23.796;16.28
1;0;1;26.576;21.36
2;0;2;22.688;11.49
3;0;3;22.496;1.91
4;0;4;30.107;24.67
5;0;4;31.176;13.96
6;0;4;35.241;7.49
7;0;5;79.572;16.68
8;0;6;18.315;15.99
9;0;6;20.092;11.59
10;0;7;74.442;17.21
11;0;7;69.861;23.69
12;0;7;82.536;18.96
13;0;8;18.196;12.88
14;0;8;20.707;14.43
15;0;9;49.508;21.63
16;0;9;49.072;3.95
17;0;10;93.673;0.39
18;0;10;73.34;19.51
19;0;11;8.671;24.12
20;0;11;6.527;17.88
21;0;11;7.86;23.89
22;0;12;32.509;2.93
23;0;13;45.309;19.62
24;0;14;30.026;16.28
25;0;14;26.813;11.45
26;0;15;18.686;24.6
27;0;16;26.736;16.17
28;0;17;17.194;11.89
29;0;18;25.336;24.98
30;0;18;25.308;15.7
31;0;19;81.991;22.35
32;0;19;71.159;6.53
33;0;19;91.48;23.83
34;0;20;57.583;12.62
35;0;20;60.156;18.21
36;0;20;55.119;3.8
37;0;21;31.884;10.83
38;0;22;15.608;0.24
39;0;22;15.078;8.13
40;0;23;33.232;14.25
41;0;24;28.285;14.01
42;0;24;22.678;16.11
43;0;25;49.491;1.98
44;0;26;12.868;8.7
45;0;26;14.305;7.14
46;0;27;22.391;18.32
47;0;28;18.52;22.53
48;0;28;21.885;4.4
49;0;28;17.06;19.15
50;0;29;25.77;9.49
51;0;29;29.453;1.27
52;0;29;21.992;23.33
53;0;30;35.108;16.19
54;0;30;41.117;6.28
55;0;31;14.3;15.21
56;0;31;16.304;4.04
57;0;31;17.289;12.93
58;0;32;58.284;18.61
59;0;32;46.11;14.62
60;0;33;19.29;10.71
61;0;33;22.095;18.71
62;0;34;22.042;7.16
63;0;35;6.651;21.53
64;0;36;18.52;8.11
65;0;36;19.033;15.97
66;0;36;20.752;1.95
67;0;37;26.77;2.6
68;0;37;24.03;18.36
69;0;37;23.93;20.33
70;0;38;19.04;6.63
71;0;38;20.122;7.06
72;0;38;16.481;17.81
73;0;39;27.562;23.97
74;0;40;76.973;7.22
75;0;41;24.972;20.37
76;0;41;25.002;6.83
77;0;42;72.243;18.05
78;0;43;96.367;11.58
79;0;44;20.827;0.23
80;0;44;21.627;7.75
81;0;45;17.549;12.36
82;0;46;29.82;11.03
83;0;47;89.706;7.01
84;0;47;98.595;11.16
85;0;48;61.52;4.61
86;0;49;0.0;17.14
87;0;49;0.0;0.73
88;1;2;46.481;22.26
89;1;3;45.08;14.74
90;1;4;44.354;2.12
91;1;4;42.968;16.8
92;1;5;102.414;21.38
93;1;6;41.71;21.72
94;1;6;48.777;4.75
95;1;6;33.098;7.96
96;1;7;97.767;11.17
97;1;7;90.018;14.53
98;1;8;39.989;3.72
99;1;8;36.54;7.91
100;1;9;50.417;19.82
101;1;9;42.53;15.12
102;1;9;59.318;17.8
103;1;10;97.123;17.3
104;1;11;32.461;24.05
105;1;12;55.131;5.48
106;1;12;52.117;0.99
107;1;12;46.589;6.88
108;1;13;68.67;22.72
109;1;13;70.271;8.8
110;1;14;53.562;19.06
111;1;14;56.713;17.97
112;1;15;41.065;1.73
113;1;16;36.092;19.04
114;1;16;27.485;5.98
115;1;17;39.892;6.65
116;1;17;45.413;4.81
117;1;17;48.947;4.93
118;1;18;8.171;6.76
119;1;19;86.923;4.62
120;1;19;84.036;1.4
121;1;20;81.132;11.43
122;1;21;55.02;15.92
123;1;22;36.786;24.31
124;1;22;39.649;14.1
125;1;22;44.193;20.84
126;1;23;45.169;5.4
127;1;23;49.452;19.51
128;1;24;6.988;16.22
129;1;24;7.619;17.48
130;1;24;7.504;1.21
131;1;25;65.336;23.86
132;1;26;36.426;8.0
133;1;27;45.24;14.38
134;1;27;50.385;15.17
135;1;28;40.525;8.3
136;1;28;32.643;20.11
137;1;29;48.72;12.67
138;1;29;52.917;24.28
139;1;29;43.465;11.88
140;1;30;53.025;16.99
141;1;30;55.909;15.3
142;1;31;29.467;11.84
143;1;32;66.86;2.92
144;1;32;60.248;18.23
145;1;32;70.739;14.93
146;1;33;39.024;6.13
147;1;33;31.506;19.52
148;1;34;10.425;1.8
149;1;34;9.046;23.25
150;1;35;26.558;15.35
151;1;35;22.259;12.34
152;1;36;40.525;16.65
153;1;36;41.554;3.45
154;1;36;41.132;10.09
155;1;37;38.599;20.74
156;1;38;42.744;16.35
157;1;39;41.226;1.17
158;1;39;32.403;2.45
159;1;39;35.738;9.7
160;1;40;87.213;3.8
161;1;40;107.222;1.32
162;1;41;34.321;3.42
163;1;42;54.294;17.31
164;1;42;53.246;5.47
165;1;43;117.144;0.17
166;1;43;131.943;9.14
167;1;44;37.779;2.72
168;1;44;40.805;16.92
169;1;44;45.344;3.66
170;1;45;6.355;9.03
171;1;45;6.906;1.54
172;1;45;6.979;15.06
173;1;46;53.131;3.64
174;1;46;62.072;15.4
175;1;47;112.538;17.53
176;1;47;86.759;7.68
177;1;47;92.584;16.77
178;1;48;44.275;18.51
179;1;48;42.327;2.77
180;1;49;23.796;4.07
181;1;49;29.205;21.34
182;2;3;9.749;6.36
183;2;3;12.08;16.73
184;2;3;8.644;8.27
185;2;4;30.314;14.44
186;2;4;23.469;15.24
187;2;5;58.279;7.73
188;2;5;57.302;7.74
189;2;5;45.17;19.53
190;2;6;7.549;20.86
191;2;6;6.413;10.76
192;2;6;7.352;2.14
193;2;7;52.433;17.41
194;2;7;47.313;8.79
195;2;7;56.472;8.76
196;2;8;12.858;14.83
197;2;9;58.016;7.27
198;2;10;95.389;0.9
199;2;10;105.577;4.87
200;2;11;14.02;17.47
201;2;11;13.553;7.74
202;2;11;14.143;24.93
203;2;12;14.4;13.64
204;2;12;17.249;21.59
205;2;13;23.621;20.33
206;2;14;9.344;23.98
207;2;15;10.905;16.25
208;2;15;13.185;1.43
209;2;15;12.942;5.89
210;2;16;34.348;11.59
211;2;17;10.323;16.32
212;2;17;8.331;13.26
213;2;18;47.282;15.84
214;2;19;83.027;8.32
215;2;19;82.257;19.55
216;2;20;35.299;10.24
217;2;21;12.0;1.08
218;2;21;10.567;24.86
219;2;22;15.128;13.11
220;2;23;35.092;16.56
221;2;23;43.779;16.32
222;2;23;34.463;9.56
223;2;24;50.763;19.34
224;2;24;54.285;15.14
225;2;24;39.185;2.16
226;2;25;41.52;20.53
227;2;25;41.614;3.81
228;2;26;10.797;3.31
229;2;27;8.556;13.76
230;2;27;7.688;14.76
231;2;28;12.156;9.12
232;2;29;8.883;21.65
233;2;30;27.411;0.71
234;2;31;24.713;24.27
235;2;31;25.46;22.64
236;2;32;58.017;7.81
237;2;32;53.02;6.17
238;2;32;43.541;23.62
239;2;33;17.705;13.16
240;2;33;13.632;16.84
241;2;34;43.708;9.29
242;2;35;21.487;2.06
243;2;35;20.928;23.74
244;2;36;12.156;4.13
245;2;36;14.439;8.52
246;2;37;31.705;7.45
247;2;37;30.067;4.27
248;2;37;37.406;10.55
249;2;38;4.283;22.88
250;2;38;4.101;23.92
251;2;38;4.333;19.81
252;2;39;29.821;3.03
253;2;40;72.778;2.74
254;2;40;67.504;16.42
255;2;40;57.284;13.33
256;2;41;33.502;4.5
257;2;42;91.617;19.49
258;2;42;71.76;14.65
259;2;42;86.033;24.85
260;2;43;77.822;24.88
261;2;44;22.821;12.5
262;2;45;40.204;23.87
263;2;45;48.569;2.33
264;2;45;31.275;20.93
265;2;46;9.587;2.08
266;2;47;68.332;4.96
267;2;48;80.865;3.11
268;2;49;22.688;24.2
269;2;49;17.563;0.61
270;3;4;20.74;18.24
271;3;5;57.363;15.23
272;3;5;51.595;11.27
273;3;5;66.744;19.9
274;3;6;15.226;24.45
275;3;6;12.264;20.2
276;3;6;16.738;19.75
277;3;7;52.787;22.29
278;3;7;52.602;3.92
279;3;7;52.602;7.94
280;3;8;5.468;14.88
281;3;8;4.35;14.51
282;3;9;48.924;19.49
283;3;9;54.597;10.5
284;3;10;85.65;11.89
285;3;11;14.979;14.1
286;3;12;10.085;7.96
287;3;12;12.572;3.23
288;3;12;11.795;0.07
289;3;13;23.888;5.74
290;3;13;28.449;14.73
291;3;14;18.382;12.12
292;3;14;22.766;21.97
293;3;14;17.351;7.58
294;3;15;4.023;0.24
295;3;15;4.509;15.58
296;3;15;4.763;11.27
297;3;16;25.88;24.92
298;3;17;5.307;11.59
299;3;17;4.177;17.78
300;3;17;5.357;10.23
301;3;18;44.188;21.95
302;3;18;50.321;7.17
303;3;19;73.294;5.89
304;3;20;36.571;1.78
305;3;20;42.4;23.5
306;3;21;10.181;7.34
307;3;21;9.65;12.63
308;3;22;8.778;12.12
309;3;23;25.556;21.39
310;3;24;50.384;9.0
311;3;25;32.528;20.28
312;3;26;15.107;22.37
313;3;26;14.834;23.57
314;3;27;1.197;19.95
315;3;28;4.777;1.07
316;3;29;3.907;6.41
317;3;29;3.524;13.2
318;3;30;17.99;10.76
319;3;30;18.7;0.8
320;3;31;18.595;9.48
321;3;31;20.811;23.32
322;3;32;48.284;10.4
323;3;32;47.754;14.71
324;3;32;37.426;12.56
325;3;33;9.29;24.08
326;3;33;8.271;7.91
327;3;33;10.857;15.74
328;3;34;44.539;1.56
329;3;34;52.808;22.83
330;3;35;18.534;14.37
331;3;35;21.199;16.95
332;3;36;4.777;6.3
333;3;37;22.821;23.6
334;3;38;7.57;21.9
335;3;39;20.552;7.64
336;3;39;19.936;4.67
337;3;40;63.438;2.5
338;3;40;75.479;16.38
339;3;41;25.339;13.4
340;3;42;85.539;2.57
341;3;42;67.052;5.4
342;3;42;100.109;9.74
343;3;43;74.04;11.08
344;3;43;88.646;18.45
345;3;44;14.254;11.0
346;3;45;38.74;9.04
347;3;45;38.175;7.39
348;3;45;40.489;20.25
349;3;46;8.79;9.05
350;3;46;10.577;14.92
351;3;47;67.495;15.94
352;3;47;68.965;5.9
353;3;47;72.597;9.72
354;3;48;74.893;13.5
355;3;48;72.782;8.95
356;3;49;22.496;3.08
357;3;49;25.278;23.32
358;4;5;65.123;19.29
359;4;5;75.964;3.3
360;4;6;34.073;24.46
361;4;6;36.219;3.71
362;4;6;37.341;21.6
363;4;7;63.137;13.07
364;4;8;18.125;22.08
365;4;9;28.717;6.67
366;4;10;65.94;18.63
367;4;11;27.936;17.14
368;4;11;27.508;10.46
369;4;11;23.139;6.65
370;4;12;24.601;22.92
371;4;13;37.998;0.19
372;4;13;34.887;2.99
373;4;13;44.846;13.79
374;4;14;39.115;10.72
375;4;14;36.153;19.5
376;4;14;33.317;1.47
377;4;15;19.813;9.2
378;4;16;10.054;1.94
379;4;17;21.053;21.95
380;4;17;21.331;5.87
381;4;17;24.094;11.32
382;4;18;39.813;0.38
383;4;19;53.755;14.08
384;4;20;49.88;17.7
385;4;20;41.095;17.0
386;4;21;27.199;3.59
387;4;21;27.128;10.09
388;4;21;27.622;24.88
389;4;22;17.643;13.26
390;4;22;19.512;24.61
391;4;23;4.83;16.04
392;4;23;3.691;5.75
393;4;23;5.586;6.38
394;4;24;51.088;24.9
395;4;24;44.337;20.68
396;4;24;50.482;5.62
397;4;25;20.984;6.33
398;4;25;24.61;18.62
399;4;26;31.379;12.23
400;4;26;30.103;0.06
401;4;27;21.925;19.48
402;4;28;18.66;12.07
403;4;28;14.683;16.38
404;4;28;18.288;20.88
405;4;29;23.327;5.84
406;4;30;10.896;20.39
407;4;30;13.577;11.09
408;4;30;9.511;8.75
409;4;31;16.387;11.41
410;4;32;29.047;0.73
411;4;32;32.58;21.95
412;4;33;13.515;1.14
413;4;34;48.466;4.17
414;4;34;46.995;16.37
415;4;35;23.466;13.97
416;4;35;22.438;9.62
417;4;35;25.843;0.18
418;4;36;18.66;23.43
419;4;36;14.202;23.76
420;4;37;6.317;0.74
421;4;37;5.463;9.89
422;4;37;7.121;8.73
423;4;38;27.111;5.09
424;4;38;32.72;15.41
425;4;38;23.189;23.88
426;4;39;3.134;14.49
427;4;39;3.718;16.96
428;4;40;46.911;4.01
429;4;40;47.729;16.18
430;4;41;11.138;15.96
431;4;42;71.126;11.0
432;4;43;74.701;13.04
433;4;44;9.569;14.83
434;4;44;8.48;10.95
435;4;45;39.012;2.77
436;4;45;38.513;4.97
437;4;45;44.427;15.61
438;4;46;27.339;3.08
439;4;46;24.277;5.98
440;4;47;74.737;16.62
441;4;48;61.055;17.52
442;4;48;71.891;22.93
443;4;48;67.218;6.46
444;4;49;30.107;14.69
445;4;49;26.214;13.68
446;5;6;65.31;5.7
447;5;6;52.6;6.99
448;5;7;8.891;15.35
449;5;7;10.483;3.24
450;5;8;62.439;4.51
451;5;8;60.12;4.31
452;5;9;88.529;0.97
453;5;9;69.493;0.82
454;5;9;107.2;15.0
455;5;10;100.386;24.92
456;5;11;71.28;10.86
457;5;11;69.499;15.47
458;5;12;47.29;8.45
459;5;12;47.497;8.65
460;5;12;58.907;22.19
461;5;13;34.657;22.2
462;5;14;55.587;5.85
463;5;14;54.95;9.37
464;5;14;45.957;0.06
465;5;15;61.364;3.84
466;5;16;75.007;3.53
467;5;16;92.65;7.34
468;5;17;62.614;10.25
469;5;17;52.431;18.96
470;5;18;100.892;23.03
471;5;18;97.335;9.29
472;5;18;122.904;6.49
473;5;19;89.838;10.83
474;5;19;87.936;6.24
475;5;20;24.273;19.92
476;5;20;19.371;10.93
477;5;21;47.692;9.37
478;5;21;59.172;10.49
479;5;21;43.619;15.58
480;5;22;65.684;11.91
481;5;23;68.043;7.52
482;5;24;107.715;13.23
483;5;24;123.369;4.04
484;5;24;88.703;9.41
485;5;25;51.851;24.92
486;5;25;41.406;6.64
487;5;25;51.156;22.51
488;5;26;69.031;20.66
489;5;26;65.198;22.67
490;5;26;64.722;18.96
491;5;27;57.287;23.08
492;5;27;51.442;24.96
493;5;28;61.891;7.98
494;5;28;62.985;23.25
495;5;29;53.844;4.37
496;5;29;61.665;4.86
497;5;29;60.908;24.75
498;5;30;54.228;1.22
499;5;31;74.236;16.76
500;5;31;72.192;11.69
501;5;32;72.272;6.77
502;5;32;62.714;18.42
503;5;33;64.018;13.24
504;5;34;101.471;11.87
505;5;34;107.527;7.56
506;5;34;108.887;5.56
507;5;35;75.858;14.12
508;5;35;58.228;21.35
509;5;36;61.891;24.82
510;5;36;50.605;1.27
511;5;36;52.78;22.92
512;5;37;71.106;1.25
513;5;38;60.987;19.5
514;5;38;64.161;8.14
515;5;38;53.568;15.67
516;5;39;67.603;12.59
517;5;39;58.079;19.33
518;5;40;70.801;1.62
519;5;40;62.492;1.31
520;5;41;75.698;6.25
521;5;42;135.954;20.62
522;5;42;112.13;20.98
523;5;43;27.074;21.36
524;5;43;22.766;3.67
525;5;44;66.786;16.0
526;5;45;96.087;19.16
527;5;46;49.818;19.61
528;5;47;10.136;0.67
529;5;47;10.204;8.69
530;5;48;126.093;11.01
531;5;48;128.418;8.83
532;5;48;127.327;6.95
533;5;49;79.572;5.98
534;5;49;90.234;19.49
535;6;7;59.115;14.86
536;6;8;15.964;15.77
537;6;8;14.333;7.85
538;6;8;18.306;7.6
539;6;9;60.227;21.89
540;6;10;99.932;24.66
541;6;11;10.457;21.97
542;6;11;10.503;14.85
543;6;12;21.825;20.49
544;6;13;30.731;21.82
545;6;13;25.345;5.07
546;6;13;37.005;13.43
547;6;14;11.863;8.57
548;6;14;14.026;21.22
549;6;15;14.427;21.56
550;6;15;16.755;24.94
551;6;15;11.462;17.82
552;6;16;36.11;12.28
553;6;16;36.2;20.41
554;6;17;13.035;17.78
555;6;17;14.063;9.0
556;6;18;43.638;10.09
557;6;18;33.579;3.81
558;6;18;49.432;8.27
559;6;19;87.667;13.03
560;6;20;41.861;7.86
561;6;21;19.544;6.53
562;6;21;22.835;16.12
563;6;21;17.604;23.72
564;6;22;16.864;18.29
565;6;22;19.015;8.31
566;6;23;38.629;12.61
567;6;23;43.543;24.81
568;6;23;41.807;9.35
569;6;24;45.296;1.51
570;6;24;48.661;11.18
571;6;24;41.751;14.75
572;6;25;47.752;21.09
573;6;26;5.48;19.81
574;6;26;5.752;23.41
575;6;26;4.298;22.35
576;6;27;14.195;0.98
577;6;28;15.483;17.15
578;6;28;17.852;1.2
579;6;29;15.737;16.12
580;6;29;17.756;10.68
581;6;29;16.404;4.18
582;6;30;33.169;14.89
583;6;30;29.839;21.87
584;6;30;32.506;12.8
585;6;31;24.707;11.29
586;6;32;62.732;6.73
587;6;33;20.617;21.57
588;6;34;37.712;8.7
589;6;34;39.131;4.12
590;6;34;43.311;14.63
591;6;35;19.327;10.76
592;6;35;20.95;13.98
593;6;36;15.483;14.73
594;6;36;16.821;7.22
595;6;36;16.675;7.29
596;6;37;34.137;23.14
597;6;38;7.656;24.42
598;6;39;32.94;18.39
599;6;40;78.579;1.4
600;6;40;59.088;16.3
601;6;40;81.35;9.04
602;6;41;34.924;24.03
603;6;41;39.482;17.12
604;6;41;35.464;23.56
605;6;42;89.808;4.82
606;6;43;85.325;17.79
607;6;43;105.753;4.61
608;6;43;78.294;11.76
609;6;44;25.351;5.27
610;6;44;20.129;19.21
611;6;44;27.957;21.01
612;6;45;35.644;2.2
613;6;45;39.055;14.7
614;6;45;30.077;0.94
615;6;46;17.13;16.87
616;6;47;75.3;14.8
617;6;47;74.228;3.43
618;6;48;79.039;5.07
619;6;48;92.237;23.59
620;6;49;18.315;15.06
621;6;49;16.519;2.01
622;6;49;16.233;3.76
623;7;8;58.09;4.15
624;7;9;88.328;6.72
625;7;9;76.187;13.67
626;7;9;68.746;19.15
627;7;10;104.258;2.5
628;7;10;115.579;19.44
629;7;10;81.273;24.07
630;7;11;65.94;14.23
631;7;12;42.91;12.13
632;7;12;36.117;15.29
633;7;12;32.623;7.47
634;7;13;29.136;2.96
635;7;14;48.727;22.98
636;7;15;56.809;21.74
637;7;15;67.327;0.47
638;7;16;72.712;4.56
639;7;16;75.104;14.73
640;7;17;57.892;3.95
641;7;17;45.414;8.36
642;7;17;48.734;16.7
643;7;18;96.875;11.0
644;7;18;104.411;1.73
645;7;18;106.068;23.96
646;7;19;93.199;24.29
647;7;20;17.276;0.35
648;7;20;18.696;16.32
649;7;20;21.411;24.61
650;7;21;42.748;16.28
651;7;21;37.473;15.91
652;7;21;37.2;14.62
653;7;22;61.402;15.73
654;7;23;66.54;22.36
655;7;23;64.878;18.78
656;7;24;102.722;2.65
657;7;24;105.08;18.19
658;7;25;52.504;19.25
659;7;25;64.627;4.18
660;7;25;64.387;4.9
661;7;26;63.227;9.57
662;7;27;52.548;19.24
663;7;28;57.478;3.45
664;7;28;62.925;1.89
665;7;28;62.17;7.7
666;7;29;49.064;1.49
667;7;29;39.25;23.11
668;7;29;56.567;15.63
669;7;30;52.388;11.6
670;7;31;70.502;19.55
671;7;31;69.159;10.35
672;7;32;73.873;21.11
673;7;32;81.789;18.64
674;7;33;60.251;17.09
675;7;33;56.658;9.06
676;7;33;56.996;23.04
677;7;34;96.061;9.94
678;7;35;71.292;21.65
679;7;35;74.843;6.99
680;7;36;57.478;1.91
681;7;37;68.81;10.09
682;7;37;60.849;8.44
683;7;38;55.522;17.44
684;7;38;68.908;4.96
685;7;39;65.343;10.25
686;7;39;64.865;20.7
687;7;39;75.854;23.35
688;7;40;74.772;9.76
689;7;41;73.195;8.48
690;7;41;88.039;15.51
691;7;42;134.262;3.94
692;7;42;158.348;0.48
693;7;42;149.19;19.98
694;7;43;35.917;24.33
695;7;43;44.258;10.66
696;7;43;37.829;0.0
697;7;44;63.55;17.38
698;7;44;62.409;11.61
699;7;45;91.412;21.9
700;7;45;95.059;22.12
701;7;45;98.648;23.06
702;7;46;44.666;18.54
703;7;47;17.006;0.65
704;7;47;20.36;2.82
705;7;47;19.98;0.23
706;7;48;124.133;9.69
707;7;48;121.315;1.71
708;7;49;74.442;12.21
709;7;49;87.689;20.15
710;7;49;66.208;16.46
711;8;9;45.195;18.97
712;8;9;37.195;20.06
713;8;10;83.972;22.36
714;8;10;80.121;6.33
715;8;11;11.952;13.87
716;8;12;15.208;6.96
717;8;12;13.592;17.46
718;8;12;13.367;12.81
719;8;13;29.303;16.37
720;8;13;32.224;24.96
721;8;13;29.702;9.95
722;8;14;22.147;3.73
723;8;14;20.093;11.94
724;8;14;25.796;23.83
725;8;15;1.983;2.05
726;8;15;2.048;19.28
727;8;16;21.505;16.17
728;8;16;16.403;14.1
729;8;16;18.521;17.9
730;8;17;2.93;3.42
731;8;18;38.807;17.72
732;8;19;71.72;4.01
733;8;20;42.003;8.26
734;8;20;35.777;5.61
735;8;21;15.628;18.76
736;8;22;3.328;8.01
737;8;22;2.655;20.2
738;8;22;3.268;11.93
739;8;23;22.745;3.68
740;8;23;27.678;3.66
741;8;24;45.512;15.56
742;8;24;52.257;7.52
743;8;25;33.322;4.62
744;8;25;34.793;19.42
745;8;25;38.176;5.98
746;8;26;13.896;4.28
747;8;26;15.484;24.05
748;8;27;6.106;8.93
749;8;27;5.463;7.32
750;8;28;0.76;2.53
751;8;28;0.939;21.98
752;8;29;9.374;19.98
753;8;30;18.455;19.94
754;8;31;13.165;21.91
755;8;31;14.254;2.7
756;8;32;46.819;0.14
757;8;33;4.879;21.38
758;8;33;4.793;23.47
759;8;33;5.751;20.11
760;8;34;40.089;15.84
761;8;34;40.271;18.9
762;8;34;33.044;17.12
763;8;35;13.464;15.57
764;8;36;0.76;24.33
765;8;36;0.608;2.37
766;8;37;18.873;13.42
767;8;38;9.141;13.73
768;8;39;17.198;17.31
769;8;40;63.257;18.54
770;8;41;20.726;8.8
771;8;41;21.25;6.73
772;8;41;21.054;6.84
773;8;42;80.239;2.91
774;8;42;99.739;19.47
775;8;42;94.111;11.08
776;8;43;78.211;1.95
777;8;44;9.969;8.59
778;8;44;8.639;9.22
779;8;45;33.68;5.77
780;8;46;14.241;23.7
781;8;46;16.292;12.75
782;8;46;17.654;19.71
783;8;47;72.557;20.16
784;8;47;74.566;23.86
785;8;47;72.58;0.87
786;8;48;69.567;14.54
787;8;48;71.302;17.48
788;8;48;70.55;9.51
789;8;49;18.196;15.58
790;8;49;21.655;19.64
791;8;49;17.106;2.49
792;9;10;46.711;25.0
793;9;11;51.604;19.88
794;9;11;58.844;22.54
795;9;12;53.228;0.6
796;9;13;65.986;9.81
797;9;14;67.183;16.88
798;9;14;66.804;11.39
799;9;15;47.122;0.89
800;9;15;48.008;14.35
801;9;15;44.689;23.37
802;9;16;24.134;4.28
803;9;16;22.298;7.39
804;9;16;29.831;9.87
805;9;17;47.93;11.99
806;9;17;37.011;10.53
807;9;18;42.68;6.27
808;9;18;48.617;23.06
809;9;18;51.973;0.82
810;9;19;36.779;9.73
811;9;19;34.89;4.26
812;9;20;77.122;19.01
813;9;20;91.134;6.99
814;9;21;55.908;6.84
815;9;22;43.48;18.14
816;9;22;43.634;10.92
817;9;23;24.021;20.91
818;9;23;21.934;11.79
819;9;23;24.982;11.61
820;9;24;57.108;19.42
821;9;24;50.767;13.52
822;9;25;36.911;12.45
823;9;25;39.734;2.11
824;9;25;34.902;11.44
825;9;26;56.234;0.7
826;9;26;52.977;1.99
827;9;27;50.062;6.47
828;9;27;54.808;7.23
829;9;28;45.875;14.27
830;9;28;40.924;22.73
831;9;29;51.87;5.96
832;9;30;37.429;8.77
833;9;30;35.209;22.58
834;9;30;33.889;13.9
835;9;31;36.387;14.4
836;9;31;42.113;11.23
837;9;32;22.443;22.98
838;9;32;26.411;0.1
839;9;33;40.323;16.73
840;9;34;58.954;3.1
841;9;34;73.654;7.89
842;9;34;49.269;3.39
843;9;35;43.814;10.55
844;9;36;45.875;10.29
845;9;36;55.899;3.06
846;9;36;50.727;13.93
847;9;37;26.323;4.69
848;9;37;22.25;16.57
849;9;38;54.29;16.55
850;9;39;28.38;24.52
851;9;40;41.633;17.73
852;9;40;34.943;23.9
853;9;41;25.455;18.32
854;9;41;22.627;23.99
855;9;41;23.525;1.26
856;9;42;50.224;21.44
857;9;42;61.607;10.32
858;9;43;91.357;8.84
859;9;43;93.579;3.87
860;9;43;92.774;7.11
861;9;44;35.236;11.94
862;9;44;31.792;13.13
863;9;45;48.082;4.85
864;9;45;59.247;24.86
865;9;45;44.748;7.09
866;9;46;56.036;21.24
867;9;46;58.723;5.9
868;9;47;97.238;19.75
869;9;47;77.274;16.45
870;9;48;42.281;19.59
871;9;48;47.85;7.26
872;9;49;49.508;20.26
873;9;49;61.817;20.56
874;9;49;48.923;24.62
875;10;11;93.521;14.44
876;10;11;80.182;21.48
877;10;12;85.235;19.27
878;10;12;82.953;7.31
879;10;13;93.102;14.95
880;10;14;103.288;15.14
881;10;14;121.8;23.54
882;10;15;85.535;1.35
883;10;16;66.937;5.13
884;10;16;71.789;12.66
885;10;16;74.426;21.99
886;10;17;86.899;6.28
887;10;18;89.327;7.02
888;10;18;106.104;8.2
889;10;18;68.194;6.51
890;10;19;12.409;6.38
891;10;20;100.154;16.21
892;10;20;108.844;19.97
893;10;21;88.556;18.04
894;10;21;105.227;22.86
895;10;22;83.549;12.72
896;10;23;61.618;0.68
897;10;23;58.444;23.19
898;10;24;103.777;2.05
899;10;24;118.661;8.27
900;10;25;57.209;12.61
901;10;25;57.845;17.14
902;10;26;97.279;10.0
903;10;26;97.634;7.92
904;10;27;86.837;13.23
905;10;28;84.45;19.25
906;10;28;102.981;0.2
907;10;29;87.17;13.92
908;10;29;81.759;8.48
909;10;29;100.634;8.83
910;10;30;68.519;21.63
911;10;31;79.501;2.34
912;10;31;77.523;20.01
913;10;32;37.38;15.84
914;10;32;42.217;0.15
915;10;32;31.7;7.66
916;10;33;79.454;4.03
917;10;33;98.541;8.88
918;10;33;60.623;14.88
919;10;34;105.558;16.3
920;10;35;87.307;22.6
921;10;35;91.84;23.78
922;10;35;80.966;11.83
923;10;36;84.45;3.51
924;10;37;67.282;10.49
925;10;38;92.705;23.99
926;10;39;67.493;23.72
927;10;40;29.586;23.58
928;10;41;68.717;4.72
929;10;41;84.677;2.34
930;10;41;53.16;1.4
931;10;42;81.135;5.61
932;10;42;98.405;22.21
933;10;42;99.155;10.57
934;10;43;89.77;12.64
935;10;43;103.465;7.8
936;10;43;94.089;1.39
937;10;44;75.189;7.14
938;10;45;94.672;10.52
939;10;45;96.79;3.92
940;10;46;89.762;3.11
941;10;46;96.376;18.08
942;10;47;105.798;20.44
943;10;47;90.113;4.25
944;10;48;78.109;22.53
945;10;49;93.673;23.27
946;10;49;106.237;19.29
947;10;49;78.471;11.02
948;11;12;24.63;21.51
949;11;12;23.0;18.26
950;11;13;36.838;18.15
951;11;14;21.705;14.26
952;11;14;17.212;15.85
953;11;14;22.094;8.15
954;11;15;11.693;12.4
955;11;15;13.503;21.44
956;11;16;27.607;0.37
957;11;16;21.258;6.89
958;11;16;31.711;6.73
959;11;17;9.971;4.64
960;11;17;11.401;10.19
961;11;18;33.563;7.15
962;11;18;36.528;16.68
963;11;18;33.742;19.87
964;11;19;81.482;12.02
965;11;19;79.977;15.99
966;11;20;48.996;17.15
967;11;20;58.614;2.63
968;11;20;52.584;3.64
969;11;21;23.636;10.71
970;11;22;10.632;24.78
971;11;22;10.179;16.73
972;11;23;31.95;22.86
973;11;23;38.522;2.01
974;11;23;31.04;21.72
975;11;24;36.867;24.86
976;11;25;45.133;3.49
977;11;26;5.145;10.45
978;11;27;14.611;10.35
979;11;27;16.629;12.68
980;11;28;11.984;7.74
981;11;28;11.012;5.38
982;11;29;17.779;19.85
983;11;29;20.571;14.88
984;11;30;30.3;4.75
985;11;31;15.282;5.94
986;11;31;12.716;22.92
987;11;32;56.963;12.68
988;11;32;67.905;14.2
989;11;32;46.081;22.32
990;11;33;14.945;5.73
991;11;33;11.464;19.63
992;11;34;30.195;16.21
993;11;35;8.953;17.4
994;11;35;10.206;2.73
995;11;35;10.544;19.2
996;11;36;11.984;2.11
997;11;36;12.485;24.08
998;11;37;26.395;11.28
999;11;38;10.432;16.79
1000;11;39;26.057;13.22
1001;11;39;28.861;13.22
1002;11;40;74.426;9.19
1003;11;41;26.162;5.54
1004;11;41;26.773;18.9
1005;11;41;22.838;15.14
1006;11;42;79.351;18.89
1007;11;43;88.962;13.67
1008;11;43;108.756;9.64
1009;11;44;18.422;23.19
1010;11;44;17.866;15.81
1011;11;44;19.846;24.54
1012;11;45;26.19;15.82
1013;11;46;21.463;0.85
1014;11;46;16.27;5.68
1015;11;47;81.402;24.54
1016;11;47;66.317;20.75
1017;11;47;65.708;6.54
1018;11;48;68.582;15.89
1019;11;49;8.671;19.62
1020;11;49;8.82;24.99
1021;12;13;14.501;12.08
1022;12;14;18.996;1.05
1023;12;14;21.574;24.15
1024;12;14;17.724;12.47
1025;12;15;14.075;17.37
1026;12;15;17.1;1.75
1027;12;15;16.694;17.07
1028;12;16;32.326;12.02
1029;12;17;15.372;22.65
1030;12;18;53.966;8.54
1031;12;18;56.257;4.36
1032;12;18;53.447;11.98
1033;12;19;72.833;14.42
1034;12;20;27.178;7.99
1035;12;20;33.113;13.38
1036;12;20;22.878;22.33
1037;12;21;3.361;14.26
1038;12;21;3.559;12.02
1039;12;22;18.504;15.3
1040;12;23;29.21;12.2
1041;12;23;23.1;17.22
1042;12;24;60.469;9.86
1043;12;24;70.192;3.59
1044;12;25;29.022;18.63
1045;12;25;27.109;1.26
1046;12;25;32.548;9.61
1047;12;26;23.627;18.88
1048;12;27;10.121;0.4
1049;12;27;10.366;14.6
1050;12;27;11.716;22.94
1051;12;28;14.627;15.02
1052;12;28;17.939;5.76
1053;12;29;6.858;22.25
1054;12;29;5.842;5.09
1055;12;30;17.085;20.65
1056;12;30;13.193;7.28
1057;12;31;27.729;14.88
1058;12;32;48.168;21.93
1059;12;32;47.476;5.08
1060;12;33;17.568;12.35
1061;12;34;54.542;3.48
1062;12;35;28.573;20.55
1063;12;36;14.627;8.11
1064;12;36;14.365;12.02
1065;12;37;28.693;20.3
1066;12;37;33.552;14.5
1067;12;38;15.178;9.59
1068;12;39;25.644;14.04
1069;12;40;60.565;1.22
1070;12;40;47.31;21.27
1071;12;40;47.57;10.65
1072;12;41;32.276;7.14
1073;12;42;93.576;14.1
1074;12;43;64.423;24.62
1075;12;43;65.888;2.12
1076;12;44;21.551;24.12
1077;12;44;18.075;19.45
1078;12;44;24.839;15.5
1079;12;45;48.799;13.72
1080;12;45;60.799;21.14
1081;12;46;5.206;8.02
1082;12;47;57.419;21.73
1083;12;47;69.668;7.91
1084;12;48;83.075;1.13
1085;12;48;82.513;24.11
1086;12;49;32.509;5.51
1087;13;14;22.057;3.62
1088;13;14;22.761;0.5
1089;13;14;25.975;14.04
1090;13;15;27.879;2.68
1091;13;15;22.348;10.27
1092;13;16;46.477;13.54
1093;13;16;40.277;22.29
1094;13;17;28.859;24.61
1095;13;18;68.074;8.07
1096;13;19;80.897;7.67
1097;13;19;82.165;15.86
1098;13;19;88.434;3.31
1099;13;20;12.717;21.3
1100;13;20;10.543;14.24
1101;13;20;10.554;8.28
1102;13;21;13.725;12.0
1103;13;21;13.672;5.65
1104;13;22;32.631;1.22
1105;13;22;38.771;18.89
1106;13;23;42.271;6.26
1107;13;24;73.587;4.04
1108;13;25;35.955;9.73
1109;13;26;34.38;3.04
1110;13;26;26.463;18.31
1111;13;27;23.543;16.74
1112;13;27;18.159;4.94
1113;13;28;28.647;6.76
1114;13;28;29.614;7.74
1115;13;29;20.066;16.73
1116;13;29;17.048;11.9
1117;13;29;24.818;10.5
1118;13;30;28.594;16.63
1119;13;31;42.145;6.7
1120;13;32;57.399;6.5
1121;13;32;71.557;3.19
1122;13;32;50.985;2.4
1123;13;33;32.05;11.3
1124;13;33;26.412;3.7
1125;13;34;67.007;24.55
1126;13;34;68.348;23.6
1127;13;34;76.578;7.75
1128;13;35;42.272;23.6
1129;13;36;28.647;13.19
1130;13;36;28.81;2.87
1131;13;37;42.726;11.4
1132;13;37;41.841;14.04
1133;13;38;26.448;4.16
1134;13;38;32.63;7.38
1135;13;39;39.493;12.71
1136;13;40;66.005;4.52
1137;13;41;46.565;5.49
1138;13;42;107.971;24.15
1139;13;42;101.652;15.02
1140;13;43;55.48;5.48
1141;13;43;47.491;22.67
1142;13;44;36.011;12.72
1143;13;44;35.93;24.52
1144;13;45;62.314;6.99
1145;13;45;51.082;7.68
1146;13;46;15.541;5.36
1147;13;46;14.55;13.1
1148;13;46;12.996;7.92
1149;13;47;44.72;19.33
1150;13;47;52.052;9.66
1151;13;48;97.511;3.28
1152;13;48;84.348;10.61
1153;13;48;78.276;1.53
1154;13;49;45.309;3.33
1155;14;15;20.174;0.92
1156;14;16;43.651;10.4
1157;14;17;19.667;8.88
1158;14;17;23.713;12.64
1159;14;17;20.841;15.61
1160;14;18;55.244;12.58
1161;14;18;52.901;24.06
1162;14;19;90.886;15.92
1163;14;19;92.881;9.79
1164;14;19;88.46;20.42
1165;14;20;31.508;11.54
1166;14;20;39.051;13.53
1167;14;20;26.177;23.5
1168;14;21;15.711;17.56
1169;14;21;12.768;15.14
1170;14;21;17.846;10.85
1171;14;22;24.469;11.19
1172;14;22;19.628;7.09
1173;14;22;20.992;20.52
1174;14;23;43.935;7.13
1175;14;23;44.872;12.6
1176;14;24;57.121;1.42
1177;14;25;47.913;18.78
1178;14;25;59.434;18.73
1179;14;26;17.176;16.61
1180;14;26;18.182;9.39
1181;14;26;12.935;7.39
1182;14;27;17.206;2.24
1183;14;28;21.427;15.05
1184;14;28;24.154;8.74
1185;14;28;19.7;22.73
1186;14;29;16.168;22.48
1187;14;29;17.502;18.91
1188;14;30;34.798;17.02
1189;14;30;26.289;2.59
1190;14;30;28.207;21.71
1191;14;31;33.948;23.7
1192;14;32;65.942;20.69
1193;14;32;80.684;2.9
1194;14;33;26.949;21.62
1195;14;34;49.404;13.61
1196;14;34;50.525;1.02
1197;14;35;30.057;24.94
1198;14;35;30.925;6.1
1199;14;35;34.28;2.01
1200;14;36;21.427;14.74
1201;14;37;40.916;7.5
1202;14;37;37.187;11.87
1203;14;37;41.135;15.22
1204;14;38;13.506;23.85
1205;14;39;38.871;6.11
1206;14;39;35.719;22.91
1207;14;40;79.455;15.19
1208;14;40;99.195;17.21
1209;14;40;62.353;0.01
1210;14;41;42.835;9.0
1211;14;41;49.922;10.58
1212;14;42;100.562;4.6
1213;14;42;93.674;5.08
1214;14;43;77.535;24.43
1215;14;44;32.075;21.1
1216;14;44;27.713;19.6
1217;14;45;47.464;13.96
1218;14;45;44.651;9.32
1219;14;46;13.908;21.14
1220;14;47;65.351;20.13
1221;14;47;50.117;5.2
1222;14;48;89.796;22.69
1223;14;49;30.026;21.34
1224;15;16;23.479;6.27
1225;15;16;20.759;3.41
1226;15;17;1.755;15.23
1227;15;17;1.389;11.38
1228;15;18;40.197;4.86
1229;15;18;50.186;6.03
1230;15;19;73.254;6.85
1231;15;20;40.544;16.01
1232;15;21;14.157;13.7
1233;15;22;4.963;17.88
1234;15;22;4.603;6.66
1235;15;22;5.047;16.73
1236;15;23;24.494;8.38
1237;15;23;27.058;3.69
1238;15;23;25.82;1.51
1239;15;24;46.414;19.96
1240;15;24;57.688;3.89
1241;15;25;34.129;11.23
1242;15;25;36.547;4.48
1243;15;26;12.906;8.52
1244;15;26;14.048;9.41
1245;15;27;4.399;8.49
1246;15;27;4.539;19.21
1247;15;28;1.253;24.64
1248;15;28;1.396;4.79
1249;15;29;7.824;14.9
1250;15;29;9.687;5.66
1251;15;29;7.215;17.95
1252;15;30;19.289;22.68
1253;15;31;14.952;1.42
1254;15;31;14.693;0.34
1255;15;32;48.307;10.68
1256;15;33;6.801;24.94
1257;15;33;7.902;11.17
1258;15;34;40.704;19.92
1259;15;34;36.507;3.44
1260;15;35;14.514;6.46
1261;15;35;15.949;12.28
1262;15;35;15.802;22.8
1263;15;36;1.253;12.63
1264;15;36;1.035;10.74
1265;15;36;1.196;7.54
1266;15;37;20.804;10.43
1267;15;37;21.197;19.0
1268;15;38;7.314;12.15
1269;15;39;19.032;18.96
1270;15;40;64.413;20.23
1271;15;40;72.276;16.61
1272;15;40;65.693;14.28
1273;15;41;22.709;6.04
1274;15;42;82.095;13.9
1275;15;43;77.704;13.77
1276;15;43;67.052;17.1
1277;15;43;93.933;8.87
1278;15;44;11.916;16.19
1279;15;44;12.79;20.94
1280;15;45;34.729;21.7
1281;15;45;26.853;0.92
1282;15;45;33.733;6.28
1283;15;46;12.604;11.79
1284;15;46;13.425;19.04
1285;15;47;71.494;4.44
1286;15;48;71.411;11.97
1287;15;49;18.686;8.27
1288;16;17;24.083;18.27
1289;16;18;30.687;23.18
1290;16;18;31.291;0.28
1291;16;19;55.307;9.28
1292;16;19;68.542;11.1
1293;16;19;47.684;21.22
1294;16;20;58.771;5.82
1295;16;21;34.368;18.85
1296;16;22;19.469;14.75
1297;16;23;9.199;4.68
1298;16;24;43.017;8.94
1299;16;24;39.786;12.9
1300;16;25;29.997;4.34
1301;16;25;36.349;23.92
1302;16;26;32.128;8.65
1303;16;26;26.821;6.51
1304;16;26;39.723;10.9
1305;16;27;26.925;10.07
1306;16;27;26.595;2.38
1307;16;28;22.227;20.03
1308;16;28;17.204;5.59
1309;16;29;29.299;18.3
1310;16;29;23.871;3.14
1311;16;30;20.863;22.82
1312;16;31;12.681;15.34
1313;16;31;10.876;3.01
1314;16;31;10.329;10.83
1315;16;32;32.227;11.85
1316;16;32;29.843;8.21
1317;16;32;38.335;11.29
1318;16;33;16.748;0.03
1319;16;33;20.512;0.47
1320;16;33;17.354;18.11
1321;16;34;41.641;5.74
1322;16;35;20.445;20.4
1323;16;35;20.992;1.49
1324;16;35;19.159;11.26
1325;16;36;22.227;9.03
1326;16;37;3.909;6.28
1327;16;38;30.433;15.62
1328;16;39;7.406;1.58
1329;16;39;8.656;0.52
1330;16;39;7.703;11.86
1331;16;40;51.946;4.47
1332;16;40;41.06;14.32
1333;16;40;60.586;15.07
1334;16;41;1.897;6.5
1335;16;41;1.844;19.8
1336;16;41;2.03;18.15
1337;16;42;61.698;21.86
1338;16;42;52.847;1.21
1339;16;43;84.631;0.86
1340;16;43;95.283;14.96
1341;16;43;99.646;2.11
1342;16;44;11.648;6.48
1343;16;44;10.752;18.21
1344;16;44;13.99;24.5
1345;16;45;31.387;0.05
1346;16;45;31.031;16.69
1347;16;45;23.967;20.92
1348;16;46;33.929;10.13
1349;16;47;84.689;11.66
1350;16;48;51.44;18.7
1351;16;49;26.736;17.66
1352;17;18;39.311;13.06
1353;17;19;74.643;11.27
1354;17;20;41.462;14.16
1355;17;20;36.572;2.2
1356;17;21;15.151;11.9
1357;17;21;16.722;8.18
1358;17;21;13.122;11.74
1359;17;22;4.84;19.14
1360;17;22;3.804;24.68
1361;17;22;5.74;17.64
1362;17;23;25.659;19.94
1363;17;23;26.601;10.5
1364;17;23;25.075;10.89
1365;17;24;45.108;11.09
1366;17;25;35.845;0.6
1367;17;25;29.455;3.12
1368;17;25;43.813;9.8
1369;17;26;11.204;14.34
1370;17;26;12.777;12.23
1371;17;27;5.349;16.11
1372;17;27;4.98;20.02
1373;17;28;2.493;10.9
1374;17;28;2.115;5.13
1375;17;29;8.83;8.29
1376;17;29;8.313;17.28
1377;17;29;8.257;8.53
1378;17;30;20.993;1.06
1379;17;30;23.527;5.8
1380;17;31;14.722;2.51
1381;17;31;13.666;23.89
1382;17;31;12.948;6.94
1383;17;32;49.732;20.5
1384;17;32;54.748;3.42
1385;17;32;57.796;10.33
1386;17;33;7.711;22.0
1387;17;33;8.672;21.41
1388;17;34;39.235;1.6
1389;17;35;13.413;6.98
1390;17;35;12.652;20.91
1391;17;35;12.772;11.05
1392;17;36;2.493;2.17
1393;17;36;2.405;1.2
1394;17;37;21.618;20.17
1395;17;37;23.416;17.18
1396;17;38;6.364;2.8
1397;17;39;20.072;24.4
1398;17;39;21.886;13.17
1399;17;39;19.04;3.56
1400;17;40;66.028;3.39
1401;17;40;64.938;3.68
1402;17;40;66.608;3.43
1403;17;41;23.19;9.29
1404;17;42;81.893;21.64
1405;17;42;83.244;1.37
1406;17;42;66.65;22.07
1407;17;43;79.27;0.31
1408;17;44;12.704;13.21
1409;17;44;12.001;19.77
1410;17;45;33.542;13.93
1411;17;46;13.406;22.91
1412;17;46;15.548;24.76
1413;17;47;72.749;20.37
1414;17;48;71.18;17.99
1415;17;49;17.194;22.24
1416;18;19;79.353;1.62
1417;18;20;80.739;20.86
1418;18;20;63.688;19.27
1419;18;20;88.289;19.75
1420;18;21;54.354;20.94
1421;18;22;35.485;11.68
1422;18;23;39.886;22.87
1423;18;24;14.458;14.37
1424;18;24;15.486;2.78
1425;18;25;60.577;4.88
1426;18;26;38.17;5.16
1427;18;27;44.56;10.25
1428;18;27;38.003;5.86
1429;18;28;39.442;17.92
1430;18;29;48.019;1.27
1431;18;29;38.134;11.93
1432;18;29;49.649;22.88
1433;18;30;49.387;22.01
1434;18;30;49.702;2.83
1435;18;31;26.712;19.7
1436;18;32;60.114;23.72
1437;18;32;48.279;20.01
1438;18;32;51.215;2.16
1439;18;33;36.879;13.72
1440;18;33;36.898;14.92
1441;18;34;18.286;16.23
1442;18;34;22.076;10.59
1443;18;34;18.621;2.47
1444;18;35;26.038;8.25
1445;18;35;27.389;1.73
1446;18;35;30.419;15.2
1447;18;36;39.442;23.76
1448;18;37;33.698;24.79
1449;18;38;43.229;21.38
1450;18;38;32.987;14.84
1451;18;38;44.398;7.83
1452;18;39;36.695;19.24
1453;18;40;80.577;16.37
1454;18;41;29.078;1.32
1455;18;42;48.319;22.89
1456;18;42;38.693;18.58
1457;18;43;113.946;16.01
1458;18;43;108.993;4.14
1459;18;44;34.629;22.76
1460;18;44;38.205;3.19
1461;18;45;9.65;17.12
1462;18;46;52.714;10.86
1463;18;46;51.84;2.61
1464;18;47;110.95;6.0
1465;18;47;108.507;6.28
1466;18;47;109.393;21.86
1467;18;48;37.907;7.96
1468;18;48;41.397;12.15
1469;18;48;35.619;12.71
1470;18;49;25.336;1.83
1471;19;20;88.29;21.02
1472;19;21;76.152;4.05
1473;19;22;71.392;23.06
1474;19;22;84.581;24.29
1475;19;22;70.384;22.78
1476;19;23;49.535;21.55
1477;19;23;54.208;1.08
1478;19;23;41.9;18.73
1479;19;24;93.718;22.75
1480;19;24;111.283;16.32
1481;19;24;86.141;11.16
1482;19;25;44.955;23.47
1483;19;25;37.825;21.76
1484;19;25;38.802;10.48
1485;19;26;85.129;23.87
1486;19;27;74.479;10.61
1487;19;27;69.152;3.91
1488;19;28;72.184;11.57
1489;19;28;64.76;19.76
1490;19;29;74.775;6.75
1491;19;30;56.111;7.23
1492;19;30;69.148;18.92
1493;19;30;66.531;2.27
1494;19;31;67.74;16.88
1495;19;31;57.805;1.1
1496;19;32;25.01;21.19
1497;19;32;22.056;22.23
1498;19;33;67.256;24.9
1499;19;34;94.907;4.86
1500;19;35;75.54;3.09
1501;19;35;56.709;18.27
1502;19;36;72.184;24.16
1503;19;36;69.879;4.27
1504;19;37;55.399;1.54
1505;19;37;52.777;3.63
1506;19;38;80.393;18.1
1507;19;38;69.723;19.55
1508;19;38;72.262;22.8
1509;19;39;55.425;12.87
1510;19;40;19.736;18.86
1511;19;41;57.129;1.71
1512;19;42;77.043;15.31
1513;19;42;71.316;18.03
1514;19;42;80.3;20.53
1515;19;43;81.461;1.59
1516;19;43;81.755;18.59
1517;19;43;64.221;19.12
1518;19;44;63.095;14.93
1519;19;44;63.588;16.2
1520;19;44;55.818;11.91
1521;19;45;84.042;24.65
1522;19;45;74.303;21.88
1523;19;45;82.645;0.41
1524;19;46;77.353;24.55
1525;19;46;79.022;7.45
1526;19;47;95.848;18.58
1527;19;47;74.116;12.0
1528;19;48;72.524;20.68
1529;19;49;81.991;17.23
1530;20;21;26.392;13.47
1531;20;21;30.042;15.34
1532;20;21;30.616;9.29
1533;20;22;45.33;16.47
1534;20;23;53.889;5.38
1535;20;24;85.857;14.39
1536;20;24;83.102;19.76
1537;20;25;44.204;16.62
1538;20;26;46.073;2.58
1539;20;26;39.311;10.66
1540;20;26;52.176;21.11
1541;20;27;36.181;6.06
1542;20;27;32.713;3.76
1543;20;27;40.53;2.57
1544;20;28;41.339;4.72
1545;20;28;36.997;17.83
1546;20;28;43.391;16.91
1547;20;29;32.72;4.68
1548;20;29;31.408;2.2
1549;20;30;39.809;11.02
1550;20;30;37.675;3.19
1551;20;31;54.86;18.5
1552;20;31;47.455;19.9
1553;20;31;43.274;21.11
1554;20;32;66.17;16.8
1555;20;32;67.397;17.92
1556;20;33;44.744;3.12
1557;20;34;78.998;13.1
1558;20;34;97.056;1.44
1559;20;35;54.858;12.89
1560;20;35;45.069;16.73
1561;20;35;64.886;20.12
1562;20;36;41.339;8.37
1563;20;36;32.962;17.92
1564;20;36;33.573;4.51
1565;20;37;54.955;1.36
1566;20;37;55.155;1.42
1567;20;37;51.123;24.75
1568;20;38;38.565;12.57
1569;20;39;51.627;16.6
1570;20;39;46.908;2.94
1571;20;40;71.704;16.41
1572;20;41;58.969;20.79
1573;20;41;62.874;20.71
1574;20;42;120.412;10.06
1575;20;42;94.678;24.33
1576;20;42;105.178;2.13
1577;20;43;48.572;8.75
1578;20;44;48.598;3.43
1579;20;44;58.34;5.55
1580;20;44;37.046;0.15
1581;20;45;74.782;11.45
1582;20;45;57.938;19.91
1583;20;45;78.017;4.52
1584;20;46;28.068;23.61
1585;20;47;33.867;10.01
1586;20;47;30.541;0.49
1587;20;47;37.953;8.21
1588;20;48;110.013;14.52
1589;20;48;99.611;16.3
1590;20;48;97.403;5.85
1591;20;49;57.583;23.36
1592;21;22;18.951;4.9
1593;21;22;17.619;18.55
1594;21;23;31.901;3.32
1595;21;23;38.913;18.8
1596;21;23;32.686;20.97
1597;21;24;60.087;10.99
1598;21;24;72.375;19.78
1599;21;24;51.402;2.81
1600;21;25;32.378;11.7
1601;21;25;39.031;8.97
1602;21;25;30.494;9.36
1603;21;26;21.979;15.61
1604;21;26;25.987;24.65
1605;21;26;27.432;3.36
1606;21;27;9.821;11.08
1607;21;27;7.454;21.3
1608;21;27;9.886;23.56
1609;21;28;14.954;3.53
1610;21;28;11.855;2.04
1611;21;28;14.495;4.64
1612;21;29;6.341;4.44
1613;21;30;20.283;6.28
1614;21;31;28.634;11.13
1615;21;32;51.445;21.73
1616;21;32;48.133;22.63
1617;21;33;18.772;7.13
1618;21;33;18.429;7.94
1619;21;33;22.077;7.09
1620;21;34;53.797;15.5
1621;21;34;54.19;5.48
1622;21;35;28.563;14.11
1623;21;35;26.673;22.92
1624;21;35;29.852;17.02
1625;21;36;14.954;2.34
1626;21;36;13.458;22.67
1627;21;37;30.866;22.56
1628;21;37;27.834;8.11
1629;21;37;24.05;7.5
1630;21;38;13.583;2.37
1631;21;38;10.453;12.76
1632;21;38;15.336;6.69
1633;21;39;27.982;21.84
1634;21;39;28.267;2.02
1635;21;40;63.918;20.62
1636;21;41;34.163;2.06
1637;21;42;95.166;18.84
1638;21;42;83.845;4.57
1639;21;43;66.004;18.02
1640;21;44;23.195;19.46
1641;21;45;48.666;12.06
1642;21;46;2.415;22.65
1643;21;46;2.399;14.97
1644;21;46;2.819;23.02
1645;21;47;57.824;4.15
1646;21;47;70.18;11.36
1647;21;47;60.699;12.12
1648;21;48;84.59;10.79
1649;21;49;31.884;9.54
1650;21;49;27.24;9.15
1651;21;49;26.74;5.47
1652;22;23;21.973;17.76
1653;22;24;42.419;20.97
1654;22;25;34.637;15.79
1655;22;25;40.865;9.08
1656;22;26;13.737;10.45
1657;22;26;11.169;5.26
1658;22;27;9.332;13.72
1659;22;27;10.049;8.67
1660;22;28;4.002;17.22
1661;22;29;12.675;10.63
1662;22;29;13.396;18.01
1663;22;29;13.685;2.72
1664;22;30;19.896;1.4
1665;22;31;10.001;13.03
1666;22;32;46.665;19.59
1667;22;32;55.696;17.72
1668;22;32;45.417;2.72
1669;22;33;4.319;23.53
1670;22;33;4.494;0.89
1671;22;33;4.811;4.25
1672;22;34;37.246;12.89
1673;22;35;10.358;19.31
1674;22;35;11.417;18.82
1675;22;35;12.133;17.77
1676;22;36;4.002;5.02
1677;22;36;4.888;13.22
1678;22;37;17.282;24.92
1679;22;38;11.037;16.63
1680;22;38;13.571;22.39
1681;22;39;16.173;5.73
1682;22;39;15.559;14.06
1683;22;40;63.818;6.6
1684;22;40;50.986;17.78
1685;22;40;60.554;17.9
1686;22;41;18.477;18.05
1687;22;41;14.55;16.55
1688;22;42;77.172;1.38
1689;22;43;81.072;6.6
1690;22;43;94.442;9.93
1691;22;44;8.507;14.51
1692;22;45;30.501;1.35
1693;22;46;17.518;12.7
1694;22;47;75.795;1.7
1695;22;47;59.079;11.99
1696;22;48;66.476;24.8
1697;22;48;62.161;8.48
1698;22;48;54.449;17.9
1699;22;49;15.608;5.91
1700;22;49;18.442;10.5
1701;23;24;52.055;8.17
1702;23;25;20.896;24.85
1703;23;26;35.678;17.72
1704;23;26;41.529;21.96
1705;23;26;31.747;20.06
1706;23;27;26.738;7.3
1707;23;27;27.329;8.3
1708;23;27;28.921;4.94
1709;23;28;23.314;20.67
1710;23;28;24.786;11.28
1711;23;29;28.152;1.9
1712;23;30;14.211;18.07
1713;23;30;13.515;2.42
1714;23;31;19.038;2.21
1715;23;31;20.02;22.87
1716;23;32;25.157;18.31
1717;23;33;18.012;19.58
1718;23;33;15.843;4.45
1719;23;34;50.209;24.6
1720;23;34;43.845;15.11
1721;23;34;40.405;13.18
1722;23;35;26.6;21.06
1723;23;35;23.714;5.16
1724;23;36;23.314;23.53
1725;23;37;6.816;23.35
1726;23;37;6.89;12.77
1727;23;37;8.193;10.89
1728;23;38;31.806;19.68
1729;23;39;5.893;0.92
1730;23;39;6.938;24.73
1731;23;39;5.822;22.59
1732;23;40;43.898;2.18
1733;23;40;33.902;17.18
1734;23;40;52.542;21.93
1735;23;41;10.87;7.31
1736;23;42;67.919;15.81
1737;23;42;62.196;19.2
1738;23;43;76.063;19.03
1739;23;44;13.572;9.82
1740;23;44;10.485;4.51
1741;23;44;12.723;1.7
1742;23;45;40.246;18.11
1743;23;46;32.115;13.03
1744;23;46;37.835;21.15
1745;23;47;77.466;22.48
1746;23;47;62.291;21.69
1747;23;48;58.086;21.93
1748;23;49;33.232;2.53
1749;23;49;36.021;1.37
1750;24;25;72.069;2.68
1751;24;26;40.279;19.36
1752;24;27;50.429;12.16
1753;24;28;45.992;17.02
1754;24;29;53.875;9.58
1755;24;29;46.697;24.75
1756;24;30;59.458;22.92
1757;24;30;73.899;9.91
1758;24;30;58.751;12.12
1759;24;31;35.811;19.03
1760;24;32;73.841;7.28
1761;24;33;44.999;4.58
1762;24;33;42.81;13.36
1763;24;34;8.742;20.96
1764;24;34;9.712;18.86
1765;24;34;7.924;4.93
1766;24;35;32.067;24.16
1767;24;36;45.992;8.47
1768;24;37;45.434;2.31
1769;24;37;54.946;14.45
1770;24;37;47.77;20.13
1771;24;38;47.294;8.49
1772;24;38;40.785;24.17
1773;24;39;47.972;6.67
1774;24;39;43.897;0.06
1775;24;39;46.776;9.03
1776;24;40;94.2;22.08
1777;24;41;41.229;15.27
1778;24;41;31.466;17.23
1779;24;41;49.556;6.05
1780;24;42;56.499;3.08
1781;24;43;123.244;7.05
1782;24;43;111.569;23.7
1783;24;44;44.149;12.91
1784;24;44;39.748;24.76
1785;24;45;12.233;19.96
1786;24;45;11.291;14.81
1787;24;46;58.075;21.86
1788;24;46;46.868;21.8
1789;24;47;117.851;5.15
1790;24;47;91.853;6.21
1791;24;48;47.077;18.31
1792;24;48;46.661;14.54
1793;24;49;28.285;18.91
1794;25;26;47.035;19.17
1795;25;26;51.13;11.67
1796;25;27;33.564;1.29
1797;25;28;33.457;14.72
1798;25;29;32.66;3.16
1799;25;30;14.867;17.58
1800;25;31;36.875;13.41
1801;25;31;33.6;12.3
1802;25;32;21.975;20.52
1803;25;32;17.825;14.6
1804;25;33;30.463;7.78
1805;25;33;30.951;23.62
1806;25;34;69.188;18.66
1807;25;34;64.668;16.97
1808;25;35;43.091;17.57
1809;25;36;33.457;3.33
1810;25;36;39.721;21.96
1811;25;37;26.892;23.85
1812;25;37;27.52;21.02
1813;25;37;24.051;23.4
1814;25;38;40.097;10.49
1815;25;39;24.109;3.11
1816;25;39;25.205;9.84
1817;25;40;31.549;11.03
1818;25;40;34.585;16.1
1819;25;41;31.517;12.42
1820;25;41;38.543;5.98
1821;25;42;85.958;7.79
1822;25;42;91.129;1.32
1823;25;43;55.85;22.28
1824;25;43;50.843;22.04
1825;25;44;28.902;19.8
1826;25;44;35.391;14.45
1827;25;44;24.341;3.96
1828;25;45;59.967;6.68
1829;25;45;72.096;21.85
1830;25;45;52.792;7.04
1831;25;46;34.007;3.82
1832;25;46;36.984;16.96
1833;25;46;39.915;23.0
1834;25;47;60.354;22.35
1835;25;47;69.773;8.4
1836;25;47;70.698;1.0
1837;25;48;76.827;14.14
1838;25;48;91.59;0.6
1839;25;48;81.976;8.32
1840;25;49;49.491;3.58
1841;25;49;39.133;11.55
1842;26;27;14.37;11.28
1843;26;28;13.646;22.03
1844;26;28;14.721;14.27
1845;26;29;16.91;8.61
1846;26;29;15.701;20.36
1847;26;30;32.193;21.69
1848;26;30;27.832;17.93
1849;26;30;28.412;15.87
1850;26;31;20.129;12.09
1851;26;32;60.382;17.29
1852;26;32;59.053;20.6
1853;26;33;17.927;8.69
1854;26;34;32.99;4.59
1855;26;35;14.098;5.34
1856;26;35;17.282;4.64
1857;26;35;17.02;21.79
1858;26;36;13.646;9.72
1859;26;37;30.572;18.46
1860;26;37;25.441;2.51
1861;26;38;8.456;4.55
1862;26;39;29.834;2.78
1863;26;40;77.149;12.62
1864;26;41;30.787;12.9
1865;26;41;34.925;24.2
1866;26;41;29.132;21.36
1867;26;42;84.405;4.1
1868;26;42;92.367;24.32
1869;26;43;87.947;0.58
1870;26;44;22.127;1.05
1871;26;45;30.294;18.69
1872;26;45;26.416;9.99
1873;26;45;25.675;10.38
1874;26;46;19.625;22.05
1875;26;47;79.1;0.96
1876;26;47;68.444;4.75
1877;26;47;92.411;16.49
1878;26;48;73.64;23.57
1879;26;49;12.868;5.0
1880;26;49;13.452;10.42
1881;26;49;15.373;5.26
1882;27;28;5.368;23.32
1883;27;29;3.485;15.37
1884;27;30;19.096;18.99
1885;27;30;17.541;14.21
1886;27;30;19.066;16.31
1887;27;31;19.269;23.27
1888;27;32;49.469;9.82
1889;27;32;37.827;10.0
1890;27;32;42.384;6.39
1891;27;33;10.255;7.25
1892;27;33;12.653;22.71
1893;27;33;7.805;18.14
1894;27;34;44.421;14.5
1895;27;34;34.0;13.69
1896;27;35;18.747;24.12
1897;27;36;5.368;16.4
1898;27;37;23.918;3.23
1899;27;37;29.604;24.6
1900;27;38;6.555;21.29
1901;27;38;6.176;18.71
1902;27;38;6.841;14.04
1903;27;39;21.699;10.18
1904;27;40;64.545;10.46
1905;27;40;52.313;6.81
1906;27;41;26.341;7.56
1907;27;42;86.326;21.05
1908;27;42;68.351;10.89
1909;27;43;74.351;17.86
1910;27;43;92.198;17.94
1911;27;44;15.282;22.44
1912;27;45;38.89;4.74
1913;27;46;8.204;9.34
1914;27;46;9.008;7.4
1915;27;47;67.423;11.44
1916;27;47;71.728;15.71
1917;27;47;58.787;8.73
1918;27;48;75.663;7.2
1919;27;48;91.984;14.21
1920;27;49;22.391;12.11
1921;27;49;27.71;3.62
1922;28;29;8.673;2.24
1923;28;29;9.746;14.61
1924;28;29;9.868;11.21
1925;28;30;18.593;11.65
1926;28;31;13.901;16.98
1927;28;31;16.517;14.92
1928;28;32;47.259;17.59
1929;28;32;57.127;17.95
1930;28;33;5.552;24.93
1931;28;33;5.203;20.84
1932;28;33;6.531;8.86
1933;28;34;40.469;9.81
1934;28;35;13.977;17.56
1935;28;35;15.748;9.0
1936;28;35;15.338;5.17
1937;28;36;0.0;11.64
1938;28;37;19.555;2.97
1939;28;37;23.83;18.42
1940;28;37;23.88;9.77
1941;28;38;8.515;21.23
1942;28;39;17.815;0.46
1943;28;40;63.546;8.13
1944;28;41;21.465;10.98
1945;28;42;80.991;19.04
1946;28;42;75.213;11.34
1947;28;42;79.502;2.86
1948;28;43;77.853;15.41
1949;28;44;10.664;13.74
1950;28;44;11.561;8.18
1951;28;45;34.206;18.54
1952;28;45;30.96;23.65
1953;28;45;42.376;13.36
1954;28;46;13.526;22.36
1955;28;46;14.13;1.38
1956;28;47;72.013;19.95
1957;28;47;62.618;7.31
1958;28;48;70.317;17.63
1959;28;49;18.52;22.74
1960;28;49;21.189;13.77
1961;29;30;18.795;18.81
1962;29;30;16.49;2.91
1963;29;30;16.732;9.69
1964;29;31;22.496;3.46
1965;29;31;25.08;2.2
1966;29;32;49.804;20.06
1967;29;33;12.986;22.69
1968;29;33;11.592;15.37
1969;29;34;47.772;6.25
1970;29;34;54.172;19.33
1971;29;35;22.231;12.01
1972;29;36;8.673;2.67
1973;29;36;7.149;13.56
1974;29;37;26.058;8.04
1975;29;38;8.545;3.77
1976;29;38;6.469;10.25
1977;29;38;10.316;14.9
1978;29;39;23.529;21.26
1979;29;39;22.425;17.2
1980;29;39;28.381;23.54
1981;29;40;63.996;18.22
1982;29;41;28.877;9.82
1983;29;41;23.325;0.27
1984;29;41;30.814;8.4
1985;29;42;89.367;21.25
1986;29;42;70.766;0.27
1987;29;43;71.269;17.52
1988;29;43;83.383;5.61
1989;29;43;71.263;16.46
1990;29;44;17.776;11.04
1991;29;45;42.369;18.85
1992;29;46;4.897;5.82
1993;29;47;63.98;15.28
1994;29;47;54.837;4.04
1995;29;47;70.549;16.5
1996;29;48;78.737;7.9
1997;29;48;63.606;14.4
1998;29;49;25.77;18.49
1999;29;49;30.496;23.25
2000;29;49;25.09;12.21
2001;30;31;23.653;17.06
2002;30;32;31.245;15.86
2003;30;32;29.549;1.65
2004;30;32;33.012;11.1
2005;30;33;15.85;7.36
2006;30;33;19.129;16.49
2007;30;34;55.681;24.62
2008;30;34;55.98;13.83
2009;30;34;66.692;1.23
2010;30;35;28.942;4.26
2011;30;36;18.593;17.55
2012;30;37;17.0;10.35
2013;30;37;16.733;23.54
2014;30;38;25.527;15.08
2015;30;39;13.514;7.53
2016;30;39;16.378;12.78
2017;30;39;14.342;23.31
2018;30;40;45.45;14.72
2019;30;40;48.097;3.75
2020;30;40;42.603;9.83
2021;30;41;21.734;9.3
2022;30;41;19.046;4.6
2023;30;42;81.921;14.43
2024;30;42;75.823;19.5
2025;30;43;64.575;13.35
2026;30;44;15.322;18.95
2027;30;44;17.457;13.26
2028;30;45;47.226;23.57
2029;30;45;35.498;11.52
2030;30;45;38.917;24.05
2031;30;46;21.285;18.62
2032;30;46;21.953;17.54
2033;30;47;63.847;4.03
2034;30;47;59.514;23.94
2035;30;47;56.914;12.43
2036;30;48;71.915;7.04
2037;30;48;88.928;20.49
2038;30;49;35.108;19.01
2039;31;32;44.0;1.75
2040;31;33;10.257;4.99
2041;31;33;12.197;20.92
2042;31;34;32.318;13.64
2043;31;35;7.807;21.83
2044;31;35;6.889;19.75
2045;31;36;13.901;3.74
2046;31;37;12.476;6.57
2047;31;37;14.045;20.32
2048;31;37;10.982;11.08
2049;31;38;20.46;21.44
2050;31;39;13.57;17.16
2051;31;40;62.912;15.37
2052;31;41;11.061;17.49
2053;31;41;10.958;24.87
2054;31;42;67.181;23.62
2055;31;42;63.097;0.81
2056;31;43;87.714;7.69
2057;31;44;8.338;1.72
2058;31;45;23.578;23.26
2059;31;45;29.194;10.12
2060;31;45;26.723;0.67
2061;31;46;27.385;17.17
2062;31;46;31.508;1.54
2063;31;46;24.129;16.8
2064;31;47;84.272;11.59
2065;31;48;56.479;7.47
2066;31;49;14.3;20.45
2067;31;49;10.861;21.51
2068;31;49;12.693;11.4
2069;32;33;42.459;18.89
2070;32;33;33.984;10.18
2071;32;33;33.876;8.66
2072;32;34;73.551;22.14
2073;32;34;59.381;12.15
2074;32;34;82.68;3.31
2075;32;35;51.688;4.52
2076;32;35;41.755;21.44
2077;32;35;63.807;17.64
2078;32;36;47.259;8.71
2079;32;36;46.519;18.15
2080;32;37;31.525;11.68
2081;32;37;28.748;17.7
2082;32;38;55.408;19.75
2083;32;39;31.01;6.65
2084;32;40;20.49;20.08
2085;32;40;22.54;8.32
2086;32;40;24.561;19.64
2087;32;41;34.121;9.79
2088;32;41;31.264;23.92
2089;32;42;72.184;3.83
2090;32;42;58.825;4.35
2091;32;43;70.88;7.87
2092;32;43;85.235;3.45
2093;32;44;38.546;0.57
2094;32;45;62.956;9.13
2095;32;45;70.07;0.61
2096;32;46;52.529;5.96
2097;32;47;79.928;5.37
2098;32;47;80.316;7.78
2099;32;48;64.662;6.89
2100;32;48;49.726;6.01
2101;32;49;58.284;13.26
2102;32;49;60.162;6.77
2103;32;49;68.151;23.68
2104;33;34;40.393;6.03
2105;33;35;13.365;9.52
2106;33;36;5.552;15.35
2107;33;36;5.486;6.74
2108;33;36;5.771;6.48
2109;33;37;14.003;20.69
2110;33;37;13.098;4.03
2111;33;37;15.787;9.87
2112;33;38;14.015;0.7
2113;33;39;12.365;2.41
2114;33;40;59.499;7.93
2115;33;40;50.677;12.98
2116;33;41;16.093;13.27
2117;33;41;17.562;19.45
2118;33;41;19.758;23.69
2119;33;42;76.432;6.0
2120;33;43;78.248;7.12
2121;33;44;5.126;24.2
2122;33;44;4.897;15.73
2123;33;45;32.873;11.19
2124;33;45;30.671;18.62
2125;33;46;17.836;18.07
2126;33;46;17.454;7.0
2127;33;47;74.072;21.75
2128;33;48;65.832;5.32
2129;33;48;72.001;19.07
2130;33;48;66.378;11.96
2131;33;49;19.29;20.54
2132;34;35;27.044;4.32
2133;34;35;30.692;0.27
2134;34;35;22.046;22.65
2135;34;36;40.469;7.5
2136;34;36;40.139;15.97
2137;34;36;49.887;2.68
2138;34;37;43.406;15.76
2139;34;37;49.715;22.86
2140;34;37;36.703;17.14
2141;34;38;40.559;20.67
2142;34;39;45.454;18.56
2143;34;40;93.557;14.07
2144;34;40;76.949;10.3
2145;34;40;104.901;7.65
2146;34;41;39.76;12.3
2147;34;41;31.598;7.11
2148;34;41;30.767;9.48
2149;34;42;64.246;7.45
2150;34;42;70.917;20.26
2151;34;42;75.449;6.5
2152;34;43;118.293;8.04
2153;34;43;126.672;12.06
2154;34;44;40.47;15.53
2155;34;45;10.886;15.42
2156;34;45;12.62;9.01
2157;34;46;51.654;17.61
2158;34;46;55.406;10.28
2159;34;46;40.13;20.84
2160;34;47;111.595;6.33
2161;34;48;54.44;4.03
2162;34;48;67.994;21.68
2163;34;49;22.042;6.94
2164;34;49;18.448;21.5
2165;35;36;13.977;13.92
2166;35;37;20.207;21.45
2167;35;37;15.897;16.3
2168;35;38;17.313;15.08
2169;35;39;20.912;17.18
2170;35;40;70.322;4.3
2171;35;40;65.009;9.14
2172;35;40;78.74;10.06
2173;35;41;18.76;3.62
2174;35;42;70.59;19.99
2175;35;43;91.381;19.11
2176;35;44;14.274;13.92
2177;35;44;15.425;10.09
2178;35;45;20.231;21.4
2179;35;46;26.79;22.65
2180;35;47;85.984;18.86
2181;35;47;84.586;5.81
2182;35;48;59.819;13.44
2183;35;48;48.911;12.69
2184;35;49;6.651;15.86
2185;35;49;5.356;18.0
2186;36;37;19.555;3.27
2187;36;38;8.515;1.65
2188;36;38;9.454;23.04
2189;36;38;7.28;16.99
2190;36;39;17.815;1.33
2191;36;40;63.546;17.35
2192;36;40;50.412;17.26
2193;36;40;58.927;20.08
2194;36;41;21.465;15.15
2195;36;42;80.991;19.56
2196;36;42;91.658;10.25
2197;36;42;76.017;1.32
2198;36;43;77.853;14.28
2199;36;44;10.664;22.2
2200;36;44;8.388;21.34
2201;36;44;9.365;11.1
2202;36;45;34.206;18.13
2203;36;46;13.526;21.81
2204;36;46;13.248;22.46
2205;36;47;72.013;9.53
2206;36;47;64.025;10.88
2207;36;48;70.317;8.34
2208;36;49;18.52;11.41
2209;37;38;27.973;16.9
2210;37;38;32.123;7.07
2211;37;39;3.504;10.76
2212;37;39;2.711;7.96
2213;37;39;3.641;13.17
2214;37;40;50.638;6.05
2215;37;40;38.911;10.97
2216;37;40;54.433;20.63
2217;37;41;4.821;16.93
2218;37;42;65.566;15.21
2219;37;43;81.016;21.3
2220;37;43;62.501;17.65
2221;37;44;8.916;4.35
2222;37;44;7.986;1.87
2223;37;45;33.527;24.12
2224;37;45;35.611;24.94
2225;37;46;30.565;17.74
2226;37;46;23.098;7.92
2227;37;47;80.801;17.96
2228;37;47;80.654;19.55
2229;37;47;69.355;13.3
2230;37;48;55.334;10.21
2231;37;49;26.77;21.5
2232;38;39;26.329;0.36
2233;38;40;70.959;1.13
2234;38;40;86.87;14.07
2235;38;41;29.502;20.94
2236;38;42;87.336;18.43
2237;38;43;79.5;22.59
2238;38;43;96.327;22.12
2239;38;43;69.553;18.8
2240;38;44;19.057;24.84
2241;38;44;20.048;8.55
2242;38;45;36.426;2.87
2243;38;45;37.563;0.77
2244;38;46;11.276;16.76
2245;38;46;11.555;21.12
2246;38;46;11.031;17.85
2247;38;47;71.094;15.18
2248;38;47;80.908;20.79
2249;38;48;76.585;3.52
2250;38;48;82.737;19.11
2251;38;48;62.342;15.78
2252;38;49;19.04;2.44
2253;38;49;14.381;15.56
2254;38;49;20.929;20.23
2255;39;40;49.42;14.88
2256;39;40;46.989;23.36
2257;39;41;8.231;24.42
2258;39;42;68.988;9.55
2259;39;42;79.602;6.38
2260;39;43;77.694;9.59
2261;39;43;87.395;11.31
2262;39;44;7.708;5.59
2263;39;44;5.996;20.98
2264;39;44;8.865;3.18
2265;39;45;35.914;5.34
2266;39;45;27.316;1.63
2267;39;46;27.854;14.72
2268;39;47;77.298;12.46
2269;39;48;58.791;0.73
2270;39;48;62.044;11.39
2271;39;49;27.562;21.52
2272;39;49;27.974;7.16
2273;39;49;25.82;6.78
2274;40;41;53.837;0.76
2275;40;41;47.916;16.46
2276;40;42;89.19;16.14
2277;40;43;61.781;11.32
2278;40;44;56.41;3.45
2279;40;44;50.95;9.83
2280;40;45;83.108;2.41
2281;40;45;90.672;13.19
2282;40;45;75.485;16.78
2283;40;46;65.552;4.54
2284;40;46;64.012;16.64
2285;40;47;76.384;24.65
2286;40;47;63.87;21.99
2287;40;47;69.931;2.82
2288;40;48;82.793;22.54
2289;40;48;101.457;24.7
2290;40;49;76.973;24.81
2291;41;42;61.443;12.52
2292;41;43;85.837;1.96
2293;41;43;100.874;5.27
2294;41;43;78.53;22.4
2295;41;44;11.104;0.77
2296;41;44;13.649;17.94
2297;41;44;12.791;22.58
2298;41;45;29.543;3.09
2299;41;45;28.136;21.56
2300;41;45;28.898;12.17
2301;41;46;33.594;21.73
2302;41;46;27.77;23.34
2303;41;47;85.443;0.8
2304;41;47;88.26;9.85
2305;41;48;51.081;15.51
2306;41;49;24.972;22.33
2307;41;49;22.56;24.82
2308;42;43;141.354;10.13
2309;42;43;176.057;0.68
2310;42;43;108.161;7.02
2311;42;44;72.04;15.21
2312;42;44;78.561;21.33
2313;42;45;57.932;19.2
2314;42;45;50.748;20.47
2315;42;45;68.442;8.98
2316;42;46;94.249;23.08
2317;42;46;93.333;22.3
2318;42;46;102.098;9.71
2319;42;47;145.288;5.15
2320;42;47;119.834;23.76
2321;42;48;10.772;1.24
2322;42;48;11.751;9.28
2323;42;49;72.243;7.6
2324;42;49;77.455;10.75
2325;43;44;79.476;13.5
2326;43;45;111.086;24.23
2327;43;46;68.393;3.16
2328;43;47;23.74;9.58
2329;43;47;21.576;15.83
2330;43;48;132.536;9.73
2331;43;48;118.586;1.39
2332;43;48;156.916;4.01
2333;43;49;96.367;13.82
2334;43;49;91.774;2.07
2335;43;49;89.944;23.63
2336;44;45;31.916;17.65
2337;44;45;38.246;18.08
2338;44;45;32.261;24.71
2339;44;46;22.519;10.67
2340;44;46;25.154;4.41
2341;44;47;76.741;8.77
2342;44;47;65.041;3.67
2343;44;47;83.68;11.47
2344;44;48;61.524;21.33
2345;44;48;72.179;3.28
2346;44;49;20.827;8.24
2347;45;46;46.776;19.85
2348;45;46;40.667;9.51
2349;45;47;106.214;23.86
2350;45;47;115.401;13.28
2351;45;47;99.401;11.02
2352;45;48;47.554;5.89
2353;45;48;48.763;5.09
2354;45;49;17.549;15.7
2355;46;47;59.941;17.12
2356;46;47;70.585;11.95
2357;46;47;49.754;21.65
2358;46;48;83.626;1.58
2359;46;49;29.82;0.12
2360;47;48;135.552;11.97
2361;47;48;163.817;0.47
2362;47;48;133.891;14.1
2363;47;49;89.706;2.91
2364;47;49;102.183;2.71
2365;47;49;90.304;12.33
2366;48;49;61.52;0.2
2367;48;49;75.856;15.38
