VERTEX_COUNT 50
PATH_COUNT 1
BUDGET 240
<------------ VERTICES ------------>
0;START;41.374834;2.170055;0.0;0.0
1;Museu Nacional d’Art de Catalunya;41.36882;2.153347;45.0;83.38
2;Galeria d’Art Mar Grup Escolà;41.392349;2.167836;45.0;82.18
3;Arts Santa Mònica;41.37722;2.176012;45.0;81.22
4;Lorena Ruiz de Villa;41.397858;2.146705;45.0;80.0
5;Museu d’Història de Catalunya - MHC;41.380852;2.185799;45.0;77.55
6;Barcelona;41.389034;2.16137;45.0;77.37
7;Imaginart Gallery;41.393822;2.164627;45.0;76.87
8;Parc de Diagonal Mar;41.407215;2.214539;45.0;76.12
9;L’Aquàrium;41.376625;2.184117;45.0;75.51
10;Platja de la Nova Mar Bella;41.40205;2.21529;45.0;71.36
11;Atelier;41.407719;2.158233;45.0;71.15
12;Contrast;41.387928;2.161469;45.0;69.52
13;Carles Taché;41.389851;2.164213;45.0;67.88
14;Avinguda d’Icària;41.391556;2.197416;45.0;66.07
15;Museu Picasso;41.385181;2.180863;45.0;65.74
16;Parc de la Ciutadella;41.389248;2.186548;45.0;65.4
17;Galeria Mayoral;41.389542;2.163808;45.0;65.14
18;Platja de la Barceloneta;41.379158;2.192717;45.0;64.82
19;Museu Palmero;41.424667;2.139856;45.0;64.64
20;Museu Frederic Marès;41.384178;2.176819;45.0;64.16
21;Piramidon Centre d’Art Contemporani;41.422626;2.209764;45.0;63.49
22;Basilica of the Sagrada Família;41.403568;2.174435;45.0;63.43
23;La Colmena;41.383835;2.178294;45.0;63.29
24;Basilica of Sants Just i Pastor;41.382812;2.178195;45.0;63.26
25;Parc de la Creueta del Coll;41.41935;2.146432;45.0;62.85
26;Despair;41.387653;2.188076;45.0;62.82
27;Anella Olímpica(Olympic Park);41.364778;2.152575;45.0;61.04
28;Platja del Bogatell;41.394341;2.2066;45.0;60.81
29;90th Jean Bouin;41.373077;2.150465;45.0;60.1
30;Monument to Doctor Robert;41.394924;2.175599;45.0;58.88
31;Maeght;41.384689;2.181526;45.0;56.47
32;Barcelona Head;41.380924;2.182465;45.0;55.73
33;Mural de les Olles (Pots Mural);41.370934;2.157416;45.0;55.04
34;A. Cortina;41.391098;2.161385;45.0;54.96
35;Casa Martí, Els Quatre Gats ;41.385775;2.173671;45.0;54.6
36;Galeria Ferran Cano;41.375816;2.177766;45.0;54.42
37;Àmbit;41.389328;2.163531;45.0;54.14
38;Beaskoa;41.384792;2.181268;45.0;53.5
39;Àngels Barcelona;41.382534;2.169249;45.0;53.42
40;Passeig de Gràcia;41.390739;2.166672;45.0;53.29
41;Rambla del Raval;41.378681;2.169317;45.0;53.16
42;Palau Güell;41.378864;2.174117;45.0;53.16
43;Museu de la Moto ;41.383327;2.174488;45.0;52.81
44;Carmen Sallent;41.39637;2.153188;45.0;52.5
45;Turó de la Rovira viewing point;41.419388;2.161812;45.0;52.4
46;Plaça de Catalunya;41.387005;2.17003;45.0;52.04
47;Plaça del Rei;41.384144;2.177409;45.0;51.52
48;Santa Eulàlia small schooner;41.376385;2.179861;45.0;51.46
49;FINISH;41.374834;2.170055;0.0;0.0
<------------- EDGES -------------->
0;0;1;23.796;11.16
1;0;2;30.107;2.76
2;0;2;30.118;5.4
3;0;2;35.626;19.05
4;0;3;8.671;20.31
5;0;3;7.541;15.56
6;0;4;49.508;16.25
7;0;5;22.688;9.92
8;0;6;26.736;22.14
9;0;7;33.232;5.07
10;0;8;79.572;20.03
11;0;9;18.315;11.28
12;0;10;74.442;7.04
13;0;11;58.284;12.6
14;0;11;47.243;16.79
15;0;11;50.784;6.32
16;0;12;24.972;15.65
17;0;12;24.719;15.28
18;0;12;25.797;15.07
19;0;13;26.77;2.29
20;0;13;20.738;9.82
21;0;13;22.361;24.89
22;0;14;45.309;4.46
23;0;15;22.496;12.14
24;0;16;32.509;9.09
25;0;17;26.416;18.97
26;0;17;21.131;20.87
27;0;17;26.313;10.05
28;0;18;30.026;18.92
29;0;18;23.58;9.81
30;0;18;30.459;22.63
31;0;19;93.673;15.26
32;0;20;18.196;1.97
33;0;20;15.945;3.89
34;0;21;96.367;0.45
35;0;21;101.785;1.58
36;0;22;49.491;21.79
37;0;23;18.686;7.22
38;0;23;18.074;17.7
39;0;24;17.194;19.99
40;0;25;81.991;16.46
41;0;26;31.884;11.69
42;0;26;30.557;1.32
43;0;27;28.285;19.41
44;0;27;30.165;15.97
45;0;27;32.596;3.36
46;0;28;57.583;17.58
47;0;28;63.281;6.52
48;0;28;58.029;24.47
49;0;29;25.336;11.28
50;0;29;24.628;15.2
51;0;29;24.036;12.19
52;0;30;35.108;19.93
53;0;30;27.678;23.02
54;0;30;37.773;12.15
55;0;31;22.391;13.22
56;0;31;26.998;1.4
57;0;31;22.823;7.87
58;0;32;19.04;20.61
59;0;32;19.305;21.9
60;0;32;19.53;24.44
61;0;33;17.549;6.47
62;0;33;16.649;19.8
63;0;34;29.975;2.54
64;0;35;19.29;1.22
65;0;35;17.891;18.67
66;0;36;10.043;10.78
67;0;36;11.753;2.31
68;0;37;26.179;3.68
69;0;37;27.255;19.83
70;0;37;23.782;16.53
71;0;38;22.308;15.88
72;0;39;13.217;16.9
73;0;40;27.562;14.73
74;0;40;32.572;20.76
75;0;40;27.116;23.53
76;0;41;6.651;22.82
77;0;42;8.647;2.49
78;0;43;15.608;18.76
79;0;43;19.004;18.68
80;0;44;42.745;5.21
81;0;44;48.853;20.9
82;0;44;51.391;3.72
83;0;45;76.973;6.28
84;0;46;20.827;9.9
85;0;47;18.52;18.63
86;0;47;19.588;21.57
87;0;47;20.651;5.53
88;0;48;12.868;16.1
89;0;48;12.576;20.83
90;0;49;0.0;6.51
91;1;2;44.354;22.07
92;1;2;52.824;22.87
93;1;2;38.022;3.33
94;1;3;32.461;15.86
95;1;3;34.779;3.05
96;1;3;39.176;12.74
97;1;4;50.417;7.88
98;1;4;52.583;24.96
99;1;5;46.481;13.64
100;1;6;36.092;6.08
101;1;6;32.323;3.02
102;1;6;29.659;23.96
103;1;7;45.169;3.74
104;1;8;102.414;4.7
105;1;9;41.71;17.7
106;1;9;36.599;17.65
107;1;9;48.166;9.3
108;1;10;97.767;7.58
109;1;10;98.794;16.15
110;1;10;84.455;2.55
111;1;11;66.86;5.42
112;1;12;34.321;19.24
113;1;12;42.69;2.47
114;1;12;27.484;3.39
115;1;13;38.599;13.24
116;1;13;36.49;14.83
117;1;14;68.67;16.7
118;1;15;45.08;13.9
119;1;15;52.065;10.01
120;1;16;55.131;17.96
121;1;16;68.607;16.2
122;1;17;37.919;11.45
123;1;17;42.559;14.7
124;1;17;31.148;23.62
125;1;18;53.562;6.02
126;1;19;97.123;19.38
127;1;20;39.989;15.57
128;1;20;39.791;8.45
129;1;21;117.144;24.51
130;1;22;65.336;20.68
131;1;23;41.065;9.01
132;1;23;43.44;18.32
133;1;24;39.892;13.18
134;1;25;86.923;16.12
135;1;25;102.417;7.91
136;1;26;55.02;7.4
137;1;27;6.988;10.68
138;1;27;8.653;23.75
139;1;28;81.132;5.39
140;1;28;88.394;3.89
141;1;29;8.171;15.02
142;1;30;53.025;8.72
143;1;31;45.24;18.7
144;1;31;47.337;9.34
145;1;32;42.744;8.23
146;1;32;49.564;16.52
147;1;32;41.482;10.38
148;1;33;6.355;9.52
149;1;34;39.495;7.74
150;1;34;48.319;19.88
151;1;34;46.297;12.78
152;1;35;39.024;9.51
153;1;35;46.699;0.5
154;1;36;33.565;10.36
155;1;36;28.997;4.3
156;1;36;33.681;18.62
157;1;37;37.451;19.12
158;1;37;38.194;3.46
159;1;37;44.432;12.7
160;1;38;45.082;4.58
161;1;38;38.023;1.45
162;1;39;31.108;13.86
163;1;39;35.554;21.01
164;1;39;34.498;17.79
165;1;40;41.226;13.56
166;1;40;33.576;7.51
167;1;41;26.558;10.29
168;1;41;20.078;6.82
169;1;41;20.643;15.68
170;1;42;31.73;10.66
171;1;42;30.06;12.5
172;1;43;36.786;12.93
173;1;43;41.195;6.61
174;1;43;32.719;3.25
175;1;44;47.145;18.95
176;1;45;87.213;6.86
177;1;45;74.547;1.2
178;1;45;106.219;0.07
179;1;46;37.779;12.16
180;1;46;30.303;17.22
181;1;46;30.929;10.84
182;1;47;40.525;24.23
183;1;47;41.821;23.31
184;1;48;36.426;1.83
185;1;49;23.796;19.73
186;1;49;26.25;16.23
187;1;49;27.605;13.24
188;2;3;27.936;10.01
189;2;3;29.072;13.5
190;2;3;33.504;21.98
191;2;4;28.717;5.57
192;2;4;26.197;3.02
193;2;4;25.886;3.66
194;2;5;30.314;11.25
195;2;5;37.079;15.67
196;2;5;29.473;15.68
197;2;6;10.054;19.95
198;2;7;4.83;4.9
199;2;8;65.123;16.43
200;2;8;65.564;17.44
201;2;9;34.073;5.42
202;2;10;63.137;13.86
203;2;10;50.363;6.1
204;2;10;53.222;17.01
205;2;11;29.047;17.29
206;2;11;26.622;13.58
207;2;11;35.855;2.61
208;2;12;11.138;23.99
209;2;13;6.317;7.24
210;2;13;6.497;6.09
211;2;14;37.998;11.86
212;2;14;43.769;4.18
213;2;14;32.724;9.57
214;2;15;20.74;7.65
215;2;15;25.886;0.65
216;2;16;24.601;6.23
217;2;17;7.058;0.76
218;2;17;7.321;21.14
219;2;17;5.908;8.62
220;2;18;39.115;5.29
221;2;18;30.029;13.57
222;2;18;41.912;17.43
223;2;19;65.94;3.24
224;2;20;18.125;5.11
225;2;20;22.273;2.97
226;2;21;74.701;12.49
227;2;21;64.504;7.9
228;2;22;20.984;20.46
229;2;23;19.813;0.07
230;2;23;18.129;12.48
231;2;23;24.313;18.57
232;2;24;21.053;10.61
233;2;24;23.959;13.84
234;2;25;53.755;3.88
235;2;25;66.872;21.58
236;2;25;62.96;3.06
237;2;26;27.199;24.65
238;2;26;28.056;24.03
239;2;26;29.496;19.77
240;2;27;51.088;1.53
241;2;27;47.198;6.05
242;2;27;40.136;15.06
243;2;28;49.88;15.11
244;2;29;39.813;24.79
245;2;29;46.817;14.64
246;2;29;43.821;7.11
247;2;30;10.896;12.78
248;2;30;8.82;7.59
249;2;30;8.933;23.87
250;2;31;21.925;10.63
251;2;31;20.551;23.57
252;2;31;18.132;21.14
253;2;32;27.111;20.93
254;2;32;30.467;6.91
255;2;32;27.306;14.81
256;2;33;39.012;24.96
257;2;34;8.554;22.59
258;2;34;9.409;15.63
259;2;34;8.93;10.68
260;2;35;13.515;6.6
261;2;36;31.032;20.21
262;2;36;24.391;22.6
263;2;36;25.595;9.97
264;2;37;7.568;23.47
265;2;37;8.381;8.74
266;2;38;21.555;10.68
267;2;38;26.578;11.14
268;2;38;23.145;1.28
269;2;39;16.893;8.72
270;2;39;16.753;0.61
271;2;39;18.514;8.09
272;2;40;3.134;23.29
273;2;40;3.026;13.89
274;2;41;23.466;7.4
275;2;41;21.693;11.31
276;2;42;24.444;4.34
277;2;42;21.321;23.17
278;2;42;29.913;12.01
279;2;43;17.643;13.42
280;2;44;20.023;15.54
281;2;44;22.6;6.47
282;2;44;21.122;15.54
283;2;45;46.911;12.45
284;2;45;45.5;7.98
285;2;45;50.347;5.28
286;2;46;9.569;6.83
287;2;46;11.316;14.33
288;2;47;18.66;17.09
289;2;48;31.379;14.1
290;2;49;30.107;20.04
291;3;4;51.604;0.84
292;3;4;43.283;8.17
293;3;5;14.02;4.33
294;3;5;16.601;14.31
295;3;6;27.607;17.14
296;3;6;26.872;12.54
297;3;6;22.302;22.65
298;3;7;31.95;22.84
299;3;8;71.28;17.13
300;3;8;84.711;3.5
301;3;9;10.457;24.24
302;3;9;8.75;2.47
303;3;9;8.684;24.02
304;3;10;65.94;11.49
305;3;10;73.486;5.23
306;3;10;53.788;7.19
307;3;11;56.963;1.91
308;3;11;51.182;2.51
309;3;11;51.765;2.37
310;3;12;26.162;24.25
311;3;12;28.174;14.48
312;3;12;32.494;15.0
313;3;13;26.395;4.19
314;3;13;21.527;21.81
315;3;13;21.877;22.54
316;3;14;36.838;14.51
317;3;14;43.727;12.97
318;3;14;44.5;24.04
319;3;15;14.979;0.32
320;3;16;24.63;18.56
321;3;16;23.976;15.81
322;3;17;26.27;10.19
323;3;18;21.705;9.93
324;3;18;16.58;13.97
325;3;19;93.521;15.72
326;3;19;78.71;22.12
327;3;20;11.952;4.81
328;3;21;88.962;4.58
329;3;22;45.133;22.75
330;3;22;54.951;5.28
331;3;22;34.091;3.7
332;3;23;11.693;17.03
333;3;24;9.971;10.05
334;3;24;9.023;15.07
335;3;24;8.124;22.91
336;3;25;81.482;15.56
337;3;26;23.636;3.6
338;3;27;36.867;8.78
339;3;27;38.032;9.09
340;3;28;48.996;5.59
341;3;28;54.49;20.18
342;3;29;33.563;10.15
343;3;29;32.375;9.53
344;3;29;31.782;7.88
345;3;30;30.3;5.69
346;3;31;14.611;19.34
347;3;31;12.483;19.38
348;3;31;16.945;24.84
349;3;32;10.432;15.82
350;3;33;26.19;20.67
351;3;33;25.592;1.79
352;3;33;22.483;9.22
353;3;34;30.277;7.89
354;3;34;23.719;15.11
355;3;34;26.648;13.63
356;3;35;14.945;18.21
357;3;35;14.955;14.95
358;3;35;12.126;7.09
359;3;36;3.293;17.88
360;3;36;3.799;22.4
361;3;36;3.864;19.46
362;3;37;26.193;7.86
363;3;37;22.089;24.02
364;3;37;21.461;0.76
365;3;38;14.61;13.24
366;3;38;17.95;5.04
367;3;39;12.574;17.45
368;3;39;11.346;4.16
369;3;39;12.141;21.14
370;3;40;26.057;20.08
371;3;41;8.953;18.86
372;3;41;10.952;21.47
373;3;42;3.72;2.24
374;3;42;4.274;11.39
375;3;43;10.632;16.81
376;3;43;9.158;13.79
377;3;44;43.961;1.44
378;3;44;34.857;4.3
379;3;44;39.339;1.05
380;3;45;74.426;17.38
381;3;45;61.169;9.96
382;3;45;78.263;0.88
383;3;46;18.422;22.96
384;3;46;16.744;19.98
385;3;47;11.984;11.5
386;3;47;11.087;19.04
387;3;48;5.145;13.33
388;3;48;4.305;10.12
389;3;48;4.401;23.03
390;3;49;8.671;5.03
391;3;49;8.807;4.71
392;4;5;58.016;20.91
393;4;5;70.246;5.87
394;4;5;57.49;12.58
395;4;6;24.134;9.29
396;4;6;29.083;24.45
397;4;7;24.021;17.07
398;4;7;28.826;22.02
399;4;7;18.279;24.35
400;4;8;88.529;3.88
401;4;8;72.425;14.82
402;4;8;103.744;1.04
403;4;9;60.227;4.5
404;4;9;45.968;18.47
405;4;10;88.328;24.92
406;4;11;22.443;16.4
407;4;11;23.846;7.61
408;4;11;19.839;0.68
409;4;12;25.455;14.22
410;4;12;23.049;24.95
411;4;12;31.751;6.1
412;4;13;26.323;18.96
413;4;13;27.828;12.25
414;4;13;21.525;3.84
415;4;14;65.986;18.13
416;4;15;48.924;21.72
417;4;16;53.228;1.96
418;4;16;60.773;21.98
419;4;16;42.253;15.74
420;4;17;26.164;12.0
421;4;18;67.183;7.53
422;4;18;60.672;7.67
423;4;19;46.711;1.44
424;4;19;55.048;1.7
425;4;20;45.195;9.87
426;4;20;53.404;11.14
427;4;21;91.357;13.13
428;4;22;36.911;23.58
429;4;22;32.046;2.09
430;4;23;47.122;17.99
431;4;24;47.93;8.43
432;4;25;36.779;17.6
433;4;25;44.06;5.27
434;4;26;55.908;0.58
435;4;26;50.077;18.34
436;4;26;61.131;0.24
437;4;27;57.108;18.82
438;4;27;63.184;16.19
439;4;27;64.338;20.29
440;4;28;77.122;9.44
441;4;28;92.341;5.55
442;4;28;85.426;15.71
443;4;29;42.68;17.91
444;4;30;37.429;15.4
445;4;31;50.062;8.65
446;4;31;50.105;16.02
447;4;31;57.587;18.54
448;4;32;54.29;1.75
449;4;32;62.615;9.83
450;4;33;48.082;20.84
451;4;34;22.112;23.94
452;4;34;23.544;10.28
453;4;34;17.335;8.8
454;4;35;40.323;2.01
455;4;36;54.891;22.43
456;4;37;26.07;8.02
457;4;38;49.686;16.02
458;4;38;58.025;19.01
459;4;39;39.055;23.49
460;4;39;33.876;7.67
461;4;39;34.675;13.61
462;4;40;28.38;9.93
463;4;41;43.814;21.89
464;4;41;39.846;16.16
465;4;42;47.906;0.0
466;4;42;56.912;5.68
467;4;42;39.211;10.9
468;4;43;43.48;3.1
469;4;43;49.092;3.19
470;4;43;42.493;15.4
471;4;44;8.703;5.6
472;4;44;7.926;5.06
473;4;44;10.134;16.8
474;4;45;41.633;8.6
475;4;45;46.052;17.24
476;4;45;39.192;20.18
477;4;46;35.236;4.58
478;4;46;30.543;19.62
479;4;46;43.89;11.29
480;4;47;45.875;8.76
481;4;47;46.672;11.79
482;4;48;56.234;2.6
483;4;48;42.936;12.02
484;4;49;49.508;0.0
485;4;49;61.53;24.33
486;5;6;34.348;15.65
487;5;6;32.753;11.89
488;5;7;35.092;20.24
489;5;7;28.669;12.25
490;5;8;58.279;6.05
491;5;8;58.352;7.04
492;5;8;54.474;19.58
493;5;9;7.549;10.23
494;5;9;6.487;3.07
495;5;9;6.1;6.24
496;5;10;52.433;0.54
497;5;10;63.396;24.68
498;5;10;49.255;3.33
499;5;11;58.017;14.26
500;5;11;46.334;15.19
501;5;11;50.749;3.05
502;5;12;33.502;7.68
503;5;13;31.705;23.16
504;5;14;23.621;18.58
505;5;14;25.551;19.0
506;5;15;9.749;14.76
507;5;16;14.4;15.47
508;5;16;15.582;11.64
509;5;16;13.62;1.01
510;5;17;31.911;1.9
511;5;17;30.904;7.12
512;5;17;32.453;20.6
513;5;18;9.344;4.9
514;5;18;10.266;2.96
515;5;18;7.206;24.92
516;5;19;95.389;0.34
517;5;19;101.764;2.16
518;5;19;81.904;5.79
519;5;20;12.858;13.4
520;5;21;77.822;24.6
521;5;21;80.352;15.98
522;5;21;76.782;12.5
523;5;22;41.52;0.8
524;5;22;39.552;18.78
525;5;23;10.905;2.73
526;5;23;8.666;7.09
527;5;24;10.323;23.47
528;5;24;12.447;22.88
529;5;24;10.914;1.79
530;5;25;83.027;12.15
531;5;25;95.402;14.96
532;5;25;84.278;21.42
533;5;26;12.0;13.11
534;5;27;50.763;14.04
535;5;27;49.543;19.24
536;5;27;58.631;15.04
537;5;28;35.299;8.54
538;5;29;47.282;23.9
539;5;30;27.411;7.84
540;5;30;32.975;24.79
541;5;31;8.556;13.41
542;5;32;4.283;4.91
543;5;32;3.387;7.01
544;5;33;40.204;18.85
545;5;33;40.367;7.22
546;5;33;39.304;4.22
547;5;34;35.915;2.64
548;5;35;17.705;11.93
549;5;35;15.285;4.35
550;5;35;20.377;18.7
551;5;36;13.441;23.75
552;5;36;16.67;24.74
553;5;37;32.059;15.89
554;5;37;29.31;24.22
555;5;37;34.308;8.04
556;5;38;8.905;10.41
557;5;38;9.426;21.88
558;5;38;9.825;24.63
559;5;39;21.444;23.67
560;5;39;16.736;14.8
561;5;39;26.329;22.87
562;5;40;29.821;1.26
563;5;41;21.487;23.69
564;5;41;22.846;18.06
565;5;41;23.709;8.55
566;5;42;15.381;11.35
567;5;43;15.128;17.12
568;5;43;13.529;16.63
569;5;44;49.578;19.25
570;5;44;55.706;14.05
571;5;44;46.999;11.85
572;5;45;72.778;5.51
573;5;45;58.161;17.52
574;5;46;22.821;6.67
575;5;46;22.693;2.6
576;5;47;12.156;17.6
577;5;47;10.301;12.9
578;5;48;10.797;3.75
579;5;48;11.966;6.06
580;5;48;13.45;11.32
581;5;49;22.688;1.98
582;5;49;23.108;23.91
583;5;49;27.362;22.6
584;6;7;9.199;9.71
585;6;8;75.007;4.91
586;6;8;67.533;19.18
587;6;8;62.127;24.61
588;6;9;36.11;17.56
589;6;9;39.332;3.09
590;6;10;72.712;6.56
591;6;10;88.448;16.72
592;6;10;62.276;7.53
593;6;11;32.227;21.52
594;6;12;1.897;22.83
595;6;12;1.579;5.54
596;6;13;3.909;8.91
597;6;13;3.77;15.16
598;6;13;3.717;1.09
599;6;14;46.477;3.02
600;6;15;25.88;14.34
601;6;15;21.27;19.69
602;6;15;23.625;1.92
603;6;16;32.326;12.75
604;6;16;34.311;22.74
605;6;17;3.248;12.24
606;6;17;3.904;10.09
607;6;18;43.651;18.18
608;6;18;45.875;23.02
609;6;18;36.546;14.32
610;6;19;66.937;0.14
611;6;20;21.505;22.44
612;6;20;17.718;17.09
613;6;20;16.835;17.67
614;6;21;84.631;18.88
615;6;21;103.98;6.44
616;6;21;78.281;21.18
617;6;22;29.997;11.2
618;6;22;28.684;20.92
619;6;22;29.958;13.52
620;6;23;23.479;4.98
621;6;23;27.222;17.76
622;6;24;24.083;22.87
623;6;25;55.307;24.36
624;6;25;46.297;9.57
625;6;25;53.816;4.74
626;6;26;34.368;15.64
627;6;26;38.039;9.37
628;6;26;31.188;23.77
629;6;27;43.017;7.16
630;6;28;58.771;10.91
631;6;28;72.15;3.43
632;6;28;68.695;17.18
633;6;29;30.687;20.71
634;6;29;23.973;23.58
635;6;30;20.863;20.73
636;6;31;26.925;23.16
637;6;31;31.851;8.96
638;6;32;30.433;2.39
639;6;33;31.387;2.07
640;6;33;35.595;15.54
641;6;34;3.532;12.49
642;6;35;16.748;21.51
643;6;36;30.9;4.69
644;6;36;24.5;10.12
645;6;36;36.526;12.71
646;6;37;2.82;8.09
647;6;37;3.106;12.58
648;6;37;2.331;21.01
649;6;38;26.558;6.95
650;6;38;26.825;22.8
651;6;38;31.497;12.89
652;6;39;15.035;17.64
653;6;39;18.362;18.68
654;6;40;7.406;15.91
655;6;40;9.2;16.67
656;6;41;20.445;20.82
657;6;42;23.89;8.77
658;6;43;19.469;14.68
659;6;44;16.368;10.38
660;6;44;19.249;14.8
661;6;44;15.626;13.39
662;6;45;51.946;23.99
663;6;45;57.631;16.76
664;6;45;63.913;0.02
665;6;46;11.648;2.92
666;6;46;11.887;18.89
667;6;47;22.227;4.81
668;6;47;18.418;10.01
669;6;48;32.128;22.88
670;6;49;26.736;5.69
671;7;8;68.043;17.37
672;7;8;72.034;7.59
673;7;8;81.843;9.32
674;7;9;38.629;24.36
675;7;9;43.13;0.67
676;7;9;29.285;5.68
677;7;10;66.54;3.4
678;7;11;25.157;2.44
679;7;11;19.257;11.54
680;7;12;10.87;21.93
681;7;12;9.721;23.54
682;7;13;6.816;6.47
683;7;13;7.379;10.08
684;7;14;42.271;21.16
685;7;14;39.567;5.71
686;7;14;34.417;18.21
687;7;15;25.556;23.04
688;7;15;25.817;14.1
689;7;16;29.21;5.76
690;7;16;24.407;7.43
691;7;16;32.141;21.42
692;7;17;7.399;14.59
693;7;17;5.972;11.05
694;7;18;43.935;23.7
695;7;18;34.238;20.36
696;7;19;61.618;9.39
697;7;19;56.849;13.25
698;7;20;22.745;17.07
699;7;20;24.647;6.78
700;7;20;22.922;8.86
701;7;21;76.063;17.64
702;7;22;20.896;10.7
703;7;23;24.494;5.35
704;7;23;19.625;3.95
705;7;24;25.659;12.62
706;7;24;27.574;24.74
707;7;25;49.535;7.83
708;7;25;37.603;24.99
709;7;26;31.901;19.64
710;7;27;52.055;11.82
711;7;28;53.889;22.49
712;7;29;39.886;10.11
713;7;29;37.204;4.79
714;7;30;14.211;13.21
715;7;31;26.738;10.61
716;7;31;23.74;3.37
717;7;32;31.806;8.09
718;7;32;30.257;2.78
719;7;33;40.246;4.17
720;7;34;6.249;2.79
721;7;34;4.733;6.49
722;7;35;18.012;2.33
723;7;36;35.128;1.76
724;7;36;27.006;22.51
725;7;37;7.818;15.1
726;7;37;6.437;4.59
727;7;38;26.367;8.37
728;7;38;28.253;6.99
729;7;38;32.692;5.34
730;7;39;20.207;24.33
731;7;39;15.525;3.34
732;7;40;5.893;18.21
733;7;41;26.6;4.88
734;7;41;30.462;7.8
735;7;41;21.392;15.06
736;7;42;28.348;24.52
737;7;42;22.227;4.49
738;7;42;26.718;10.66
739;7;43;21.973;8.94
740;7;43;17.514;7.38
741;7;43;24.265;22.81
742;7;44;15.318;24.66
743;7;45;43.898;15.21
744;7;45;41.359;17.11
745;7;45;35.75;11.59
746;7;46;13.572;22.1
747;7;47;23.314;8.77
748;7;47;20.108;15.81
749;7;48;35.678;24.46
750;7;48;41.487;12.29
751;7;49;33.232;16.09
752;8;9;65.31;23.67
753;8;9;56.923;1.95
754;8;9;66.727;1.01
755;8;10;8.891;4.81
756;8;11;72.272;10.85
757;8;11;61.023;24.41
758;8;11;62.585;23.91
759;8;12;75.698;9.47
760;8;12;88.646;24.61
761;8;12;82.194;20.81
762;8;13;71.106;14.31
763;8;14;34.657;24.97
764;8;15;57.363;2.22
765;8;15;64.508;11.15
766;8;16;47.29;14.33
767;8;16;46.562;24.78
768;8;16;39.832;20.65
769;8;17;71.8;8.52
770;8;17;72.695;23.56
771;8;18;55.587;1.15
772;8;18;46.29;16.45
773;8;19;100.386;15.93
774;8;20;62.439;6.47
775;8;20;58.355;6.71
776;8;20;56.844;5.77
777;8;21;27.074;9.31
778;8;22;51.851;15.22
779;8;22;41.776;18.86
780;8;23;61.364;2.97
781;8;23;72.376;2.05
782;8;24;62.614;19.13
783;8;24;60.898;14.66
784;8;24;70.656;17.05
785;8;25;89.838;20.1
786;8;25;77.293;0.84
787;8;26;47.692;2.25
788;8;27;107.715;15.21
789;8;28;24.273;21.51
790;8;29;100.892;19.05
791;8;29;103.918;20.51
792;8;29;99.642;11.82
793;8;30;54.228;7.83
794;8;31;57.287;10.81
795;8;31;50.073;6.14
796;8;31;62.644;18.37
797;8;32;60.987;3.75
798;8;32;75.89;0.81
799;8;32;63.707;0.98
800;8;33;96.087;12.01
801;8;34;73.593;22.11
802;8;34;59.927;18.42
803;8;35;64.018;11.43
804;8;35;67.558;14.93
805;8;35;64.892;0.09
806;8;36;71.524;4.8
807;8;37;72.277;18.41
808;8;37;73.594;4.69
809;8;37;62.047;5.71
810;8;38;57.415;16.25
811;8;38;45.102;8.83
812;8;39;71.861;24.81
813;8;39;78.145;15.92
814;8;40;67.603;20.75
815;8;40;55.259;20.54
816;8;41;75.858;0.3
817;8;41;78.265;14.02
818;8;41;77.502;23.59
819;8;42;71.038;13.53
820;8;42;62.34;5.63
821;8;43;65.684;20.62
822;8;44;80.906;13.7
823;8;45;70.801;19.94
824;8;45;62.42;22.77
825;8;46;66.786;19.89
826;8;46;68.779;21.78
827;8;47;61.891;2.65
828;8;47;56.64;0.48
829;8;48;69.031;19.78
830;8;48;52.318;20.27
831;8;48;83.531;19.74
832;8;49;79.572;24.07
833;8;49;64.64;22.33
834;8;49;67.045;1.2
835;9;10;59.115;20.98
836;9;11;62.732;15.36
837;9;11;71.503;2.62
838;9;12;34.924;3.74
839;9;12;38.001;8.4
840;9;12;32.788;20.27
841;9;13;34.137;11.18
842;9;13;27.527;4.13
843;9;14;30.731;17.43
844;9;15;15.226;12.54
845;9;15;12.093;18.98
846;9;16;21.825;23.72
847;9;16;17.058;14.34
848;9;17;34.184;24.1
849;9;17;33.666;10.71
850;9;18;11.863;17.43
851;9;18;11.535;15.55
852;9;18;11.752;8.66
853;9;19;99.932;17.42
854;9;20;15.964;0.67
855;9;20;18.381;11.98
856;9;20;17.313;23.98
857;9;21;85.325;20.51
858;9;22;47.752;5.33
859;9;22;55.292;24.05
860;9;23;14.427;3.56
861;9;24;13.035;18.81
862;9;24;10.88;4.23
863;9;24;13.166;17.86
864;9;25;87.667;20.65
865;9;25;70.505;21.64
866;9;26;19.544;12.98
867;9;26;19.568;17.89
868;9;27;45.296;9.74
869;9;27;41.289;10.0
870;9;27;54.945;3.25
871;9;28;41.861;17.42
872;9;28;47.236;2.69
873;9;29;43.638;21.43
874;9;30;33.169;5.18
875;9;30;41.415;15.4
876;9;30;37.846;23.02
877;9;31;14.195;14.18
878;9;31;12.494;24.89
879;9;32;7.656;22.99
880;9;32;9.35;14.59
881;9;33;35.644;13.53
882;9;34;38.278;3.66
883;9;34;39.531;9.17
884;9;35;20.617;7.23
885;9;36;8.272;2.72
886;9;37;34.222;18.12
887;9;38;14.446;5.5
888;9;38;11.166;10.94
889;9;38;15.228;24.52
890;9;39;21.603;7.04
891;9;39;17.182;16.7
892;9;40;32.94;24.11
893;9;41;19.327;10.71
894;9;41;20.377;12.2
895;9;41;15.127;0.43
896;9;42;13.4;3.08
897;9;43;16.864;15.2
898;9;43;13.435;4.44
899;9;43;19.587;2.29
900;9;44;52.139;18.94
901;9;44;60.659;18.67
902;9;44;58.534;21.8
903;9;45;78.579;11.47
904;9;46;25.351;1.84
905;9;47;15.483;1.02
906;9;47;12.083;10.68
907;9;47;18.06;5.05
908;9;48;5.48;13.22
909;9;48;6.296;4.41
910;9;49;18.315;15.86
911;9;49;20.969;1.86
912;10;11;73.873;2.97
913;10;11;69.37;12.85
914;10;12;73.195;7.3
915;10;13;68.81;8.22
916;10;13;59.595;20.19
917;10;13;65.3;18.12
918;10;14;29.136;18.67
919;10;14;27.916;9.19
920;10;15;52.787;8.37
921;10;15;63.176;1.61
922;10;15;52.255;22.6
923;10;16;42.91;20.47
924;10;17;69.467;7.75
925;10;17;81.015;6.76
926;10;18;48.727;7.97
927;10;18;50.595;3.29
928;10;19;104.258;11.99
929;10;19;80.534;2.07
930;10;19;128.928;15.97
931;10;20;58.09;6.38
932;10;20;44.893;0.75
933;10;21;35.917;1.14
934;10;21;27.836;17.41
935;10;22;52.504;18.72
936;10;22;52.672;3.83
937;10;23;56.809;2.11
938;10;23;44.278;2.56
939;10;24;57.892;21.77
940;10;24;55.427;6.75
941;10;25;93.199;19.35
942;10;25;78.144;4.11
943;10;25;74.043;2.68
944;10;26;42.748;6.81
945;10;27;102.722;19.32
946;10;27;120.34;8.95
947;10;27;124.57;11.21
948;10;28;17.276;9.79
949;10;28;14.679;10.64
950;10;28;17.263;7.06
951;10;29;96.875;18.09
952;10;29;95.559;10.37
953;10;29;85.759;7.66
954;10;30;52.388;6.01
955;10;31;52.548;22.33
956;10;32;55.522;1.44
957;10;32;60.149;9.16
958;10;32;44.866;17.11
959;10;33;91.412;7.54
960;10;33;107.452;2.97
961;10;33;97.813;0.43
962;10;34;71.69;12.7
963;10;34;87.152;10.32
964;10;34;87.238;6.46
965;10;35;60.251;12.99
966;10;35;59.838;13.59
967;10;36;65.849;23.29
968;10;36;62.36;8.34
969;10;36;76.749;5.9
970;10;37;69.918;14.36
971;10;38;52.723;19.84
972;10;38;42.673;20.7
973;10;39;67.888;10.08
974;10;39;68.362;12.57
975;10;40;65.343;8.75
976;10;40;69.293;3.88
977;10;41;71.292;8.08
978;10;42;66.092;8.03
979;10;42;60.496;10.1
980;10;42;58.662;19.71
981;10;43;61.402;15.64
982;10;43;61.564;7.99
983;10;44;80.306;1.99
984;10;44;62.863;20.29
985;10;44;81.946;18.35
986;10;45;74.772;6.19
987;10;45;74.64;17.82
988;10;46;63.55;16.61
989;10;47;57.478;5.11
990;10;47;70.604;5.93
991;10;48;63.227;15.84
992;10;49;74.442;5.85
993;10;49;89.448;4.97
994;11;12;34.121;0.95
995;11;12;33.303;17.6
996;11;12;40.35;10.9
997;11;13;31.525;3.99
998;11;13;36.005;18.37
999;11;13;31.096;18.71
1000;11;14;57.399;11.27
1001;11;14;68.579;13.12
1002;11;15;48.284;17.37
1003;11;16;48.168;15.05
1004;11;16;42.919;2.45
1005;11;17;31.918;0.91
1006;11;17;36.84;24.94
1007;11;17;28.463;5.51
1008;11;18;65.942;13.67
1009;11;18;78.678;0.62
1010;11;18;81.449;7.82
1011;11;19;37.38;1.09
1012;11;19;35.85;12.56
1013;11;19;32.955;24.34
1014;11;20;46.819;2.21
1015;11;20;44.591;22.85
1016;11;21;70.88;18.97
1017;11;22;21.975;19.56
1018;11;22;22.814;2.39
1019;11;23;48.307;1.98
1020;11;24;49.732;22.99
1021;11;25;25.01;14.99
1022;11;26;51.445;16.91
1023;11;27;73.841;5.15
1024;11;28;66.17;4.27
1025;11;29;60.114;14.95
1026;11;30;31.245;2.02
1027;11;30;26.424;3.84
1028;11;30;27.871;0.35
1029;11;31;49.469;13.94
1030;11;31;41.215;10.59
1031;11;32;55.408;16.89
1032;11;32;59.048;4.75
1033;11;33;62.956;11.24
1034;11;34;28.729;12.26
1035;11;34;30.715;1.54
1036;11;35;42.459;24.12
1037;11;35;34.336;2.51
1038;11;35;42.625;6.13
1039;11;36;60.077;8.34
1040;11;36;52.353;20.68
1041;11;37;32.198;3.18
1042;11;37;26.491;21.91
1043;11;38;49.129;9.19
1044;11;38;50.08;3.37
1045;11;39;45.358;2.27
1046;11;40;31.01;10.95
1047;11;40;35.577;1.05
1048;11;41;51.688;16.61
1049;11;42;53.422;22.87
1050;11;42;44.683;11.0
1051;11;43;46.665;10.05
1052;11;43;46.993;0.85
1053;11;44;20.472;20.7
1054;11;44;21.405;2.64
1055;11;45;20.49;9.91
1056;11;45;24.245;14.82
1057;11;45;19.073;13.89
1058;11;46;38.546;7.85
1059;11;46;42.025;2.18
1060;11;46;30.345;23.35
1061;11;47;47.259;5.94
1062;11;47;54.224;12.69
1063;11;47;45.396;11.84
1064;11;48;60.382;17.78
1065;11;48;67.031;17.09
1066;11;48;46.934;2.32
1067;11;49;58.284;12.35
1068;11;49;45.061;9.8
1069;11;49;67.677;13.67
1070;12;13;4.821;12.3
1071;12;13;6.017;11.15
1072;12;13;4.005;4.16
1073;12;14;46.565;7.7
1074;12;15;25.339;17.01
1075;12;15;26.441;12.06
1076;12;15;27.91;1.55
1077;12;16;32.276;11.11
1078;12;17;4.08;24.44
1079;12;18;42.835;10.05
1080;12;18;36.225;23.84
1081;12;18;42.566;21.95
1082;12;19;68.717;0.65
1083;12;20;20.726;8.04
1084;12;20;23.543;14.65
1085;12;20;22.056;7.6
1086;12;21;85.837;22.16
1087;12;22;31.517;16.59
1088;12;23;22.709;20.81
1089;12;24;23.19;21.2
1090;12;24;20.174;2.62
1091;12;25;57.129;23.28
1092;12;26;34.163;18.45
1093;12;27;41.229;21.56
1094;12;28;58.969;0.89
1095;12;28;56.481;20.72
1096;12;28;49.956;0.2
1097;12;29;29.078;16.86
1098;12;29;25.981;9.03
1099;12;29;25.6;22.4
1100;12;30;21.734;10.86
1101;12;30;25.846;21.9
1102;12;30;19.398;10.01
1103;12;31;26.341;8.2
1104;12;32;29.502;13.09
1105;12;32;33.288;22.85
1106;12;32;23.144;18.59
1107;12;33;29.543;8.46
1108;12;33;30.232;22.21
1109;12;33;31.545;1.87
1110;12;34;5.426;8.02
1111;12;34;5.779;2.59
1112;12;34;5.445;0.55
1113;12;35;16.093;2.96
1114;12;35;17.377;20.55
1115;12;36;29.452;12.18
1116;12;37;3.57;5.77
1117;12;37;4.258;1.65
1118;12;37;3.263;4.4
1119;12;38;25.98;24.66
1120;12;38;22.293;13.0
1121;12;38;20.754;6.22
1122;12;39;13.601;7.74
1123;12;39;10.415;11.6
1124;12;39;16.834;19.27
1125;12;40;8.231;10.59
1126;12;40;9.854;20.9
1127;12;40;8.598;12.59
1128;12;41;18.76;9.46
1129;12;42;22.456;3.41
1130;12;42;23.522;11.56
1131;12;42;19.752;11.31
1132;12;43;18.477;18.71
1133;12;43;22.078;2.03
1134;12;44;17.936;13.61
1135;12;45;53.837;11.95
1136;12;45;57.948;16.34
1137;12;46;11.104;6.59
1138;12;46;10.066;6.39
1139;12;46;10.402;7.31
1140;12;47;21.465;16.8
1141;12;47;26.624;3.3
1142;12;47;16.794;3.35
1143;12;48;30.787;7.2
1144;12;48;31.528;14.96
1145;12;48;25.006;4.06
1146;12;49;24.972;5.49
1147;13;14;42.726;9.58
1148;13;14;44.799;6.69
1149;13;14;39.815;21.89
1150;13;15;22.821;23.8
1151;13;15;17.247;11.59
1152;13;15;26.811;16.98
1153;13;16;28.693;21.24
1154;13;16;23.596;13.02
1155;13;17;0.742;24.66
1156;13;18;40.916;19.25
1157;13;18;51.115;1.71
1158;13;18;48.181;7.19
1159;13;19;67.282;13.06
1160;13;19;73.94;8.39
1161;13;19;79.285;8.42
1162;13;20;18.873;24.05
1163;13;21;81.016;6.38
1164;13;22;26.892;16.92
1165;13;22;28.271;6.48
1166;13;22;21.957;11.94
1167;13;23;20.804;23.31
1168;13;23;18.265;16.53
1169;13;23;18.969;20.75
1170;13;24;21.618;20.54
1171;13;24;25.935;2.98
1172;13;25;55.399;11.42
1173;13;25;43.38;24.98
1174;13;25;65.932;11.6
1175;13;26;30.866;24.02
1176;13;26;35.356;10.63
1177;13;27;45.434;18.03
1178;13;27;53.394;6.17
1179;13;27;56.174;6.57
1180;13;28;54.955;1.7
1181;13;29;33.698;17.4
1182;13;29;25.283;20.81
1183;13;29;29.667;13.47
1184;13;30;17.0;12.82
1185;13;30;14.519;15.99
1186;13;30;20.948;21.25
1187;13;31;23.918;21.61
1188;13;31;21.532;1.55
1189;13;31;21.668;21.14
1190;13;32;27.973;8.81
1191;13;32;25.88;15.34
1192;13;32;32.593;7.52
1193;13;33;33.527;16.91
1194;13;33;27.883;22.32
1195;13;33;38.507;3.83
1196;13;34;4.211;16.69
1197;13;34;3.417;23.73
1198;13;35;14.003;10.21
1199;13;36;29.659;5.5
1200;13;36;35.766;11.28
1201;13;37;1.252;1.26
1202;13;37;1.48;20.82
1203;13;37;1.297;15.88
1204;13;38;23.546;4.98
1205;13;39;14.092;3.46
1206;13;39;16.142;23.37
1207;13;40;3.504;3.06
1208;13;40;3.47;14.72
1209;13;41;20.207;18.01
1210;13;41;20.789;21.59
1211;13;42;22.698;6.63
1212;13;43;17.282;9.31
1213;13;43;16.944;16.66
1214;13;43;21.582;16.85
1215;13;44;18.021;12.34
1216;13;44;15.029;18.01
1217;13;45;50.638;24.46
1218;13;46;8.916;13.12
1219;13;46;8.078;11.23
1220;13;47;19.555;9.59
1221;13;47;24.133;8.56
1222;13;48;30.572;13.87
1223;13;48;28.958;19.58
1224;13;49;26.77;9.67
1225;13;49;23.975;17.66
1226;14;15;23.888;10.6
1227;14;16;14.501;21.53
1228;14;16;13.415;17.37
1229;14;17;43.283;2.11
1230;14;17;35.701;16.43
1231;14;17;32.929;19.03
1232;14;18;22.057;3.19
1233;14;19;93.102;9.17
1234;14;19;93.798;12.32
1235;14;20;29.303;1.52
1236;14;20;25.154;0.73
1237;14;20;28.29;17.91
1238;14;21;55.48;14.96
1239;14;21;63.854;9.94
1240;14;22;35.955;4.2
1241;14;22;38.412;0.63
1242;14;22;41.806;10.46
1243;14;23;27.879;19.97
1244;14;24;28.859;19.74
1245;14;25;80.897;5.36
1246;14;25;86.921;16.87
1247;14;26;13.725;18.59
1248;14;26;10.758;16.54
1249;14;27;73.587;23.75
1250;14;27;61.987;11.13
1251;14;28;12.717;14.13
1252;14;28;13.669;4.29
1253;14;28;13.087;22.24
1254;14;29;68.074;4.37
1255;14;29;80.969;14.73
1256;14;29;58.439;7.59
1257;14;30;28.594;1.38
1258;14;31;23.543;20.13
1259;14;31;25.982;12.17
1260;14;31;26.252;20.6
1261;14;32;26.448;15.15
1262;14;33;62.314;9.76
1263;14;33;67.808;17.3
1264;14;33;62.309;12.66
1265;14;34;46.263;11.35
1266;14;35;32.05;12.94
1267;14;36;36.905;4.0
1268;14;36;28.903;1.29
1269;14;36;37.47;20.14
1270;14;37;43.668;3.27
1271;14;37;48.038;2.64
1272;14;37;45.729;24.49
1273;14;38;23.744;12.27
1274;14;39;39.32;3.89
1275;14;39;41.266;18.07
1276;14;40;39.493;5.35
1277;14;40;39.936;14.52
1278;14;40;30.565;5.11
1279;14;41;42.272;7.52
1280;14;41;35.262;3.84
1281;14;41;33.202;13.52
1282;14;42;36.967;0.09
1283;14;43;32.631;14.51
1284;14;43;39.094;20.83
1285;14;44;57.371;21.09
1286;14;44;54.516;6.9
1287;14;45;66.005;23.08
1288;14;46;36.011;2.09
1289;14;47;28.647;6.97
1290;14;47;27.712;5.46
1291;14;48;34.38;14.07
1292;14;48;30.334;15.59
1293;14;49;45.309;23.04
1294;15;16;10.085;15.79
1295;15;17;23.133;12.28
1296;15;17;20.101;19.89
1297;15;18;18.382;18.9
1298;15;19;85.65;0.51
1299;15;19;77.477;21.25
1300;15;20;5.468;3.18
1301;15;20;5.441;22.51
1302;15;20;5.466;19.19
1303;15;21;74.04;3.65
1304;15;21;66.58;6.99
1305;15;22;32.528;11.4
1306;15;22;29.207;3.89
1307;15;23;4.023;15.37
1308;15;24;5.307;20.68
1309;15;25;73.294;19.44
1310;15;25;65.137;24.22
1311;15;26;10.181;12.45
1312;15;26;12.217;14.38
1313;15;27;50.384;8.15
1314;15;27;56.898;4.12
1315;15;28;36.571;16.39
1316;15;29;44.188;2.4
1317;15;29;52.904;8.47
1318;15;30;17.99;2.56
1319;15;30;14.542;17.39
1320;15;31;1.197;18.34
1321;15;32;7.57;18.95
1322;15;32;7.009;21.12
1323;15;32;7.283;17.89
1324;15;33;38.74;4.77
1325;15;33;32.58;9.35
1326;15;33;42.651;17.73
1327;15;34;26.979;9.91
1328;15;34;22.543;16.9
1329;15;35;9.29;24.28
1330;15;35;9.885;4.34
1331;15;35;7.268;2.69
1332;15;36;16.512;11.23
1333;15;37;23.356;24.42
1334;15;37;19.294;22.13
1335;15;37;18.139;2.46
1336;15;38;0.845;4.69
1337;15;39;15.584;12.36
1338;15;39;14.543;17.59
1339;15;40;20.552;13.43
1340;15;40;17.046;20.35
1341;15;41;18.534;6.05
1342;15;41;17.067;10.08
1343;15;41;14.856;5.69
1344;15;42;13.852;19.1
1345;15;42;11.038;9.97
1346;15;42;17.142;13.22
1347;15;43;8.778;11.13
1348;15;43;8.661;5.04
1349;15;44;40.36;3.7
1350;15;45;63.438;16.27
1351;15;45;66.081;4.07
1352;15;45;77.876;22.49
1353;15;46;14.254;1.98
1354;15;46;11.272;8.14
1355;15;46;16.959;4.07
1356;15;47;4.777;5.15
1357;15;47;4.562;24.38
1358;15;48;15.107;22.16
1359;15;48;15.39;14.94
1360;15;49;22.496;16.9
1361;16;17;29.198;12.59
1362;16;18;18.996;20.87
1363;16;18;21.138;7.83
1364;16;19;85.235;13.89
1365;16;19;78.318;13.21
1366;16;19;82.113;8.1
1367;16;20;15.208;6.01
1368;16;20;14.064;7.23
1369;16;21;64.423;18.8
1370;16;22;29.022;11.73
1371;16;22;35.972;3.07
1372;16;23;14.075;12.68
1373;16;23;13.763;10.13
1374;16;24;15.372;18.57
1375;16;24;14.89;0.67
1376;16;24;16.609;19.73
1377;16;25;72.833;20.69
1378;16;25;77.306;12.9
1379;16;25;65.89;6.78
1380;16;26;3.361;8.79
1381;16;26;3.047;3.46
1382;16;26;3.127;16.02
1383;16;27;60.469;12.36
1384;16;27;69.272;16.83
1385;16;28;27.178;0.07
1386;16;29;53.966;1.58
1387;16;29;64.148;19.33
1388;16;29;56.246;11.0
1389;16;30;17.085;13.75
1390;16;30;15.766;15.87
1391;16;30;20.951;18.14
1392;16;31;10.121;13.23
1393;16;32;15.178;16.74
1394;16;32;15.22;10.3
1395;16;32;12.405;1.38
1396;16;33;48.799;22.86
1397;16;33;53.883;10.58
1398;16;33;55.594;0.22
1399;16;34;32.459;10.11
1400;16;35;17.568;22.89
1401;16;35;19.469;11.3
1402;16;36;25.602;23.81
1403;16;37;29.55;15.23
1404;16;38;10.203;24.79
1405;16;38;7.998;5.32
1406;16;39;25.006;18.66
1407;16;40;25.644;13.72
1408;16;40;29.273;15.35
1409;16;41;28.573;10.83
1410;16;41;34.917;23.59
1411;16;41;31.129;6.12
1412;16;42;23.885;22.64
1413;16;43;18.504;18.29
1414;16;44;44.526;21.48
1415;16;44;50.492;11.41
1416;16;45;60.565;14.5
1417;16;46;21.551;22.52
1418;16;46;26.241;22.27
1419;16;47;14.627;4.52
1420;16;47;18.163;21.47
1421;16;48;23.627;4.8
1422;16;48;29.529;19.13
1423;16;49;32.509;2.97
1424;17;18;41.151;14.17
1425;17;18;44.987;2.44
1426;17;18;31.218;23.33
1427;17;19;67.512;16.77
1428;17;19;83.411;4.85
1429;17;19;77.856;17.78
1430;17;20;19.06;15.26
1431;17;21;81.758;0.32
1432;17;21;70.315;8.65
1433;17;22;27.608;9.07
1434;17;23;21.006;2.17
1435;17;23;24.785;6.73
1436;17;23;22.836;16.79
1437;17;24;21.767;18.76
1438;17;25;55.671;13.04
1439;17;26;31.323;8.84
1440;17;26;32.097;5.12
1441;17;27;44.765;7.49
1442;17;27;45.091;0.46
1443;17;28;55.546;10.32
1444;17;28;56.44;7.49
1445;17;29;32.976;8.7
1446;17;29;40.034;6.88
1447;17;30;17.719;13.59
1448;17;30;18.583;24.22
1449;17;31;24.216;7.46
1450;17;32;28.129;0.43
1451;17;33;32.883;16.85
1452;17;34;4.095;14.17
1453;17;35;14.209;9.96
1454;17;35;13.611;1.92
1455;17;36;29.545;15.92
1456;17;36;23.282;0.78
1457;17;36;30.644;10.69
1458;17;37;0.51;9.51
1459;17;37;0.407;5.79
1460;17;38;23.844;23.82
1461;17;38;23.662;17.08
1462;17;38;24.06;3.98
1463;17;39;13.879;6.75
1464;17;40;4.209;8.95
1465;17;40;4.196;17.19
1466;17;41;19.886;1.06
1467;17;41;20.597;23.2
1468;17;42;22.563;11.72
1469;17;43;17.353;22.65
1470;17;43;13.434;0.0
1471;17;44;17.955;24.08
1472;17;45;51.138;1.14
1473;17;45;38.634;4.71
1474;17;45;44.712;9.96
1475;17;46;9.092;18.84
1476;17;46;8.417;1.76
1477;17;47;19.755;6.66
1478;17;48;30.524;19.21
1479;17;48;29.494;4.82
1480;17;48;25.744;13.16
1481;17;49;26.416;21.04
1482;18;19;103.288;6.79
1483;18;20;22.147;24.8
1484;18;21;77.535;2.23
1485;18;21;91.929;9.81
1486;18;21;87.335;5.65
1487;18;22;47.913;15.83
1488;18;23;20.174;0.97
1489;18;24;19.667;19.98
1490;18;24;20.223;1.71
1491;18;25;90.886;23.3
1492;18;26;15.711;2.53
1493;18;26;16.053;6.76
1494;18;26;16.42;18.02
1495;18;27;57.121;17.05
1496;18;28;31.508;23.74
1497;18;28;24.113;5.79
1498;18;28;33.619;6.74
1499;18;29;55.244;19.7
1500;18;29;60.919;20.34
1501;18;30;34.798;18.92
1502;18;31;17.206;4.7
1503;18;32;13.506;0.83
1504;18;32;15.088;2.81
1505;18;33;47.464;0.28
1506;18;33;51.883;21.56
1507;18;33;35.822;10.79
1508;18;34;45.119;7.83
1509;18;35;26.949;18.82
1510;18;36;20.032;18.73
1511;18;36;23.626;22.72
1512;18;37;41.317;10.63
1513;18;37;33.969;6.25
1514;18;37;41.551;23.72
1515;18;38;17.58;10.57
1516;18;38;17.78;1.93
1517;18;38;16.763;13.94
1518;18;39;30.681;15.05
1519;18;40;38.871;17.91
1520;18;40;38.589;18.19
1521;18;40;38.726;19.74
1522;18;41;30.057;6.38
1523;18;41;22.612;11.67
1524;18;42;23.888;23.53
1525;18;42;29.597;17.39
1526;18;42;21.343;12.51
1527;18;43;24.469;16.51
1528;18;44;58.677;13.29
1529;18;44;46.086;12.21
1530;18;45;79.455;6.49
1531;18;45;91.535;19.33
1532;18;45;78.51;24.66
1533;18;46;32.075;9.73
1534;18;46;33.518;10.01
1535;18;46;36.914;23.36
1536;18;47;21.427;23.28
1537;18;48;17.176;16.19
1538;18;48;20.949;21.11
1539;18;48;21.056;8.31
1540;18;49;30.026;12.58
1541;18;49;29.935;0.93
1542;18;49;32.34;14.94
1543;19;20;83.972;17.34
1544;19;20;67.14;6.34
1545;19;21;89.77;1.11
1546;19;21;98.624;8.07
1547;19;22;57.209;0.49
1548;19;22;45.823;5.74
1549;19;23;85.535;9.45
1550;19;24;86.899;14.21
1551;19;24;107.085;3.01
1552;19;24;77.669;16.66
1553;19;25;12.409;21.57
1554;19;25;11.245;3.08
1555;19;26;88.556;12.56
1556;19;27;103.777;21.93
1557;19;28;100.154;20.03
1558;19;28;91.216;5.15
1559;19;28;89.584;9.11
1560;19;29;89.327;4.3
1561;19;29;83.615;10.14
1562;19;30;68.519;1.48
1563;19;30;76.775;19.44
1564;19;30;82.217;18.85
1565;19;31;86.837;0.03
1566;19;31;105.509;4.63
1567;19;31;71.741;3.08
1568;19;32;92.705;13.3
1569;19;32;72.045;9.07
1570;19;33;94.672;14.81
1571;19;33;75.842;3.32
1572;19;34;63.744;19.59
1573;19;34;69.082;24.53
1574;19;35;79.454;6.05
1575;19;35;69.817;9.0
1576;19;36;96.727;18.9
1577;19;36;116.892;24.99
1578;19;37;67.678;17.47
1579;19;38;86.494;13.58
1580;19;38;104.42;11.77
1581;19;38;85.135;8.31
1582;19;39;81.373;15.86
1583;19;39;81.247;1.48
1584;19;40;67.493;18.55
1585;19;40;84.148;2.87
1586;19;41;87.307;17.0
1587;19;42;89.874;20.19
1588;19;42;69.382;8.8
1589;19;43;83.549;8.45
1590;19;43;66.111;14.49
1591;19;43;80.361;17.3
1592;19;44;51.357;15.16
1593;19;44;51.499;7.46
1594;19;45;29.586;23.87
1595;19;45;25.535;19.92
1596;19;45;27.56;8.26
1597;19;46;75.189;0.62
1598;19;46;92.579;19.23
1599;19;46;59.232;8.25
1600;19;47;84.45;12.36
1601;19;47;83.97;20.22
1602;19;48;97.279;6.88
1603;19;48;88.109;9.25
1604;19;49;93.673;18.56
1605;19;49;104.531;0.9
1606;20;21;78.211;2.99
1607;20;21;83.525;13.61
1608;20;21;84.889;16.88
1609;20;22;33.322;10.82
1610;20;23;1.983;18.27
1611;20;24;2.93;11.4
1612;20;24;2.643;14.65
1613;20;24;3.173;5.19
1614;20;25;71.72;0.38
1615;20;25;58.722;21.23
1616;20;25;65.264;14.21
1617;20;26;15.628;24.63
1618;20;27;45.512;5.89
1619;20;27;50.077;23.64
1620;20;28;42.003;3.66
1621;20;28;43.48;4.91
1622;20;28;48.753;22.46
1623;20;29;38.807;13.76
1624;20;29;42.083;10.64
1625;20;30;18.455;2.35
1626;20;30;23.058;3.13
1627;20;31;6.106;18.14
1628;20;31;7.269;6.04
1629;20;32;9.141;15.51
1630;20;33;33.68;0.93
1631;20;33;26.733;17.35
1632;20;34;23.084;23.32
1633;20;34;20.248;3.89
1634;20;34;25.378;2.23
1635;20;35;4.879;14.04
1636;20;35;5.744;20.8
1637;20;36;14.361;16.46
1638;20;37;19.202;1.48
1639;20;37;20.847;8.01
1640;20;37;17.601;2.67
1641;20;38;5.808;11.65
1642;20;38;5.049;16.94
1643;20;39;10.118;12.91
1644;20;39;11.149;6.55
1645;20;39;7.607;3.15
1646;20;40;17.198;18.11
1647;20;41;13.464;11.34
1648;20;41;11.757;11.74
1649;20;42;9.733;10.08
1650;20;42;10.273;5.18
1651;20;42;7.91;10.81
1652;20;43;3.328;16.18
1653;20;43;2.518;6.03
1654;20;44;36.819;2.96
1655;20;44;45.092;11.59
1656;20;45;63.257;5.95
1657;20;46;9.969;20.91
1658;20;47;0.76;20.14
1659;20;47;0.656;0.1
1660;20;48;13.896;24.23
1661;20;48;15.544;6.45
1662;20;48;12.05;16.98
1663;20;49;18.196;23.19
1664;20;49;15.259;3.16
1665;20;49;20.308;7.79
1666;21;22;55.85;13.4
1667;21;23;77.704;17.9
1668;21;23;70.799;19.8
1669;21;24;79.27;9.64
1670;21;24;91.396;5.01
1671;21;24;98.438;9.82
1672;21;25;81.461;14.27
1673;21;25;77.002;16.51
1674;21;26;66.004;1.45
1675;21;26;64.908;12.03
1676;21;27;123.244;20.91
1677;21;27;138.77;23.91
1678;21;28;48.572;15.43
1679;21;29;113.946;14.23
1680;21;29;133.809;11.69
1681;21;30;64.575;18.14
1682;21;31;74.351;20.77
1683;21;32;79.5;5.42
1684;21;33;111.086;20.33
1685;21;33;135.794;11.96
1686;21;34;82.258;16.05
1687;21;35;78.248;22.52
1688;21;35;73.498;1.62
1689;21;35;72.046;17.97
1690;21;36;90.019;14.83
1691;21;36;69.573;3.15
1692;21;36;111.078;15.24
1693;21;37;82.268;8.92
1694;21;37;68.94;7.25
1695;21;37;82.847;6.96
1696;21;38;74.36;12.2
1697;21;38;70.997;16.82
1698;21;39;86.088;15.69
1699;21;39;78.55;5.45
1700;21;40;77.694;9.72
1701;21;40;84.495;1.73
1702;21;41;91.381;21.89
1703;21;41;72.774;0.1
1704;21;42;87.759;9.43
1705;21;43;81.072;21.4
1706;21;43;65.482;24.07
1707;21;44;85.388;20.26
1708;21;45;61.781;22.21
1709;21;45;55.103;1.79
1710;21;45;54.767;1.7
1711;21;46;79.476;15.93
1712;21;46;61.054;20.5
1713;21;47;77.853;21.94
1714;21;47;71.811;22.38
1715;21;48;87.947;6.3
1716;21;48;78.167;11.61
1717;21;49;96.367;24.42
1718;22;23;34.129;22.03
1719;22;23;37.573;7.31
1720;22;23;26.648;1.34
1721;22;24;35.845;14.48
1722;22;24;39.551;9.35
1723;22;24;31.854;7.85
1724;22;25;44.955;19.65
1725;22;25;39.027;5.4
1726;22;26;32.378;9.39
1727;22;26;32.973;4.05
1728;22;26;25.708;5.04
1729;22;27;72.069;0.27
1730;22;27;54.111;18.53
1731;22;28;44.204;8.7
1732;22;29;60.577;21.05
1733;22;30;14.867;21.28
1734;22;30;17.684;11.25
1735;22;31;33.564;11.83
1736;22;31;35.557;16.54
1737;22;32;40.097;16.66
1738;22;32;48.616;8.6
1739;22;32;48.625;7.21
1740;22;33;59.967;1.92
1741;22;33;67.008;15.18
1742;22;34;27.129;10.45
1743;22;35;30.463;3.65
1744;22;36;47.682;5.37
1745;22;37;28.102;16.14
1746;22;37;27.665;14.24
1747;22;38;33.306;10.61
1748;22;38;34.364;6.1
1749;22;39;36.604;23.08
1750;22;40;24.109;0.19
1751;22;40;21.532;15.24
1752;22;40;19.363;12.97
1753;22;41;43.091;9.05
1754;22;41;35.731;10.12
1755;22;41;34.938;24.42
1756;22;42;42.276;6.7
1757;22;42;48.365;13.48
1758;22;43;34.637;19.74
1759;22;43;43.158;20.6
1760;22;43;40.558;22.6
1761;22;44;29.925;21.68
1762;22;44;31.878;2.07
1763;22;44;36.642;10.93
1764;22;45;31.549;24.11
1765;22;45;35.978;3.69
1766;22;46;28.902;18.33
1767;22;46;25.322;3.46
1768;22;46;27.924;19.51
1769;22;47;33.457;6.33
1770;22;47;30.253;12.66
1771;22;48;47.035;5.86
1772;22;48;37.346;22.98
1773;22;48;38.99;16.44
1774;22;49;49.491;9.17
1775;23;24;1.755;7.4
1776;23;24;1.484;16.78
1777;23;25;73.254;2.96
1778;23;26;14.157;24.07
1779;23;27;46.414;1.09
1780;23;27;54.533;3.9
1781;23;27;43.867;11.95
1782;23;28;40.544;22.3
1783;23;29;40.197;6.55
1784;23;29;37.335;20.97
1785;23;29;48.374;16.65
1786;23;30;19.289;19.39
1787;23;31;4.399;10.33
1788;23;31;3.836;13.75
1789;23;32;7.314;4.79
1790;23;32;6.554;22.48
1791;23;32;6.777;2.38
1792;23;33;34.729;8.05
1793;23;33;31.89;19.72
1794;23;34;25.015;4.66
1795;23;35;6.801;0.11
1796;23;36;13.739;17.39
1797;23;36;10.894;5.64
1798;23;36;14.006;5.81
1799;23;37;21.157;8.33
1800;23;37;23.115;15.2
1801;23;38;4.155;10.37
1802;23;38;3.996;19.36
1803;23;39;11.825;24.15
1804;23;40;19.032;9.91
1805;23;41;14.514;16.34
1806;23;41;16.779;17.85
1807;23;42;10.056;16.53
1808;23;43;4.963;2.22
1809;23;44;38.716;21.58
1810;23;45;64.413;16.58
1811;23;45;54.326;23.31
1812;23;46;11.916;1.79
1813;23;46;14.251;0.26
1814;23;47;1.253;16.9
1815;23;47;1.047;9.57
1816;23;48;12.906;7.81
1817;23;48;10.416;22.47
1818;23;49;18.686;9.81
1819;23;49;17.984;9.23
1820;24;25;74.643;9.66
1821;24;25;81.617;15.77
1822;24;26;15.151;13.22
1823;24;26;12.531;2.73
1824;24;26;13.372;8.49
1825;24;27;45.108;22.9
1826;24;28;41.462;15.23
1827;24;29;39.311;3.73
1828;24;29;41.87;15.08
1829;24;29;35.305;16.63
1830;24;30;20.993;6.65
1831;24;31;5.349;24.29
1832;24;31;5.098;2.12
1833;24;32;6.364;4.84
1834;24;32;6.566;0.08
1835;24;32;7.913;24.29
1836;24;33;33.542;16.84
1837;24;33;40.125;21.47
1838;24;33;30.671;0.46
1839;24;34;25.823;10.18
1840;24;35;7.711;22.88
1841;24;35;9.162;18.1
1842;24;35;8.153;24.84
1843;24;36;11.984;7.96
1844;24;36;10.881;19.08
1845;24;37;21.881;12.75
1846;24;37;20.18;11.5
1847;24;37;23.613;4.98
1848;24;38;5.201;2.11
1849;24;39;11.496;17.14
1850;24;40;20.072;3.31
1851;24;40;24.67;17.38
1852;24;40;18.777;24.76
1853;24;41;13.413;13.21
1854;24;41;10.365;19.47
1855;24;41;13.568;17.76
1856;24;42;8.547;7.75
1857;24;42;6.682;9.91
1858;24;43;4.84;2.54
1859;24;43;4.318;17.45
1860;24;43;4.772;17.38
1861;24;44;39.61;12.43
1862;24;45;66.028;15.05
1863;24;45;59.298;7.18
1864;24;46;12.704;16.48
1865;24;47;2.493;12.96
1866;24;47;2.729;23.58
1867;24;48;11.204;7.4
1868;24;48;13.618;17.37
1869;24;49;17.194;3.47
1870;25;26;76.152;11.2
1871;25;26;59.989;24.51
1872;25;27;93.718;8.3
1873;25;28;88.29;15.75
1874;25;29;79.353;18.44
1875;25;30;56.111;6.86
1876;25;31;74.479;0.57
1877;25;31;91.303;7.39
1878;25;31;58.018;0.47
1879;25;32;80.393;1.82
1880;25;32;93.29;9.21
1881;25;33;84.042;16.42
1882;25;33;76.81;19.45
1883;25;33;103.711;23.15
1884;25;34;52.016;12.35
1885;25;34;45.415;16.23
1886;25;34;63.136;21.97
1887;25;35;67.256;24.77
1888;25;35;59.264;18.68
1889;25;36;84.661;17.15
1890;25;36;73.809;12.63
1891;25;37;55.866;0.03
1892;25;37;67.551;5.08
1893;25;37;45.735;9.85
1894;25;38;74.139;11.74
1895;25;38;67.995;25.0
1896;25;39;69.475;20.19
1897;25;39;54.638;13.49
1898;25;39;83.725;11.21
1899;25;40;55.425;14.86
1900;25;41;75.54;22.39
1901;25;41;61.642;0.19
1902;25;41;64.548;10.92
1903;25;42;77.863;2.37
1904;25;42;76.673;9.57
1905;25;43;71.392;18.04
1906;25;43;70.396;8.32
1907;25;44;40.269;23.31
1908;25;45;19.736;2.65
1909;25;46;63.095;19.57
1910;25;46;49.424;21.06
1911;25;46;74.831;22.24
1912;25;47;72.184;2.48
1913;25;48;85.129;2.41
1914;25;49;81.991;12.13
1915;26;27;60.087;19.19
1916;26;27;51.495;2.27
1917;26;28;26.392;17.59
1918;26;28;29.449;20.96
1919;26;29;54.354;11.43
1920;26;29;59.973;7.09
1921;26;29;62.24;13.5
1922;26;30;20.283;10.28
1923;26;31;9.821;11.7
1924;26;31;11.719;11.09
1925;26;31;8.717;14.91
1926;26;32;13.583;3.12
1927;26;32;11.785;21.13
1928;26;33;48.666;5.09
1929;26;33;53.005;5.31
1930;26;33;43.949;12.63
1931;26;34;34.77;2.82
1932;26;34;33.515;20.92
1933;26;35;18.772;17.62
1934;26;36;24.198;10.79
1935;26;37;31.642;20.38
1936;26;37;32.593;1.32
1937;26;37;29.022;10.98
1938;26;38;10.018;14.06
1939;26;39;25.71;3.18
1940;26;39;19.835;11.58
1941;26;39;22.079;11.38
1942;26;40;27.982;1.64
1943;26;40;31.251;17.42
1944;26;41;28.563;6.66
1945;26;42;23.397;8.71
1946;26;42;24.11;16.68
1947;26;42;17.554;20.2
1948;26;43;18.951;10.89
1949;26;44;47.207;18.73
1950;26;45;63.918;23.37
1951;26;45;77.526;16.82
1952;26;46;23.195;4.75
1953;26;47;14.954;20.45
1954;26;47;11.952;17.91
1955;26;48;21.979;16.13
1956;26;49;31.884;16.41
1957;26;49;30.706;18.48
1958;27;28;85.857;19.71
1959;27;28;91.735;19.94
1960;27;28;73.885;5.25
1961;27;29;14.458;12.38
1962;27;30;59.458;9.95
1963;27;30;61.354;9.87
1964;27;31;50.429;24.04
1965;27;32;47.294;21.9
1966;27;32;50.931;11.72
1967;27;32;48.343;3.84
1968;27;33;12.233;20.96
1969;27;33;12.974;13.45
1970;27;34;46.439;20.55
1971;27;34;50.246;15.49
1972;27;34;44.415;1.41
1973;27;35;44.999;12.62
1974;27;35;35.487;13.25
1975;27;35;35.915;19.79
1976;27;36;37.461;17.59
1977;27;36;37.58;18.39
1978;27;36;33.026;20.28
1979;27;37;44.304;12.84
1980;27;37;36.945;10.28
1981;27;38;50.305;3.32
1982;27;38;53.297;8.95
1983;27;39;37.171;11.23
1984;27;39;33.137;8.95
1985;27;39;42.293;18.76
1986;27;40;47.972;9.26
1987;27;41;32.067;7.22
1988;27;41;33.01;10.82
1989;27;41;27.188;3.62
1990;27;42;36.692;10.75
1991;27;43;42.419;11.36
1992;27;43;45.659;24.48
1993;27;43;43.936;23.94
1994;27;44;54.067;9.21
1995;27;44;63.917;15.15
1996;27;44;46.791;6.35
1997;27;45;94.2;9.16
1998;27;45;89.835;14.65
1999;27;45;104.919;3.35
2000;27;46;44.149;2.86
2001;27;47;45.992;20.51
2002;27;48;40.279;20.0
2003;27;48;31.559;13.62
2004;27;49;28.285;22.73
2005;27;49;29.768;14.47
2006;27;49;24.809;10.98
2007;28;29;80.739;16.01
2008;28;30;39.809;19.75
2009;28;30;41.398;13.84
2010;28;31;36.181;5.31
2011;28;31;36.779;15.09
2012;28;32;38.565;18.85
2013;28;32;34.757;8.66
2014;28;33;74.782;6.93
2015;28;33;73.731;16.7
2016;28;34;58.31;11.19
2017;28;34;62.598;3.58
2018;28;35;44.744;23.11
2019;28;35;37.846;23.67
2020;28;35;54.533;24.31
2021;28;36;48.738;17.56
2022;28;36;47.582;24.71
2023;28;37;55.952;3.14
2024;28;37;50.034;1.9
2025;28;37;55.232;2.13
2026;28;38;36.396;20.37
2027;28;38;41.655;13.61
2028;28;38;41.943;16.18
2029;28;39;52.035;15.72
2030;28;39;46.442;4.11
2031;28;40;51.627;18.35
2032;28;41;54.858;1.22
2033;28;41;57.622;16.57
2034;28;41;47.943;0.7
2035;28;42;49.403;9.9
2036;28;42;49.693;16.3
2037;28;43;45.33;16.44
2038;28;43;36.759;7.56
2039;28;43;52.136;13.52
2040;28;44;68.653;18.11
2041;28;45;71.704;1.35
2042;28;45;73.988;9.66
2043;28;45;71.634;15.35
2044;28;46;48.598;11.94
2045;28;47;41.339;6.18
2046;28;47;42.456;4.6
2047;28;48;46.073;14.15
2048;28;48;55.541;20.87
2049;28;48;56.519;16.06
2050;28;49;57.583;3.5
2051;29;30;49.387;17.59
2052;29;30;58.979;16.55
2053;29;30;37.496;6.85
2054;29;31;44.56;22.23
2055;29;31;49.061;0.38
2056;29;31;44.777;1.05
2057;29;32;43.229;15.93
2058;29;32;39.305;22.31
2059;29;32;42.599;5.02
2060;29;33;9.65;3.52
2061;29;33;10.989;19.78
2062;29;34;33.876;4.55
2063;29;34;33.982;22.16
2064;29;35;36.879;14.34
2065;29;35;28.134;10.25
2066;29;36;35.37;4.08
2067;29;37;32.478;3.48
2068;29;38;44.343;1.54
2069;29;38;43.699;20.6
2070;29;39;29.046;19.95
2071;29;40;36.695;24.7
2072;29;40;34.015;15.22
2073;29;40;35.391;17.58
2074;29;41;26.038;22.11
2075;29;41;21.268;24.8
2076;29;42;31.945;18.98
2077;29;43;35.485;6.49
2078;29;43;38.416;16.1
2079;29;44;40.013;17.94
2080;29;44;30.267;20.65
2081;29;44;49.356;9.18
2082;29;45;80.577;3.03
2083;29;45;79.31;3.36
2084;29;46;34.629;5.88
2085;29;47;39.442;5.51
2086;29;47;31.06;6.05
2087;29;47;37.214;16.73
2088;29;48;38.17;20.32
2089;29;48;31.338;7.64
2090;29;49;25.336;19.01
2091;29;49;27.908;7.0
2092;30;31;19.096;20.84
2093;30;32;25.527;17.51
2094;30;32;31.537;10.52
2095;30;32;19.598;9.51
2096;30;33;47.226;22.53
2097;30;33;56.846;2.39
2098;30;34;19.386;3.62
2099;30;34;20.265;8.62
2100;30;34;18.289;18.44
2101;30;35;15.85;10.17
2102;30;35;14.68;23.68
2103;30;35;17.5;6.72
2104;30;36;32.816;24.51
2105;30;36;39.09;13.22
2106;30;36;36.439;8.29
2107;30;37;18.213;14.61
2108;30;38;18.804;16.96
2109;30;38;20.585;18.14
2110;30;38;22.896;17.73
2111;30;39;22.715;14.09
2112;30;39;22.968;12.57
2113;30;39;21.922;2.44
2114;30;40;13.514;22.78
2115;30;41;28.942;2.44
2116;30;42;27.548;4.42
2117;30;42;32.66;1.31
2118;30;43;19.896;18.08
2119;30;43;15.084;13.44
2120;30;44;28.875;9.44
2121;30;44;26.491;4.2
2122;30;45;45.45;20.7
2123;30;46;15.322;5.85
2124;30;47;18.593;2.09
2125;30;47;15.067;9.54
2126;30;47;19.263;11.88
2127;30;48;32.193;14.27
2128;30;49;35.108;10.64
2129;30;49;30.12;6.97
2130;31;32;6.555;8.64
2131;31;33;38.89;8.76
2132;31;34;28.088;21.43
2133;31;35;10.255;24.2
2134;31;35;10.128;17.32
2135;31;36;15.933;7.71
2136;31;37;24.429;6.32
2137;31;37;25.939;22.88
2138;31;37;27.06;13.52
2139;31;38;0.375;8.3
2140;31;39;16.188;10.17
2141;31;40;21.699;5.39
2142;31;40;17.15;21.01
2143;31;40;24.622;3.02
2144;31;41;18.747;22.47
2145;31;42;13.779;19.89
2146;31;42;14.428;17.0
2147;31;43;9.332;14.2
2148;31;43;9.579;1.27
2149;31;44;41.51;17.36
2150;31;45;64.545;16.06
2151;31;45;57.592;14.89
2152;31;46;15.282;7.06
2153;31;47;5.368;21.49
2154;31;47;6.172;21.52
2155;31;48;14.37;8.89
2156;31;48;17.098;15.89
2157;31;49;22.391;1.53
2158;32;33;36.426;5.33
2159;32;34;32.181;5.33
2160;32;35;14.015;17.33
2161;32;36;10.621;13.75
2162;32;37;28.245;12.26
2163;32;37;30.605;11.34
2164;32;38;6.795;24.55
2165;32;38;6.855;9.09
2166;32;38;8.224;7.19
2167;32;39;17.191;12.61
2168;32;39;14.741;15.29
2169;32;39;17.845;21.44
2170;32;40;26.329;11.18
2171;32;40;32.092;6.65
2172;32;41;17.313;14.44
2173;32;42;11.284;17.78
2174;32;43;11.037;17.04
2175;32;43;9.863;16.16
2176;32;44;45.95;3.29
2177;32;45;70.959;14.21
2178;32;46;19.057;1.64
2179;32;46;19.89;11.14
2180;32;46;20.914;20.05
2181;32;47;8.515;17.29
2182;32;47;10.499;2.65
2183;32;47;6.759;10.06
2184;32;48;8.456;15.34
2185;32;49;19.04;3.46
2186;32;49;15.333;24.12
2187;32;49;17.553;3.3
2188;33;34;34.88;5.6
2189;33;35;32.873;1.95
2190;33;35;31.205;14.74
2191;33;35;39.48;17.72
2192;33;36;27.435;6.02
2193;33;36;29.029;18.01
2194;33;36;27.687;11.74
2195;33;37;32.441;4.12
2196;33;37;34.631;3.84
2197;33;37;30.563;18.27
2198;33;38;38.735;20.61
2199;33;39;24.998;24.98
2200;33;39;19.642;8.38
2201;33;39;25.349;10.25
2202;33;40;35.914;2.35
2203;33;40;40.242;20.33
2204;33;40;41.982;15.16
2205;33;41;20.231;4.72
2206;33;42;25.379;19.95
2207;33;42;30.13;17.48
2208;33;43;30.501;22.14
2209;33;44;43.864;8.8
2210;33;45;83.108;18.01
2211;33;45;96.892;2.64
2212;33;46;31.916;12.56
2213;33;46;26.281;17.63
2214;33;46;36.171;12.59
2215;33;47;34.206;16.35
2216;33;47;25.667;11.11
2217;33;47;27.07;18.54
2218;33;48;30.294;12.84
2219;33;48;24.809;3.2
2220;33;48;36.613;1.03
2221;33;49;17.549;20.99
2222;33;49;14.967;1.89
2223;33;49;20.026;8.18
2224;34;35;18.214;23.37
2225;34;36;33.559;15.73
2226;34;37;4.094;23.98
2227;34;37;3.454;2.13
2228;34;37;4.46;23.75
2229;34;38;27.714;14.53
2230;34;38;30.533;16.44
2231;34;39;17.796;1.98
2232;34;40;6.815;12.66
2233;34;41;23.563;20.31
2234;34;41;22.911;3.9
2235;34;41;27.772;1.37
2236;34;42;26.561;21.69
2237;34;42;21.327;4.54
2238;34;42;28.83;16.49
2239;34;43;21.444;7.36
2240;34;43;21.72;15.47
2241;34;43;24.679;23.19
2242;34;44;13.861;20.35
2243;34;44;15.04;10.64
2244;34;44;11.573;8.49
2245;34;45;48.414;21.55
2246;34;45;42.645;11.03
2247;34;45;42.734;1.59
2248;34;46;13.124;1.59
2249;34;46;13.242;6.01
2250;34;46;15.174;24.85
2251;34;47;23.766;21.78
2252;34;47;27.679;15.7
2253;34;48;34.592;17.09
2254;34;48;38.528;10.24
2255;34;49;29.975;14.05
2256;34;49;30.634;22.79
2257;34;49;25.545;4.7
2258;35;36;17.835;2.1
2259;35;36;21.81;24.33
2260;35;37;14.368;17.45
2261;35;37;13.479;16.66
2262;35;37;15.276;4.67
2263;35;38;9.898;3.96
2264;35;38;9.001;23.18
2265;35;38;7.919;5.38
2266;35;39;7.937;14.41
2267;35;39;7.195;1.52
2268;35;39;9.146;12.56
2269;35;40;12.365;6.58
2270;35;40;13.816;2.48
2271;35;40;12.052;19.35
2272;35;41;13.365;23.52
2273;35;41;10.683;15.84
2274;35;41;16.55;11.84
2275;35;42;11.84;10.97
2276;35;42;9.82;4.04
2277;35;42;12.053;15.11
2278;35;43;4.319;7.57
2279;35;43;4.917;2.89
2280;35;44;31.94;15.88
2281;35;44;31.888;14.07
2282;35;44;24.123;11.04
2283;35;45;59.499;21.34
2284;35;45;54.856;9.53
2285;35;45;51.903;4.3
2286;35;46;5.126;15.3
2287;35;46;5.404;7.87
2288;35;47;5.552;23.7
2289;35;48;17.927;7.33
2290;35;49;19.29;23.86
2291;36;37;29.473;18.45
2292;36;38;16.005;1.33
2293;36;39;15.867;18.76
2294;36;39;13.84;22.8
2295;36;39;18.203;17.02
2296;36;40;29.241;15.44
2297;36;40;22.436;19.9
2298;36;41;11.905;18.79
2299;36;41;14.771;8.78
2300;36;41;14.152;17.03
2301;36;42;7.011;24.34
2302;36;43;13.525;24.15
2303;36;43;12.873;5.27
2304;36;43;10.176;7.11
2305;36;44;47.253;17.8
2306;36;45;77.323;10.57
2307;36;45;61.953;24.94
2308;36;45;65.609;7.9
2309;36;46;21.57;12.33
2310;36;46;22.203;1.38
2311;36;47;14.258;10.04
2312;36;48;2.861;18.54
2313;36;48;3.306;8.72
2314;36;49;10.043;15.34
2315;37;38;24.059;15.63
2316;37;39;13.75;0.07
2317;37;39;14.708;21.33
2318;37;40;4.7;24.31
2319;37;40;3.719;19.21
2320;37;40;5.707;21.58
2321;37;41;19.676;17.61
2322;37;41;17.599;22.82
2323;37;42;22.48;2.89
2324;37;42;23.878;12.13
2325;37;43;17.417;7.7
2326;37;43;15.498;6.43
2327;37;44;17.931;23.03
2328;37;44;16.793;0.07
2329;37;45;51.487;19.51
2330;37;45;56.303;5.14
2331;37;46;9.242;6.81
2332;37;46;7.775;0.59
2333;37;46;9.308;14.71
2334;37;47;19.904;17.27
2335;37;48;30.499;24.73
2336;37;48;30.821;16.9
2337;37;48;35.471;7.19
2338;37;49;26.179;10.65
2339;37;49;24.916;20.11
2340;37;49;28.389;2.66
2341;38;39;15.908;10.26
2342;38;39;15.38;12.62
2343;38;40;21.324;17.24
2344;38;40;25.989;24.27
2345;38;40;21.087;16.44
2346;38;41;18.569;21.24
2347;38;41;22.245;2.5
2348;38;41;19.091;4.87
2349;38;42;13.682;24.6
2350;38;42;10.622;4.63
2351;38;43;9.059;10.91
2352;38;43;9.619;19.75
2353;38;44;41.135;24.08
2354;38;44;50.301;0.11
2355;38;45;64.253;8.15
2356;38;45;49.763;17.41
2357;38;46;14.917;17.57
2358;38;46;13.178;14.03
2359;38;47;5.077;0.75
2360;38;48;14.499;8.62
2361;38;48;13.674;7.04
2362;38;48;14.161;6.57
2363;38;49;22.308;15.96
2364;38;49;19.628;8.32
2365;38;49;20.043;20.8
2366;39;40;14.425;13.24
2367;39;41;6.594;20.66
2368;39;41;7.645;14.49
2369;39;42;8.861;15.43
2370;39;43;6.862;23.93
2371;39;43;8.313;19.89
2372;39;43;6.29;16.65
2373;39;44;31.396;11.05
2374;39;44;35.563;18.65
2375;39;45;63.784;20.51
2376;39;46;7.716;4.99
2377;39;47;10.833;21.19
2378;39;48;17.216;15.32
2379;39;48;18.416;10.83
2380;39;49;13.217;17.85
2381;39;49;14.91;17.77
2382;39;49;12.774;4.11
2383;40;41;20.912;1.99
2384;40;41;15.688;19.99
2385;40;41;25.116;18.99
2386;40;42;22.457;7.86
2387;40;42;21.7;20.5
2388;40;42;22.859;1.47
2389;40;43;16.173;3.42
2390;40;43;16.374;19.92
2391;40;44;19.811;7.05
2392;40;44;16.51;8.44
2393;40;45;49.42;5.99
2394;40;45;48.642;24.19
2395;40;46;7.708;1.42
2396;40;46;5.79;16.18
2397;40;47;17.815;18.6
2398;40;47;19.961;17.18
2399;40;47;16.65;5.2
2400;40;48;29.834;10.22
2401;40;48;34.798;24.73
2402;40;48;28.863;7.51
2403;40;49;27.562;12.14
2404;40;49;25.153;17.08
2405;40;49;30.056;1.89
2406;41;42;6.171;18.13
2407;41;42;7.509;24.46
2408;41;43;10.358;19.61
2409;41;43;8.412;1.95
2410;41;43;11.336;20.55
2411;41;44;36.675;12.11
2412;41;45;70.322;20.1
2413;41;45;66.842;16.86
2414;41;45;86.175;9.88
2415;41;46;14.274;15.31
2416;41;46;11.725;10.19
2417;41;47;13.977;5.46
2418;41;47;15.441;8.46
2419;41;48;14.098;13.48
2420;41;49;6.651;20.33
2421;41;49;5.784;1.29
2422;42;43;7.652;16.7
2423;42;44;40.242;16.1
2424;42;45;71.122;10.99
2425;42;45;84.964;7.24
2426;42;45;70.193;16.61
2427;42;46;14.887;8.04
2428;42;47;9.975;22.13
2429;42;48;8.509;2.6
2430;42;48;7.602;20.59
2431;42;49;8.647;10.45
2432;42;49;6.631;22.57
2433;43;44;35.298;22.91
2434;43;44;32.759;19.74
2435;43;44;40.523;14.96
2436;43;45;63.818;3.73
2437;43;45;70.592;22.4
2438;43;45;59.153;11.91
2439;43;46;8.507;0.83
2440;43;47;4.002;15.43
2441;43;47;3.748;17.38
2442;43;48;13.737;1.42
2443;43;48;11.382;16.52
2444;43;49;15.608;2.16
2445;44;45;40.915;18.68
2446;44;45;38.811;1.22
2447;44;46;26.913;8.37
2448;44;46;28.679;2.1
2449;44;47;37.478;19.48
2450;44;47;43.242;2.67
2451;44;48;48.397;24.88
2452;44;48;42.982;23.66
2453;44;49;42.745;0.22
2454;45;46;56.41;6.46
2455;45;46;66.436;4.79
2456;45;47;63.546;7.2
2457;45;47;78.705;19.68
2458;45;47;61.773;18.49
2459;45;48;77.149;1.79
2460;45;48;76.947;19.9
2461;45;49;76.973;9.9
2462;45;49;93.176;21.87
2463;45;49;82.929;22.14
2464;46;47;10.664;24.07
2465;46;47;9.378;15.5
2466;46;48;22.127;18.44
2467;46;48;16.862;2.67
2468;46;49;20.827;7.9
2469;47;48;13.646;24.51
2470;47;48;15.555;17.24
2471;47;48;15.557;13.02
2472;47;49;18.52;17.45
2473;47;49;18.701;1.7
2474;48;49;12.868;1.74
2475;48;49;15.497;4.17
