VERTEX_COUNT 50
PATH_COUNT 1
BUDGET 240
<------------ VERTICES ------------>
0;START;41.374834;2.170055;0.0;0.0
1;Basilica of the Sagrada Família;41.403568;2.174435;45.0;84.79
2;Anella Olímpica(Olympic Park);41.364778;2.152575;45.0;84.54
3;Palau Güell;41.378864;2.174117;45.0;82.62
4;La Pedrera (Casa Milà);41.395271;2.161785;45.0;79.25
5;Galeria d’Art Mar Grup Escolà;41.392349;2.167836;45.0;77.01
6;Basilica of Sants Just i Pastor;41.382812;2.178195;45.0;76.48
7;Avinguda d’Icària;41.391556;2.197416;45.0;75.93
8;Parc de la Ciutadella;41.389248;2.186548;45.0;75.56
9;Museu d’Història de Catalunya - MHC;41.380852;2.185799;45.0;74.54
10;Parc de Diagonal Mar;41.407215;2.214539;45.0;74.11
11;Museu Nacional d’Art de Catalunya;41.36882;2.153347;45.0;73.88
12;Montjuïc Castle;41.363823;2.167096;45.0;71.74
13;Poble Espanyol;41.368679;2.147031;45.0;69.84
14;L’Aquàrium;41.376625;2.184117;45.0;69.49
15;Platja de la Nova Mar Bella;41.40205;2.21529;45.0;69.44
16;Passeig de Gràcia;41.390739;2.166672;45.0;68.64
17;Park Güell;41.414249;2.151926;45.0;65.27
18;Museu Palmero;41.424667;2.139856;45.0;63.94
19;Museu Frederic Marès;41.384178;2.176819;45.0;60.44
20;Platja de la Barceloneta;41.379158;2.192717;45.0;60.4
21;La Colmena;41.383835;2.178294;45.0;60.02
22;Casa Batlló;41.391758;2.164961;45.0;59.91
23;Rambla del Raval;41.378681;2.169317;45.0;59.23
24;Plaça de Catalunya;41.387005;2.17003;45.0;59.14
25;Antic Hospital de la Santa Creu;41.380573;2.170374;45.0;58.94
26;90th Jean Bouin;41.373077;2.150465;45.0;58.77
27;Turó de la Rovira viewing point;41.419388;2.161812;45.0;58.73
28;Basilica of Santa Maria del Mar;41.383518;2.1818;45.0;58.62
29;Lorena Ruiz de Villa;41.397858;2.146705;45.0;58.24
30;Plaça del Rei;41.384144;2.177409;45.0;57.92
31;Casa Martí, Els Quatre Gats ;41.385775;2.173671;45.0;57.5
32;Royal Dockyards Museu Marítim ;41.375286;2.17598;45.0;57.1
33;Parc de la Creueta del Coll;41.41935;2.146432;45.0;56.82
34;Poblenou Cemetery;41.394859;2.201189;45.0;56.75
35;Platja del Bogatell;41.394341;2.2066;45.0;56.63
36;Palau Sant Jordi;41.363441;2.152537;45.0;55.1
37;Despair;41.387653;2.188076;45.0;54.69
38;Casa Vicens;41.403442;2.150684;45.0;52.95
39;Museu Picasso;41.385181;2.180863;45.0;51.93
40;Arts Santa Mònica;41.37722;2.176012;45.0;51.09
41;Museu de la Moto ;41.383327;2.174488;45.0;51.04
42;Palau Montaner;41.39555;2.1652;45.0;50.47
43;Monument to Doctor Robert;41.394924;2.175599;45.0;50.4
44;Barcelona Head;41.380924;2.182465;45.0;50.32
45;Casa Comalat;41.397072;2.160723;45.0;50.04
46;Maeght;41.384689;2.181526;45.0;49.3
47;Santa Eulàlia small schooner;41.376385;2.179861;45.0;49.02
48;El Fossar de les Moreres;41.383713;2.18243;45.0;48.86
49;FINISH;41.374834;2.170055;0.0;0.0
<------------- EDGES -------------->
0;0;1;49.491;18.07
1;0;2;28.285;12.72
2;0;3;8.647;12.61
3;0;4;36.549;0.86
4;0;4;44.987;22.89
5;0;4;30.142;24.89
6;0;5;30.107;5.33
7;0;5;24.336;3.77
8;0;6;17.194;7.03
9;0;6;20.069;16.24
10;0;6;14.205;15.49
11;0;7;45.309;2.0
12;0;8;32.509;10.16
13;0;9;22.688;17.34
14;0;10;79.572;24.57
15;0;11;23.796;24.48
16;0;11;20.617;10.23
17;0;11;29.537;3.86
18;0;12;19.222;23.12
19;0;12;23.405;14.37
20;0;12;15.103;1.81
21;0;13;31.387;23.47
22;0;13;25.981;1.95
23;0;14;18.315;3.17
24;0;15;74.442;8.08
25;0;16;27.562;4.81
26;0;16;32.236;16.48
27;0;17;71.35;6.43
28;0;18;93.673;5.52
29;0;18;107.877;18.84
30;0;19;18.196;22.73
31;0;19;14.444;14.68
32;0;19;14.249;1.91
33;0;20;30.026;16.88
34;0;20;34.216;21.37
35;0;21;18.686;6.65
36;0;22;29.69;7.36
37;0;23;6.651;23.02
38;0;23;7.435;21.2
39;0;24;20.827;3.42
40;0;25;9.829;19.21
41;0;25;8.688;5.4
42;0;25;9.152;18.92
43;0;26;25.336;13.47
44;0;26;20.76;18.1
45;0;26;30.252;24.42
46;0;27;76.973;3.42
47;0;28;21.172;17.72
48;0;28;21.68;17.41
49;0;28;18.099;14.45
50;0;29;49.508;17.79
51;0;30;18.52;13.89
52;0;31;19.29;6.42
53;0;31;19.643;22.9
54;0;31;19.272;14.16
55;0;32;7.648;0.62
56;0;32;6.568;16.04
57;0;33;81.991;15.45
58;0;33;93.183;22.39
59;0;33;72.919;16.32
60;0;34;52.651;9.06
61;0;34;57.575;22.77
62;0;35;57.583;22.73
63;0;36;29.769;14.8
64;0;36;32.17;24.66
65;0;36;22.425;7.13
66;0;37;31.884;9.85
67;0;38;54.909;18.96
68;0;39;22.496;2.99
69;0;39;22.754;11.3
70;0;39;18.865;19.27
71;0;40;8.671;14.71
72;0;40;6.784;20.94
73;0;41;15.608;22.8
74;0;42;35.994;24.09
75;0;42;44.59;14.78
76;0;43;35.108;23.92
77;0;44;19.04;16.87
78;0;44;19.076;12.24
79;0;44;18.38;2.58
80;0;45;39.896;16.68
81;0;46;22.391;21.77
82;0;46;26.925;13.2
83;0;47;12.868;7.1
84;0;47;12.79;1.27
85;0;47;16.036;22.78
86;0;48;21.985;3.71
87;0;48;25.246;14.28
88;0;48;20.566;17.17
89;0;49;0.0;5.12
90;0;49;0.0;19.63
91;1;2;72.069;4.9
92;1;2;86.747;21.35
93;1;3;42.276;23.11
94;1;4;21.57;17.88
95;1;4;22.505;14.58
96;1;5;20.984;5.13
97;1;5;17.115;24.18
98;1;6;35.845;17.82
99;1;6;31.064;22.19
100;1;7;35.955;9.81
101;1;8;29.022;15.02
102;1;8;30.268;11.1
103;1;9;41.52;24.72
104;1;9;43.084;10.57
105;1;10;51.851;11.95
106;1;11;65.336;9.65
107;1;12;68.662;14.04
108;1;12;73.275;9.9
109;1;12;71.48;22.94
110;1;13;69.299;17.19
111;1;13;78.085;19.7
112;1;13;71.267;4.6
113;1;14;47.752;24.18
114;1;14;50.161;10.59
115;1;14;53.296;5.97
116;1;15;52.504;3.78
117;1;15;51.92;3.92
118;1;15;64.235;11.06
119;1;16;24.109;5.72
120;1;16;26.632;11.01
121;1;17;34.185;17.08
122;1;18;57.209;3.88
123;1;18;50.266;6.1
124;1;19;33.322;6.9
125;1;19;27.564;14.06
126;1;19;34.219;15.31
127;1;20;47.913;10.11
128;1;20;55.611;15.32
129;1;21;34.129;20.26
130;1;21;32.034;5.79
131;1;22;23.587;23.95
132;1;23;43.091;13.89
133;1;23;51.772;12.18
134;1;24;28.902;10.93
135;1;24;30.838;7.6
136;1;25;39.694;9.24
137;1;26;60.577;6.02
138;1;26;63.039;23.37
139;1;26;46.79;8.28
140;1;27;31.549;21.57
141;1;27;26.747;14.92
142;1;28;35.589;3.62
143;1;29;36.911;14.6
144;1;29;42.21;15.49
145;1;30;33.457;19.92
146;1;30;26.935;16.32
147;1;30;41.112;15.83
148;1;31;30.463;7.36
149;1;31;33.46;2.4
150;1;32;48.438;1.42
151;1;32;59.908;20.34
152;1;33;44.955;23.84
153;1;33;53.514;3.54
154;1;34;37.436;12.37
155;1;35;44.204;20.17
156;1;35;44.542;22.64
157;1;35;50.052;16.44
158;1;36;74.2;11.23
159;1;36;62.652;1.41
160;1;37;32.378;15.35
161;1;37;26.324;3.82
162;1;37;33.618;21.57
163;1;38;30.486;24.8
164;1;38;32.987;12.96
165;1;39;32.528;7.29
166;1;39;26.678;20.37
167;1;40;45.133;18.78
168;1;40;53.199;10.7
169;1;40;52.797;24.84
170;1;41;34.637;9.57
171;1;41;37.546;10.53
172;1;42;18.132;24.99
173;1;43;14.867;4.31
174;1;44;40.097;18.3
175;1;45;20.817;3.81
176;1;46;33.564;20.45
177;1;46;37.915;21.54
178;1;47;47.035;3.35
179;1;47;55.267;6.9
180;1;48;35.493;10.93
181;1;48;30.159;13.44
182;1;48;30.825;11.87
183;1;49;49.491;6.19
184;1;49;57.118;18.57
185;2;3;36.692;12.92
186;2;3;37.19;5.22
187;2;3;29.726;22.16
188;2;4;53.504;1.94
189;2;4;57.597;18.26
190;2;5;51.088;14.96
191;2;6;45.108;19.33
192;2;7;73.587;23.4
193;2;7;69.678;0.71
194;2;8;60.469;0.5
195;2;9;50.763;13.46
196;2;10;107.715;16.77
197;2;10;119.713;0.89
198;2;11;6.988;10.18
199;2;11;7.825;16.79
200;2;12;18.721;3.47
201;2;13;9.76;3.41
202;2;13;9.682;0.75
203;2;14;45.296;1.12
204;2;14;43.928;2.81
205;2;15;102.722;16.04
206;2;16;47.972;5.58
207;2;16;41.902;15.98
208;2;17;84.661;14.47
209;2;18;103.777;13.64
210;2;18;118.738;16.76
211;2;19;45.512;21.84
212;2;19;53.541;5.38
213;2;19;44.532;3.35
214;2;20;57.121;10.44
215;2;21;46.414;10.09
216;2;22;48.832;18.18
217;2;23;32.067;24.7
218;2;23;33.103;5.19
219;2;23;38.136;4.43
220;2;24;44.149;16.04
221;2;25;35.398;24.39
222;2;26;14.458;9.2
223;2;27;94.2;23.83
224;2;28;49.364;3.57
225;2;28;58.497;14.22
226;2;29;57.108;7.48
227;2;29;45.222;16.77
228;2;30;45.992;4.38
229;2;30;39.086;23.78
230;2;30;50.524;3.87
231;2;31;44.999;4.09
232;2;31;40.513;9.91
233;2;31;34.937;5.32
234;2;32;35.025;13.83
235;2;33;93.718;19.89
236;2;33;105.625;23.87
237;2;34;80.908;0.34
238;2;35;85.857;9.63
239;2;35;64.732;6.23
240;2;35;93.36;13.88
241;2;36;2.288;14.54
242;2;37;60.087;8.44
243;2;38;66.208;21.75
244;2;39;50.384;1.45
245;2;40;36.867;12.72
246;2;40;31.01;22.09
247;2;41;42.419;0.34
248;2;42;55.097;5.02
249;2;43;59.458;0.45
250;2;43;66.792;12.89
251;2;43;53.581;21.78
252;2;44;47.294;12.87
253;2;44;41.176;16.96
254;2;44;56.896;11.58
255;2;45;56.245;10.13
256;2;45;48.568;0.56
257;2;46;50.429;14.33
258;2;46;52.684;22.2
259;2;46;38.079;21.54
260;2;47;40.279;19.7
261;2;48;50.197;10.07
262;2;49;28.285;22.37
263;3;4;32.233;13.79
264;3;4;35.36;21.78
265;3;4;35.98;13.3
266;3;5;24.444;23.67
267;3;5;29.161;10.72
268;3;6;8.547;0.89
269;3;6;8.986;24.74
270;3;7;36.967;14.73
271;3;8;23.885;12.24
272;3;8;25.532;23.45
273;3;8;25.257;2.2
274;3;9;15.381;3.75
275;3;10;71.038;24.18
276;3;10;88.549;7.32
277;3;11;31.73;4.23
278;3;11;30.124;1.5
279;3;11;24.445;6.9
280;3;12;27.272;7.13
281;3;12;28.165;24.97
282;3;13;38.904;20.96
283;3;13;34.798;11.9
284;3;14;13.4;21.13
285;3;15;66.092;10.74
286;3;16;22.457;9.71
287;3;16;19.525;15.94
288;3;17;66.918;9.75
289;3;17;54.469;15.86
290;3;17;69.267;16.51
291;3;18;89.874;2.27
292;3;18;101.998;19.85
293;3;19;9.733;12.22
294;3;20;23.888;23.88
295;3;20;18.954;17.84
296;3;20;23.121;21.91
297;3;21;10.056;1.49
298;3;22;25.001;5.18
299;3;22;21.934;0.59
300;3;22;19.497;4.92
301;3;23;6.171;22.51
302;3;23;6.283;16.42
303;3;24;14.887;0.72
304;3;24;14.029;11.79
305;3;24;16.351;2.62
306;3;25;5.626;8.61
307;3;25;5.16;7.6
308;3;25;6.465;3.75
309;3;26;31.945;3.38
310;3;27;71.122;16.84
311;3;27;82.45;4.53
312;3;28;12.678;7.12
313;3;28;14.731;21.42
314;3;28;14.185;24.3
315;3;29;47.906;24.71
316;3;29;50.619;16.0
317;3;29;43.86;23.6
318;3;30;9.975;12.38
319;3;30;10.781;19.01
320;3;30;12.054;0.09
321;3;31;11.84;19.56
322;3;31;11.751;19.87
323;3;32;6.574;22.94
324;3;32;7.326;15.77
325;3;32;5.666;22.98
326;3;33;77.863;7.46
327;3;34;44.241;22.62
328;3;35;49.403;23.01
329;3;35;49.694;0.11
330;3;35;55.168;0.01
331;3;36;38.269;10.37
332;3;36;29.414;0.95
333;3;36;40.295;11.02
334;3;37;23.397;8.2
335;3;38;51.71;0.98
336;3;38;60.299;23.01
337;3;39;13.852;7.97
338;3;40;3.72;22.48
339;3;40;4.397;24.74
340;3;40;3.877;16.36
341;3;41;7.652;11.25
342;3;41;7.872;19.07
343;3;42;30.763;9.06
344;3;43;27.548;6.38
345;3;43;22.419;1.05
346;3;44;11.284;16.01
347;3;45;35.588;8.57
348;3;45;33.764;17.4
349;3;46;13.779;17.82
350;3;46;11.991;0.95
351;3;46;13.08;2.19
352;3;47;8.509;21.34
353;3;48;13.52;3.89
354;3;49;8.647;15.41
355;4;5;9.238;11.0
356;4;6;29.973;21.8
357;4;6;26.003;7.78
358;4;6;34.76;11.47
359;4;7;46.181;9.24
360;4;8;33.419;10.84
361;4;8;37.008;19.32
362;4;8;34.775;18.1
363;4;9;39.488;24.26
364;4;10;70.732;7.37
365;4;11;46.542;13.29
366;4;12;54.245;5.53
367;4;12;66.452;9.7
368;4;12;50.369;13.2
369;4;13;49.291;21.69
370;4;14;42.897;1.24
371;4;14;53.044;19.1
372;4;15;69.654;3.92
373;4;15;84.02;11.79
374;4;15;79.553;11.82
375;4;16;9.975;7.95
376;4;16;11.749;14.1
377;4;16;12.396;0.77
378;4;17;34.854;11.64
379;4;18;57.641;9.41
380;4;18;44.943;20.56
381;4;19;27.071;16.07
382;4;19;29.13;16.18
383;4;20;48.346;15.03
384;4;20;49.557;21.95
385;4;21;28.847;7.0
386;4;21;33.031;20.91
387;4;22;7.264;19.06
388;4;23;29.991;15.05
389;4;24;17.667;15.26
390;4;24;14.755;10.46
391;4;24;21.104;11.68
392;4;25;27.463;14.15
393;4;26;40.666;6.09
394;4;26;37.772;20.24
395;4;27;41.27;5.08
396;4;28;32.631;4.41
397;4;28;24.493;22.12
398;4;28;40.028;13.31
399;4;29;19.858;16.7
400;4;29;18.973;7.4
401;4;29;20.367;15.83
402;4;30;27.657;9.27
403;4;31;22.291;3.26
404;4;31;23.37;4.21
405;4;31;24.236;13.12
406;4;32;38.752;3.39
407;4;32;31.161;1.03
408;4;32;37.557;10.68
409;4;33;45.674;23.93
410;4;33;42.727;22.38
411;4;33;41.781;0.81
412;4;34;50.588;10.42
413;4;34;40.771;23.66
414;4;34;47.494;22.68
415;4;35;57.552;6.58
416;4;35;67.309;10.45
417;4;35;48.259;8.57
418;4;36;55.748;15.96
419;4;36;44.043;22.05
420;4;37;36.182;18.87
421;4;37;42.346;6.91
422;4;38;19.964;8.21
423;4;39;29.967;23.08
424;4;40;35.886;19.24
425;4;40;41.025;14.13
426;4;40;34.508;4.43
427;4;41;26.148;2.73
428;4;41;24.235;22.07
429;4;41;26.155;0.04
430;4;42;4.41;18.96
431;4;42;5.418;3.44
432;4;42;4.566;13.15
433;4;43;17.743;11.8
434;4;43;18.514;16.89
435;4;43;14.584;11.88
436;4;44;36.161;15.32
437;4;44;43.664;19.29
438;4;44;36.651;9.86
439;4;45;3.37;3.04
440;4;45;4.062;10.44
441;4;46;31.148;6.89
442;4;46;27.698;6.74
443;4;46;29.508;12.81
444;4;47;39.788;15.28
445;4;48;33.071;18.56
446;4;49;36.549;24.77
447;4;49;34.157;19.91
448;5;6;21.053;17.45
449;5;6;16.433;21.8
450;5;7;37.998;12.35
451;5;7;44.48;20.3
452;5;8;24.601;6.22
453;5;8;20.255;18.05
454;5;8;24.193;6.4
455;5;9;30.314;14.54
456;5;9;25.478;5.07
457;5;9;27.239;19.34
458;5;10;65.123;11.23
459;5;10;63.827;16.86
460;5;10;68.585;18.81
461;5;11;44.354;5.66
462;5;12;48.824;20.48
463;5;13;48.521;12.26
464;5;14;34.073;6.02
465;5;14;34.096;23.48
466;5;14;33.114;19.44
467;5;15;63.137;4.95
468;5;15;68.001;16.31
469;5;15;59.034;23.64
470;5;16;3.134;6.53
471;5;17;42.679;24.86
472;5;18;65.94;24.14
473;5;18;50.236;18.39
474;5;19;18.125;16.58
475;5;19;17.9;10.46
476;5;19;19.206;8.85
477;5;20;39.115;5.39
478;5;21;19.813;3.67
479;5;21;22.694;3.08
480;5;21;24.548;8.31
481;5;22;3.827;1.04
482;5;22;3.263;20.18
483;5;22;3.334;21.39
484;5;23;23.466;2.3
485;5;23;20.555;8.11
486;5;23;19.458;5.56
487;5;24;9.569;7.52
488;5;24;9.38;1.72
489;5;25;20.413;18.33
490;5;25;16.572;1.69
491;5;25;22.327;19.34
492;5;26;39.813;13.83
493;5;26;40.495;15.99
494;5;27;46.911;15.59
495;5;28;23.447;21.9
496;5;28;27.085;13.39
497;5;28;25.026;18.18
498;5;29;28.717;16.74
499;5;30;18.66;3.04
500;5;30;15.303;20.67
501;5;31;13.515;7.41
502;5;32;31.014;7.73
503;5;33;53.755;17.49
504;5;33;57.641;3.41
505;5;33;46.883;13.77
506;5;34;43.031;16.11
507;5;35;49.88;7.13
508;5;35;38.533;2.38
509;5;35;45.502;18.95
510;5;36;53.226;1.28
511;5;36;53.636;24.69
512;5;36;45.588;22.7
513;5;37;27.199;0.17
514;5;37;20.443;7.97
515;5;38;29.071;15.6
516;5;38;35.475;11.69
517;5;39;20.74;11.44
518;5;39;24.905;20.05
519;5;39;24.046;11.85
520;5;40;27.936;21.74
521;5;41;17.643;1.49
522;5;42;6.439;0.48
523;5;42;6.01;18.3
524;5;42;5.041;15.48
525;5;43;10.896;22.18
526;5;43;12.996;13.65
527;5;44;27.111;0.35
528;5;44;28.779;20.4
529;5;44;28.85;1.86
530;5;45;12.194;23.3
531;5;46;21.925;5.56
532;5;46;17.765;16.0
533;5;46;20.653;20.2
534;5;47;31.379;4.83
535;5;47;37.759;0.23
536;5;47;26.172;5.61
537;5;48;23.863;2.5
538;5;48;27.516;13.72
539;5;49;30.107;7.39
540;5;49;27.646;8.39
541;5;49;30.543;15.72
542;6;7;28.859;5.61
543;6;8;15.372;9.67
544;6;8;12.914;12.26
545;6;8;17.472;24.46
546;6;9;10.323;5.38
547;6;10;62.614;7.46
548;6;10;65.602;5.42
549;6;10;60.131;20.5
550;6;11;39.892;20.45
551;6;11;36.028;16.42
552;6;12;35.483;17.73
553;6;12;43.165;17.18
554;6;12;32.391;4.41
555;6;13;46.758;17.85
556;6;13;40.741;6.76
557;6;13;49.663;21.81
558;6;14;13.035;12.92
559;6;15;57.892;16.72
560;6;15;47.913;0.52
561;6;16;20.072;17.61
562;6;16;23.19;9.93
563;6;17;63.49;11.68
564;6;18;86.899;17.04
565;6;19;2.93;13.67
566;6;19;3.558;7.39
567;6;20;19.667;3.81
568;6;20;16.759;3.54
569;6;21;1.755;23.55
570;6;22;22.87;13.5
571;6;22;19.818;13.23
572;6;23;13.413;19.04
573;6;23;12.901;4.39
574;6;24;12.704;9.23
575;6;24;14.634;7.01
576;6;25;10.748;21.5
577;6;26;39.311;3.89
578;6;27;66.028;13.74
579;6;28;4.784;16.23
580;6;28;5.227;6.99
581;6;29;47.93;8.76
582;6;29;44.865;16.19
583;6;30;2.493;20.91
584;6;30;3.064;19.08
585;6;31;7.711;6.24
586;6;31;5.799;21.45
587;6;32;13.189;13.75
588;6;32;15.689;19.58
589;6;33;74.643;12.41
590;6;33;81.706;5.85
591;6;33;88.013;14.24
592;6;34;36.006;7.88
593;6;34;32.909;7.83
594;6;35;41.462;0.8
595;6;35;39.064;10.39
596;6;35;38.862;13.14
597;6;36;46.738;0.08
598;6;36;51.369;7.72
599;6;36;50.563;18.63
600;6;37;15.151;15.48
601;6;37;16.394;2.95
602;6;37;12.09;19.7
603;6;38;49.936;4.68
604;6;38;41.816;9.21
605;6;39;5.307;16.87
606;6;39;5.521;18.91
607;6;39;5.586;23.5
608;6;40;9.971;18.98
609;6;40;11.772;4.1
610;6;41;4.84;21.03
611;6;41;5.501;8.25
612;6;42;27.449;9.03
613;6;42;26.041;16.23
614;6;43;20.993;4.07
615;6;43;22.468;2.38
616;6;44;6.364;5.16
617;6;45;33.145;11.59
618;6;45;33.043;0.24
619;6;45;41.03;6.51
620;6;46;5.349;14.04
621;6;46;5.772;14.78
622;6;46;4.251;13.96
623;6;47;11.204;14.0
624;6;48;5.652;10.91
625;6;49;17.194;6.96
626;6;49;20.56;1.76
627;6;49;13.528;12.55
628;7;8;14.501;15.57
629;7;8;16.416;6.68
630;7;8;16.165;22.74
631;7;9;23.621;19.5
632;7;9;18.106;9.52
633;7;9;27.047;5.24
634;7;10;34.657;0.21
635;7;11;68.67;7.05
636;7;11;60.883;15.94
637;7;11;56.403;5.8
638;7;12;61.384;6.96
639;7;13;75.617;10.67
640;7;13;89.27;22.85
641;7;13;88.801;9.71
642;7;14;30.731;17.29
643;7;14;24.459;12.01
644;7;15;29.136;22.19
645;7;15;22.321;13.41
646;7;16;39.493;4.3
647;7;17;70.123;17.96
648;7;17;78.524;8.66
649;7;17;73.416;20.69
650;7;18;93.102;18.73
651;7;19;29.303;22.81
652;7;20;22.057;21.08
653;7;20;25.544;4.68
654;7;20;25.037;8.95
655;7;21;27.879;24.11
656;7;21;31.438;19.69
657;7;22;41.666;13.74
658;7;22;32.387;2.23
659;7;22;48.435;18.35
660;7;23;42.272;10.23
661;7;23;51.426;11.8
662;7;24;36.011;16.98
663;7;24;33.205;9.76
664;7;24;44.846;23.6
665;7;25;39.479;18.83
666;7;26;68.074;0.92
667;7;26;55.089;1.93
668;7;26;62.068;19.48
669;7;27;66.005;17.59
670;7;27;58.652;11.35
671;7;28;24.314;3.84
672;7;28;24.332;21.24
673;7;29;65.986;15.62
674;7;29;51.966;4.75
675;7;30;28.647;15.24
676;7;30;33.567;20.45
677;7;31;32.05;20.47
678;7;31;35.514;6.34
679;7;31;29.613;10.39
680;7;32;39.149;0.2
681;7;33;80.897;15.02
682;7;33;62.858;4.94
683;7;33;99.43;8.18
684;7;34;7.444;18.57
685;7;34;6.263;0.09
686;7;35;12.717;6.31
687;7;35;10.783;23.49
688;7;36;75.07;7.5
689;7;37;13.725;13.65
690;7;38;63.342;1.2
691;7;38;74.27;1.61
692;7;39;23.888;8.32
693;7;39;18.67;24.48
694;7;39;23.22;24.37
695;7;40;36.838;8.52
696;7;40;39.674;16.36
697;7;41;32.631;17.39
698;7;42;41.918;4.15
699;7;42;35.158;16.96
700;7;43;28.594;24.28
701;7;43;30.392;0.66
702;7;43;30.859;13.13
703;7;44;26.448;19.94
704;7;45;48.04;18.21
705;7;45;54.129;17.19
706;7;46;23.543;10.17
707;7;46;18.032;21.89
708;7;47;34.38;9.41
709;7;47;42.141;21.44
710;7;47;36.83;7.33
711;7;48;23.458;17.81
712;7;49;45.309;10.54
713;7;49;52.883;11.76
714;7;49;41.289;6.55
715;8;9;14.4;1.6
716;8;9;15.306;11.47
717;8;9;12.993;6.67
718;8;10;47.29;3.75
719;8;10;50.765;0.75
720;8;10;51.225;0.4
721;8;11;55.131;19.14
722;8;12;50.168;2.48
723;8;13;61.754;13.47
724;8;13;75.81;9.02
725;8;13;69.409;17.77
726;8;14;21.825;7.47
727;8;15;42.91;17.15
728;8;15;51.409;2.3
729;8;15;39.755;21.54
730;8;16;25.644;12.23
731;8;16;22.459;24.19
732;8;16;19.94;20.72
733;8;17;61.687;11.97
734;8;17;62.722;20.65
735;8;17;51.704;9.28
736;8;18;85.235;2.43
737;8;18;89.037;17.49
738;8;18;95.713;12.21
739;8;19;15.208;8.2
740;8;19;16.15;22.21
741;8;19;13.631;20.94
742;8;20;18.996;18.34
743;8;21;14.075;3.99
744;8;21;11.161;17.96
745;8;22;28.044;21.72
746;8;22;21.666;10.11
747;8;22;30.193;12.2
748;8;23;28.573;23.71
749;8;23;24.403;2.71
750;8;24;21.551;19.88
751;8;24;25.785;16.47
752;8;24;23.879;15.68
753;8;25;25.526;23.63
754;8;26;53.966;16.0
755;8;26;42.57;19.02
756;8;26;53.498;8.08
757;8;27;60.565;8.02
758;8;27;64.765;1.93
759;8;28;11.546;13.43
760;8;29;53.228;9.76
761;8;29;43.485;23.92
762;8;30;14.627;22.21
763;8;30;12.587;19.61
764;8;30;12.826;4.64
765;8;31;17.568;6.89
766;8;31;20.872;14.63
767;8;31;13.585;1.51
768;8;32;27.476;10.81
769;8;32;22.488;19.41
770;8;33;72.833;13.45
771;8;33;73.326;7.02
772;8;33;64.098;10.54
773;8;34;21.106;9.53
774;8;35;27.178;0.75
775;8;36;62.109;24.92
776;8;37;3.361;17.76
777;8;37;4.038;18.4
778;8;37;2.633;16.5
779;8;38;52.053;23.69
780;8;38;55.802;20.16
781;8;38;53.31;8.63
782;8;39;10.085;13.83
783;8;39;7.976;14.65
784;8;40;24.63;21.87
785;8;41;18.504;5.49
786;8;41;15.814;9.97
787;8;42;29.451;22.96
788;8;42;27.266;9.48
789;8;42;25.462;4.55
790;8;43;17.085;19.69
791;8;44;15.178;7.18
792;8;45;35.754;16.13
793;8;46;10.121;22.26
794;8;46;12.315;21.39
795;8;46;12.163;2.39
796;8;47;23.627;17.46
797;8;47;18.095;10.82
798;8;47;26.448;18.3
799;8;48;10.847;11.64
800;8;49;32.509;9.48
801;8;49;30.832;0.39
802;8;49;30.924;8.73
803;9;10;58.279;10.85
804;9;10;65.631;18.56
805;9;11;46.481;9.1
806;9;11;37.004;12.05
807;9;12;37.763;3.67
808;9;12;28.653;5.51
809;9;12;42.554;23.1
810;9;13;53.965;3.05
811;9;13;43.344;13.48
812;9;14;7.549;3.18
813;9;14;7.111;12.4
814;9;15;52.433;22.77
815;9;16;29.821;10.76
816;9;16;32.057;11.58
817;9;16;36.653;4.09
818;9;17;71.81;0.25
819;9;18;95.389;3.26
820;9;18;106.254;24.66
821;9;18;106.98;8.32
822;9;19;12.858;14.35
823;9;20;9.344;5.38
824;9;20;10.793;19.79
825;9;21;10.905;6.64
826;9;21;10.606;2.36
827;9;22;32.62;6.13
828;9;22;34.301;7.32
829;9;23;21.487;3.93
830;9;24;22.821;18.85
831;9;24;21.001;22.37
832;9;24;22.895;0.8
833;9;25;19.811;15.67
834;9;26;47.282;7.79
835;9;26;59.084;4.01
836;9;26;48.447;23.44
837;9;27;72.778;18.21
838;9;28;6.869;12.87
839;9;28;8.362;24.9
840;9;29;58.016;2.26
841;9;29;49.089;19.81
842;9;29;72.023;4.12
843;9;30;12.156;4.06
844;9;30;10.341;5.26
845;9;30;10.705;11.01
846;9;31;17.705;13.55
847;9;31;17.195;11.61
848;9;32;15.801;14.09
849;9;33;83.027;17.05
850;9;33;66.6;23.41
851;9;33;63.903;18.97
852;9;34;31.063;6.66
853;9;35;35.299;9.94
854;9;35;37.728;9.2
855;9;35;29.553;24.84
856;9;36;52.078;17.93
857;9;36;58.996;6.24
858;9;37;12.0;24.75
859;9;38;59.384;20.09
860;9;38;61.627;13.04
861;9;39;9.749;4.32
862;9;39;8.273;1.66
863;9;40;14.02;6.63
864;9;41;15.128;2.78
865;9;42;36.496;2.54
866;9;42;42.123;2.58
867;9;42;32.822;4.84
868;9;43;27.411;23.56
869;9;44;4.283;13.79
870;9;44;3.348;3.14
871;9;45;42.507;10.76
872;9;45;43.587;17.51
873;9;45;46.759;16.94
874;9;46;8.556;10.53
875;9;46;6.464;19.94
876;9;46;9.425;22.97
877;9;47;10.797;13.47
878;9;48;6.533;2.62
879;9;48;5.906;23.11
880;9;48;7.868;23.95
881;9;49;22.688;1.18
882;10;11;102.414;0.85
883;10;11;125.77;17.31
884;10;12;96.041;21.7
885;10;12;109.929;23.76
886;10;12;77.454;18.53
887;10;13;108.905;3.22
888;10;14;65.31;16.77
889;10;14;78.361;17.37
890;10;15;8.891;7.01
891;10;15;7.689;23.88
892;10;16;67.603;10.22
893;10;17;81.254;11.54
894;10;18;100.386;17.42
895;10;19;62.439;1.97
896;10;20;55.587;19.33
897;10;21;61.364;16.01
898;10;21;65.325;3.31
899;10;22;68.917;17.14
900;10;22;63.838;5.73
901;10;23;75.858;3.81
902;10;23;63.771;14.2
903;10;23;67.338;8.44
904;10;24;66.786;23.88
905;10;24;56.602;10.73
906;10;24;50.513;19.95
907;10;25;72.753;11.83
908;10;25;67.707;20.12
909;10;26;100.892;10.19
910;10;26;98.421;14.74
911;10;26;125.568;22.37
912;10;27;70.801;12.45
913;10;27;55.774;4.8
914;10;28;58.401;1.49
915;10;28;66.323;1.09
916;10;28;58.367;11.58
917;10;29;88.529;11.27
918;10;29;69.685;0.11
919;10;29;66.729;22.23
920;10;30;61.891;12.87
921;10;31;64.018;24.98
922;10;32;73.727;21.42
923;10;33;89.838;0.47
924;10;33;109.521;22.67
925;10;33;87.01;5.42
926;10;34;27.216;1.2
927;10;34;31.213;0.43
928;10;35;24.273;8.81
929;10;35;27.398;20.64
930;10;35;23.5;23.95
931;10;36;109.307;2.25
932;10;36;86.814;13.06
933;10;36;101.108;4.13
934;10;37;47.692;9.03
935;10;37;58.194;0.59
936;10;38;82.212;9.33
937;10;38;98.852;17.54
938;10;39;57.363;7.55
939;10;39;43.316;5.5
940;10;40;71.28;10.36
941;10;40;79.472;0.48
942;10;40;64.885;0.17
943;10;41;65.684;11.42
944;10;42;66.402;10.78
945;10;43;54.228;22.79
946;10;43;42.957;21.12
947;10;43;57.627;4.61
948;10;44;60.987;16.09
949;10;45;71.224;11.29
950;10;45;63.622;17.09
951;10;46;57.287;19.36
952;10;46;60.056;21.76
953;10;46;67.692;16.54
954;10;47;69.031;8.1
955;10;47;65.158;6.78
956;10;47;82.084;21.43
957;10;48;57.588;12.82
958;10;48;48.45;13.88
959;10;49;79.572;7.88
960;10;49;71.154;11.5
961;11;12;19.619;2.15
962;11;13;8.115;8.44
963;11;14;41.71;23.16
964;11;15;97.767;1.52
965;11;15;103.464;21.68
966;11;16;41.226;21.05
967;11;17;77.761;17.85
968;11;17;96.385;21.53
969;11;17;61.982;11.1
970;11;18;97.123;20.96
971;11;18;112.631;18.19
972;11;19;39.989;4.93
973;11;19;44.074;18.14
974;11;19;40.011;14.22
975;11;20;53.562;22.55
976;11;20;43.782;13.19
977;11;20;66.836;12.24
978;11;21;41.065;1.29
979;11;21;32.175;23.29
980;11;22;41.989;14.13
981;11;23;26.558;21.25
982;11;23;27.662;6.62
983;11;23;28.471;19.64
984;11;24;37.779;12.86
985;11;24;42.73;5.27
986;11;25;29.708;6.04
987;11;25;27.049;9.81
988;11;26;8.171;15.49
989;11;26;6.978;8.74
990;11;26;6.673;6.3
991;11;27;87.213;3.94
992;11;28;44.356;18.76
993;11;29;50.417;4.96
994;11;30;40.525;2.68
995;11;31;39.024;6.67
996;11;32;31.099;1.19
997;11;32;34.625;23.24
998;11;32;34.247;7.46
999;11;33;86.923;3.63
1000;11;33;91.44;5.19
1001;11;34;75.887;7.26
1002;11;34;79.806;11.82
1003;11;34;62.123;0.72
1004;11;35;81.132;12.83
1005;11;35;97.78;16.04
1006;11;35;89.762;13.08
1007;11;36;9.263;24.17
1008;11;36;9.686;15.8
1009;11;36;9.261;7.08
1010;11;37;55.02;13.6
1011;11;37;64.006;10.02
1012;11;37;51.388;16.64
1013;11;38;59.345;23.66
1014;11;39;45.08;22.83
1015;11;40;32.461;1.21
1016;11;40;32.447;3.12
1017;11;41;36.786;11.65
1018;11;41;44.575;23.82
1019;11;42;48.206;23.08
1020;11;42;38.204;11.91
1021;11;42;45.852;15.46
1022;11;43;53.025;9.04
1023;11;44;42.744;14.93
1024;11;44;43.405;23.49
1025;11;45;49.264;0.83
1026;11;45;52.853;11.73
1027;11;45;53.819;10.24
1028;11;46;45.24;5.56
1029;11;46;46.28;10.79
1030;11;47;36.426;10.53
1031;11;47;34.29;19.01
1032;11;48;45.212;19.15
1033;11;48;34.589;7.94
1034;11;48;49.206;10.53
1035;11;49;23.796;22.0
1036;11;49;26.73;5.12
1037;11;49;26.156;20.78
1038;12;13;27.076;7.1
1039;12;13;20.588;16.17
1040;12;13;20.803;16.57
1041;12;14;30.947;18.05
1042;12;14;26.394;18.82
1043;12;14;28.327;5.33
1044;12;15;90.045;4.82
1045;12;15;71.571;1.34
1046;12;16;46.063;11.14
1047;12;16;44.15;4.63
1048;12;16;37.187;3.78
1049;12;17;88.461;10.22
1050;12;17;94.781;18.74
1051;12;17;78.817;3.11
1052;12;18;109.833;18.46
1053;12;19;37.002;17.3
1054;12;19;36.179;4.61
1055;12;20;42.085;6.49
1056;12;21;37.142;4.0
1057;12;22;47.882;24.71
1058;12;22;37.424;2.44
1059;12;22;52.474;11.29
1060;12;23;25.585;17.22
1061;12;23;28.071;20.39
1062;12;24;39.848;5.81
1063;12;24;38.709;12.13
1064;12;24;33.791;16.48
1065;12;25;28.971;12.64
1066;12;25;22.288;24.87
1067;12;25;22.374;14.58
1068;12;26;26.588;0.44
1069;12;26;31.771;21.44
1070;12;27;95.326;5.37
1071;12;28;38.631;17.37
1072;12;28;44.603;20.33
1073;12;29;63.856;12.31
1074;12;29;48.892;10.89
1075;12;30;37.21;5.16
1076;12;30;27.973;2.18
1077;12;30;45.653;15.77
1078;12;31;38.502;15.34
1079;12;31;45.835;22.07
1080;12;31;29.926;6.15
1081;12;32;22.692;21.23
1082;12;32;22.879;22.08
1083;12;32;17.798;13.26
1084;12;33;98.653;1.17
1085;12;33;78.563;0.01
1086;12;34;68.826;20.8
1087;12;34;84.513;9.25
1088;12;34;61.013;20.44
1089;12;35;72.802;22.92
1090;12;35;69.498;20.17
1091;12;35;81.477;21.81
1092;12;36;18.71;13.14
1093;12;36;20.515;15.03
1094;12;36;22.817;21.36
1095;12;37;48.874;23.39
1096;12;37;47.86;16.45
1097;12;37;47.333;3.18
1098;12;38;70.996;15.33
1099;12;38;83.126;24.8
1100;12;39;40.599;1.59
1101;12;39;37.768;24.38
1102;12;40;25.626;4.64
1103;12;41;34.699;19.04
1104;12;42;54.347;16.21
1105;12;42;50.823;13.9
1106;12;43;54.329;18.13
1107;12;43;65.25;16.08
1108;12;44;35.297;4.42
1109;12;44;39.378;24.35
1110;12;45;57.482;21.99
1111;12;45;71.44;4.13
1112;12;46;40.228;16.65
1113;12;47;27.034;18.16
1114;12;47;30.686;21.02
1115;12;47;31.399;5.57
1116;12;48;39.322;12.83
1117;12;48;37.728;22.22
1118;12;48;48.439;15.01
1119;12;49;19.222;22.17
1120;12;49;16.554;15.78
1121;13;14;49.527;14.57
1122;13;14;44.655;16.94
1123;13;15;104.601;1.92
1124;13;16;45.399;13.47
1125;13;17;78.233;24.35
1126;13;17;88.489;22.71
1127;13;17;95.815;24.44
1128;13;18;96.25;24.48
1129;13;19;46.546;18.35
1130;13;20;61.346;8.97
1131;13;20;53.483;13.24
1132;13;20;60.025;8.05
1133;13;21;47.793;24.62
1134;13;21;41.232;18.02
1135;13;21;44.997;19.35
1136;13;22;45.714;6.41
1137;13;22;50.165;12.11
1138;13;23;33.346;0.1
1139;13;23;25.514;5.41
1140;13;23;33.001;8.16
1141;13;24;43.076;14.11
1142;13;25;36.232;3.3
1143;13;26;8.722;15.09
1144;13;26;7.288;4.71
1145;13;26;8.906;3.08
1146;13;27;88.825;22.61
1147;13;28;51.362;24.25
1148;13;28;45.767;10.12
1149;13;29;49.934;2.92
1150;13;29;53.508;18.14
1151;13;30;47.138;4.52
1152;13;31;45.011;13.75
1153;13;31;53.852;3.05
1154;13;31;41.267;15.58
1155;13;32;38.857;12.77
1156;13;32;36.355;4.19
1157;13;33;86.713;10.44
1158;13;34;82.719;11.89
1159;13;35;88.195;17.35
1160;13;36;11.417;19.41
1161;13;36;11.944;8.54
1162;13;37;61.902;15.63
1163;13;37;74.003;16.2
1164;13;38;59.672;2.63
1165;13;39;51.814;0.62
1166;13;39;46.195;24.33
1167;13;40;39.983;3.81
1168;13;40;44.243;6.27
1169;13;41;43.259;11.55
1170;13;41;49.832;9.28
1171;13;41;39.369;24.96
1172;13;42;51.562;11.24
1173;13;42;45.999;7.1
1174;13;43;57.987;7.0
1175;13;43;64.292;22.59
1176;13;44;50.094;22.0
1177;13;44;37.82;17.91
1178;13;45;51.67;17.73
1179;13;46;52.082;13.85
1180;13;46;64.139;3.39
1181;13;46;44.965;1.35
1182;13;47;44.173;15.4
1183;13;47;54.682;23.38
1184;13;47;48.956;12.88
1185;13;48;52.231;21.97
1186;13;48;42.995;23.5
1187;13;49;31.387;7.64
1188;13;49;36.018;22.08
1189;14;15;59.115;3.43
1190;14;16;32.94;23.36
1191;14;16;38.766;16.4
1192;14;17;76.504;24.58
1193;14;17;82.024;7.44
1194;14;18;99.932;8.59
1195;14;18;98.336;9.86
1196;14;19;15.964;2.17
1197;14;20;11.863;2.62
1198;14;20;13.039;17.39
1199;14;20;13.806;10.18
1200;14;21;14.427;14.63
1201;14;21;13.114;12.25
1202;14;21;11.76;3.18
1203;14;22;35.714;19.23
1204;14;22;43.511;24.07
1205;14;22;31.59;20.81
1206;14;23;19.327;10.59
1207;14;23;17.512;2.57
1208;14;24;25.351;21.34
1209;14;25;18.896;3.71
1210;14;26;43.638;3.82
1211;14;27;78.579;18.48
1212;14;28;12.165;20.36
1213;14;28;11.341;18.3
1214;14;29;60.227;3.01
1215;14;29;58.574;15.89
1216;14;30;15.483;13.92
1217;14;30;16.794;4.83
1218;14;30;18.94;9.77
1219;14;31;20.617;1.2
1220;14;32;10.697;13.67
1221;14;32;12.699;9.91
1222;14;32;9.38;5.38
1223;14;33;87.667;11.0
1224;14;33;68.845;17.03
1225;14;33;67.94;12.51
1226;14;34;38.132;23.3
1227;14;34;47.522;4.45
1228;14;34;42.442;1.03
1229;14;35;41.861;3.53
1230;14;35;48.3;18.08
1231;14;35;41.487;18.54
1232;14;36;46.408;9.01
1233;14;37;19.544;1.15
1234;14;37;21.693;6.93
1235;14;37;20.084;24.95
1236;14;38;62.834;12.47
1237;14;39;15.226;14.61
1238;14;39;13.977;19.1
1239;14;39;16.452;17.32
1240;14;40;10.457;17.38
1241;14;40;9.335;5.12
1242;14;41;16.864;24.08
1243;14;41;16.882;20.85
1244;14;41;12.975;22.9
1245;14;42;40.48;20.66
1246;14;42;30.724;20.84
1247;14;43;33.169;18.34
1248;14;43;40.674;0.54
1249;14;43;27.678;9.26
1250;14;44;7.656;18.81
1251;14;44;8.126;12.44
1252;14;44;6.067;22.79
1253;14;45;46.112;22.12
1254;14;45;45.418;12.65
1255;14;46;14.195;15.42
1256;14;46;12.147;23.22
1257;14;46;10.877;18.6
1258;14;47;5.48;19.2
1259;14;48;12.321;10.65
1260;14;48;13.84;20.99
1261;14;49;18.315;10.62
1262;15;16;65.343;1.54
1263;15;16;59.326;4.8
1264;15;17;83.961;22.23
1265;15;17;85.508;6.04
1266;15;17;86.568;9.18
1267;15;18;104.258;10.54
1268;15;18;89.526;23.3
1269;15;19;58.09;15.52
1270;15;20;48.727;9.27
1271;15;20;59.553;21.43
1272;15;21;56.809;16.34
1273;15;21;48.36;14.81
1274;15;22;66.963;14.45
1275;15;22;67.266;15.05
1276;15;23;71.292;2.79
1277;15;23;86.829;1.91
1278;15;24;63.55;22.74
1279;15;24;58.981;15.46
1280;15;25;68.379;18.6
1281;15;25;65.849;22.29
1282;15;26;96.875;8.25
1283;15;27;74.772;5.8
1284;15;27;69.985;24.25
1285;15;27;77.928;7.31
1286;15;28;53.424;7.31
1287;15;28;64.277;13.06
1288;15;29;88.328;18.86
1289;15;29;105.207;8.96
1290;15;30;57.478;0.45
1291;15;30;66.223;5.88
1292;15;31;60.251;7.2
1293;15;31;56.115;6.16
1294;15;32;68.151;22.16
1295;15;32;65.406;10.08
1296;15;33;93.199;19.47
1297;15;33;88.637;13.27
1298;15;34;21.887;17.67
1299;15;35;17.276;23.9
1300;15;35;14.387;23.93
1301;15;35;16.619;16.18
1302;15;36;104.196;2.41
1303;15;37;42.748;13.95
1304;15;37;43.021;21.38
1305;15;38;82.96;12.79
1306;15;38;67.364;13.12
1307;15;39;52.787;4.39
1308;15;40;65.94;8.17
1309;15;40;64.354;10.09
1310;15;41;61.402;2.0
1311;15;41;54.81;22.03
1312;15;42;65.252;1.63
1313;15;42;75.787;7.76
1314;15;42;67.863;2.75
1315;15;43;52.388;17.46
1316;15;43;56.753;12.88
1317;15;44;55.522;8.7
1318;15;44;67.412;18.87
1319;15;45;70.559;6.34
1320;15;45;73.863;12.13
1321;15;46;52.548;15.21
1322;15;47;63.227;10.52
1323;15;48;52.575;8.44
1324;15;49;74.442;5.19
1325;16;17;44.461;8.55
1326;16;18;67.493;14.62
1327;16;19;17.198;13.59
1328;16;19;19.229;3.7
1329;16;20;38.871;5.11
1330;16;20;30.469;18.41
1331;16;21;19.032;1.1
1332;16;21;17.608;17.27
1333;16;22;2.805;21.42
1334;16;23;20.912;17.64
1335;16;24;7.708;24.44
1336;16;25;18.034;3.77
1337;16;25;15.257;11.78
1338;16;26;36.695;22.87
1339;16;26;40.52;17.3
1340;16;26;28.503;20.6
1341;16;27;49.42;23.01
1342;16;27;42.333;24.21
1343;16;27;55.787;23.34
1344;16;28;23.02;2.17
1345;16;28;26.525;22.99
1346;16;29;28.38;10.02
1347;16;30;17.815;15.23
1348;16;30;21.343;23.06
1349;16;30;19.105;23.1
1350;16;31;12.365;20.8
1351;16;31;13.086;1.73
1352;16;31;13.151;18.3
1353;16;32;29.019;9.65
1354;16;33;55.425;9.06
1355;16;33;62.733;3.38
1356;16;33;49.074;6.54
1357;16;34;44.869;22.13
1358;16;34;35.985;18.7
1359;16;34;41.66;14.16
1360;16;35;51.627;18.4
1361;16;36;50.115;13.54
1362;16;36;45.139;18.99
1363;16;36;41.497;5.65
1364;16;37;27.982;22.63
1365;16;37;23.05;2.04
1366;16;38;29.895;1.54
1367;16;38;30.174;17.42
1368;16;39;20.552;22.49
1369;16;39;18.71;7.52
1370;16;40;26.057;21.47
1371;16;41;16.173;9.67
1372;16;41;12.51;6.97
1373;16;41;18.439;22.91
1374;16;42;8.447;8.09
1375;16;43;13.514;11.05
1376;16;44;26.329;22.79
1377;16;44;28.152;10.3
1378;16;44;30.625;10.32
1379;16;45;13.258;4.24
1380;16;46;21.699;8.0
1381;16;46;18.5;10.02
1382;16;47;29.834;12.09
1383;16;48;23.534;19.57
1384;16;49;27.562;22.21
1385;16;49;34.251;18.09
1386;16;49;23.862;5.6
1387;17;18;23.616;2.81
1388;17;18;23.945;18.36
1389;17;18;27.859;13.47
1390;17;19;60.572;5.98
1391;17;19;46.326;0.79
1392;17;19;68.364;14.52
1393;17;20;79.672;12.84
1394;17;21;62.083;22.79
1395;17;21;61.967;19.92
1396;17;21;55.583;20.82
1397;17;22;41.967;0.61
1398;17;22;42.67;4.68
1399;17;22;40.476;23.98
1400;17;23;64.83;14.39
1401;17;23;57.418;19.25
1402;17;24;52.091;7.14
1403;17;24;41.131;0.52
1404;17;24;58.244;15.52
1405;17;25;62.303;0.3
1406;17;25;64.015;1.97
1407;17;26;70.48;22.03
1408;17;26;77.894;3.02
1409;17;27;15.436;2.37
1410;17;27;13.558;7.11
1411;17;27;19.11;22.45
1412;17;28;65.084;1.66
1413;17;29;28.838;20.95
1414;17;29;30.925;4.0
1415;17;29;31.619;1.94
1416;17;30;61.024;4.29
1417;17;30;52.349;9.15
1418;17;30;52.421;5.78
1419;17;31;56.153;10.68
1420;17;31;46.012;17.61
1421;17;31;65.784;18.49
1422;17;32;73.478;3.7
1423;17;32;57.251;18.3
1424;17;32;79.63;11.32
1425;17;33;11.221;3.97
1426;17;33;12.455;21.32
1427;17;33;13.919;2.99
1428;17;34;71.407;15.01
1429;17;34;61.657;14.07
1430;17;34;78.398;21.16
1431;17;35;78.008;22.12
1432;17;36;86.948;23.28
1433;17;37;64.996;2.87
1434;17;37;61.753;15.14
1435;17;37;65.295;0.43
1436;17;38;18.562;12.43
1437;17;38;19.655;8.75
1438;17;38;18.04;8.42
1439;17;39;62.08;12.5
1440;17;40;70.506;19.29
1441;17;41;60.322;17.58
1442;17;41;56.981;19.76
1443;17;41;52.786;5.36
1444;17;42;36.251;19.45
1445;17;43;44.909;16.31
1446;17;43;48.204;7.32
1447;17;43;45.154;17.21
1448;17;44;69.201;13.8
1449;17;44;64.571;15.54
1450;17;45;31.488;24.6
1451;17;46;63.264;14.66
1452;17;46;50.913;23.35
1453;17;46;47.852;7.81
1454;17;47;74.055;17.67
1455;17;48;65.297;5.0
1456;17;48;61.332;3.66
1457;17;48;63.146;3.03
1458;17;49;71.35;12.03
1459;17;49;86.445;6.77
1460;18;19;83.972;7.22
1461;18;20;103.288;10.65
1462;18;21;85.535;24.9
1463;18;21;86.717;4.67
1464;18;22;64.881;19.91
1465;18;23;87.307;23.2
1466;18;23;94.523;5.54
1467;18;24;75.189;18.11
1468;18;25;85.017;17.08
1469;18;25;93.517;7.22
1470;18;25;92.855;20.47
1471;18;26;89.327;15.39
1472;18;26;67.304;5.87
1473;18;27;29.586;1.21
1474;18;27;29.117;19.43
1475;18;28;88.638;20.0
1476;18;28;80.018;10.46
1477;18;28;93.239;18.33
1478;18;29;46.711;21.3
1479;18;29;49.815;5.59
1480;18;29;47.21;12.61
1481;18;30;84.45;20.14
1482;18;30;104.421;2.57
1483;18;31;79.454;24.04
1484;18;31;71.595;7.84
1485;18;31;74.88;16.94
1486;18;32;96.388;12.84
1487;18;33;12.409;18.91
1488;18;33;12.297;21.81
1489;18;33;12.896;12.52
1490;18;34;93.798;8.27
1491;18;35;100.154;2.6
1492;18;35;123.536;5.51
1493;18;35;87.015;16.7
1494;18;36;106.029;15.23
1495;18;36;88.963;1.38
1496;18;36;96.791;5.06
1497;18;37;88.556;10.65
1498;18;37;97.498;4.43
1499;18;38;38.888;2.96
1500;18;39;85.65;19.22
1501;18;39;96.503;9.32
1502;18;39;65.988;6.21
1503;18;40;93.521;19.33
1504;18;40;85.151;9.31
1505;18;41;83.549;21.06
1506;18;41;102.342;20.75
1507;18;41;75.609;6.56
1508;18;42;59.503;20.65
1509;18;43;68.519;20.8
1510;18;43;53.433;9.22
1511;18;44;92.705;16.14
1512;18;45;54.287;20.42
1513;18;46;86.837;24.77
1514;18;46;95.942;6.24
1515;18;47;97.279;17.07
1516;18;47;73.189;15.14
1517;18;48;88.868;9.54
1518;18;48;101.576;0.04
1519;18;49;93.673;22.93
1520;18;49;111.461;12.66
1521;19;20;22.147;10.93
1522;19;20;16.8;20.68
1523;19;20;17.287;14.66
1524;19;21;1.983;14.18
1525;19;21;1.512;14.89
1526;19;21;1.708;18.95
1527;19;22;20.0;20.13
1528;19;22;17.501;23.87
1529;19;23;13.464;4.64
1530;19;24;9.969;2.42
1531;19;25;10.322;12.22
1532;19;26;38.807;5.52
1533;19;27;63.257;0.94
1534;19;27;57.792;22.09
1535;19;27;48.618;24.36
1536;19;28;6.494;14.42
1537;19;28;6.527;20.76
1538;19;28;6.858;6.6
1539;19;29;45.195;20.71
1540;19;29;35.088;23.85
1541;19;30;0.76;15.52
1542;19;30;0.75;20.3
1543;19;30;0.83;9.55
1544;19;31;4.879;18.39
1545;19;31;5.189;15.17
1546;19;31;3.971;10.56
1547;19;32;15.254;22.64
1548;19;32;18.882;11.16
1549;19;32;14.095;18.86
1550;19;33;71.72;16.17
1551;19;33;87.046;14.29
1552;19;34;36.234;15.44
1553;19;35;42.003;7.77
1554;19;36;47.239;16.47
1555;19;36;41.031;23.49
1556;19;37;15.628;5.18
1557;19;37;15.068;8.48
1558;19;37;19.528;14.32
1559;19;38;47.035;1.34
1560;19;38;58.217;13.45
1561;19;39;5.468;1.12
1562;19;40;11.952;24.35
1563;19;41;3.328;7.82
1564;19;41;2.602;13.14
1565;19;42;24.519;17.49
1566;19;42;22.485;18.82
1567;19;42;29.821;13.28
1568;19;43;18.455;15.48
1569;19;43;19.429;15.86
1570;19;44;9.141;8.31
1571;19;45;30.23;10.11
1572;19;46;6.106;23.51
1573;19;46;5.965;23.37
1574;19;46;5.022;4.64
1575;19;47;13.896;6.33
1576;19;47;15.97;21.54
1577;19;47;13.559;11.7
1578;19;48;7.248;21.12
1579;19;48;5.632;6.04
1580;19;48;8.96;9.6
1581;19;49;18.196;18.07
1582;19;49;13.704;11.09
1583;19;49;20.405;11.74
1584;20;21;20.174;15.73
1585;20;21;22.719;20.75
1586;20;22;41.651;2.12
1587;20;22;41.002;8.86
1588;20;23;30.057;7.23
1589;20;24;32.075;18.41
1590;20;25;28.791;10.99
1591;20;25;29.561;7.04
1592;20;26;55.244;21.94
1593;20;26;66.482;23.15
1594;20;27;79.455;0.53
1595;20;28;15.879;14.2
1596;20;28;12.25;13.79
1597;20;29;67.183;13.4
1598;20;30;21.427;6.33
1599;20;30;23.543;17.61
1600;20;30;22.395;21.48
1601;20;31;26.949;17.05
1602;20;32;22.49;3.93
1603;20;32;23.386;5.19
1604;20;33;90.886;9.22
1605;20;34;28.986;20.73
1606;20;34;22.024;11.18
1607;20;35;31.508;8.29
1608;20;35;39.366;18.4
1609;20;35;37.925;23.24
1610;20;36;58.187;0.96
1611;20;36;68.125;8.47
1612;20;37;15.711;3.89
1613;20;37;17.73;17.71
1614;20;38;68.108;11.1
1615;20;38;70.354;24.3
1616;20;38;61.292;19.27
1617;20;39;18.382;6.17
1618;20;39;17.631;18.87
1619;20;39;18.216;5.27
1620;20;40;21.705;4.5
1621;20;41;24.469;21.85
1622;20;42;45.11;17.43
1623;20;42;52.754;6.51
1624;20;43;34.798;4.02
1625;20;43;32.972;7.42
1626;20;44;13.506;22.35
1627;20;44;11.507;12.57
1628;20;45;51.253;9.93
1629;20;46;17.206;12.9
1630;20;46;13.395;21.47
1631;20;46;15.26;21.41
1632;20;47;17.176;12.55
1633;20;47;15.498;6.87
1634;20;47;16.837;3.23
1635;20;48;15.337;0.38
1636;20;48;16.206;15.17
1637;20;48;16.014;0.76
1638;20;49;30.026;7.31
1639;20;49;36.626;0.38
1640;21;22;21.837;20.87
1641;21;22;20.93;2.11
1642;21;23;14.514;20.63
1643;21;24;11.916;2.94
1644;21;24;10.192;4.05
1645;21;25;11.6;9.19
1646;21;25;14.441;1.28
1647;21;26;40.197;3.06
1648;21;26;30.986;17.58
1649;21;27;64.413;24.54
1650;21;27;75.267;21.78
1651;21;28;4.534;10.84
1652;21;28;4.185;15.0
1653;21;29;47.122;4.45
1654;21;29;57.484;9.4
1655;21;29;48.896;1.93
1656;21;30;1.253;12.75
1657;21;31;6.801;15.36
1658;21;31;8.253;9.05
1659;21;32;14.928;7.42
1660;21;32;15.615;10.06
1661;21;33;73.254;18.9
1662;21;34;34.926;7.05
1663;21;35;40.544;17.03
1664;21;35;30.914;12.53
1665;21;36;48.082;10.2
1666;21;36;38.882;16.33
1667;21;36;48.259;14.53
1668;21;37;14.157;3.62
1669;21;37;13.628;3.08
1670;21;37;13.266;23.53
1671;21;38;48.806;23.12
1672;21;38;38.014;3.28
1673;21;38;40.231;17.49
1674;21;39;4.023;18.19
1675;21;39;4.111;12.91
1676;21;39;4.7;17.43
1677;21;40;11.693;20.89
1678;21;40;11.466;14.19
1679;21;41;4.963;6.56
1680;21;42;26.162;22.44
1681;21;43;19.289;22.3
1682;21;43;16.466;13.26
1683;21;44;7.314;13.58
1684;21;44;6.924;13.39
1685;21;44;7.599;12.74
1686;21;45;31.968;20.75
1687;21;46;4.399;16.73
1688;21;47;12.906;24.67
1689;21;48;5.314;17.13
1690;21;49;18.686;6.38
1691;21;49;19.377;11.68
1692;22;23;23.066;21.01
1693;22;23;19.311;22.29
1694;22;23;27.272;22.28
1695;22;24;10.416;6.37
1696;22;24;8.463;13.95
1697;22;24;10.129;4.99
1698;22;25;20.363;2.95
1699;22;25;16.101;2.16
1700;22;26;36.992;22.61
1701;22;26;37.872;9.43
1702;22;26;31.301;8.96
1703;22;27;47.454;20.02
1704;22;27;49.615;20.59
1705;22;28;25.811;18.5
1706;22;28;22.185;9.63
1707;22;29;25.655;10.93
1708;22;29;26.038;11.21
1709;22;30;20.62;21.61
1710;22;31;15.161;12.37
1711;22;31;18.054;9.31
1712;22;32;31.539;16.23
1713;22;32;29.817;20.5
1714;22;33;52.867;18.15
1715;22;33;62.701;4.12
1716;22;34;46.809;18.2
1717;22;34;38.612;6.36
1718;22;35;53.636;5.15
1719;22;35;41.645;16.74
1720;22;36;51.015;11.06
1721;22;36;39.749;4.36
1722;22;37;30.495;24.03
1723;22;37;32.248;19.42
1724;22;38;27.123;5.12
1725;22;39;23.312;0.39
1726;22;39;23.814;23.37
1727;22;40;28.64;6.69
1728;22;40;34.864;20.09
1729;22;40;26.186;3.26
1730;22;41;18.914;11.23
1731;22;41;19.238;23.29
1732;22;41;20.737;18.82
1733;22;42;6.496;11.86
1734;22;42;5.487;23.79
1735;22;42;5.052;5.53
1736;22;43;14.692;21.45
1737;22;43;17.306;13.09
1738;22;43;12.564;20.81
1739;22;44;29.133;14.23
1740;22;44;35.945;15.18
1741;22;45;10.597;3.93
1742;22;45;9.463;2.98
1743;22;45;10.728;19.84
1744;22;46;24.466;16.78
1745;22;46;22.27;6.8
1746;22;47;32.527;11.03
1747;22;47;33.061;4.67
1748;22;48;26.316;8.49
1749;22;48;28.507;11.81
1750;22;48;29.029;23.05
1751;22;49;29.69;24.98
1752;22;49;26.238;6.36
1753;22;49;34.931;23.27
1754;23;24;14.274;22.12
1755;23;25;3.511;12.68
1756;23;25;3.757;18.44
1757;23;26;26.038;18.26
1758;23;26;26.267;20.76
1759;23;27;70.322;3.07
1760;23;27;55.051;14.71
1761;23;28;18.039;0.34
1762;23;28;20.184;11.44
1763;23;29;43.814;15.93
1764;23;29;35.829;13.23
1765;23;29;45.409;15.66
1766;23;30;13.977;24.73
1767;23;30;11.062;6.97
1768;23;30;13.117;10.09
1769;23;31;13.365;3.05
1770;23;31;16.143;20.04
1771;23;32;10.342;21.48
1772;23;32;11.377;19.52
1773;23;32;10.415;0.51
1774;23;33;75.54;1.16
1775;23;33;71.688;4.13
1776;23;33;60.513;6.05
1777;23;34;49.405;18.52
1778;23;34;59.549;22.14
1779;23;34;42.614;8.25
1780;23;35;54.858;18.35
1781;23;35;54.696;18.82
1782;23;35;61.072;2.52
1783;23;36;33.83;2.32
1784;23;37;28.563;21.43
1785;23;37;34.439;16.55
1786;23;38;48.658;14.54
1787;23;38;47.766;1.05
1788;23;39;18.534;6.73
1789;23;39;17.064;0.23
1790;23;40;8.953;15.91
1791;23;41;10.358;17.66
1792;23;42;29.347;21.48
1793;23;43;28.942;8.58
1794;23;43;22.883;20.04
1795;23;43;25.5;5.54
1796;23;44;17.313;6.6
1797;23;44;20.804;3.76
1798;23;45;33.349;22.68
1799;23;45;33.401;9.75
1800;23;45;31.392;9.8
1801;23;46;18.747;20.02
1802;23;46;17.248;2.16
1803;23;47;14.098;24.13
1804;23;47;11.744;15.88
1805;23;48;18.911;19.91
1806;23;48;21.588;0.23
1807;23;49;6.651;4.92
1808;23;49;7.096;16.03
1809;23;49;5.826;17.83
1810;24;25;11.015;19.94
1811;24;25;9.866;2.09
1812;24;26;34.629;9.51
1813;24;26;37.25;7.11
1814;24;26;31.13;10.01
1815;24;27;56.41;24.75
1816;24;28;16.247;3.01
1817;24;29;35.236;4.08
1818;24;30;10.664;9.0
1819;24;30;13.062;0.3
1820;24;31;5.126;18.95
1821;24;31;5.053;9.56
1822;24;32;21.46;15.74
1823;24;32;22.524;11.71
1824;24;33;63.095;21.18
1825;24;33;73.59;21.09
1826;24;34;42.199;15.53
1827;24;34;52.091;10.71
1828;24;34;43.48;3.48
1829;24;35;48.598;12.63
1830;24;35;57.076;0.26
1831;24;36;46.158;14.17
1832;24;36;46.974;4.89
1833;24;36;54.576;1.93
1834;24;37;23.195;5.65
1835;24;38;37.522;23.89
1836;24;38;41.216;17.85
1837;24;39;14.254;18.8
1838;24;39;16.846;3.62
1839;24;39;17.786;16.69
1840;24;40;18.422;5.3
1841;24;40;20.915;11.02
1842;24;41;8.507;19.23
1843;24;41;6.591;2.14
1844;24;42;15.883;15.8
1845;24;43;15.322;13.06
1846;24;44;19.057;24.64
1847;24;45;20.965;8.13
1848;24;46;15.282;10.84
1849;24;46;11.814;11.7
1850;24;47;22.127;18.54
1851;24;47;22.103;12.73
1852;24;48;16.888;11.72
1853;24;48;20.823;12.54
1854;24;49;20.827;1.51
1855;25;26;28.603;14.15
1856;25;26;31.331;2.11
1857;25;27;67.324;22.41
1858;25;27;83.078;23.61
1859;25;28;15.512;6.61
1860;25;29;42.406;17.14
1861;25;29;41.758;14.19
1862;25;30;10.906;3.59
1863;25;31;9.857;13.64
1864;25;31;7.793;14.47
1865;25;32;11.562;1.48
1866;25;33;73.127;0.19
1867;25;33;86.549;17.13
1868;25;34;46.506;11.78
1869;25;34;36.939;9.23
1870;25;35;52.136;9.66
1871;25;36;37.204;23.58
1872;25;36;36.203;15.78
1873;25;36;33.974;4.48
1874;25;37;25.756;9.19
1875;25;37;19.796;2.65
1876;25;38;46.588;3.34
1877;25;39;15.606;15.47
1878;25;39;17.397;22.05
1879;25;40;9.237;8.68
1880;25;40;11.397;4.07
1881;25;40;11.243;18.81
1882;25;41;7.079;1.02
1883;25;41;5.892;3.25
1884;25;41;7.357;17.66
1885;25;42;26.476;7.4
1886;25;42;29.3;15.01
1887;25;42;23.582;19.78
1888;25;43;25.458;14.32
1889;25;44;15.536;19.02
1890;25;45;30.833;22.74
1891;25;45;30.053;1.92
1892;25;46;15.957;7.69
1893;25;46;19.002;4.7
1894;25;47;14.133;20.07
1895;25;48;16.386;10.72
1896;25;49;9.829;7.59
1897;25;49;10.003;14.51
1898;25;49;9.43;18.04
1899;26;27;80.577;22.6
1900;26;27;70.635;7.48
1901;26;28;44.025;3.52
1902;26;28;40.758;14.17
1903;26;29;42.68;20.38
1904;26;29;39.374;1.91
1905;26;30;39.442;17.73
1906;26;31;36.879;2.68
1907;26;31;37.588;17.23
1908;26;31;40.255;22.58
1909;26;32;32.982;10.64
1910;26;33;79.353;14.55
1911;26;33;67.496;9.66
1912;26;34;75.039;10.59
1913;26;34;89.691;11.95
1914;26;34;74.312;20.98
1915;26;35;80.739;1.64
1916;26;35;88.072;1.58
1917;26;35;90.198;8.04
1918;26;36;16.702;16.64
1919;26;36;13.455;15.78
1920;26;36;19.36;20.1
1921;26;37;54.354;24.88
1922;26;37;41.969;8.86
1923;26;38;51.963;0.31
1924;26;38;53.61;6.47
1925;26;38;52.134;7.12
1926;26;39;44.188;21.38
1927;26;40;33.563;1.43
1928;26;40;38.971;1.45
1929;26;41;35.485;9.29
1930;26;41;35.132;0.81
1931;26;41;32.88;7.83
1932;26;42;42.859;23.27
1933;26;42;39.099;8.75
1934;26;43;49.387;10.83
1935;26;43;48.924;20.18
1936;26;44;43.229;0.58
1937;26;45;43.122;20.9
1938;26;45;53.274;21.5
1939;26;46;44.56;0.24
1940;26;47;38.17;11.64
1941;26;47;42.207;5.63
1942;26;48;44.899;0.72
1943;26;48;48.978;11.97
1944;26;49;25.336;24.69
1945;27;28;66.528;17.57
1946;27;29;41.633;11.81
1947;27;29;41.053;23.07
1948;27;30;63.546;9.4
1949;27;30;50.159;22.79
1950;27;31;59.499;3.5
1951;27;31;64.027;4.26
1952;27;32;77.629;4.94
1953;27;32;74.478;22.31
1954;27;32;86.487;12.89
1955;27;33;19.736;12.98
1956;27;34;65.697;18.73
1957;27;34;80.276;8.07
1958;27;35;71.704;10.68
1959;27;35;74.221;3.09
1960;27;36;96.476;23.26
1961;27;36;118.666;6.04
1962;27;36;78.383;19.94
1963;27;37;63.918;17.92
1964;27;37;70.341;21.24
1965;27;37;56.839;16.66
1966;27;38;30.799;10.69
1967;27;38;34.163;16.24
1968;27;38;27.931;3.92
1969;27;39;63.438;8.95
1970;27;40;74.426;21.41
1971;27;41;63.818;15.05
1972;27;41;71.122;9.02
1973;27;41;64.272;14.48
1974;27;42;41.023;10.22
1975;27;42;33.683;22.47
1976;27;42;39.988;5.13
1977;27;43;45.45;23.72
1978;27;43;39.654;23.92
1979;27;44;70.959;17.09
1980;27;45;38.213;24.18
1981;27;46;64.545;13.35
1982;27;46;60.636;5.32
1983;27;46;53.965;1.6
1984;27;47;77.149;22.56
1985;27;48;66.538;5.63
1986;27;48;72.139;0.54
1987;27;49;76.973;20.49
1988;27;49;95.834;21.81
1989;27;49;95.033;18.71
1990;28;29;51.304;15.33
1991;28;30;5.739;6.01
1992;28;30;6.362;4.79
1993;28;30;6.774;20.52
1994;28;31;11.129;23.01
1995;28;31;11.836;20.92
1996;28;31;8.367;5.7
1997;28;32;15.946;7.62
1998;28;33;76.293;12.38
1999;28;33;81.629;9.02
2000;28;34;31.563;15.11
2001;28;34;34.969;24.49
2002;28;35;36.834;2.95
2003;28;36;50.916;20.98
2004;28;37;10.724;4.08
2005;28;38;52.517;15.26
2006;28;38;61.572;6.18
2007;28;39;3.09;22.9
2008;28;39;3.328;24.08
2009;28;39;2.39;14.65
2010;28;40;13.091;11.98
2011;28;40;13.838;15.67
2012;28;41;9.394;16.88
2013;28;41;7.074;12.19
2014;28;42;29.633;8.42
2015;28;42;29.852;0.51
2016;28;42;34.495;1.1
2017;28;43;21.079;20.62
2018;28;44;4.52;15.96
2019;28;44;3.671;12.91
2020;28;45;35.639;23.01
2021;28;45;39.221;1.39
2022;28;46;2.034;13.71
2023;28;47;12.458;14.08
2024;28;48;0.875;19.86
2025;28;49;21.172;2.01
2026;29;30;45.875;2.94
2027;29;30;48.515;19.67
2028;29;31;40.323;18.37
2029;29;32;53.895;3.41
2030;29;33;36.779;5.14
2031;29;34;70.128;10.88
2032;29;34;72.375;14.86
2033;29;34;57.502;17.04
2034;29;35;77.122;22.95
2035;29;35;58.394;2.94
2036;29;36;59.369;12.09
2037;29;36;62.422;15.53
2038;29;37;55.908;2.04
2039;29;37;43.389;7.78
2040;29;37;49.406;18.86
2041;29;38;10.835;23.86
2042;29;39;48.924;1.52
2043;29;40;51.604;5.7
2044;29;40;43.198;23.3
2045;29;41;43.48;24.09
2046;29;42;24.068;4.76
2047;29;42;25.861;23.36
2048;29;43;37.429;15.88
2049;29;44;54.29;12.5
2050;29;45;18.045;18.38
2051;29;45;20.098;4.64
2052;29;46;50.062;5.85
2053;29;46;59.998;7.64
2054;29;46;46.145;19.15
2055;29;47;56.234;17.73
2056;29;48;51.859;22.72
2057;29;48;49.925;19.86
2058;29;48;43.984;7.23
2059;29;49;49.508;17.06
2060;29;49;51.753;12.3
2061;29;49;58.167;4.51
2062;30;31;5.552;24.33
2063;30;31;6.931;11.02
2064;30;32;15.269;17.77
2065;30;32;15.805;5.93
2066;30;32;18.104;17.59
2067;30;33;72.184;24.68
2068;30;34;35.612;21.24
2069;30;34;32.164;3.83
2070;30;35;41.339;18.06
2071;30;36;47.699;24.38
2072;30;37;14.954;13.81
2073;30;37;11.976;19.91
2074;30;38;47.619;7.32
2075;30;38;49.266;14.29
2076;30;38;48.318;21.2
2077;30;39;4.777;16.33
2078;30;40;11.984;9.41
2079;30;40;10.256;9.92
2080;30;41;4.002;14.58
2081;30;41;3.538;6.19
2082;30;41;4.14;7.9
2083;30;42;25.033;12.0
2084;30;42;28.922;6.42
2085;30;42;19.229;2.37
2086;30;43;18.593;15.09
2087;30;43;15.698;1.42
2088;30;43;22.609;18.84
2089;30;44;8.515;18.5
2090;30;45;30.794;6.37
2091;30;45;36.47;5.28
2092;30;46;5.368;12.83
2093;30;46;5.326;19.38
2094;30;46;6.599;16.44
2095;30;47;13.646;14.74
2096;30;47;14.77;10.45
2097;30;48;6.489;2.31
2098;30;49;18.52;14.62
2099;30;49;20.569;15.87
2100;30;49;16.639;8.09
2101;31;32;18.193;4.21
2102;31;33;67.256;7.79
2103;31;34;38.597;7.03
2104;31;35;44.744;22.76
2105;31;35;51.86;17.33
2106;31;36;46.874;15.73
2107;31;36;40.386;13.4
2108;31;37;18.772;13.08
2109;31;38;42.246;17.51
2110;31;39;9.29;17.32
2111;31;39;8.001;18.69
2112;31;39;8.776;7.71
2113;31;40;14.945;17.36
2114;31;40;17.91;22.86
2115;31;40;17.868;23.48
2116;31;41;4.319;15.51
2117;31;41;4.744;14.8
2118;31;41;5.238;8.34
2119;31;42;19.951;23.99
2120;31;42;16.268;0.92
2121;31;42;24.751;19.8
2122;31;43;15.85;14.71
2123;31;43;18.118;24.97
2124;31;43;16.727;18.18
2125;31;44;14.015;7.14
2126;31;44;17.038;13.49
2127;31;45;25.495;0.41
2128;31;46;10.255;1.04
2129;31;47;17.927;19.67
2130;31;47;14.083;14.84
2131;31;48;11.787;14.7
2132;31;49;19.29;5.3
2133;32;33;84.406;21.1
2134;32;33;68.548;18.95
2135;32;34;46.577;3.81
2136;32;34;55.633;8.47
2137;32;35;51.076;12.04
2138;32;35;59.484;3.3
2139;32;36;36.293;12.24
2140;32;36;31.794;2.5
2141;32;37;26.25;16.91
2142;32;37;23.231;20.74
2143;32;37;23.991;7.43
2144;32;38;58.104;5.42
2145;32;39;18.056;7.68
2146;32;40;3.31;23.62
2147;32;40;2.955;17.71
2148;32;40;2.658;7.71
2149;32;41;13.893;23.35
2150;32;42;37.336;12.8
2151;32;42;37.048;11.41
2152;32;42;31.71;8.15
2153;32;43;33.609;17.25
2154;32;43;27.975;18.19
2155;32;44;12.744;22.7
2156;32;45;42.114;12.02
2157;32;45;34.441;13.14
2158;32;45;45.53;24.42
2159;32;46;17.596;3.3
2160;32;47;5.327;14.12
2161;32;48;16.63;19.36
2162;32;48;17.019;18.97
2163;32;48;15.755;8.1
2164;32;49;7.648;5.31
2165;33;34;81.826;16.45
2166;33;34;100.085;21.21
2167;33;34;95.009;9.87
2168;33;35;88.29;22.09
2169;33;35;74.778;20.57
2170;33;35;107.75;1.11
2171;33;36;95.994;0.1
2172;33;36;115.15;6.32
2173;33;36;72.975;20.04
2174;33;37;76.152;24.72
2175;33;37;67.715;24.04
2176;33;37;88.209;0.93
2177;33;38;27.764;18.43
2178;33;38;25.415;22.09
2179;33;38;31.564;6.58
2180;33;39;73.294;18.38
2181;33;39;88.849;3.79
2182;33;39;77.226;14.01
2183;33;40;81.482;24.12
2184;33;40;91.56;4.95
2185;33;41;71.392;14.76
2186;33;41;58.599;7.18
2187;33;42;47.317;20.01
2188;33;43;56.111;23.79
2189;33;43;69.943;19.82
2190;33;43;45.186;21.02
2191;33;44;80.393;24.28
2192;33;45;42.306;3.16
2193;33;46;74.479;14.48
2194;33;46;68.283;22.29
2195;33;46;63.383;1.71
2196;33;47;85.129;3.86
2197;33;47;73.403;5.19
2198;33;48;76.511;12.31
2199;33;48;66.271;16.82
2200;33;49;81.991;16.28
2201;34;35;7.003;21.66
2202;34;35;7.364;22.01
2203;34;35;7.787;7.45
2204;34;36;82.42;14.16
2205;34;37;20.867;15.7
2206;34;37;23.448;14.66
2207;34;38;66.473;15.21
2208;34;39;30.906;20.24
2209;34;39;35.419;14.88
2210;34;40;44.226;5.87
2211;34;41;39.554;20.69
2212;34;42;46.214;22.73
2213;34;42;54.086;19.8
2214;34;43;32.85;13.22
2215;34;43;28.095;10.69
2216;34;43;35.115;3.42
2217;34;44;33.86;23.14
2218;34;45;52.084;14.72
2219;34;45;55.266;16.56
2220;34;46;30.661;21.09
2221;34;46;38.101;12.24
2222;34;47;41.824;15.04
2223;34;47;50.438;13.17
2224;34;47;45.521;20.86
2225;34;48;30.721;0.08
2226;34;48;28.49;7.83
2227;34;49;52.651;6.28
2228;34;49;47.562;20.58
2229;34;49;64.602;18.74
2230;35;36;87.263;5.24
2231;35;36;86.0;12.84
2232;35;36;75.577;20.74
2233;35;37;26.392;18.92
2234;35;38;73.446;3.52
2235;35;38;90.238;23.14
2236;35;38;59.084;12.64
2237;35;39;36.571;14.42
2238;35;39;30.367;12.61
2239;35;40;48.996;9.79
2240;35;41;45.33;15.84
2241;35;41;35.135;12.65
2242;35;41;39.469;24.01
2243;35;42;53.186;21.7
2244;35;42;57.709;19.09
2245;35;43;39.809;17.51
2246;35;43;37.904;24.18
2247;35;43;38.453;0.73
2248;35;44;38.565;15.41
2249;35;45;59.077;16.4
2250;35;46;36.181;9.18
2251;35;46;43.811;20.29
2252;35;47;46.073;14.19
2253;35;47;45.885;13.7
2254;35;47;38.918;24.49
2255;35;48;35.967;3.32
2256;35;49;57.583;23.75
2257;36;37;61.638;19.87
2258;36;38;68.492;16.56
2259;36;38;65.946;3.61
2260;36;38;82.164;0.78
2261;36;39;52.029;0.01
2262;36;39;61.751;15.32
2263;36;39;42.155;22.41
2264;36;40;38.272;18.93
2265;36;41;44.188;21.69
2266;36;41;47.941;5.54
2267;36;42;57.301;15.14
2268;36;43;61.476;4.8
2269;36;44;48.704;14.06
2270;36;44;47.482;19.33
2271;36;45;58.502;8.35
2272;36;46;52.036;23.72
2273;36;46;43.338;22.12
2274;36;47;41.496;23.17
2275;36;48;51.739;4.59
2276;36;48;58.97;6.89
2277;36;49;29.769;20.58
2278;36;49;33.001;16.89
2279;37;38;55.082;0.54
2280;37;39;10.181;2.56
2281;37;40;23.636;13.71
2282;37;40;21.928;21.17
2283;37;40;18.829;18.17
2284;37;41;18.951;11.91
2285;37;41;16.223;4.35
2286;37;41;14.9;18.03
2287;37;42;32.328;10.93
2288;37;42;32.676;13.48
2289;37;42;34.856;18.92
2290;37;43;20.283;4.32
2291;37;43;19.816;12.32
2292;37;44;13.583;11.62
2293;37;45;38.637;5.48
2294;37;46;9.821;18.45
2295;37;47;21.979;11.42
2296;37;47;21.321;16.78
2297;37;47;22.561;20.69
2298;37;48;9.9;20.89
2299;37;49;31.884;9.84
2300;37;49;24.464;4.87
2301;38;39;49.773;20.38
2302;38;39;43.507;22.66
2303;38;40;55.415;22.93
2304;38;40;59.04;5.02
2305;38;40;57.043;23.9
2306;38;41;46.029;9.61
2307;38;41;36.007;1.08
2308;38;42;23.013;12.27
2309;38;43;35.147;10.73
2310;38;44;56.12;18.63
2311;38;44;50.515;23.46
2312;38;44;49.18;8.7
2313;38;45;16.878;11.46
2314;38;45;18.329;21.42
2315;38;46;50.965;1.24
2316;38;46;62.488;19.42
2317;38;47;59.555;15.47
2318;38;47;60.789;16.16
2319;38;47;49.559;6.73
2320;38;48;52.921;16.99
2321;38;49;54.909;7.3
2322;38;49;62.943;11.7
2323;38;49;60.157;0.81
2324;39;40;14.979;10.8
2325;39;41;8.778;18.12
2326;39;41;9.781;2.5
2327;39;41;7.052;8.84
2328;39;42;26.818;24.59
2329;39;42;28.586;5.26
2330;39;43;17.99;22.99
2331;39;43;22.23;21.19
2332;39;43;19.259;1.9
2333;39;44;7.57;2.33
2334;39;44;6.646;19.32
2335;39;45;32.902;24.3
2336;39;45;36.591;4.0
2337;39;46;1.197;3.17
2338;39;46;1.016;7.09
2339;39;46;1.426;23.44
2340;39;47;15.107;14.3
2341;39;47;16.292;24.7
2342;39;48;3.218;10.76
2343;39;49;22.496;19.23
2344;40;41;10.632;6.18
2345;40;41;8.259;22.26
2346;40;41;11.681;16.94
2347;40;42;34.301;18.72
2348;40;42;33.7;19.03
2349;40;43;30.3;23.12
2350;40;43;27.728;0.4
2351;40;43;23.414;23.76
2352;40;44;10.432;0.03
2353;40;44;8.04;15.11
2354;40;44;11.582;24.52
2355;40;45;39.235;21.54
2356;40;45;46.869;18.83
2357;40;45;35.088;9.46
2358;40;46;14.611;10.96
2359;40;46;11.875;10.57
2360;40;47;5.145;16.45
2361;40;47;5.625;19.99
2362;40;47;6.177;7.33
2363;40;48;13.833;21.78
2364;40;48;11.13;16.54
2365;40;48;15.344;17.39
2366;40;49;8.671;2.32
2367;40;49;7.772;0.2
2368;41;42;24.077;8.91
2369;41;43;19.896;1.66
2370;41;43;15.988;6.38
2371;41;44;11.037;16.03
2372;41;44;8.446;0.08
2373;41;45;29.42;24.42
2374;41;45;26.358;23.56
2375;41;45;23.197;3.36
2376;41;46;9.332;11.79
2377;41;46;10.604;7.53
2378;41;46;10.25;23.43
2379;41;47;13.737;4.02
2380;41;47;13.601;12.84
2381;41;48;10.218;24.81
2382;41;49;15.608;24.8
2383;42;43;13.392;9.52
2384;42;43;14.813;12.36
2385;42;43;12.673;19.56
2386;42;44;33.433;10.3
2387;42;44;28.764;3.43
2388;42;44;26.614;12.52
2389;42;45;6.31;20.2
2390;42;46;28.013;18.36
2391;42;46;25.956;13.46
2392;42;47;37.814;20.13
2393;42;47;39.534;0.46
2394;42;47;43.114;6.11
2395;42;48;29.993;22.38
2396;42;48;22.995;16.25
2397;42;48;24.076;19.09
2398;42;49;35.994;7.14
2399;42;49;27.416;16.5
2400;43;44;25.527;0.91
2401;43;44;24.741;11.15
2402;43;44;23.673;16.84
2403;43;45;19.447;4.33
2404;43;45;20.501;20.7
2405;43;45;20.693;22.14
2406;43;46;19.096;2.31
2407;43;46;15.404;16.46
2408;43;46;20.278;1.77
2409;43;47;32.193;15.77
2410;43;47;36.873;3.95
2411;43;47;33.267;12.8
2412;43;48;21.094;13.17
2413;43;49;35.108;3.35
2414;43;49;34.803;9.18
2415;44;45;39.277;14.34
2416;44;45;41.156;6.98
2417;44;46;6.555;16.84
2418;44;46;6.587;15.98
2419;44;47;8.456;21.21
2420;44;48;4.773;19.86
2421;44;49;19.04;12.02
2422;45;46;34.092;17.95
2423;45;47;43.092;24.76
2424;45;47;40.617;18.31
2425;45;48;36.044;14.51
2426;45;48;31.86;16.8
2427;45;48;31.138;11.8
2428;45;49;39.896;21.32
2429;45;49;42.488;16.45
2430;45;49;43.423;13.38
2431;46;47;14.37;7.8
2432;46;48;2.034;14.01
2433;46;48;1.785;5.62
2434;46;49;22.391;11.73
2435;46;49;20.447;19.68
2436;46;49;22.613;10.93
2437;47;48;12.966;12.44
2438;47;48;10.424;5.99
2439;47;49;12.868;17.9
2440;48;49;21.985;0.23
2441;48;49;24.894;19.21
2442;48;49;20.197;12.89
