VERTEX_COUNT 50
PATH_COUNT 1
BUDGET 180
<------------ VERTICES ------------>
0;START;41.374834;2.170055;0.0;0.0
1;Anella Olímpica(Olympic Park);41.364778;2.152575;45.0;79.16
2;L’Aquàrium;41.376625;2.184117;45.0;76.33
3;Parc de Diagonal Mar;41.407215;2.214539;45.0;75.98
4;Palau Güell;41.378864;2.174117;45.0;74.27
5;Museu d’Història de Catalunya - MHC;41.380852;2.185799;45.0;72.26
6;Basilica of Sants Just i Pastor;41.382812;2.178195;45.0;71.95
7;Avinguda d’Icària;41.391556;2.197416;45.0;71.22
8;Platja de la Nova Mar Bella;41.40205;2.21529;45.0;71.2
9;Parc de la Ciutadella;41.389248;2.186548;45.0;70.85
10;La Pedrera (Casa Milà);41.395271;2.161785;45.0;70.78
11;Museu Nacional d’Art de Catalunya;41.36882;2.153347;45.0;70.75
12;Basilica of the Sagrada Família;41.403568;2.174435;45.0;69.61
13;Galeria d’Art Mar Grup Escolà;41.392349;2.167836;45.0;68.55
14;Montjuïc Castle;41.363823;2.167096;45.0;65.27
15;Platja de la Barceloneta;41.379158;2.192717;45.0;64.92
16;Passeig de Gràcia;41.390739;2.166672;45.0;62.65
17;Poble Espanyol;41.368679;2.147031;45.0;62.07
18;Museu Palmero;41.424667;2.139856;45.0;61.2
19;Platja del Bogatell;41.394341;2.2066;45.0;59.93
20;Park Güell;41.414249;2.151926;45.0;59.26
21;90th Jean Bouin;41.373077;2.150465;45.0;56.28
22;La Colmena;41.383835;2.178294;45.0;56.06
23;Turó de la Rovira viewing point;41.419388;2.161812;45.0;56.0
24;Rambla del Raval;41.378681;2.169317;45.0;55.76
25;Parc de la Creueta del Coll;41.41935;2.146432;45.0;55.6
26;Museu Frederic Marès;41.384178;2.176819;45.0;54.82
27;Royal Dockyards Museu Marítim ;41.375286;2.17598;45.0;53.86
28;Plaça de Catalunya;41.387005;2.17003;45.0;53.3
29;Poblenou Cemetery;41.394859;2.201189;45.0;53.27
30;Basilica of Santa Maria del Mar;41.383518;2.1818;45.0;52.91
31;Plaça del Rei;41.384144;2.177409;45.0;52.9
32;Casa Batlló;41.391758;2.164961;45.0;52.77
33;Palau Sant Jordi;41.363441;2.152537;45.0;52.61
34;Casa Martí, Els Quatre Gats ;41.385775;2.173671;45.0;52.0
35;Barcelona Zoo;41.386299;2.187545;45.0;51.54
36;Antic Hospital de la Santa Creu;41.380573;2.170374;45.0;51.38
37;Museu de la Moto ;41.383327;2.174488;45.0;49.29
38;Santa Eulàlia small schooner;41.376385;2.179861;45.0;48.83
39;49th Trofeu Joan Gamper Estrella Damm del FC Barcelona;41.380848;2.122819;45.0;48.69
40;67th International Epiphany Hockey Tournament ;41.381253;2.114447;45.0;48.39
41;Parc del Turó de la Peira;41.432961;2.165669;45.0;47.99
42;Museu Picasso;41.385181;2.180863;45.0;47.96
43;Casa Vicens;41.403442;2.150684;45.0;47.61
44;Casa Comalat;41.397072;2.160723;45.0;47.2
45;Platja de Sant Sebastià;41.373009;2.189541;45.0;47.19
46;El Fossar de les Moreres;41.383713;2.18243;45.0;45.67
47;El Born Centre Cultural;41.385818;2.183785;45.0;45.1
48;Barcelona Head;41.380924;2.182465;45.0;45.07
49;FINISH;41.374834;2.170055;0.0;0.0
<------------- EDGES -------------->
0;0;1;28.285;15.02
1;0;2;18.315;10.69
2;0;2;22.859;3.26
3;0;2;18.853;18.46
4;0;3;79.572;15.05
5;0;3;98.568;16.5
6;0;3;81.881;22.15
7;0;4;8.647;21.19
8;0;5;22.688;19.88
9;0;5;19.159;15.41
10;0;5;21.946;21.27
11;0;6;17.194;19.36
12;0;6;15.742;9.9
13;0;6;15.809;16.97
14;0;7;45.309;6.01
15;0;7;49.818;20.61
16;0;8;74.442;2.18
17;0;8;65.229;0.33
18;0;8;88.474;8.12
19;0;9;32.509;13.62
20;0;10;36.549;15.89
21;0;10;40.659;9.07
22;0;11;23.796;0.94
23;0;11;17.996;20.32
24;0;11;21.918;23.86
25;0;12;49.491;4.23
26;0;12;58.512;19.11
27;0;12;43.928;3.04
28;0;13;30.107;19.94
29;0;14;19.222;13.48
30;0;14;22.913;16.19
31;0;14;17.441;11.48
32;0;15;30.026;12.32
33;0;16;27.562;24.65
34;0;16;24.476;21.19
35;0;17;31.387;9.78
36;0;18;93.673;16.24
37;0;18;86.613;17.17
38;0;18;81.651;23.03
39;0;19;57.583;24.57
40;0;19;51.317;21.56
41;0;20;71.35;0.45
42;0;20;61.048;6.93
43;0;20;79.169;9.61
44;0;21;25.336;16.28
45;0;21;26.669;14.72
46;0;21;29.675;14.82
47;0;22;18.686;23.61
48;0;22;22.653;15.71
49;0;23;76.973;2.64
50;0;23;60.191;2.88
51;0;24;6.651;7.63
52;0;24;5.457;20.73
53;0;25;81.991;17.61
54;0;25;63.382;3.37
55;0;26;18.196;8.13
56;0;27;7.648;19.18
57;0;27;9.442;5.33
58;0;28;20.827;2.33
59;0;28;16.954;12.55
60;0;28;17.683;12.51
61;0;29;52.651;11.43
62;0;29;62.376;24.18
63;0;30;21.172;21.75
64;0;31;18.52;6.61
65;0;31;15.635;9.34
66;0;31;15.693;3.35
67;0;32;29.69;11.32
68;0;32;31.511;2.47
69;0;32;32.861;21.95
70;0;33;29.769;8.1
71;0;34;19.29;23.39
72;0;35;29.82;17.57
73;0;35;28.02;24.15
74;0;36;9.829;12.55
75;0;36;11.665;19.24
76;0;37;15.608;13.79
77;0;37;14.506;3.0
78;0;38;12.868;21.73
79;0;39;61.52;8.64
80;0;39;64.878;17.57
81;0;40;72.243;10.1
82;0;40;82.337;14.98
83;0;40;80.702;5.52
84;0;41;99.628;13.65
85;0;41;105.49;12.69
86;0;41;90.373;3.7
87;0;42;22.496;6.98
88;0;42;26.091;5.2
89;0;43;54.909;17.47
90;0;44;39.896;2.54
91;0;44;35.713;21.69
92;0;45;25.217;3.63
93;0;45;30.064;10.25
94;0;46;21.985;2.3
95;0;47;25.77;19.27
96;0;47;25.185;18.46
97;0;47;20.859;16.86
98;0;48;19.04;11.27
99;0;48;14.978;22.16
100;0;49;0.0;17.52
101;1;2;45.296;18.48
102;1;2;41.31;20.39
103;1;3;107.715;15.8
104;1;3;91.486;20.97
105;1;4;36.692;21.69
106;1;5;50.763;4.85
107;1;5;47.476;18.18
108;1;6;45.108;17.44
109;1;6;50.692;1.84
110;1;7;73.587;18.49
111;1;7;70.54;5.26
112;1;7;79.664;9.09
113;1;8;102.722;15.54
114;1;8;77.875;8.08
115;1;8;126.737;8.77
116;1;9;60.469;15.47
117;1;9;74.068;12.21
118;1;9;57.912;11.95
119;1;10;53.504;4.89
120;1;10;47.916;21.78
121;1;11;6.988;14.0
122;1;11;6.735;7.92
123;1;11;8.068;10.05
124;1;12;72.069;7.52
125;1;12;58.05;12.45
126;1;13;51.088;1.64
127;1;14;18.721;0.7
128;1;14;22.533;0.11
129;1;15;57.121;5.54
130;1;16;47.972;6.87
131;1;16;43.272;11.98
132;1;16;47.068;21.74
133;1;17;9.76;15.77
134;1;17;11.003;9.85
135;1;17;8.063;9.34
136;1;18;103.777;14.38
137;1;18;101.547;19.1
138;1;19;85.857;7.73
139;1;19;69.811;9.66
140;1;20;84.661;22.56
141;1;20;91.294;12.87
142;1;21;14.458;13.15
143;1;21;14.194;20.23
144;1;22;46.414;23.5
145;1;22;51.466;23.97
146;1;23;94.2;1.83
147;1;23;84.636;11.66
148;1;24;32.067;12.84
149;1;24;34.837;5.79
150;1;25;93.718;3.57
151;1;25;92.111;20.88
152;1;26;45.512;18.68
153;1;27;35.025;1.16
154;1;28;44.149;11.8
155;1;28;41.722;21.64
156;1;29;80.908;7.96
157;1;29;86.304;23.77
158;1;29;75.762;9.84
159;1;30;49.364;3.48
160;1;30;56.23;20.1
161;1;31;45.992;23.46
162;1;31;52.225;2.7
163;1;31;40.732;0.1
164;1;32;48.832;1.85
165;1;32;47.887;15.09
166;1;32;42.909;21.12
167;1;33;2.288;14.84
168;1;33;1.727;12.86
169;1;34;44.999;14.58
170;1;34;47.881;22.75
171;1;34;36.078;18.41
172;1;35;58.075;19.5
173;1;36;35.398;1.68
174;1;36;42.808;9.95
175;1;36;33.435;22.52
176;1;37;42.419;23.81
177;1;37;48.407;15.21
178;1;37;42.7;7.82
179;1;38;40.279;13.26
180;1;38;44.561;15.82
181;1;39;47.077;14.21
182;1;40;56.499;9.98
183;1;41;117.882;21.79
184;1;41;96.956;15.25
185;1;41;141.537;6.06
186;1;42;50.384;23.7
187;1;42;39.167;7.41
188;1;43;66.208;11.76
189;1;43;67.182;1.9
190;1;44;56.245;9.11
191;1;44;53.419;6.27
192;1;44;43.249;17.78
193;1;45;49.518;17.45
194;1;45;39.926;12.88
195;1;46;50.197;22.73
196;1;47;53.875;12.83
197;1;47;48.839;12.42
198;1;47;56.238;7.01
199;1;48;47.294;19.58
200;1;48;45.822;9.32
201;1;48;47.221;8.14
202;1;49;28.285;9.6
203;1;49;24.896;17.7
204;2;3;65.31;13.27
205;2;3;75.976;3.88
206;2;4;13.4;12.5
207;2;4;15.067;7.67
208;2;5;7.549;8.73
209;2;5;8.0;15.73
210;2;5;6.692;18.19
211;2;6;13.035;12.6
212;2;6;13.442;3.51
213;2;7;30.731;15.43
214;2;7;23.251;3.48
215;2;7;23.92;19.21
216;2;8;59.115;6.02
217;2;8;67.956;3.42
218;2;8;61.638;15.43
219;2;9;21.825;24.03
220;2;10;42.897;0.87
221;2;10;47.314;23.7
222;2;11;41.71;16.1
223;2;11;48.988;13.92
224;2;11;46.467;17.94
225;2;12;47.752;11.46
226;2;12;55.654;1.06
227;2;13;34.073;7.4
228;2;14;30.947;22.25
229;2;14;30.107;1.15
230;2;15;11.863;12.99
231;2;16;32.94;3.47
232;2;17;49.527;18.64
233;2;17;46.361;21.28
234;2;18;99.932;22.13
235;2;19;41.861;8.2
236;2;19;48.365;5.67
237;2;20;76.504;19.32
238;2;21;43.638;20.46
239;2;21;54.399;9.52
240;2;21;49.837;18.94
241;2;22;14.427;16.6
242;2;22;16.941;17.91
243;2;23;78.579;2.03
244;2;24;19.327;10.98
245;2;24;19.822;0.6
246;2;24;16.473;23.92
247;2;25;87.667;4.58
248;2;25;84.314;19.94
249;2;26;15.964;18.86
250;2;27;10.697;16.19
251;2;28;25.351;11.78
252;2;28;26.304;5.75
253;2;29;38.132;20.55
254;2;29;30.661;3.07
255;2;30;12.165;11.33
256;2;30;11.86;18.33
257;2;30;12.591;21.06
258;2;31;15.483;11.71
259;2;31;13.044;2.22
260;2;32;35.714;0.02
261;2;32;35.242;24.38
262;2;32;32.47;3.5
263;2;33;46.408;4.22
264;2;33;52.051;14.54
265;2;33;44.576;0.63
266;2;34;20.617;16.33
267;2;34;16.217;19.43
268;2;35;17.13;6.22
269;2;35;18.643;22.57
270;2;36;18.896;3.42
271;2;36;22.926;19.82
272;2;36;18.647;1.13
273;2;37;16.864;13.51
274;2;38;5.48;6.28
275;2;38;5.585;10.56
276;2;38;4.979;7.1
277;2;39;79.039;2.18
278;2;39;96.79;14.83
279;2;40;89.808;9.51
280;2;40;82.786;7.15
281;2;40;72.42;6.03
282;2;41;99.269;13.0
283;2;41;117.932;6.07
284;2;42;15.226;9.38
285;2;42;12.712;14.88
286;2;42;16.814;5.22
287;2;43;62.834;8.48
288;2;44;46.112;9.66
289;2;45;9.317;17.17
290;2;46;12.321;22.25
291;2;46;13.766;5.87
292;2;46;9.713;16.12
293;2;47;15.737;19.4
294;2;48;7.656;9.58
295;2;48;9.486;2.98
296;2;48;8.748;20.62
297;2;49;18.315;7.39
298;3;4;71.038;6.08
299;3;5;58.279;2.9
300;3;5;44.298;0.99
301;3;6;62.614;15.1
302;3;6;53.397;14.3
303;3;7;34.657;7.7
304;3;7;37.664;4.03
305;3;8;8.891;16.31
306;3;8;8.536;14.41
307;3;9;47.29;20.77
308;3;9;55.489;21.54
309;3;10;70.732;6.05
310;3;10;77.814;19.25
311;3;10;67.634;24.05
312;3;11;102.414;7.66
313;3;11;116.195;10.94
314;3;11;104.994;3.73
315;3;12;51.851;12.63
316;3;12;50.569;9.84
317;3;12;48.729;10.5
318;3;13;65.123;1.14
319;3;14;96.041;5.83
320;3;15;55.587;5.83
321;3;16;67.603;14.38
322;3;16;60.939;6.87
323;3;17;108.905;9.82
324;3;17;119.842;9.57
325;3;18;100.386;11.99
326;3;18;96.402;14.04
327;3;18;101.977;0.12
328;3;19;24.273;4.23
329;3;19;23.565;9.62
330;3;20;81.254;16.41
331;3;20;63.741;8.23
332;3;20;71.241;3.95
333;3;21;100.892;7.68
334;3;21;99.133;24.87
335;3;21;87.504;24.16
336;3;22;61.364;22.98
337;3;22;53.754;8.31
338;3;22;47.458;20.21
339;3;23;70.801;24.9
340;3;23;79.71;18.45
341;3;23;71.808;11.87
342;3;24;75.858;6.38
343;3;24;65.45;20.49
344;3;25;89.838;8.47
345;3;25;68.288;17.92
346;3;25;85.695;10.48
347;3;26;62.439;22.2
348;3;26;77.114;4.57
349;3;26;76.392;22.88
350;3;27;73.727;3.05
351;3;27;69.467;23.56
352;3;27;86.6;12.67
353;3;28;66.786;17.76
354;3;29;27.216;6.79
355;3;29;22.59;3.64
356;3;30;58.401;19.27
357;3;30;72.647;16.79
358;3;31;61.891;22.07
359;3;31;64.894;0.42
360;3;31;69.262;1.87
361;3;32;68.917;5.45
362;3;32;67.594;8.97
363;3;32;80.591;19.74
364;3;33;109.307;24.33
365;3;33;136.362;9.83
366;3;33;128.425;22.99
367;3;34;64.018;21.75
368;3;34;78.909;23.5
369;3;35;49.818;16.64
370;3;35;54.031;3.38
371;3;36;72.753;5.73
372;3;37;65.684;10.67
373;3;37;65.977;1.84
374;3;38;69.031;3.73
375;3;38;56.44;19.98
376;3;38;81.806;7.57
377;3;39;126.093;3.78
378;3;39;153.702;11.73
379;3;40;135.954;8.18
380;3;40;153.105;1.35
381;3;41;76.64;10.24
382;3;42;57.363;16.16
383;3;42;64.037;3.61
384;3;43;82.212;9.44
385;3;43;92.498;22.73
386;3;43;98.476;10.77
387;3;44;71.224;6.86
388;3;45;66.755;5.62
389;3;45;83.127;8.79
390;3;46;57.588;22.65
391;3;46;47.135;3.35
392;3;47;53.844;24.54
393;3;48;60.987;1.29
394;3;49;79.572;4.29
395;4;5;15.381;5.28
396;4;6;8.547;19.28
397;4;6;8.895;20.75
398;4;7;36.967;2.22
399;4;7;35.757;9.49
400;4;8;66.092;11.3
401;4;8;58.51;6.2
402;4;8;55.884;18.94
403;4;9;23.885;23.13
404;4;9;28.526;24.03
405;4;10;32.233;14.49
406;4;11;31.73;24.62
407;4;11;23.915;20.37
408;4;11;28.643;4.75
409;4;12;42.276;9.06
410;4;12;35.232;11.8
411;4;12;32.842;16.33
412;4;13;24.444;8.87
413;4;13;19.644;11.43
414;4;13;22.032;6.14
415;4;14;27.272;15.01
416;4;15;23.888;9.14
417;4;16;22.457;21.42
418;4;16;18.523;11.62
419;4;16;25.586;23.03
420;4;17;38.904;20.38
421;4;18;89.874;4.14
422;4;18;102.18;11.87
423;4;18;102.278;11.2
424;4;19;49.403;21.74
425;4;19;47.951;23.91
426;4;19;50.757;17.49
427;4;20;66.918;8.03
428;4;20;70.493;16.14
429;4;21;31.945;4.88
430;4;21;34.451;13.08
431;4;22;10.056;8.23
432;4;22;10.03;22.89
433;4;22;10.656;10.67
434;4;23;71.122;14.56
435;4;23;87.598;16.13
436;4;24;6.171;4.9
437;4;24;6.525;22.54
438;4;24;6.268;15.61
439;4;25;77.863;12.66
440;4;25;62.035;23.21
441;4;25;59.277;18.52
442;4;26;9.733;6.17
443;4;26;10.323;3.91
444;4;26;8.616;8.48
445;4;27;6.574;2.92
446;4;28;14.887;17.33
447;4;29;44.241;6.34
448;4;30;12.678;1.03
449;4;30;12.246;2.68
450;4;31;9.975;6.59
451;4;32;25.001;16.04
452;4;33;38.269;21.42
453;4;34;11.84;11.47
454;4;34;11.33;23.0
455;4;35;21.427;24.21
456;4;35;24.172;16.02
457;4;36;5.626;9.84
458;4;36;4.922;22.76
459;4;36;6.045;4.74
460;4;37;7.652;11.39
461;4;37;8.166;5.96
462;4;38;8.509;0.18
463;4;38;8.357;5.21
464;4;39;65.954;4.02
465;4;39;56.703;10.9
466;4;40;76.725;24.42
467;4;41;93.205;11.53
468;4;41;71.377;13.96
469;4;41;90.887;4.74
470;4;42;13.852;22.72
471;4;43;51.71;17.06
472;4;44;35.588;6.01
473;4;44;44.012;11.03
474;4;45;22.196;6.6
475;4;45;24.051;20.26
476;4;45;22.304;18.28
477;4;46;13.52;16.91
478;4;46;16.136;15.92
479;4;46;14.442;20.11
480;4;47;17.196;17.45
481;4;47;14.078;19.11
482;4;47;16.808;14.03
483;4;48;11.284;13.89
484;4;48;11.87;6.22
485;4;49;8.647;18.27
486;5;6;10.323;4.98
487;5;6;11.422;0.5
488;5;6;12.621;19.29
489;5;7;23.621;15.01
490;5;8;52.433;6.84
491;5;8;55.047;16.64
492;5;8;62.433;24.13
493;5;9;14.4;1.18
494;5;9;13.241;4.87
495;5;9;16.886;13.97
496;5;10;39.488;13.57
497;5;10;32.283;14.01
498;5;10;35.073;18.81
499;5;11;46.481;4.13
500;5;12;41.52;12.93
501;5;13;30.314;9.64
502;5;13;29.8;5.51
503;5;14;37.763;6.78
504;5;14;43.224;18.88
505;5;14;37.193;9.57
506;5;15;9.344;11.68
507;5;15;9.439;12.77
508;5;16;29.821;11.24
509;5;16;27.357;21.68
510;5;16;35.506;2.91
511;5;17;53.965;17.69
512;5;17;54.582;5.04
513;5;17;45.843;7.69
514;5;18;95.389;21.41
515;5;18;90.901;7.53
516;5;18;113.596;21.12
517;5;19;35.299;9.47
518;5;20;71.81;13.54
519;5;20;84.518;11.44
520;5;20;75.902;9.21
521;5;21;47.282;6.58
522;5;22;10.905;10.88
523;5;22;8.427;11.15
524;5;22;12.646;3.68
525;5;23;72.778;18.18
526;5;23;57.709;5.83
527;5;24;21.487;20.04
528;5;24;20.05;12.84
529;5;25;83.027;3.04
530;5;26;12.858;23.54
531;5;27;15.801;19.91
532;5;28;22.821;2.5
533;5;29;31.063;12.28
534;5;30;6.869;16.2
535;5;31;12.156;3.98
536;5;31;12.214;4.46
537;5;32;32.62;8.89
538;5;33;52.078;9.02
539;5;33;63.208;12.92
540;5;34;17.705;17.99
541;5;34;13.565;20.9
542;5;35;9.587;3.84
543;5;36;19.811;12.92
544;5;37;15.128;19.84
545;5;37;17.337;6.53
546;5;37;17.565;4.72
547;5;38;10.797;1.39
548;5;38;8.876;5.38
549;5;39;80.865;18.06
550;5;39;99.715;23.91
551;5;40;91.617;15.67
552;5;40;71.372;9.5
553;5;40;112.156;13.91
554;5;41;92.838;14.99
555;5;41;88.87;21.52
556;5;41;69.985;13.66
557;5;42;9.749;4.41
558;5;42;8.262;14.23
559;5;43;59.384;24.84
560;5;44;42.507;23.47
561;5;44;52.439;20.26
562;5;45;14.255;22.6
563;5;46;6.533;7.24
564;5;46;7.934;7.49
565;5;46;6.49;23.46
566;5;47;8.883;23.02
567;5;48;4.283;13.2
568;5;48;3.899;16.72
569;5;48;3.38;1.33
570;5;49;22.688;24.23
571;5;49;17.948;5.48
572;6;7;28.859;24.31
573;6;8;57.892;17.1
574;6;8;64.218;14.52
575;6;9;15.372;5.77
576;6;9;15.965;21.84
577;6;10;29.973;15.11
578;6;10;28.55;20.63
579;6;11;39.892;12.72
580;6;11;33.148;2.11
581;6;12;35.845;4.04
582;6;13;21.053;24.24
583;6;13;23.7;20.18
584;6;14;35.483;24.13
585;6;14;39.608;14.48
586;6;15;19.667;21.41
587;6;16;20.072;17.98
588;6;16;16.444;14.78
589;6;16;22.747;18.01
590;6;17;46.758;8.78
591;6;17;51.156;0.51
592;6;17;36.011;24.25
593;6;18;86.899;9.12
594;6;18;107.316;8.61
595;6;18;101.685;12.12
596;6;19;41.462;9.52
597;6;19;40.194;5.38
598;6;20;63.49;20.67
599;6;21;39.311;20.24
600;6;22;1.755;15.53
601;6;22;1.378;5.29
602;6;23;66.028;23.85
603;6;23;53.697;0.04
604;6;24;13.413;2.76
605;6;24;12.627;4.12
606;6;24;15.711;12.8
607;6;25;74.643;11.68
608;6;26;2.93;8.74
609;6;26;2.662;7.18
610;6;26;3.391;4.71
611;6;27;13.189;8.27
612;6;27;10.706;20.59
613;6;28;12.704;12.81
614;6;28;13.93;24.3
615;6;29;36.006;3.69
616;6;30;4.784;2.63
617;6;30;3.848;18.27
618;6;31;2.493;21.89
619;6;31;2.949;3.06
620;6;31;2.923;3.61
621;6;32;22.87;24.46
622;6;33;46.738;13.85
623;6;34;7.711;4.12
624;6;35;13.406;6.9
625;6;35;13.446;24.19
626;6;36;10.748;24.58
627;6;36;11.354;21.56
628;6;36;8.849;22.58
629;6;37;4.84;21.05
630;6;37;4.788;17.07
631;6;38;11.204;1.37
632;6;38;11.711;18.6
633;6;38;9.687;0.76
634;6;39;71.18;8.39
635;6;39;86.603;20.91
636;6;40;81.893;7.07
637;6;40;92.474;14.6
638;6;41;87.309;7.2
639;6;42;5.307;7.9
640;6;43;49.936;9.29
641;6;44;33.145;20.89
642;6;45;22.218;9.12
643;6;45;16.977;3.12
644;6;46;5.652;24.97
645;6;47;8.83;23.64
646;6;48;6.364;5.29
647;6;48;7.934;5.13
648;6;49;17.194;3.61
649;6;49;19.515;3.58
650;7;8;29.136;10.62
651;7;8;35.236;5.77
652;7;8;23.928;21.25
653;7;9;14.501;7.84
654;7;9;12.884;13.85
655;7;9;15.955;2.3
656;7;10;46.181;18.76
657;7;11;68.67;9.65
658;7;12;35.955;13.26
659;7;13;37.998;18.63
660;7;13;36.676;9.92
661;7;13;33.729;18.82
662;7;14;61.384;1.23
663;7;15;22.057;0.79
664;7;16;39.493;8.88
665;7;16;47.727;3.47
666;7;16;45.597;1.01
667;7;17;75.617;8.32
668;7;17;62.958;18.29
669;7;18;93.102;6.52
670;7;18;101.565;12.66
671;7;19;12.717;0.46
672;7;20;70.123;14.26
673;7;20;56.871;7.77
674;7;20;86.507;21.83
675;7;21;68.074;2.81
676;7;21;52.95;15.09
677;7;22;27.879;9.37
678;7;22;34.306;7.98
679;7;23;66.005;15.53
680;7;24;42.272;17.21
681;7;24;50.397;15.29
682;7;24;39.975;17.51
683;7;25;80.897;14.54
684;7;26;29.303;22.75
685;7;27;39.149;12.27
686;7;27;32.437;3.14
687;7;28;36.011;14.47
688;7;28;29.127;12.49
689;7;29;7.444;7.13
690;7;29;7.244;4.16
691;7;30;24.314;13.45
692;7;30;30.345;2.01
693;7;31;28.647;4.7
694;7;31;25.661;24.97
695;7;32;41.666;5.12
696;7;32;38.411;14.8
697;7;33;75.07;17.5
698;7;33;74.887;23.55
699;7;33;58.256;21.08
700;7;34;32.05;10.56
701;7;34;33.707;7.19
702;7;34;29.694;10.35
703;7;35;15.541;9.7
704;7;35;17.964;11.2
705;7;36;39.479;7.47
706;7;36;46.259;22.65
707;7;36;43.707;24.15
708;7;37;32.631;3.41
709;7;37;38.075;17.62
710;7;38;34.38;2.01
711;7;38;32.506;4.54
712;7;38;31.442;12.64
713;7;39;97.511;10.61
714;7;39;86.933;18.19
715;7;40;107.971;24.51
716;7;40;107.434;2.9
717;7;40;109.402;10.75
718;7;41;81.733;13.78
719;7;41;80.125;1.69
720;7;42;23.888;24.39
721;7;42;23.129;0.52
722;7;43;63.342;9.02
723;7;44;48.04;18.32
724;7;44;57.247;6.29
725;7;45;33.31;1.49
726;7;45;34.204;19.31
727;7;45;31.459;2.67
728;7;46;23.458;22.34
729;7;47;20.066;1.69
730;7;47;23.437;14.98
731;7;47;22.718;12.89
732;7;48;26.448;18.13
733;7;49;45.309;2.65
734;8;9;42.91;22.77
735;8;9;44.057;21.11
736;8;10;69.654;2.19
737;8;10;64.403;3.36
738;8;11;97.767;16.17
739;8;11;117.541;3.98
740;8;11;113.989;0.57
741;8;12;52.504;23.52
742;8;12;57.744;11.28
743;8;13;63.137;24.35
744;8;13;72.301;13.43
745;8;14;90.045;13.82
746;8;15;48.727;18.82
747;8;15;49.78;13.98
748;8;16;65.343;20.2
749;8;17;104.601;24.28
750;8;18;104.258;20.55
751;8;18;127.998;14.88
752;8;19;17.276;16.66
753;8;20;83.961;5.96
754;8;21;96.875;7.15
755;8;21;85.025;3.02
756;8;22;56.809;12.37
757;8;23;74.772;22.11
758;8;23;83.766;16.73
759;8;23;73.561;9.21
760;8;24;71.292;2.0
761;8;24;66.417;18.11
762;8;24;86.537;19.17
763;8;25;93.199;21.07
764;8;25;82.378;6.67
765;8;25;83.912;3.02
766;8;26;58.09;8.99
767;8;26;69.062;10.26
768;8;26;48.183;4.35
769;8;27;68.151;23.49
770;8;27;69.111;7.94
771;8;27;68.899;18.55
772;8;28;63.55;12.2
773;8;28;78.999;23.43
774;8;29;21.887;23.74
775;8;30;53.424;17.6
776;8;30;55.372;23.44
777;8;31;57.478;11.21
778;8;31;50.281;13.49
779;8;31;54.462;9.36
780;8;32;66.963;23.95
781;8;32;81.389;14.55
782;8;32;63.082;20.15
783;8;33;104.196;6.05
784;8;33;90.067;19.3
785;8;33;90.698;16.21
786;8;34;60.251;22.38
787;8;34;52.875;18.85
788;8;34;73.582;0.49
789;8;35;44.666;12.18
790;8;35;43.879;23.01
791;8;36;68.379;7.33
792;8;37;61.402;3.92
793;8;37;50.243;17.39
794;8;38;63.227;18.11
795;8;38;73.975;1.01
796;8;39;124.133;5.22
797;8;40;134.262;8.81
798;8;40;157.876;10.24
799;8;40;112.275;0.65
800;8;41;82.781;7.92
801;8;42;52.787;23.49
802;8;42;52.556;18.51
803;8;42;50.583;8.3
804;8;43;82.96;22.67
805;8;43;63.972;12.04
806;8;43;92.265;2.86
807;8;44;70.559;19.52
808;8;44;62.12;23.08
809;8;45;59.687;11.17
810;8;46;52.575;17.3
811;8;46;52.497;2.63
812;8;47;49.064;16.15
813;8;47;46.633;17.69
814;8;47;37.365;14.66
815;8;48;55.522;4.87
816;8;49;74.442;7.67
817;8;49;61.452;7.27
818;8;49;77.549;0.14
819;9;10;33.419;8.62
820;9;11;55.131;15.98
821;9;11;56.911;2.61
822;9;12;29.022;3.47
823;9;13;24.601;23.49
824;9;14;50.168;22.85
825;9;15;18.996;11.77
826;9;15;19.489;24.08
827;9;15;16.966;10.74
828;9;16;25.644;11.87
829;9;16;21.622;8.84
830;9;16;20.428;22.81
831;9;17;61.754;17.28
832;9;17;70.308;20.66
833;9;18;85.235;7.94
834;9;19;27.178;19.85
835;9;19;26.036;0.39
836;9;19;23.86;7.38
837;9;20;61.687;9.64
838;9;20;48.511;8.88
839;9;20;53.364;17.36
840;9;21;53.966;19.5
841;9;22;14.075;24.19
842;9;22;11.107;23.22
843;9;23;60.565;22.32
844;9;23;46.637;6.13
845;9;23;46.792;12.43
846;9;24;28.573;12.89
847;9;24;34.32;10.02
848;9;25;72.833;4.41
849;9;25;61.501;1.87
850;9;25;87.021;1.53
851;9;26;15.208;1.62
852;9;26;14.131;6.67
853;9;27;27.476;12.68
854;9;28;21.551;19.67
855;9;28;23.485;5.95
856;9;29;21.106;16.67
857;9;29;20.159;18.51
858;9;30;11.546;17.39
859;9;31;14.627;9.06
860;9;31;11.83;9.26
861;9;32;28.044;4.83
862;9;32;29.382;16.36
863;9;32;23.047;18.02
864;9;33;62.109;21.91
865;9;33;61.761;15.74
866;9;34;17.568;2.83
867;9;35;5.206;4.23
868;9;35;5.412;9.87
869;9;35;5.695;11.98
870;9;36;25.526;18.2
871;9;37;18.504;18.46
872;9;37;16.769;20.56
873;9;37;15.536;14.37
874;9;38;23.627;0.34
875;9;38;18.68;21.59
876;9;38;19.013;18.82
877;9;39;83.075;16.64
878;9;40;93.576;21.27
879;9;41;79.458;10.73
880;9;42;10.085;13.93
881;9;42;8.08;4.26
882;9;42;8.756;16.29
883;9;43;52.053;22.76
884;9;44;35.754;3.73
885;9;45;28.053;11.89
886;9;45;33.899;12.87
887;9;46;10.847;22.83
888;9;46;9.254;21.3
889;9;47;6.858;10.96
890;9;48;15.178;3.76
891;9;49;32.509;19.2
892;9;49;37.682;4.54
893;10;11;46.542;8.05
894;10;12;21.57;12.31
895;10;12;24.735;9.96
896;10;12;17.882;24.47
897;10;13;9.238;5.08
898;10;13;8.061;12.95
899;10;13;7.695;24.7
900;10;14;54.245;18.15
901;10;14;48.461;13.41
902;10;15;48.346;15.57
903;10;16;9.975;4.57
904;10;16;10.339;12.54
905;10;16;10.312;8.86
906;10;17;49.291;9.48
907;10;17;44.642;0.31
908;10;18;57.641;22.67
909;10;19;57.552;23.91
910;10;19;70.614;0.7
911;10;20;34.854;12.6
912;10;20;26.824;0.77
913;10;21;40.666;7.85
914;10;22;28.847;0.32
915;10;23;41.27;9.64
916;10;23;50.18;7.98
917;10;24;29.991;9.95
918;10;24;23.856;21.76
919;10;24;36.665;20.45
920;10;25;45.674;2.23
921;10;25;50.134;15.44
922;10;25;39.653;24.99
923;10;26;27.071;10.48
924;10;27;38.752;23.12
925;10;27;33.148;10.62
926;10;27;39.533;2.94
927;10;28;17.667;1.48
928;10;28;21.587;0.74
929;10;28;18.51;0.92
930;10;29;50.588;8.92
931;10;30;32.631;23.2
932;10;30;36.997;2.26
933;10;31;27.657;4.51
934;10;31;22.521;10.95
935;10;32;7.264;10.43
936;10;32;8.122;23.77
937;10;32;7.482;11.58
938;10;33;55.748;3.78
939;10;34;22.291;20.24
940;10;35;36.461;24.41
941;10;36;27.463;21.75
942;10;36;29.439;18.02
943;10;37;26.148;11.97
944;10;37;26.33;4.67
945;10;37;26.823;21.37
946;10;38;39.788;2.56
947;10;39;55.783;5.11
948;10;40;65.337;14.1
949;10;40;74.113;21.84
950;10;41;64.689;4.67
951;10;41;57.218;4.32
952;10;41;60.088;16.1
953;10;42;29.967;10.64
954;10;42;22.85;24.78
955;10;43;19.964;14.8
956;10;43;21.896;0.93
957;10;43;22.725;24.43
958;10;44;3.37;12.02
959;10;45;52.165;6.96
960;10;45;52.043;25.0
961;10;46;33.071;17.92
962;10;47;32.548;16.8
963;10;47;25.301;17.03
964;10;48;36.161;2.06
965;10;48;30.912;7.98
966;10;48;42.115;23.71
967;10;49;36.549;12.96
968;11;12;65.336;13.66
969;11;12;64.981;11.07
970;11;13;44.354;22.3
971;11;14;19.619;3.64
972;11;15;53.562;7.33
973;11;16;41.226;20.2
974;11;16;47.18;1.35
975;11;16;36.264;23.66
976;11;17;8.115;16.63
977;11;17;8.411;6.0
978;11;18;97.123;16.57
979;11;18;79.434;7.38
980;11;19;81.132;12.07
981;11;19;76.287;18.86
982;11;19;70.352;24.47
983;11;20;77.761;15.26
984;11;21;8.171;8.25
985;11;21;9.49;2.77
986;11;21;9.978;23.02
987;11;22;41.065;8.06
988;11;23;87.213;1.57
989;11;23;94.979;1.12
990;11;23;97.633;9.91
991;11;24;26.558;10.92
992;11;24;32.258;4.47
993;11;24;28.279;7.72
994;11;25;86.923;18.37
995;11;26;39.989;13.06
996;11;26;46.452;12.31
997;11;26;40.356;24.66
998;11;27;31.099;3.73
999;11;28;37.779;21.47
1000;11;29;75.887;2.47
1001;11;29;58.995;6.82
1002;11;30;44.356;23.66
1003;11;31;40.525;4.47
1004;11;31;31.691;10.09
1005;11;32;41.989;4.89
1006;11;32;40.664;10.47
1007;11;32;36.07;22.29
1008;11;33;9.263;8.57
1009;11;33;7.844;4.11
1010;11;34;39.024;13.33
1011;11;34;42.879;10.24
1012;11;35;53.131;13.03
1013;11;36;29.708;1.0
1014;11;36;32.029;0.49
1015;11;37;36.786;17.39
1016;11;38;36.426;5.88
1017;11;38;28.04;7.58
1018;11;38;33.736;14.91
1019;11;39;44.275;24.78
1020;11;39;47.814;17.05
1021;11;40;54.294;2.77
1022;11;40;55.972;22.49
1023;11;41;110.894;11.76
1024;11;41;88.509;15.58
1025;11;41;99.918;21.46
1026;11;42;45.08;2.96
1027;11;43;59.345;11.66
1028;11;43;66.505;5.96
1029;11;43;53.61;24.82
1030;11;44;49.264;24.84
1031;11;45;47.029;11.85
1032;11;45;42.263;9.94
1033;11;45;37.163;23.25
1034;11;46;45.212;10.7
1035;11;46;34.045;14.79
1036;11;47;48.72;8.15
1037;11;47;51.49;9.72
1038;11;48;42.744;24.23
1039;11;48;53.383;17.25
1040;11;48;50.304;8.46
1041;11;49;23.796;11.54
1042;12;13;20.984;12.08
1043;12;14;68.662;17.23
1044;12;14;70.293;1.3
1045;12;14;57.93;10.45
1046;12;15;47.913;18.78
1047;12;15;51.372;19.81
1048;12;16;24.109;14.63
1049;12;17;69.299;2.08
1050;12;17;52.579;15.29
1051;12;18;57.209;20.27
1052;12;18;43.222;20.16
1053;12;18;65.269;17.71
1054;12;19;44.204;13.4
1055;12;19;43.274;3.01
1056;12;20;34.185;11.98
1057;12;20;39.284;20.72
1058;12;20;35.192;5.91
1059;12;21;60.577;14.05
1060;12;22;34.129;9.34
1061;12;22;27.938;21.3
1062;12;22;37.185;5.81
1063;12;23;31.549;1.16
1064;12;23;25.23;23.68
1065;12;24;43.091;3.66
1066;12;24;46.981;4.59
1067;12;25;44.955;8.91
1068;12;25;55.636;3.43
1069;12;25;54.126;17.06
1070;12;26;33.322;3.42
1071;12;26;41.486;1.24
1072;12;26;37.073;11.84
1073;12;27;48.438;22.99
1074;12;28;28.902;9.82
1075;12;28;33.61;23.29
1076;12;29;37.436;21.16
1077;12;30;35.589;2.6
1078;12;30;32.163;1.62
1079;12;30;30.726;19.5
1080;12;31;33.457;19.21
1081;12;31;25.787;21.87
1082;12;32;23.587;14.49
1083;12;33;74.2;10.27
1084;12;33;56.592;6.86
1085;12;34;30.463;13.83
1086;12;34;30.023;11.56
1087;12;35;34.007;3.17
1088;12;35;37.032;5.34
1089;12;35;36.896;19.28
1090;12;36;39.694;12.01
1091;12;37;34.637;5.97
1092;12;37;30.181;11.64
1093;12;37;33.376;23.62
1094;12;38;47.035;9.81
1095;12;38;35.693;9.95
1096;12;39;76.827;8.68
1097;12;39;91.769;15.45
1098;12;39;89.901;1.9
1099;12;40;85.958;6.79
1100;12;40;88.459;7.88
1101;12;40;99.025;2.32
1102;12;41;51.541;4.62
1103;12;41;48.099;22.81
1104;12;41;40.487;16.52
1105;12;42;32.528;19.75
1106;12;43;30.486;12.77
1107;12;43;32.656;15.4
1108;12;43;33.607;0.49
1109;12;44;20.817;23.72
1110;12;44;20.504;15.4
1111;12;45;55.774;18.47
1112;12;45;57.704;7.38
1113;12;45;43.893;1.9
1114;12;46;35.493;14.28
1115;12;46;28.955;3.36
1116;12;47;32.66;7.32
1117;12;47;28.738;17.91
1118;12;47;39.525;0.39
1119;12;48;40.097;6.2
1120;12;48;33.923;3.85
1121;12;49;49.491;24.66
1122;12;49;46.178;9.37
1123;13;14;48.824;10.94
1124;13;14;53.587;10.46
1125;13;14;38.377;16.4
1126;13;15;39.115;19.45
1127;13;15;34.202;19.81
1128;13;15;34.595;20.61
1129;13;16;3.134;20.5
1130;13;16;3.84;1.86
1131;13;16;2.826;15.77
1132;13;17;48.521;14.27
1133;13;17;51.421;24.16
1134;13;18;65.94;5.81
1135;13;18;72.476;0.35
1136;13;18;79.82;15.51
1137;13;19;49.88;20.8
1138;13;19;60.508;5.41
1139;13;19;61.188;15.99
1140;13;20;42.679;7.84
1141;13;21;39.813;12.73
1142;13;22;19.813;11.79
1143;13;22;19.197;21.21
1144;13;23;46.911;12.92
1145;13;23;43.345;9.64
1146;13;23;58.598;9.28
1147;13;24;23.466;9.61
1148;13;24;18.652;23.16
1149;13;25;53.755;16.57
1150;13;26;18.125;10.36
1151;13;26;21.933;13.11
1152;13;26;21.117;15.97
1153;13;27;31.014;16.31
1154;13;27;25.611;19.28
1155;13;28;9.569;4.81
1156;13;28;11.414;20.2
1157;13;29;43.031;0.3
1158;13;30;23.447;9.41
1159;13;30;23.223;4.06
1160;13;31;18.66;11.35
1161;13;32;3.827;1.93
1162;13;32;4.446;9.25
1163;13;32;3.449;4.53
1164;13;33;53.226;14.53
1165;13;33;50.101;7.93
1166;13;33;45.56;20.44
1167;13;34;13.515;16.22
1168;13;34;10.167;14.35
1169;13;35;27.339;4.7
1170;13;35;26.326;8.04
1171;13;36;20.413;5.88
1172;13;36;16.382;15.19
1173;13;36;25.408;23.9
1174;13;37;17.643;13.87
1175;13;37;19.442;4.37
1176;13;38;31.379;16.83
1177;13;38;25.481;21.29
1178;13;39;61.055;4.02
1179;13;39;57.988;0.69
1180;13;40;71.126;15.04
1181;13;40;73.881;8.65
1182;13;40;85.491;16.2
1183;13;41;69.552;20.26
1184;13;41;53.884;19.74
1185;13;41;72.369;12.25
1186;13;42;20.74;1.59
1187;13;42;20.028;11.67
1188;13;42;21.332;24.98
1189;13;43;29.071;16.3
1190;13;43;36.286;13.36
1191;13;43;22.612;23.37
1192;13;44;12.194;24.94
1193;13;45;43.266;16.75
1194;13;46;23.863;19.32
1195;13;47;23.327;5.64
1196;13;47;24.263;3.3
1197;13;47;23.525;19.13
1198;13;48;27.111;4.85
1199;13;48;29.135;13.7
1200;13;48;28.915;13.55
1201;13;49;30.107;13.37
1202;13;49;23.517;11.45
1203;13;49;26.151;9.88
1204;14;15;42.085;5.47
1205;14;15;40.122;3.78
1206;14;15;49.735;15.01
1207;14;16;46.063;19.58
1208;14;16;36.892;19.38
1209;14;17;27.076;21.74
1210;14;18;109.833;22.1
1211;14;18;89.747;24.99
1212;14;19;72.802;22.76
1213;14;19;82.717;8.02
1214;14;19;81.687;7.52
1215;14;20;88.461;18.25
1216;14;21;26.588;2.07
1217;14;21;23.01;6.3
1218;14;21;20.195;5.23
1219;14;22;37.142;13.47
1220;14;23;95.326;16.0
1221;14;24;25.585;6.81
1222;14;24;25.536;9.07
1223;14;24;24.885;12.39
1224;14;25;98.653;14.01
1225;14;25;102.852;6.23
1226;14;25;108.564;11.04
1227;14;26;37.002;12.21
1228;14;27;22.692;12.55
1229;14;27;24.899;2.79
1230;14;27;18.008;23.86
1231;14;28;39.848;14.84
1232;14;28;31.488;19.29
1233;14;28;46.469;8.69
1234;14;29;68.826;9.59
1235;14;29;61.989;14.46
1236;14;29;81.843;23.03
1237;14;30;38.631;10.94
1238;14;30;35.284;12.97
1239;14;31;37.21;14.04
1240;14;31;41.839;13.04
1241;14;32;47.882;5.6
1242;14;32;58.851;21.3
1243;14;32;37.923;19.15
1244;14;33;18.71;11.87
1245;14;33;20.713;3.79
1246;14;33;15.809;19.56
1247;14;34;38.502;18.7
1248;14;34;29.933;16.78
1249;14;34;46.301;7.3
1250;14;35;46.57;13.6
1251;14;35;41.865;14.93
1252;14;36;28.971;14.92
1253;14;36;22.525;14.64
1254;14;36;31.33;11.36
1255;14;37;34.699;21.16
1256;14;37;34.295;4.29
1257;14;37;31.486;16.18
1258;14;38;27.034;17.5
1259;14;38;24.511;0.89
1260;14;39;63.887;13.39
1261;14;39;74.931;9.92
1262;14;40;73.896;3.86
1263;14;41;118.325;5.56
1264;14;42;40.599;4.36
1265;14;42;36.387;12.23
1266;14;43;70.996;6.87
1267;14;44;57.482;24.04
1268;14;45;32.832;18.16
1269;14;45;34.01;11.58
1270;14;45;33.349;13.79
1271;14;46;39.322;10.86
1272;14;46;40.178;4.69
1273;14;47;43.312;22.7
1274;14;47;51.387;11.07
1275;14;47;41.649;11.44
1276;14;48;35.297;14.61
1277;14;49;19.222;24.47
1278;15;16;38.871;2.31
1279;15;16;47.255;3.32
1280;15;16;33.371;7.29
1281;15;17;61.346;13.34
1282;15;18;103.288;17.01
1283;15;18;110.705;10.66
1284;15;18;110.008;1.59
1285;15;19;31.508;19.84
1286;15;19;26.782;16.79
1287;15;19;35.713;7.06
1288;15;20;79.672;22.48
1289;15;20;77.19;15.86
1290;15;20;74.586;8.76
1291;15;21;55.244;8.17
1292;15;21;51.34;13.26
1293;15;22;20.174;2.3
1294;15;22;15.146;4.26
1295;15;22;20.919;14.64
1296;15;23;79.455;3.74
1297;15;23;68.972;21.41
1298;15;23;85.05;16.34
1299;15;24;30.057;9.94
1300;15;25;90.886;19.54
1301;15;25;89.746;23.49
1302;15;25;103.551;6.35
1303;15;26;22.147;3.0
1304;15;27;22.49;17.54
1305;15;27;25.45;5.46
1306;15;27;21.587;16.94
1307;15;28;32.075;10.85
1308;15;28;28.238;12.19
1309;15;29;28.986;18.62
1310;15;30;15.879;24.97
1311;15;31;21.427;1.33
1312;15;31;23.982;12.56
1313;15;32;41.651;5.56
1314;15;33;58.187;15.82
1315;15;34;26.949;19.94
1316;15;35;13.908;21.1
1317;15;35;14.517;15.86
1318;15;35;15.847;2.0
1319;15;36;28.791;14.33
1320;15;37;24.469;15.1
1321;15;38;17.176;10.41
1322;15;39;89.796;20.94
1323;15;39;105.952;11.2
1324;15;39;108.857;14.85
1325;15;40;100.562;6.01
1326;15;40;80.991;14.79
1327;15;41;98.397;11.6
1328;15;41;118.483;10.45
1329;15;41;113.432;11.98
1330;15;42;18.382;13.23
1331;15;43;68.108;24.05
1332;15;43;63.898;10.71
1333;15;43;78.179;7.19
1334;15;44;51.253;24.34
1335;15;45;11.285;11.22
1336;15;45;11.57;6.97
1337;15;46;15.337;23.73
1338;15;46;13.711;5.58
1339;15;47;16.168;8.12
1340;15;48;13.506;9.4
1341;15;48;15.856;0.38
1342;15;48;12.347;7.87
1343;15;49;30.026;8.08
1344;15;49;26.68;13.57
1345;16;17;45.399;13.2
1346;16;17;37.276;10.13
1347;16;18;67.493;7.12
1348;16;18;56.965;23.56
1349;16;19;51.627;15.19
1350;16;19;59.025;7.02
1351;16;20;44.461;12.18
1352;16;21;36.695;21.35
1353;16;21;27.813;7.58
1354;16;21;35.779;16.86
1355;16;22;19.032;15.49
1356;16;22;14.366;24.8
1357;16;23;49.42;23.83
1358;16;23;43.423;19.6
1359;16;23;50.913;22.26
1360;16;24;20.912;10.11
1361;16;25;55.425;19.83
1362;16;26;17.198;22.94
1363;16;27;29.019;9.86
1364;16;27;27.044;13.97
1365;16;27;32.514;3.29
1366;16;28;7.708;7.69
1367;16;29;44.869;6.51
1368;16;30;23.02;22.5
1369;16;30;20.989;22.28
1370;16;30;28.422;10.17
1371;16;31;17.815;23.65
1372;16;31;19.884;10.75
1373;16;31;18.394;22.22
1374;16;32;2.805;22.1
1375;16;32;2.796;9.2
1376;16;32;2.61;4.75
1377;16;33;50.115;12.09
1378;16;33;46.786;15.88
1379;16;34;12.365;22.2
1380;16;34;11.47;2.77
1381;16;34;15.326;16.59
1382;16;35;27.854;0.46
1383;16;35;23.032;0.67
1384;16;36;18.034;11.62
1385;16;36;15.416;24.83
1386;16;36;21.015;8.58
1387;16;37;16.173;2.63
1388;16;37;15.252;20.74
1389;16;38;29.834;19.23
1390;16;38;34.736;6.88
1391;16;38;25.791;19.92
1392;16;39;58.791;2.08
1393;16;39;67.221;3.31
1394;16;39;46.744;3.75
1395;16;40;68.988;17.91
1396;16;41;72.263;11.09
1397;16;41;76.325;21.74
1398;16;42;20.552;17.46
1399;16;43;29.895;21.72
1400;16;44;13.258;18.53
1401;16;44;12.638;7.99
1402;16;45;42.222;23.59
1403;16;46;23.534;3.33
1404;16;47;23.529;11.11
1405;16;47;22.32;9.86
1406;16;47;28.147;7.05
1407;16;48;26.329;9.84
1408;16;48;28.99;23.97
1409;16;49;27.562;0.48
1410;17;18;96.25;9.0
1411;17;19;88.195;20.93
1412;17;19;94.713;13.26
1413;17;19;102.239;5.41
1414;17;20;78.233;9.62
1415;17;21;8.722;24.16
1416;17;21;8.719;10.15
1417;17;21;7.234;4.99
1418;17;22;47.793;4.25
1419;17;22;35.908;19.43
1420;17;22;51.356;17.21
1421;17;23;88.825;11.97
1422;17;23;91.899;8.95
1423;17;23;102.414;17.79
1424;17;24;33.346;2.31
1425;17;24;27.662;8.93
1426;17;25;86.713;24.5
1427;17;26;46.546;4.83
1428;17;26;42.239;3.36
1429;17;26;36.341;4.29
1430;17;27;38.857;20.0
1431;17;27;34.0;9.7
1432;17;27;46.325;18.24
1433;17;28;43.076;21.0
1434;17;29;82.719;23.21
1435;17;30;51.362;12.01
1436;17;30;49.066;2.06
1437;17;30;42.294;20.82
1438;17;31;47.138;11.14
1439;17;32;45.714;5.52
1440;17;32;42.044;5.29
1441;17;33;11.417;9.58
1442;17;33;9.933;10.63
1443;17;33;12.346;7.8
1444;17;34;45.011;18.28
1445;17;35;60.129;17.92
1446;17;35;56.415;0.04
1447;17;35;51.426;24.41
1448;17;36;36.232;11.9
1449;17;37;43.259;19.86
1450;17;37;42.484;21.39
1451;17;38;44.173;2.95
1452;17;39;37.419;5.77
1453;17;40;47.049;17.03
1454;17;40;41.83;23.64
1455;17;41;112.573;20.66
1456;17;41;135.907;6.27
1457;17;42;51.814;15.08
1458;17;42;45.445;13.24
1459;17;42;44.383;19.35
1460;17;43;59.672;1.45
1461;17;44;51.67;13.22
1462;17;44;60.584;7.0
1463;17;44;55.212;22.9
1464;17;45;55.091;7.04
1465;17;46;52.231;10.97
1466;17;46;40.873;2.49
1467;17;47;55.565;14.2
1468;17;47;68.076;17.38
1469;17;47;43.016;18.96
1470;17;48;50.094;6.18
1471;17;48;45.312;2.33
1472;17;49;31.387;8.78
1473;18;19;100.154;15.78
1474;18;20;23.616;9.45
1475;18;20;23.12;20.02
1476;18;21;89.327;20.81
1477;18;21;99.687;4.54
1478;18;21;109.116;24.03
1479;18;22;85.535;3.31
1480;18;23;29.586;1.45
1481;18;23;29.625;6.87
1482;18;24;87.307;0.1
1483;18;24;88.354;7.96
1484;18;24;84.524;18.5
1485;18;25;12.409;11.29
1486;18;26;83.972;4.0
1487;18;27;96.388;11.57
1488;18;28;75.189;16.06
1489;18;28;77.598;9.73
1490;18;28;85.62;6.34
1491;18;29;93.798;19.09
1492;18;29;84.766;9.95
1493;18;30;88.638;1.19
1494;18;30;102.655;20.08
1495;18;30;88.177;4.5
1496;18;31;84.45;13.6
1497;18;31;68.047;1.05
1498;18;32;64.881;6.8
1499;18;32;76.644;18.17
1500;18;33;106.029;2.73
1501;18;33;121.135;15.06
1502;18;34;79.454;12.97
1503;18;34;95.165;17.98
1504;18;34;68.574;7.14
1505;18;35;89.762;23.84
1506;18;35;73.388;22.67
1507;18;36;85.017;0.68
1508;18;37;83.549;3.76
1509;18;38;97.279;21.01
1510;18;38;104.436;1.98
1511;18;39;78.109;9.6
1512;18;40;81.135;18.72
1513;18;40;86.726;15.39
1514;18;40;66.817;15.05
1515;18;41;36.032;9.45
1516;18;41;30.243;5.23
1517;18;42;85.65;10.59
1518;18;43;38.888;18.41
1519;18;44;54.287;0.64
1520;18;45;109.004;20.58
1521;18;45;102.031;0.44
1522;18;46;88.868;15.36
1523;18;46;94.638;19.27
1524;18;47;87.17;21.32
1525;18;48;92.705;17.11
1526;18;48;113.488;7.67
1527;18;49;93.673;1.42
1528;18;49;99.96;5.44
1529;19;20;78.008;18.64
1530;19;21;80.739;7.45
1531;19;22;40.544;16.95
1532;19;22;47.913;24.34
1533;19;22;46.301;3.88
1534;19;23;71.704;20.95
1535;19;24;54.858;1.88
1536;19;24;41.905;16.67
1537;19;24;49.656;20.74
1538;19;25;88.29;12.3
1539;19;25;105.878;16.36
1540;19;25;71.502;8.76
1541;19;26;42.003;10.31
1542;19;26;47.51;23.45
1543;19;27;51.076;3.45
1544;19;28;48.598;9.34
1545;19;28;56.268;7.76
1546;19;28;46.197;0.55
1547;19;29;7.003;14.01
1548;19;30;36.834;24.53
1549;19;30;28.421;3.38
1550;19;31;41.339;13.39
1551;19;31;38.305;6.5
1552;19;31;50.925;7.3
1553;19;32;53.636;5.17
1554;19;33;87.263;17.22
1555;19;33;71.552;6.43
1556;19;34;44.744;17.46
1557;19;35;28.068;21.05
1558;19;36;52.136;14.31
1559;19;36;57.295;17.16
1560;19;37;45.33;11.26
1561;19;37;35.669;19.09
1562;19;37;44.376;17.9
1563;19;38;46.073;14.59
1564;19;38;35.987;12.52
1565;19;39;110.013;19.0
1566;19;39;113.451;4.08
1567;19;40;120.412;4.77
1568;19;40;107.381;5.17
1569;19;41;84.42;13.02
1570;19;41;98.743;21.2
1571;19;42;36.571;8.9
1572;19;43;73.446;15.21
1573;19;44;59.077;5.29
1574;19;45;42.571;8.93
1575;19;45;52.342;1.31
1576;19;45;50.671;22.6
1577;19;46;35.967;5.97
1578;19;47;32.72;13.81
1579;19;48;38.565;16.94
1580;19;48;34.526;3.57
1581;19;48;29.354;8.59
1582;19;49;57.583;13.35
1583;19;49;71.884;0.67
1584;19;49;46.788;4.62
1585;20;21;70.48;10.49
1586;20;21;58.619;9.58
1587;20;22;62.083;18.08
1588;20;22;63.321;0.74
1589;20;23;15.436;0.56
1590;20;23;15.227;20.23
1591;20;23;13.412;19.3
1592;20;24;64.83;22.1
1593;20;25;11.221;1.88
1594;20;26;60.572;8.83
1595;20;26;50.575;24.48
1596;20;26;55.492;13.7
1597;20;27;73.478;8.84
1598;20;27;89.082;18.04
1599;20;28;52.091;7.82
1600;20;29;71.407;10.06
1601;20;29;70.885;5.94
1602;20;29;68.039;10.15
1603;20;30;65.084;24.94
1604;20;31;61.024;18.01
1605;20;32;41.967;23.92
1606;20;33;86.948;21.95
1607;20;33;75.11;9.73
1608;20;33;71.779;16.56
1609;20;34;56.153;11.85
1610;20;35;66.166;16.98
1611;20;35;64.223;17.89
1612;20;35;64.03;7.54
1613;20;36;62.303;13.95
1614;20;36;73.014;5.89
1615;20;37;60.322;7.5
1616;20;37;67.534;24.24
1617;20;38;74.055;7.52
1618;20;39;68.286;14.16
1619;20;39;60.548;18.2
1620;20;40;74.18;16.7
1621;20;41;36.555;6.25
1622;20;41;34.182;15.19
1623;20;41;30.855;8.35
1624;20;42;62.08;13.73
1625;20;42;53.481;6.19
1626;20;43;18.562;15.8
1627;20;43;18.823;10.78
1628;20;43;13.96;20.68
1629;20;44;31.488;10.9
1630;20;45;85.51;21.58
1631;20;46;65.297;10.16
1632;20;47;63.556;22.74
1633;20;47;73.338;24.25
1634;20;47;72.257;18.81
1635;20;48;69.201;18.75
1636;20;48;64.809;8.73
1637;20;48;64.574;10.42
1638;20;49;71.35;23.52
1639;20;49;55.12;15.41
1640;21;22;40.197;13.85
1641;21;22;44.922;14.57
1642;21;23;80.577;7.81
1643;21;24;26.038;2.24
1644;21;24;21.067;13.93
1645;21;24;21.047;16.2
1646;21;25;79.353;21.52
1647;21;26;38.807;2.21
1648;21;27;32.982;17.07
1649;21;27;30.652;23.67
1650;21;27;28.978;24.16
1651;21;28;34.629;12.59
1652;21;28;27.733;13.18
1653;21;28;32.187;1.56
1654;21;29;75.039;17.52
1655;21;29;62.197;0.19
1656;21;29;57.405;2.72
1657;21;30;44.025;17.81
1658;21;30;52.742;10.62
1659;21;31;39.442;1.5
1660;21;32;36.992;1.23
1661;21;33;16.702;18.18
1662;21;34;36.879;17.85
1663;21;35;52.714;3.51
1664;21;36;28.603;0.32
1665;21;36;24.162;0.74
1666;21;37;35.485;1.11
1667;21;38;38.17;14.29
1668;21;38;32.335;9.0
1669;21;38;37.447;21.6
1670;21;39;37.907;10.67
1671;21;40;48.319;23.75
1672;21;41;104.317;7.92
1673;21;41;94.561;19.26
1674;21;41;94.317;14.1
1675;21;42;44.188;9.66
1676;21;42;46.254;19.2
1677;21;42;47.866;8.79
1678;21;43;51.963;24.1
1679;21;44;43.122;23.31
1680;21;45;50.18;22.98
1681;21;46;44.899;5.99
1682;21;46;43.195;21.13
1683;21;47;48.019;13.7
1684;21;47;54.289;13.78
1685;21;47;53.857;14.28
1686;21;48;43.229;7.38
1687;21;49;25.336;14.54
1688;22;23;64.413;9.57
1689;22;23;48.887;14.9
1690;22;23;49.07;23.04
1691;22;24;14.514;16.86
1692;22;24;16.145;14.18
1693;22;25;73.254;2.98
1694;22;25;62.997;16.7
1695;22;26;1.983;16.64
1696;22;27;14.928;12.78
1697;22;27;14.344;23.22
1698;22;28;11.916;18.53
1699;22;28;14.15;21.64
1700;22;29;34.926;15.37
1701;22;29;34.014;0.56
1702;22;30;4.534;9.41
1703;22;31;1.253;9.42
1704;22;32;21.837;3.38
1705;22;32;21.377;14.39
1706;22;32;27.245;12.7
1707;22;33;48.082;3.95
1708;22;33;45.565;19.49
1709;22;34;6.801;15.71
1710;22;34;6.866;8.39
1711;22;35;12.604;8.87
1712;22;35;10.767;20.47
1713;22;36;11.6;22.11
1714;22;37;4.963;12.13
1715;22;37;5.55;5.44
1716;22;37;4.318;4.69
1717;22;38;12.906;22.2
1718;22;39;71.411;21.68
1719;22;40;82.095;18.45
1720;22;40;78.47;11.04
1721;22;41;85.613;17.17
1722;22;41;84.389;7.78
1723;22;41;71.15;7.26
1724;22;42;4.023;24.84
1725;22;42;4.277;24.14
1726;22;42;4.812;0.96
1727;22;43;48.806;6.85
1728;22;44;31.968;18.11
1729;22;44;39.409;20.4
1730;22;45;23.49;9.33
1731;22;45;28.189;14.79
1732;22;45;26.551;22.82
1733;22;46;5.314;9.08
1734;22;46;5.956;21.26
1735;22;46;4.443;5.47
1736;22;47;7.824;6.47
1737;22;48;7.314;20.94
1738;22;48;6.634;18.29
1739;22;48;6.66;12.77
1740;22;49;18.686;2.01
1741;22;49;22.724;19.05
1742;23;24;70.322;13.57
1743;23;24;67.937;10.87
1744;23;24;86.456;10.03
1745;23;25;19.736;15.89
1746;23;25;18.033;19.32
1747;23;26;63.257;24.52
1748;23;26;62.288;22.41
1749;23;27;77.629;5.58
1750;23;27;71.159;16.84
1751;23;28;56.41;20.03
1752;23;29;65.697;22.32
1753;23;30;66.528;22.91
1754;23;31;63.546;16.82
1755;23;31;78.535;0.64
1756;23;32;47.454;19.71
1757;23;32;38.61;19.56
1758;23;33;96.476;8.01
1759;23;33;77.269;2.38
1760;23;34;59.499;17.63
1761;23;35;65.552;24.96
1762;23;35;50.305;12.71
1763;23;36;67.324;1.32
1764;23;36;53.348;18.94
1765;23;37;63.818;20.66
1766;23;37;51.289;9.7
1767;23;37;75.278;8.8
1768;23;38;77.149;20.94
1769;23;38;70.623;20.1
1770;23;39;82.793;3.46
1771;23;40;89.19;1.13
1772;23;41;23.748;17.82
1773;23;41;23.13;1.13
1774;23;41;24.6;12.81
1775;23;42;63.438;16.57
1776;23;42;61.771;12.37
1777;23;42;55.48;2.83
1778;23;43;30.799;23.9
1779;23;43;29.514;15.39
1780;23;43;37.221;11.1
1781;23;44;38.213;9.03
1782;23;44;31.685;6.94
1783;23;44;36.817;8.83
1784;23;45;86.982;15.73
1785;23;46;66.538;3.25
1786;23;46;60.79;9.93
1787;23;46;51.563;2.39
1788;23;47;63.996;16.38
1789;23;47;76.672;0.09
1790;23;48;70.959;24.45
1791;23;48;57.407;13.08
1792;23;48;78.392;3.06
1793;23;49;76.973;0.61
1794;24;25;75.54;17.63
1795;24;25;62.658;10.26
1796;24;26;13.464;0.4
1797;24;26;11.338;9.37
1798;24;26;11.465;22.19
1799;24;27;10.342;7.25
1800;24;27;10.327;11.97
1801;24;28;14.274;5.85
1802;24;28;15.288;19.63
1803;24;28;16.487;17.29
1804;24;29;49.405;16.15
1805;24;29;39.953;13.0
1806;24;30;18.039;6.13
1807;24;31;13.977;14.05
1808;24;31;11.229;11.02
1809;24;32;23.066;3.02
1810;24;32;20.354;16.2
1811;24;32;23.684;8.16
1812;24;33;33.83;3.38
1813;24;33;34.075;11.28
1814;24;34;13.365;3.15
1815;24;35;26.79;12.04
1816;24;36;3.511;11.04
1817;24;37;10.358;6.42
1818;24;38;14.098;22.03
1819;24;38;12.336;2.11
1820;24;39;59.819;8.26
1821;24;39;71.38;23.65
1822;24;39;50.091;11.0
1823;24;40;70.59;16.07
1824;24;40;53.963;21.1
1825;24;40;85.047;19.89
1826;24;41;93.003;19.54
1827;24;41;70.933;14.21
1828;24;41;82.682;22.24
1829;24;42;18.534;12.23
1830;24;43;48.658;12.13
1831;24;43;38.769;22.84
1832;24;43;57.572;19.09
1833;24;44;33.349;7.31
1834;24;45;27.724;9.67
1835;24;45;31.75;20.94
1836;24;46;18.911;18.64
1837;24;47;22.231;23.11
1838;24;47;17.397;10.93
1839;24;47;17.865;3.74
1840;24;48;17.313;2.67
1841;24;48;15.594;10.48
1842;24;48;17.109;21.56
1843;24;49;6.651;3.55
1844;24;49;7.341;23.4
1845;25;26;71.72;6.02
1846;25;26;66.478;21.02
1847;25;26;74.237;16.69
1848;25;27;84.406;7.69
1849;25;28;63.095;24.74
1850;25;28;47.701;10.01
1851;25;29;81.826;1.76
1852;25;30;76.293;14.1
1853;25;30;76.177;17.99
1854;25;30;74.124;19.05
1855;25;31;72.184;20.65
1856;25;32;52.867;3.08
1857;25;32;51.896;15.88
1858;25;33;95.994;3.28
1859;25;33;108.933;2.22
1860;25;34;67.256;19.35
1861;25;34;65.176;15.8
1862;25;35;77.353;17.54
1863;25;35;83.204;17.78
1864;25;35;58.081;13.42
1865;25;36;73.127;17.99
1866;25;36;62.91;20.79
1867;25;36;85.31;8.32
1868;25;37;71.392;2.68
1869;25;37;55.238;3.95
1870;25;38;85.129;17.63
1871;25;38;93.769;14.66
1872;25;39;72.524;11.86
1873;25;39;89.851;3.12
1874;25;39;67.784;4.94
1875;25;40;77.043;12.1
1876;25;40;60.506;24.15
1877;25;40;61.841;7.63
1878;25;41;33.937;7.53
1879;25;41;41.382;18.16
1880;25;41;42.052;20.93
1881;25;42;73.294;8.41
1882;25;42;57.474;12.62
1883;25;42;74.919;24.32
1884;25;43;27.764;16.21
1885;25;43;23.374;17.42
1886;25;43;27.552;8.66
1887;25;44;42.306;16.08
1888;25;44;31.754;6.61
1889;25;44;40.486;18.29
1890;25;45;96.7;3.21
1891;25;45;98.24;17.49
1892;25;46;76.511;22.33
1893;25;46;58.876;11.36
1894;25;47;74.775;15.44
1895;25;47;66.362;21.59
1896;25;48;80.393;16.52
1897;25;48;64.979;24.8
1898;25;48;73.715;21.65
1899;25;49;81.991;2.94
1900;26;27;15.254;24.42
1901;26;27;15.935;21.88
1902;26;28;9.969;19.37
1903;26;28;7.922;14.93
1904;26;29;36.234;18.69
1905;26;30;6.494;12.84
1906;26;30;8.037;19.29
1907;26;31;0.76;19.37
1908;26;31;0.873;24.59
1909;26;31;0.78;18.38
1910;26;32;20.0;21.56
1911;26;33;47.239;23.61
1912;26;33;55.47;24.37
1913;26;34;4.879;4.36
1914;26;35;14.241;23.17
1915;26;35;14.224;10.0
1916;26;36;10.322;5.13
1917;26;36;8.791;4.81
1918;26;37;3.328;15.35
1919;26;37;3.091;16.35
1920;26;38;13.896;22.39
1921;26;39;69.567;3.64
1922;26;39;61.316;13.3
1923;26;39;76.256;10.5
1924;26;40;80.239;1.55
1925;26;41;84.697;24.51
1926;26;41;79.882;13.08
1927;26;42;5.468;20.13
1928;26;42;5.945;5.81
1929;26;43;47.035;15.18
1930;26;43;56.232;6.9
1931;26;44;30.23;17.67
1932;26;45;25.142;6.43
1933;26;46;7.248;23.52
1934;26;46;7.362;9.56
1935;26;46;8.593;23.81
1936;26;47;9.374;8.62
1937;26;47;8.146;4.55
1938;26;47;8.74;24.74
1939;26;48;9.141;5.64
1940;26;48;7.659;3.03
1941;26;48;8.457;3.65
1942;26;49;18.196;3.76
1943;27;28;21.46;6.43
1944;27;28;22.491;0.88
1945;27;29;46.577;17.75
1946;27;30;15.946;18.18
1947;27;30;14.24;11.43
1948;27;31;15.269;14.49
1949;27;32;31.539;1.04
1950;27;33;36.293;11.72
1951;27;33;34.543;2.77
1952;27;34;18.193;16.22
1953;27;34;22.483;2.14
1954;27;35;23.993;8.11
1955;27;36;11.562;19.96
1956;27;36;10.087;10.61
1957;27;36;11.267;17.78
1958;27;37;13.893;22.57
1959;27;38;5.327;13.86
1960;27;38;6.517;21.05
1961;27;39;68.921;20.14
1962;27;40;79.668;22.93
1963;27;40;81.813;4.78
1964;27;40;86.295;24.64
1965;27;41;99.578;11.75
1966;27;41;103.714;14.59
1967;27;42;18.056;5.67
1968;27;42;16.619;21.23
1969;27;42;13.743;15.52
1970;27;43;58.104;19.68
1971;27;43;63.176;20.93
1972;27;43;55.463;22.12
1973;27;44;42.114;2.93
1974;27;44;41.095;21.76
1975;27;44;32.684;22.95
1976;27;45;17.845;13.33
1977;27;46;16.63;19.28
1978;27;46;20.134;7.28
1979;27;47;20.622;14.86
1980;27;48;12.744;5.7
1981;27;49;7.648;13.26
1982;27;49;7.417;15.08
1983;27;49;8.876;1.87
1984;28;29;42.199;21.68
1985;28;29;50.917;19.26
1986;28;30;16.247;17.95
1987;28;30;15.918;22.95
1988;28;31;10.664;23.36
1989;28;31;8.061;8.08
1990;28;31;11.892;12.71
1991;28;32;10.416;3.9
1992;28;33;46.158;12.07
1993;28;33;37.929;1.72
1994;28;33;35.804;23.48
1995;28;34;5.126;22.26
1996;28;34;4.851;21.96
1997;28;35;22.519;20.23
1998;28;35;19.354;16.68
1999;28;36;11.015;12.71
2000;28;36;9.431;11.03
2001;28;37;8.507;1.35
2002;28;38;22.127;2.34
2003;28;38;25.769;3.98
2004;28;38;21.848;14.65
2005;28;39;61.524;14.38
2006;28;39;67.566;16.38
2007;28;39;52.005;6.84
2008;28;40;72.04;15.19
2009;28;40;89.632;8.9
2010;28;41;78.84;9.8
2011;28;42;14.254;22.73
2012;28;42;15.122;2.93
2013;28;42;13.129;1.84
2014;28;43;37.522;2.9
2015;28;43;40.392;8.43
2016;28;44;20.965;12.18
2017;28;44;20.266;9.83
2018;28;44;16.872;11.82
2019;28;45;34.659;5.15
2020;28;45;30.513;5.14
2021;28;45;33.978;16.62
2022;28;46;16.888;17.29
2023;28;46;17.629;7.37
2024;28;46;14.323;4.91
2025;28;47;17.776;5.47
2026;28;47;22.111;6.25
2027;28;47;18.675;3.35
2028;28;48;19.057;21.87
2029;28;48;14.76;6.36
2030;28;48;16.557;14.76
2031;28;49;20.827;24.64
2032;29;30;31.563;3.77
2033;29;30;38.307;7.97
2034;29;30;28.663;4.37
2035;29;31;35.612;6.7
2036;29;31;42.438;7.77
2037;29;31;44.174;18.52
2038;29;32;46.809;14.23
2039;29;32;38.712;19.46
2040;29;32;48.073;11.16
2041;29;33;82.42;2.11
2042;29;33;82.403;17.6
2043;29;34;38.597;21.91
2044;29;35;22.834;9.09
2045;29;35;24.88;22.4
2046;29;36;46.506;6.13
2047;29;36;53.497;2.72
2048;29;36;47.452;14.29
2049;29;37;39.554;2.61
2050;29;37;30.125;15.73
2051;29;38;41.824;7.17
2052;29;39;103.432;22.37
2053;29;39;81.959;4.48
2054;29;40;113.771;10.09
2055;29;41;79.556;21.91
2056;29;41;80.093;8.56
2057;29;41;84.424;21.46
2058;29;42;30.906;21.8
2059;29;43;66.473;23.08
2060;29;43;69.089;19.45
2061;29;44;52.084;14.01
2062;29;44;47.627;9.74
2063;29;44;57.571;1.26
2064;29;45;40.27;16.63
2065;29;46;30.721;12.29
2066;29;46;24.875;6.48
2067;29;46;35.332;14.05
2068;29;47;27.177;9.61
2069;29;47;25.848;24.08
2070;29;48;33.86;14.81
2071;29;48;36.604;13.99
2072;29;48;39.922;16.67
2073;29;49;52.651;3.71
2074;29;49;47.658;23.08
2075;29;49;54.526;20.0
2076;30;31;5.739;7.98
2077;30;31;4.848;24.92
2078;30;31;6.845;15.97
2079;30;32;25.811;6.75
2080;30;32;20.2;0.65
2081;30;33;50.916;1.79
2082;30;33;44.187;0.64
2083;30;34;11.129;10.85
2084;30;35;8.778;7.7
2085;30;36;15.512;24.38
2086;30;37;9.394;22.74
2087;30;37;8.272;5.81
2088;30;37;10.805;6.61
2089;30;38;12.458;18.26
2090;30;38;14.607;4.72
2091;30;39;75.867;23.55
2092;30;40;86.565;6.82
2093;30;41;87.104;10.39
2094;30;41;104.553;18.89
2095;30;41;78.933;20.68
2096;30;42;3.09;12.64
2097;30;42;2.827;12.11
2098;30;42;2.888;3.45
2099;30;43;52.517;14.82
2100;30;43;55.995;12.1
2101;30;44;35.639;6.36
2102;30;44;41.834;18.05
2103;30;45;20.547;6.73
2104;30;46;0.875;5.2
2105;30;46;0.805;11.33
2106;30;47;4.689;9.14
2107;30;47;3.897;19.65
2108;30;48;4.52;3.44
2109;30;48;4.889;6.31
2110;30;49;21.172;6.22
2111;31;32;20.62;21.11
2112;31;32;24.508;23.9
2113;31;32;20.375;23.4
2114;31;33;47.699;6.56
2115;31;34;5.552;12.29
2116;31;34;6.12;2.03
2117;31;34;5.675;6.65
2118;31;35;13.526;4.69
2119;31;35;15.4;24.82
2120;31;36;10.906;11.63
2121;31;36;11.151;22.84
2122;31;37;4.002;2.87
2123;31;37;4.53;13.8
2124;31;38;13.646;9.53
2125;31;38;16.545;24.68
2126;31;38;13.087;14.26
2127;31;39;70.317;2.56
2128;31;39;70.65;24.69
2129;31;40;80.991;11.32
2130;31;40;73.755;10.58
2131;31;40;90.218;0.84
2132;31;41;84.885;2.89
2133;31;42;4.777;5.63
2134;31;42;3.824;22.89
2135;31;42;5.129;22.67
2136;31;43;47.619;9.84
2137;31;43;54.778;20.75
2138;31;43;44.746;0.38
2139;31;44;30.794;17.67
2140;31;44;23.128;24.35
2141;31;45;24.612;14.66
2142;31;45;26.514;0.18
2143;31;45;26.54;10.82
2144;31;46;6.489;6.91
2145;31;47;8.673;3.94
2146;31;48;8.515;18.34
2147;31;48;9.493;13.35
2148;31;48;8.701;12.46
2149;31;49;18.52;2.36
2150;31;49;21.522;8.92
2151;31;49;14.308;14.84
2152;32;33;51.015;13.61
2153;32;33;48.883;17.08
2154;32;34;15.161;2.88
2155;32;34;17.451;10.53
2156;32;34;18.941;5.09
2157;32;35;30.462;10.5
2158;32;35;32.861;21.24
2159;32;35;37.523;15.02
2160;32;36;20.363;7.86
2161;32;37;18.914;8.26
2162;32;37;19.95;15.31
2163;32;37;21.654;6.67
2164;32;38;32.527;18.82
2165;32;39;57.236;20.08
2166;32;40;67.299;21.54
2167;32;40;72.804;9.77
2168;32;40;83.572;1.0
2169;32;41;70.514;14.34
2170;32;42;23.312;17.95
2171;32;42;22.581;17.4
2172;32;42;21.185;15.49
2173;32;43;27.123;9.2
2174;32;43;21.84;5.83
2175;32;43;22.887;6.57
2176;32;44;10.597;18.21
2177;32;44;13.219;22.06
2178;32;45;45.004;14.01
2179;32;45;45.371;17.23
2180;32;46;26.316;6.07
2181;32;46;23.402;23.85
2182;32;46;28.262;16.42
2183;32;47;26.218;5.53
2184;32;47;21.188;23.84
2185;32;47;26.953;14.96
2186;32;48;29.133;13.69
2187;32;49;29.69;20.84
2188;32;49;23.057;3.6
2189;33;34;46.874;8.25
2190;33;35;59.589;9.72
2191;33;36;37.204;16.21
2192;33;36;41.883;19.6
2193;33;37;44.188;8.65
2194;33;37;39.397;23.24
2195;33;37;52.175;1.67
2196;33;38;41.496;22.8
2197;33;39;48.411;5.88
2198;33;39;52.223;0.04
2199;33;39;52.413;9.96
2200;33;40;57.633;5.67
2201;33;41;120.153;21.26
2202;33;42;52.029;5.22
2203;33;42;43.616;4.31
2204;33;42;45.701;1.2
2205;33;43;68.492;19.07
2206;33;43;56.315;8.64
2207;33;44;58.502;16.84
2208;33;44;44.833;19.63
2209;33;44;44.99;2.92
2210;33;45;50.263;11.85
2211;33;45;57.215;24.04
2212;33;46;51.739;20.63
2213;33;46;51.965;12.47
2214;33;46;54.318;14.83
2215;33;47;55.465;22.94
2216;33;47;67.277;10.81
2217;33;47;51.391;3.28
2218;33;48;48.704;8.92
2219;33;49;29.769;21.12
2220;33;49;24.786;10.87
2221;33;49;29.402;13.62
2222;34;35;17.836;11.74
2223;34;35;14.478;16.34
2224;34;35;17.134;20.34
2225;34;36;9.857;16.41
2226;34;37;4.319;2.66
2227;34;37;3.865;23.46
2228;34;37;4.226;12.09
2229;34;38;17.927;4.17
2230;34;38;21.012;3.92
2231;34;39;65.832;2.66
2232;34;39;54.295;13.72
2233;34;40;76.432;17.04
2234;34;40;92.498;9.39
2235;34;40;65.124;22.52
2236;34;41;81.396;20.97
2237;34;41;95.837;0.42
2238;34;42;9.29;12.51
2239;34;43;42.246;24.97
2240;34;43;37.295;19.36
2241;34;43;44.247;19.27
2242;34;44;25.495;22.85
2243;34;44;28.101;22.95
2244;34;45;29.875;23.71
2245;34;45;30.439;1.83
2246;34;45;35.102;1.9
2247;34;46;11.787;19.61
2248;34;47;12.986;20.38
2249;34;47;10.488;23.15
2250;34;47;10.864;18.66
2251;34;48;14.015;8.32
2252;34;49;19.29;21.43
2253;34;49;24.051;20.41
2254;35;36;24.126;11.83
2255;35;36;22.212;3.47
2256;35;37;17.518;2.52
2257;35;37;18.905;18.09
2258;35;38;19.625;24.83
2259;35;39;83.626;6.86
2260;35;40;94.249;17.02
2261;35;40;85.796;4.51
2262;35;41;84.642;21.98
2263;35;42;8.79;21.35
2264;35;42;6.966;19.18
2265;35;42;7.68;2.83
2266;35;43;55.675;18.46
2267;35;43;53.569;1.93
2268;35;43;57.936;8.25
2269;35;44;39.058;0.48
2270;35;45;22.886;11.36
2271;35;46;7.919;4.1
2272;35;46;9.521;19.9
2273;35;46;9.69;19.25
2274;35;47;4.897;14.41
2275;35;47;5.503;1.56
2276;35;47;5.412;23.49
2277;35;48;11.276;3.21
2278;35;48;8.747;20.93
2279;35;48;11.059;1.75
2280;35;49;29.82;20.34
2281;35;49;28.519;0.46
2282;36;37;7.079;1.91
2283;36;37;8.135;21.68
2284;36;37;7.757;20.51
2285;36;38;14.133;11.15
2286;36;38;11.717;1.74
2287;36;39;61.062;24.47
2288;36;40;71.819;3.75
2289;36;41;89.851;9.86
2290;36;41;81.496;7.35
2291;36;42;15.606;1.4
2292;36;42;12.697;24.32
2293;36;43;46.588;7.69
2294;36;43;38.445;24.96
2295;36;44;30.833;6.67
2296;36;44;34.882;8.39
2297;36;45;27.808;21.32
2298;36;45;22.386;8.1
2299;36;45;29.566;6.01
2300;36;46;16.386;2.67
2301;36;46;17.756;22.57
2302;36;47;19.418;6.55
2303;36;48;15.536;8.22
2304;36;48;12.859;13.47
2305;36;48;12.762;11.84
2306;36;49;9.829;4.81
2307;37;38;13.737;1.74
2308;37;39;66.476;16.06
2309;37;40;77.172;16.91
2310;37;41;85.686;14.61
2311;37;41;68.31;23.13
2312;37;41;104.035;11.94
2313;37;42;8.778;1.0
2314;37;42;8.666;11.09
2315;37;43;46.029;0.39
2316;37;44;29.42;17.75
2317;37;44;28.996;2.78
2318;37;44;36.39;5.04
2319;37;45;26.179;21.84
2320;37;45;21.953;21.71
2321;37;46;10.218;16.26
2322;37;46;9.787;20.96
2323;37;47;12.675;22.99
2324;37;47;10.433;20.82
2325;37;48;11.037;23.45
2326;37;48;9.615;6.74
2327;37;48;10.693;3.38
2328;37;49;15.608;13.42
2329;37;49;18.346;0.22
2330;38;39;73.64;10.96
2331;38;39;91.607;2.98
2332;38;40;84.405;24.25
2333;38;41;98.513;15.38
2334;38;41;95.72;8.53
2335;38;41;92.836;23.66
2336;38;42;15.107;8.8
2337;38;42;14.541;9.7
2338;38;43;59.555;10.64
2339;38;43;71.027;12.27
2340;38;43;59.185;17.39
2341;38;44;43.092;23.58
2342;38;44;36.46;5.23
2343;38;44;45.509;17.31
2344;38;45;13.707;21.15
2345;38;45;16.413;15.44
2346;38;45;15.412;9.47
2347;38;46;12.966;6.67
2348;38;46;11.103;15.52
2349;38;47;16.91;14.7
2350;38;47;18.665;13.47
2351;38;48;8.456;8.83
2352;38;48;9.814;4.47
2353;38;48;9.897;23.58
2354;38;49;12.868;11.33
2355;39;40;10.772;11.96
2356;39;40;10.7;9.39
2357;39;40;10.585;0.77
2358;39;41;104.773;24.94
2359;39;41;126.966;19.79
2360;39;41;81.504;24.22
2361;39;42;74.893;10.72
2362;39;42;80.634;16.83
2363;39;42;74.852;12.79
2364;39;43;52.674;10.39
2365;39;44;56.025;6.33
2366;39;44;47.062;6.49
2367;39;44;59.162;11.11
2368;39;45;86.719;13.51
2369;39;45;69.096;23.41
2370;39;45;103.726;4.79
2371;39;46;76.695;20.3
2372;39;46;69.321;14.45
2373;39;46;69.114;9.67
2374;39;47;78.737;0.23
2375;39;48;76.585;9.67
2376;39;49;61.52;13.98
2377;40;41;110.233;15.87
2378;40;42;85.539;5.89
2379;40;43;60.048;16.15
2380;40;44;65.286;8.17
2381;40;44;71.594;19.16
2382;40;45;97.452;14.83
2383;40;46;87.388;4.57
2384;40;46;95.899;4.66
2385;40;47;89.367;3.94
2386;40;48;87.336;2.92
2387;40;48;79.111;24.76
2388;40;49;72.243;10.95
2389;40;49;71.223;20.48
2390;40;49;64.951;1.66
2391;41;42;84.056;9.83
2392;41;42;69.409;22.17
2393;41;42;102.453;24.96
2394;41;43;54.05;3.05
2395;41;43;44.308;24.12
2396;41;43;62.489;18.45
2397;41;44;61.741;7.97
2398;41;45;107.07;0.52
2399;41;45;81.756;7.23
2400;41;46;86.977;20.49
2401;41;46;81.733;19.66
2402;41;47;83.956;8.12
2403;41;47;101.268;9.49
2404;41;47;77.575;12.33
2405;41;48;91.619;17.12
2406;41;49;99.628;24.2
2407;42;43;49.773;4.26
2408;42;44;32.902;3.9
2409;42;45;23.622;1.09
2410;42;45;28.45;0.73
2411;42;46;3.218;11.32
2412;42;46;2.813;20.31
2413;42;46;3.001;21.77
2414;42;47;3.907;0.57
2415;42;47;4.814;7.18
2416;42;47;4.128;5.48
2417;42;48;7.57;10.78
2418;42;48;6.943;16.85
2419;42;48;6.633;22.22
2420;42;49;22.496;15.54
2421;42;49;25.468;9.47
2422;42;49;25.775;0.12
2423;43;44;16.878;23.77
2424;43;44;21.069;1.69
2425;43;45;72.116;5.64
2426;43;46;52.921;21.8
2427;43;47;52.107;4.55
2428;43;47;54.0;1.74
2429;43;47;40.098;8.15
2430;43;48;56.12;18.58
2431;43;48;70.03;3.2
2432;43;48;50.752;20.29
2433;43;49;54.909;9.86
2434;44;45;55.358;13.02
2435;44;45;49.463;20.77
2436;44;46;36.044;12.08
2437;44;46;28.551;9.33
2438;44;47;35.319;21.92
2439;44;47;36.296;17.04
2440;44;47;36.505;13.07
2441;44;48;39.277;10.92
2442;44;48;47.372;4.93
2443;44;48;34.724;15.1
2444;44;49;39.896;3.44
2445;44;49;44.441;19.56
2446;45;46;20.467;8.37
2447;45;46;25.398;21.61
2448;45;47;23.132;18.63
2449;45;47;19.156;5.46
2450;45;48;16.31;12.41
2451;45;48;16.235;9.93
2452;45;49;25.217;2.31
2453;45;49;19.619;9.29
2454;45;49;23.116;17.28
2455;46;47;4.0;4.14
2456;46;47;4.967;13.88
2457;46;47;3.775;6.89
2458;46;48;4.773;24.08
2459;46;48;3.721;14.01
2460;46;49;21.985;20.21
2461;47;48;8.545;15.35
2462;47;48;7.136;11.59
2463;47;48;7.326;21.72
2464;47;49;25.77;23.42
2465;47;49;24.428;22.6
2466;48;49;19.04;3.03
