VERTEX_COUNT 50
PATH_COUNT 1
BUDGET 540
<------------ VERTICES ------------>
0;START;41.374834;2.170055;0.0;0.0
1;Museu Nacional d’Art de Catalunya;41.36882;2.153347;45.0;100.0
2;Basilica of the Sagrada Família;41.403568;2.174435;45.0;97.91
3;Palau Güell;41.378864;2.174117;45.0;79.64
4;Museu Picasso;41.385181;2.180863;45.0;77.87
5;La Pedrera (Casa Milà);41.395271;2.161785;45.0;77.29
6;Museu d’Història de Catalunya - MHC;41.380852;2.185799;45.0;76.98
7;Anella Olímpica(Olympic Park);41.364778;2.152575;45.0;75.87
8;Poble Espanyol;41.368679;2.147031;45.0;74.11
9;Montjuïc Castle;41.363823;2.167096;45.0;71.01
10;Galeria d’Art Mar Grup Escolà;41.392349;2.167836;45.0;70.88
11;Parc de la Ciutadella;41.389248;2.186548;45.0;70.49
12;Passeig de Gràcia;41.390739;2.166672;45.0;69.88
13;Antic Hospital de la Santa Creu;41.380573;2.170374;45.0;69.8
14;Basilica of Sants Just i Pastor;41.382812;2.178195;45.0;68.53
15;Avinguda d’Icària;41.391556;2.197416;45.0;66.51
16;Museu Frederic Marès;41.384178;2.176819;45.0;65.01
17;Casa Batlló;41.391758;2.164961;45.0;62.57
18;Park Güell;41.414249;2.151926;45.0;61.68
19;Plaça del Rei;41.384144;2.177409;45.0;60.32
20;Museu d’Història de Barcelona;41.384144;2.177409;45.0;59.88
21;Basilica of Santa Maria del Mar;41.383518;2.1818;45.0;59.3
22;Museu Palmero;41.424667;2.139856;45.0;58.71
23;Plaça de Catalunya;41.387005;2.17003;45.0;56.74
24;CaixaForum;41.371357;2.149495;45.0;54.42
25;Despair;41.387653;2.188076;45.0;54.09
26;Casa Martí, Els Quatre Gats ;41.385775;2.173671;45.0;53.67
27;Royal Dockyards Museu Marítim ;41.375286;2.17598;45.0;53.61
28;Museu Blau - Fòrum Building;41.41124;2.220333;45.0;52.4
29;Casa Vicens;41.403442;2.150684;45.0;52.27
30;Rambla del Raval;41.378681;2.169317;45.0;52.09
31;Poblenou Cemetery;41.394859;2.201189;45.0;50.6
32;Museu de la Moto ;41.383327;2.174488;45.0;49.65
33;Turó de la Rovira viewing point;41.419388;2.161812;45.0;49.61
34;La Colmena;41.383835;2.178294;45.0;49.12
35;Museu d’Art Contemporani de Barcelona (MACBA);41.382809;2.166729;45.0;49.09
36;Palau Montaner;41.39555;2.1652;45.0;48.58
37;90th Jean Bouin;41.373077;2.150465;45.0;48.22
38;Lorena Ruiz de Villa;41.397858;2.146705;45.0;47.51
39;Fundació Fran Daurel;41.369118;2.146695;45.0;46.79
40;Casa Lleó Morera;41.39119;2.165511;45.0;46.21
41;El Born Centre Cultural;41.385818;2.183785;45.0;46.16
42;Botanical Garden;41.364746;2.159382;45.0;45.42
43;El Fossar de les Moreres;41.383713;2.18243;45.0;45.35
44;Monument to Doctor Robert;41.394924;2.175599;45.0;44.91
45;Plaça de Sant Jaume;41.382668;2.176983;45.0;44.28
46;Casa Calvet;41.390972;2.173002;45.0;44.24
47;CosmoCaixa;41.41317;2.130886;45.0;44.17
48;Rambla del Poblenou;41.40192;2.200141;45.0;44.03
49;FINISH;41.374834;2.170055;0.0;0.0
<------------- EDGES -------------->
0;0;1;23.796;11.76
1;0;2;49.491;4.25
2;0;2;41.578;10.0
3;0;2;42.245;21.36
4;0;3;8.647;16.18
5;0;4;22.496;9.0
6;0;4;25.072;5.64
7;0;5;36.549;6.59
8;0;5;39.1;21.19
9;0;6;22.688;20.39
10;0;6;17.738;21.05
11;0;6;18.036;8.51
12;0;7;28.285;8.92
13;0;7;32.285;14.71
14;0;7;27.2;14.62
15;0;8;31.387;20.85
16;0;9;19.222;11.47
17;0;9;23.227;2.36
18;0;9;18.193;2.25
19;0;10;30.107;0.43
20;0;10;35.346;0.59
21;0;10;30.328;24.94
22;0;11;32.509;16.95
23;0;11;33.989;19.06
24;0;11;32.099;0.78
25;0;12;27.562;2.76
26;0;13;9.829;17.06
27;0;14;17.194;14.18
28;0;14;18.386;16.9
29;0;14;21.21;13.79
30;0;15;45.309;10.73
31;0;15;45.579;7.41
32;0;16;18.196;22.76
33;0;16;15.056;12.86
34;0;16;17.911;21.91
35;0;17;29.69;12.34
36;0;17;23.505;2.28
37;0;18;71.35;18.67
38;0;19;18.52;8.22
39;0;19;14.7;6.85
40;0;19;18.944;23.07
41;0;20;18.52;0.99
42;0;21;21.172;24.99
43;0;22;93.673;19.55
44;0;23;20.827;10.68
45;0;23;22.16;17.45
46;0;24;27.064;5.94
47;0;24;23.252;1.4
48;0;25;31.884;19.49
49;0;25;33.236;3.63
50;0;25;28.365;6.87
51;0;26;19.29;14.7
52;0;26;15.675;15.08
53;0;26;14.666;14.47
54;0;27;7.648;19.27
55;0;28;89.706;2.57
56;0;28;71.399;16.17
57;0;28;102.168;10.49
58;0;29;54.909;18.19
59;0;30;6.651;11.03
60;0;31;52.651;11.58
61;0;31;62.744;1.81
62;0;32;15.608;24.17
63;0;33;76.973;2.31
64;0;34;18.686;11.24
65;0;34;15.671;10.78
66;0;34;16.085;15.43
67;0;35;14.3;7.22
68;0;35;16.487;13.85
69;0;35;17.518;20.69
70;0;36;35.994;7.14
71;0;36;38.174;20.35
72;0;36;44.372;19.91
73;0;37;25.336;19.29
74;0;37;26.264;22.33
75;0;37;20.291;2.97
76;0;38;49.508;1.36
77;0;38;41.889;22.73
78;0;39;31.553;22.76
79;0;39;38.356;15.92
80;0;39;31.951;11.35
81;0;40;28.59;20.87
82;0;41;25.77;7.14
83;0;42;22.042;24.93
84;0;42;17.501;17.77
85;0;42;20.458;12.59
86;0;43;21.985;13.98
87;0;43;17.733;1.87
88;0;43;16.494;23.49
89;0;44;35.108;2.43
90;0;45;16.089;16.09
91;0;45;14.122;6.14
92;0;46;27.874;0.67
93;0;47;82.655;8.0
94;0;48;60.335;24.61
95;0;48;59.729;6.81
96;0;49;0.0;12.5
97;0;49;0.0;19.19
98;1;2;65.336;10.79
99;1;2;69.5;17.61
100;1;3;31.73;6.52
101;1;3;33.029;7.3
102;1;4;45.08;8.42
103;1;5;46.542;5.47
104;1;5;36.068;17.65
105;1;5;35.447;23.09
106;1;6;46.481;5.0
107;1;7;6.988;0.56
108;1;8;8.115;23.15
109;1;8;7.514;13.8
110;1;8;8.473;18.84
111;1;9;19.619;10.81
112;1;10;44.354;12.78
113;1;10;48.482;21.64
114;1;10;42.029;15.32
115;1;11;55.131;12.29
116;1;11;56.108;4.69
117;1;11;43.208;3.79
118;1;12;41.226;11.69
119;1;13;29.708;19.45
120;1;13;23.185;20.79
121;1;14;39.892;3.58
122;1;14;47.613;3.8
123;1;15;68.67;7.01
124;1;15;77.762;19.48
125;1;15;68.961;13.18
126;1;16;39.989;1.15
127;1;17;41.989;4.64
128;1;18;77.761;7.34
129;1;18;82.949;9.85
130;1;18;86.561;7.92
131;1;19;40.525;20.81
132;1;20;40.525;13.3
133;1;20;32.202;3.14
134;1;20;42.882;5.35
135;1;21;44.356;6.54
136;1;22;97.123;0.36
137;1;23;37.779;4.92
138;1;23;42.928;7.83
139;1;24;6.582;0.54
140;1;24;6.081;2.09
141;1;25;55.02;12.06
142;1;26;39.024;11.1
143;1;27;31.099;12.24
144;1;27;37.005;10.74
145;1;28;112.538;5.83
146;1;29;59.345;18.4
147;1;29;60.189;22.01
148;1;29;48.999;16.75
149;1;30;26.558;14.95
150;1;31;75.887;14.33
151;1;32;36.786;19.26
152;1;32;37.464;6.93
153;1;33;87.213;15.43
154;1;33;74.54;8.88
155;1;33;106.878;16.82
156;1;34;41.065;0.93
157;1;34;38.747;10.42
158;1;34;42.041;15.17
159;1;35;29.467;12.92
160;1;36;48.206;6.86
161;1;36;39.39;13.84
162;1;36;42.152;7.81
163;1;37;8.171;5.24
164;1;38;50.417;0.84
165;1;38;43.112;20.67
166;1;38;39.171;20.95
167;1;39;8.558;7.44
168;1;39;6.861;13.44
169;1;40;41.344;4.06
170;1;40;47.942;2.58
171;1;41;48.72;12.19
172;1;41;36.829;20.07
173;1;41;38.552;6.57
174;1;42;10.425;19.07
175;1;43;45.212;16.57
176;1;43;52.218;22.6
177;1;43;47.634;6.32
178;1;44;53.025;21.62
179;1;44;64.5;18.73
180;1;44;42.929;11.28
181;1;45;38.506;1.6
182;1;45;40.001;5.99
183;1;46;45.54;24.34
184;1;47;81.186;15.54
185;1;47;90.62;9.2
186;1;48;82.57;11.25
187;1;48;93.003;20.17
188;1;49;23.796;16.69
189;2;3;42.276;8.44
190;2;3;46.111;19.96
191;2;4;32.528;0.38
192;2;4;25.793;17.76
193;2;4;33.31;22.26
194;2;5;21.57;4.73
195;2;6;41.52;3.48
196;2;6;31.851;22.83
197;2;6;40.404;17.58
198;2;7;72.069;20.15
199;2;7;64.076;23.77
200;2;7;71.263;22.29
201;2;8;69.299;11.07
202;2;9;68.662;23.3
203;2;9;68.434;3.64
204;2;9;74.42;19.46
205;2;10;20.984;17.54
206;2;10;22.749;15.26
207;2;11;29.022;12.81
208;2;11;22.984;7.81
209;2;12;24.109;1.3
210;2;13;39.694;23.11
211;2;13;30.105;6.64
212;2;14;35.845;16.76
213;2;14;44.251;11.76
214;2;14;37.141;12.88
215;2;15;35.955;20.17
216;2;15;35.006;17.82
217;2;16;33.322;14.52
218;2;17;23.587;16.36
219;2;17;19.376;2.99
220;2;17;24.45;19.5
221;2;18;34.185;22.47
222;2;19;33.457;3.64
223;2;19;32.199;21.28
224;2;20;33.457;2.62
225;2;20;29.938;14.38
226;2;21;35.589;18.1
227;2;22;57.209;5.28
228;2;22;60.302;23.57
229;2;22;70.382;15.02
230;2;23;28.902;18.02
231;2;24;63.746;11.08
232;2;24;47.86;11.78
233;2;24;77.633;14.62
234;2;25;32.378;4.36
235;2;26;30.463;10.93
236;2;27;48.438;3.88
237;2;28;60.354;14.83
238;2;28;47.675;14.9
239;2;28;58.956;9.96
240;2;29;30.486;15.86
241;2;30;43.091;12.21
242;2;30;45.542;1.51
243;2;31;37.436;0.28
244;2;31;28.956;12.46
245;2;32;34.637;3.15
246;2;33;31.549;20.43
247;2;34;34.129;14.11
248;2;34;32.565;16.94
249;2;34;27.601;5.19
250;2;35;36.875;16.59
251;2;36;18.132;10.24
252;2;36;18.577;23.57
253;2;37;60.577;19.41
254;2;37;75.465;17.45
255;2;38;36.911;16.84
256;2;39;68.875;23.96
257;2;40;24.081;15.03
258;2;40;20.215;0.51
259;2;41;32.66;22.84
260;2;41;30.085;3.83
261;2;41;25.286;24.02
262;2;42;69.188;19.14
263;2;43;35.493;13.72
264;2;43;37.383;4.82
265;2;43;26.804;12.33
266;2;44;14.867;8.5
267;2;45;35.914;21.83
268;2;45;34.232;4.51
269;2;46;21.633;15.18
270;2;47;58.258;15.11
271;2;47;65.126;22.84
272;2;48;33.115;24.8
273;2;49;49.491;21.34
274;2;49;58.819;9.64
275;2;49;43.621;5.92
276;3;4;13.852;6.58
277;3;5;32.233;16.79
278;3;5;27.95;1.09
279;3;6;15.381;3.84
280;3;6;18.875;13.38
281;3;6;16.411;0.8
282;3;7;36.692;7.27
283;3;7;39.943;4.26
284;3;8;38.904;2.81
285;3;9;27.272;20.24
286;3;10;24.444;7.08
287;3;11;23.885;6.93
288;3;11;22.303;5.73
289;3;11;26.508;7.1
290;3;12;22.457;11.32
291;3;13;5.626;21.93
292;3;14;8.547;17.54
293;3;15;36.967;15.54
294;3;16;9.733;16.56
295;3;16;9.318;6.62
296;3;17;25.001;17.02
297;3;18;66.918;12.8
298;3;18;74.878;13.7
299;3;18;79.949;13.58
300;3;19;9.975;3.52
301;3;20;9.975;7.99
302;3;20;12.276;5.74
303;3;21;12.678;13.6
304;3;21;9.656;4.11
305;3;22;89.874;18.13
306;3;22;86.306;5.84
307;3;22;76.623;0.9
308;3;23;14.887;5.4
309;3;24;34.127;7.85
310;3;24;39.691;16.98
311;3;24;37.635;22.6
312;3;25;23.397;6.72
313;3;25;27.968;9.84
314;3;26;11.84;18.11
315;3;26;12.114;14.26
316;3;26;12.673;16.7
317;3;27;6.574;19.64
318;3;27;5.18;12.08
319;3;28;81.174;3.23
320;3;28;73.587;24.44
321;3;28;85.164;12.44
322;3;29;51.71;10.25
323;3;29;42.656;7.0
324;3;29;43.381;7.4
325;3;30;6.171;19.34
326;3;31;44.241;15.41
327;3;32;7.652;13.9
328;3;33;71.122;16.68
329;3;33;62.454;3.89
330;3;33;56.489;11.53
331;3;34;10.056;5.99
332;3;34;7.882;5.76
333;3;35;11.643;12.77
334;3;36;30.763;15.97
335;3;37;31.945;5.47
336;3;37;39.102;14.94
337;3;38;47.906;0.35
338;3;39;38.963;5.2
339;3;40;23.811;23.41
340;3;40;27.455;12.75
341;3;41;17.196;2.92
342;3;41;13.703;10.48
343;3;41;14.1;23.22
344;3;42;30.687;6.83
345;3;42;31.669;14.72
346;3;42;27.661;6.47
347;3;43;13.52;22.97
348;3;44;27.548;3.11
349;3;44;28.396;0.74
350;3;44;25.374;15.57
351;3;45;7.478;22.15
352;3;45;5.824;17.39
353;3;46;20.769;9.13
354;3;46;22.875;21.92
355;3;47;80.784;6.95
356;3;48;51.699;5.96
357;3;48;61.07;14.84
358;3;49;8.647;19.54
359;3;49;10.582;16.89
360;3;49;7.126;11.11
361;4;5;29.967;11.74
362;4;5;35.081;10.07
363;4;6;9.749;22.09
364;4;6;11.656;15.95
365;4;6;11.559;10.88
366;4;7;50.384;3.89
367;4;7;40.279;22.21
368;4;8;51.814;2.8
369;4;9;40.599;10.24
370;4;9;43.451;19.16
371;4;9;38.811;22.96
372;4;10;20.74;20.8
373;4;11;10.085;18.36
374;4;11;7.81;8.02
375;4;11;7.939;17.02
376;4;12;20.552;18.63
377;4;12;19.965;7.09
378;4;12;23.686;7.51
379;4;13;15.606;1.45
380;4;14;5.307;12.0
381;4;14;5.158;3.14
382;4;14;5.076;9.73
383;4;15;23.888;6.48
384;4;15;18.015;15.5
385;4;15;22.473;19.94
386;4;16;5.468;10.68
387;4;17;23.312;16.52
388;4;18;62.08;3.65
389;4;18;75.208;23.34
390;4;19;4.777;6.18
391;4;19;4.585;18.4
392;4;19;4.861;21.79
393;4;20;4.777;23.62
394;4;20;4.455;20.97
395;4;21;3.09;4.14
396;4;21;2.77;16.45
397;4;22;85.65;10.76
398;4;22;102.867;6.22
399;4;22;103.637;14.64
400;4;23;14.254;19.45
401;4;23;13.657;9.13
402;4;23;13.459;21.02
403;4;24;46.711;9.51
404;4;24;48.679;3.12
405;4;24;45.418;16.19
406;4;25;10.181;18.1
407;4;26;9.29;11.63
408;4;26;7.658;11.77
409;4;27;18.056;0.05
410;4;27;19.352;22.38
411;4;28;67.495;11.12
412;4;29;49.773;16.26
413;4;29;55.117;7.24
414;4;30;18.534;1.47
415;4;30;21.999;14.02
416;4;30;17.61;3.29
417;4;31;30.906;12.61
418;4;31;34.551;10.55
419;4;32;8.778;23.75
420;4;33;63.438;10.61
421;4;34;4.023;21.46
422;4;34;3.601;19.74
423;4;35;18.595;3.79
424;4;36;26.818;12.38
425;4;36;30.636;8.11
426;4;36;27.274;5.48
427;4;37;44.188;20.28
428;4;37;42.175;18.81
429;4;37;48.162;14.83
430;4;38;48.924;9.82
431;4;38;53.335;7.06
432;4;39;51.773;18.15
433;4;39;62.462;22.64
434;4;39;61.654;4.31
435;4;40;22.231;9.58
436;4;40;26.746;7.03
437;4;40;22.642;9.24
438;4;41;3.907;2.65
439;4;41;3.175;21.76
440;4;41;4.119;5.28
441;4;42;44.539;24.56
442;4;43;3.218;23.93
443;4;44;17.99;6.06
444;4;45;6.581;12.12
445;4;45;8.051;19.97
446;4;45;7.308;6.78
447;4;46;14.144;19.37
448;4;47;80.059;2.84
449;4;47;65.736;9.65
450;4;48;37.854;10.53
451;4;48;32.875;8.84
452;4;48;41.384;21.29
453;4;49;22.496;10.97
454;4;49;19.772;13.12
455;4;49;17.062;21.04
456;5;6;39.488;17.58
457;5;6;39.727;21.15
458;5;6;34.573;9.64
459;5;7;53.504;9.5
460;5;8;49.291;5.73
461;5;8;59.656;7.77
462;5;8;45.144;18.62
463;5;9;54.245;13.0
464;5;9;47.374;24.18
465;5;9;58.574;12.36
466;5;10;9.238;0.26
467;5;11;33.419;20.77
468;5;11;41.379;9.0
469;5;11;33.518;4.98
470;5;12;9.975;24.08
471;5;12;10.84;8.03
472;5;13;27.463;19.92
473;5;13;25.171;8.87
474;5;14;29.973;19.1
475;5;14;25.851;22.53
476;5;14;34.805;16.28
477;5;15;46.181;18.46
478;5;16;27.071;20.14
479;5;16;27.819;11.61
480;5;17;7.264;3.37
481;5;18;34.854;21.48
482;5;18;41.524;3.38
483;5;19;27.657;3.33
484;5;19;30.468;12.72
485;5;19;25.541;16.17
486;5;20;27.657;23.97
487;5;20;24.551;22.35
488;5;20;22.684;8.96
489;5;21;32.631;21.28
490;5;21;38.022;4.51
491;5;22;57.641;10.54
492;5;23;17.667;0.28
493;5;24;43.859;7.01
494;5;24;45.071;9.82
495;5;25;36.182;1.16
496;5;25;32.792;24.09
497;5;25;31.275;16.19
498;5;26;22.291;0.76
499;5;26;25.73;14.69
500;5;26;20.859;23.83
501;5;27;38.752;9.88
502;5;27;33.728;0.07
503;5;28;79.963;22.07
504;5;29;19.964;6.31
505;5;29;17.643;10.51
506;5;29;19.897;16.39
507;5;30;29.991;13.17
508;5;30;28.257;2.67
509;5;30;27.122;1.46
510;5;31;50.588;3.16
511;5;32;26.148;4.52
512;5;32;29.454;2.3
513;5;33;41.27;13.93
514;5;33;48.171;19.01
515;5;33;39.282;11.66
516;5;34;28.847;4.92
517;5;34;26.82;13.17
518;5;35;22.25;24.64
519;5;35;22.525;20.85
520;5;36;4.41;7.3
521;5;37;40.666;15.58
522;5;38;19.858;10.04
523;5;38;24.512;5.35
524;5;39;48.768;17.26
525;5;39;38.105;19.08
526;5;40;8.465;17.38
527;5;40;6.997;3.98
528;5;41;32.548;17.84
529;5;41;27.006;23.17
530;5;41;25.324;6.82
531;5;42;52.326;22.63
532;5;42;55.497;19.52
533;5;42;59.187;7.12
534;5;43;33.071;20.88
535;5;43;39.275;8.46
536;5;44;17.743;7.21
537;5;44;19.478;17.08
538;5;45;29.083;18.41
539;5;46;16.17;10.02
540;5;47;50.11;21.64
541;5;47;41.128;4.98
542;5;47;51.102;8.52
543;5;48;50.533;8.07
544;5;48;59.417;20.46
545;5;48;57.079;2.15
546;5;49;36.549;13.12
547;5;49;28.2;17.32
548;5;49;32.337;1.67
549;6;7;50.763;20.94
550;6;7;56.827;3.35
551;6;8;53.965;7.83
552;6;8;55.742;5.09
553;6;8;54.601;0.59
554;6;9;37.763;24.88
555;6;10;30.314;8.45
556;6;11;14.4;13.53
557;6;11;15.275;12.93
558;6;12;29.821;11.12
559;6;13;19.811;18.27
560;6;14;10.323;5.88
561;6;15;23.621;22.1
562;6;16;12.858;15.73
563;6;16;10.586;2.54
564;6;16;11.918;5.29
565;6;17;32.62;14.79
566;6;17;25.515;0.56
567;6;18;71.81;24.82
568;6;19;12.156;11.74
569;6;20;12.156;18.82
570;6;21;6.869;20.92
571;6;22;95.389;21.01
572;6;23;22.821;0.05
573;6;23;24.343;10.88
574;6;23;21.973;16.09
575;6;24;49.368;4.17
576;6;25;12.0;10.94
577;6;25;11.768;14.86
578;6;26;17.705;9.57
579;6;27;15.801;10.3
580;6;28;68.332;19.25
581;6;28;83.553;20.23
582;6;29;59.384;17.83
583;6;29;60.029;5.12
584;6;29;49.266;8.24
585;6;30;21.487;5.87
586;6;30;22.991;22.04
587;6;31;31.063;19.34
588;6;31;38.789;23.26
589;6;31;31.419;9.23
590;6;32;15.128;6.19
591;6;32;11.627;19.62
592;6;33;72.778;7.74
593;6;33;81.715;9.27
594;6;33;82.027;11.61
595;6;34;10.905;13.08
596;6;34;12.187;7.79
597;6;35;24.713;5.73
598;6;35;19.195;2.36
599;6;36;36.496;12.29
600;6;36;40.728;21.03
601;6;37;47.282;22.03
602;6;38;58.016;11.57
603;6;39;54.08;19.23
604;6;40;31.487;3.12
605;6;40;26.787;12.35
606;6;41;8.883;22.54
607;6;41;8.53;3.36
608;6;41;10.95;18.75
609;6;42;43.708;6.83
610;6;42;38.484;17.27
611;6;43;6.533;20.76
612;6;43;6.27;20.21
613;6;44;27.411;16.97
614;6;44;32.95;5.55
615;6;44;29.372;22.33
616;6;45;11.738;12.13
617;6;45;9.703;3.63
618;6;46;23.871;20.52
619;6;46;28.776;5.67
620;6;47;89.595;18.65
621;6;47;69.369;11.63
622;6;47;86.101;0.18
623;6;48;40.482;7.18
624;6;48;34.784;21.89
625;6;49;22.688;0.6
626;6;49;22.546;8.54
627;6;49;19.607;2.98
628;7;8;9.76;9.79
629;7;9;18.721;2.96
630;7;9;18.375;21.33
631;7;10;51.088;23.67
632;7;11;60.469;10.59
633;7;12;47.972;24.43
634;7;13;35.398;5.65
635;7;13;36.536;9.04
636;7;13;36.857;24.94
637;7;14;45.108;2.53
638;7;14;54.903;7.45
639;7;15;73.587;16.3
640;7;15;90.348;20.95
641;7;16;45.512;6.34
642;7;17;48.832;0.4
643;7;18;84.661;3.98
644;7;18;100.681;7.47
645;7;18;68.257;22.37
646;7;19;45.992;0.01
647;7;20;45.992;7.03
648;7;20;49.03;7.77
649;7;21;49.364;2.54
650;7;22;103.777;15.79
651;7;22;89.954;17.95
652;7;23;44.149;7.54
653;7;23;43.98;5.93
654;7;23;44.105;11.1
655;7;24;11.933;4.08
656;7;25;60.087;5.59
657;7;25;55.564;8.94
658;7;26;44.999;2.2
659;7;27;35.025;23.91
660;7;28;117.851;1.36
661;7;29;66.208;4.05
662;7;29;75.598;23.94
663;7;29;53.094;12.67
664;7;30;32.067;20.84
665;7;30;25.767;10.33
666;7;31;80.908;14.6
667;7;32;42.419;17.15
668;7;32;33.326;18.64
669;7;33;94.2;21.34
670;7;33;93.604;9.31
671;7;34;46.414;21.01
672;7;35;35.811;17.94
673;7;36;55.097;20.23
674;7;37;14.458;1.56
675;7;38;57.108;24.73
676;7;39;10.592;14.51
677;7;39;10.896;2.21
678;7;39;9.381;19.01
679;7;40;48.153;18.96
680;7;40;55.94;8.07
681;7;41;53.875;19.85
682;7;41;67.328;20.33
683;7;42;8.742;12.55
684;7;42;10.013;13.7
685;7;43;50.197;22.99
686;7;44;59.458;13.84
687;7;44;46.476;5.8
688;7;45;43.814;6.89
689;7;46;51.935;9.0
690;7;46;53.782;22.88
691;7;46;63.596;9.15
692;7;47;87.366;3.99
693;7;48;88.145;2.04
694;7;49;28.285;14.15
695;8;9;27.076;4.45
696;8;9;21.696;7.34
697;8;9;30.634;19.56
698;8;10;48.521;4.78
699;8;10;54.953;22.4
700;8;11;61.754;15.88
701;8;11;67.452;16.3
702;8;11;59.621;13.91
703;8;12;45.399;7.08
704;8;13;36.232;22.64
705;8;14;46.758;9.94
706;8;15;75.617;24.14
707;8;15;78.794;11.56
708;8;15;89.881;16.14
709;8;16;46.546;5.7
710;8;17;45.714;18.22
711;8;17;50.738;10.46
712;8;17;34.624;16.16
713;8;18;78.233;1.15
714;8;19;47.138;10.09
715;8;20;47.138;21.77
716;8;20;47.657;21.12
717;8;20;51.6;5.52
718;8;21;51.362;16.81
719;8;22;96.25;18.32
720;8;22;76.076;7.35
721;8;22;106.755;8.23
722;8;23;43.076;1.19
723;8;24;5.569;0.79
724;8;24;6.956;23.55
725;8;25;61.902;19.41
726;8;26;45.011;15.34
727;8;26;37.789;2.84
728;8;27;38.857;13.08
729;8;28;118.997;15.14
730;8;28;128.377;15.23
731;8;28;108.84;2.54
732;8;29;59.672;14.88
733;8;29;63.114;7.59
734;8;30;33.346;13.18
735;8;31;82.719;21.0
736;8;32;43.259;16.32
737;8;33;88.825;5.56
738;8;34;47.793;8.46
739;8;34;51.085;12.65
740;8;35;34.992;8.93
741;8;35;38.85;18.04
742;8;36;51.562;20.22
743;8;37;8.722;21.12
744;8;37;10.561;4.81
745;8;38;49.934;0.99
746;8;38;47.757;24.71
747;8;38;60.275;6.22
748;8;39;0.866;22.18
749;8;39;0.775;22.47
750;8;40;45.243;7.29
751;8;41;55.565;23.69
752;8;41;54.974;19.48
753;8;42;17.231;8.87
754;8;42;15.132;24.54
755;8;42;18.623;9.9
756;8;43;52.231;19.68
757;8;43;61.105;5.47
758;8;43;48.349;1.83
759;8;44;57.987;14.03
760;8;45;45.302;17.27
761;8;46;50.669;24.66
762;8;46;42.557;23.69
763;8;47;78.905;14.2
764;8;47;97.142;5.67
765;8;48;88.799;3.14
766;8;48;99.527;8.58
767;8;48;90.857;17.92
768;8;49;31.387;23.98
769;8;49;26.367;1.99
770;9;10;48.824;24.17
771;9;11;50.168;2.22
772;9;11;41.413;20.05
773;9;11;49.77;7.5
774;9;12;46.063;14.08
775;9;12;50.458;20.68
776;9;12;38.117;20.62
777;9;13;28.971;21.73
778;9;14;35.483;19.15
779;9;14;43.567;10.92
780;9;15;61.384;5.59
781;9;16;37.002;3.16
782;9;16;44.724;7.5
783;9;17;47.882;0.87
784;9;17;47.046;9.0
785;9;17;43.891;14.31
786;9;18;88.461;8.39
787;9;18;75.538;10.95
788;9;18;79.98;10.45
789;9;19;37.21;19.69
790;9;20;37.21;10.5
791;9;20;34.795;20.83
792;9;21;38.631;2.44
793;9;21;31.424;8.82
794;9;21;30.118;16.17
795;9;22;109.833;20.48
796;9;23;39.848;4.95
797;9;23;46.577;18.3
798;9;24;26.022;20.71
799;9;25;48.874;8.48
800;9;25;49.782;23.99
801;9;25;46.928;10.18
802;9;26;38.502;13.33
803;9;26;29.518;5.88
804;9;26;38.38;9.98
805;9;27;22.692;23.7
806;9;27;21.181;15.24
807;9;27;27.368;11.9
808;9;28;106.092;9.6
809;9;28;122.138;2.32
810;9;29;70.996;15.01
811;9;29;56.848;6.08
812;9;29;69.558;10.96
813;9;30;25.585;4.55
814;9;30;25.177;2.63
815;9;31;68.826;22.11
816;9;32;34.699;22.0
817;9;32;42.44;23.28
818;9;32;27.453;10.65
819;9;33;95.326;22.77
820;9;34;37.142;24.0
821;9;35;32.493;7.56
822;9;36;54.347;1.12
823;9;36;44.236;2.82
824;9;36;67.19;19.39
825;9;37;26.588;3.52
826;9;37;22.356;9.56
827;9;38;63.856;5.0
828;9;38;48.482;20.36
829;9;39;27.723;21.2
830;9;39;28.607;14.37
831;9;40;46.875;3.3
832;9;40;55.912;21.68
833;9;41;43.312;13.13
834;9;41;44.21;7.09
835;9;42;10.032;7.62
836;9;42;9.818;12.03
837;9;43;39.322;7.88
838;9;43;40.888;7.17
839;9;44;54.329;8.08
840;9;45;34.657;4.88
841;9;46;47.073;5.9
842;9;46;50.21;12.03
843;9;47;96.394;24.3
844;9;47;93.036;2.38
845;9;48;77.783;12.54
846;9;48;93.282;16.63
847;9;49;19.222;1.24
848;10;11;24.601;18.64
849;10;11;24.271;20.34
850;10;12;3.134;22.49
851;10;13;20.413;23.82
852;10;13;18.852;7.98
853;10;14;21.053;21.51
854;10;14;24.076;23.67
855;10;14;22.326;23.17
856;10;15;37.998;3.85
857;10;15;30.547;5.05
858;10;16;18.125;13.37
859;10;16;20.93;9.88
860;10;16;16.524;11.68
861;10;17;3.827;3.4
862;10;17;3.221;23.91
863;10;17;3.274;14.15
864;10;18;42.679;10.01
865;10;19;18.66;23.35
866;10;19;20.206;13.26
867;10;20;18.66;16.6
868;10;20;16.581;6.64
869;10;21;23.447;3.37
870;10;21;27.944;14.1
871;10;22;65.94;10.2
872;10;23;9.569;19.72
873;10;24;42.953;21.24
874;10;25;27.199;12.58
875;10;25;27.79;1.12
876;10;25;33.594;18.17
877;10;26;13.515;8.24
878;10;26;14.698;5.32
879;10;26;13.156;14.97
880;10;27;31.014;0.83
881;10;27;34.24;8.95
882;10;28;74.737;13.67
883;10;29;29.071;6.06
884;10;29;26.457;8.23
885;10;29;28.548;4.23
886;10;30;23.466;23.0
887;10;30;25.75;23.3
888;10;31;43.031;16.31
889;10;31;46.804;13.04
890;10;31;47.521;3.52
891;10;32;17.643;7.93
892;10;32;18.152;9.14
893;10;33;46.911;7.94
894;10;33;46.249;2.89
895;10;34;19.813;2.13
896;10;34;15.981;18.08
897;10;35;16.387;16.84
898;10;35;16.076;7.81
899;10;35;13.255;18.68
900;10;36;6.439;16.07
901;10;36;6.878;8.05
902;10;37;39.813;21.13
903;10;37;31.086;21.75
904;10;38;28.717;20.39
905;10;38;34.837;23.18
906;10;38;21.655;24.61
907;10;39;48.137;1.46
908;10;40;3.584;23.73
909;10;40;4.101;2.15
910;10;40;3.541;17.34
911;10;41;23.327;7.36
912;10;41;26.736;20.12
913;10;42;48.466;15.23
914;10;43;23.863;5.1
915;10;43;28.857;24.73
916;10;44;10.896;21.22
917;10;45;20.307;24.01
918;10;46;7.038;23.59
919;10;47;59.32;19.39
920;10;47;71.797;23.05
921;10;48;44.586;5.21
922;10;48;33.761;14.2
923;10;48;54.98;21.85
924;10;49;30.107;6.59
925;10;49;24.332;10.52
926;11;12;25.644;10.1
927;11;13;25.526;14.74
928;11;14;15.372;14.48
929;11;14;15.895;19.8
930;11;14;17.341;20.46
931;11;15;14.501;19.19
932;11;16;15.208;10.6
933;11;16;11.796;12.4
934;11;17;28.044;17.46
935;11;17;23.441;16.88
936;11;18;61.687;9.04
937;11;18;50.275;14.29
938;11;19;14.627;8.19
939;11;19;17.063;4.11
940;11;19;16.871;2.29
941;11;20;14.627;24.35
942;11;20;13.173;7.56
943;11;21;11.546;17.96
944;11;21;11.75;18.41
945;11;21;11.052;5.43
946;11;22;85.235;10.56
947;11;23;21.551;2.18
948;11;23;23.272;12.36
949;11;24;56.576;14.13
950;11;24;59.536;5.52
951;11;24;44.239;21.69
952;11;25;3.361;22.42
953;11;25;3.271;3.21
954;11;25;3.819;6.71
955;11;26;17.568;10.03
956;11;27;27.476;8.47
957;11;28;57.419;18.88
958;11;28;61.692;13.5
959;11;29;52.053;23.81
960;11;29;56.056;17.74
961;11;29;55.312;10.71
962;11;30;28.573;19.66
963;11;30;23.615;18.24
964;11;30;26.711;22.55
965;11;31;21.106;18.73
966;11;31;20.994;23.55
967;11;31;24.528;24.91
968;11;32;18.504;15.33
969;11;32;21.413;15.15
970;11;33;60.565;4.52
971;11;33;61.35;24.92
972;11;33;60.323;11.79
973;11;34;14.075;9.42
974;11;35;27.729;17.44
975;11;35;21.664;5.11
976;11;35;27.459;7.71
977;11;36;29.451;11.72
978;11;37;53.966;12.78
979;11;37;52.822;6.02
980;11;38;53.228;11.65
981;11;38;57.02;5.57
982;11;39;61.686;15.58
983;11;40;27.211;19.63
984;11;40;23.311;17.85
985;11;41;6.858;22.8
986;11;41;6.557;22.2
987;11;41;7.939;7.02
988;11;42;54.542;3.66
989;11;43;10.847;10.7
990;11;44;17.085;12.19
991;11;44;15.643;16.28
992;11;45;16.661;13.9
993;11;46;17.639;13.43
994;11;46;18.796;14.1
995;11;46;17.342;5.16
996;11;47;82.343;3.65
997;11;47;101.162;13.85
998;11;48;27.834;15.34
999;11;49;32.509;4.88
1000;12;13;18.034;10.33
1001;12;13;16.656;2.54
1002;12;14;20.072;1.17
1003;12;14;21.103;1.43
1004;12;14;15.952;12.76
1005;12;15;39.493;3.97
1006;12;15;45.194;7.03
1007;12;15;45.138;15.0
1008;12;16;17.198;24.22
1009;12;16;13.33;22.33
1010;12;16;14.033;14.67
1011;12;17;2.805;0.89
1012;12;18;44.461;18.23
1013;12;18;39.267;2.87
1014;12;19;17.815;2.39
1015;12;19;20.418;1.21
1016;12;19;19.224;7.35
1017;12;20;17.815;3.39
1018;12;20;21.747;15.28
1019;12;20;18.794;12.17
1020;12;21;23.02;10.07
1021;12;21;20.865;18.34
1022;12;21;20.62;20.32
1023;12;22;67.493;5.71
1024;12;23;7.708;15.94
1025;12;23;8.589;12.98
1026;12;23;6.479;23.13
1027;12;24;39.831;1.05
1028;12;24;30.636;19.57
1029;12;24;42.103;8.1
1030;12;25;27.982;21.16
1031;12;25;29.319;8.84
1032;12;25;29.526;24.04
1033;12;26;12.365;19.29
1034;12;27;29.019;23.39
1035;12;27;26.04;0.28
1036;12;28;77.298;4.12
1037;12;29;29.895;19.05
1038;12;29;33.039;1.75
1039;12;29;22.828;13.09
1040;12;30;20.912;16.83
1041;12;30;24.344;14.18
1042;12;31;44.869;1.8
1043;12;32;16.173;2.38
1044;12;33;49.42;13.59
1045;12;34;19.032;8.33
1046;12;35;13.57;12.95
1047;12;36;8.447;24.98
1048;12;37;36.695;1.89
1049;12;37;32.826;14.5
1050;12;37;42.389;10.6
1051;12;38;28.38;23.49
1052;12;38;26.196;4.78
1053;12;38;35.176;14.91
1054;12;39;45.02;13.24
1055;12;40;1.678;1.82
1056;12;40;1.335;21.53
1057;12;40;1.442;16.54
1058;12;41;23.529;14.77
1059;12;41;21.072;18.79
1060;12;42;45.454;20.69
1061;12;43;23.534;22.46
1062;12;44;13.514;20.19
1063;12;45;19.131;10.23
1064;12;46;8.136;21.32
1065;12;47;59.861;15.47
1066;12;48;47.031;7.45
1067;12;48;46.784;16.31
1068;12;48;52.087;12.99
1069;12;49;27.562;20.52
1070;12;49;28.857;16.99
1071;12;49;22.106;2.5
1072;13;14;10.748;6.05
1073;13;14;11.262;10.0
1074;13;15;39.479;6.4
1075;13;15;43.923;1.07
1076;13;15;32.857;1.91
1077;13;16;10.322;23.26
1078;13;16;10.321;7.92
1079;13;17;20.363;24.54
1080;13;17;15.808;17.18
1081;13;17;20.632;9.42
1082;13;18;62.303;9.76
1083;13;18;46.907;20.06
1084;13;19;10.906;20.7
1085;13;20;10.906;10.65
1086;13;20;9.561;5.41
1087;13;21;15.512;10.44
1088;13;21;17.341;19.26
1089;13;22;85.017;3.86
1090;13;22;89.235;6.25
1091;13;22;80.365;10.31
1092;13;23;11.015;19.75
1093;13;24;31.105;20.09
1094;13;25;25.756;18.42
1095;13;26;9.857;19.14
1096;13;26;8.788;24.2
1097;13;27;11.562;6.03
1098;13;27;11.253;12.13
1099;13;27;11.617;6.2
1100;13;28;82.867;10.07
1101;13;29;46.588;14.81
1102;13;30;3.511;16.11
1103;13;30;3.033;16.82
1104;13;31;46.506;23.32
1105;13;31;50.365;15.03
1106;13;31;41.615;24.62
1107;13;32;7.079;4.63
1108;13;32;7.179;16.69
1109;13;33;67.324;18.85
1110;13;33;78.566;11.44
1111;13;34;11.6;15.51
1112;13;34;14.132;17.35
1113;13;35;6.045;8.96
1114;13;36;26.476;5.05
1115;13;36;26.855;23.72
1116;13;36;27.893;5.76
1117;13;37;28.603;10.22
1118;13;37;25.621;16.19
1119;13;38;42.406;0.71
1120;13;38;41.263;2.03
1121;13;39;36.177;24.45
1122;13;40;19.211;9.97
1123;13;40;20.438;5.46
1124;13;41;19.418;7.18
1125;13;42;30.541;20.54
1126;13;42;29.952;23.25
1127;13;42;37.85;2.14
1128;13;43;16.386;2.4
1129;13;43;19.261;18.26
1130;13;43;19.502;24.7
1131;13;44;25.458;24.81
1132;13;44;21.831;15.32
1133;13;44;27.213;17.78
1134;13;45;9.212;1.23
1135;13;46;18.112;7.59
1136;13;46;16.426;1.89
1137;13;46;14.097;20.05
1138;13;47;75.372;1.52
1139;13;48;52.865;23.56
1140;13;48;63.401;19.85
1141;13;49;9.829;12.35
1142;13;49;9.117;22.92
1143;13;49;9.694;17.88
1144;14;15;28.859;2.99
1145;14;16;2.93;2.1
1146;14;17;22.87;6.81
1147;14;17;28.173;1.53
1148;14;18;63.49;11.2
1149;14;18;71.488;21.09
1150;14;18;48.383;9.18
1151;14;19;2.493;7.24
1152;14;19;2.881;0.63
1153;14;19;2.105;23.02
1154;14;20;2.493;24.14
1155;14;20;2.778;7.97
1156;14;21;4.784;15.64
1157;14;21;3.738;5.88
1158;14;22;86.899;3.59
1159;14;23;12.704;14.22
1160;14;24;41.742;9.15
1161;14;24;33.613;23.55
1162;14;24;32.546;11.64
1163;14;25;15.151;24.86
1164;14;26;7.711;7.93
1165;14;27;13.189;0.52
1166;14;27;13.986;15.48
1167;14;27;13.404;19.28
1168;14;28;72.749;22.03
1169;14;28;68.064;9.78
1170;14;29;49.936;1.97
1171;14;29;53.85;8.49
1172;14;29;60.265;21.92
1173;14;30;13.413;11.52
1174;14;30;12.414;15.43
1175;14;31;36.006;21.38
1176;14;31;38.766;19.65
1177;14;32;4.84;24.82
1178;14;32;4.299;3.31
1179;14;33;66.028;5.85
1180;14;34;1.755;10.24
1181;14;34;1.627;9.13
1182;14;34;1.881;10.46
1183;14;35;14.722;0.37
1184;14;35;13.504;15.41
1185;14;35;18.257;24.24
1186;14;36;27.449;20.19
1187;14;36;32.883;5.53
1188;14;36;28.27;20.98
1189;14;37;39.311;12.77
1190;14;37;46.225;23.24
1191;14;37;37.116;17.25
1192;14;38;47.93;0.21
1193;14;38;37.374;20.76
1194;14;38;36.729;4.96
1195;14;39;46.746;15.17
1196;14;39;50.177;22.25
1197;14;39;37.003;15.0
1198;14;40;21.696;12.43
1199;14;40;20.422;9.58
1200;14;40;20.005;12.63
1201;14;41;8.83;19.67
1202;14;42;39.235;18.19
1203;14;43;5.652;9.0
1204;14;43;4.79;22.71
1205;14;43;4.641;17.81
1206;14;44;20.993;15.81
1207;14;44;25.579;9.88
1208;14;45;1.576;16.78
1209;14;45;1.273;9.55
1210;14;45;1.366;23.97
1211;14;46;15.474;17.32
1212;14;47;79.917;4.78
1213;14;47;91.678;3.4
1214;14;48;43.161;17.83
1215;14;49;17.194;13.4
1216;15;16;29.303;21.65
1217;15;16;23.361;19.72
1218;15;17;41.666;5.89
1219;15;18;70.123;7.69
1220;15;19;28.647;15.3
1221;15;19;30.403;15.38
1222;15;20;28.647;12.13
1223;15;20;23.034;12.36
1224;15;20;34.236;4.78
1225;15;21;24.314;25.0
1226;15;22;93.102;7.55
1227;15;22;71.533;12.13
1228;15;22;84.469;20.1
1229;15;23;36.011;4.45
1230;15;23;29.505;4.65
1231;15;24;70.574;17.85
1232;15;25;13.725;19.0
1233;15;25;16.818;15.92
1234;15;25;12.24;22.36
1235;15;26;32.05;23.72
1236;15;26;30.858;19.12
1237;15;27;39.149;8.43
1238;15;27;41.97;9.09
1239;15;27;32.192;19.48
1240;15;28;44.72;16.2
1241;15;28;41.998;13.58
1242;15;29;63.342;11.11
1243;15;30;42.272;3.24
1244;15;30;46.979;8.6
1245;15;31;7.444;9.92
1246;15;31;8.047;8.32
1247;15;32;32.631;5.29
1248;15;32;27.462;24.35
1249;15;32;39.266;6.22
1250;15;33;66.005;24.45
1251;15;33;52.393;23.91
1252;15;34;27.879;10.64
1253;15;34;33.017;10.32
1254;15;34;21.157;10.2
1255;15;35;42.145;12.97
1256;15;35;49.853;1.08
1257;15;36;41.918;8.65
1258;15;36;48.115;11.72
1259;15;36;41.915;4.58
1260;15;37;68.074;17.04
1261;15;37;51.695;21.04
1262;15;37;62.286;13.9
1263;15;38;65.986;22.15
1264;15;38;74.118;16.09
1265;15;39;75.602;19.89
1266;15;39;78.026;19.09
1267;15;39;74.598;10.94
1268;15;40;40.964;20.39
1269;15;40;46.915;12.28
1270;15;40;43.2;5.83
1271;15;41;20.066;8.64
1272;15;42;67.007;22.0
1273;15;42;65.906;15.73
1274;15;42;74.963;20.62
1275;15;43;23.458;20.77
1276;15;44;28.594;10.03
1277;15;44;34.994;11.03
1278;15;44;26.688;3.76
1279;15;45;30.323;24.62
1280;15;45;26.03;14.95
1281;15;45;33.107;4.22
1282;15;46;31.358;8.08
1283;15;46;34.719;20.53
1284;15;46;24.157;12.0
1285;15;47;93.061;6.57
1286;15;47;86.735;18.56
1287;15;48;18.077;1.2
1288;15;48;20.523;3.57
1289;15;49;45.309;2.49
1290;16;17;20.0;16.46
1291;16;17;15.486;2.12
1292;16;18;60.572;4.78
1293;16;19;0.76;5.21
1294;16;19;0.722;9.15
1295;16;20;0.76;7.14
1296;16;21;6.494;5.43
1297;16;21;5.836;1.75
1298;16;21;7.197;16.11
1299;16;22;83.972;11.49
1300;16;22;87.924;16.69
1301;16;22;70.688;9.47
1302;16;23;9.969;16.07
1303;16;23;11.891;6.28
1304;16;23;10.311;8.57
1305;16;24;41.38;4.17
1306;16;24;38.604;23.25
1307;16;25;15.628;14.05
1308;16;26;4.879;14.73
1309;16;26;3.663;20.08
1310;16;26;4.96;6.19
1311;16;27;15.254;15.25
1312;16;28;72.557;16.87
1313;16;28;79.715;12.32
1314;16;29;47.035;7.94
1315;16;30;13.464;18.15
1316;16;30;11.883;23.62
1317;16;30;14.843;20.27
1318;16;31;36.234;1.44
1319;16;31;40.247;21.96
1320;16;32;3.328;22.2
1321;16;33;63.257;5.37
1322;16;34;1.983;16.96
1323;16;35;13.165;22.63
1324;16;35;10.241;22.18
1325;16;35;14.894;19.12
1326;16;36;24.519;16.07
1327;16;37;38.807;12.53
1328;16;37;45.359;17.74
1329;16;38;45.195;0.35
1330;16;38;36.613;7.43
1331;16;39;46.48;17.38
1332;16;39;44.983;10.66
1333;16;39;53.479;20.72
1334;16;40;18.835;23.32
1335;16;41;9.374;14.81
1336;16;41;8.719;10.29
1337;16;42;40.089;21.59
1338;16;42;47.719;3.69
1339;16;43;7.248;9.13
1340;16;43;6.0;16.99
1341;16;44;18.455;19.41
1342;16;44;22.274;19.6
1343;16;44;15.04;13.14
1344;16;45;2.593;7.06
1345;16;46;12.617;18.95
1346;16;47;77.057;13.43
1347;16;47;71.845;9.81
1348;16;47;90.219;12.12
1349;16;48;42.64;15.15
1350;16;48;50.851;2.86
1351;16;48;39.391;12.06
1352;16;49;18.196;12.22
1353;16;49;16.309;22.11
1354;16;49;19.933;14.11
1355;17;18;41.967;13.05
1356;17;18;41.417;18.43
1357;17;19;20.62;2.08
1358;17;19;25.008;22.88
1359;17;19;21.832;20.93
1360;17;20;20.62;5.54
1361;17;20;23.377;5.91
1362;17;21;25.811;5.77
1363;17;21;20.328;10.78
1364;17;22;64.881;14.84
1365;17;22;78.373;2.17
1366;17;22;62.593;8.55
1367;17;23;10.416;3.5
1368;17;23;11.809;22.5
1369;17;23;8.011;3.62
1370;17;24;40.163;7.96
1371;17;24;37.21;0.83
1372;17;24;34.091;7.66
1373;17;25;30.495;6.63
1374;17;26;15.161;16.72
1375;17;26;13.172;6.8
1376;17;26;18.792;8.04
1377;17;27;31.539;1.1
1378;17;27;28.228;6.21
1379;17;27;28.089;7.75
1380;17;28;78.505;16.07
1381;17;28;72.198;8.0
1382;17;29;27.123;19.78
1383;17;30;23.066;21.79
1384;17;30;27.238;14.16
1385;17;30;26.253;16.51
1386;17;31;46.809;23.7
1387;17;32;18.914;0.27
1388;17;32;21.89;14.75
1389;17;33;47.454;4.77
1390;17;33;47.809;15.62
1391;17;33;54.971;15.54
1392;17;34;21.837;8.28
1393;17;35;15.481;1.33
1394;17;35;12.002;15.61
1395;17;35;13.764;1.92
1396;17;36;6.496;23.62
1397;17;36;5.977;9.34
1398;17;37;36.992;20.85
1399;17;37;38.069;8.28
1400;17;37;36.471;0.63
1401;17;38;25.655;24.32
1402;17;38;26.639;7.0
1403;17;39;45.288;15.6
1404;17;39;35.141;19.32
1405;17;39;37.962;13.75
1406;17;40;1.201;13.97
1407;17;40;1.443;11.81
1408;17;41;26.218;23.03
1409;17;41;21.514;11.64
1410;17;42;46.776;18.5
1411;17;43;26.316;16.52
1412;17;43;26.625;9.34
1413;17;43;31.68;17.22
1414;17;44;14.692;0.35
1415;17;44;16.775;10.36
1416;17;45;21.913;16.57
1417;17;46;10.41;14.89
1418;17;46;10.075;24.55
1419;17;47;57.057;20.81
1420;17;47;69.638;10.32
1421;17;47;64.033;9.68
1422;17;48;48.392;22.73
1423;17;49;29.69;18.8
1424;17;49;31.387;1.51
1425;17;49;30.387;22.86
1426;18;19;61.024;16.41
1427;18;19;58.698;20.31
1428;18;19;57.531;11.65
1429;18;20;61.024;8.94
1430;18;21;65.084;12.09
1431;18;21;75.884;13.74
1432;18;21;62.957;13.3
1433;18;22;23.616;0.94
1434;18;22;26.532;14.27
1435;18;22;23.992;15.64
1436;18;23;52.091;10.72
1437;18;23;63.871;10.53
1438;18;23;51.613;10.41
1439;18;24;73.464;1.33
1440;18;24;77.309;7.29
1441;18;25;64.996;1.17
1442;18;25;53.549;1.23
1443;18;25;80.87;11.54
1444;18;26;56.153;18.87
1445;18;26;63.014;11.1
1446;18;26;59.026;17.65
1447;18;27;73.478;9.35
1448;18;28;87.942;17.0
1449;18;29;18.562;20.47
1450;18;29;22.386;6.8
1451;18;30;64.83;2.84
1452;18;30;53.095;8.76
1453;18;30;69.659;7.59
1454;18;31;71.407;23.34
1455;18;32;60.322;0.17
1456;18;32;61.186;15.4
1457;18;32;56.382;19.16
1458;18;33;15.436;10.12
1459;18;34;62.083;20.35
1460;18;35;57.058;6.65
1461;18;36;36.251;14.04
1462;18;36;28.586;3.19
1463;18;37;70.48;13.8
1464;18;37;85.645;7.78
1465;18;38;28.838;15.56
1466;18;38;28.275;5.83
1467;18;39;77.521;7.09
1468;18;39;87.409;0.15
1469;18;39;73.139;0.03
1470;18;40;43.14;23.73
1471;18;41;63.556;7.79
1472;18;41;58.884;9.6
1473;18;42;85.25;0.46
1474;18;43;65.297;4.39
1475;18;44;44.909;23.63
1476;18;44;49.53;18.04
1477;18;45;62.89;10.41
1478;18;45;65.878;22.47
1479;18;46;48.15;21.3
1480;18;46;38.615;24.99
1481;18;47;27.065;5.77
1482;18;47;26.748;22.28
1483;18;48;65.379;6.16
1484;18;48;73.407;1.78
1485;18;49;71.35;23.99
1486;18;49;64.768;10.4
1487;18;49;72.541;7.08
1488;19;20;0.0;12.03
1489;19;21;5.739;11.53
1490;19;21;5.897;1.05
1491;19;22;84.45;16.33
1492;19;22;85.287;1.2
1493;19;23;10.664;16.61
1494;19;23;11.695;20.21
1495;19;23;9.471;1.02
1496;19;24;41.994;13.9
1497;19;24;51.766;4.75
1498;19;24;43.423;4.2
1499;19;25;14.954;1.55
1500;19;25;14.229;9.63
1501;19;26;5.552;4.01
1502;19;26;5.538;16.82
1503;19;26;5.176;3.96
1504;19;27;15.269;16.89
1505;19;27;15.836;18.5
1506;19;28;72.013;21.28
1507;19;28;71.936;21.69
1508;19;28;68.812;4.96
1509;19;29;47.619;22.15
1510;19;29;37.335;21.92
1511;19;29;52.383;9.18
1512;19;30;13.977;15.39
1513;19;30;12.028;15.38
1514;19;31;35.612;11.41
1515;19;31;36.957;20.18
1516;19;31;37.588;24.19
1517;19;32;4.002;20.18
1518;19;33;63.546;10.74
1519;19;33;71.776;10.16
1520;19;33;75.205;7.58
1521;19;34;1.253;23.76
1522;19;34;1.173;14.77
1523;19;35;13.901;3.4
1524;19;35;10.562;7.81
1525;19;35;16.972;6.7
1526;19;36;25.033;24.69
1527;19;36;28.152;6.71
1528;19;36;24.588;1.3
1529;19;37;39.442;23.34
1530;19;37;40.254;12.78
1531;19;37;44.254;2.45
1532;19;38;45.875;16.76
1533;19;38;50.723;23.03
1534;19;38;56.179;10.61
1535;19;39;47.081;1.39
1536;19;39;41.645;2.82
1537;19;40;19.461;6.96
1538;19;41;8.673;13.94
1539;19;41;7.452;5.99
1540;19;42;40.469;6.89
1541;19;43;6.489;0.86
1542;19;43;7.545;18.16
1543;19;43;6.653;18.25
1544;19;44;18.593;18.23
1545;19;44;21.866;7.0
1546;19;44;15.374;7.76
1547;19;45;2.584;17.93
1548;19;45;2.065;10.77
1549;19;46;12.982;5.41
1550;19;47;77.675;8.1
1551;19;47;95.919;24.2
1552;19;47;75.499;17.65
1553;19;48;42.153;15.28
1554;19;49;18.52;22.65
1555;20;21;5.739;19.3
1556;20;22;84.45;10.86
1557;20;22;95.452;6.4
1558;20;22;93.053;10.87
1559;20;23;10.664;19.24
1560;20;24;41.994;13.87
1561;20;24;40.976;18.8
1562;20;24;48.579;6.35
1563;20;25;14.954;5.86
1564;20;26;5.552;18.34
1565;20;26;4.301;24.2
1566;20;26;5.888;22.08
1567;20;27;15.269;6.12
1568;20;27;14.99;0.93
1569;20;28;72.013;16.85
1570;20;29;47.619;4.56
1571;20;29;46.965;9.84
1572;20;30;13.977;8.07
1573;20;30;14.826;5.52
1574;20;30;15.192;3.37
1575;20;31;35.612;6.94
1576;20;32;4.002;22.78
1577;20;32;3.504;10.27
1578;20;32;3.07;4.73
1579;20;33;63.546;23.05
1580;20;34;1.253;0.42
1581;20;34;1.284;3.52
1582;20;35;13.901;11.89
1583;20;35;16.165;12.11
1584;20;36;25.033;4.91
1585;20;36;22.165;4.28
1586;20;36;20.447;22.26
1587;20;37;39.442;12.74
1588;20;37;40.715;4.04
1589;20;38;45.875;24.46
1590;20;39;47.081;9.09
1591;20;39;50.122;15.83
1592;20;40;19.461;12.38
1593;20;40;14.613;15.73
1594;20;41;8.673;12.06
1595;20;42;40.469;24.11
1596;20;42;32.26;13.86
1597;20;43;6.489;19.49
1598;20;44;18.593;4.29
1599;20;44;23.203;3.06
1600;20;45;2.584;12.96
1601;20;45;1.964;21.93
1602;20;46;12.982;21.93
1603;20;47;77.675;22.68
1604;20;48;42.153;13.54
1605;20;48;33.703;14.91
1606;20;49;18.52;16.55
1607;20;49;18.59;15.6
1608;20;49;17.996;16.02
1609;21;22;88.638;15.93
1610;21;23;16.247;7.42
1611;21;23;20.298;19.77
1612;21;24;46.409;22.77
1613;21;24;54.15;9.61
1614;21;24;54.05;21.4
1615;21;25;10.724;9.2
1616;21;25;12.961;2.76
1617;21;26;11.129;20.2
1618;21;26;9.379;11.1
1619;21;27;15.946;13.2
1620;21;27;13.266;11.15
1621;21;28;68.535;9.76
1622;21;29;52.517;17.18
1623;21;30;18.039;9.89
1624;21;31;31.563;13.16
1625;21;32;9.394;2.62
1626;21;33;66.528;12.08
1627;21;33;77.12;14.24
1628;21;34;4.534;2.37
1629;21;35;19.388;18.65
1630;21;35;18.39;1.01
1631;21;35;22.37;4.39
1632;21;36;29.633;19.27
1633;21;36;30.309;11.76
1634;21;36;24.641;16.81
1635;21;37;44.025;24.67
1636;21;38;51.304;15.65
1637;21;38;56.824;12.26
1638;21;39;51.373;8.5
1639;21;39;46.366;22.02
1640;21;40;24.692;23.38
1641;21;40;28.612;6.59
1642;21;41;4.689;6.82
1643;21;41;4.637;23.92
1644;21;41;4.352;11.26
1645;21;42;43.135;11.7
1646;21;42;40.995;20.08
1647;21;42;45.625;20.16
1648;21;43;0.875;21.42
1649;21;44;21.079;5.57
1650;21;44;21.531;9.33
1651;21;45;6.354;3.26
1652;21;46;17.038;4.53
1653;21;47;82.741;21.57
1654;21;47;83.712;8.52
1655;21;47;79.24;16.67
1656;21;48;39.319;24.42
1657;21;49;21.172;24.68
1658;21;49;25.147;2.34
1659;22;23;75.189;20.93
1660;22;23;71.276;13.82
1661;22;24;92.061;10.16
1662;22;25;88.556;10.96
1663;22;25;75.701;8.79
1664;22;26;79.454;9.86
1665;22;27;96.388;15.06
1666;22;27;88.059;7.32
1667;22;28;105.798;17.74
1668;22;29;38.888;1.24
1669;22;30;87.307;0.48
1670;22;30;76.923;19.14
1671;22;30;69.96;4.72
1672;22;31;93.798;4.14
1673;22;31;104.027;4.18
1674;22;32;83.549;17.8
1675;22;32;87.687;20.03
1676;22;32;95.84;21.47
1677;22;33;29.586;5.07
1678;22;33;36.854;23.89
1679;22;34;85.535;21.77
1680;22;34;96.838;1.09
1681;22;35;79.501;5.05
1682;22;35;62.562;4.79
1683;22;35;73.75;15.18
1684;22;36;59.503;5.67
1685;22;37;89.327;10.34
1686;22;38;46.711;13.99
1687;22;39;95.462;4.79
1688;22;40;66.075;10.36
1689;22;40;70.561;19.07
1690;22;40;80.753;5.04
1691;22;41;87.17;0.65
1692;22;41;65.671;3.82
1693;22;42;105.558;8.65
1694;22;42;86.9;16.41
1695;22;42;117.297;12.64
1696;22;43;88.868;17.89
1697;22;43;75.332;0.74
1698;22;44;68.519;2.98
1699;22;44;77.668;20.25
1700;22;44;54.587;11.04
1701;22;45;86.233;6.23
1702;22;46;71.655;3.06
1703;22;47;22.794;17.21
1704;22;47;20.162;12.04
1705;22;47;24.385;3.09
1706;22;48;86.607;15.27
1707;22;48;80.803;16.62
1708;22;48;84.018;3.28
1709;22;49;93.673;15.96
1710;22;49;107.43;18.08
1711;22;49;99.487;2.51
1712;23;24;37.58;18.23
1713;23;25;23.195;11.29
1714;23;25;25.594;0.3
1715;23;25;18.776;6.57
1716;23;26;5.126;20.01
1717;23;26;4.836;8.27
1718;23;26;6.354;0.44
1719;23;27;21.46;13.02
1720;23;27;17.444;3.85
1721;23;27;24.755;5.5
1722;23;28;76.741;6.01
1723;23;29;37.522;23.14
1724;23;29;44.273;9.7
1725;23;29;42.159;16.73
1726;23;30;14.274;17.97
1727;23;31;42.199;13.22
1728;23;31;38.154;4.86
1729;23;32;8.507;15.74
1730;23;32;9.119;0.04
1731;23;33;56.41;13.89
1732;23;33;53.745;23.93
1733;23;33;54.482;23.89
1734;23;34;11.916;20.25
1735;23;35;8.338;9.58
1736;23;35;7.165;23.11
1737;23;36;15.883;10.27
1738;23;36;18.641;6.41
1739;23;37;34.629;22.81
1740;23;37;37.139;21.81
1741;23;37;37.728;13.26
1742;23;38;35.236;20.96
1743;23;38;33.139;16.69
1744;23;38;30.582;15.95
1745;23;39;42.833;7.66
1746;23;39;34.341;14.22
1747;23;40;9.217;2.85
1748;23;40;7.939;21.38
1749;23;40;9.375;16.89
1750;23;41;17.776;23.12
1751;23;41;14.737;24.46
1752;23;42;40.47;19.19
1753;23;42;37.214;21.46
1754;23;42;33.888;2.4
1755;23;43;16.888;20.1
1756;23;43;14.327;22.16
1757;23;44;15.322;6.29
1758;23;44;17.209;5.29
1759;23;45;11.609;10.3
1760;23;45;13.057;21.39
1761;23;45;11.21;12.61
1762;23;46;7.787;0.49
1763;23;46;6.367;2.95
1764;23;46;8.479;3.62
1765;23;47;67.301;4.97
1766;23;48;46.32;23.65
1767;23;49;20.827;6.79
1768;24;25;56.848;18.25
1769;24;25;54.184;16.35
1770;24;25;53.449;11.46
1771;24;26;39.653;6.57
1772;24;26;43.582;13.02
1773;24;26;39.879;23.19
1774;24;27;34.669;8.69
1775;24;28;113.702;21.22
1776;24;28;139.205;6.76
1777;24;28;89.631;16.19
1778;24;29;54.926;11.62
1779;24;29;51.007;8.82
1780;24;29;61.373;15.14
1781;24;30;28.372;17.77
1782;24;30;24.031;15.02
1783;24;30;21.971;18.02
1784;24;31;77.606;14.64
1785;24;31;69.213;18.23
1786;24;31;58.708;12.42
1787;24;32;38.072;15.14
1788;24;32;38.667;12.12
1789;24;33;83.699;19.72
1790;24;33;83.043;21.63
1791;24;34;42.702;19.16
1792;24;34;40.349;9.64
1793;24;34;50.546;11.02
1794;24;35;29.559;2.04
1795;24;36;46.049;21.09
1796;24;36;56.425;6.3
1797;24;37;3.195;24.06
1798;24;37;3.989;8.02
1799;24;37;3.358;23.98
1800;24;38;45.491;0.21
1801;24;39;5.254;22.9
1802;24;40;39.683;21.67
1803;24;41;50.507;23.23
1804;24;42;17.006;1.32
1805;24;42;15.062;9.13
1806;24;42;14.065;24.79
1807;24;43;47.281;1.42
1808;24;43;56.367;18.98
1809;24;43;56.621;20.28
1810;24;44;52.438;2.81
1811;24;44;59.878;22.92
1812;24;45;40.255;9.04
1813;24;46;45.14;8.97
1814;24;46;43.697;22.85
1815;24;47;75.434;14.05
1816;24;47;88.741;13.68
1817;24;48;83.447;10.55
1818;24;48;65.65;23.81
1819;24;48;80.366;4.66
1820;24;49;27.064;8.55
1821;24;49;29.216;7.46
1822;24;49;22.849;0.6
1823;25;26;18.772;22.93
1824;25;27;26.25;7.78
1825;25;27;30.651;0.28
1826;25;27;25.823;9.39
1827;25;28;57.824;6.94
1828;25;28;66.665;8.3
1829;25;28;53.519;8.4
1830;25;29;55.082;5.28
1831;25;30;28.563;15.53
1832;25;30;30.722;9.05
1833;25;31;20.867;15.56
1834;25;31;21.62;0.72
1835;25;32;18.951;21.68
1836;25;33;63.918;12.13
1837;25;33;68.756;7.36
1838;25;33;76.638;9.9
1839;25;34;14.157;15.26
1840;25;35;28.634;5.23
1841;25;35;26.89;11.64
1842;25;35;32.723;13.16
1843;25;36;32.328;8.45
1844;25;36;24.685;4.41
1845;25;36;38.056;17.54
1846;25;37;54.354;12.38
1847;25;37;52.969;7.55
1848;25;37;61.526;14.0
1849;25;38;55.908;16.34
1850;25;38;54.402;21.43
1851;25;39;61.881;8.11
1852;25;39;75.549;21.98
1853;25;40;29.595;15.57
1854;25;40;35.789;3.94
1855;25;41;6.341;2.59
1856;25;41;5.321;7.18
1857;25;42;53.797;22.23
1858;25;42;58.807;17.34
1859;25;42;58.742;21.6
1860;25;43;9.9;5.04
1861;25;44;20.283;23.44
1862;25;45;16.602;2.87
1863;25;46;20.169;7.52
1864;25;46;21.591;4.32
1865;25;47;85.414;5.08
1866;25;47;91.083;22.76
1867;25;48;28.912;24.12
1868;25;49;31.884;8.16
1869;26;27;18.193;0.51
1870;26;28;74.072;16.1
1871;26;28;69.086;6.7
1872;26;29;42.246;6.34
1873;26;30;13.365;9.53
1874;26;31;38.597;12.77
1875;26;32;4.319;6.76
1876;26;32;3.901;15.13
1877;26;33;59.499;8.31
1878;26;33;49.662;12.61
1879;26;34;6.801;16.22
1880;26;34;7.797;2.84
1881;26;35;10.257;22.53
1882;26;35;11.553;11.58
1883;26;35;9.971;1.04
1884;26;36;19.951;17.14
1885;26;37;36.879;0.67
1886;26;38;40.323;4.58
1887;26;38;39.791;23.65
1888;26;38;41.917;12.48
1889;26;39;44.859;24.87
1890;26;40;13.986;13.54
1891;26;41;12.986;9.85
1892;26;41;12.704;2.29
1893;26;42;40.393;8.74
1894;26;42;39.041;22.39
1895;26;43;11.787;13.93
1896;26;44;15.85;7.43
1897;26;44;19.498;13.94
1898;26;44;12.248;20.34
1899;26;45;6.809;18.24
1900;26;45;5.327;16.19
1901;26;45;7.987;17.39
1902;26;46;8.934;3.24
1903;26;46;9.572;0.38
1904;26;46;10.444;18.25
1905;26;47;72.206;21.36
1906;26;47;57.372;22.58
1907;26;47;87.397;7.26
1908;26;48;43.795;9.46
1909;26;49;19.29;12.51
1910;26;49;18.983;1.6
1911;26;49;17.262;23.57
1912;27;28;83.829;13.79
1913;27;28;78.439;13.52
1914;27;29;58.104;23.27
1915;27;29;57.484;23.43
1916;27;29;68.46;18.8
1917;27;30;10.342;5.99
1918;27;30;11.613;10.91
1919;27;31;46.577;10.83
1920;27;32;13.893;23.72
1921;27;33;77.629;14.52
1922;27;33;94.599;2.18
1923;27;34;14.928;23.72
1924;27;34;12.176;13.12
1925;27;34;18.366;20.71
1926;27;35;17.517;16.06
1927;27;35;19.078;8.64
1928;27;35;21.82;5.65
1929;27;36;37.336;10.68
1930;27;36;34.347;9.34
1931;27;36;43.71;16.4
1932;27;37;32.982;24.72
1933;27;38;53.895;17.95
1934;27;39;39.06;5.39
1935;27;40;30.354;4.61
1936;27;40;24.842;17.62
1937;27;40;28.048;8.45
1938;27;41;20.622;1.18
1939;27;41;17.041;12.72
1940;27;41;20.506;0.75
1941;27;42;27.922;9.67
1942;27;43;16.63;24.34
1943;27;43;13.019;4.31
1944;27;43;19.641;19.26
1945;27;44;33.609;9.83
1946;27;45;12.698;14.9
1947;27;45;14.072;10.09
1948;27;45;13.975;14.82
1949;27;46;27.113;13.32
1950;27;46;29.945;9.97
1951;27;47;86.912;2.82
1952;27;48;55.131;14.05
1953;27;48;55.636;0.95
1954;27;48;55.786;15.16
1955;27;49;7.648;6.44
1956;27;49;9.538;13.55
1957;28;29;90.383;14.31
1958;28;29;82.215;1.34
1959;28;30;85.984;24.96
1960;28;30;91.794;5.99
1961;28;31;37.277;13.97
1962;28;32;75.795;23.03
1963;28;33;76.384;15.24
1964;28;33;88.281;18.49
1965;28;33;66.045;19.26
1966;28;34;71.494;11.45
1967;28;34;55.025;17.25
1968;28;35;84.272;8.27
1969;28;36;75.688;21.84
1970;28;37;110.95;20.61
1971;28;37;92.154;5.31
1972;28;37;85.569;9.21
1973;28;38;97.238;21.5
1974;28;38;108.894;15.55
1975;28;38;87.333;22.76
1976;28;39;118.881;15.43
1977;28;40;78.288;13.29
1978;28;41;63.98;24.54
1979;28;41;53.675;23.79
1980;28;41;65.069;6.05
1981;28;42;111.595;17.39
1982;28;42;105.508;19.19
1983;28;43;67.721;13.59
1984;28;43;78.558;17.65
1985;28;44;63.847;16.1
1986;28;45;74.075;16.52
1987;28;46;69.957;17.69
1988;28;46;74.438;10.89
1989;28;47;114.841;21.01
1990;28;47;92.756;20.88
1991;28;48;30.43;9.17
1992;28;49;89.706;14.76
1993;28;49;76.231;15.54
1994;28;49;77.385;21.42
1995;29;30;48.658;2.81
1996;29;30;44.549;14.6
1997;29;31;66.473;11.65
1998;29;32;46.029;3.27
1999;29;32;49.671;0.8
2000;29;33;30.799;2.01
2001;29;34;48.806;8.38
2002;29;34;59.047;17.88
2003;29;34;50.29;0.37
2004;29;35;40.877;12.09
2005;29;35;32.437;16.08
2006;29;35;38.471;19.62
2007;29;36;23.013;10.52
2008;29;36;28.16;6.89
2009;29;36;21.567;13.96
2010;29;37;51.963;7.78
2011;29;37;42.582;12.99
2012;29;38;10.835;2.9
2013;29;38;11.022;8.51
2014;29;39;58.959;9.1
2015;29;39;54.197;19.38
2016;29;39;60.728;4.77
2017;29;40;28.316;0.06
2018;29;40;23.256;10.3
2019;29;41;52.107;23.05
2020;29;41;45.457;3.28
2021;29;42;67.153;6.83
2022;29;42;79.775;22.81
2023;29;43;52.921;16.26
2024;29;43;54.471;4.14
2025;29;44;35.147;19.89
2026;29;44;32.608;9.88
2027;29;44;43.06;16.17
2028;29;45;49.026;21.86
2029;29;45;51.432;11.35
2030;29;46;35.723;7.09
2031;29;46;39.316;9.22
2032;29;47;30.377;7.52
2033;29;47;32.341;4.12
2034;29;48;63.534;1.95
2035;29;48;58.377;3.81
2036;29;49;54.909;9.8
2037;29;49;47.774;20.62
2038;30;31;49.405;10.31
2039;30;31;46.648;24.01
2040;30;32;10.358;12.19
2041;30;32;8.351;5.61
2042;30;32;11.413;13.73
2043;30;33;70.322;19.42
2044;30;33;57.384;7.99
2045;30;34;14.514;14.23
2046;30;34;17.34;5.37
2047;30;35;7.807;4.69
2048;30;35;9.399;22.29
2049;30;35;8.425;19.72
2050;30;36;29.347;19.56
2051;30;37;26.038;8.98
2052;30;38;43.814;20.28
2053;30;38;33.593;3.34
2054;30;38;38.72;0.8
2055;30;39;33.342;13.08
2056;30;40;21.956;10.73
2057;30;41;22.231;18.56
2058;30;41;27.537;0.01
2059;30;41;20.131;13.37
2060;30;42;27.044;6.13
2061;30;42;21.563;21.21
2062;30;43;18.911;15.52
2063;30;43;17.688;17.66
2064;30;43;21.819;24.45
2065;30;44;28.942;16.14
2066;30;45;11.976;7.02
2067;30;45;9.25;5.32
2068;30;45;11.301;5.12
2069;30;46;21.558;12.54
2070;30;46;21.709;13.89
2071;30;47;76.922;13.72
2072;30;47;66.948;24.39
2073;30;47;65.451;4.4
2074;30;48;56.101;15.73
2075;30;49;6.651;18.14
2076;31;32;39.554;1.07
2077;31;32;42.669;0.73
2078;31;33;65.697;1.19
2079;31;33;75.77;18.71
2080;31;34;34.926;10.85
2081;31;34;29.593;16.21
2082;31;34;28.536;22.21
2083;31;35;48.81;10.3
2084;31;35;44.654;7.36
2085;31;36;46.214;5.62
2086;31;37;75.039;16.92
2087;31;38;70.128;23.43
2088;31;39;82.679;22.64
2089;31;39;89.615;2.55
2090;31;39;93.472;3.55
2091;31;40;46.23;17.8
2092;31;40;48.246;15.06
2093;31;41;27.177;9.84
2094;31;41;20.502;24.22
2095;31;42;74.411;1.45
2096;31;43;30.721;21.48
2097;31;43;36.963;11.65
2098;31;44;32.85;21.33
2099;31;44;39.147;23.11
2100;31;45;37.429;4.48
2101;31;46;36.791;8.29
2102;31;47;95.522;16.83
2103;31;47;76.795;19.2
2104;31;47;72.575;12.28
2105;31;48;12.158;22.99
2106;31;49;52.651;2.66
2107;31;49;61.313;13.99
2108;32;33;63.818;22.28
2109;32;33;69.345;4.69
2110;32;34;4.963;11.41
2111;32;34;4.976;19.15
2112;32;35;10.001;3.83
2113;32;35;11.795;7.05
2114;32;36;24.077;9.67
2115;32;37;35.485;3.92
2116;32;37;33.171;4.83
2117;32;37;35.501;5.93
2118;32;38;43.48;20.4
2119;32;38;36.147;23.15
2120;32;38;34.218;3.19
2121;32;39;43.184;3.91
2122;32;40;17.717;5.19
2123;32;41;12.675;4.22
2124;32;41;12.785;6.21
2125;32;42;37.246;11.57
2126;32;43;10.218;7.34
2127;32;43;10.695;10.27
2128;32;44;19.896;4.76
2129;32;44;18.606;12.05
2130;32;44;18.297;2.13
2131;32;45;3.396;19.96
2132;32;45;4.028;10.92
2133;32;45;3.731;14.63
2134;32;46;13.221;22.4
2135;32;46;16.185;24.26
2136;32;47;75.766;24.01
2137;32;48;45.791;12.9
2138;32;48;55.638;24.53
2139;32;48;43.537;14.24
2140;32;49;15.608;23.81
2141;33;34;64.413;5.58
2142;33;34;58.866;1.48
2143;33;34;51.371;24.38
2144;33;35;62.912;6.22
2145;33;36;41.023;2.07
2146;33;36;40.598;11.31
2147;33;36;34.628;4.46
2148;33;37;80.577;4.28
2149;33;37;71.909;9.3
2150;33;37;87.587;3.27
2151;33;38;41.633;2.52
2152;33;38;36.608;11.44
2153;33;38;49.492;23.58
2154;33;39;88.185;6.16
2155;33;39;106.476;12.69
2156;33;39;96.823;6.22
2157;33;40;48.486;19.36
2158;33;40;43.492;2.29
2159;33;41;63.996;7.7
2160;33;41;55.328;7.39
2161;33;41;56.989;2.85
2162;33;42;93.557;11.42
2163;33;43;66.538;22.32
2164;33;43;72.011;16.28
2165;33;44;45.45;19.62
2166;33;45;65.785;17.35
2167;33;45;56.508;11.66
2168;33;46;50.703;13.25
2169;33;46;45.356;21.82
2170;33;46;47.972;2.83
2171;33;47;41.089;1.06
2172;33;48;57.561;21.83
2173;33;48;64.027;17.79
2174;33;49;76.973;4.42
2175;34;35;14.952;20.36
2176;34;35;13.419;5.62
2177;34;36;26.162;11.76
2178;34;36;24.084;8.98
2179;34;37;40.197;22.49
2180;34;38;47.122;19.25
2181;34;39;47.756;17.74
2182;34;39;48.504;3.3
2183;34;39;59.056;2.37
2184;34;40;20.682;8.56
2185;34;40;22.674;24.87
2186;34;41;7.824;0.73
2187;34;42;40.704;19.53
2188;34;42;42.743;9.38
2189;34;43;5.314;14.37
2190;34;44;19.289;12.74
2191;34;44;22.057;14.22
2192;34;44;20.401;4.26
2193;34;45;2.612;6.78
2194;34;45;2.224;2.1
2195;34;46;13.976;9.15
2196;34;46;12.14;23.55
2197;34;46;16.417;6.2
2198;34;47;78.888;7.33
2199;34;48;41.765;3.22
2200;34;48;34.406;13.34
2201;34;48;35.598;16.34
2202;34;49;18.686;13.13
2203;34;49;22.508;15.27
2204;34;49;17.886;21.28
2205;35;36;21.891;19.67
2206;35;37;26.712;5.72
2207;35;37;29.832;15.16
2208;35;38;36.387;3.64
2209;35;39;34.795;3.93
2210;35;39;30.224;5.99
2211;35;40;14.427;3.9
2212;35;40;15.796;17.37
2213;35;41;22.496;23.94
2214;35;42;32.318;12.95
2215;35;42;24.545;22.94
2216;35;42;32.219;3.93
2217;35;43;20.218;6.97
2218;35;43;21.092;8.35
2219;35;43;18.088;13.57
2220;35;44;23.653;16.27
2221;35;45;13.168;4.79
2222;35;45;11.49;15.57
2223;35;46;16.124;14.7
2224;35;47;69.399;16.58
2225;35;48;53.938;16.53
2226;35;48;57.928;9.49
2227;35;49;14.3;16.37
2228;35;49;17.044;16.08
2229;36;37;42.859;5.71
2230;36;37;52.984;10.47
2231;36;37;48.326;24.03
2232;36;38;24.068;24.09
2233;36;39;51.092;24.58
2234;36;39;42.534;6.41
2235;36;40;7.472;14.45
2236;36;41;29.097;18.2
2237;36;42;53.239;5.5
2238;36;42;59.485;1.31
2239;36;43;29.993;8.05
2240;36;44;13.392;13.07
2241;36;45;26.735;8.1
2242;36;45;23.956;19.13
2243;36;45;29.77;14.86
2244;36;46;12.716;21.55
2245;36;46;12.547;3.4
2246;36;46;14.714;19.07
2247;36;47;53.375;24.51
2248;36;48;46.157;15.19
2249;36;48;52.298;11.74
2250;36;48;39.295;6.45
2251;36;49;35.994;4.26
2252;36;49;32.14;21.26
2253;37;38;42.68;18.95
2254;37;38;40.409;14.85
2255;37;39;8.326;12.88
2256;37;39;8.2;24.41
2257;37;40;36.524;9.98
2258;37;41;48.019;15.39
2259;37;41;53.38;23.59
2260;37;42;18.286;9.05
2261;37;42;16.284;22.62
2262;37;43;44.899;22.15
2263;37;43;56.003;19.62
2264;37;43;49.501;8.34
2265;37;44;49.387;23.74
2266;37;44;41.189;11.51
2267;37;44;51.777;15.8
2268;37;45;37.8;18.05
2269;37;46;42.132;4.62
2270;37;46;41.38;20.3
2271;37;47;73.068;23.04
2272;37;47;57.642;5.45
2273;37;48;80.646;6.87
2274;37;48;99.667;2.66
2275;37;49;25.336;12.72
2276;37;49;23.887;9.66
2277;37;49;26.373;4.03
2278;38;39;49.181;6.02
2279;38;40;26.702;23.5
2280;38;40;22.89;15.62
2281;38;40;28.756;19.79
2282;38;41;51.87;16.36
2283;38;42;58.954;5.82
2284;38;43;51.859;15.44
2285;38;43;49.907;1.06
2286;38;44;37.429;16.67
2287;38;44;30.005;23.39
2288;38;45;46.761;4.08
2289;38;45;36.291;19.77
2290;38;46;35.755;23.26
2291;38;47;33.148;2.12
2292;38;47;35.728;12.33
2293;38;48;68.942;13.63
2294;38;49;49.508;20.5
2295;39;40;44.836;24.79
2296;39;40;43.283;14.51
2297;39;41;55.542;16.38
2298;39;41;45.531;22.48
2299;39;42;17.929;9.27
2300;39;43;52.243;7.39
2301;39;43;42.223;1.54
2302;39;43;53.847;14.21
2303;39;44;57.683;16.75
2304;39;44;50.813;13.55
2305;39;45;45.28;23.68
2306;39;45;36.047;12.06
2307;39;45;52.703;5.18
2308;39;46;50.394;20.63
2309;39;47;78.067;18.65
2310;39;47;97.505;14.46
2311;39;48;88.653;12.93
2312;39;48;68.317;20.89
2313;39;48;98.055;7.89
2314;39;49;31.553;5.76
2315;39;49;36.487;16.61
2316;40;41;25.198;23.28
2317;40;41;30.398;9.18
2318;40;41;22.557;9.02
2319;40;42;45.931;4.9
2320;40;42;46.896;4.1
2321;40;43;25.21;11.74
2322;40;44;14.441;17.89
2323;40;44;17.783;13.09
2324;40;45;20.727;5.07
2325;40;46;9.624;0.68
2326;40;46;10.493;13.23
2327;40;46;10.579;17.88
2328;40;47;58.223;4.39
2329;40;48;48.097;10.13
2330;40;49;28.59;18.8
2331;41;42;47.772;7.95
2332;41;42;55.67;0.52
2333;41;42;59.392;0.71
2334;41;43;4.0;11.5
2335;41;44;18.795;18.25
2336;41;45;10.263;9.76
2337;41;46;16.414;23.83
2338;41;46;16.112;24.42
2339;41;47;82.471;3.78
2340;41;48;34.642;2.92
2341;41;49;25.77;10.69
2342;42;43;43.925;11.32
2343;42;44;55.681;4.52
2344;42;44;48.009;19.1
2345;42;44;61.277;16.25
2346;42;45;38.097;21.61
2347;42;45;45.499;9.15
2348;42;46;48.166;23.12
2349;42;46;53.175;1.36
2350;42;47;90.581;6.17
2351;42;47;94.647;6.73
2352;42;47;68.214;6.19
2353;42;48;82.373;16.91
2354;42;49;22.042;1.31
2355;42;49;25.827;11.29
2356;43;44;21.094;5.52
2357;43;44;18.977;18.91
2358;43;45;7.219;12.19
2359;43;46;17.344;12.57
2360;43;46;17.264;16.42
2361;43;46;20.217;8.34
2362;43;47;83.178;15.33
2363;43;48;38.57;3.62
2364;43;48;39.131;24.97
2365;43;48;47.76;22.5
2366;43;49;21.985;9.24
2367;43;49;23.814;3.03
2368;44;45;21.048;17.04
2369;44;45;21.499;20.25
2370;44;46;7.54;1.09
2371;44;46;6.54;21.65
2372;44;47;65.334;19.35
2373;44;47;53.689;13.55
2374;44;47;75.454;20.33
2375;44;48;33.701;19.87
2376;44;49;35.108;8.16
2377;45;46;15.101;1.94
2378;45;46;11.637;16.73
2379;45;46;16.957;8.11
2380;45;47;78.904;16.9
2381;45;47;62.064;15.37
2382;45;48;44.375;4.13
2383;45;48;53.019;0.16
2384;45;48;55.224;13.94
2385;45;49;16.089;15.09
2386;45;49;14.002;14.3
2387;45;49;18.945;11.91
2388;46;47;66.07;22.86
2389;46;48;39.556;10.18
2390;46;48;41.589;24.8
2391;46;49;27.874;17.34
2392;47;48;90.947;0.32
2393;47;49;82.655;0.39
2394;47;49;68.96;10.12
2395;48;49;60.335;18.82
2396;48;49;55.647;1.4
