VERTEX_COUNT 50
PATH_COUNT 1
BUDGET 300
<------------ VERTICES ------------>
0;START;41.374834;2.170055;0.0;0.0
1;Basilica of the Sagrada Família;41.403568;2.174435;45.0;100.0
2;Imaginart Gallery;41.393822;2.164627;45.0;99.02
3;Atelier;41.407719;2.158233;45.0;93.06
4;Contrast;41.387928;2.161469;45.0;90.03
5;Barcelona;41.389034;2.16137;45.0;88.26
6;Lorena Ruiz de Villa;41.397858;2.146705;45.0;85.96
7;Galeria Mayoral;41.389542;2.163808;45.0;84.23
8;Carles Taché;41.389851;2.164213;45.0;83.52
9;Arts Santa Mònica;41.37722;2.176012;45.0;80.07
10;Piramidon Centre d’Art Contemporani;41.422626;2.209764;45.0;79.44
11;Palau Güell;41.378864;2.174117;45.0;77.09
12;La Pedrera (Casa Milà);41.395271;2.161785;45.0;75.4
13;A. Cortina;41.391098;2.161385;45.0;73.88
14;Galeria Ferran Cano;41.375816;2.177766;45.0;73.64
15;Galeria d’Art Mar Grup Escolà;41.392349;2.167836;45.0;73.32
16;Àngels Barcelona;41.382534;2.169249;45.0;72.12
17;Carmen Sallent;41.39637;2.153188;45.0;71.7
18;Beaskoa;41.384792;2.181268;45.0;71.55
19;Anella Olímpica(Olympic Park);41.364778;2.152575;45.0;69.12
20;Galeria Miquel Alzueta;41.397125;2.156751;45.0;69.11
21;Artur Ramon Art;41.383682;2.17456;45.0;68.73
22;Poble Espanyol;41.368679;2.147031;45.0;68.03
23;Despair;41.387653;2.188076;45.0;65.76
24;Montjuïc Castle;41.363823;2.167096;45.0;64.94
25;Pèrgamon Quatre Gràfica Quatre;41.382576;2.173292;45.0;63.55
26;Artevistas Gallery;41.381779;2.17652;45.0;61.89
27;Parc de la Ciutadella;41.389248;2.186548;45.0;61.78
28;Passeig de Gràcia;41.390739;2.166672;45.0;61.76
29;Basilica of Sants Just i Pastor;41.382812;2.178195;45.0;61.53
30;Avinguda d’Icària;41.391556;2.197416;45.0;61.49
31;Antic Hospital de la Santa Creu;41.380573;2.170374;45.0;61.16
32;Museu Nacional d’Art de Catalunya;41.36882;2.153347;45.0;59.9
33;Casa Batlló;41.391758;2.164961;45.0;59.62
34;Park Güell;41.414249;2.151926;45.0;59.1
35;Monument to Doctor Robert;41.394924;2.175599;45.0;58.79
36;Museu Frederic Marès;41.384178;2.176819;45.0;55.74
37;Museu d’Història de Catalunya - MHC;41.380852;2.185799;45.0;55.05
38;Plaça de Catalunya;41.387005;2.17003;45.0;54.74
39;Basilica of Santa Maria del Mar;41.383518;2.1818;45.0;54.45
40;Casa Martí, Els Quatre Gats ;41.385775;2.173671;45.0;52.5
41;Plaça del Rei;41.384144;2.177409;45.0;52.15
42;Palau Montaner;41.39555;2.1652;45.0;49.9
43;Àmbit;41.389328;2.163531;45.0;49.77
44;Casa Vicens;41.403442;2.150684;45.0;49.52
45;La Colmena;41.383835;2.178294;45.0;48.84
46;Museu Palmero;41.424667;2.139856;45.0;48.57
47;Museu Picasso;41.385181;2.180863;45.0;48.08
48;Fundació Fran Daurel;41.369118;2.146695;45.0;47.43
49;FINISH;41.374834;2.170055;0.0;0.0
<------------- EDGES -------------->
0;0;1;49.491;18.23
1;0;2;33.232;17.64
2;0;2;40.021;24.04
3;0;3;58.284;22.07
4;0;3;58.565;20.36
5;0;4;24.972;24.05
6;0;4;26.3;8.33
7;0;5;26.736;9.29
8;0;5;24.767;14.45
9;0;6;49.508;21.91
10;0;6;44.498;16.77
11;0;7;26.416;6.67
12;0;8;26.77;24.86
13;0;8;28.779;23.98
14;0;9;8.671;0.3
15;0;9;9.534;18.34
16;0;9;9.502;5.67
17;0;10;96.367;8.81
18;0;10;92.387;4.83
19;0;10;72.796;21.19
20;0;11;8.647;24.48
21;0;11;10.225;16.32
22;0;12;36.549;21.25
23;0;13;29.975;2.21
24;0;13;36.316;10.83
25;0;13;36.822;12.38
26;0;14;10.043;16.92
27;0;14;11.351;6.19
28;0;14;11.967;2.94
29;0;15;30.107;22.83
30;0;15;34.329;22.04
31;0;16;13.217;15.59
32;0;16;16.486;20.45
33;0;17;42.745;19.3
34;0;18;22.308;2.46
35;0;19;28.285;16.23
36;0;20;41.795;12.45
37;0;21;16.208;7.07
38;0;21;19.019;7.42
39;0;21;13.068;12.43
40;0;22;31.387;4.0
41;0;23;31.884;0.98
42;0;24;19.222;17.86
43;0;25;13.885;20.28
44;0;26;14.497;19.61
45;0;26;13.319;4.31
46;0;26;13.489;21.64
47;0;27;32.509;7.43
48;0;28;27.562;21.46
49;0;28;30.68;12.37
50;0;29;17.194;12.84
51;0;29;20.811;12.92
52;0;30;45.309;18.39
53;0;31;9.829;13.08
54;0;31;10.614;9.2
55;0;31;10.992;22.77
56;0;32;23.796;1.71
57;0;32;29.704;18.89
58;0;33;29.69;23.96
59;0;33;25.551;14.6
60;0;33;35.154;19.27
61;0;34;71.35;15.63
62;0;34;77.731;14.24
63;0;35;35.108;20.74
64;0;36;18.196;12.04
65;0;36;20.862;17.15
66;0;36;18.405;13.14
67;0;37;22.688;6.7
68;0;38;20.827;21.36
69;0;38;22.958;14.73
70;0;39;21.172;1.67
71;0;39;20.23;8.15
72;0;39;16.902;24.63
73;0;40;19.29;14.28
74;0;40;20.96;0.83
75;0;41;18.52;18.21
76;0;41;18.622;7.92
77;0;41;17.692;14.74
78;0;42;35.994;18.79
79;0;42;35.065;7.3
80;0;42;38.531;22.73
81;0;43;26.179;7.09
82;0;43;23.309;18.55
83;0;44;54.909;12.06
84;0;45;18.686;22.2
85;0;45;22.674;18.31
86;0;46;93.673;1.11
87;0;46;111.903;13.87
88;0;46;109.834;23.88
89;0;47;22.496;18.74
90;0;48;31.553;9.01
91;0;48;37.035;3.31
92;0;48;33.567;12.8
93;0;49;0.0;3.43
94;0;49;0.0;5.66
95;1;2;20.896;9.45
96;1;2;16.496;4.02
97;1;2;17.557;19.34
98;1;3;21.975;2.99
99;1;4;31.517;10.62
100;1;4;34.883;24.78
101;1;4;36.608;4.02
102;1;5;29.997;8.82
103;1;6;36.911;16.87
104;1;6;43.597;18.45
105;1;6;34.034;1.45
106;1;7;27.608;14.0
107;1;7;34.072;15.6
108;1;8;26.892;14.58
109;1;8;25.617;21.4
110;1;9;45.133;8.07
111;1;10;55.85;15.69
112;1;10;59.465;9.58
113;1;10;67.869;9.93
114;1;11;42.276;8.62
115;1;11;49.336;7.4
116;1;11;52.221;5.44
117;1;12;21.57;0.72
118;1;13;27.129;5.99
119;1;14;47.682;18.96
120;1;15;20.984;21.91
121;1;15;25.044;14.19
122;1;16;36.604;9.98
123;1;16;45.245;5.13
124;1;16;36.561;10.78
125;1;17;29.925;1.49
126;1;18;33.306;23.92
127;1;18;28.901;1.12
128;1;19;72.069;19.43
129;1;19;66.093;21.43
130;1;19;65.732;12.37
131;1;20;25.235;10.65
132;1;21;34.03;3.25
133;1;21;40.83;1.76
134;1;21;28.721;8.78
135;1;22;69.299;22.28
136;1;22;81.982;1.8
137;1;22;60.508;17.51
138;1;23;32.378;5.02
139;1;23;32.722;20.47
140;1;24;68.662;14.59
141;1;24;75.366;19.87
142;1;25;35.952;7.08
143;1;25;35.051;8.27
144;1;25;35.347;24.25
145;1;26;37.382;15.69
146;1;26;40.999;23.8
147;1;26;34.962;3.16
148;1;27;29.022;13.01
149;1;27;27.265;20.13
150;1;27;26.511;3.85
151;1;28;24.109;2.31
152;1;28;25.833;10.13
153;1;29;35.845;16.64
154;1;29;40.095;23.47
155;1;29;42.735;0.37
156;1;30;35.955;16.09
157;1;30;27.337;8.32
158;1;31;39.694;11.29
159;1;31;49.603;11.3
160;1;31;37.986;8.43
161;1;32;65.336;7.52
162;1;32;62.243;5.14
163;1;32;50.122;9.47
164;1;33;23.587;19.29
165;1;34;34.185;8.76
166;1;34;38.767;1.17
167;1;34;32.437;8.37
168;1;35;14.867;7.98
169;1;36;33.322;4.28
170;1;36;34.284;20.98
171;1;36;30.515;12.61
172;1;37;41.52;13.29
173;1;37;33.63;0.65
174;1;37;39.856;21.69
175;1;38;28.902;17.38
176;1;38;32.592;4.64
177;1;39;35.589;0.3
178;1;39;41.808;7.07
179;1;39;39.547;0.94
180;1;40;30.463;13.03
181;1;41;33.457;2.14
182;1;41;40.132;16.22
183;1;41;28.579;16.47
184;1;42;18.132;24.87
185;1;42;20.01;10.54
186;1;43;28.102;17.08
187;1;44;30.486;10.78
188;1;45;34.129;12.12
189;1;46;57.209;7.53
190;1;46;57.571;8.11
191;1;46;58.294;5.01
192;1;47;32.528;11.92
193;1;47;27.234;4.94
194;1;48;68.875;19.74
195;1;48;69.307;20.57
196;1;49;49.491;5.47
197;1;49;59.997;8.46
198;2;3;25.157;16.89
199;2;3;26.873;18.06
200;2;3;27.502;3.21
201;2;4;10.87;4.68
202;2;4;11.92;14.48
203;2;5;9.199;8.78
204;2;5;9.339;9.29
205;2;5;10.251;0.27
206;2;6;24.021;17.78
207;2;7;7.399;12.68
208;2;7;7.528;24.46
209;2;7;6.013;1.91
210;2;8;6.816;8.27
211;2;9;31.95;18.81
212;2;9;31.126;1.08
213;2;10;76.063;8.64
214;2;10;76.718;22.97
215;2;11;28.348;5.04
216;2;12;4.411;3.68
217;2;12;4.55;15.26
218;2;13;6.249;18.82
219;2;14;35.128;5.92
220;2;14;38.165;24.5
221;2;14;26.528;11.96
222;2;15;4.83;12.94
223;2;15;4.589;20.2
224;2;16;20.207;16.86
225;2;16;19.503;21.05
226;2;16;15.318;16.57
227;2;17;15.318;4.51
228;2;17;12.469;21.14
229;2;18;26.367;12.64
230;2;18;24.33;7.49
231;2;18;27.115;17.54
232;2;19;52.055;7.26
233;2;20;11.583;15.27
234;2;20;13.127;6.66
235;2;20;10.904;1.4
236;2;21;21.534;19.25
237;2;21;19.955;14.22
238;2;22;48.597;11.81
239;2;23;31.901;16.51
240;2;23;24.549;15.73
241;2;24;51.433;8.22
242;2;25;22.228;1.84
243;2;25;19.565;17.14
244;2;25;23.913;15.87
245;2;26;25.648;9.53
246;2;26;28.975;5.27
247;2;27;29.21;12.92
248;2;27;34.871;15.25
249;2;27;22.321;20.27
250;2;28;5.893;21.14
251;2;28;5.639;24.33
252;2;28;6.005;11.9
253;2;29;25.659;7.55
254;2;30;42.271;21.24
255;2;30;32.101;9.93
256;2;31;23.842;23.23
257;2;31;21.676;18.36
258;2;31;26.915;22.8
259;2;32;45.169;4.8
260;2;33;3.558;6.94
261;2;33;2.688;7.19
262;2;34;38.57;7.88
263;2;34;33.959;10.97
264;2;35;14.211;6.33
265;2;35;14.352;20.23
266;2;35;12.336;14.08
267;2;36;22.745;7.12
268;2;36;24.432;13.89
269;2;36;27.507;0.99
270;2;37;35.092;9.1
271;2;37;29.649;18.63
272;2;37;33.062;2.66
273;2;38;13.572;19.34
274;2;39;28.231;5.11
275;2;39;32.1;19.03
276;2;39;35.014;15.93
277;2;40;18.012;1.93
278;2;41;23.314;18.66
279;2;41;27.986;15.49
280;2;42;3.047;17.27
281;2;43;7.818;9.16
282;2;43;9.501;23.06
283;2;43;5.87;2.04
284;2;44;24.317;3.26
285;2;45;24.494;18.48
286;2;45;25.615;8.57
287;2;46;61.618;0.27
288;2;46;52.431;0.13
289;2;47;25.556;22.28
290;2;47;26.345;23.79
291;2;47;23.426;0.64
292;2;48;48.138;7.14
293;2;48;38.371;14.58
294;2;49;33.232;21.88
295;2;49;26.243;15.47
296;3;4;34.121;24.39
297;3;4;32.065;20.41
298;3;4;36.658;10.37
299;3;5;32.227;11.71
300;3;5;29.286;20.41
301;3;5;38.49;17.39
302;3;6;22.443;21.23
303;3;7;31.918;19.44
304;3;7;31.735;22.39
305;3;7;32.298;3.48
306;3;8;31.525;1.29
307;3;8;30.83;18.33
308;3;8;33.626;19.04
309;3;9;56.963;3.28
310;3;9;51.14;5.27
311;3;10;70.88;11.19
312;3;11;53.422;10.34
313;3;11;47.444;18.23
314;3;11;43.994;17.65
315;3;12;21.784;6.89
316;3;12;25.413;24.52
317;3;12;24.263;5.22
318;3;13;28.729;13.16
319;3;14;60.077;2.03
320;3;14;63.595;7.43
321;3;14;47.003;6.34
322;3;15;29.047;16.54
323;3;16;45.358;15.97
324;3;16;53.164;4.79
325;3;17;20.472;8.81
326;3;17;22.803;14.11
327;3;18;49.129;24.21
328;3;18;55.49;4.88
329;3;18;47.279;22.74
330;3;19;73.841;7.37
331;3;20;18.228;8.14
332;3;20;19.357;15.56
333;3;20;15.509;23.76
334;3;21;46.165;21.85
335;3;22;68.337;23.27
336;3;22;57.552;4.47
337;3;22;60.702;11.62
338;3;23;51.445;3.6
339;3;23;52.067;1.93
340;3;23;58.035;4.22
341;3;24;75.973;14.33
342;3;24;62.423;8.14
343;3;25;47.169;12.37
344;3;25;45.544;3.98
345;3;26;50.214;18.74
346;3;27;48.168;13.92
347;3;28;31.01;11.64
348;3;28;38.679;7.67
349;3;29;49.732;19.26
350;3;30;57.399;22.49
351;3;30;56.508;6.14
352;3;31;48.998;0.99
353;3;32;66.86;8.63
354;3;33;28.646;11.95
355;3;34;13.798;6.7
356;3;35;31.245;20.81
357;3;35;27.006;17.57
358;3;36;46.819;16.58
359;3;37;58.017;6.87
360;3;38;38.546;10.85
361;3;39;51.287;14.13
362;3;39;52.235;10.65
363;3;40;42.459;13.14
364;3;40;32.742;11.82
365;3;41;47.259;10.93
366;3;41;43.834;15.08
367;3;42;22.663;19.56
368;3;42;17.597;15.21
369;3;42;17.603;12.62
370;3;43;32.198;3.42
371;3;43;28.698;5.76
372;3;44;12.143;4.42
373;3;45;48.307;12.85
374;3;45;57.211;5.56
375;3;45;37.633;17.92
376;3;46;37.38;7.5
377;3;46;36.533;20.18
378;3;47;48.284;2.28
379;3;47;51.793;2.46
380;3;48;67.696;17.75
381;3;48;78.254;12.31
382;3;49;58.284;21.95
383;3;49;60.222;16.5
384;3;49;47.452;0.13
385;4;5;1.897;2.84
386;4;5;1.573;5.1
387;4;6;25.455;19.66
388;4;6;23.772;20.33
389;4;7;4.08;21.81
390;4;7;4.893;6.14
391;4;7;3.091;21.36
392;4;8;4.821;15.82
393;4;8;4.981;14.03
394;4;9;26.162;16.54
395;4;10;85.837;16.9
396;4;10;98.26;8.58
397;4;11;22.456;18.69
398;4;12;12.572;7.76
399;4;12;15.205;21.15
400;4;13;5.426;19.45
401;4;14;29.452;8.57
402;4;15;11.138;2.99
403;4;15;13.428;19.41
404;4;15;11.713;9.01
405;4;16;13.601;11.9
406;4;16;10.688;5.13
407;4;16;13.036;5.4
408;4;17;17.936;20.79
409;4;18;25.98;9.22
410;4;18;26.806;22.36
411;4;18;32.213;6.71
412;4;19;41.229;21.42
413;4;20;16.863;10.11
414;4;20;14.815;23.34
415;4;20;19.792;8.55
416;4;21;18.311;9.73
417;4;21;17.302;19.04
418;4;21;20.874;11.78
419;4;22;37.798;20.32
420;4;23;34.163;9.92
421;4;23;42.183;16.23
422;4;24;41.877;12.9
423;4;24;49.142;7.8
424;4;25;17.728;2.72
425;4;25;16.072;16.74
426;4;25;21.929;22.21
427;4;26;22.003;18.87
428;4;27;32.276;12.62
429;4;28;8.231;10.46
430;4;29;23.19;16.12
431;4;30;46.565;8.53
432;4;30;39.19;3.36
433;4;31;17.004;21.76
434;4;31;20.09;22.63
435;4;32;34.321;12.43
436;4;33;7.941;9.61
437;4;34;46.677;3.07
438;4;34;49.746;16.31
439;4;35;21.734;0.71
440;4;35;24.569;19.46
441;4;36;20.726;14.02
442;4;36;24.144;5.13
443;4;36;17.655;0.88
444;4;37;33.502;7.92
445;4;37;31.919;11.53
446;4;37;28.903;22.03
447;4;38;11.104;5.64
448;4;38;9.815;19.13
449;4;38;10.913;2.02
450;4;39;27.172;1.67
451;4;39;21.404;12.14
452;4;40;16.093;4.73
453;4;40;14.071;14.28
454;4;40;15.719;14.65
455;4;41;21.465;17.7
456;4;41;20.668;20.28
457;4;42;13.895;17.18
458;4;42;15.52;24.19
459;4;42;13.318;18.32
460;4;43;3.57;17.41
461;4;43;3.596;8.8
462;4;44;29.941;12.28
463;4;45;22.709;1.83
464;4;46;68.717;16.68
465;4;46;57.669;17.51
466;4;46;70.976;17.95
467;4;47;25.339;4.11
468;4;47;27.504;12.17
469;4;48;37.362;22.38
470;4;48;43.772;10.99
471;4;49;24.972;20.98
472;5;6;24.134;15.11
473;5;6;27.887;17.5
474;5;7;3.248;15.02
475;5;8;3.909;2.11
476;5;8;3.803;1.73
477;5;9;27.607;19.07
478;5;9;24.072;6.0
479;5;9;31.53;2.98
480;5;10;84.631;6.16
481;5;10;84.118;7.76
482;5;10;76.727;0.67
483;5;11;23.89;24.74
484;5;11;27.668;21.56
485;5;11;25.153;16.65
486;5;12;10.686;18.67
487;5;12;12.384;17.17
488;5;12;10.295;9.06
489;5;13;3.532;4.69
490;5;13;3.07;1.47
491;5;13;3.107;3.78
492;5;14;30.9;2.06
493;5;15;10.054;2.71
494;5;15;9.006;4.04
495;5;15;12.174;4.31
496;5;16;15.035;24.65
497;5;17;16.368;19.68
498;5;17;13.569;0.63
499;5;18;26.558;13.8
500;5;18;29.274;22.19
501;5;18;24.679;6.18
502;5;19;43.017;22.95
503;5;20;15.062;24.34
504;5;20;18.252;15.96
505;5;20;18.407;19.39
506;5;21;19.252;16.15
507;5;21;18.822;5.49
508;5;22;39.399;15.99
509;5;22;46.209;0.25
510;5;22;47.764;13.54
511;5;23;34.368;9.27
512;5;23;33.219;7.58
513;5;24;43.764;1.45
514;5;24;39.744;18.33
515;5;24;34.448;11.08
516;5;25;18.879;2.71
517;5;25;20.997;7.75
518;5;25;18.65;17.74
519;5;26;23.075;22.09
520;5;26;21.399;2.35
521;5;26;27.823;2.6
522;5;27;32.326;1.58
523;5;27;34.004;7.42
524;5;28;7.406;9.21
525;5;29;24.083;15.43
526;5;29;24.444;7.53
527;5;29;28.258;0.68
528;5;30;46.477;9.38
529;5;30;46.496;4.77
530;5;30;43.964;20.54
531;5;31;18.528;2.2
532;5;31;13.908;14.53
533;5;32;36.092;14.12
534;5;33;6.556;7.29
535;5;33;6.902;7.36
536;5;34;44.819;6.22
537;5;34;41.395;18.61
538;5;34;53.683;8.65
539;5;35;20.863;19.4
540;5;36;21.505;21.92
541;5;36;20.004;14.9
542;5;36;26.429;0.37
543;5;37;34.348;9.48
544;5;37;36.943;3.32
545;5;37;40.562;15.43
546;5;38;11.648;20.6
547;5;38;11.368;15.66
548;5;39;27.876;22.72
549;5;39;27.196;14.04
550;5;39;34.028;1.27
551;5;40;16.748;8.93
552;5;40;15.69;16.88
553;5;41;22.227;4.49
554;5;42;12.186;18.34
555;5;43;2.82;22.94
556;5;43;2.406;20.49
557;5;44;28.214;20.53
558;5;45;23.479;21.94
559;5;46;66.937;13.57
560;5;46;54.787;1.94
561;5;46;75.326;6.62
562;5;47;25.88;6.41
563;5;48;38.943;5.96
564;5;48;42.96;4.69
565;5;49;26.736;20.07
566;6;7;26.164;22.27
567;6;8;26.323;12.45
568;6;8;22.279;8.5
569;6;9;51.604;18.94
570;6;9;62.796;4.61
571;6;9;60.727;7.44
572;6;10;91.357;23.42
573;6;11;47.906;24.0
574;6;11;36.972;6.65
575;6;12;19.858;14.39
576;6;12;24.107;20.43
577;6;12;18.181;11.35
578;6;13;22.112;0.68
579;6;14;54.891;15.57
580;6;14;52.805;5.94
581;6;14;42.511;13.97
582;6;15;28.717;20.94
583;6;15;21.73;20.55
584;6;15;23.563;13.44
585;6;16;39.055;13.07
586;6;17;8.703;17.89
587;6;18;49.686;16.26
588;6;18;45.361;15.61
589;6;19;57.108;12.23
590;6;20;12.957;10.69
591;6;20;12.867;7.1
592;6;21;43.212;17.25
593;6;21;34.645;20.7
594;6;22;49.934;6.4
595;6;22;41.056;18.0
596;6;23;55.908;20.4
597;6;23;61.983;15.3
598;6;23;56.161;5.22
599;6;24;63.856;0.14
600;6;24;58.527;22.81
601;6;25;42.999;10.5
602;6;26;47.14;19.25
603;6;26;50.762;9.19
604;6;26;50.975;1.49
605;6;27;53.228;14.94
606;6;27;52.422;10.62
607;6;28;28.38;8.66
608;6;29;47.93;9.25
609;6;29;41.384;6.75
610;6;30;65.986;9.4
611;6;30;69.179;0.79
612;6;31;42.406;10.3
613;6;31;35.41;13.02
614;6;31;52.51;23.31
615;6;32;50.417;12.7
616;6;32;40.638;19.38
617;6;32;38.374;22.53
618;6;33;25.655;15.05
619;6;34;28.838;8.0
620;6;35;37.429;17.69
621;6;35;37.858;23.41
622;6;36;45.195;12.56
623;6;36;35.912;0.06
624;6;36;38.305;17.07
625;6;37;58.016;23.02
626;6;37;63.612;16.93
627;6;38;35.236;7.3
628;6;39;51.304;8.13
629;6;39;57.941;23.69
630;6;39;55.709;13.73
631;6;40;40.323;21.77
632;6;40;47.103;4.19
633;6;41;45.875;8.53
634;6;42;24.068;5.91
635;6;43;26.07;5.49
636;6;43;30.698;1.22
637;6;44;10.835;11.37
638;6;44;10.96;13.89
639;6;45;47.122;7.1
640;6;45;54.955;16.74
641;6;45;49.944;2.4
642;6;46;46.711;12.5
643;6;47;48.924;1.1
644;6;48;49.181;7.5
645;6;48;49.025;2.21
646;6;49;49.508;21.69
647;6;49;52.1;19.96
648;7;8;0.742;13.01
649;7;8;0.786;0.92
650;7;9;26.27;13.88
651;7;9;28.84;7.12
652;7;9;31.128;11.6
653;7;10;81.758;23.77
654;7;10;91.515;8.41
655;7;11;22.563;21.13
656;7;11;26.7;22.27
657;7;12;10.142;24.02
658;7;12;12.605;1.28
659;7;12;9.115;5.3
660;7;13;4.095;18.66
661;7;13;3.688;19.15
662;7;14;29.545;7.36
663;7;15;7.058;8.87
664;7;15;6.1;24.9
665;7;15;6.943;5.67
666;7;16;13.879;15.52
667;7;16;16.481;20.15
668;7;16;11.393;7.16
669;7;17;17.955;9.66
670;7;18;23.844;12.32
671;7;18;28.142;5.56
672;7;18;19.299;6.46
673;7;19;44.765;21.87
674;7;19;41.094;5.91
675;7;19;38.036;6.29
676;7;20;15.826;13.19
677;7;20;13.311;24.82
678;7;21;17.062;9.66
679;7;21;13.202;2.8
680;7;21;13.881;11.9
681;7;22;41.697;16.16
682;7;22;42.963;12.96
683;7;22;43.47;2.87
684;7;23;31.323;19.29
685;7;23;27.462;15.41
686;7;23;31.43;9.42
687;7;24;44.213;3.47
688;7;24;45.617;12.75
689;7;24;48.394;20.53
690;7;25;17.04;4.6
691;7;26;21.044;4.84
692;7;27;29.198;1.51
693;7;27;30.433;15.09
694;7;27;27.088;17.32
695;7;28;4.209;1.71
696;7;29;21.767;9.9
697;7;29;26.488;11.79
698;7;29;25.329;1.36
699;7;30;43.283;18.52
700;7;30;32.723;21.18
701;7;30;46.942;10.25
702;7;31;17.511;3.08
703;7;31;15.889;12.11
704;7;31;20.928;24.8
705;7;32;37.919;8.86
706;7;33;4.071;7.46
707;7;33;4.707;0.12
708;7;34;44.946;14.68
709;7;34;49.809;23.84
710;7;35;17.719;10.6
711;7;35;20.895;3.94
712;7;35;20.396;21.2
713;7;36;19.06;8.31
714;7;36;20.187;10.37
715;7;37;31.911;13.98
716;7;37;32.807;22.46
717;7;37;33.583;21.73
718;7;38;9.092;7.52
719;7;39;25.295;7.95
720;7;39;26.295;17.22
721;7;40;14.209;21.88
722;7;40;12.519;19.19
723;7;40;15.773;22.95
724;7;41;19.755;19.51
725;7;41;15.44;12.04
726;7;42;10.435;24.33
727;7;42;12.574;5.53
728;7;42;9.924;9.45
729;7;43;0.51;22.03
730;7;43;0.422;10.64
731;7;43;0.627;21.18
732;7;44;29.148;6.46
733;7;44;32.464;9.96
734;7;45;21.006;11.6
735;7;45;25.735;19.82
736;7;45;25.019;9.38
737;7;46;67.512;4.1
738;7;47;23.133;15.16
739;7;48;41.284;1.49
740;7;48;47.627;17.6
741;7;48;39.144;7.56
742;7;49;26.416;15.7
743;7;49;24.699;13.55
744;7;49;26.426;9.79
745;8;9;26.395;16.95
746;8;9;23.282;21.83
747;8;10;81.016;18.12
748;8;11;22.698;5.4
749;8;11;22.675;8.01
750;8;12;9.785;13.78
751;8;13;4.211;4.46
752;8;13;4.568;23.8
753;8;13;5.024;12.83
754;8;14;29.659;2.57
755;8;15;6.317;1.76
756;8;15;6.045;21.58
757;8;15;7.754;18.68
758;8;16;14.092;2.47
759;8;17;18.021;23.35
760;8;17;13.639;23.34
761;8;18;23.546;17.03
762;8;19;45.434;23.83
763;8;20;15.707;12.26
764;8;21;16.968;1.65
765;8;21;19.377;7.65
766;8;21;19.136;5.11
767;8;22;42.419;4.57
768;8;23;30.866;23.08
769;8;24;44.693;15.83
770;8;25;17.054;7.64
771;8;25;16.703;6.51
772;8;26;20.987;16.63
773;8;27;28.693;0.19
774;8;27;25.237;18.08
775;8;27;23.409;8.59
776;8;28;3.504;9.06
777;8;29;21.618;8.27
778;8;29;20.748;16.31
779;8;30;42.726;9.44
780;8;30;37.624;21.98
781;8;31;17.738;17.54
782;8;32;38.599;9.78
783;8;32;43.91;14.83
784;8;32;33.793;15.75
785;8;33;3.402;0.31
786;8;34;44.63;7.72
787;8;35;17.0;18.13
788;8;35;17.724;15.06
789;8;36;18.873;5.5
790;8;36;22.449;23.96
791;8;37;31.705;1.58
792;8;37;36.482;11.62
793;8;38;8.916;23.6
794;8;39;25.046;8.64
795;8;39;23.975;3.97
796;8;40;14.003;15.42
797;8;40;15.671;20.91
798;8;41;19.555;21.82
799;8;41;18.817;15.1
800;8;41;17.06;17.25
801;8;42;9.834;6.89
802;8;42;11.769;8.27
803;8;42;7.705;10.1
804;8;43;1.252;21.56
805;8;43;1.116;19.9
806;8;44;29.026;10.37
807;8;44;24.673;13.38
808;8;44;23.667;20.77
809;8;45;20.804;11.64
810;8;45;25.987;0.05
811;8;46;67.282;21.82
812;8;47;22.821;15.46
813;8;47;28.208;24.6
814;8;48;42.008;17.08
815;8;48;47.945;19.66
816;8;48;31.903;17.94
817;8;49;26.77;0.68
818;8;49;29.773;5.91
819;9;10;88.962;23.58
820;9;11;3.72;6.13
821;9;11;2.902;3.82
822;9;11;4.236;19.51
823;9;12;35.886;20.02
824;9;13;30.277;24.53
825;9;14;3.293;21.2
826;9;15;27.936;17.2
827;9;16;12.574;0.29
828;9;17;43.961;3.19
829;9;18;14.61;4.1
830;9;19;36.867;17.75
831;9;19;38.485;25.0
832;9;19;44.029;15.37
833;9;20;42.092;0.59
834;9;20;38.924;5.36
835;9;20;48.578;22.23
836;9;21;11.214;12.66
837;9;22;39.983;1.37
838;9;22;48.626;1.47
839;9;22;36.388;17.07
840;9;23;23.636;13.48
841;9;23;23.335;9.17
842;9;23;20.888;4.75
843;9;24;25.626;22.7
844;9;24;21.321;8.96
845;9;24;28.496;1.12
846;9;25;9.808;19.72
847;9;25;10.764;10.56
848;9;26;7.829;7.26
849;9;26;6.807;2.18
850;9;27;24.63;5.6
851;9;27;20.682;0.43
852;9;28;26.057;8.32
853;9;29;9.971;20.21
854;9;29;12.268;6.76
855;9;29;7.795;8.44
856;9;30;36.838;9.16
857;9;31;9.237;21.94
858;9;32;32.461;20.89
859;9;32;28.657;19.19
860;9;33;28.64;10.64
861;9;33;35.135;20.72
862;9;33;24.892;5.35
863;9;34;70.506;21.09
864;9;34;85.839;4.2
865;9;34;88.046;21.06
866;9;35;30.3;8.2
867;9;35;27.15;23.96
868;9;36;11.952;7.65
869;9;36;12.481;6.65
870;9;37;14.02;24.82
871;9;37;12.179;3.44
872;9;37;11.069;20.97
873;9;38;18.422;4.65
874;9;38;17.981;7.34
875;9;39;13.091;24.87
876;9;39;15.33;24.08
877;9;40;14.945;12.66
878;9;40;15.927;16.65
879;9;40;12.736;8.59
880;9;41;11.984;23.43
881;9;41;12.216;24.24
882;9;41;13.166;11.29
883;9;42;34.301;2.55
884;9;42;37.211;3.06
885;9;42;37.351;23.17
886;9;43;26.193;18.42
887;9;43;24.038;21.9
888;9;43;24.956;6.75
889;9;44;55.415;6.73
890;9;44;46.644;9.82
891;9;45;11.693;18.51
892;9;45;9.236;3.92
893;9;45;10.548;6.33
894;9;46;93.521;8.19
895;9;47;14.979;18.98
896;9;47;12.943;14.91
897;9;48;40.119;21.31
898;9;48;49.784;16.69
899;9;49;8.671;10.13
900;10;11;87.759;5.29
901;10;12;77.35;17.3
902;10;12;94.737;15.96
903;10;12;91.747;4.16
904;10;13;82.258;20.23
905;10;13;61.772;10.63
906;10;14;90.019;21.75
907;10;14;102.968;11.02
908;10;14;100.261;18.88
909;10;15;74.701;11.31
910;10;15;84.544;0.62
911;10;16;86.088;2.41
912;10;16;98.817;17.97
913;10;16;66.172;24.3
914;10;17;85.388;11.58
915;10;17;100.152;17.6
916;10;18;74.36;19.57
917;10;18;78.861;22.71
918;10;18;70.84;10.82
919;10;19;123.244;7.85
920;10;19;120.102;5.58
921;10;20;80.83;1.98
922;10;20;84.7;6.92
923;10;21;80.517;10.72
924;10;21;73.427;9.12
925;10;21;89.242;13.66
926;10;22;122.504;15.96
927;10;22;120.051;14.37
928;10;22;144.809;3.8
929;10;23;66.004;19.73
930;10;24;114.568;19.79
931;10;25;82.997;11.36
932;10;25;86.587;9.61
933;10;26;81.894;13.0
934;10;26;67.89;15.86
935;10;27;64.423;24.24
936;10;27;61.837;12.64
937;10;27;54.9;4.85
938;10;28;77.694;11.01
939;10;28;85.395;7.35
940;10;28;71.939;19.78
941;10;29;79.27;17.86
942;10;29;96.856;16.15
943;10;30;55.48;15.12
944;10;30;62.747;19.49
945;10;31;87.948;22.24
946;10;31;69.545;1.84
947;10;31;80.213;8.33
948;10;32;117.144;4.0
949;10;33;78.082;19.93
950;10;33;74.946;8.07
951;10;34;75.592;20.39
952;10;35;64.575;19.91
953;10;35;64.438;12.58
954;10;35;62.634;15.06
955;10;36;78.211;5.42
956;10;37;77.822;8.35
957;10;37;79.37;2.6
958;10;37;86.569;12.39
959;10;38;79.476;2.89
960;10;39;75.941;10.71
961;10;39;78.173;20.76
962;10;39;90.132;4.34
963;10;40;78.248;22.85
964;10;40;72.684;17.6
965;10;40;69.259;5.82
966;10;41;77.853;11.5
967;10;41;65.348;3.97
968;10;42;73.607;19.49
969;10;42;73.046;6.02
970;10;42;90.908;5.95
971;10;43;82.268;7.88
972;10;44;82.622;20.35
973;10;44;94.78;20.44
974;10;44;79.424;15.51
975;10;45;77.704;14.14
976;10;45;82.316;2.3
977;10;46;89.77;7.35
978;10;46;101.247;6.36
979;10;46;82.62;16.09
980;10;47;74.04;16.02
981;10;47;67.355;23.03
982;10;48;122.224;2.42
983;10;48;105.918;7.81
984;10;49;96.367;3.91
985;10;49;80.86;9.2
986;11;12;32.233;3.47
987;11;12;25.772;19.46
988;11;12;25.66;21.32
989;11;13;26.561;21.53
990;11;13;24.081;21.43
991;11;14;7.011;18.84
992;11;14;6.789;17.85
993;11;14;6.552;11.87
994;11;15;24.444;16.95
995;11;15;21.6;11.37
996;11;15;20.162;12.64
997;11;16;8.861;7.42
998;11;16;9.235;7.42
999;11;17;40.242;0.18
1000;11;18;13.682;8.24
1001;11;18;15.227;2.99
1002;11;18;16.001;20.1
1003;11;19;36.692;0.14
1004;11;19;44.937;14.21
1005;11;20;38.387;7.22
1006;11;21;8.264;22.45
1007;11;22;38.904;19.52
1008;11;23;23.397;22.9
1009;11;23;19.228;7.29
1010;11;24;27.272;14.75
1011;11;24;23.16;24.96
1012;11;25;6.44;4.93
1013;11;25;6.204;19.12
1014;11;25;6.621;14.73
1015;11;26;5.865;18.41
1016;11;26;6.848;2.85
1017;11;26;6.687;1.71
1018;11;27;23.885;11.46
1019;11;27;20.836;5.29
1020;11;27;22.181;12.01
1021;11;28;22.457;10.06
1022;11;28;18.019;10.88
1023;11;29;8.547;13.36
1024;11;30;36.967;8.18
1025;11;30;30.99;15.69
1026;11;30;42.557;12.31
1027;11;31;5.626;15.42
1028;11;31;5.855;13.6
1029;11;32;31.73;3.31
1030;11;33;25.001;18.88
1031;11;33;19.867;23.84
1032;11;33;22.499;8.67
1033;11;34;66.918;16.14
1034;11;34;63.663;15.75
1035;11;35;27.548;23.95
1036;11;35;29.257;9.39
1037;11;35;30.869;19.31
1038;11;36;9.733;9.91
1039;11;37;15.381;15.19
1040;11;37;18.864;1.56
1041;11;38;14.887;10.62
1042;11;38;17.292;11.74
1043;11;39;12.678;7.44
1044;11;40;11.84;16.79
1045;11;41;9.975;3.39
1046;11;41;9.056;13.74
1047;11;42;30.763;11.14
1048;11;42;31.483;8.93
1049;11;42;26.923;2.73
1050;11;43;22.48;21.22
1051;11;43;20.39;14.14
1052;11;43;24.276;16.46
1053;11;44;51.71;4.23
1054;11;45;10.056;14.31
1055;11;45;7.959;3.27
1056;11;46;89.874;7.43
1057;11;46;109.057;15.11
1058;11;46;99.642;15.61
1059;11;47;13.852;3.5
1060;11;47;15.738;1.12
1061;11;47;16.317;1.35
1062;11;48;38.963;5.66
1063;11;49;8.647;21.61
1064;11;49;7.655;15.34
1065;11;49;7.751;3.31
1066;12;13;7.159;14.24
1067;12;14;39.107;1.45
1068;12;14;48.574;2.72
1069;12;14;48.039;4.29
1070;12;15;9.238;4.12
1071;12;15;10.969;20.92
1072;12;16;23.809;14.03
1073;12;16;23.518;7.25
1074;12;16;26.421;5.11
1075;12;17;11.195;15.93
1076;12;17;13.285;18.72
1077;12;17;12.334;8.51
1078;12;18;30.776;20.07
1079;12;18;26.108;16.75
1080;12;19;53.504;1.48
1081;12;19;61.176;12.81
1082;12;20;7.199;3.69
1083;12;20;6.03;1.61
1084;12;20;7.083;21.49
1085;12;21;25.735;22.8
1086;12;21;27.669;19.58
1087;12;22;49.291;18.16
1088;12;22;56.611;21.51
1089;12;23;36.182;0.02
1090;12;23;28.779;1.54
1091;12;24;54.245;15.2
1092;12;25;26.271;6.82
1093;12;25;19.996;5.14
1094;12;26;29.848;14.28
1095;12;26;28.269;16.82
1096;12;27;33.419;17.45
1097;12;28;9.975;1.96
1098;12;28;9.715;2.38
1099;12;28;8.207;0.23
1100;12;29;29.973;21.8
1101;12;30;46.181;10.95
1102;12;31;27.463;5.63
1103;12;32;46.542;3.0
1104;12;33;7.264;15.66
1105;12;33;7.846;9.23
1106;12;34;34.854;0.42
1107;12;34;33.762;5.76
1108;12;34;35.156;21.2
1109;12;35;17.743;7.63
1110;12;35;16.252;20.51
1111;12;35;18.31;11.72
1112;12;36;27.071;18.71
1113;12;36;24.996;14.4
1114;12;37;39.488;22.55
1115;12;38;17.667;23.43
1116;12;38;17.481;20.74
1117;12;38;17.661;23.81
1118;12;39;32.631;5.06
1119;12;39;27.658;18.63
1120;12;40;22.291;17.35
1121;12;41;27.657;17.49
1122;12;42;4.41;22.08
1123;12;43;10.414;16.12
1124;12;43;8.436;21.34
1125;12;43;8.879;3.88
1126;12;44;19.964;0.2
1127;12;44;23.338;17.27
1128;12;45;28.847;24.68
1129;12;45;32.364;7.17
1130;12;46;57.641;7.5
1131;12;47;29.967;15.54
1132;12;48;48.768;6.7
1133;12;49;36.549;13.54
1134;13;14;33.559;22.68
1135;13;15;8.554;24.77
1136;13;15;8.525;5.54
1137;13;15;6.727;13.23
1138;13;16;17.796;8.77
1139;13;16;18.139;1.48
1140;13;16;16.967;20.55
1141;13;17;13.861;4.79
1142;13;17;15.4;14.74
1143;13;17;11.073;16.23
1144;13;18;27.714;2.82
1145;13;18;22.681;14.75
1146;13;18;31.637;21.55
1147;13;19;46.439;24.35
1148;13;19;50.216;7.34
1149;13;19;42.682;6.94
1150;13;20;11.906;22.01
1151;13;21;21.146;23.78
1152;13;22;42.562;0.92
1153;13;22;50.971;12.18
1154;13;23;34.77;0.56
1155;13;23;30.928;10.67
1156;13;23;36.958;0.52
1157;13;24;47.246;15.97
1158;13;25;21.127;24.35
1159;13;25;22.544;8.55
1160;13;26;25.137;11.69
1161;13;26;26.74;8.34
1162;13;26;31.198;18.38
1163;13;27;32.459;20.4
1164;13;27;31.367;14.39
1165;13;28;6.815;16.64
1166;13;28;7.249;24.28
1167;13;28;5.878;16.3
1168;13;29;25.823;16.86
1169;13;29;31.442;15.61
1170;13;29;25.729;20.46
1171;13;30;46.263;1.73
1172;13;31;21.391;17.92
1173;13;31;23.479;15.78
1174;13;32;39.495;15.64
1175;13;33;4.728;17.92
1176;13;33;5.584;2.86
1177;13;33;4.527;10.97
1178;13;34;41.435;13.84
1179;13;35;19.386;22.59
1180;13;35;19.629;8.25
1181;13;36;23.084;24.47
1182;13;36;20.043;10.73
1183;13;37;35.915;12.0
1184;13;37;44.735;12.92
1185;13;37;36.146;18.39
1186;13;38;13.124;20.74
1187;13;39;29.244;12.27
1188;13;39;33.991;11.35
1189;13;40;18.214;9.05
1190;13;41;23.766;22.27
1191;13;42;9.057;21.91
1192;13;42;6.862;8.65
1193;13;42;10.61;3.19
1194;13;43;4.094;10.79
1195;13;44;25.197;18.55
1196;13;44;18.906;24.8
1197;13;44;25.28;9.75
1198;13;45;25.015;8.27
1199;13;45;25.45;5.74
1200;13;46;63.744;0.82
1201;13;47;26.979;4.44
1202;13;47;23.998;21.0
1203;13;48;42.077;24.53
1204;13;49;29.975;5.88
1205;13;49;30.309;23.72
1206;13;49;29.466;3.04
1207;14;15;31.032;6.06
1208;14;15;32.823;22.77
1209;14;16;15.867;9.31
1210;14;16;15.463;5.36
1211;14;16;13.633;12.89
1212;14;17;47.253;22.94
1213;14;17;54.095;17.31
1214;14;18;16.005;22.56
1215;14;18;18.935;22.62
1216;14;19;37.461;1.87
1217;14;19;36.093;18.77
1218;14;19;32.941;13.63
1219;14;20;45.361;19.53
1220;14;20;47.696;23.86
1221;14;20;52.975;15.48
1222;14;21;14.076;0.61
1223;14;22;41.315;3.46
1224;14;22;49.178;16.22
1225;14;23;24.198;24.35
1226;14;23;26.118;21.0
1227;14;24;24.677;9.84
1228;14;24;24.169;21.33
1229;14;24;29.926;23.21
1230;14;25;12.916;2.36
1231;14;25;15.73;21.63
1232;14;25;13.186;14.22
1233;14;26;10.329;16.56
1234;14;26;8.87;22.39
1235;14;26;10.08;14.78
1236;14;27;25.602;12.78
1237;14;27;25.081;21.1
1238;14;27;20.05;16.51
1239;14;28;29.241;3.49
1240;14;28;26.558;21.39
1241;14;28;34.015;11.09
1242;14;29;11.984;3.12
1243;14;29;12.114;14.94
1244;14;29;11.934;16.34
1245;14;30;36.905;14.11
1246;14;30;33.634;9.41
1247;14;31;12.504;5.53
1248;14;32;33.565;19.06
1249;14;32;31.768;12.85
1250;14;32;40.933;13.27
1251;14;33;31.852;17.35
1252;14;33;29.144;6.27
1253;14;33;30.239;7.62
1254;14;34;73.659;7.68
1255;14;34;84.928;20.12
1256;14;35;32.816;14.38
1257;14;36;14.361;5.78
1258;14;36;12.659;5.11
1259;14;36;17.182;12.87
1260;14;37;13.441;7.7
1261;14;37;12.056;1.64
1262;14;37;14.193;23.93
1263;14;38;21.57;24.13
1264;14;39;14.161;23.34
1265;14;40;17.835;7.13
1266;14;40;19.082;24.16
1267;14;40;15.968;6.48
1268;14;41;14.258;7.83
1269;14;41;16.116;1.35
1270;14;41;10.891;21.55
1271;14;42;37.425;20.86
1272;14;42;37.024;1.03
1273;14;43;29.473;2.26
1274;14;43;30.741;20.97
1275;14;43;23.093;18.13
1276;14;44;58.683;22.62
1277;14;44;62.295;6.89
1278;14;45;13.739;11.13
1279;14;45;13.452;16.52
1280;14;45;13.721;3.0
1281;14;46;96.727;1.28
1282;14;47;16.512;20.79
1283;14;47;18.157;4.29
1284;14;47;18.43;4.63
1285;14;48;41.514;18.61
1286;14;48;50.735;12.99
1287;14;48;51.026;4.38
1288;14;49;10.043;23.39
1289;14;49;9.804;4.46
1290;15;16;16.893;24.12
1291;15;16;17.283;12.66
1292;15;17;20.023;1.87
1293;15;17;23.803;13.83
1294;15;18;21.555;5.62
1295;15;18;18.222;20.28
1296;15;18;18.822;1.31
1297;15;19;51.088;20.48
1298;15;19;41.56;10.01
1299;15;19;56.452;13.92
1300;15;20;16.41;23.56
1301;15;20;20.029;13.93
1302;15;20;12.896;10.07
1303;15;21;17.161;19.9
1304;15;21;16.568;10.08
1305;15;21;13.645;17.57
1306;15;22;48.521;5.87
1307;15;22;56.846;6.05
1308;15;23;27.199;3.2
1309;15;23;23.212;13.19
1310;15;24;48.824;5.08
1311;15;25;18.132;1.91
1312;15;26;21.248;24.48
1313;15;27;24.601;1.96
1314;15;27;22.669;19.57
1315;15;27;21.487;2.31
1316;15;28;3.134;17.56
1317;15;28;2.836;24.98
1318;15;28;3.896;0.24
1319;15;29;21.053;11.31
1320;15;29;16.601;9.1
1321;15;29;24.213;9.78
1322;15;30;37.998;5.03
1323;15;30;37.591;13.27
1324;15;30;37.555;16.77
1325;15;31;20.413;8.57
1326;15;31;24.492;4.51
1327;15;32;44.354;4.41
1328;15;32;53.218;0.4
1329;15;33;3.827;10.45
1330;15;33;3.599;16.67
1331;15;34;42.679;9.27
1332;15;34;32.261;24.37
1333;15;35;10.896;8.5
1334;15;35;13.134;5.37
1335;15;35;10.908;15.29
1336;15;36;18.125;5.55
1337;15;37;30.314;17.06
1338;15;37;30.235;3.94
1339;15;37;36.524;24.9
1340;15;38;9.569;3.72
1341;15;39;23.447;16.84
1342;15;39;25.394;17.03
1343;15;40;13.515;14.36
1344;15;40;13.085;19.57
1345;15;41;18.66;18.02
1346;15;41;20.691;14.31
1347;15;42;6.439;5.19
1348;15;42;7.253;20.84
1349;15;43;7.568;23.03
1350;15;44;29.071;12.2
1351;15;45;19.813;11.72
1352;15;45;17.32;7.92
1353;15;46;65.94;6.23
1354;15;47;20.74;24.44
1355;15;47;22.219;4.06
1356;15;48;48.137;14.1
1357;15;48;37.707;7.78
1358;15;49;30.107;0.22
1359;15;49;33.287;17.0
1360;16;17;31.396;3.25
1361;16;17;25.309;15.06
1362;16;18;15.908;1.23
1363;16;18;12.331;24.52
1364;16;18;16.781;14.49
1365;16;19;37.171;17.15
1366;16;19;42.421;6.92
1367;16;19;30.6;10.29
1368;16;20;29.679;20.52
1369;16;21;7.096;18.38
1370;16;22;37.096;3.83
1371;16;23;25.71;23.65
1372;16;23;28.179;21.67
1373;16;24;32.138;13.25
1374;16;24;33.998;2.54
1375;16;25;5.192;18.44
1376;16;26;9.425;12.79
1377;16;26;7.088;1.92
1378;16;26;8.718;18.61
1379;16;27;25.006;10.91
1380;16;27;28.979;13.82
1381;16;27;27.471;17.15
1382;16;28;14.425;22.42
1383;16;28;16.449;16.99
1384;16;28;16.639;7.05
1385;16;29;11.496;9.21
1386;16;29;9.999;18.61
1387;16;29;10.401;8.06
1388;16;30;39.32;18.55
1389;16;30;46.151;1.35
1390;16;30;47.499;14.77
1391;16;31;3.653;18.97
1392;16;31;3.754;13.25
1393;16;31;2.763;3.65
1394;16;32;31.108;8.81
1395;16;32;36.747;17.87
1396;16;33;16.717;3.19
1397;16;34;58.65;8.08
1398;16;34;60.622;12.09
1399;16;35;22.715;15.89
1400;16;36;10.118;0.22
1401;16;36;10.214;0.45
1402;16;36;9.172;16.1
1403;16;37;21.444;11.41
1404;16;37;19.396;18.19
1405;16;37;21.777;3.89
1406;16;38;7.716;16.61
1407;16;39;16.203;14.45
1408;16;40;7.937;12.47
1409;16;40;8.474;4.83
1410;16;40;7.638;19.21
1411;16;41;10.833;7.06
1412;16;42;22.872;20.16
1413;16;42;27.712;13.11
1414;16;42;17.656;2.53
1415;16;43;13.75;17.77
1416;16;44;42.989;4.18
1417;16;44;52.151;16.16
1418;16;44;53.489;7.31
1419;16;45;11.825;24.24
1420;16;45;13.271;0.98
1421;16;45;9.271;4.71
1422;16;46;81.373;24.45
1423;16;46;82.511;0.57
1424;16;46;79.754;4.42
1425;16;47;15.584;10.89
1426;16;48;36.957;10.53
1427;16;48;40.214;6.57
1428;16;48;28.14;3.73
1429;16;49;13.217;10.1
1430;16;49;16.296;23.21
1431;17;18;41.135;3.73
1432;17;18;33.871;16.87
1433;17;18;49.137;17.6
1434;17;19;54.067;5.14
1435;17;19;57.123;4.94
1436;17;20;4.753;5.73
1437;17;21;34.989;21.49
1438;17;21;29.337;17.78
1439;17;21;28.148;14.11
1440;17;22;48.041;19.41
1441;17;22;45.826;12.87
1442;17;22;51.815;15.83
1443;17;23;47.207;20.52
1444;17;23;57.137;4.52
1445;17;24;58.488;13.01
1446;17;25;34.976;4.7
1447;17;25;30.861;5.34
1448;17;25;33.419;3.33
1449;17;26;38.996;17.41
1450;17;26;33.898;22.14
1451;17;27;44.526;5.44
1452;17;28;19.811;7.64
1453;17;28;15.447;14.64
1454;17;29;39.61;16.49
1455;17;29;34.041;11.38
1456;17;29;34.353;14.5
1457;17;30;57.371;9.58
1458;17;31;34.894;22.52
1459;17;31;33.703;7.27
1460;17;32;47.145;7.27
1461;17;33;17.05;9.1
1462;17;33;18.6;15.6
1463;17;34;30.638;12.92
1464;17;34;30.406;13.66
1465;17;35;28.875;22.67
1466;17;36;36.819;8.9
1467;17;36;45.542;8.64
1468;17;36;38.22;14.91
1469;17;37;49.578;15.87
1470;17;37;58.493;20.72
1471;17;37;37.633;0.17
1472;17;38;26.913;21.46
1473;17;38;29.405;1.92
1474;17;39;42.813;24.83
1475;17;39;51.976;16.39
1476;17;39;33.798;11.81
1477;17;40;31.94;7.21
1478;17;40;38.633;0.81
1479;17;41;37.478;12.42
1480;17;41;37.834;8.22
1481;17;42;15.483;2.82
1482;17;42;13.693;13.86
1483;17;43;17.931;20.43
1484;17;43;15.209;12.01
1485;17;43;20.672;1.91
1486;17;44;12.521;17.92
1487;17;45;38.716;17.8
1488;17;45;41.286;0.39
1489;17;46;51.357;1.99
1490;17;46;40.213;20.12
1491;17;46;62.825;6.46
1492;17;47;40.36;17.72
1493;17;47;48.164;5.89
1494;17;47;32.093;24.98
1495;17;48;47.374;18.11
1496;17;48;42.542;11.83
1497;17;49;42.745;19.19
1498;17;49;41.524;20.49
1499;17;49;40.745;6.69
1500;18;19;50.305;16.41
1501;18;19;55.056;9.81
1502;18;20;37.895;0.3
1503;18;20;40.153;6.58
1504;18;21;8.82;22.62
1505;18;22;51.894;17.86
1506;18;22;51.786;6.1
1507;18;23;10.018;10.95
1508;18;24;40.234;1.83
1509;18;24;35.981;18.93
1510;18;24;42.734;3.62
1511;18;25;10.92;5.91
1512;18;26;7.984;12.58
1513;18;26;6.055;13.96
1514;18;27;10.203;4.66
1515;18;27;12.012;3.8
1516;18;27;9.764;4.34
1517;18;28;21.324;13.75
1518;18;28;26.063;1.24
1519;18;28;21.566;10.87
1520;18;29;5.201;19.39
1521;18;29;5.192;13.29
1522;18;30;23.744;21.05
1523;18;30;26.664;11.89
1524;18;30;29.437;6.99
1525;18;31;15.741;19.88
1526;18;31;16.116;15.18
1527;18;31;17.855;2.57
1528;18;32;45.082;24.23
1529;18;33;24.091;16.44
1530;18;34;62.925;14.52
1531;18;34;59.353;4.41
1532;18;34;69.843;7.23
1533;18;35;18.804;19.13
1534;18;36;5.808;20.01
1535;18;37;8.905;17.08
1536;18;37;8.678;12.99
1537;18;37;10.894;24.25
1538;18;38;14.917;18.05
1539;18;38;18.031;1.5
1540;18;39;2.285;11.18
1541;18;40;9.898;10.56
1542;18;41;5.077;15.34
1543;18;41;4.495;11.49
1544;18;41;4.07;12.16
1545;18;42;27.648;23.76
1546;18;42;21.084;2.66
1547;18;43;24.059;11.14
1548;18;43;22.492;8.95
1549;18;44;50.596;16.47
1550;18;44;59.804;2.83
1551;18;44;45.734;18.38
1552;18;45;4.155;0.58
1553;18;46;86.494;23.25
1554;18;46;83.249;22.71
1555;18;46;72.092;13.07
1556;18;47;0.845;21.51
1557;18;47;1.023;17.48
1558;18;47;0.649;15.02
1559;18;48;51.868;22.54
1560;18;48;60.033;8.69
1561;18;48;51.479;17.22
1562;18;49;22.308;18.29
1563;18;49;18.474;11.72
1564;19;20;55.613;7.97
1565;19;21;42.936;16.03
1566;19;22;9.76;22.8
1567;19;22;9.752;17.07
1568;19;22;8.73;10.67
1569;19;23;60.087;21.85
1570;19;24;18.721;10.14
1571;19;24;14.444;19.9
1572;19;25;40.44;5.48
1573;19;26;42.331;19.83
1574;19;26;41.957;23.1
1575;19;26;42.998;4.89
1576;19;27;60.469;10.38
1577;19;27;75.508;13.61
1578;19;28;47.972;8.99
1579;19;28;47.886;18.21
1580;19;29;45.108;10.49
1581;19;30;73.587;5.23
1582;19;31;35.398;10.41
1583;19;31;29.817;8.42
1584;19;32;6.988;3.47
1585;19;33;48.832;14.27
1586;19;33;54.17;5.0
1587;19;33;52.418;10.95
1588;19;34;84.661;22.94
1589;19;34;72.537;20.25
1590;19;35;59.458;2.19
1591;19;35;72.169;8.47
1592;19;35;44.954;22.69
1593;19;36;45.512;16.23
1594;19;37;50.763;15.93
1595;19;37;51.944;1.36
1596;19;37;61.806;7.89
1597;19;38;44.149;8.05
1598;19;38;49.917;5.77
1599;19;38;40.321;18.6
1600;19;39;49.364;12.29
1601;19;39;43.909;4.58
1602;19;40;44.999;1.8
1603;19;40;34.946;17.09
1604;19;40;42.49;20.85
1605;19;41;45.992;17.88
1606;19;41;34.659;20.42
1607;19;41;50.539;19.75
1608;19;42;55.097;20.75
1609;19;42;50.283;13.01
1610;19;43;44.304;9.09
1611;19;43;35.435;16.29
1612;19;44;66.208;18.2
1613;19;45;46.414;22.01
1614;19;46;103.777;19.52
1615;19;46;94.94;13.53
1616;19;46;126.342;0.25
1617;19;47;50.384;6.68
1618;19;47;52.193;1.79
1619;19;47;38.068;6.87
1620;19;48;10.592;6.56
1621;19;48;10.022;21.12
1622;19;48;9.116;24.33
1623;19;49;28.285;12.73
1624;19;49;23.205;16.75
1625;19;49;23.072;14.45
1626;20;21;32.433;3.14
1627;20;21;32.673;0.07
1628;20;22;50.252;2.17
1629;20;22;59.232;3.33
1630;20;23;43.358;22.05
1631;20;24;58.515;15.03
1632;20;25;32.723;0.21
1633;20;26;36.521;18.08
1634;20;27;40.557;22.26
1635;20;27;32.086;0.29
1636;20;27;33.714;3.67
1637;20;28;16.782;3.99
1638;20;28;13.089;21.4
1639;20;29;36.848;10.21
1640;20;29;32.369;0.12
1641;20;29;33.055;10.99
1642;20;30;53.065;15.76
1643;20;30;54.011;18.34
1644;20;30;58.46;1.69
1645;20;31;33.289;20.76
1646;20;31;28.356;11.63
1647;20;32;48.633;2.34
1648;20;33;13.98;7.16
1649;20;33;15.478;20.62
1650;20;34;29.95;20.55
1651;20;35;24.486;19.74
1652;20;36;33.979;13.66
1653;20;37;46.542;4.39
1654;20;37;52.266;0.4
1655;20;37;42.938;15.01
1656;20;38;24.3;24.39
1657;20;38;18.637;15.76
1658;20;39;39.703;6.36
1659;20;39;49.234;2.69
1660;20;40;29.138;6.06
1661;20;41;34.595;2.08
1662;20;42;11.176;6.6
1663;20;43;15.93;16.62
1664;20;43;18.432;14.72
1665;20;43;11.968;15.52
1666;20;44;13.323;6.59
1667;20;44;14.352;24.31
1668;20;44;15.611;6.54
1669;20;45;35.807;4.75
1670;20;45;33.247;19.68
1671;20;46;51.879;8.51
1672;20;47;37.094;23.07
1673;20;47;34.528;20.97
1674;20;47;37.68;19.47
1675;20;48;49.635;14.19
1676;20;48;61.513;12.99
1677;20;49;41.795;6.01
1678;20;49;37.797;1.4
1679;20;49;38.927;12.35
1680;21;22;43.689;12.34
1681;21;22;37.355;22.2
1682;21;23;18.636;4.23
1683;21;24;35.309;20.28
1684;21;24;41.786;6.84
1685;21;24;33.525;9.26
1686;21;25;2.497;4.63
1687;21;26;4.116;13.98
1688;21;26;5.1;0.14
1689;21;27;18.1;8.35
1690;21;27;17.029;4.86
1691;21;28;15.76;16.37
1692;21;28;16.773;12.79
1693;21;28;12.196;22.43
1694;21;29;4.899;18.11
1695;21;29;3.839;19.57
1696;21;29;4.243;10.62
1697;21;30;32.29;14.28
1698;21;31;7.563;19.78
1699;21;32;37.266;11.72
1700;21;32;39.07;14.46
1701;21;33;18.517;16.11
1702;21;33;19.233;20.76
1703;21;34;59.834;18.66
1704;21;35;19.284;11.06
1705;21;36;3.022;4.14
1706;21;37;15.221;23.98
1707;21;38;8.134;15.25
1708;21;38;8.543;12.74
1709;21;39;9.3;16.21
1710;21;39;7.357;4.78
1711;21;40;3.759;15.88
1712;21;40;3.677;2.99
1713;21;41;3.742;23.74
1714;21;42;23.598;18.06
1715;21;43;17.142;15.69
1716;21;44;45.638;12.13
1717;21;44;36.699;8.81
1718;21;45;4.801;21.98
1719;21;45;4.493;23.99
1720;21;45;4.969;13.06
1721;21;46;83.084;7.33
1722;21;46;95.49;22.42
1723;21;46;77.126;24.73
1724;21;47;8.489;23.34
1725;21;47;7.44;23.66
1726;21;48;43.605;6.98
1727;21;49;16.208;22.11
1728;21;49;14.206;24.6
1729;21;49;18.183;4.63
1730;22;23;61.902;20.2
1731;22;23;72.557;22.61
1732;22;23;52.737;10.4
1733;22;24;27.076;14.52
1734;22;24;24.957;16.1
1735;22;24;24.931;10.21
1736;22;25;41.263;21.93
1737;22;25;48.707;13.57
1738;22;25;35.504;21.64
1739;22;26;44.005;10.88
1740;22;27;61.754;18.15
1741;22;27;64.009;24.33
1742;22;27;70.24;19.1
1743;22;28;45.399;16.32
1744;22;28;46.629;2.32
1745;22;29;46.758;8.68
1746;22;29;43.257;13.14
1747;22;30;75.617;12.34
1748;22;30;70.614;7.16
1749;22;30;92.309;7.53
1750;22;31;36.232;22.82
1751;22;31;41.225;24.51
1752;22;31;40.407;6.04
1753;22;32;8.115;6.19
1754;22;32;7.844;14.83
1755;22;32;7.579;5.99
1756;22;33;45.714;3.27
1757;22;33;46.735;23.54
1758;22;33;52.982;17.19
1759;22;34;78.233;20.37
1760;22;35;57.987;7.85
1761;22;35;69.334;18.17
1762;22;36;46.546;20.61
1763;22;36;47.44;6.49
1764;22;36;35.539;2.45
1765;22;37;53.965;10.95
1766;22;37;50.91;2.2
1767;22;37;51.94;14.3
1768;22;38;43.076;15.13
1769;22;38;40.155;2.76
1770;22;38;34.612;15.71
1771;22;39;51.362;10.53
1772;22;39;42.283;4.45
1773;22;39;38.644;22.97
1774;22;40;45.011;5.79
1775;22;41;47.138;6.74
1776;22;41;45.289;2.69
1777;22;41;55.584;4.7
1778;22;42;51.562;22.27
1779;22;42;59.542;0.38
1780;22;42;62.175;4.2
1781;22;43;41.2;17.71
1782;22;44;59.672;10.35
1783;22;44;46.902;14.49
1784;22;45;47.793;19.09
1785;22;45;52.508;2.7
1786;22;46;96.25;16.43
1787;22;46;94.13;16.36
1788;22;47;51.814;23.12
1789;22;48;0.866;21.31
1790;22;48;0.804;22.39
1791;22;49;31.387;17.19
1792;22;49;38.532;11.92
1793;22;49;25.006;4.86
1794;23;24;48.874;22.37
1795;23;24;42.428;14.96
1796;23;24;55.563;3.52
1797;23;25;20.875;20.91
1798;23;25;25.346;18.69
1799;23;25;17.47;22.95
1800;23;26;17.921;21.92
1801;23;26;21.852;18.84
1802;23;27;3.361;3.0
1803;23;28;27.982;19.13
1804;23;28;33.884;3.81
1805;23;28;25.654;22.99
1806;23;29;15.151;19.32
1807;23;30;13.725;22.61
1808;23;31;25.756;2.4
1809;23;31;30.997;2.2
1810;23;31;21.975;22.35
1811;23;32;55.02;14.41
1812;23;32;65.998;0.28
1813;23;33;30.495;22.96
1814;23;34;64.996;2.65
1815;23;34;76.977;24.89
1816;23;35;20.283;0.87
1817;23;35;19.053;2.21
1818;23;35;20.877;6.0
1819;23;36;15.628;13.68
1820;23;36;17.649;15.62
1821;23;36;15.771;3.55
1822;23;37;12.0;1.39
1823;23;37;10.158;9.45
1824;23;37;10.418;24.4
1825;23;38;23.195;2.28
1826;23;38;18.138;4.53
1827;23;38;25.463;23.11
1828;23;39;10.724;16.75
1829;23;40;18.772;3.86
1830;23;41;14.954;12.65
1831;23;41;12.165;21.05
1832;23;42;32.328;21.05
1833;23;42;24.645;9.14
1834;23;43;31.642;14.48
1835;23;43;25.699;8.1
1836;23;43;33.178;6.65
1837;23;44;55.082;11.43
1838;23;45;14.157;11.88
1839;23;46;88.556;13.3
1840;23;46;74.022;15.93
1841;23;46;66.904;2.61
1842;23;47;10.181;1.68
1843;23;47;8.086;6.0
1844;23;47;12.264;6.99
1845;23;48;61.881;17.19
1846;23;48;68.093;21.85
1847;23;49;31.884;23.51
1848;24;25;33.062;11.16
1849;24;25;41.289;3.94
1850;24;26;33.024;1.53
1851;24;26;33.699;0.77
1852;24;27;50.168;10.03
1853;24;27;41.301;22.71
1854;24;28;46.063;18.47
1855;24;28;36.72;18.24
1856;24;28;42.495;9.98
1857;24;29;35.483;2.59
1858;24;29;29.749;19.6
1859;24;29;29.592;23.75
1860;24;30;61.384;17.94
1861;24;30;47.994;13.38
1862;24;31;28.971;9.36
1863;24;31;28.23;12.99
1864;24;32;19.619;6.51
1865;24;33;47.882;0.15
1866;24;33;50.177;4.71
1867;24;34;88.461;7.91
1868;24;35;54.329;7.99
1869;24;36;37.002;23.14
1870;24;36;33.662;11.43
1871;24;37;37.763;13.06
1872;24;37;28.491;20.8
1873;24;37;34.014;4.14
1874;24;38;39.848;11.56
1875;24;38;34.697;0.69
1876;24;39;38.631;22.38
1877;24;39;47.504;11.51
1878;24;39;42.331;3.25
1879;24;40;38.502;5.45
1880;24;41;37.21;18.33
1881;24;41;42.769;1.78
1882;24;41;33.094;19.0
1883;24;42;54.347;18.3
1884;24;43;43.884;13.77
1885;24;43;49.13;6.4
1886;24;44;70.996;8.63
1887;24;44;56.205;0.76
1888;24;45;37.142;12.0
1889;24;45;36.676;0.49
1890;24;45;33.504;2.8
1891;24;46;109.833;3.31
1892;24;47;40.599;10.57
1893;24;47;49.853;0.71
1894;24;47;42.523;11.62
1895;24;48;27.723;24.42
1896;24;48;21.786;9.39
1897;24;49;19.222;17.84
1898;24;49;21.658;20.33
1899;25;26;4.363;23.71
1900;25;26;3.634;14.53
1901;25;26;4.75;5.61
1902;25;27;20.494;10.21
1903;25;28;16.351;18.65
1904;25;29;6.308;15.62
1905;25;29;5.271;2.48
1906;25;30;34.575;2.41
1907;25;31;5.078;10.96
1908;25;32;34.786;6.3
1909;25;32;41.147;11.02
1910;25;32;36.479;21.51
1911;25;33;19.007;5.82
1912;25;33;22.074;23.33
1913;25;34;60.744;5.85
1914;25;34;60.504;7.68
1915;25;34;62.906;5.97
1916;25;35;21.337;9.21
1917;25;35;18.613;2.45
1918;25;35;22.915;15.15
1919;25;36;5.294;4.48
1920;25;37;16.327;17.93
1921;25;38;8.659;20.81
1922;25;38;8.59;24.13
1923;25;39;11.042;3.9
1924;25;39;8.293;14.3
1925;25;39;12.991;21.76
1926;25;40;5.496;2.22
1927;25;41;5.928;10.5
1928;25;41;5.384;2.07
1929;25;41;4.756;11.89
1930;25;42;24.512;3.67
1931;25;42;26.831;15.43
1932;25;42;20.218;24.11
1933;25;43;17.046;23.96
1934;25;43;21.071;19.59
1935;25;44;46.014;23.11
1936;25;44;36.427;23.55
1937;25;45;6.774;22.73
1938;25;45;5.583;16.82
1939;25;45;8.336;5.48
1940;25;46;83.844;21.03
1941;25;46;89.637;13.84
1942;25;47;10.694;9.11
1943;25;47;9.72;14.21
1944;25;47;11.159;9.86
1945;25;48;41.192;11.92
1946;25;48;34.555;13.62
1947;25;49;13.885;7.57
1948;25;49;16.379;6.64
1949;26;27;18.142;22.52
1950;26;28;19.873;10.87
1951;26;28;21.501;10.97
1952;26;28;15.78;13.76
1953;26;29;2.784;24.17
1954;26;30;31.617;6.64
1955;26;30;28.201;16.45
1956;26;30;36.389;21.37
1957;26;31;8.157;19.28
1958;26;32;37.111;17.38
1959;26;33;22.624;21.59
1960;26;33;24.465;4.81
1961;26;34;63.906;7.09
1962;26;34;71.092;17.45
1963;26;34;68.828;2.97
1964;26;35;22.525;19.52
1965;26;35;19.976;16.6
1966;26;35;21.973;8.94
1967;26;36;4.123;12.21
1968;26;36;3.099;9.38
1969;26;37;12.019;19.66
1970;26;37;14.787;5.09
1971;26;38;12.223;23.14
1972;26;39;7.404;6.28
1973;26;39;5.975;20.73
1974;26;39;8.285;24.18
1975;26;40;7.755;2.8
1976;26;40;6.568;12.79
1977;26;41;4.205;6.1
1978;26;41;3.768;19.29
1979;26;42;27.686;21.35
1980;26;42;26.069;1.84
1981;26;42;33.734;14.77
1982;26;43;21.095;21.49
1983;26;43;18.762;17.15
1984;26;43;18.351;4.87
1985;26;44;49.742;15.82
1986;26;44;49.105;11.6
1987;26;45;4.191;13.79
1988;26;45;4.101;7.37
1989;26;45;4.215;23.02
1990;26;46;87.183;19.14
1991;26;47;8.061;18.6
1992;26;47;7.478;18.23
1993;26;48;44.002;0.17
1994;26;48;45.638;6.07
1995;26;48;37.643;20.46
1996;26;49;14.497;23.29
1997;27;28;25.644;11.17
1998;27;28;31.607;1.37
1999;27;29;15.372;15.37
2000;27;29;18.145;16.89
2001;27;29;14.278;16.71
2002;27;30;14.501;0.22
2003;27;30;13.429;15.44
2004;27;30;17.588;7.61
2005;27;31;25.526;14.03
2006;27;31;20.253;22.23
2007;27;31;30.158;19.16
2008;27;32;55.131;6.8
2009;27;32;47.19;7.57
2010;27;33;28.044;13.8
2011;27;33;21.8;4.35
2012;27;33;27.807;3.39
2013;27;34;61.687;9.39
2014;27;35;17.085;4.85
2015;27;36;15.208;24.26
2016;27;36;15.797;21.43
2017;27;37;14.4;18.57
2018;27;37;13.42;2.32
2019;27;37;11.134;15.66
2020;27;38;21.551;15.36
2021;27;38;17.634;9.61
2022;27;39;11.546;23.03
2023;27;39;11.604;5.41
2024;27;39;9.082;16.64
2025;27;40;17.568;14.53
2026;27;40;20.584;23.2
2027;27;41;14.627;11.02
2028;27;41;14.672;3.43
2029;27;42;29.451;2.61
2030;27;42;22.617;3.46
2031;27;42;25.734;10.44
2032;27;43;29.55;1.94
2033;27;43;25.415;13.39
2034;27;43;23.776;13.23
2035;27;44;52.053;22.87
2036;27;44;64.945;10.56
2037;27;44;46.267;15.45
2038;27;45;14.075;0.88
2039;27;45;17.235;21.21
2040;27;45;15.067;6.43
2041;27;46;85.235;23.27
2042;27;47;10.085;9.48
2043;27;48;61.686;4.55
2044;27;48;68.257;18.02
2045;27;48;71.215;14.16
2046;27;49;32.509;18.85
2047;27;49;29.049;22.69
2048;27;49;33.855;22.79
2049;28;29;20.072;16.63
2050;28;29;22.572;22.0
2051;28;30;39.493;7.25
2052;28;30;46.419;6.0
2053;28;30;38.664;8.99
2054;28;31;18.034;9.16
2055;28;31;16.205;22.68
2056;28;32;41.226;18.7
2057;28;33;2.805;6.94
2058;28;33;2.476;19.84
2059;28;34;44.461;12.83
2060;28;35;13.514;23.11
2061;28;36;17.198;17.92
2062;28;36;15.023;18.4
2063;28;37;29.821;23.54
2064;28;37;28.356;18.83
2065;28;37;26.053;12.58
2066;28;38;7.708;10.62
2067;28;38;7.573;5.52
2068;28;39;23.02;18.27
2069;28;39;18.563;24.95
2070;28;39;25.014;3.49
2071;28;40;12.365;18.58
2072;28;40;9.87;14.92
2073;28;40;12.82;0.35
2074;28;41;17.815;23.09
2075;28;41;13.529;23.23
2076;28;41;21.791;9.16
2077;28;42;8.447;11.56
2078;28;42;6.803;19.09
2079;28;43;4.7;21.28
2080;28;43;4.486;5.39
2081;28;43;4.98;22.93
2082;28;44;29.895;15.19
2083;28;44;36.97;15.68
2084;28;45;19.032;15.47
2085;28;45;17.947;17.03
2086;28;45;23.379;24.62
2087;28;46;67.493;3.43
2088;28;46;51.856;6.92
2089;28;47;20.552;13.22
2090;28;47;21.289;6.79
2091;28;47;24.393;9.79
2092;28;48;45.02;13.91
2093;28;48;44.519;16.14
2094;28;48;39.369;7.49
2095;28;49;27.562;22.44
2096;28;49;33.23;1.11
2097;28;49;30.203;3.35
2098;29;30;28.859;14.81
2099;29;30;25.63;2.76
2100;29;31;10.748;8.26
2101;29;31;12.092;23.14
2102;29;31;10.323;18.52
2103;29;32;39.892;16.55
2104;29;32;36.202;19.55
2105;29;32;37.04;14.78
2106;29;33;22.87;8.07
2107;29;34;63.49;3.36
2108;29;34;68.059;23.77
2109;29;34;66.795;19.58
2110;29;35;20.993;15.96
2111;29;35;17.657;16.2
2112;29;35;17.195;4.7
2113;29;36;2.93;16.54
2114;29;37;10.323;24.16
2115;29;37;9.907;25.0
2116;29;38;12.704;19.06
2117;29;38;9.755;14.07
2118;29;38;9.847;6.5
2119;29;39;4.784;24.9
2120;29;39;5.51;0.13
2121;29;40;7.711;14.19
2122;29;40;9.051;3.22
2123;29;41;2.493;21.17
2124;29;41;2.367;5.65
2125;29;42;27.449;11.24
2126;29;42;32.121;2.75
2127;29;43;21.881;8.65
2128;29;43;17.385;8.12
2129;29;44;49.936;23.86
2130;29;44;54.701;24.3
2131;29;45;1.755;13.65
2132;29;45;1.836;0.41
2133;29;45;1.985;6.43
2134;29;46;86.899;3.53
2135;29;47;5.307;14.15
2136;29;47;5.582;18.96
2137;29;47;4.735;22.81
2138;29;48;46.746;10.95
2139;29;48;52.779;5.53
2140;29;49;17.194;20.51
2141;30;31;39.479;7.01
2142;30;31;47.884;24.82
2143;30;31;35.64;20.58
2144;30;32;68.67;21.03
2145;30;33;41.666;7.16
2146;30;34;70.123;19.22
2147;30;35;28.594;23.63
2148;30;36;29.303;24.52
2149;30;36;29.387;1.09
2150;30;36;23.848;5.67
2151;30;37;23.621;23.43
2152;30;38;36.011;8.99
2153;30;38;27.179;1.93
2154;30;39;24.314;7.63
2155;30;39;24.426;6.43
2156;30;40;32.05;17.85
2157;30;40;35.171;8.46
2158;30;41;28.647;8.86
2159;30;41;30.046;5.44
2160;30;41;27.483;4.75
2161;30;42;41.918;6.56
2162;30;43;43.668;6.69
2163;30;44;63.342;2.15
2164;30;45;27.879;16.79
2165;30;45;33.251;2.24
2166;30;46;93.102;13.32
2167;30;46;111.602;9.21
2168;30;47;23.888;24.73
2169;30;47;20.434;21.28
2170;30;47;26.579;17.31
2171;30;48;75.602;23.97
2172;30;48;57.563;9.26
2173;30;49;45.309;20.63
2174;31;32;29.708;20.58
2175;31;32;24.504;15.31
2176;31;33;20.363;6.48
2177;31;33;24.143;14.09
2178;31;33;21.977;5.37
2179;31;34;62.303;15.61
2180;31;34;55.041;20.97
2181;31;35;25.458;2.83
2182;31;36;10.322;8.41
2183;31;36;9.178;14.21
2184;31;37;19.811;7.84
2185;31;37;16.687;5.02
2186;31;37;23.69;13.44
2187;31;38;11.015;7.16
2188;31;39;15.512;18.61
2189;31;39;15.417;10.15
2190;31;39;12.949;20.2
2191;31;40;9.857;23.21
2192;31;40;8.241;21.45
2193;31;40;9.862;9.13
2194;31;41;10.906;0.07
2195;31;42;26.476;22.68
2196;31;42;33.043;16.25
2197;31;43;17.368;5.86
2198;31;43;18.284;2.93
2199;31;44;46.588;4.09
2200;31;44;52.856;13.47
2201;31;44;41.466;24.36
2202;31;45;11.6;15.33
2203;31;45;10.032;19.23
2204;31;45;8.815;22.06
2205;31;46;85.017;13.8
2206;31;47;15.606;23.63
2207;31;47;14.314;14.42
2208;31;48;36.177;12.71
2209;31;48;28.446;23.61
2210;31;48;43.113;4.6
2211;31;49;9.829;2.24
2212;32;33;41.989;23.53
2213;32;33;39.75;5.44
2214;32;33;36.223;10.63
2215;32;34;77.761;9.34
2216;32;34;84.232;15.64
2217;32;34;92.742;14.18
2218;32;35;53.025;5.98
2219;32;36;39.989;5.01
2220;32;36;43.518;18.56
2221;32;37;46.481;0.49
2222;32;38;37.779;0.13
2223;32;38;47.083;8.83
2224;32;39;44.356;15.16
2225;32;39;43.336;19.86
2226;32;40;39.024;4.97
2227;32;40;31.96;23.31
2228;32;41;40.525;17.82
2229;32;42;48.206;1.76
2230;32;42;47.435;10.61
2231;32;42;51.666;2.68
2232;32;43;37.451;8.92
2233;32;44;59.345;15.5
2234;32;44;47.018;0.75
2235;32;45;41.065;6.28
2236;32;46;97.123;15.6
2237;32;47;45.08;10.95
2238;32;48;8.558;14.0
2239;32;48;8.02;19.16
2240;32;49;23.796;3.44
2241;32;49;17.876;19.41
2242;33;34;41.967;9.6
2243;33;35;14.692;9.44
2244;33;35;16.604;24.13
2245;33;35;14.312;8.44
2246;33;36;20.0;20.78
2247;33;37;32.62;24.14
2248;33;37;30.954;0.01
2249;33;37;37.622;14.53
2250;33;38;10.416;21.61
2251;33;38;12.677;7.68
2252;33;39;25.811;19.39
2253;33;39;20.326;4.22
2254;33;39;27.025;23.79
2255;33;40;15.161;17.81
2256;33;40;15.263;22.83
2257;33;40;13.883;23.25
2258;33;41;20.62;21.79
2259;33;42;6.496;19.98
2260;33;42;7.251;18.78
2261;33;43;4.546;15.3
2262;33;44;27.123;16.24
2263;33;44;22.79;8.48
2264;33;44;23.138;5.69
2265;33;45;21.837;3.05
2266;33;45;23.14;23.54
2267;33;46;64.881;23.64
2268;33;46;75.278;19.17
2269;33;47;23.312;16.66
2270;33;47;22.712;1.29
2271;33;48;45.288;0.0
2272;33;48;44.311;0.2
2273;33;48;40.324;8.2
2274;33;49;29.69;16.76
2275;33;49;27.257;4.67
2276;34;35;44.909;17.19
2277;34;36;60.572;11.28
2278;34;37;71.81;20.7
2279;34;37;58.169;5.87
2280;34;38;52.091;17.2
2281;34;39;65.084;0.77
2282;34;39;66.757;17.43
2283;34;40;56.153;14.47
2284;34;41;61.024;8.71
2285;34;42;36.251;10.34
2286;34;42;45.076;15.95
2287;34;42;40.912;23.06
2288;34;43;45.172;21.48
2289;34;43;51.295;9.73
2290;34;44;18.562;18.61
2291;34;44;14.483;4.21
2292;34;45;62.083;4.16
2293;34;46;23.616;9.42
2294;34;46;23.491;20.96
2295;34;46;25.869;22.02
2296;34;47;62.08;5.06
2297;34;47;59.84;22.71
2298;34;47;55.984;12.01
2299;34;48;77.521;16.84
2300;34;49;71.35;4.28
2301;34;49;54.555;7.4
2302;35;36;18.455;15.45
2303;35;36;18.911;2.94
2304;35;37;27.411;18.97
2305;35;38;15.322;7.95
2306;35;38;14.301;23.33
2307;35;39;21.079;9.35
2308;35;39;22.52;8.22
2309;35;39;21.887;14.55
2310;35;40;15.85;11.3
2311;35;41;18.593;4.15
2312;35;41;20.763;1.0
2313;35;41;17.262;24.69
2314;35;42;13.392;1.79
2315;35;42;14.243;9.72
2316;35;43;18.213;24.84
2317;35;43;19.785;24.32
2318;35;44;35.147;11.66
2319;35;45;19.289;15.81
2320;35;45;14.826;9.33
2321;35;46;68.519;14.67
2322;35;46;65.341;11.28
2323;35;47;17.99;15.47
2324;35;48;57.683;18.04
2325;35;49;35.108;4.18
2326;36;37;12.858;7.67
2327;36;37;10.81;7.46
2328;36;37;10.396;22.19
2329;36;38;9.969;24.19
2330;36;38;7.78;2.6
2331;36;38;10.266;18.24
2332;36;39;6.494;11.27
2333;36;40;4.879;16.46
2334;36;40;5.501;24.52
2335;36;40;4.887;23.15
2336;36;41;0.76;13.01
2337;36;41;0.685;16.35
2338;36;42;24.519;16.79
2339;36;42;25.887;16.59
2340;36;42;23.251;11.8
2341;36;43;19.202;11.24
2342;36;44;47.035;18.78
2343;36;44;45.453;8.32
2344;36;44;39.978;18.82
2345;36;45;1.983;17.4
2346;36;45;1.891;0.37
2347;36;46;83.972;2.36
2348;36;46;88.023;16.01
2349;36;47;5.468;22.75
2350;36;47;4.372;20.85
2351;36;48;46.48;6.33
2352;36;48;52.986;1.58
2353;36;48;52.391;0.23
2354;36;49;18.196;16.31
2355;37;38;22.821;6.69
2356;37;38;17.616;16.62
2357;37;39;6.869;1.06
2358;37;40;17.705;8.5
2359;37;40;20.272;21.63
2360;37;41;12.156;23.77
2361;37;41;12.697;8.02
2362;37;42;36.496;14.65
2363;37;42;34.648;13.89
2364;37;43;32.059;18.58
2365;37;43;28.078;13.01
2366;37;43;34.748;6.78
2367;37;44;59.384;11.02
2368;37;44;64.22;3.9
2369;37;44;65.378;17.79
2370;37;45;10.905;3.36
2371;37;46;95.389;5.64
2372;37;46;89.856;18.3
2373;37;47;9.749;13.73
2374;37;48;54.08;1.57
2375;37;49;22.688;0.87
2376;38;39;16.247;17.03
2377;38;40;5.126;21.52
2378;38;41;10.664;2.42
2379;38;41;13.091;12.05
2380;38;42;15.883;7.64
2381;38;43;9.242;8.04
2382;38;43;7.678;9.72
2383;38;43;10.226;6.2
2384;38;44;37.522;24.97
2385;38;44;46.756;19.05
2386;38;45;11.916;7.2
2387;38;45;13.443;17.35
2388;38;45;13.491;21.6
2389;38;46;75.189;22.52
2390;38;46;57.609;9.91
2391;38;46;72.798;9.14
2392;38;47;14.254;7.39
2393;38;47;16.581;16.27
2394;38;48;42.833;3.75
2395;38;48;41.883;13.7
2396;38;48;32.869;13.25
2397;38;49;20.827;24.97
2398;39;40;11.129;3.31
2399;39;41;5.739;18.72
2400;39;42;29.633;13.73
2401;39;43;25.475;15.28
2402;39;43;21.38;3.27
2403;39;44;52.517;20.17
2404;39;44;51.448;24.44
2405;39;45;4.534;19.37
2406;39;45;3.635;6.26
2407;39;45;5.111;13.14
2408;39;46;88.638;7.57
2409;39;46;101.022;20.7
2410;39;46;100.474;22.92
2411;39;47;3.09;3.47
2412;39;47;2.705;3.07
2413;39;48;51.373;13.75
2414;39;48;40.992;2.69
2415;39;49;21.172;9.4
2416;40;41;5.552;22.35
2417;40;41;6.385;9.44
2418;40;42;19.951;18.91
2419;40;42;21.146;8.39
2420;40;42;16.614;16.62
2421;40;43;14.368;14.46
2422;40;43;11.209;19.04
2423;40;43;13.927;11.66
2424;40;44;42.246;17.8
2425;40;44;46.787;7.29
2426;40;45;6.801;13.81
2427;40;46;79.454;4.4
2428;40;47;9.29;0.14
2429;40;47;9.191;18.44
2430;40;47;9.277;19.55
2431;40;48;44.859;22.79
2432;40;49;19.29;11.21
2433;41;42;25.033;6.55
2434;41;42;29.165;15.1
2435;41;43;19.904;6.49
2436;41;44;47.619;9.23
2437;41;44;51.563;22.12
2438;41;44;54.772;17.08
2439;41;45;1.253;10.87
2440;41;46;84.45;5.0
2441;41;47;4.777;11.51
2442;41;47;5.827;0.15
2443;41;47;4.937;21.54
2444;41;48;47.081;1.02
2445;41;49;18.52;10.38
2446;42;43;10.861;12.01
2447;42;43;13.521;22.36
2448;42;43;10.707;0.7
2449;42;44;23.013;2.94
2450;42;44;24.888;20.55
2451;42;45;26.162;10.18
2452;42;45;26.021;18.4
2453;42;46;59.503;20.47
2454;42;47;26.818;17.1
2455;42;47;26.104;5.76
2456;42;48;51.092;21.51
2457;42;48;39.203;7.59
2458;42;48;55.877;23.26
2459;42;49;35.994;3.33
2460;42;49;32.813;21.96
2461;43;44;29.246;5.02
2462;43;44;30.436;24.13
2463;43;45;21.157;1.37
2464;43;45;18.182;22.98
2465;43;46;67.678;17.22
2466;43;47;23.356;8.06
2467;43;47;26.933;20.46
2468;43;48;40.785;1.04
2469;43;48;42.025;8.47
2470;43;48;38.89;17.94
2471;43;49;26.179;17.59
2472;43;49;28.513;19.14
2473;44;45;48.806;16.08
2474;44;45;45.583;1.64
2475;44;45;55.065;17.03
2476;44;46;38.888;18.8
2477;44;46;35.594;1.33
2478;44;46;33.182;6.72
2479;44;47;49.773;11.2
2480;44;47;48.672;3.31
2481;44;47;53.731;15.64
2482;44;48;58.959;12.67
2483;44;48;69.294;1.27
2484;44;49;54.909;11.4
2485;44;49;57.659;8.49
2486;45;46;85.535;1.87
2487;45;47;4.023;19.27
2488;45;47;3.238;2.77
2489;45;47;3.218;10.83
2490;45;48;47.756;15.9
2491;45;49;18.686;15.0
2492;46;47;85.65;24.66
2493;46;48;95.462;0.34
2494;46;48;86.461;8.74
2495;46;48;116.029;18.97
2496;46;49;93.673;19.05
2497;46;49;89.005;19.28
2498;47;48;51.773;20.99
2499;47;48;42.94;12.83
2500;47;48;44.27;1.14
2501;47;49;22.496;17.34
2502;47;49;22.337;19.51
2503;47;49;17.785;24.48
2504;48;49;31.553;9.01
