VERTEX_COUNT 50
PATH_COUNT 1
BUDGET 360
<------------ VERTICES ------------>
0;START;41.374834;2.170055;0.0;0.0
1;Galeria d’Art Mar Grup Escolà;41.392349;2.167836;45.0;81.39
2;Basilica of the Sagrada Família;41.403568;2.174435;45.0;81.38
3;Museu Nacional d’Art de Catalunya;41.36882;2.153347;45.0;78.27
4;Anella Olímpica(Olympic Park);41.364778;2.152575;45.0;77.47
5;Museu d’Història de Catalunya - MHC;41.380852;2.185799;45.0;76.31
6;Parc de Diagonal Mar;41.407215;2.214539;45.0;74.3
7;Palau Güell;41.378864;2.174117;45.0;74.23
8;Avinguda d’Icària;41.391556;2.197416;45.0;73.68
9;Parc de la Ciutadella;41.389248;2.186548;45.0;73.2
10;Basilica of Sants Just i Pastor;41.382812;2.178195;45.0;72.95
11;Lorena Ruiz de Villa;41.397858;2.146705;45.0;71.34
12;La Pedrera (Casa Milà);41.395271;2.161785;45.0;69.89
13;L’Aquàrium;41.376625;2.184117;45.0;69.7
14;Platja de la Nova Mar Bella;41.40205;2.21529;45.0;69.63
15;Arts Santa Mònica;41.37722;2.176012;45.0;67.27
16;Museu Palmero;41.424667;2.139856;45.0;64.99
17;Montjuïc Castle;41.363823;2.167096;45.0;64.93
18;Passeig de Gràcia;41.390739;2.166672;45.0;64.75
19;Barcelona;41.389034;2.16137;45.0;64.74
20;Poble Espanyol;41.368679;2.147031;45.0;64.38
21;Museu Frederic Marès;41.384178;2.176819;45.0;63.45
22;La Colmena;41.383835;2.178294;45.0;62.38
23;Despair;41.387653;2.188076;45.0;60.8
24;Platja de la Barceloneta;41.379158;2.192717;45.0;60.7
25;Imaginart Gallery;41.393822;2.164627;45.0;60.55
26;90th Jean Bouin;41.373077;2.150465;45.0;59.99
27;Parc de la Creueta del Coll;41.41935;2.146432;45.0;59.41
28;Plaça de Catalunya;41.387005;2.17003;45.0;58.25
29;Museu Picasso;41.385181;2.180863;45.0;58.16
30;Casa Martí, Els Quatre Gats ;41.385775;2.173671;45.0;58.04
31;Rambla del Raval;41.378681;2.169317;45.0;58.01
32;Turó de la Rovira viewing point;41.419388;2.161812;45.0;57.21
33;Platja del Bogatell;41.394341;2.2066;45.0;57.21
34;Antic Hospital de la Santa Creu;41.380573;2.170374;45.0;57.18
35;Plaça del Rei;41.384144;2.177409;45.0;57.03
36;Park Güell;41.414249;2.151926;45.0;56.61
37;Monument to Doctor Robert;41.394924;2.175599;45.0;56.27
38;Atelier;41.407719;2.158233;45.0;56.19
39;Poblenou Cemetery;41.394859;2.201189;45.0;54.8
40;Contrast;41.387928;2.161469;45.0;54.76
41;Royal Dockyards Museu Marítim ;41.375286;2.17598;45.0;54.41
42;Carles Taché;41.389851;2.164213;45.0;54.12
43;Barcelona Head;41.380924;2.182465;45.0;53.85
44;Palau Sant Jordi;41.363441;2.152537;45.0;53.84
45;Maeght;41.384689;2.181526;45.0;53.44
46;Galeria Mayoral;41.389542;2.163808;45.0;52.31
47;Museu de la Moto ;41.383327;2.174488;45.0;52.2
48;Basilica of Santa Maria del Mar;41.383518;2.1818;45.0;51.11
49;FINISH;41.374834;2.170055;0.0;0.0
<------------- EDGES -------------->
0;0;1;30.107;20.82
1;0;2;49.491;13.74
2;0;3;23.796;14.44
3;0;3;22.695;14.63
4;0;4;28.285;24.29
5;0;4;21.821;11.2
6;0;5;22.688;2.51
7;0;6;79.572;1.86
8;0;6;64.525;17.36
9;0;6;83.782;10.77
10;0;7;8.647;4.15
11;0;7;9.61;5.4
12;0;7;8.85;10.75
13;0;8;45.309;22.86
14;0;8;52.344;16.73
15;0;9;32.509;21.32
16;0;9;26.296;10.69
17;0;10;17.194;22.5
18;0;10;21.066;13.48
19;0;11;49.508;3.08
20;0;11;43.274;15.45
21;0;11;58.361;0.63
22;0;12;36.549;21.2
23;0;13;18.315;2.32
24;0;13;20.472;20.17
25;0;14;74.442;24.76
26;0;15;8.671;18.53
27;0;15;8.832;0.24
28;0;15;10.505;4.69
29;0;16;93.673;17.22
30;0;16;102.607;1.03
31;0;17;19.222;15.77
32;0;17;18.307;16.04
33;0;17;20.986;23.95
34;0;18;27.562;6.3
35;0;18;22.991;2.94
36;0;18;32.187;19.88
37;0;19;26.736;13.13
38;0;19;20.406;20.24
39;0;19;21.057;10.69
40;0;20;31.387;9.4
41;0;21;18.196;15.93
42;0;22;18.686;23.91
43;0;22;21.725;21.29
44;0;23;31.884;10.22
45;0;23;35.402;11.03
46;0;23;32.424;13.8
47;0;24;30.026;24.23
48;0;24;30.708;18.65
49;0;25;33.232;19.19
50;0;26;25.336;9.19
51;0;26;26.788;9.18
52;0;27;81.991;20.48
53;0;27;71.686;22.22
54;0;27;89.853;21.77
55;0;28;20.827;12.16
56;0;29;22.496;13.17
57;0;29;20.606;6.65
58;0;30;19.29;18.35
59;0;30;19.498;9.33
60;0;30;21.58;7.95
61;0;31;6.651;5.96
62;0;31;5.523;14.64
63;0;32;76.973;5.58
64;0;32;81.76;2.25
65;0;33;57.583;11.1
66;0;33;44.665;20.28
67;0;34;9.829;11.06
68;0;34;7.539;13.44
69;0;34;8.389;2.05
70;0;35;18.52;6.75
71;0;35;22.846;5.75
72;0;36;71.35;24.26
73;0;37;35.108;11.56
74;0;37;28.917;1.86
75;0;38;58.284;9.56
76;0;38;65.977;7.25
77;0;39;52.651;7.25
78;0;40;24.972;24.28
79;0;40;28.799;5.46
80;0;40;25.489;18.56
81;0;41;7.648;14.35
82;0;42;26.77;15.76
83;0;42;22.805;24.0
84;0;42;31.3;1.45
85;0;43;19.04;24.37
86;0;43;14.714;14.6
87;0;44;29.769;8.16
88;0;45;22.391;23.2
89;0;45;19.344;22.42
90;0;45;27.486;15.94
91;0;46;26.416;5.55
92;0;46;25.92;11.89
93;0;46;21.97;13.68
94;0;47;15.608;24.64
95;0;48;21.172;1.29
96;0;48;25.803;2.47
97;0;49;0.0;20.6
98;1;2;20.984;21.79
99;1;2;19.931;0.21
100;1;2;19.683;5.96
101;1;3;44.354;21.21
102;1;3;45.097;20.98
103;1;4;51.088;8.04
104;1;5;30.314;21.52
105;1;6;65.123;6.02
106;1;7;24.444;24.73
107;1;8;37.998;17.84
108;1;8;37.289;20.84
109;1;9;24.601;20.43
110;1;9;29.693;21.65
111;1;9;26.496;19.36
112;1;10;21.053;21.8
113;1;11;28.717;17.75
114;1;12;9.238;22.75
115;1;12;7.242;17.42
116;1;12;9.817;6.72
117;1;13;34.073;0.9
118;1;14;63.137;16.09
119;1;14;66.761;6.43
120;1;14;61.203;5.06
121;1;15;27.936;7.15
122;1;15;29.47;8.19
123;1;16;65.94;19.38
124;1;17;48.824;19.7
125;1;17;52.302;6.25
126;1;17;52.397;21.37
127;1;18;3.134;0.2
128;1;19;10.054;13.05
129;1;19;8.833;14.51
130;1;19;12.009;18.6
131;1;20;48.521;17.48
132;1;21;18.125;16.2
133;1;21;13.965;9.37
134;1;22;19.813;17.07
135;1;23;27.199;21.06
136;1;23;21.862;3.25
137;1;24;39.115;18.8
138;1;24;40.346;23.43
139;1;24;35.046;7.43
140;1;25;4.83;21.44
141;1;26;39.813;6.46
142;1;26;37.165;22.3
143;1;26;33.814;3.21
144;1;27;53.755;0.09
145;1;27;42.099;24.45
146;1;28;9.569;12.86
147;1;29;20.74;4.35
148;1;30;13.515;22.98
149;1;30;13.71;20.7
150;1;31;23.466;12.02
151;1;32;46.911;5.85
152;1;33;49.88;14.38
153;1;33;57.824;1.12
154;1;33;44.299;23.47
155;1;34;20.413;2.78
156;1;34;21.921;14.69
157;1;34;22.966;15.9
158;1;35;18.66;2.42
159;1;36;42.679;21.9
160;1;36;34.73;18.22
161;1;36;48.339;8.87
162;1;37;10.896;1.38
163;1;38;29.047;3.78
164;1;38;24.782;20.03
165;1;38;28.306;22.64
166;1;39;43.031;23.15
167;1;39;46.318;11.73
168;1;39;41.329;18.76
169;1;40;11.138;22.6
170;1;41;31.014;21.78
171;1;41;32.066;16.49
172;1;42;6.317;22.65
173;1;42;7.478;7.62
174;1;42;7.061;1.5
175;1;43;27.111;1.4
176;1;44;53.226;11.42
177;1;44;48.643;8.69
178;1;45;21.925;24.26
179;1;45;18.433;5.15
180;1;46;7.058;8.73
181;1;47;17.643;0.84
182;1;47;20.871;20.72
183;1;47;13.965;19.85
184;1;48;23.447;3.44
185;1;48;21.113;17.15
186;1;48;23.37;17.61
187;1;49;30.107;9.77
188;1;49;22.66;23.01
189;2;3;65.336;15.35
190;2;3;64.74;22.91
191;2;3;67.868;4.38
192;2;4;72.069;9.43
193;2;4;87.137;14.77
194;2;5;41.52;16.94
195;2;5;41.469;3.88
196;2;5;46.698;8.41
197;2;6;51.851;4.31
198;2;7;42.276;22.48
199;2;7;49.812;15.22
200;2;8;35.955;8.79
201;2;8;36.026;10.95
202;2;9;29.022;18.94
203;2;9;22.558;11.48
204;2;9;23.526;13.4
205;2;10;35.845;10.43
206;2;11;36.911;23.24
207;2;12;21.57;20.13
208;2;13;47.752;10.26
209;2;13;47.084;8.23
210;2;13;58.598;1.76
211;2;14;52.504;13.28
212;2;14;61.029;20.36
213;2;14;55.722;23.91
214;2;15;45.133;14.6
215;2;15;53.286;8.37
216;2;15;43.31;9.25
217;2;16;57.209;10.97
218;2;16;63.923;11.54
219;2;16;60.022;2.9
220;2;17;68.662;9.8
221;2;18;24.109;9.08
222;2;18;23.456;15.07
223;2;18;30.044;5.65
224;2;19;29.997;14.24
225;2;19;37.232;19.63
226;2;20;69.299;7.8
227;2;21;33.322;3.97
228;2;21;39.142;18.28
229;2;21;25.367;7.87
230;2;22;34.129;17.09
231;2;23;32.378;2.01
232;2;24;47.913;24.32
233;2;25;20.896;14.71
234;2;26;60.577;15.81
235;2;26;54.504;17.68
236;2;26;59.535;16.57
237;2;27;44.955;5.1
238;2;27;43.274;11.56
239;2;27;44.904;9.99
240;2;28;28.902;5.22
241;2;29;32.528;14.53
242;2;29;31.694;17.27
243;2;30;30.463;3.81
244;2;31;43.091;19.09
245;2;31;34.908;7.92
246;2;32;31.549;9.69
247;2;32;31.702;15.81
248;2;32;36.312;19.3
249;2;33;44.204;12.09
250;2;33;49.529;11.32
251;2;34;39.694;23.83
252;2;34;48.114;19.96
253;2;35;33.457;10.19
254;2;36;34.185;6.02
255;2;36;34.563;23.7
256;2;36;39.061;8.69
257;2;37;14.867;13.65
258;2;38;21.975;0.03
259;2;39;37.436;19.52
260;2;40;31.517;18.31
261;2;41;48.438;6.81
262;2;41;47.643;11.14
263;2;42;26.892;6.59
264;2;43;40.097;24.02
265;2;43;40.305;24.82
266;2;43;46.468;12.64
267;2;44;74.2;11.38
268;2;44;82.317;18.91
269;2;44;72.502;2.7
270;2;45;33.564;6.59
271;2;45;26.276;0.35
272;2;46;27.608;13.71
273;2;46;27.3;19.61
274;2;46;25.7;1.54
275;2;47;34.637;2.21
276;2;47;36.662;10.2
277;2;47;37.698;18.64
278;2;48;35.589;18.46
279;2;48;42.965;2.43
280;2;48;26.841;8.82
281;2;49;49.491;7.65
282;3;4;6.988;15.01
283;3;5;46.481;16.66
284;3;5;39.159;24.37
285;3;6;102.414;2.02
286;3;7;31.73;10.21
287;3;8;68.67;5.21
288;3;8;71.306;1.78
289;3;8;76.475;2.06
290;3;9;55.131;18.04
291;3;10;39.892;7.41
292;3;10;43.616;24.11
293;3;11;50.417;10.39
294;3;12;46.542;13.09
295;3;12;36.722;5.01
296;3;13;41.71;14.63
297;3;14;97.767;12.83
298;3;15;32.461;1.91
299;3;16;97.123;17.36
300;3;16;96.092;18.78
301;3;17;19.619;13.12
302;3;18;41.226;21.97
303;3;18;45.734;9.43
304;3;18;43.436;21.06
305;3;19;36.092;4.98
306;3;19;30.949;2.89
307;3;19;41.48;0.21
308;3;20;8.115;1.4
309;3;20;6.126;12.23
310;3;20;8.19;11.31
311;3;21;39.989;15.01
312;3;21;45.104;16.3
313;3;22;41.065;15.93
314;3;22;32.03;16.53
315;3;23;55.02;13.11
316;3;24;53.562;10.72
317;3;24;51.045;24.43
318;3;24;49.799;18.68
319;3;25;45.169;4.83
320;3;25;41.19;22.13
321;3;26;8.171;12.46
322;3;26;9.053;15.29
323;3;27;86.923;18.79
324;3;27;84.95;9.39
325;3;27;74.452;18.37
326;3;28;37.779;22.02
327;3;29;45.08;13.3
328;3;30;39.024;17.45
329;3;30;30.828;6.85
330;3;31;26.558;10.71
331;3;32;87.213;0.72
332;3;33;81.132;2.16
333;3;33;61.629;0.7
334;3;34;29.708;12.38
335;3;35;40.525;3.65
336;3;35;31.647;16.94
337;3;35;37.865;20.8
338;3;36;77.761;17.84
339;3;37;53.025;6.56
340;3;37;66.014;11.56
341;3;37;63.239;16.4
342;3;38;66.86;13.28
343;3;39;75.887;18.16
344;3;40;34.321;14.74
345;3;40;41.162;6.45
346;3;41;31.099;14.2
347;3;41;24.437;17.98
348;3;41;30.324;17.86
349;3;42;38.599;3.38
350;3;42;46.132;15.81
351;3;42;29.175;23.99
352;3;43;42.744;8.25
353;3;43;50.497;15.34
354;3;44;9.263;5.89
355;3;44;7.396;21.03
356;3;45;45.24;8.84
357;3;45;48.407;11.07
358;3;45;53.023;9.68
359;3;46;37.919;22.8
360;3;46;29.23;10.75
361;3;46;30.271;12.31
362;3;47;36.786;15.89
363;3;48;44.356;16.21
364;3;49;23.796;13.49
365;4;5;50.763;16.33
366;4;5;42.45;13.22
367;4;5;62.359;7.71
368;4;6;107.715;2.48
369;4;7;36.692;8.05
370;4;8;73.587;13.86
371;4;8;83.869;3.01
372;4;9;60.469;12.02
373;4;10;45.108;1.07
374;4;10;37.075;13.87
375;4;10;40.328;12.81
376;4;11;57.108;9.55
377;4;11;52.26;24.8
378;4;11;68.378;4.89
379;4;12;53.504;13.35
380;4;12;51.441;0.45
381;4;13;45.296;16.39
382;4;13;40.304;4.95
383;4;13;38.898;21.34
384;4;14;102.722;23.32
385;4;15;36.867;16.44
386;4;15;41.622;10.92
387;4;15;34.096;19.64
388;4;16;103.777;20.84
389;4;17;18.721;3.7
390;4;18;47.972;22.15
391;4;19;43.017;8.92
392;4;19;37.249;21.68
393;4;19;34.858;3.13
394;4;20;9.76;9.69
395;4;20;10.926;17.3
396;4;21;45.512;16.24
397;4;21;53.125;8.74
398;4;22;46.414;23.85
399;4;22;44.568;15.74
400;4;22;57.609;19.51
401;4;23;60.087;3.23
402;4;24;57.121;1.65
403;4;25;52.055;9.96
404;4;26;14.458;19.53
405;4;26;14.882;12.98
406;4;27;93.718;12.03
407;4;27;102.985;13.6
408;4;27;72.685;2.85
409;4;28;44.149;15.08
410;4;29;50.384;17.3
411;4;29;39.62;1.4
412;4;29;47.706;22.69
413;4;30;44.999;3.56
414;4;31;32.067;23.96
415;4;31;32.281;4.66
416;4;31;30.355;10.44
417;4;32;94.2;4.24
418;4;32;78.764;22.4
419;4;33;85.857;20.77
420;4;33;75.348;3.16
421;4;33;80.663;19.86
422;4;34;35.398;22.93
423;4;34;38.14;9.99
424;4;34;34.038;24.47
425;4;35;45.992;15.1
426;4;35;51.176;11.52
427;4;36;84.661;13.98
428;4;37;59.458;6.77
429;4;37;46.785;10.73
430;4;38;73.841;23.46
431;4;39;80.908;10.17
432;4;39;87.03;24.12
433;4;40;41.229;18.78
434;4;40;33.717;9.26
435;4;41;35.025;4.94
436;4;42;45.434;4.78
437;4;42;39.362;12.19
438;4;43;47.294;5.45
439;4;43;38.459;24.07
440;4;43;49.161;18.03
441;4;44;2.288;23.28
442;4;45;50.429;4.08
443;4;45;56.835;3.48
444;4;46;44.765;21.83
445;4;47;42.419;12.74
446;4;47;39.569;2.1
447;4;47;44.308;3.23
448;4;48;49.364;20.42
449;4;48;41.015;3.65
450;4;49;28.285;21.43
451;4;49;30.141;24.07
452;5;6;58.279;20.71
453;5;6;44.432;21.06
454;5;7;15.381;11.54
455;5;7;18.214;2.76
456;5;7;17.204;7.46
457;5;8;23.621;14.7
458;5;9;14.4;20.76
459;5;9;15.95;22.19
460;5;9;17.169;10.82
461;5;10;10.323;3.79
462;5;11;58.016;20.31
463;5;11;51.517;18.95
464;5;11;66.082;12.7
465;5;12;39.488;0.01
466;5;13;7.549;24.11
467;5;13;8.364;21.22
468;5;13;6.941;8.75
469;5;14;52.433;16.74
470;5;14;64.751;24.22
471;5;14;65.521;23.04
472;5;15;14.02;7.51
473;5;15;12.951;10.32
474;5;15;14.015;3.51
475;5;16;95.389;9.93
476;5;16;82.759;8.32
477;5;17;37.763;22.47
478;5;18;29.821;9.29
479;5;18;26.664;8.84
480;5;19;34.348;5.4
481;5;20;53.965;10.54
482;5;20;44.971;5.22
483;5;21;12.858;7.19
484;5;21;12.71;11.48
485;5;22;10.905;22.24
486;5;23;12.0;3.3
487;5;23;11.24;17.74
488;5;23;9.064;2.84
489;5;24;9.344;20.58
490;5;24;11.015;9.41
491;5;25;35.092;5.63
492;5;25;30.42;17.23
493;5;26;47.282;17.95
494;5;26;42.174;24.63
495;5;26;49.404;0.81
496;5;27;83.027;17.26
497;5;28;22.821;7.35
498;5;28;26.743;9.9
499;5;28;24.993;13.02
500;5;29;9.749;0.81
501;5;29;11.935;5.66
502;5;29;8.137;12.43
503;5;30;17.705;13.68
504;5;31;21.487;11.83
505;5;32;72.778;18.72
506;5;33;35.299;24.44
507;5;33;42.073;20.75
508;5;34;19.811;9.46
509;5;34;24.007;24.68
510;5;34;16.358;2.43
511;5;35;12.156;20.09
512;5;35;12.978;15.76
513;5;35;11.0;2.14
514;5;36;71.81;0.36
515;5;36;60.835;4.49
516;5;36;70.135;11.53
517;5;37;27.411;10.75
518;5;37;28.183;10.6
519;5;37;24.591;10.73
520;5;38;58.017;11.92
521;5;38;55.628;19.55
522;5;39;31.063;6.55
523;5;40;33.502;15.87
524;5;41;15.801;3.41
525;5;42;31.705;17.49
526;5;43;4.283;4.97
527;5;44;52.078;23.72
528;5;44;59.245;22.1
529;5;44;61.14;18.04
530;5;45;8.556;11.1
531;5;45;8.965;11.05
532;5;46;31.911;0.54
533;5;47;15.128;10.63
534;5;47;14.399;9.74
535;5;48;6.869;9.42
536;5;49;22.688;17.63
537;5;49;26.108;24.34
538;5;49;17.471;6.04
539;6;7;71.038;18.69
540;6;8;34.657;3.95
541;6;8;32.275;6.15
542;6;9;47.29;19.85
543;6;9;58.159;14.72
544;6;9;47.877;18.16
545;6;10;62.614;8.41
546;6;10;58.317;13.74
547;6;10;71.527;15.82
548;6;11;88.529;8.54
549;6;12;70.732;16.62
550;6;13;65.31;18.29
551;6;13;57.573;0.87
552;6;14;8.891;12.37
553;6;14;8.663;19.18
554;6;14;9.15;14.56
555;6;15;71.28;17.32
556;6;16;100.386;13.47
557;6;16;102.562;6.75
558;6;16;80.864;1.91
559;6;17;96.041;22.53
560;6;17;93.219;20.0
561;6;17;104.823;2.83
562;6;18;67.603;9.48
563;6;18;83.46;1.1
564;6;19;75.007;8.27
565;6;19;76.581;20.32
566;6;19;79.11;10.0
567;6;20;108.905;3.13
568;6;21;62.439;11.34
569;6;22;61.364;21.02
570;6;22;51.707;8.31
571;6;22;61.756;15.19
572;6;23;47.692;22.36
573;6;23;53.719;17.54
574;6;24;55.587;22.2
575;6;24;48.203;24.75
576;6;24;62.378;12.81
577;6;25;68.043;22.43
578;6;25;54.244;7.72
579;6;25;80.246;16.26
580;6;26;100.892;23.08
581;6;26;95.16;2.73
582;6;27;89.838;14.32
583;6;27;102.662;24.1
584;6;27;78.789;6.44
585;6;28;66.786;2.85
586;6;29;57.363;1.38
587;6;29;53.637;24.13
588;6;29;57.296;6.53
589;6;30;64.018;21.54
590;6;31;75.858;6.69
591;6;31;77.446;4.87
592;6;32;70.801;0.53
593;6;32;63.439;4.15
594;6;33;24.273;22.07
595;6;33;21.889;12.69
596;6;34;72.753;21.55
597;6;35;61.891;21.88
598;6;35;57.385;7.13
599;6;36;81.254;21.93
600;6;37;54.228;9.62
601;6;37;43.388;21.0
602;6;37;54.493;1.76
603;6;38;72.272;10.25
604;6;38;82.056;10.62
605;6;38;72.786;19.43
606;6;39;27.216;18.36
607;6;39;32.016;9.22
608;6;40;75.698;1.13
609;6;40;61.449;22.15
610;6;41;73.727;14.2
611;6;42;71.106;9.93
612;6;42;78.485;11.47
613;6;43;60.987;0.51
614;6;44;109.307;14.41
615;6;45;57.287;5.02
616;6;45;52.198;7.88
617;6;46;71.8;19.65
618;6;46;58.66;23.34
619;6;47;65.684;12.2
620;6;47;60.988;14.88
621;6;48;58.401;13.38
622;6;48;55.381;3.21
623;6;49;79.572;11.83
624;6;49;66.023;21.64
625;6;49;61.054;19.96
626;7;8;36.967;3.34
627;7;8;42.69;5.5
628;7;9;23.885;10.33
629;7;9;28.517;1.76
630;7;9;22.87;20.08
631;7;10;8.547;21.78
632;7;10;7.19;23.3
633;7;11;47.906;23.84
634;7;12;32.233;22.71
635;7;13;13.4;2.48
636;7;14;66.092;20.84
637;7;15;3.72;5.37
638;7;15;4.638;1.62
639;7;15;4.642;10.22
640;7;16;89.874;6.9
641;7;16;74.23;18.01
642;7;17;27.272;18.85
643;7;18;22.457;5.07
644;7;19;23.89;6.06
645;7;19;29.187;16.96
646;7;19;28.801;8.63
647;7;20;38.904;21.04
648;7;21;9.733;9.31
649;7;22;10.056;2.25
650;7;22;12.565;4.45
651;7;23;23.397;24.15
652;7;24;23.888;7.35
653;7;24;22.423;5.46
654;7;24;29.502;24.62
655;7;25;28.348;24.07
656;7;25;26.804;0.2
657;7;25;33.034;17.92
658;7;26;31.945;15.91
659;7;26;28.794;7.05
660;7;27;77.863;0.56
661;7;28;14.887;19.91
662;7;29;13.852;1.69
663;7;29;16.527;16.57
664;7;29;14.693;12.11
665;7;30;11.84;16.13
666;7;31;6.171;24.87
667;7;31;5.922;4.49
668;7;32;71.122;19.96
669;7;32;54.421;11.25
670;7;33;49.403;2.02
671;7;34;5.626;18.71
672;7;34;5.13;12.52
673;7;34;6.649;20.43
674;7;35;9.975;2.14
675;7;35;10.367;8.5
676;7;35;8.521;4.38
677;7;36;66.918;21.03
678;7;36;78.488;16.02
679;7;36;76.877;19.04
680;7;37;27.548;23.38
681;7;38;53.422;21.6
682;7;38;56.12;3.39
683;7;38;64.619;13.4
684;7;39;44.241;6.46
685;7;39;38.661;22.51
686;7;40;22.456;15.83
687;7;40;20.842;23.49
688;7;41;6.574;23.9
689;7;42;22.698;9.58
690;7;42;20.123;3.42
691;7;42;18.538;21.8
692;7;43;11.284;2.54
693;7;44;38.269;12.59
694;7;44;39.492;4.75
695;7;45;13.779;18.88
696;7;45;14.216;3.41
697;7;45;10.747;8.88
698;7;46;22.563;13.41
699;7;46;24.931;8.2
700;7;47;7.652;6.87
701;7;47;5.85;1.35
702;7;48;12.678;6.92
703;7;48;15.127;1.89
704;7;49;8.647;9.07
705;7;49;7.592;7.12
706;8;9;14.501;12.6
707;8;10;28.859;15.23
708;8;10;23.201;16.59
709;8;10;28.781;13.74
710;8;11;65.986;22.72
711;8;12;46.181;24.57
712;8;13;30.731;19.58
713;8;14;29.136;22.93
714;8;14;24.242;23.1
715;8;14;30.092;2.09
716;8;15;36.838;1.4
717;8;16;93.102;0.79
718;8;17;61.384;16.53
719;8;17;63.69;11.77
720;8;17;66.26;4.99
721;8;18;39.493;11.91
722;8;19;46.477;11.98
723;8;20;75.617;24.43
724;8;20;58.885;3.77
725;8;21;29.303;2.88
726;8;21;31.346;1.25
727;8;22;27.879;23.35
728;8;22;31.631;16.45
729;8;23;13.725;14.07
730;8;23;16.633;8.67
731;8;23;12.829;2.35
732;8;24;22.057;0.5
733;8;25;42.271;5.2
734;8;25;43.039;24.81
735;8;26;68.074;8.61
736;8;27;80.897;20.68
737;8;28;36.011;9.11
738;8;28;32.132;9.36
739;8;28;35.555;11.49
740;8;29;23.888;23.12
741;8;29;20.46;2.56
742;8;29;23.495;2.35
743;8;30;32.05;23.61
744;8;31;42.272;0.13
745;8;31;45.62;0.12
746;8;31;45.326;6.59
747;8;32;66.005;7.54
748;8;32;67.625;18.29
749;8;32;60.632;21.1
750;8;33;12.717;0.63
751;8;33;11.758;6.23
752;8;34;39.479;16.73
753;8;34;32.914;10.39
754;8;34;32.618;5.33
755;8;35;28.647;8.94
756;8;35;34.655;21.5
757;8;35;24.153;8.76
758;8;36;70.123;24.25
759;8;36;83.245;13.44
760;8;36;72.629;15.13
761;8;37;28.594;9.74
762;8;37;25.855;15.78
763;8;38;57.399;3.09
764;8;39;7.444;4.45
765;8;40;46.565;2.67
766;8;40;40.096;12.45
767;8;40;48.872;20.53
768;8;41;39.149;16.45
769;8;41;44.913;9.04
770;8;42;42.726;21.36
771;8;42;45.461;8.0
772;8;42;32.663;16.48
773;8;43;26.448;8.85
774;8;43;23.595;12.99
775;8;43;22.142;22.72
776;8;44;75.07;24.95
777;8;44;88.949;12.07
778;8;44;73.161;15.64
779;8;45;23.543;21.15
780;8;45;21.373;24.6
781;8;46;43.283;2.15
782;8;47;32.631;8.43
783;8;47;27.782;21.84
784;8;47;33.468;13.35
785;8;48;24.314;19.2
786;8;49;45.309;5.36
787;8;49;48.149;2.05
788;8;49;34.84;12.17
789;9;10;15.372;1.29
790;9;10;17.215;15.98
791;9;10;17.228;7.76
792;9;11;53.228;14.71
793;9;12;33.419;21.71
794;9;12;30.665;5.4
795;9;13;21.825;5.57
796;9;14;42.91;2.03
797;9;14;33.765;0.31
798;9;14;45.077;13.75
799;9;15;24.63;10.92
800;9;15;28.23;0.3
801;9;16;85.235;19.43
802;9;16;65.4;9.99
803;9;16;71.991;18.37
804;9;17;50.168;14.66
805;9;17;59.097;23.51
806;9;18;25.644;3.48
807;9;18;22.643;18.77
808;9;19;32.326;20.73
809;9;20;61.754;1.7
810;9;21;15.208;8.81
811;9;21;15.996;23.83
812;9;21;17.851;21.61
813;9;22;14.075;15.7
814;9;23;3.361;24.38
815;9;23;4.177;7.8
816;9;24;18.996;10.76
817;9;24;21.254;10.24
818;9;24;16.159;16.29
819;9;25;29.21;20.13
820;9;25;22.962;21.09
821;9;25;29.597;20.11
822;9;26;53.966;18.83
823;9;27;72.833;7.25
824;9;28;21.551;3.03
825;9;28;17.967;24.78
826;9;28;20.2;1.83
827;9;29;10.085;11.91
828;9;29;10.065;7.63
829;9;30;17.568;23.85
830;9;30;13.91;8.35
831;9;31;28.573;1.04
832;9;31;30.62;10.32
833;9;31;33.952;21.18
834;9;32;60.565;24.05
835;9;33;27.178;4.13
836;9;33;24.607;23.42
837;9;33;31.972;6.47
838;9;34;25.526;15.26
839;9;34;21.201;14.07
840;9;34;26.427;17.87
841;9;35;14.627;12.62
842;9;36;61.687;10.15
843;9;36;65.269;15.59
844;9;37;17.085;8.92
845;9;37;18.519;21.57
846;9;37;20.824;1.43
847;9;38;48.168;13.59
848;9;38;41.211;14.19
849;9;39;21.106;10.08
850;9;39;23.3;11.95
851;9;39;20.267;8.1
852;9;40;32.276;11.85
853;9;40;27.003;12.19
854;9;41;27.476;21.0
855;9;41;28.24;7.15
856;9;42;28.693;7.45
857;9;42;22.886;24.8
858;9;43;15.178;17.32
859;9;43;18.871;18.04
860;9;44;62.109;15.67
861;9;45;10.121;24.47
862;9;45;10.199;21.48
863;9;45;11.712;8.46
864;9;46;29.198;14.61
865;9;46;30.607;11.62
866;9;46;23.332;20.89
867;9;47;18.504;6.14
868;9;47;19.359;18.85
869;9;47;17.535;19.65
870;9;48;11.546;15.24
871;9;48;11.58;7.7
872;9;48;10.099;4.93
873;9;49;32.509;6.14
874;9;49;31.982;22.91
875;9;49;35.295;9.8
876;10;11;47.93;6.19
877;10;11;51.128;13.96
878;10;11;54.401;17.27
879;10;12;29.973;5.19
880;10;12;29.723;8.09
881;10;13;13.035;12.8
882;10;14;57.892;23.92
883;10;14;45.317;20.77
884;10;14;44.463;9.8
885;10;15;9.971;5.01
886;10;15;9.829;17.52
887;10;15;8.918;1.8
888;10;16;86.899;4.76
889;10;17;35.483;7.73
890;10;17;36.937;5.61
891;10;18;20.072;1.02
892;10;19;24.083;9.32
893;10;20;46.758;23.75
894;10;20;37.751;18.21
895;10;20;52.632;18.25
896;10;21;2.93;13.77
897;10;21;2.631;6.3
898;10;22;1.755;15.27
899;10;23;15.151;24.8
900;10;24;19.667;11.31
901;10;25;25.659;5.72
902;10;25;28.964;11.02
903;10;26;39.311;2.25
904;10;26;46.392;3.37
905;10;27;74.643;15.19
906;10;27;70.53;12.45
907;10;27;60.226;23.82
908;10;28;12.704;5.35
909;10;29;5.307;14.3
910;10;29;6.292;20.72
911;10;30;7.711;6.89
912;10;30;7.514;22.2
913;10;31;13.413;8.54
914;10;31;14.077;23.3
915;10;32;66.028;15.51
916;10;32;62.206;24.89
917;10;33;41.462;8.18
918;10;33;32.948;20.97
919;10;33;44.661;4.87
920;10;34;10.748;11.6
921;10;34;8.226;22.11
922;10;35;2.493;12.77
923;10;36;63.49;7.03
924;10;36;58.177;19.13
925;10;37;20.993;3.09
926;10;37;17.325;6.01
927;10;37;17.323;11.16
928;10;38;49.732;10.9
929;10;38;56.764;18.09
930;10;38;57.402;22.29
931;10;39;36.006;1.93
932;10;40;23.19;22.88
933;10;40;23.731;4.22
934;10;40;17.561;5.77
935;10;41;13.189;2.43
936;10;41;11.82;0.4
937;10;42;21.618;23.43
938;10;43;6.364;19.09
939;10;44;46.738;13.17
940;10;44;35.611;23.77
941;10;44;36.459;2.6
942;10;45;5.349;24.27
943;10;45;5.383;18.18
944;10;45;5.047;12.12
945;10;46;21.767;1.04
946;10;46;20.827;5.67
947;10;47;4.84;13.88
948;10;47;5.115;23.75
949;10;47;4.833;14.69
950;10;48;4.784;15.37
951;10;48;5.267;9.79
952;10;49;17.194;23.07
953;11;12;19.858;10.7
954;11;12;22.122;21.46
955;11;13;60.227;13.15
956;11;13;59.944;6.07
957;11;14;88.328;22.04
958;11;14;80.097;0.45
959;11;15;51.604;11.09
960;11;16;46.711;17.23
961;11;17;63.856;9.46
962;11;18;28.38;18.84
963;11;18;29.287;6.45
964;11;19;24.134;22.52
965;11;19;25.559;24.79
966;11;19;26.538;23.49
967;11;20;49.934;3.34
968;11;20;45.653;20.1
969;11;20;57.475;18.15
970;11;21;45.195;15.35
971;11;21;56.303;12.84
972;11;22;47.122;1.1
973;11;22;36.499;9.05
974;11;22;58.566;10.31
975;11;23;55.908;4.16
976;11;23;68.731;8.31
977;11;23;55.705;0.41
978;11;24;67.183;10.39
979;11;24;75.651;11.07
980;11;24;68.163;7.42
981;11;25;24.021;20.79
982;11;25;25.913;1.48
983;11;25;25.088;14.27
984;11;26;42.68;14.21
985;11;26;41.794;10.44
986;11;27;36.779;17.84
987;11;27;33.695;24.02
988;11;27;32.933;2.42
989;11;28;35.236;9.21
990;11;29;48.924;14.94
991;11;30;40.323;8.09
992;11;30;40.557;3.24
993;11;31;43.814;14.73
994;11;32;41.633;12.27
995;11;32;46.87;12.16
996;11;32;52.001;14.2
997;11;33;77.122;4.37
998;11;34;42.406;9.02
999;11;34;49.368;16.01
1000;11;35;45.875;9.61
1001;11;35;48.843;4.87
1002;11;35;34.949;4.88
1003;11;36;28.838;20.89
1004;11;37;37.429;2.79
1005;11;37;28.223;24.61
1006;11;38;22.443;14.24
1007;11;39;70.128;6.73
1008;11;39;54.707;17.49
1009;11;39;76.264;9.86
1010;11;40;25.455;5.81
1011;11;40;29.992;11.82
1012;11;41;53.895;6.94
1013;11;41;42.323;14.08
1014;11;42;26.323;7.95
1015;11;42;26.348;22.0
1016;11;42;20.604;2.85
1017;11;43;54.29;8.49
1018;11;44;59.369;9.3
1019;11;44;56.194;17.51
1020;11;45;50.062;9.28
1021;11;45;47.979;4.09
1022;11;46;26.164;5.84
1023;11;46;30.846;21.38
1024;11;47;43.48;22.87
1025;11;48;51.304;14.4
1026;11;48;44.69;8.19
1027;11;48;49.315;24.79
1028;11;49;49.508;22.41
1029;12;13;42.897;20.17
1030;12;14;69.654;14.0
1031;12;15;35.886;19.43
1032;12;16;57.641;6.49
1033;12;16;44.438;3.18
1034;12;16;67.059;20.07
1035;12;17;54.245;10.35
1036;12;18;9.975;3.49
1037;12;18;11.263;1.29
1038;12;18;7.667;7.21
1039;12;19;10.686;13.26
1040;12;20;49.291;7.53
1041;12;21;27.071;9.75
1042;12;22;28.847;9.82
1043;12;22;21.656;3.6
1044;12;22;31.539;21.41
1045;12;23;36.182;16.91
1046;12;23;40.328;16.78
1047;12;23;28.892;22.4
1048;12;24;48.346;9.95
1049;12;24;44.934;20.41
1050;12;25;4.411;12.37
1051;12;25;5.114;12.62
1052;12;25;4.772;17.54
1053;12;26;40.666;13.88
1054;12;26;50.436;10.67
1055;12;27;45.674;17.77
1056;12;27;40.066;2.57
1057;12;28;17.667;10.34
1058;12;28;17.711;20.33
1059;12;28;20.131;3.02
1060;12;29;29.967;1.88
1061;12;29;29.515;19.09
1062;12;30;22.291;8.77
1063;12;31;29.991;24.33
1064;12;31;29.52;9.94
1065;12;32;41.27;15.43
1066;12;32;45.078;21.8
1067;12;32;34.569;14.16
1068;12;33;57.552;8.49
1069;12;33;46.312;13.29
1070;12;34;27.463;18.32
1071;12;35;27.657;6.95
1072;12;36;34.854;4.76
1073;12;36;38.53;14.76
1074;12;36;37.392;22.0
1075;12;37;17.743;9.68
1076;12;37;18.823;4.95
1077;12;37;16.498;22.18
1078;12;38;21.784;8.23
1079;12;38;25.602;6.3
1080;12;38;17.486;18.2
1081;12;39;50.588;23.12
1082;12;39;39.517;1.18
1083;12;39;56.965;8.9
1084;12;40;12.572;24.65
1085;12;40;11.422;8.67
1086;12;41;38.752;6.38
1087;12;42;9.785;8.17
1088;12;42;11.346;10.11
1089;12;43;36.161;8.18
1090;12;44;55.748;2.96
1091;12;44;58.305;15.37
1092;12;45;31.148;8.42
1093;12;45;32.999;11.74
1094;12;45;38.372;6.15
1095;12;46;10.142;15.12
1096;12;47;26.148;5.42
1097;12;47;26.482;12.88
1098;12;47;26.796;7.54
1099;12;48;32.631;5.22
1100;12;48;40.055;20.69
1101;12;49;36.549;18.68
1102;12;49;27.447;13.72
1103;13;14;59.115;23.8
1104;13;14;49.518;14.05
1105;13;15;10.457;20.6
1106;13;15;10.554;0.89
1107;13;15;8.02;2.16
1108;13;16;99.932;22.56
1109;13;17;30.947;19.93
1110;13;17;27.057;2.96
1111;13;17;25.017;11.6
1112;13;18;32.94;4.56
1113;13;19;36.11;19.21
1114;13;20;49.527;9.18
1115;13;20;46.663;22.53
1116;13;21;15.964;12.27
1117;13;22;14.427;11.34
1118;13;23;19.544;19.86
1119;13;23;17.402;18.44
1120;13;24;11.863;7.94
1121;13;24;12.313;4.6
1122;13;25;38.629;19.1
1123;13;25;29.733;6.6
1124;13;26;43.638;0.45
1125;13;27;87.667;22.85
1126;13;28;25.351;10.11
1127;13;28;23.464;17.93
1128;13;29;15.226;24.79
1129;13;30;20.617;14.23
1130;13;30;19.076;8.56
1131;13;31;19.327;22.57
1132;13;32;78.579;8.48
1133;13;32;90.844;1.71
1134;13;32;69.092;6.24
1135;13;33;41.861;22.16
1136;13;34;18.896;23.72
1137;13;35;15.483;9.56
1138;13;36;76.504;6.64
1139;13;36;61.226;3.57
1140;13;37;33.169;19.21
1141;13;37;30.239;2.38
1142;13;37;26.167;23.5
1143;13;38;62.732;20.21
1144;13;38;65.181;13.66
1145;13;39;38.132;8.55
1146;13;39;44.326;23.86
1147;13;40;34.924;23.17
1148;13;40;37.631;2.84
1149;13;40;37.003;2.41
1150;13;41;10.697;3.32
1151;13;42;34.137;24.3
1152;13;42;41.325;9.89
1153;13;43;7.656;13.38
1154;13;43;8.109;9.66
1155;13;43;7.181;2.25
1156;13;44;46.408;5.48
1157;13;45;14.195;4.82
1158;13;46;34.184;3.3
1159;13;47;16.864;8.78
1160;13;48;12.165;22.82
1161;13;48;11.048;16.34
1162;13;48;13.563;14.08
1163;13;49;18.315;21.67
1164;13;49;14.398;9.12
1165;14;15;65.94;0.31
1166;14;15;57.241;0.18
1167;14;16;104.258;8.17
1168;14;16;88.227;1.78
1169;14;17;90.045;14.77
1170;14;18;65.343;18.57
1171;14;19;72.712;9.89
1172;14;20;104.601;11.54
1173;14;20;125.771;19.62
1174;14;21;58.09;3.22
1175;14;21;57.86;12.88
1176;14;21;61.052;22.55
1177;14;22;56.809;1.72
1178;14;22;48.14;14.65
1179;14;22;67.751;17.54
1180;14;23;42.748;6.49
1181;14;23;47.088;17.94
1182;14;24;48.727;10.43
1183;14;25;66.54;3.98
1184;14;25;59.723;17.18
1185;14;25;53.56;14.38
1186;14;26;96.875;15.69
1187;14;27;93.199;6.43
1188;14;27;77.087;21.46
1189;14;28;63.55;18.19
1190;14;29;52.787;16.02
1191;14;29;48.678;9.23
1192;14;29;62.257;15.77
1193;14;30;60.251;23.43
1194;14;31;71.292;7.04
1195;14;32;74.772;21.3
1196;14;32;64.693;12.32
1197;14;33;17.276;5.19
1198;14;34;68.379;15.8
1199;14;35;57.478;9.92
1200;14;35;62.257;17.79
1201;14;36;83.961;5.1
1202;14;36;102.37;12.3
1203;14;36;76.514;14.33
1204;14;37;52.388;6.58
1205;14;38;73.873;0.43
1206;14;39;21.887;16.83
1207;14;39;25.129;23.76
1208;14;39;22.057;5.33
1209;14;40;73.195;14.61
1210;14;41;68.151;13.81
1211;14;42;68.81;11.64
1212;14;43;55.522;15.44
1213;14;43;47.644;10.45
1214;14;43;66.058;23.11
1215;14;44;104.196;16.95
1216;14;44;79.416;10.91
1217;14;44;82.473;18.01
1218;14;45;52.548;14.0
1219;14;45;54.622;3.52
1220;14;45;42.776;22.49
1221;14;46;69.467;19.39
1222;14;46;79.357;11.63
1223;14;46;67.627;12.85
1224;14;47;61.402;19.41
1225;14;47;55.131;21.93
1226;14;48;53.424;3.8
1227;14;49;74.442;2.78
1228;14;49;82.627;4.03
1229;14;49;82.007;14.92
1230;15;16;93.521;17.75
1231;15;16;110.881;8.85
1232;15;16;105.761;12.89
1233;15;17;25.626;24.49
1234;15;18;26.057;15.51
1235;15;18;28.218;13.93
1236;15;19;27.607;19.31
1237;15;19;26.05;24.37
1238;15;19;25.393;11.86
1239;15;20;39.983;1.0
1240;15;20;33.17;0.78
1241;15;20;30.616;12.6
1242;15;21;11.952;16.19
1243;15;22;11.693;14.19
1244;15;22;11.972;21.53
1245;15;23;23.636;9.67
1246;15;23;23.746;14.97
1247;15;23;24.671;2.43
1248;15;24;21.705;14.38
1249;15;24;19.431;16.92
1250;15;24;24.801;11.73
1251;15;25;31.95;24.53
1252;15;25;33.838;1.13
1253;15;26;33.563;17.19
1254;15;26;34.401;16.76
1255;15;27;81.482;4.46
1256;15;28;18.422;13.55
1257;15;28;14.437;16.91
1258;15;28;22.45;4.11
1259;15;29;14.979;21.66
1260;15;29;12.765;18.77
1261;15;30;14.945;21.78
1262;15;30;16.801;6.51
1263;15;31;8.953;3.03
1264;15;32;74.426;4.35
1265;15;32;74.015;11.03
1266;15;32;89.408;5.53
1267;15;33;48.996;21.04
1268;15;33;48.335;5.12
1269;15;34;9.237;11.69
1270;15;34;10.682;13.13
1271;15;35;11.984;3.45
1272;15;35;10.755;6.2
1273;15;35;11.02;4.31
1274;15;36;70.506;22.18
1275;15;36;81.04;12.3
1276;15;36;69.675;6.37
1277;15;37;30.3;2.85
1278;15;37;23.158;1.86
1279;15;37;33.292;18.54
1280;15;38;56.963;0.09
1281;15;38;51.212;24.07
1282;15;39;44.226;24.57
1283;15;39;43.84;8.22
1284;15;39;53.391;1.77
1285;15;40;26.162;7.1
1286;15;40;22.669;4.57
1287;15;40;29.888;17.84
1288;15;41;3.31;15.8
1289;15;42;26.395;2.76
1290;15;42;29.044;20.03
1291;15;43;10.432;3.2
1292;15;44;38.272;21.7
1293;15;44;46.413;7.15
1294;15;44;44.963;13.78
1295;15;45;14.611;7.34
1296;15;45;13.374;9.36
1297;15;45;16.995;24.86
1298;15;46;26.27;17.1
1299;15;46;28.592;9.13
1300;15;47;10.632;11.87
1301;15;47;11.008;1.61
1302;15;47;12.875;1.7
1303;15;48;13.091;23.7
1304;15;48;10.749;14.52
1305;15;48;16.056;12.5
1306;15;49;8.671;20.01
1307;15;49;9.13;12.83
1308;15;49;6.677;4.69
1309;16;17;109.833;13.63
1310;16;18;67.493;12.1
1311;16;19;66.937;3.56
1312;16;19;70.728;17.8
1313;16;19;65.228;6.28
1314;16;20;96.25;0.91
1315;16;20;87.691;2.47
1316;16;21;83.972;22.64
1317;16;21;63.471;4.63
1318;16;21;87.62;12.3
1319;16;22;85.535;8.12
1320;16;22;66.077;12.98
1321;16;22;101.296;0.9
1322;16;23;88.556;21.75
1323;16;23;77.337;11.98
1324;16;23;104.404;3.48
1325;16;24;103.288;21.47
1326;16;25;61.618;11.01
1327;16;26;89.327;23.01
1328;16;27;12.409;16.92
1329;16;27;12.22;23.05
1330;16;28;75.189;15.23
1331;16;29;85.65;21.35
1332;16;30;79.454;17.2
1333;16;30;79.198;18.82
1334;16;31;87.307;8.47
1335;16;31;68.332;9.38
1336;16;31;78.021;10.57
1337;16;32;29.586;2.36
1338;16;33;100.154;5.21
1339;16;34;85.017;24.72
1340;16;34;71.864;9.48
1341;16;34;77.043;17.25
1342;16;35;84.45;5.33
1343;16;36;23.616;6.66
1344;16;37;68.519;5.8
1345;16;37;66.591;13.85
1346;16;37;66.936;18.87
1347;16;38;37.38;20.52
1348;16;38;42.091;10.16
1349;16;38;43.395;19.68
1350;16;39;93.798;6.4
1351;16;39;74.505;10.35
1352;16;40;68.717;24.37
1353;16;40;68.662;13.79
1354;16;40;66.775;3.35
1355;16;41;96.388;13.18
1356;16;41;120.251;3.3
1357;16;42;67.282;12.31
1358;16;43;92.705;14.85
1359;16;43;114.574;10.28
1360;16;44;106.029;15.74
1361;16;45;86.837;24.4
1362;16;46;67.512;22.37
1363;16;47;83.549;10.74
1364;16;47;96.678;22.02
1365;16;48;88.638;16.73
1366;16;49;93.673;23.9
1367;17;18;46.063;2.91
1368;17;18;42.093;14.13
1369;17;18;57.514;7.66
1370;17;19;43.764;22.55
1371;17;19;49.15;7.42
1372;17;19;50.687;9.47
1373;17;20;27.076;19.25
1374;17;20;23.147;4.72
1375;17;21;37.002;19.71
1376;17;22;37.142;20.17
1377;17;23;48.874;2.63
1378;17;23;52.273;12.32
1379;17;24;42.085;3.45
1380;17;24;52.481;2.88
1381;17;25;51.433;21.03
1382;17;26;26.588;14.09
1383;17;26;23.996;6.87
1384;17;27;98.653;5.99
1385;17;27;74.926;8.24
1386;17;28;39.848;6.53
1387;17;28;33.602;19.31
1388;17;29;40.599;22.19
1389;17;30;38.502;7.02
1390;17;30;34.506;23.22
1391;17;31;25.585;6.24
1392;17;31;30.25;14.56
1393;17;32;95.326;5.07
1394;17;32;108.809;13.65
1395;17;32;91.841;24.89
1396;17;33;72.802;12.77
1397;17;34;28.971;9.65
1398;17;34;33.013;5.11
1399;17;34;25.543;11.18
1400;17;35;37.21;22.06
1401;17;35;27.932;5.37
1402;17;35;44.455;7.03
1403;17;36;88.461;16.48
1404;17;36;90.371;17.42
1405;17;36;75.293;3.83
1406;17;37;54.329;9.82
1407;17;38;75.973;17.65
1408;17;38;80.609;11.96
1409;17;38;75.679;12.75
1410;17;39;68.826;22.26
1411;17;40;41.877;6.3
1412;17;41;22.692;6.11
1413;17;41;17.764;10.33
1414;17;42;44.693;6.47
1415;17;43;35.297;9.17
1416;17;44;18.71;19.61
1417;17;45;40.228;14.87
1418;17;45;38.52;15.24
1419;17;45;40.313;18.25
1420;17;46;44.213;9.25
1421;17;46;33.905;22.98
1422;17;47;34.699;16.03
1423;17;47;36.42;5.21
1424;17;47;33.855;21.48
1425;17;48;38.631;20.45
1426;17;49;19.222;4.88
1427;17;49;14.626;23.49
1428;18;19;7.406;22.66
1429;18;20;45.399;15.78
1430;18;21;17.198;18.2
1431;18;21;14.259;3.09
1432;18;22;19.032;4.16
1433;18;23;27.982;24.75
1434;18;24;38.871;20.19
1435;18;25;5.893;19.61
1436;18;26;36.695;11.06
1437;18;27;55.425;17.77
1438;18;28;7.708;10.25
1439;18;29;20.552;11.96
1440;18;29;17.013;4.93
1441;18;29;21.599;19.59
1442;18;30;12.365;22.23
1443;18;31;20.912;20.81
1444;18;31;20.962;4.31
1445;18;31;16.48;11.6
1446;18;32;49.42;1.53
1447;18;32;52.572;16.14
1448;18;32;39.139;23.54
1449;18;33;51.627;13.36
1450;18;33;58.155;19.0
1451;18;34;18.034;15.38
1452;18;35;17.815;6.67
1453;18;36;44.461;0.6
1454;18;36;43.882;16.83
1455;18;37;13.514;24.9
1456;18;38;31.01;9.19
1457;18;38;38.326;12.35
1458;18;39;44.869;6.43
1459;18;39;39.211;15.79
1460;18;39;45.484;5.56
1461;18;40;8.231;14.79
1462;18;40;7.495;16.96
1463;18;41;29.019;9.77
1464;18;41;32.42;1.3
1465;18;42;3.504;7.07
1466;18;42;3.361;11.81
1467;18;42;3.041;22.53
1468;18;43;26.329;12.66
1469;18;44;50.115;8.62
1470;18;44;49.189;22.37
1471;18;44;41.101;3.46
1472;18;45;21.699;4.34
1473;18;45;25.2;19.03
1474;18;46;4.209;12.35
1475;18;46;5.06;5.15
1476;18;47;16.173;10.96
1477;18;47;16.085;18.64
1478;18;47;16.205;11.35
1479;18;48;23.02;5.72
1480;18;48;25.303;3.36
1481;18;49;27.562;12.94
1482;18;49;26.406;18.17
1483;19;20;39.399;24.77
1484;19;20;41.323;5.68
1485;19;20;41.675;24.96
1486;19;21;21.505;13.08
1487;19;21;24.72;7.7
1488;19;21;26.748;3.52
1489;19;22;23.479;7.4
1490;19;23;34.368;2.11
1491;19;23;31.114;14.79
1492;19;24;43.651;8.93
1493;19;25;9.199;8.94
1494;19;25;7.25;2.23
1495;19;25;7.783;10.68
1496;19;26;30.687;5.5
1497;19;26;34.778;15.48
1498;19;26;23.746;8.89
1499;19;27;55.307;1.99
1500;19;27;60.927;1.04
1501;19;27;54.829;18.97
1502;19;28;11.648;21.75
1503;19;28;11.67;13.29
1504;19;28;13.242;2.67
1505;19;29;25.88;20.86
1506;19;29;23.495;17.39
1507;19;29;25.541;15.14
1508;19;30;16.748;17.2
1509;19;30;14.03;2.8
1510;19;30;17.889;16.19
1511;19;31;20.445;22.27
1512;19;31;18.525;15.61
1513;19;31;21.11;13.14
1514;19;32;51.946;6.06
1515;19;33;58.771;6.96
1516;19;33;67.364;11.46
1517;19;33;66.32;3.98
1518;19;34;18.528;6.85
1519;19;35;22.227;10.61
1520;19;35;26.555;23.37
1521;19;35;23.288;15.18
1522;19;36;44.819;12.17
1523;19;37;20.863;22.38
1524;19;37;19.051;24.01
1525;19;38;32.227;19.88
1526;19;38;34.483;16.01
1527;19;38;29.842;14.91
1528;19;39;52.081;13.52
1529;19;40;1.897;2.45
1530;19;41;30.089;0.59
1531;19;41;24.527;19.27
1532;19;42;3.909;9.45
1533;19;43;30.433;0.84
1534;19;43;30.227;9.11
1535;19;44;45.24;7.98
1536;19;44;42.957;8.51
1537;19;45;26.925;8.6
1538;19;45;31.773;16.96
1539;19;46;3.248;4.14
1540;19;46;2.741;11.42
1541;19;47;19.469;5.64
1542;19;47;16.026;21.44
1543;19;47;18.002;15.91
1544;19;48;27.876;3.09
1545;19;48;29.764;3.15
1546;19;49;26.736;7.04
1547;19;49;32.119;12.03
1548;19;49;30.044;20.6
1549;20;21;46.546;22.8
1550;20;21;35.537;0.65
1551;20;21;36.442;14.2
1552;20;22;47.793;22.51
1553;20;22;48.353;24.98
1554;20;22;40.076;7.82
1555;20;23;61.902;15.93
1556;20;23;56.345;11.6
1557;20;24;61.346;23.42
1558;20;25;48.597;10.87
1559;20;25;37.298;9.39
1560;20;26;8.722;21.03
1561;20;27;86.713;6.89
1562;20;27;70.639;2.32
1563;20;27;87.79;13.33
1564;20;28;43.076;20.26
1565;20;28;46.674;9.9
1566;20;29;51.814;18.74
1567;20;30;45.011;16.21
1568;20;30;54.001;0.35
1569;20;30;46.706;22.62
1570;20;31;33.346;7.14
1571;20;32;88.825;2.59
1572;20;32;97.182;21.88
1573;20;32;79.814;17.27
1574;20;33;88.195;3.21
1575;20;33;86.654;24.85
1576;20;34;36.232;16.75
1577;20;34;34.321;16.14
1578;20;35;47.138;20.3
1579;20;36;78.233;6.56
1580;20;36;81.535;23.23
1581;20;37;57.987;12.32
1582;20;37;64.375;19.74
1583;20;37;57.664;18.18
1584;20;38;68.337;3.31
1585;20;38;77.857;1.74
1586;20;39;82.719;8.32
1587;20;39;63.247;23.02
1588;20;39;89.362;22.97
1589;20;40;37.798;9.09
1590;20;40;29.136;21.96
1591;20;41;38.857;4.4
1592;20;42;42.419;3.49
1593;20;42;50.408;2.62
1594;20;42;43.725;8.25
1595;20;43;50.094;20.36
1596;20;43;53.752;24.84
1597;20;44;11.417;5.06
1598;20;44;13.714;0.66
1599;20;44;10.055;17.86
1600;20;45;52.082;22.64
1601;20;45;61.894;2.74
1602;20;45;44.737;19.07
1603;20;46;41.697;0.96
1604;20;47;43.259;15.02
1605;20;47;47.424;4.65
1606;20;47;36.717;15.83
1607;20;48;51.362;9.92
1608;20;49;31.387;14.26
1609;20;49;38.017;2.78
1610;21;22;1.983;6.23
1611;21;23;15.628;23.7
1612;21;23;15.419;15.03
1613;21;23;14.996;1.84
1614;21;24;22.147;24.64
1615;21;24;23.185;10.35
1616;21;25;22.745;2.91
1617;21;25;24.348;11.63
1618;21;26;38.807;20.9
1619;21;27;71.72;21.8
1620;21;28;9.969;2.98
1621;21;28;10.385;20.68
1622;21;29;5.468;13.93
1623;21;29;5.123;15.32
1624;21;30;4.879;2.53
1625;21;30;4.31;13.83
1626;21;30;4.363;0.24
1627;21;31;13.464;10.12
1628;21;32;63.257;19.66
1629;21;32;61.247;6.71
1630;21;33;42.003;19.87
1631;21;34;10.322;11.17
1632;21;34;8.966;23.46
1633;21;34;11.492;6.69
1634;21;35;0.76;6.73
1635;21;36;60.572;6.58
1636;21;37;18.455;22.93
1637;21;37;22.786;8.3
1638;21;38;46.819;5.07
1639;21;39;36.234;20.42
1640;21;39;31.357;23.24
1641;21;40;20.726;7.0
1642;21;40;22.555;23.33
1643;21;41;15.254;12.9
1644;21;41;14.864;8.43
1645;21;41;13.771;10.49
1646;21;42;18.873;12.5
1647;21;42;22.741;10.87
1648;21;42;14.469;10.23
1649;21;43;9.141;24.07
1650;21;43;10.846;7.38
1651;21;43;10.111;21.9
1652;21;44;47.239;2.32
1653;21;45;6.106;8.02
1654;21;46;19.06;10.66
1655;21;47;3.328;7.43
1656;21;48;6.494;22.57
1657;21;48;7.123;13.6
1658;21;49;18.196;10.09
1659;22;23;14.157;19.53
1660;22;23;17.272;21.32
1661;22;24;20.174;24.45
1662;22;24;24.269;23.73
1663;22;25;24.494;19.87
1664;22;25;20.472;16.26
1665;22;25;21.49;16.23
1666;22;26;40.197;20.57
1667;22;26;48.849;3.71
1668;22;27;73.254;5.3
1669;22;28;11.916;5.09
1670;22;29;4.023;20.18
1671;22;30;6.801;0.48
1672;22;30;5.107;14.36
1673;22;30;5.209;11.68
1674;22;31;14.514;12.02
1675;22;31;11.803;3.52
1676;22;32;64.413;8.56
1677;22;32;74.773;6.08
1678;22;33;40.544;24.91
1679;22;34;11.6;18.49
1680;22;34;12.836;5.12
1681;22;34;11.033;3.99
1682;22;35;1.253;3.19
1683;22;35;1.166;20.95
1684;22;35;1.308;16.88
1685;22;36;62.083;7.13
1686;22;36;49.443;14.09
1687;22;36;70.9;15.03
1688;22;37;19.289;1.24
1689;22;37;21.154;13.34
1690;22;37;16.696;7.07
1691;22;38;48.307;5.03
1692;22;38;56.877;18.47
1693;22;39;34.926;12.74
1694;22;40;22.709;6.21
1695;22;40;24.616;24.54
1696;22;41;14.928;9.21
1697;22;41;11.487;5.12
1698;22;42;20.804;21.41
1699;22;42;21.196;6.15
1700;22;42;25.49;11.28
1701;22;43;7.314;10.24
1702;22;44;48.082;23.06
1703;22;44;54.68;0.25
1704;22;44;44.262;5.99
1705;22;45;4.399;14.04
1706;22;45;4.58;8.04
1707;22;45;4.711;7.6
1708;22;46;21.006;0.56
1709;22;46;15.77;22.29
1710;22;46;23.38;8.65
1711;22;47;4.963;3.61
1712;22;48;4.534;16.54
1713;22;49;18.686;22.67
1714;23;24;15.711;18.16
1715;23;24;17.104;19.4
1716;23;24;13.555;10.07
1717;23;25;31.901;23.75
1718;23;25;28.373;20.77
1719;23;25;31.324;22.74
1720;23;26;54.354;19.36
1721;23;27;76.152;5.46
1722;23;28;23.195;19.62
1723;23;29;10.181;6.76
1724;23;29;11.562;1.88
1725;23;30;18.772;17.8
1726;23;30;21.366;6.95
1727;23;30;15.188;8.43
1728;23;31;28.563;0.11
1729;23;32;63.918;16.86
1730;23;33;26.392;0.09
1731;23;33;20.876;5.75
1732;23;34;25.756;13.09
1733;23;34;24.703;19.67
1734;23;34;24.049;12.77
1735;23;35;14.954;8.73
1736;23;36;64.996;2.85
1737;23;37;20.283;12.34
1738;23;38;51.445;8.47
1739;23;39;20.867;3.74
1740;23;40;34.163;17.01
1741;23;40;41.924;5.02
1742;23;41;26.25;9.82
1743;23;41;26.617;10.7
1744;23;42;30.866;4.97
1745;23;43;13.583;2.54
1746;23;43;12.793;11.22
1747;23;43;12.885;18.19
1748;23;44;61.638;15.29
1749;23;44;70.064;18.67
1750;23;44;65.766;9.7
1751;23;45;9.821;10.29
1752;23;45;12.185;21.35
1753;23;45;8.595;10.63
1754;23;46;31.323;5.18
1755;23;46;31.88;4.58
1756;23;47;18.951;21.79
1757;23;48;10.724;0.89
1758;23;48;9.027;10.11
1759;23;49;31.884;23.31
1760;23;49;35.129;8.63
1761;24;25;43.935;8.25
1762;24;26;55.244;3.43
1763;24;26;57.56;1.26
1764;24;27;90.886;8.95
1765;24;27;78.034;20.73
1766;24;27;94.85;6.49
1767;24;28;32.075;2.77
1768;24;28;32.68;20.58
1769;24;28;35.503;6.12
1770;24;29;18.382;9.77
1771;24;29;21.667;22.39
1772;24;29;18.601;17.17
1773;24;30;26.949;2.43
1774;24;30;21.446;3.76
1775;24;30;23.351;6.56
1776;24;31;30.057;20.12
1777;24;32;79.455;8.23
1778;24;32;67.43;17.87
1779;24;33;31.508;11.91
1780;24;34;28.791;18.89
1781;24;35;21.427;14.3
1782;24;36;79.672;24.47
1783;24;36;72.153;5.7
1784;24;36;91.856;5.53
1785;24;37;34.798;18.74
1786;24;37;28.668;19.08
1787;24;38;65.942;4.61
1788;24;38;60.893;23.11
1789;24;38;67.515;21.36
1790;24;39;28.986;0.1
1791;24;40;42.835;5.92
1792;24;41;22.49;2.84
1793;24;42;40.916;12.35
1794;24;42;42.928;16.36
1795;24;42;38.271;7.17
1796;24;43;13.506;20.6
1797;24;43;16.379;14.02
1798;24;43;13.856;15.24
1799;24;44;58.187;16.56
1800;24;45;17.206;23.37
1801;24;45;16.822;2.64
1802;24;46;41.151;7.72
1803;24;46;45.004;18.16
1804;24;47;24.469;20.45
1805;24;48;15.879;16.51
1806;24;48;12.093;4.44
1807;24;49;30.026;11.46
1808;24;49;23.632;3.95
1809;25;26;39.886;16.96
1810;25;26;36.034;1.48
1811;25;27;49.535;1.44
1812;25;27;53.484;17.65
1813;25;28;13.572;1.96
1814;25;28;14.208;2.68
1815;25;29;25.556;7.68
1816;25;30;18.012;15.39
1817;25;30;16.743;5.56
1818;25;30;14.467;9.28
1819;25;31;26.6;6.4
1820;25;31;29.183;8.87
1821;25;31;27.14;11.42
1822;25;32;43.898;3.68
1823;25;33;53.889;8.54
1824;25;33;56.822;12.03
1825;25;34;23.842;20.04
1826;25;34;18.715;9.52
1827;25;35;23.314;11.78
1828;25;35;27.829;15.68
1829;25;35;21.882;5.0
1830;25;36;38.57;9.21
1831;25;36;37.632;22.29
1832;25;37;14.211;12.89
1833;25;37;16.365;4.1
1834;25;38;25.157;4.77
1835;25;38;30.013;1.62
1836;25;38;21.092;24.44
1837;25;39;46.969;4.23
1838;25;40;10.87;24.14
1839;25;40;10.779;16.36
1840;25;40;9.904;9.09
1841;25;41;34.908;10.83
1842;25;42;6.816;15.75
1843;25;42;7.174;1.53
1844;25;42;5.472;15.87
1845;25;43;31.806;20.83
1846;25;44;54.257;6.56
1847;25;45;26.738;15.44
1848;25;46;7.399;22.93
1849;25;46;6.024;6.4
1850;25;47;21.973;15.44
1851;25;48;28.231;23.9
1852;25;48;24.13;16.71
1853;25;49;33.232;5.03
1854;25;49;32.515;9.53
1855;25;49;37.195;11.63
1856;26;27;79.353;20.93
1857;26;28;34.629;17.54
1858;26;29;44.188;7.22
1859;26;29;41.595;24.73
1860;26;29;38.495;19.94
1861;26;30;36.879;12.67
1862;26;30;38.57;10.0
1863;26;31;26.038;10.69
1864;26;31;29.74;2.59
1865;26;31;23.118;23.55
1866;26;32;80.577;23.37
1867;26;33;80.739;12.73
1868;26;33;75.448;5.63
1869;26;33;99.823;5.86
1870;26;34;28.603;23.87
1871;26;34;32.378;23.38
1872;26;34;29.788;9.38
1873;26;35;39.442;21.45
1874;26;36;70.48;14.83
1875;26;36;82.094;8.72
1876;26;36;81.161;20.02
1877;26;37;49.387;4.49
1878;26;37;58.235;1.17
1879;26;37;49.733;17.53
1880;26;38;60.114;0.9
1881;26;39;75.039;9.44
1882;26;39;67.483;12.27
1883;26;39;88.985;14.12
1884;26;40;29.078;5.8
1885;26;40;23.919;13.39
1886;26;40;31.3;15.18
1887;26;41;32.982;1.28
1888;26;41;36.619;10.81
1889;26;41;39.152;9.73
1890;26;42;33.698;15.12
1891;26;42;32.531;7.8
1892;26;42;26.98;17.34
1893;26;43;43.229;2.14
1894;26;43;37.1;24.46
1895;26;43;52.25;3.57
1896;26;44;16.702;4.29
1897;26;44;13.204;24.58
1898;26;44;14.322;6.2
1899;26;45;44.56;5.3
1900;26;46;32.976;11.11
1901;26;46;31.401;2.85
1902;26;46;27.524;16.13
1903;26;47;35.485;12.6
1904;26;47;35.448;18.21
1905;26;47;41.814;9.85
1906;26;48;44.025;10.25
1907;26;49;25.336;1.63
1908;27;28;63.095;16.72
1909;27;28;65.899;7.26
1910;27;29;73.294;1.99
1911;27;30;67.256;21.15
1912;27;30;66.02;2.21
1913;27;31;75.54;16.41
1914;27;31;66.6;23.54
1915;27;31;68.193;23.04
1916;27;32;19.736;12.03
1917;27;32;23.231;22.72
1918;27;32;23.386;21.25
1919;27;33;88.29;15.97
1920;27;34;73.127;5.07
1921;27;34;82.261;17.43
1922;27;34;71.525;14.76
1923;27;35;72.184;5.55
1924;27;35;59.573;24.85
1925;27;36;11.221;4.88
1926;27;36;11.028;22.01
1927;27;36;12.125;24.45
1928;27;37;56.111;1.26
1929;27;37;58.986;5.1
1930;27;37;44.963;10.29
1931;27;38;25.01;22.47
1932;27;38;31.016;4.75
1933;27;38;24.258;19.81
1934;27;39;81.826;16.8
1935;27;39;85.881;23.52
1936;27;39;79.421;19.4
1937;27;40;57.129;14.32
1938;27;40;55.933;24.25
1939;27;41;84.406;17.22
1940;27;41;100.393;23.16
1941;27;41;83.456;8.56
1942;27;42;55.399;14.52
1943;27;43;80.393;3.27
1944;27;44;95.994;7.21
1945;27;45;74.479;9.22
1946;27;45;64.169;4.11
1947;27;46;55.671;3.77
1948;27;46;60.857;7.55
1949;27;46;55.815;7.74
1950;27;47;71.392;18.72
1951;27;48;76.293;20.26
1952;27;48;61.538;6.94
1953;27;48;68.212;4.34
1954;27;49;81.991;18.48
1955;27;49;70.179;8.18
1956;28;29;14.254;21.0
1957;28;30;5.126;0.55
1958;28;30;6.305;18.95
1959;28;31;14.274;24.3
1960;28;31;16.779;2.17
1961;28;31;10.99;10.91
1962;28;32;56.41;4.1
1963;28;32;53.429;19.77
1964;28;33;48.598;12.19
1965;28;33;52.249;5.27
1966;28;33;40.67;2.29
1967;28;34;11.015;13.79
1968;28;35;10.664;6.05
1969;28;35;9.919;22.57
1970;28;36;52.091;5.3
1971;28;36;44.85;19.02
1972;28;37;15.322;22.7
1973;28;37;18.461;24.45
1974;28;37;16.983;16.07
1975;28;38;38.546;19.43
1976;28;38;32.341;15.96
1977;28;38;31.76;2.03
1978;28;39;42.199;12.62
1979;28;39;42.046;23.56
1980;28;39;33.505;13.41
1981;28;40;11.104;9.79
1982;28;40;8.657;21.3
1983;28;40;12.38;0.44
1984;28;41;21.46;24.54
1985;28;41;22.347;6.99
1986;28;41;25.238;23.12
1987;28;42;8.916;3.03
1988;28;42;6.871;14.73
1989;28;42;6.921;14.0
1990;28;43;19.057;10.11
1991;28;43;23.763;11.86
1992;28;44;46.158;11.2
1993;28;45;15.282;3.28
1994;28;45;17.811;14.2
1995;28;45;15.421;7.76
1996;28;46;9.092;14.2
1997;28;46;7.435;14.45
1998;28;46;7.687;8.43
1999;28;47;8.507;10.87
2000;28;47;8.001;17.96
2001;28;48;16.247;10.33
2002;28;48;18.865;20.28
2003;28;48;15.439;14.1
2004;28;49;20.827;18.27
2005;28;49;23.006;0.58
2006;29;30;9.29;18.84
2007;29;31;18.534;2.48
2008;29;31;17.528;10.23
2009;29;31;14.527;9.68
2010;29;32;63.438;8.81
2011;29;33;36.571;0.26
2012;29;33;32.944;14.18
2013;29;34;15.606;2.9
2014;29;35;4.777;18.28
2015;29;35;4.792;8.42
2016;29;36;62.08;14.12
2017;29;36;68.169;19.81
2018;29;36;74.126;6.44
2019;29;37;17.99;0.13
2020;29;37;22.436;16.28
2021;29;37;17.677;21.87
2022;29;38;48.284;5.71
2023;29;38;48.684;24.28
2024;29;39;30.906;6.02
2025;29;39;38.115;7.57
2026;29;40;25.339;12.2
2027;29;40;25.974;21.3
2028;29;40;24.015;6.82
2029;29;41;18.056;17.7
2030;29;42;22.821;13.74
2031;29;43;7.57;12.99
2032;29;44;52.029;16.26
2033;29;45;1.197;20.25
2034;29;45;1.494;4.77
2035;29;45;0.929;24.12
2036;29;46;23.133;9.12
2037;29;47;8.778;9.68
2038;29;47;10.422;1.92
2039;29;47;9.715;2.34
2040;29;48;3.09;15.16
2041;29;48;2.367;22.57
2042;29;48;3.518;3.59
2043;29;49;22.496;19.22
2044;29;49;16.921;20.64
2045;29;49;20.624;22.04
2046;30;31;13.365;12.28
2047;30;32;59.499;18.65
2048;30;32;74.047;4.21
2049;30;33;44.744;0.69
2050;30;34;9.857;8.32
2051;30;35;5.552;15.59
2052;30;36;56.153;23.04
2053;30;36;69.668;13.49
2054;30;36;69.592;13.93
2055;30;37;15.85;1.57
2056;30;37;19.173;23.49
2057;30;37;12.222;7.16
2058;30;38;42.459;5.46
2059;30;38;46.693;15.37
2060;30;39;38.597;19.09
2061;30;40;16.093;15.01
2062;30;40;15.088;15.58
2063;30;41;18.193;16.6
2064;30;41;16.444;23.35
2065;30;41;19.617;12.04
2066;30;42;14.003;6.73
2067;30;42;10.851;5.38
2068;30;42;14.487;0.13
2069;30;43;14.015;14.21
2070;30;44;46.874;11.5
2071;30;44;51.726;23.63
2072;30;44;44.112;15.69
2073;30;45;10.255;23.66
2074;30;46;14.209;16.53
2075;30;46;11.09;0.6
2076;30;47;4.319;23.94
2077;30;47;4.657;10.66
2078;30;48;11.129;10.77
2079;30;48;10.563;19.93
2080;30;48;8.39;14.11
2081;30;49;19.29;21.47
2082;31;32;70.322;19.71
2083;31;32;78.868;11.65
2084;31;32;66.972;19.83
2085;31;33;54.858;8.66
2086;31;33;53.455;13.81
2087;31;34;3.511;4.19
2088;31;35;13.977;23.03
2089;31;35;16.498;15.61
2090;31;36;64.83;12.29
2091;31;36;79.253;23.79
2092;31;37;28.942;24.74
2093;31;38;51.688;2.21
2094;31;38;42.853;9.26
2095;31;38;64.117;10.53
2096;31;39;49.405;13.7
2097;31;39;53.807;5.84
2098;31;39;46.819;7.98
2099;31;40;18.76;4.79
2100;31;41;10.342;8.48
2101;31;41;8.808;12.17
2102;31;41;7.762;5.73
2103;31;42;20.207;0.6
2104;31;42;19.142;5.18
2105;31;43;17.313;19.57
2106;31;43;16.184;1.3
2107;31;43;19.138;6.04
2108;31;44;33.83;7.32
2109;31;44;42.232;23.52
2110;31;45;18.747;11.0
2111;31;45;15.947;0.33
2112;31;46;19.886;20.23
2113;31;47;10.358;1.99
2114;31;48;18.039;2.37
2115;31;48;17.499;22.45
2116;31;48;21.384;19.12
2117;31;49;6.651;10.25
2118;31;49;6.953;12.34
2119;31;49;7.824;15.58
2120;32;33;71.704;23.22
2121;32;33;82.703;6.08
2122;32;33;67.458;24.58
2123;32;34;67.324;16.06
2124;32;34;64.431;21.18
2125;32;34;59.726;6.21
2126;32;35;63.546;10.62
2127;32;35;66.453;23.37
2128;32;36;15.436;0.41
2129;32;37;45.45;20.15
2130;32;38;20.49;2.77
2131;32;39;65.697;10.99
2132;32;39;73.795;14.92
2133;32;40;53.837;2.89
2134;32;41;77.629;13.78
2135;32;41;87.579;24.86
2136;32;42;50.638;15.61
2137;32;42;53.392;24.96
2138;32;42;52.719;7.52
2139;32;43;70.959;23.1
2140;32;44;96.476;17.88
2141;32;44;79.691;7.15
2142;32;44;104.791;23.65
2143;32;45;64.545;11.52
2144;32;45;60.29;12.21
2145;32;45;65.476;6.92
2146;32;46;51.138;0.92
2147;32;46;59.975;24.64
2148;32;47;63.818;1.94
2149;32;47;63.72;9.55
2150;32;48;66.528;16.4
2151;32;49;76.973;2.53
2152;33;34;52.136;24.95
2153;33;35;41.339;2.63
2154;33;35;45.66;1.92
2155;33;36;78.008;16.92
2156;33;36;90.417;8.62
2157;33;36;75.368;6.52
2158;33;37;39.809;23.43
2159;33;37;32.205;23.15
2160;33;37;49.741;6.24
2161;33;38;66.17;20.63
2162;33;39;7.003;22.04
2163;33;39;8.227;8.69
2164;33;39;5.943;0.84
2165;33;40;58.969;6.01
2166;33;40;52.25;16.82
2167;33;40;73.405;10.92
2168;33;41;51.076;10.14
2169;33;41;59.454;20.66
2170;33;41;59.067;10.83
2171;33;42;54.955;15.41
2172;33;42;63.399;22.46
2173;33;42;53.771;24.72
2174;33;43;38.565;6.5
2175;33;44;87.263;4.89
2176;33;44;88.506;23.7
2177;33;45;36.181;16.83
2178;33;45;44.312;18.19
2179;33;46;55.546;20.67
2180;33;46;60.291;12.73
2181;33;46;42.398;5.3
2182;33;47;45.33;7.23
2183;33;48;36.834;4.2
2184;33;48;38.158;12.94
2185;33;49;57.583;9.55
2186;33;49;69.233;4.69
2187;34;35;10.906;24.94
2188;34;36;62.303;14.87
2189;34;37;25.458;8.29
2190;34;37;24.179;0.3
2191;34;37;30.108;18.99
2192;34;38;48.998;7.71
2193;34;38;50.007;7.07
2194;34;38;56.912;1.52
2195;34;39;46.506;7.8
2196;34;39;40.569;0.38
2197;34;40;17.004;4.11
2198;34;40;19.909;10.02
2199;34;40;18.456;8.5
2200;34;41;11.562;6.31
2201;34;42;17.738;23.98
2202;34;42;18.922;18.63
2203;34;43;15.536;1.59
2204;34;44;37.204;18.42
2205;34;45;15.957;8.12
2206;34;46;17.511;7.79
2207;34;47;7.079;8.19
2208;34;47;7.966;6.36
2209;34;48;15.512;11.25
2210;34;48;12.746;7.09
2211;34;49;9.829;8.16
2212;34;49;8.012;11.05
2213;34;49;7.981;15.11
2214;35;36;61.024;11.94
2215;35;36;74.026;8.92
2216;35;36;54.494;4.58
2217;35;37;18.593;5.7
2218;35;38;47.259;3.21
2219;35;38;48.518;12.32
2220;35;38;47.441;0.2
2221;35;39;35.612;21.52
2222;35;40;21.465;13.24
2223;35;41;15.269;7.58
2224;35;41;17.95;3.73
2225;35;42;19.555;10.23
2226;35;42;20.127;11.83
2227;35;42;17.197;8.45
2228;35;43;8.515;14.57
2229;35;43;9.751;20.29
2230;35;44;47.699;19.94
2231;35;44;50.093;4.41
2232;35;44;49.136;24.75
2233;35;45;5.368;12.63
2234;35;45;6.608;15.81
2235;35;46;19.755;6.22
2236;35;46;18.276;0.96
2237;35;47;4.002;6.94
2238;35;48;5.739;12.86
2239;35;48;4.48;13.05
2240;35;48;7.054;13.83
2241;35;49;18.52;4.57
2242;35;49;19.577;14.53
2243;35;49;19.656;9.33
2244;36;37;44.909;7.96
2245;36;37;47.754;4.16
2246;36;37;54.988;20.73
2247;36;38;13.798;19.55
2248;36;38;14.165;20.61
2249;36;39;71.407;23.56
2250;36;39;82.573;16.3
2251;36;39;62.553;13.68
2252;36;40;46.677;3.33
2253;36;40;54.69;10.05
2254;36;40;39.005;24.82
2255;36;41;73.478;3.09
2256;36;42;44.63;12.97
2257;36;43;69.201;11.48
2258;36;43;66.582;2.09
2259;36;43;73.854;1.58
2260;36;44;86.948;10.64
2261;36;45;63.264;19.93
2262;36;45;76.128;3.44
2263;36;46;44.946;20.13
2264;36;46;51.457;18.98
2265;36;46;50.839;24.73
2266;36;47;60.322;16.32
2267;36;47;47.019;8.72
2268;36;48;65.084;13.52
2269;36;49;71.35;19.18
2270;37;38;31.245;22.67
2271;37;38;24.644;21.69
2272;37;39;32.85;14.05
2273;37;40;21.734;20.35
2274;37;41;33.609;0.55
2275;37;41;40.569;14.34
2276;37;42;17.0;14.51
2277;37;43;25.527;4.38
2278;37;44;61.476;19.1
2279;37;45;19.096;22.24
2280;37;46;17.719;19.15
2281;37;47;19.896;1.99
2282;37;48;21.079;9.88
2283;37;49;35.108;19.96
2284;37;49;28.205;3.44
2285;37;49;31.393;2.72
2286;38;39;59.367;24.13
2287;38;40;34.121;6.38
2288;38;40;26.819;1.05
2289;38;40;40.16;22.51
2290;38;41;59.995;17.69
2291;38;42;31.525;22.73
2292;38;42;26.749;12.68
2293;38;43;55.408;6.5
2294;38;44;76.122;18.55
2295;38;44;58.802;6.72
2296;38;44;76.05;3.63
2297;38;45;49.469;11.39
2298;38;45;39.351;23.93
2299;38;45;57.866;1.63
2300;38;46;31.918;0.3
2301;38;47;46.665;6.4
2302;38;47;44.094;18.63
2303;38;48;51.287;13.63
2304;38;49;58.284;20.78
2305;38;49;66.185;15.12
2306;39;40;52.353;20.41
2307;39;41;46.577;6.17
2308;39;42;48.236;5.53
2309;39;42;45.312;22.65
2310;39;42;57.59;14.52
2311;39;43;33.86;21.39
2312;39;43;36.802;5.67
2313;39;44;82.42;7.48
2314;39;45;30.661;13.09
2315;39;46;48.843;23.33
2316;39;46;55.72;15.28
2317;39;46;39.438;16.89
2318;39;47;39.554;16.72
2319;39;48;31.563;2.94
2320;39;48;26.522;13.25
2321;39;49;52.651;17.98
2322;40;41;28.551;2.03
2323;40;41;27.806;4.95
2324;40;41;34.895;0.26
2325;40;42;4.821;24.94
2326;40;42;5.852;14.13
2327;40;43;29.502;11.09
2328;40;43;29.832;14.77
2329;40;44;43.444;7.94
2330;40;44;34.022;1.14
2331;40;44;34.378;0.69
2332;40;45;26.341;21.56
2333;40;46;4.08;2.22
2334;40;47;18.477;24.84
2335;40;47;15.372;11.51
2336;40;48;27.172;9.63
2337;40;48;27.619;17.1
2338;40;49;24.972;10.61
2339;40;49;22.952;9.36
2340;40;49;18.885;20.36
2341;41;42;29.146;9.34
2342;41;43;12.744;6.57
2343;41;43;13.799;3.78
2344;41;43;13.389;22.86
2345;41;44;36.293;4.25
2346;41;44;42.215;19.3
2347;41;45;17.596;11.91
2348;41;45;19.745;21.21
2349;41;45;15.334;19.98
2350;41;46;28.972;20.57
2351;41;46;27.056;11.39
2352;41;46;31.562;5.12
2353;41;47;13.893;9.35
2354;41;48;15.946;20.22
2355;41;48;15.642;19.55
2356;41;48;14.347;19.96
2357;41;49;7.648;10.72
2358;42;43;27.973;0.02
2359;42;44;47.616;4.61
2360;42;45;23.918;21.12
2361;42;46;0.742;17.44
2362;42;47;17.282;7.11
2363;42;47;15.874;12.42
2364;42;47;13.029;5.49
2365;42;48;25.046;15.78
2366;42;48;29.578;20.4
2367;42;48;20.227;6.49
2368;42;49;26.77;22.71
2369;43;44;48.704;3.18
2370;43;44;45.249;3.44
2371;43;45;6.555;17.07
2372;43;45;5.823;5.57
2373;43;46;28.129;0.34
2374;43;46;27.505;11.03
2375;43;46;24.202;16.06
2376;43;47;11.037;13.32
2377;43;47;13.27;20.97
2378;43;47;11.581;12.07
2379;43;48;4.52;20.26
2380;43;48;3.72;20.83
2381;43;48;4.375;7.75
2382;43;49;19.04;8.93
2383;44;45;52.036;19.74
2384;44;46;46.951;2.63
2385;44;46;56.029;1.88
2386;44;47;44.188;22.13
2387;44;47;37.036;7.5
2388;44;47;47.95;1.97
2389;44;48;50.916;12.2
2390;44;49;29.769;6.78
2391;45;46;24.216;5.3
2392;45;46;21.57;5.99
2393;45;46;27.102;5.24
2394;45;47;9.332;21.97
2395;45;47;8.797;19.23
2396;45;48;2.034;18.09
2397;45;48;2.205;15.41
2398;45;49;22.391;21.82
2399;45;49;17.518;4.39
2400;45;49;24.303;18.77
2401;46;47;17.353;18.84
2402;46;48;25.295;24.46
2403;46;49;26.416;8.26
2404;46;49;24.496;18.12
2405;46;49;28.135;17.59
2406;47;48;9.394;17.61
2407;47;48;8.786;0.94
2408;47;49;15.608;18.32
2409;47;49;16.515;5.94
2410;47;49;11.926;14.07
2411;48;49;21.172;1.75
