VERTEX_COUNT 50
PATH_COUNT 1
BUDGET 180
<------------ VERTICES ------------>
0;START;41.374834;2.170055;0.0;0.0
1;L’Aquàrium;41.376625;2.184117;45.0;77.13
2;Parc de Diagonal Mar;41.407215;2.214539;45.0;77.08
3;Galeria d’Art Mar Grup Escolà;41.392349;2.167836;45.0;75.67
4;Anella Olímpica(Olympic Park);41.364778;2.152575;45.0;74.77
5;Platja de la Nova Mar Bella;41.40205;2.21529;45.0;72.06
6;Basilica of the Sagrada Família;41.403568;2.174435;45.0;71.93
7;Avinguda d’Icària;41.391556;2.197416;45.0;70.68
8;Palau Güell;41.378864;2.174117;45.0;70.38
9;Museu d’Història de Catalunya - MHC;41.380852;2.185799;45.0;70.06
10;Basilica of Sants Just i Pastor;41.382812;2.178195;45.0;69.9
11;Parc de la Ciutadella;41.389248;2.186548;45.0;69.28
12;La Pedrera (Casa Milà);41.395271;2.161785;45.0;66.26
13;Museu Nacional d’Art de Catalunya;41.36882;2.153347;45.0;66.05
14;Platja de la Barceloneta;41.379158;2.192717;45.0;65.94
15;Lorena Ruiz de Villa;41.397858;2.146705;45.0;65.02
16;Arts Santa Mònica;41.37722;2.176012;45.0;63.04
17;Platja del Bogatell;41.394341;2.2066;45.0;61.62
18;Museu Palmero;41.424667;2.139856;45.0;61.3
19;Montjuïc Castle;41.363823;2.167096;45.0;61.15
20;Parc de la Creueta del Coll;41.41935;2.146432;45.0;60.3
21;Passeig de Gràcia;41.390739;2.166672;45.0;60.1
22;La Colmena;41.383835;2.178294;45.0;59.81
23;Poble Espanyol;41.368679;2.147031;45.0;59.16
24;90th Jean Bouin;41.373077;2.150465;45.0;57.84
25;Barcelona;41.389034;2.16137;45.0;57.59
26;Museu Frederic Marès;41.384178;2.176819;45.0;57.06
27;Rambla del Raval;41.378681;2.169317;45.0;55.52
28;Turó de la Rovira viewing point;41.419388;2.161812;45.0;55.34
29;Despair;41.387653;2.188076;45.0;54.74
30;Plaça de Catalunya;41.387005;2.17003;45.0;54.39
31;Park Güell;41.414249;2.151926;45.0;54.38
32;Casa Martí, Els Quatre Gats ;41.385775;2.173671;45.0;54.32
33;Palau Sant Jordi;41.363441;2.152537;45.0;52.99
34;Poblenou Cemetery;41.394859;2.201189;45.0;52.43
35;Barcelona Head;41.380924;2.182465;45.0;52.28
36;Plaça del Rei;41.384144;2.177409;45.0;52.26
37;Barcelona Zoo;41.386299;2.187545;45.0;52.01
38;Imaginart Gallery;41.393822;2.164627;45.0;51.91
39;Monument to Doctor Robert;41.394924;2.175599;45.0;51.78
40;Royal Dockyards Museu Marítim ;41.375286;2.17598;45.0;51.61
41;Maeght;41.384689;2.181526;45.0;50.7
42;Antic Hospital de la Santa Creu;41.380573;2.170374;45.0;50.38
43;67th International Epiphany Hockey Tournament ;41.381253;2.114447;45.0;49.76
44;Mural de les Olles (Pots Mural);41.370934;2.157416;45.0;49.56
45;Parc del Turó de la Peira;41.432961;2.165669;45.0;49.42
46;49th Trofeu Joan Gamper Estrella Damm del FC Barcelona;41.380848;2.122819;45.0;48.8
47;Museu de la Moto ;41.383327;2.174488;45.0;48.6
48;Basilica of Santa Maria del Mar;41.383518;2.1818;45.0;48.13
49;FINISH;41.374834;2.170055;0.0;0.0
<------------- EDGES -------------->
0;0;1;18.315;4.12
1;0;2;79.572;2.35
2;0;2;69.971;18.68
3;0;2;95.235;3.69
4;0;3;30.107;18.39
5;0;3;26.985;20.43
6;0;4;28.285;20.14
7;0;4;30.285;8.84
8;0;5;74.442;6.94
9;0;5;71.275;21.53
10;0;5;74.907;13.4
11;0;6;49.491;11.25
12;0;7;45.309;8.52
13;0;7;51.988;21.3
14;0;8;8.647;23.48
15;0;9;22.688;8.89
16;0;9;21.316;11.93
17;0;9;20.12;16.7
18;0;10;17.194;3.11
19;0;11;32.509;4.92
20;0;11;37.266;4.74
21;0;12;36.549;1.53
22;0;13;23.796;8.44
23;0;13;23.164;22.74
24;0;13;22.085;5.35
25;0;14;30.026;16.23
26;0;15;49.508;7.39
27;0;15;53.652;14.27
28;0;16;8.671;20.44
29;0;16;9.309;4.13
30;0;16;10.044;7.45
31;0;17;57.583;11.01
32;0;18;93.673;8.16
33;0;18;111.92;8.27
34;0;18;104.288;9.06
35;0;19;19.222;3.04
36;0;20;81.991;16.93
37;0;20;65.986;9.98
38;0;20;93.932;12.87
39;0;21;27.562;8.71
40;0;21;24.899;20.92
41;0;22;18.686;22.78
42;0;22;21.818;23.32
43;0;22;20.381;14.39
44;0;23;31.387;21.74
45;0;23;34.259;22.25
46;0;24;25.336;22.34
47;0;24;20.36;0.13
48;0;24;28.528;9.33
49;0;25;26.736;19.25
50;0;26;18.196;13.97
51;0;26;15.045;10.05
52;0;27;6.651;7.46
53;0;27;8.28;22.13
54;0;28;76.973;19.96
55;0;28;81.434;19.91
56;0;29;31.884;15.41
57;0;30;20.827;10.63
58;0;31;71.35;13.34
59;0;32;19.29;22.1
60;0;33;29.769;11.73
61;0;34;52.651;13.0
62;0;34;61.162;9.72
63;0;34;60.642;24.26
64;0;35;19.04;7.09
65;0;36;18.52;0.23
66;0;37;29.82;3.9
67;0;37;23.723;24.99
68;0;37;32.671;14.12
69;0;38;33.232;11.07
70;0;39;35.108;23.13
71;0;39;32.206;4.58
72;0;40;7.648;7.21
73;0;40;7.426;6.72
74;0;41;22.391;15.39
75;0;41;26.55;13.21
76;0;41;17.713;9.4
77;0;42;9.829;0.41
78;0;42;7.5;4.89
79;0;43;72.243;18.66
80;0;43;86.047;19.6
81;0;43;83.216;3.5
82;0;44;17.549;23.73
83;0;44;14.315;9.59
84;0;44;19.689;5.48
85;0;45;99.628;4.27
86;0;45;89.519;9.27
87;0;46;61.52;20.05
88;0;46;53.228;19.81
89;0;47;15.608;19.92
90;0;47;15.458;24.42
91;0;47;12.432;15.89
92;0;48;21.172;13.68
93;0;49;0.0;9.14
94;0;49;0.0;10.02
95;1;2;65.31;10.14
96;1;2;49.646;11.04
97;1;3;34.073;18.3
98;1;3;29.485;5.3
99;1;3;27.88;21.65
100;1;4;45.296;15.36
101;1;4;45.121;18.58
102;1;5;59.115;7.44
103;1;6;47.752;11.97
104;1;7;30.731;11.46
105;1;7;29.673;13.72
106;1;7;31.266;0.65
107;1;8;13.4;16.68
108;1;9;7.549;1.89
109;1;10;13.035;10.35
110;1;11;21.825;11.53
111;1;11;25.999;19.0
112;1;11;24.813;22.01
113;1;12;42.897;22.47
114;1;12;45.54;24.12
115;1;12;44.768;2.49
116;1;13;41.71;0.57
117;1;13;51.34;16.88
118;1;13;47.498;21.59
119;1;14;11.863;23.34
120;1;14;9.367;9.18
121;1;15;60.227;24.14
122;1;15;66.804;17.86
123;1;15;47.16;21.84
124;1;16;10.457;7.86
125;1;17;41.861;1.15
126;1;18;99.932;22.04
127;1;18;94.634;10.05
128;1;19;30.947;22.65
129;1;19;36.403;23.14
130;1;20;87.667;12.48
131;1;20;105.454;2.65
132;1;20;105.482;10.98
133;1;21;32.94;0.07
134;1;21;30.547;6.08
135;1;22;14.427;1.24
136;1;23;49.527;13.11
137;1;24;43.638;11.48
138;1;25;36.11;17.72
139;1;26;15.964;16.72
140;1;26;14.626;15.44
141;1;26;14.963;10.48
142;1;27;19.327;12.33
143;1;28;78.579;23.51
144;1;28;72.651;17.82
145;1;29;19.544;10.77
146;1;29;23.524;16.5
147;1;29;20.184;6.72
148;1;30;25.351;23.8
149;1;30;30.616;0.54
150;1;30;26.258;16.62
151;1;31;76.504;11.14
152;1;32;20.617;14.37
153;1;33;46.408;16.15
154;1;33;40.753;10.04
155;1;34;38.132;23.97
156;1;35;7.656;20.47
157;1;35;8.143;5.11
158;1;36;15.483;19.47
159;1;36;14.309;22.15
160;1;36;14.068;13.25
161;1;37;17.13;1.68
162;1;37;16.091;14.4
163;1;37;15.736;4.21
164;1;38;38.629;3.42
165;1;38;36.82;5.39
166;1;38;47.265;16.23
167;1;39;33.169;2.07
168;1;39;37.942;1.16
169;1;40;10.697;14.8
170;1;40;12.994;22.03
171;1;40;11.522;23.45
172;1;41;14.195;2.09
173;1;41;15.129;3.8
174;1;41;11.696;17.27
175;1;42;18.896;9.29
176;1;43;89.808;15.12
177;1;43;77.059;6.41
178;1;44;35.644;9.07
179;1;45;99.269;16.54
180;1;45;94.359;24.12
181;1;45;103.991;24.66
182;1;46;79.039;16.72
183;1;46;61.751;18.57
184;1;47;16.864;13.05
185;1;48;12.165;9.15
186;1;48;11.718;12.07
187;1;48;10.344;15.78
188;1;49;18.315;9.49
189;2;3;65.123;11.74
190;2;3;60.779;19.57
191;2;4;107.715;13.56
192;2;4;120.387;11.24
193;2;5;8.891;4.1
194;2;5;8.308;13.94
195;2;6;51.851;20.41
196;2;7;34.657;24.54
197;2;7;42.723;23.13
198;2;7;28.701;22.13
199;2;8;71.038;4.72
200;2;9;58.279;9.35
201;2;10;62.614;23.17
202;2;10;60.325;9.88
203;2;10;55.513;0.35
204;2;11;47.29;16.11
205;2;12;70.732;5.82
206;2;12;56.019;12.86
207;2;12;64.031;8.44
208;2;13;102.414;15.27
209;2;14;55.587;8.36
210;2;14;68.302;6.11
211;2;14;44.257;16.34
212;2;15;88.529;19.6
213;2;15;82.147;14.14
214;2;16;71.28;21.85
215;2;16;77.654;21.88
216;2;17;24.273;10.77
217;2;17;29.97;15.5
218;2;17;20.592;4.03
219;2;18;100.386;8.4
220;2;18;117.896;17.31
221;2;19;96.041;17.25
222;2;20;89.838;9.38
223;2;20;110.095;17.18
224;2;21;67.603;4.98
225;2;21;55.0;1.84
226;2;22;61.364;17.61
227;2;22;49.797;14.69
228;2;23;108.905;19.7
229;2;23;101.476;9.7
230;2;24;100.892;21.18
231;2;24;101.986;14.82
232;2;24;96.959;8.78
233;2;25;75.007;18.52
234;2;25;58.894;2.43
235;2;25;57.553;4.34
236;2;26;62.439;3.89
237;2;26;70.019;24.16
238;2;26;70.38;10.15
239;2;27;75.858;16.99
240;2;28;70.801;12.51
241;2;28;55.869;9.78
242;2;29;47.692;8.21
243;2;30;66.786;8.14
244;2;30;79.176;20.32
245;2;31;81.254;11.0
246;2;31;81.69;12.76
247;2;32;64.018;19.72
248;2;32;54.941;22.89
249;2;33;109.307;2.3
250;2;33;87.864;22.9
251;2;34;27.216;20.04
252;2;34;29.595;8.54
253;2;35;60.987;10.3
254;2;35;75.47;2.02
255;2;35;64.081;15.78
256;2;36;61.891;4.37
257;2;36;67.638;21.12
258;2;36;47.003;8.71
259;2;37;49.818;13.98
260;2;37;62.231;0.34
261;2;38;68.043;17.51
262;2;38;76.47;15.03
263;2;39;54.228;15.04
264;2;39;51.635;0.8
265;2;39;58.588;7.76
266;2;40;73.727;23.52
267;2;40;66.726;5.4
268;2;40;83.036;4.63
269;2;41;57.287;12.67
270;2;41;47.994;12.56
271;2;42;72.753;19.49
272;2;42;64.416;16.6
273;2;43;135.954;23.78
274;2;43;137.225;17.08
275;2;44;96.087;18.5
276;2;44;95.898;22.77
277;2;44;94.267;13.42
278;2;45;76.64;8.66
279;2;45;82.516;4.99
280;2;45;58.249;7.25
281;2;46;126.093;6.3
282;2;47;65.684;8.28
283;2;47;66.102;15.49
284;2;47;50.564;24.37
285;2;48;58.401;24.21
286;2;49;79.572;6.66
287;3;4;51.088;6.82
288;3;5;63.137;21.41
289;3;5;70.46;0.73
290;3;5;57.419;4.55
291;3;6;20.984;17.83
292;3;6;17.966;13.0
293;3;6;25.722;16.76
294;3;7;37.998;1.27
295;3;7;34.812;5.2
296;3;7;30.184;6.99
297;3;8;24.444;18.38
298;3;8;26.91;15.27
299;3;8;19.115;7.43
300;3;9;30.314;21.79
301;3;9;25.138;17.66
302;3;10;21.053;24.18
303;3;10;22.919;21.69
304;3;10;25.944;21.15
305;3;11;24.601;9.24
306;3;11;30.003;23.85
307;3;12;9.238;0.67
308;3;12;10.62;5.66
309;3;13;44.354;17.83
310;3;13;35.343;8.12
311;3;13;34.402;24.44
312;3;14;39.115;15.96
313;3;15;28.717;24.36
314;3;15;24.124;21.32
315;3;16;27.936;23.21
316;3;16;29.41;21.38
317;3;17;49.88;13.62
318;3;17;54.519;23.64
319;3;17;58.994;1.35
320;3;18;65.94;3.16
321;3;18;74.894;21.92
322;3;18;64.599;23.94
323;3;19;48.824;9.74
324;3;19;45.686;17.93
325;3;20;53.755;1.44
326;3;21;3.134;22.59
327;3;21;3.272;2.04
328;3;22;19.813;11.0
329;3;22;20.706;3.25
330;3;23;48.521;13.11
331;3;23;44.946;21.16
332;3;23;43.108;23.53
333;3;24;39.813;2.56
334;3;24;35.696;18.95
335;3;25;10.054;11.63
336;3;26;18.125;19.44
337;3;26;22.469;6.34
338;3;27;23.466;22.51
339;3;27;22.813;6.64
340;3;27;24.583;20.73
341;3;28;46.911;17.79
342;3;28;36.017;14.16
343;3;29;27.199;8.38
344;3;30;9.569;23.66
345;3;31;42.679;23.54
346;3;31;38.264;7.36
347;3;32;13.515;19.92
348;3;32;14.581;8.71
349;3;32;16.324;9.97
350;3;33;53.226;7.7
351;3;34;43.031;15.3
352;3;34;44.117;11.46
353;3;34;51.465;10.05
354;3;35;27.111;13.4
355;3;36;18.66;15.33
356;3;36;18.576;22.61
357;3;36;16.718;11.25
358;3;37;27.339;1.96
359;3;37;22.236;17.08
360;3;37;23.6;24.32
361;3;38;4.83;21.55
362;3;38;4.598;18.32
363;3;39;10.896;12.43
364;3;39;8.463;12.69
365;3;40;31.014;7.57
366;3;40;31.346;18.65
367;3;41;21.925;14.31
368;3;42;20.413;18.78
369;3;43;71.126;6.81
370;3;44;39.012;24.35
371;3;45;69.552;8.54
372;3;45;76.378;7.3
373;3;46;61.055;21.48
374;3;46;60.389;20.62
375;3;47;17.643;7.65
376;3;47;14.566;23.3
377;3;47;21.669;22.56
378;3;48;23.447;19.55
379;3;48;27.348;4.89
380;3;49;30.107;12.58
381;3;49;30.167;11.82
382;3;49;36.882;21.35
383;4;5;102.722;9.7
384;4;6;72.069;20.1
385;4;6;67.963;20.88
386;4;7;73.587;19.49
387;4;8;36.692;9.52
388;4;9;50.763;15.16
389;4;10;45.108;3.65
390;4;10;49.076;5.48
391;4;10;41.656;2.32
392;4;11;60.469;16.83
393;4;11;58.989;5.56
394;4;12;53.504;2.92
395;4;12;56.12;0.08
396;4;13;6.988;5.13
397;4;13;6.065;5.1
398;4;13;6.475;13.04
399;4;14;57.121;4.35
400;4;14;43.343;1.64
401;4;15;57.108;9.71
402;4;15;51.276;16.03
403;4;15;46.475;0.82
404;4;16;36.867;12.67
405;4;16;35.627;1.1
406;4;17;85.857;18.78
407;4;17;102.114;14.46
408;4;17;101.996;11.48
409;4;18;103.777;20.49
410;4;19;18.721;24.95
411;4;20;93.718;4.0
412;4;20;109.959;1.76
413;4;20;110.019;14.63
414;4;21;47.972;21.95
415;4;21;42.553;22.13
416;4;22;46.414;4.04
417;4;22;45.364;20.11
418;4;22;36.794;0.74
419;4;23;9.76;5.85
420;4;24;14.458;13.94
421;4;25;43.017;10.82
422;4;25;38.497;23.05
423;4;25;44.718;16.66
424;4;26;45.512;15.98
425;4;26;48.382;13.89
426;4;27;32.067;9.51
427;4;27;38.313;24.93
428;4;27;35.54;24.21
429;4;28;94.2;24.99
430;4;28;97.186;14.76
431;4;29;60.087;6.6
432;4;29;50.284;24.44
433;4;30;44.149;2.82
434;4;31;84.661;15.38
435;4;31;95.836;17.85
436;4;32;44.999;11.69
437;4;32;54.269;16.69
438;4;32;37.663;15.34
439;4;33;2.288;24.53
440;4;33;2.728;5.34
441;4;34;80.908;3.56
442;4;34;73.137;14.91
443;4;35;47.294;2.74
444;4;35;58.771;17.46
445;4;35;44.43;18.27
446;4;36;45.992;13.62
447;4;36;45.884;12.44
448;4;36;54.769;19.93
449;4;37;58.075;2.38
450;4;37;51.769;13.19
451;4;38;52.055;6.53
452;4;38;47.88;5.91
453;4;38;50.153;10.67
454;4;39;59.458;21.89
455;4;40;35.025;18.52
456;4;40;33.111;11.94
457;4;41;50.429;6.11
458;4;41;38.852;14.9
459;4;41;41.754;2.52
460;4;42;35.398;1.8
461;4;43;56.499;0.81
462;4;43;43.158;11.44
463;4;44;12.233;0.98
464;4;45;117.882;14.43
465;4;46;47.077;20.88
466;4;47;42.419;17.05
467;4;47;33.044;2.79
468;4;47;34.699;24.87
469;4;48;49.364;24.84
470;4;49;28.285;20.86
471;5;6;52.504;8.77
472;5;6;44.366;1.82
473;5;7;29.136;19.03
474;5;7;27.285;0.59
475;5;8;66.092;12.71
476;5;8;77.49;24.44
477;5;9;52.433;3.29
478;5;9;40.891;6.22
479;5;9;47.176;24.0
480;5;10;57.892;3.34
481;5;11;42.91;22.12
482;5;11;35.321;5.29
483;5;11;39.629;5.91
484;5;12;69.654;21.48
485;5;12;74.448;11.88
486;5;13;97.767;0.02
487;5;13;120.129;2.75
488;5;14;48.727;23.86
489;5;15;88.328;8.09
490;5;15;105.925;8.48
491;5;16;65.94;14.13
492;5;16;64.319;6.72
493;5;16;71.937;8.77
494;5;17;17.276;1.53
495;5;17;21.59;16.71
496;5;17;17.286;10.63
497;5;18;104.258;17.02
498;5;18;101.362;22.01
499;5;18;84.342;16.84
500;5;19;90.045;14.0
501;5;19;92.746;13.04
502;5;20;93.199;22.28
503;5;21;65.343;18.19
504;5;21;55.472;12.45
505;5;21;62.271;22.76
506;5;22;56.809;2.93
507;5;23;104.601;4.45
508;5;23;126.098;7.42
509;5;23;124.051;16.78
510;5;24;96.875;4.08
511;5;25;72.712;11.11
512;5;25;83.275;2.44
513;5;25;59.473;5.73
514;5;26;58.09;15.89
515;5;26;46.487;9.53
516;5;27;71.292;2.63
517;5;27;77.93;0.12
518;5;27;62.703;3.09
519;5;28;74.772;7.5
520;5;28;90.982;21.83
521;5;28;60.851;11.02
522;5;29;42.748;12.23
523;5;29;43.975;14.02
524;5;29;52.867;6.34
525;5;30;63.55;0.98
526;5;31;83.961;0.32
527;5;31;97.549;20.85
528;5;31;102.22;6.84
529;5;32;60.251;20.93
530;5;33;104.196;9.86
531;5;33;102.19;2.37
532;5;34;21.887;3.73
533;5;35;55.522;22.62
534;5;35;54.209;16.63
535;5;36;57.478;6.95
536;5;36;55.863;4.38
537;5;37;44.666;12.16
538;5;38;66.54;19.18
539;5;39;52.388;13.7
540;5;39;60.906;21.54
541;5;40;68.151;7.81
542;5;40;64.114;8.53
543;5;40;73.022;4.66
544;5;41;52.548;1.58
545;5;42;68.379;22.11
546;5;42;56.53;1.58
547;5;43;134.262;14.13
548;5;43;132.301;0.09
549;5;44;91.412;5.53
550;5;44;84.958;2.63
551;5;45;82.781;11.41
552;5;45;72.245;3.16
553;5;45;80.044;1.98
554;5;46;124.133;11.13
555;5;47;61.402;14.15
556;5;47;55.94;12.06
557;5;47;59.363;10.91
558;5;48;53.424;17.6
559;5;48;55.113;10.43
560;5;48;43.987;3.09
561;5;49;74.442;9.19
562;6;7;35.955;24.27
563;6;8;42.276;5.62
564;6;8;34.808;12.77
565;6;8;43.12;17.9
566;6;9;41.52;8.77
567;6;10;35.845;5.94
568;6;10;38.727;22.29
569;6;11;29.022;18.2
570;6;11;32.619;7.89
571;6;11;29.64;18.73
572;6;12;21.57;7.47
573;6;12;17.051;12.42
574;6;12;23.721;13.8
575;6;13;65.336;1.3
576;6;14;47.913;21.31
577;6;14;43.208;1.09
578;6;14;47.792;23.44
579;6;15;36.911;4.17
580;6;15;42.779;12.49
581;6;15;36.385;10.17
582;6;16;45.133;16.5
583;6;17;44.204;2.38
584;6;18;57.209;12.49
585;6;18;66.755;1.31
586;6;18;48.7;20.29
587;6;19;68.662;9.66
588;6;19;57.363;10.95
589;6;19;80.931;10.72
590;6;20;44.955;0.04
591;6;20;38.734;17.02
592;6;20;54.721;11.4
593;6;21;24.109;15.29
594;6;21;26.778;1.71
595;6;22;34.129;18.03
596;6;22;32.423;17.47
597;6;23;69.299;9.43
598;6;23;72.219;15.38
599;6;24;60.577;18.57
600;6;24;59.213;23.25
601;6;25;29.997;16.04
602;6;26;33.322;10.62
603;6;26;37.123;18.57
604;6;27;43.091;7.01
605;6;27;48.998;11.31
606;6;28;31.549;12.21
607;6;29;32.378;11.34
608;6;29;31.439;13.62
609;6;30;28.902;5.4
610;6;30;33.186;2.11
611;6;30;25.917;2.46
612;6;31;34.185;20.77
613;6;31;32.987;24.64
614;6;31;36.84;23.61
615;6;32;30.463;19.69
616;6;32;34.357;4.38
617;6;33;74.2;5.57
618;6;33;74.759;5.01
619;6;34;37.436;7.69
620;6;34;29.001;11.36
621;6;34;33.517;4.34
622;6;35;40.097;14.23
623;6;35;40.407;0.28
624;6;35;39.435;16.14
625;6;36;33.457;2.43
626;6;36;31.918;0.11
627;6;36;26.443;18.28
628;6;37;34.007;0.98
629;6;37;37.763;9.87
630;6;38;20.896;4.1
631;6;39;14.867;4.73
632;6;40;48.438;12.38
633;6;40;42.267;19.16
634;6;41;33.564;6.23
635;6;41;35.207;5.66
636;6;42;39.694;8.75
637;6;42;40.324;1.89
638;6;43;85.958;23.11
639;6;43;96.872;8.17
640;6;44;59.967;0.58
641;6;44;63.524;23.68
642;6;45;51.541;9.98
643;6;45;48.589;5.91
644;6;46;76.827;7.75
645;6;46;74.337;13.43
646;6;47;34.637;14.58
647;6;47;27.041;5.69
648;6;48;35.589;24.98
649;6;48;34.518;22.64
650;6;49;49.491;13.43
651;7;8;36.967;20.72
652;7;8;30.948;8.07
653;7;9;23.621;12.4
654;7;9;28.657;13.05
655;7;9;20.785;7.67
656;7;10;28.859;4.7
657;7;10;26.764;24.62
658;7;11;14.501;19.96
659;7;11;14.982;7.42
660;7;11;12.4;12.75
661;7;12;46.181;7.07
662;7;13;68.67;8.28
663;7;13;55.747;3.61
664;7;13;67.004;23.1
665;7;14;22.057;1.72
666;7;14;22.003;17.6
667;7;15;65.986;18.88
668;7;15;54.281;6.91
669;7;16;36.838;16.79
670;7;16;39.969;11.79
671;7;16;42.563;17.75
672;7;17;12.717;1.06
673;7;18;93.102;0.47
674;7;18;75.908;15.54
675;7;18;103.312;1.27
676;7;19;61.384;16.11
677;7;20;80.897;22.72
678;7;21;39.493;14.14
679;7;21;42.185;17.75
680;7;21;49.014;23.07
681;7;22;27.879;13.73
682;7;22;33.534;15.09
683;7;23;75.617;10.99
684;7;23;74.525;2.05
685;7;24;68.074;19.36
686;7;24;60.049;10.33
687;7;24;77.309;11.77
688;7;25;46.477;10.65
689;7;26;29.303;22.1
690;7;26;29.877;3.76
691;7;26;30.225;2.53
692;7;27;42.272;22.68
693;7;27;38.635;13.57
694;7;27;38.407;6.12
695;7;28;66.005;0.54
696;7;28;64.101;10.69
697;7;28;57.481;6.36
698;7;29;13.725;19.45
699;7;30;36.011;6.92
700;7;30;29.545;8.5
701;7;30;33.54;2.64
702;7;31;70.123;12.82
703;7;31;81.197;20.14
704;7;32;32.05;21.34
705;7;32;39.347;21.21
706;7;33;75.07;24.71
707;7;33;81.484;4.11
708;7;33;75.482;11.03
709;7;34;7.444;10.76
710;7;34;7.386;20.41
711;7;34;5.749;23.8
712;7;35;26.448;23.08
713;7;35;24.291;12.12
714;7;35;28.336;14.9
715;7;36;28.647;22.59
716;7;37;15.541;24.03
717;7;38;42.271;10.85
718;7;38;42.832;17.39
719;7;38;48.83;14.52
720;7;39;28.594;7.54
721;7;40;39.149;9.27
722;7;41;23.543;4.94
723;7;42;39.479;23.74
724;7;42;35.206;12.29
725;7;43;107.971;24.28
726;7;43;109.105;10.81
727;7;43;126.68;5.97
728;7;44;62.314;16.2
729;7;44;75.854;20.28
730;7;44;55.894;21.6
731;7;45;81.733;3.05
732;7;45;81.82;8.81
733;7;46;97.511;24.27
734;7;46;92.756;23.29
735;7;47;32.631;10.53
736;7;47;29.284;0.57
737;7;47;28.745;2.22
738;7;48;24.314;1.69
739;7;48;29.923;1.05
740;7;48;20.12;13.55
741;7;49;45.309;11.58
742;7;49;53.267;1.77
743;8;9;15.381;15.4
744;8;10;8.547;10.08
745;8;11;23.885;2.87
746;8;12;32.233;18.39
747;8;12;37.95;11.43
748;8;13;31.73;15.6
749;8;14;23.888;20.87
750;8;14;22.916;22.69
751;8;14;28.276;5.97
752;8;15;47.906;8.08
753;8;15;37.88;7.27
754;8;15;42.498;10.25
755;8;16;3.72;16.1
756;8;16;3.11;23.37
757;8;16;3.148;17.01
758;8;17;49.403;7.67
759;8;18;89.874;10.5
760;8;19;27.272;8.22
761;8;20;77.863;0.32
762;8;20;91.177;14.21
763;8;20;81.666;5.51
764;8;21;22.457;0.36
765;8;22;10.056;1.86
766;8;22;11.284;5.5
767;8;22;10.526;15.21
768;8;23;38.904;16.64
769;8;23;46.814;5.99
770;8;23;47.623;7.64
771;8;24;31.945;10.69
772;8;24;24.93;15.96
773;8;25;23.89;10.56
774;8;25;24.989;12.14
775;8;25;19.722;20.97
776;8;26;9.733;0.58
777;8;26;8.361;1.88
778;8;26;8.159;17.11
779;8;27;6.171;20.58
780;8;28;71.122;0.17
781;8;28;57.39;21.25
782;8;29;23.397;1.27
783;8;29;21.381;7.08
784;8;29;25.033;1.08
785;8;30;14.887;15.59
786;8;30;13.546;14.24
787;8;30;14.603;11.38
788;8;31;66.918;22.38
789;8;31;73.088;9.32
790;8;32;11.84;14.87
791;8;33;38.269;3.77
792;8;34;44.241;3.51
793;8;34;43.32;22.85
794;8;35;11.284;14.33
795;8;36;9.975;22.69
796;8;37;21.427;5.64
797;8;37;23.589;21.82
798;8;37;17.371;13.3
799;8;38;28.348;20.47
800;8;38;27.308;6.5
801;8;38;32.805;16.15
802;8;39;27.548;7.43
803;8;40;6.574;10.54
804;8;41;13.779;9.49
805;8;41;11.455;14.08
806;8;41;14.74;9.09
807;8;42;5.626;8.88
808;8;43;76.725;1.08
809;8;44;25.379;20.56
810;8;44;24.065;4.43
811;8;45;93.205;19.92
812;8;46;65.954;14.17
813;8;46;76.897;8.41
814;8;47;7.652;10.61
815;8;48;12.678;8.72
816;8;48;11.278;4.96
817;8;48;13.552;24.02
818;8;49;8.647;1.16
819;8;49;6.733;18.26
820;9;10;10.323;13.26
821;9;11;14.4;12.65
822;9;12;39.488;16.21
823;9;13;46.481;16.03
824;9;14;9.344;23.8
825;9;14;9.14;24.09
826;9;14;10.615;23.69
827;9;15;58.016;18.81
828;9;15;61.049;19.57
829;9;16;14.02;1.79
830;9;17;35.299;3.2
831;9;17;33.96;5.02
832;9;18;95.389;14.17
833;9;19;37.763;3.62
834;9;19;46.421;14.75
835;9;20;83.027;21.17
836;9;21;29.821;12.04
837;9;21;31.79;6.26
838;9;21;32.068;2.42
839;9;22;10.905;20.88
840;9;23;53.965;12.31
841;9;24;47.282;13.38
842;9;24;49.031;20.11
843;9;25;34.348;17.26
844;9;25;37.057;5.38
845;9;26;12.858;11.04
846;9;26;11.881;16.09
847;9;26;14.617;8.58
848;9;27;21.487;16.95
849;9;27;26.235;15.7
850;9;28;72.778;7.33
851;9;28;84.341;21.25
852;9;28;85.491;13.9
853;9;29;12.0;10.64
854;9;29;12.923;0.92
855;9;30;22.821;1.56
856;9;31;71.81;5.76
857;9;32;17.705;24.87
858;9;32;21.576;9.85
859;9;33;52.078;10.95
860;9;33;50.534;4.21
861;9;33;43.306;16.16
862;9;34;31.063;24.09
863;9;34;37.242;14.39
864;9;34;31.772;6.21
865;9;35;4.283;23.15
866;9;35;3.432;22.04
867;9;35;4.324;14.08
868;9;36;12.156;11.92
869;9;36;12.815;9.06
870;9;37;9.587;13.25
871;9;37;11.004;8.89
872;9;37;11.119;9.5
873;9;38;35.092;10.09
874;9;38;33.288;23.93
875;9;39;27.411;21.81
876;9;40;15.801;11.19
877;9;40;15.239;6.03
878;9;41;8.556;16.55
879;9;41;8.351;7.55
880;9;41;6.465;10.51
881;9;42;19.811;15.47
882;9;42;18.448;5.23
883;9;42;24.198;3.11
884;9;43;91.617;13.96
885;9;43;78.882;0.65
886;9;44;40.204;11.91
887;9;45;92.838;0.83
888;9;46;80.865;23.87
889;9;47;15.128;9.66
890;9;47;13.795;1.94
891;9;47;16.245;19.33
892;9;48;6.869;16.14
893;9;48;5.596;15.52
894;9;49;22.688;22.86
895;9;49;27.009;7.55
896;9;49;20.98;12.95
897;10;11;15.372;18.6
898;10;11;16.002;12.67
899;10;12;29.973;2.7
900;10;12;32.289;6.73
901;10;12;30.648;8.0
902;10;13;39.892;22.07
903;10;14;19.667;18.33
904;10;15;47.93;18.59
905;10;15;38.359;3.22
906;10;15;50.166;4.34
907;10;16;9.971;21.53
908;10;16;10.059;9.1
909;10;17;41.462;3.21
910;10;18;86.899;8.41
911;10;18;95.445;23.37
912;10;19;35.483;7.48
913;10;20;74.643;5.47
914;10;20;60.956;13.51
915;10;20;80.793;7.69
916;10;21;20.072;7.69
917;10;22;1.755;24.19
918;10;22;1.514;7.5
919;10;22;1.873;8.9
920;10;23;46.758;15.91
921;10;23;47.199;4.49
922;10;24;39.311;15.22
923;10;24;47.839;2.68
924;10;24;39.689;2.92
925;10;25;24.083;21.53
926;10;26;2.93;9.56
927;10;27;13.413;10.34
928;10;28;66.028;11.23
929;10;28;55.019;10.29
930;10;29;15.151;6.75
931;10;29;11.926;3.08
932;10;30;12.704;5.81
933;10;30;14.755;7.69
934;10;31;63.49;13.3
935;10;31;75.273;8.96
936;10;31;57.205;8.71
937;10;32;7.711;22.05
938;10;32;9.015;1.63
939;10;33;46.738;8.28
940;10;33;52.127;20.57
941;10;34;36.006;8.48
942;10;35;6.364;17.58
943;10;35;5.219;22.77
944;10;35;4.911;5.88
945;10;36;2.493;5.07
946;10;37;13.406;13.9
947;10;38;25.659;15.5
948;10;39;20.993;22.13
949;10;39;20.839;6.07
950;10;40;13.189;8.51
951;10;40;15.405;22.58
952;10;41;5.349;24.34
953;10;41;6.018;6.81
954;10;41;5.79;10.03
955;10;42;10.748;23.41
956;10;42;12.317;8.9
957;10;43;81.893;5.36
958;10;43;79.343;20.48
959;10;43;102.201;22.91
960;10;44;33.542;17.81
961;10;45;87.309;22.45
962;10;45;95.572;5.76
963;10;45;86.554;0.9
964;10;46;71.18;18.22
965;10;46;83.775;9.25
966;10;46;69.985;14.89
967;10;47;4.84;10.62
968;10;48;4.784;18.55
969;10;48;4.186;9.59
970;10;48;4.191;23.87
971;10;49;17.194;6.64
972;11;12;33.419;9.34
973;11;12;37.665;13.2
974;11;13;55.131;9.86
975;11;13;45.036;6.2
976;11;13;61.474;24.3
977;11;14;18.996;7.34
978;11;14;18.062;21.04
979;11;15;53.228;9.89
980;11;15;51.411;15.64
981;11;15;66.022;11.38
982;11;16;24.63;18.84
983;11;17;27.178;13.03
984;11;18;85.235;11.32
985;11;18;72.027;3.44
986;11;18;96.28;10.77
987;11;19;50.168;8.4
988;11;19;37.711;16.02
989;11;20;72.833;3.13
990;11;21;25.644;2.9
991;11;22;14.075;22.54
992;11;22;10.959;9.82
993;11;22;15.541;18.43
994;11;23;61.754;24.49
995;11;24;53.966;5.74
996;11;24;50.53;10.8
997;11;25;32.326;10.64
998;11;25;29.097;19.71
999;11;26;15.208;1.86
1000;11;27;28.573;12.59
1001;11;27;32.503;12.12
1002;11;27;29.317;24.06
1003;11;28;60.565;19.0
1004;11;28;53.735;23.57
1005;11;28;53.05;0.86
1006;11;29;3.361;16.25
1007;11;30;21.551;24.76
1008;11;31;61.687;5.09
1009;11;32;17.568;12.85
1010;11;32;16.845;18.4
1011;11;33;62.109;1.71
1012;11;33;58.11;0.19
1013;11;34;21.106;10.45
1014;11;34;22.094;2.83
1015;11;34;22.752;9.22
1016;11;35;15.178;20.1
1017;11;35;15.189;2.45
1018;11;36;14.627;7.66
1019;11;36;14.974;0.23
1020;11;37;5.206;7.99
1021;11;37;4.268;0.17
1022;11;37;6.235;16.4
1023;11;38;29.21;13.2
1024;11;39;17.085;3.26
1025;11;39;19.03;12.89
1026;11;39;15.604;15.38
1027;11;40;27.476;2.34
1028;11;41;10.121;22.58
1029;11;41;9.497;12.74
1030;11;41;7.705;5.31
1031;11;42;25.526;2.48
1032;11;43;93.576;17.0
1033;11;43;106.573;9.77
1034;11;44;48.799;10.68
1035;11;44;49.329;8.39
1036;11;45;79.458;13.7
1037;11;45;79.655;20.64
1038;11;46;83.075;24.38
1039;11;46;80.78;22.89
1040;11;47;18.504;0.35
1041;11;47;21.829;0.5
1042;11;47;21.199;18.43
1043;11;48;11.546;0.12
1044;11;49;32.509;5.89
1045;11;49;34.689;16.57
1046;11;49;30.825;2.97
1047;12;13;46.542;3.98
1048;12;13;43.818;1.2
1049;12;13;36.922;2.21
1050;12;14;48.346;0.11
1051;12;15;19.858;17.01
1052;12;15;22.734;16.89
1053;12;15;16.534;4.55
1054;12;16;35.886;12.88
1055;12;17;57.552;9.8
1056;12;17;56.961;16.0
1057;12;18;57.641;8.02
1058;12;19;54.245;3.85
1059;12;20;45.674;20.61
1060;12;20;50.6;9.76
1061;12;21;9.975;5.7
1062;12;22;28.847;11.88
1063;12;22;35.363;11.2
1064;12;23;49.291;13.77
1065;12;23;55.049;3.6
1066;12;24;40.666;5.18
1067;12;25;10.686;23.06
1068;12;25;12.877;10.76
1069;12;26;27.071;15.32
1070;12;27;29.991;4.52
1071;12;28;41.27;12.39
1072;12;28;38.36;3.6
1073;12;28;45.093;19.8
1074;12;29;36.182;6.89
1075;12;29;36.438;6.35
1076;12;30;17.667;7.56
1077;12;30;16.468;17.14
1078;12;30;19.422;11.91
1079;12;31;34.854;17.91
1080;12;31;36.378;10.11
1081;12;32;22.291;14.3
1082;12;32;20.395;10.88
1083;12;32;23.977;22.23
1084;12;33;55.748;11.73
1085;12;33;53.094;17.35
1086;12;33;63.871;13.25
1087;12;34;50.588;0.74
1088;12;34;47.906;22.0
1089;12;34;55.434;17.59
1090;12;35;36.161;0.07
1091;12;35;34.608;21.38
1092;12;36;27.657;24.42
1093;12;37;36.461;24.44
1094;12;37;36.01;16.07
1095;12;37;41.595;5.23
1096;12;38;4.411;20.85
1097;12;39;17.743;11.43
1098;12;39;16.17;13.54
1099;12;40;38.752;20.54
1100;12;40;31.583;16.29
1101;12;41;31.148;17.72
1102;12;41;29.928;17.32
1103;12;42;27.463;11.21
1104;12;42;23.735;8.02
1105;12;42;24.122;2.69
1106;12;43;65.337;24.44
1107;12;43;57.793;11.56
1108;12;43;73.499;22.66
1109;12;44;42.022;1.23
1110;12;44;35.839;10.92
1111;12;45;64.689;7.77
1112;12;45;67.234;12.31
1113;12;46;55.783;13.48
1114;12;46;68.599;8.43
1115;12;47;26.148;24.35
1116;12;48;32.631;20.2
1117;12;49;36.549;11.24
1118;12;49;42.71;21.01
1119;13;14;53.562;14.26
1120;13;14;56.756;8.36
1121;13;14;56.206;0.62
1122;13;15;50.417;19.61
1123;13;16;32.461;7.66
1124;13;17;81.132;7.3
1125;13;17;63.486;1.37
1126;13;17;65.262;20.35
1127;13;18;97.123;15.92
1128;13;18;116.685;18.41
1129;13;19;19.619;11.74
1130;13;20;86.923;23.26
1131;13;20;89.312;10.9
1132;13;20;71.635;23.23
1133;13;21;41.226;1.43
1134;13;21;31.769;0.28
1135;13;21;46.788;12.97
1136;13;22;41.065;16.56
1137;13;22;42.197;12.84
1138;13;23;8.115;22.49
1139;13;23;6.857;15.27
1140;13;24;8.171;23.52
1141;13;24;8.012;15.38
1142;13;24;6.659;16.14
1143;13;25;36.092;3.18
1144;13;26;39.989;11.49
1145;13;27;26.558;19.69
1146;13;27;26.219;22.85
1147;13;27;30.098;16.1
1148;13;28;87.213;21.13
1149;13;28;70.609;13.47
1150;13;28;90.47;14.43
1151;13;29;55.02;21.71
1152;13;29;60.348;6.27
1153;13;30;37.779;13.91
1154;13;31;77.761;11.27
1155;13;31;88.353;4.0
1156;13;31;80.884;8.95
1157;13;32;39.024;20.66
1158;13;33;9.263;6.64
1159;13;34;75.887;13.03
1160;13;34;72.056;9.09
1161;13;34;60.427;0.2
1162;13;35;42.744;7.35
1163;13;35;34.256;4.22
1164;13;36;40.525;20.62
1165;13;36;45.476;9.76
1166;13;36;34.884;7.31
1167;13;37;53.131;22.91
1168;13;38;45.169;5.92
1169;13;38;37.089;16.26
1170;13;38;40.298;8.19
1171;13;39;53.025;6.64
1172;13;39;49.465;15.62
1173;13;39;43.929;5.47
1174;13;40;31.099;10.72
1175;13;40;30.44;19.35
1176;13;40;37.906;14.04
1177;13;41;45.24;16.93
1178;13;41;39.494;7.74
1179;13;41;56.065;2.71
1180;13;42;29.708;23.47
1181;13;42;32.418;11.03
1182;13;43;54.294;7.88
1183;13;44;6.355;2.31
1184;13;45;110.894;0.79
1185;13;45;102.815;14.34
1186;13;46;44.275;12.79
1187;13;46;44.033;2.02
1188;13;46;42.911;14.04
1189;13;47;36.786;0.53
1190;13;47;37.284;0.53
1191;13;47;36.152;17.34
1192;13;48;44.356;11.95
1193;13;48;45.119;7.87
1194;13;49;23.796;18.29
1195;13;49;19.714;15.32
1196;13;49;20.353;7.27
1197;14;15;67.183;16.72
1198;14;15;62.148;17.53
1199;14;16;21.705;5.64
1200;14;17;31.508;24.44
1201;14;17;37.026;6.33
1202;14;18;103.288;6.67
1203;14;18;97.486;24.75
1204;14;18;106.93;23.7
1205;14;19;42.085;16.54
1206;14;19;52.584;18.08
1207;14;19;51.323;16.63
1208;14;20;90.886;17.05
1209;14;20;70.473;14.64
1210;14;20;93.835;18.51
1211;14;21;38.871;11.77
1212;14;22;20.174;11.35
1213;14;22;22.442;15.0
1214;14;23;61.346;8.15
1215;14;23;70.606;6.87
1216;14;24;55.244;1.45
1217;14;24;50.829;7.8
1218;14;25;43.651;15.48
1219;14;25;53.794;14.26
1220;14;26;22.147;17.29
1221;14;26;17.855;1.72
1222;14;27;30.057;4.6
1223;14;27;25.751;0.75
1224;14;27;33.569;12.14
1225;14;28;79.455;11.72
1226;14;28;93.592;1.88
1227;14;29;15.711;20.86
1228;14;30;32.075;1.23
1229;14;31;79.672;18.36
1230;14;31;82.444;21.82
1231;14;32;26.949;24.62
1232;14;32;21.115;5.27
1233;14;33;58.187;18.31
1234;14;34;28.986;21.54
1235;14;34;25.055;8.37
1236;14;35;13.506;4.72
1237;14;35;11.013;6.82
1238;14;35;11.703;16.74
1239;14;36;21.427;1.53
1240;14;36;22.645;3.77
1241;14;36;25.509;12.52
1242;14;37;13.908;23.87
1243;14;38;43.935;11.82
1244;14;38;48.624;0.79
1245;14;38;49.237;1.02
1246;14;39;34.798;7.24
1247;14;39;27.077;10.21
1248;14;39;39.369;5.82
1249;14;40;22.49;4.42
1250;14;41;17.206;11.64
1251;14;41;21.221;20.41
1252;14;41;21.306;2.33
1253;14;42;28.791;11.51
1254;14;42;21.951;2.92
1255;14;43;100.562;8.06
1256;14;44;47.464;17.43
1257;14;45;98.397;17.97
1258;14;46;89.796;0.2
1259;14;47;24.469;5.29
1260;14;48;15.879;17.55
1261;14;48;16.792;12.72
1262;14;49;30.026;12.66
1263;15;16;51.604;7.59
1264;15;17;77.122;1.57
1265;15;17;64.899;16.53
1266;15;18;46.711;2.09
1267;15;18;53.287;0.83
1268;15;19;63.856;3.18
1269;15;19;77.48;4.42
1270;15;19;68.958;17.41
1271;15;20;36.779;13.74
1272;15;20;39.175;10.8
1273;15;21;28.38;17.62
1274;15;22;47.122;10.44
1275;15;22;53.906;21.56
1276;15;23;49.934;15.39
1277;15;23;57.043;5.29
1278;15;24;42.68;12.24
1279;15;24;52.364;0.67
1280;15;24;47.332;16.32
1281;15;25;24.134;3.44
1282;15;26;45.195;19.67
1283;15;26;42.231;18.86
1284;15;27;43.814;2.06
1285;15;27;42.428;17.52
1286;15;28;41.633;16.93
1287;15;29;55.908;16.42
1288;15;29;63.775;4.59
1289;15;30;35.236;3.79
1290;15;31;28.838;23.64
1291;15;31;31.943;8.67
1292;15;31;30.047;3.87
1293;15;32;40.323;4.94
1294;15;33;59.369;9.13
1295;15;34;70.128;4.74
1296;15;34;77.393;10.4
1297;15;35;54.29;6.12
1298;15;35;50.273;14.36
1299;15;36;45.875;7.98
1300;15;36;55.442;22.51
1301;15;36;38.718;18.05
1302;15;37;56.036;0.24
1303;15;37;52.257;5.91
1304;15;37;51.113;22.57
1305;15;38;24.021;1.47
1306;15;38;21.569;0.21
1307;15;38;28.841;11.39
1308;15;39;37.429;7.1
1309;15;40;53.895;15.27
1310;15;40;55.081;8.56
1311;15;40;45.627;2.87
1312;15;41;50.062;21.43
1313;15;42;42.406;12.9
1314;15;43;50.224;17.57
1315;15;43;41.135;21.44
1316;15;43;60.102;3.2
1317;15;44;48.082;0.11
1318;15;44;59.921;18.77
1319;15;44;42.719;11.42
1320;15;45;64.812;17.0
1321;15;46;42.281;10.04
1322;15;46;41.423;24.08
1323;15;46;38.146;12.85
1324;15;47;43.48;16.51
1325;15;47;33.395;0.9
1326;15;48;51.304;9.11
1327;15;49;49.508;13.23
1328;15;49;51.985;7.6
1329;15;49;50.142;16.33
1330;16;17;48.996;8.42
1331;16;17;47.869;4.25
1332;16;17;51.124;3.39
1333;16;18;93.521;0.48
1334;16;18;85.926;12.01
1335;16;18;89.284;1.03
1336;16;19;25.626;23.15
1337;16;20;81.482;21.56
1338;16;20;87.753;7.06
1339;16;20;83.142;3.95
1340;16;21;26.057;5.42
1341;16;21;19.803;8.43
1342;16;22;11.693;4.68
1343;16;22;11.249;10.85
1344;16;22;10.165;1.66
1345;16;23;39.983;1.38
1346;16;23;40.673;22.31
1347;16;24;33.563;16.31
1348;16;24;34.181;4.3
1349;16;25;27.607;14.85
1350;16;25;29.137;4.11
1351;16;26;11.952;8.45
1352;16;26;9.357;19.82
1353;16;27;8.953;13.6
1354;16;27;7.313;1.79
1355;16;27;8.181;9.46
1356;16;28;74.426;4.58
1357;16;28;91.437;20.45
1358;16;29;23.636;4.04
1359;16;30;18.422;4.78
1360;16;30;19.783;7.49
1361;16;31;70.506;23.9
1362;16;31;62.268;10.76
1363;16;32;14.945;21.68
1364;16;32;13.472;17.56
1365;16;32;14.827;19.37
1366;16;33;38.272;8.31
1367;16;33;41.964;21.39
1368;16;33;45.338;20.19
1369;16;34;44.226;14.69
1370;16;35;10.432;13.24
1371;16;35;11.017;9.61
1372;16;36;11.984;17.11
1373;16;37;21.463;20.33
1374;16;38;31.95;0.14
1375;16;38;25.062;1.45
1376;16;39;30.3;17.65
1377;16;39;30.016;23.31
1378;16;39;36.297;24.45
1379;16;40;3.31;4.96
1380;16;40;2.636;15.34
1381;16;40;4.119;4.43
1382;16;41;14.611;14.25
1383;16;41;14.47;11.86
1384;16;41;12.237;11.25
1385;16;42;9.237;0.84
1386;16;42;10.328;23.67
1387;16;43;79.351;6.67
1388;16;43;98.554;15.61
1389;16;43;60.222;24.45
1390;16;44;26.19;22.29
1391;16;45;96.305;17.27
1392;16;46;68.582;5.46
1393;16;47;10.632;2.56
1394;16;48;13.091;17.44
1395;16;49;8.671;15.36
1396;16;49;6.693;16.77
1397;16;49;9.057;2.54
1398;17;18;100.154;20.78
1399;17;18;92.334;15.63
1400;17;19;72.802;20.05
1401;17;19;63.507;7.44
1402;17;20;88.29;4.96
1403;17;20;86.022;9.0
1404;17;21;51.627;3.17
1405;17;22;40.544;7.37
1406;17;22;37.663;15.14
1407;17;23;88.195;24.17
1408;17;23;90.022;7.2
1409;17;23;103.307;22.75
1410;17;24;80.739;0.14
1411;17;24;86.181;12.63
1412;17;25;58.771;3.2
1413;17;26;42.003;1.35
1414;17;27;54.858;8.51
1415;17;28;71.704;7.47
1416;17;28;64.269;17.75
1417;17;29;26.392;14.0
1418;17;30;48.598;20.65
1419;17;30;41.579;20.14
1420;17;31;78.008;15.03
1421;17;31;89.688;19.09
1422;17;31;88.108;6.14
1423;17;32;44.744;21.54
1424;17;32;38.503;16.76
1425;17;33;87.263;4.46
1426;17;33;73.617;9.17
1427;17;34;7.003;17.02
1428;17;34;6.19;1.01
1429;17;35;38.565;10.71
1430;17;36;41.339;4.04
1431;17;36;50.46;17.59
1432;17;37;28.068;21.27
1433;17;38;53.889;10.63
1434;17;38;56.532;12.74
1435;17;39;39.809;3.19
1436;17;40;51.076;1.96
1437;17;41;36.181;3.98
1438;17;41;36.7;15.47
1439;17;42;52.136;10.51
1440;17;42;49.357;5.97
1441;17;42;55.054;21.24
1442;17;43;120.412;13.93
1443;17;44;74.782;9.78
1444;17;44;89.911;6.73
1445;17;44;57.883;18.86
1446;17;45;84.42;22.15
1447;17;46;110.013;23.89
1448;17;47;45.33;11.04
1449;17;47;49.207;15.18
1450;17;48;36.834;1.94
1451;17;49;57.583;11.37
1452;18;19;109.833;9.97
1453;18;20;12.409;3.56
1454;18;20;13.606;11.13
1455;18;21;67.493;6.37
1456;18;21;60.174;9.13
1457;18;21;58.933;16.13
1458;18;22;85.535;18.85
1459;18;22;97.646;5.23
1460;18;22;71.135;6.28
1461;18;23;96.25;1.32
1462;18;23;95.512;8.98
1463;18;23;96.919;0.46
1464;18;24;89.327;7.04
1465;18;24;94.543;22.83
1466;18;25;66.937;23.3
1467;18;25;52.623;20.93
1468;18;25;57.301;0.15
1469;18;26;83.972;20.47
1470;18;26;69.55;5.19
1471;18;27;87.307;21.55
1472;18;27;86.983;19.34
1473;18;28;29.586;3.16
1474;18;29;88.556;11.65
1475;18;30;75.189;18.57
1476;18;30;83.58;6.07
1477;18;30;75.544;23.3
1478;18;31;23.616;13.21
1479;18;31;27.717;20.28
1480;18;32;79.454;7.98
1481;18;32;61.581;8.59
1482;18;33;106.029;19.56
1483;18;33;88.515;13.35
1484;18;33;125.739;19.15
1485;18;34;93.798;17.35
1486;18;34;101.559;19.86
1487;18;34;99.436;0.96
1488;18;35;92.705;19.43
1489;18;36;84.45;18.35
1490;18;36;80.219;20.19
1491;18;37;89.762;0.85
1492;18;38;61.618;6.88
1493;18;38;67.703;20.35
1494;18;39;68.519;0.96
1495;18;39;62.394;13.0
1496;18;40;96.388;14.6
1497;18;41;86.837;7.95
1498;18;42;85.017;6.43
1499;18;42;99.901;24.75
1500;18;42;84.57;8.95
1501;18;43;81.135;18.65
1502;18;43;70.152;3.36
1503;18;43;77.446;5.17
1504;18;44;94.672;16.21
1505;18;44;103.292;14.78
1506;18;44;110.667;17.26
1507;18;45;36.032;1.63
1508;18;46;78.109;8.82
1509;18;47;83.549;18.23
1510;18;47;78.543;12.86
1511;18;48;88.638;9.81
1512;18;48;98.897;10.28
1513;18;48;82.442;22.5
1514;18;49;93.673;23.69
1515;19;20;98.653;9.42
1516;19;21;46.063;4.96
1517;19;22;37.142;10.57
1518;19;22;45.95;16.75
1519;19;23;27.076;13.82
1520;19;23;24.723;5.95
1521;19;23;30.538;18.38
1522;19;24;26.588;11.9
1523;19;24;21.221;8.84
1524;19;24;32.914;2.46
1525;19;25;43.764;8.44
1526;19;26;37.002;7.78
1527;19;26;31.744;2.46
1528;19;27;25.585;2.37
1529;19;28;95.326;24.83
1530;19;29;48.874;18.68
1531;19;29;58.989;16.22
1532;19;30;39.848;13.52
1533;19;31;88.461;8.92
1534;19;32;38.502;21.97
1535;19;32;30.627;4.72
1536;19;32;38.641;21.88
1537;19;33;18.71;11.9
1538;19;33;15.445;12.5
1539;19;33;21.746;10.42
1540;19;34;68.826;5.48
1541;19;34;74.408;1.64
1542;19;35;35.297;4.5
1543;19;36;37.21;11.98
1544;19;36;39.897;17.33
1545;19;37;46.57;11.09
1546;19;37;47.602;17.01
1547;19;38;51.433;8.07
1548;19;38;45.451;10.76
1549;19;38;43.399;7.01
1550;19;39;54.329;18.85
1551;19;39;51.268;13.3
1552;19;40;22.692;1.06
1553;19;40;20.416;21.77
1554;19;40;19.518;15.72
1555;19;41;40.228;24.69
1556;19;41;43.358;4.66
1557;19;41;33.78;17.2
1558;19;42;28.971;21.26
1559;19;43;73.896;19.25
1560;19;44;17.396;16.95
1561;19;44;21.391;18.37
1562;19;44;21.358;20.03
1563;19;45;118.325;6.62
1564;19;45;116.833;17.77
1565;19;45;120.799;3.96
1566;19;46;63.887;19.07
1567;19;46;60.866;14.71
1568;19;46;58.129;14.25
1569;19;47;34.699;2.42
1570;19;48;38.631;16.15
1571;19;48;37.326;5.63
1572;19;48;42.785;14.3
1573;19;49;19.222;5.55
1574;20;21;55.425;15.17
1575;20;21;64.118;24.27
1576;20;22;73.254;16.3
1577;20;23;86.713;17.84
1578;20;23;65.157;1.29
1579;20;24;79.353;23.16
1580;20;25;55.307;23.26
1581;20;25;56.273;11.32
1582;20;26;71.72;9.08
1583;20;26;68.498;12.74
1584;20;27;75.54;23.07
1585;20;27;79.346;0.26
1586;20;27;94.305;12.29
1587;20;28;19.736;19.67
1588;20;28;21.274;23.84
1589;20;29;76.152;14.61
1590;20;29;62.142;3.61
1591;20;29;81.248;13.51
1592;20;30;63.095;19.37
1593;20;30;73.831;16.57
1594;20;31;11.221;17.56
1595;20;31;13.094;5.05
1596;20;31;12.102;23.8
1597;20;32;67.256;7.03
1598;20;32;59.169;0.72
1599;20;33;95.994;16.04
1600;20;34;81.826;14.51
1601;20;34;63.877;18.29
1602;20;35;80.393;12.95
1603;20;35;64.788;7.58
1604;20;35;85.182;24.82
1605;20;36;72.184;0.11
1606;20;36;87.218;18.48
1607;20;37;77.353;14.73
1608;20;37;94.201;5.36
1609;20;37;84.876;1.65
1610;20;38;49.535;21.49
1611;20;38;41.027;20.29
1612;20;39;56.111;7.3
1613;20;39;51.164;4.54
1614;20;39;60.441;15.15
1615;20;40;84.406;20.26
1616;20;40;85.003;19.46
1617;20;40;94.442;22.74
1618;20;41;74.479;15.58
1619;20;41;77.191;17.83
1620;20;41;83.697;9.8
1621;20;42;73.127;10.42
1622;20;43;77.043;17.28
1623;20;43;58.618;8.76
1624;20;44;84.042;10.37
1625;20;44;89.278;13.81
1626;20;44;89.953;24.32
1627;20;45;33.937;3.86
1628;20;45;31.097;5.86
1629;20;45;39.677;6.55
1630;20;46;72.524;9.48
1631;20;46;77.884;1.32
1632;20;46;88.42;13.86
1633;20;47;71.392;22.59
1634;20;47;64.713;22.63
1635;20;48;76.293;5.21
1636;20;48;60.146;5.48
1637;20;48;65.449;23.19
1638;20;49;81.991;20.73
1639;21;22;19.032;11.02
1640;21;22;14.398;0.89
1641;21;22;19.896;20.27
1642;21;23;45.399;20.09
1643;21;24;36.695;19.43
1644;21;25;7.406;21.55
1645;21;26;17.198;7.27
1646;21;26;13.063;17.46
1647;21;26;18.232;10.92
1648;21;27;20.912;9.41
1649;21;27;22.522;0.34
1650;21;28;49.42;8.06
1651;21;29;27.982;6.2
1652;21;29;23.684;19.54
1653;21;29;34.047;18.45
1654;21;30;7.708;21.2
1655;21;30;9.043;0.26
1656;21;31;44.461;14.36
1657;21;31;53.386;2.11
1658;21;31;53.077;6.42
1659;21;32;12.365;18.58
1660;21;33;50.115;24.31
1661;21;33;49.8;13.48
1662;21;34;44.869;19.09
1663;21;35;26.329;15.65
1664;21;35;20.848;23.08
1665;21;36;17.815;6.24
1666;21;36;14.338;23.28
1667;21;36;20.878;21.67
1668;21;37;27.854;19.58
1669;21;37;34.462;5.43
1670;21;38;5.893;4.31
1671;21;38;5.697;8.09
1672;21;38;4.631;15.75
1673;21;39;13.514;1.01
1674;21;39;15.415;5.38
1675;21;39;11.654;0.66
1676;21;40;29.019;17.6
1677;21;40;33.826;3.23
1678;21;40;24.351;16.14
1679;21;41;21.699;23.61
1680;21;41;24.313;6.66
1681;21;41;26.41;18.11
1682;21;42;18.034;10.48
1683;21;42;15.315;18.48
1684;21;43;68.988;11.81
1685;21;43;86.22;4.14
1686;21;43;69.832;3.95
1687;21;44;35.914;15.77
1688;21;44;32.237;23.83
1689;21;44;43.177;19.43
1690;21;45;72.263;16.67
1691;21;45;79.62;17.97
1692;21;46;58.791;23.71
1693;21;46;69.848;13.51
1694;21;47;16.173;16.67
1695;21;47;19.894;24.12
1696;21;48;23.02;23.97
1697;21;48;19.744;16.9
1698;21;49;27.562;18.52
1699;22;23;47.793;23.15
1700;22;23;59.024;8.94
1701;22;23;44.56;1.11
1702;22;24;40.197;6.24
1703;22;25;23.479;17.77
1704;22;26;1.983;13.23
1705;22;26;1.685;19.78
1706;22;27;14.514;2.52
1707;22;28;64.413;24.04
1708;22;28;64.709;20.81
1709;22;28;72.177;8.71
1710;22;29;14.157;11.45
1711;22;29;17.249;0.84
1712;22;29;16.61;3.63
1713;22;30;11.916;12.11
1714;22;30;11.025;10.53
1715;22;30;12.852;20.74
1716;22;31;62.083;10.82
1717;22;31;58.443;19.03
1718;22;31;73.601;10.7
1719;22;32;6.801;10.85
1720;22;33;48.082;17.29
1721;22;33;53.064;1.22
1722;22;34;34.926;22.69
1723;22;34;27.87;3.46
1724;22;34;42.589;11.67
1725;22;35;7.314;7.68
1726;22;35;7.471;15.53
1727;22;35;6.066;21.74
1728;22;36;1.253;5.71
1729;22;37;12.604;7.51
1730;22;38;24.494;12.69
1731;22;38;25.504;0.92
1732;22;38;19.594;24.42
1733;22;39;19.289;13.68
1734;22;39;17.024;7.05
1735;22;40;14.928;19.81
1736;22;41;4.399;23.83
1737;22;41;4.764;23.68
1738;22;42;11.6;11.92
1739;22;43;82.095;8.32
1740;22;43;98.559;5.67
1741;22;44;34.729;15.29
1742;22;44;33.2;11.88
1743;22;45;85.613;14.83
1744;22;45;82.21;15.06
1745;22;45;83.919;21.72
1746;22;46;71.411;23.73
1747;22;46;59.224;2.37
1748;22;47;4.963;14.12
1749;22;47;5.33;5.98
1750;22;47;4.002;6.05
1751;22;48;4.534;4.27
1752;22;48;4.099;16.92
1753;22;49;18.686;15.69
1754;22;49;16.847;10.43
1755;22;49;14.165;13.15
1756;23;24;8.722;21.89
1757;23;24;10.684;24.62
1758;23;24;9.77;20.66
1759;23;25;39.399;14.05
1760;23;26;46.546;2.36
1761;23;27;33.346;8.41
1762;23;28;88.825;0.12
1763;23;28;76.693;0.08
1764;23;29;61.902;2.92
1765;23;30;43.076;7.76
1766;23;30;53.15;16.06
1767;23;31;78.233;21.03
1768;23;31;76.982;20.17
1769;23;31;83.237;13.34
1770;23;32;45.011;8.63
1771;23;33;11.417;21.25
1772;23;33;11.984;17.85
1773;23;33;11.645;17.8
1774;23;34;82.719;17.9
1775;23;34;90.916;20.04
1776;23;34;89.538;13.38
1777;23;35;50.094;14.97
1778;23;35;38.28;1.98
1779;23;35;40.324;4.06
1780;23;36;47.138;0.27
1781;23;36;54.92;1.2
1782;23;37;60.129;13.82
1783;23;37;45.273;0.28
1784;23;37;57.92;9.86
1785;23;38;48.597;2.43
1786;23;38;54.544;23.59
1787;23;38;49.419;7.95
1788;23;39;57.987;11.8
1789;23;40;38.857;12.03
1790;23;40;36.682;4.34
1791;23;40;35.431;19.25
1792;23;41;52.082;11.85
1793;23;41;60.411;3.61
1794;23;41;53.909;22.55
1795;23;42;36.232;11.64
1796;23;43;47.049;22.19
1797;23;43;56.095;0.82
1798;23;43;47.054;18.62
1799;23;44;13.884;8.79
1800;23;45;112.573;17.72
1801;23;45;90.504;2.75
1802;23;45;103.683;0.71
1803;23;46;37.419;24.39
1804;23;46;34.0;12.7
1805;23;47;43.259;6.77
1806;23;47;42.611;24.7
1807;23;47;42.316;18.64
1808;23;48;51.362;10.42
1809;23;48;48.762;11.67
1810;23;49;31.387;6.84
1811;23;49;36.658;20.05
1812;24;25;30.687;19.94
1813;24;25;38.107;15.96
1814;24;25;23.379;12.65
1815;24;26;38.807;19.49
1816;24;26;46.014;2.45
1817;24;26;42.013;5.15
1818;24;27;26.038;12.97
1819;24;27;23.634;0.39
1820;24;28;80.577;5.16
1821;24;28;72.505;4.26
1822;24;28;89.755;2.81
1823;24;29;54.354;14.86
1824;24;30;34.629;4.88
1825;24;30;31.865;0.17
1826;24;31;70.48;3.12
1827;24;31;72.518;1.75
1828;24;31;63.532;22.79
1829;24;32;36.879;22.76
1830;24;32;43.243;5.94
1831;24;32;31.389;13.76
1832;24;33;16.702;0.24
1833;24;33;20.781;21.43
1834;24;34;75.039;17.79
1835;24;35;43.229;16.28
1836;24;36;39.442;15.07
1837;24;37;52.714;10.06
1838;24;37;62.709;14.16
1839;24;37;43.603;16.73
1840;24;38;39.886;12.39
1841;24;39;49.387;20.32
1842;24;39;41.612;24.78
1843;24;40;32.982;3.8
1844;24;41;44.56;3.02
1845;24;41;51.716;13.32
1846;24;41;42.945;6.94
1847;24;42;28.603;17.69
1848;24;42;23.551;15.24
1849;24;42;27.307;12.34
1850;24;43;48.319;17.38
1851;24;44;9.65;4.06
1852;24;44;9.837;4.07
1853;24;45;104.317;15.06
1854;24;46;37.907;10.54
1855;24;47;35.485;15.4
1856;24;47;40.188;24.71
1857;24;47;38.554;8.2
1858;24;48;44.025;13.82
1859;24;48;38.127;16.48
1860;24;49;25.336;1.53
1861;24;49;24.524;21.49
1862;25;26;21.505;0.67
1863;25;27;20.445;22.64
1864;25;27;16.369;18.83
1865;25;27;21.714;8.94
1866;25;28;51.946;9.98
1867;25;28;45.997;16.34
1868;25;28;56.01;2.59
1869;25;29;34.368;8.66
1870;25;29;38.465;1.73
1871;25;30;11.648;5.85
1872;25;30;11.325;4.78
1873;25;31;44.819;9.91
1874;25;31;50.919;15.05
1875;25;32;16.748;5.36
1876;25;32;16.839;15.21
1877;25;33;45.24;18.41
1878;25;33;53.939;12.11
1879;25;34;52.081;6.48
1880;25;34;55.624;20.21
1881;25;35;30.433;3.08
1882;25;36;22.227;15.75
1883;25;37;33.929;17.92
1884;25;37;40.421;1.53
1885;25;37;38.76;3.52
1886;25;38;9.199;10.72
1887;25;39;20.863;19.53
1888;25;40;30.089;8.53
1889;25;40;28.099;7.86
1890;25;40;26.496;7.22
1891;25;41;26.925;19.12
1892;25;41;27.444;9.43
1893;25;41;23.57;19.29
1894;25;42;18.528;4.61
1895;25;42;20.28;14.31
1896;25;43;61.698;4.54
1897;25;44;31.387;6.69
1898;25;44;31.514;1.15
1899;25;45;75.371;2.84
1900;25;46;51.44;19.65
1901;25;47;19.469;21.98
1902;25;47;23.141;1.45
1903;25;47;23.182;17.57
1904;25;48;27.876;20.22
1905;25;49;26.736;11.94
1906;25;49;27.204;15.95
1907;26;27;13.464;20.54
1908;26;28;63.257;3.14
1909;26;28;63.445;15.24
1910;26;29;15.628;21.61
1911;26;29;13.494;3.76
1912;26;29;11.966;4.23
1913;26;30;9.969;12.04
1914;26;31;60.572;0.43
1915;26;32;4.879;14.1
1916;26;32;6.02;12.98
1917;26;33;47.239;17.58
1918;26;33;47.533;1.96
1919;26;34;36.234;12.61
1920;26;34;34.717;19.44
1921;26;35;9.141;6.69
1922;26;35;9.81;4.44
1923;26;36;0.76;4.96
1924;26;36;0.781;6.1
1925;26;37;14.241;24.29
1926;26;37;15.092;8.76
1927;26;38;22.745;19.04
1928;26;39;18.455;9.48
1929;26;39;18.351;11.2
1930;26;40;15.254;8.49
1931;26;40;16.893;6.72
1932;26;40;17.047;21.68
1933;26;41;6.106;5.58
1934;26;42;10.322;17.14
1935;26;42;9.981;17.01
1936;26;42;9.075;24.35
1937;26;43;80.239;5.51
1938;26;44;33.68;1.77
1939;26;44;25.758;3.03
1940;26;45;84.697;11.88
1941;26;45;77.411;15.59
1942;26;46;69.567;17.51
1943;26;46;66.677;19.27
1944;26;46;78.433;14.88
1945;26;47;3.328;23.0
1946;26;47;3.712;8.83
1947;26;48;6.494;10.45
1948;26;48;5.439;23.77
1949;26;49;18.196;9.35
1950;26;49;22.651;21.37
1951;27;28;70.322;7.2
1952;27;28;71.249;17.36
1953;27;29;28.563;4.14
1954;27;29;30.164;13.62
1955;27;30;14.274;11.88
1956;27;30;11.535;10.64
1957;27;30;16.95;14.61
1958;27;31;64.83;19.98
1959;27;32;13.365;12.62
1960;27;33;33.83;17.85
1961;27;33;40.513;7.62
1962;27;34;49.405;4.52
1963;27;34;55.104;1.08
1964;27;34;40.462;22.81
1965;27;35;17.313;12.12
1966;27;36;13.977;20.62
1967;27;36;17.235;23.27
1968;27;37;26.79;10.22
1969;27;37;24.546;0.89
1970;27;38;26.6;22.1
1971;27;38;20.527;24.38
1972;27;39;28.942;10.78
1973;27;40;10.342;24.52
1974;27;40;10.396;24.75
1975;27;40;12.019;0.61
1976;27;41;18.747;24.88
1977;27;41;20.576;3.6
1978;27;42;3.511;16.4
1979;27;42;3.889;1.5
1980;27;43;70.59;19.81
1981;27;44;20.231;19.51
1982;27;44;21.647;20.87
1983;27;44;20.375;4.6
1984;27;45;93.003;23.43
1985;27;45;96.182;20.59
1986;27;45;87.687;1.39
1987;27;46;59.819;6.22
1988;27;46;60.429;2.2
1989;27;47;10.358;4.22
1990;27;47;7.872;0.97
1991;27;48;18.039;9.17
1992;27;49;6.651;9.23
1993;28;29;63.918;18.97
1994;28;29;61.065;9.37
1995;28;29;74.906;7.65
1996;28;30;56.41;10.48
1997;28;30;53.722;20.57
1998;28;31;15.436;8.89
1999;28;32;59.499;17.0
2000;28;32;70.021;3.08
2001;28;33;96.476;4.27
2002;28;33;77.209;1.68
2003;28;34;65.697;9.51
2004;28;35;70.959;20.3
2005;28;35;83.823;10.33
2006;28;36;63.546;24.14
2007;28;36;63.072;14.83
2008;28;37;65.552;6.69
2009;28;38;43.898;21.7
2010;28;39;45.45;7.44
2011;28;39;34.779;20.57
2012;28;39;37.095;22.68
2013;28;40;77.629;3.06
2014;28;40;59.388;19.62
2015;28;40;71.709;7.15
2016;28;41;64.545;7.82
2017;28;41;68.943;0.87
2018;28;41;52.462;5.79
2019;28;42;67.324;13.73
2020;28;42;72.134;19.84
2021;28;42;71.954;16.56
2022;28;43;89.19;4.49
2023;28;43;77.51;13.32
2024;28;44;83.108;21.42
2025;28;45;23.748;15.8
2026;28;46;82.793;5.79
2027;28;46;68.502;19.87
2028;28;47;63.818;13.01
2029;28;48;66.528;10.08
2030;28;49;76.973;16.46
2031;29;30;23.195;2.62
2032;29;30;21.938;19.98
2033;29;31;64.996;22.77
2034;29;31;77.391;7.51
2035;29;32;18.772;7.7
2036;29;32;20.171;10.19
2037;29;33;61.638;6.91
2038;29;33;47.874;11.57
2039;29;33;74.949;1.08
2040;29;34;20.867;18.21
2041;29;34;18.882;24.53
2042;29;35;13.583;3.16
2043;29;35;12.596;11.89
2044;29;35;10.607;23.08
2045;29;36;14.954;4.76
2046;29;36;14.133;2.91
2047;29;36;13.089;6.32
2048;29;37;2.415;2.25
2049;29;37;2.673;20.01
2050;29;38;31.901;21.7
2051;29;38;30.478;8.35
2052;29;38;38.955;11.12
2053;29;39;20.283;14.01
2054;29;39;24.835;24.17
2055;29;40;26.25;19.93
2056;29;40;28.345;12.83
2057;29;41;9.821;13.69
2058;29;41;9.884;9.66
2059;29;42;25.756;12.85
2060;29;42;21.229;13.96
2061;29;42;30.661;1.69
2062;29;43;95.166;12.61
2063;29;43;91.549;17.09
2064;29;44;48.666;18.34
2065;29;44;40.282;22.24
2066;29;44;48.579;10.66
2067;29;45;82.694;8.05
2068;29;45;70.978;15.18
2069;29;46;84.59;24.66
2070;29;47;18.951;4.14
2071;29;47;18.652;21.0
2072;29;47;19.163;8.74
2073;29;48;10.724;2.68
2074;29;48;11.419;21.03
2075;29;48;8.107;16.22
2076;29;49;31.884;16.17
2077;30;31;52.091;12.96
2078;30;31;64.492;7.77
2079;30;32;5.126;4.69
2080;30;32;3.907;18.89
2081;30;33;46.158;1.02
2082;30;33;47.451;13.77
2083;30;33;48.713;15.36
2084;30;34;42.199;21.49
2085;30;34;48.243;2.97
2086;30;35;19.057;16.36
2087;30;36;10.664;17.06
2088;30;36;10.15;1.82
2089;30;36;10.401;9.47
2090;30;37;22.519;10.2
2091;30;37;22.872;14.04
2092;30;37;17.432;1.77
2093;30;38;13.572;7.21
2094;30;38;10.228;7.96
2095;30;39;15.322;14.92
2096;30;40;21.46;1.67
2097;30;41;15.282;10.17
2098;30;42;11.015;1.01
2099;30;42;11.801;22.55
2100;30;42;10.323;11.32
2101;30;43;72.04;9.37
2102;30;44;31.916;6.37
2103;30;44;35.389;14.43
2104;30;44;33.119;18.21
2105;30;45;78.84;13.95
2106;30;45;77.89;14.83
2107;30;45;76.794;18.03
2108;30;46;61.524;5.68
2109;30;47;8.507;5.46
2110;30;47;7.002;8.69
2111;30;47;7.029;4.55
2112;30;48;16.247;1.44
2113;30;48;14.611;0.79
2114;30;48;14.3;24.16
2115;30;49;20.827;2.02
2116;30;49;25.254;11.79
2117;31;32;56.153;10.02
2118;31;32;47.419;6.24
2119;31;32;66.98;18.09
2120;31;33;86.948;7.17
2121;31;33;92.881;10.95
2122;31;33;93.635;0.53
2123;31;34;71.407;4.93
2124;31;34;79.301;12.34
2125;31;35;69.201;2.38
2126;31;36;61.024;23.15
2127;31;36;72.875;11.16
2128;31;36;61.309;4.6
2129;31;37;66.166;11.35
2130;31;38;38.57;4.84
2131;31;38;34.438;18.47
2132;31;38;31.299;20.08
2133;31;39;44.909;19.01
2134;31;39;55.885;15.78
2135;31;40;73.478;0.36
2136;31;40;71.91;7.27
2137;31;40;77.558;8.1
2138;31;41;63.264;1.79
2139;31;41;60.813;12.76
2140;31;41;68.349;10.71
2141;31;42;62.303;22.88
2142;31;42;49.792;24.9
2143;31;43;74.18;17.83
2144;31;43;82.755;19.63
2145;31;44;74.456;9.06
2146;31;44;72.81;23.15
2147;31;44;87.305;10.89
2148;31;45;36.555;23.08
2149;31;45;41.458;9.29
2150;31;45;40.399;19.01
2151;31;46;68.286;3.74
2152;31;46;76.187;24.33
2153;31;46;76.433;22.2
2154;31;47;60.322;23.04
2155;31;48;65.084;8.73
2156;31;48;75.822;9.28
2157;31;49;71.35;23.25
2158;32;33;46.874;10.5
2159;32;33;37.602;19.64
2160;32;34;38.597;23.63
2161;32;35;14.015;2.09
2162;32;35;15.686;11.6
2163;32;36;5.552;9.94
2164;32;36;6.797;6.27
2165;32;37;17.836;5.68
2166;32;38;18.012;13.26
2167;32;38;18.109;24.98
2168;32;38;20.422;11.84
2169;32;39;15.85;2.33
2170;32;40;18.193;22.33
2171;32;40;22.459;18.88
2172;32;40;14.096;5.84
2173;32;41;10.255;5.91
2174;32;41;10.422;6.52
2175;32;42;9.857;6.97
2176;32;43;76.432;24.88
2177;32;43;87.093;7.05
2178;32;44;32.873;24.94
2179;32;45;81.396;8.44
2180;32;45;89.202;6.24
2181;32;46;65.832;13.68
2182;32;47;4.319;20.05
2183;32;48;11.129;23.9
2184;32;48;8.943;8.08
2185;32;49;19.29;23.48
2186;33;34;82.42;17.69
2187;33;35;48.704;13.71
2188;33;36;47.699;23.13
2189;33;36;55.346;1.96
2190;33;36;56.811;15.19
2191;33;37;59.589;3.33
2192;33;37;54.564;10.52
2193;33;38;54.257;1.2
2194;33;38;53.259;18.68
2195;33;38;62.743;1.82
2196;33;39;61.476;1.17
2197;33;39;71.983;13.66
2198;33;39;63.842;24.81
2199;33;40;36.293;1.46
2200;33;41;52.036;12.48
2201;33;42;37.204;7.7
2202;33;42;38.336;2.17
2203;33;42;45.263;9.66
2204;33;43;57.633;9.06
2205;33;43;50.787;7.02
2206;33;44;14.271;21.43
2207;33;44;13.772;0.83
2208;33;44;12.157;11.94
2209;33;45;120.153;10.79
2210;33;45;130.473;7.81
2211;33;46;48.411;5.87
2212;33;46;54.578;4.49
2213;33;46;54.127;12.38
2214;33;47;44.188;8.81
2215;33;48;50.916;3.7
2216;33;48;45.408;5.02
2217;33;49;29.769;1.59
2218;34;35;33.86;6.88
2219;34;35;33.527;22.95
2220;34;35;29.656;9.31
2221;34;36;35.612;10.53
2222;34;36;28.898;24.14
2223;34;36;33.656;11.12
2224;34;37;22.834;22.59
2225;34;37;26.264;13.2
2226;34;37;18.487;2.3
2227;34;38;46.969;23.26
2228;34;38;40.828;15.8
2229;34;38;42.045;12.54
2230;34;39;32.85;15.74
2231;34;39;36.012;5.26
2232;34;40;46.577;2.4
2233;34;41;30.661;3.22
2234;34;41;26.53;8.17
2235;34;41;26.222;10.07
2236;34;42;46.506;6.57
2237;34;42;44.055;20.08
2238;34;42;53.964;23.46
2239;34;43;113.771;19.84
2240;34;43;87.39;0.16
2241;34;44;69.533;11.69
2242;34;44;66.629;21.05
2243;34;44;71.071;20.26
2244;34;45;79.556;15.0
2245;34;45;68.604;8.24
2246;34;46;103.432;23.48
2247;34;46;107.48;7.08
2248;34;47;39.554;6.04
2249;34;47;48.113;21.17
2250;34;47;39.449;13.83
2251;34;48;31.563;18.64
2252;34;49;52.651;17.35
2253;34;49;43.019;17.57
2254;34;49;58.644;8.6
2255;35;36;8.515;14.03
2256;35;36;8.657;6.37
2257;35;36;9.117;21.86
2258;35;37;11.276;11.57
2259;35;37;12.242;16.29
2260;35;38;31.806;7.19
2261;35;38;34.45;12.2
2262;35;38;25.471;2.56
2263;35;39;25.527;5.01
2264;35;39;29.987;7.89
2265;35;39;20.897;24.13
2266;35;40;12.744;5.21
2267;35;41;6.555;24.83
2268;35;41;7.276;1.01
2269;35;42;15.536;12.76
2270;35;43;87.336;8.89
2271;35;43;107.684;2.68
2272;35;43;104.966;3.66
2273;35;44;36.426;18.88
2274;35;44;32.657;16.03
2275;35;45;91.619;9.68
2276;35;45;75.518;9.06
2277;35;45;109.7;9.4
2278;35;46;76.585;1.14
2279;35;46;95.003;20.02
2280;35;47;11.037;19.27
2281;35;47;12.876;9.53
2282;35;47;13.241;8.65
2283;35;48;4.52;6.21
2284;35;48;4.077;13.63
2285;35;49;19.04;21.3
2286;35;49;18.787;22.81
2287;35;49;23.191;22.59
2288;36;37;13.526;18.36
2289;36;38;23.314;8.37
2290;36;38;17.89;11.19
2291;36;38;21.227;14.61
2292;36;39;18.593;22.22
2293;36;39;19.074;6.33
2294;36;39;16.259;15.24
2295;36;40;15.269;19.05
2296;36;40;13.887;8.68
2297;36;40;18.149;13.37
2298;36;41;5.368;7.81
2299;36;42;10.906;0.23
2300;36;42;8.428;7.57
2301;36;42;10.998;18.21
2302;36;43;80.991;18.96
2303;36;44;34.206;6.49
2304;36;44;26.962;1.76
2305;36;44;25.724;2.36
2306;36;45;84.885;22.57
2307;36;46;70.317;10.01
2308;36;46;83.238;22.95
2309;36;46;75.689;17.47
2310;36;47;4.002;0.78
2311;36;47;4.061;1.46
2312;36;48;5.739;14.18
2313;36;48;6.48;15.41
2314;36;48;6.764;19.52
2315;36;49;18.52;10.7
2316;37;38;32.115;24.99
2317;37;38;32.486;4.63
2318;37;38;37.382;2.68
2319;37;39;21.285;7.89
2320;37;39;22.454;14.51
2321;37;40;23.993;12.23
2322;37;40;21.498;22.25
2323;37;40;27.992;1.37
2324;37;41;8.204;2.87
2325;37;41;8.217;7.02
2326;37;42;24.126;19.33
2327;37;42;25.067;10.06
2328;37;42;24.311;24.38
2329;37;43;94.249;9.26
2330;37;44;46.776;4.12
2331;37;44;55.762;14.1
2332;37;44;55.186;8.21
2333;37;45;84.642;4.71
2334;37;45;98.708;13.66
2335;37;45;88.891;22.41
2336;37;46;83.626;22.1
2337;37;46;94.561;1.75
2338;37;47;17.518;22.57
2339;37;47;14.605;12.5
2340;37;47;20.219;0.59
2341;37;48;8.778;2.29
2342;37;48;10.496;10.42
2343;37;48;9.169;18.03
2344;37;49;29.82;20.72
2345;37;49;36.272;4.75
2346;38;39;14.211;5.67
2347;38;39;16.598;19.38
2348;38;39;13.2;19.25
2349;38;40;34.908;12.55
2350;38;40;41.214;0.74
2351;38;40;30.849;21.46
2352;38;41;26.738;21.86
2353;38;41;20.618;18.91
2354;38;41;21.336;5.39
2355;38;42;23.842;1.9
2356;38;43;67.919;7.52
2357;38;44;40.246;23.68
2358;38;45;66.989;23.86
2359;38;45;60.153;3.45
2360;38;46;58.086;3.34
2361;38;46;71.092;3.26
2362;38;47;21.973;24.07
2363;38;48;28.231;20.15
2364;38;48;33.398;12.67
2365;38;48;26.398;17.0
2366;38;49;33.232;13.82
2367;39;40;33.609;2.29
2368;39;40;40.861;24.47
2369;39;41;19.096;7.53
2370;39;42;25.458;6.38
2371;39;42;28.032;19.89
2372;39;43;81.921;9.83
2373;39;43;79.138;1.33
2374;39;44;47.226;1.12
2375;39;45;66.326;0.51
2376;39;45;74.653;19.96
2377;39;46;71.915;24.96
2378;39;46;60.203;13.87
2379;39;47;19.896;13.74
2380;39;48;21.079;11.51
2381;39;48;22.517;19.27
2382;39;48;19.867;6.93
2383;39;49;35.108;0.9
2384;39;49;42.863;11.53
2385;39;49;37.66;12.61
2386;40;41;17.596;8.19
2387;40;42;11.562;17.54
2388;40;42;10.116;6.03
2389;40;42;11.629;11.68
2390;40;43;79.668;22.41
2391;40;43;67.283;23.43
2392;40;43;67.005;18.92
2393;40;44;24.975;13.93
2394;40;44;20.731;24.99
2395;40;44;24.278;20.14
2396;40;45;99.578;11.01
2397;40;45;83.04;4.5
2398;40;45;112.233;14.18
2399;40;46;68.921;23.3
2400;40;46;83.298;7.71
2401;40;47;13.893;11.09
2402;40;47;11.45;9.05
2403;40;47;10.968;11.59
2404;40;48;15.946;20.64
2405;40;49;7.648;23.86
2406;40;49;7.639;2.69
2407;40;49;7.289;3.23
2408;41;42;15.957;17.21
2409;41;42;13.221;17.04
2410;41;43;86.326;18.5
2411;41;43;95.939;21.8
2412;41;44;38.89;12.16
2413;41;44;45.016;1.82
2414;41;44;44.964;2.83
2415;41;45;85.074;18.54
2416;41;45;102.024;22.9
2417;41;45;91.276;12.44
2418;41;46;75.663;18.48
2419;41;46;84.214;4.29
2420;41;47;9.332;24.81
2421;41;47;9.923;5.42
2422;41;47;10.033;9.88
2423;41;48;2.034;21.96
2424;41;49;22.391;6.86
2425;41;49;27.758;4.44
2426;42;43;71.819;15.98
2427;42;44;23.429;11.25
2428;42;44;24.813;3.33
2429;42;44;19.74;4.18
2430;42;45;89.851;21.27
2431;42;46;61.062;6.99
2432;42;46;71.808;7.87
2433;42;47;7.079;17.29
2434;42;48;15.512;22.33
2435;42;49;9.829;2.95
2436;42;49;11.64;7.64
2437;43;44;57.932;18.28
2438;43;44;58.981;21.67
2439;43;44;47.148;24.49
2440;43;45;110.233;16.78
2441;43;45;94.305;20.22
2442;43;45;101.701;2.92
2443;43;46;10.772;21.81
2444;43;46;10.201;15.56
2445;43;46;8.323;15.03
2446;43;47;77.172;12.27
2447;43;48;86.565;16.54
2448;43;49;72.243;11.8
2449;43;49;80.702;5.75
2450;44;45;106.67;23.37
2451;44;46;47.554;6.81
2452;44;46;57.987;3.77
2453;44;47;30.501;2.66
2454;44;48;38.001;24.66
2455;44;49;17.549;9.74
2456;44;49;14.019;9.83
2457;44;49;14.321;2.65
2458;45;46;104.773;10.75
2459;45;46;85.549;13.57
2460;45;46;120.068;16.79
2461;45;47;85.686;12.84
2462;45;47;95.011;22.42
2463;45;48;87.104;11.19
2464;45;48;96.734;22.14
2465;45;48;70.48;9.62
2466;45;49;99.628;14.86
2467;45;49;105.051;21.4
2468;46;47;66.476;19.86
2469;46;47;49.9;21.91
2470;46;47;69.504;20.71
2471;46;48;75.867;24.97
2472;46;48;59.502;17.33
2473;46;48;78.372;12.43
2474;46;49;61.52;8.26
2475;47;48;9.394;8.1
2476;47;48;8.604;14.05
2477;47;48;7.491;17.72
2478;47;49;15.608;3.94
2479;48;49;21.172;6.12
2480;48;49;22.672;17.99
