VERTEX_COUNT 50
PATH_COUNT 1
BUDGET 480
<------------ VERTICES ------------>
0;START;41.374834;2.170055;0.0;0.0
1;Museu Nacional d’Art de Catalunya;41.36882;2.153347;45.0;100.0
2;Museu Picasso;41.385181;2.180863;45.0;82.22
3;Museu d’Història de Catalunya - MHC;41.380852;2.185799;45.0;73.84
4;Basilica of the Sagrada Família;41.403568;2.174435;45.0;71.97
5;Galeria d’Art Mar Grup Escolà;41.392349;2.167836;45.0;68.12
6;Museu Frederic Marès;41.384178;2.176819;45.0;62.27
7;Parc de la Ciutadella;41.389248;2.186548;45.0;57.35
8;Lorena Ruiz de Villa;41.397858;2.146705;45.0;56.22
9;Museu d’Història de Barcelona;41.384144;2.177409;45.0;55.58
10;Antic Hospital de la Santa Creu;41.380573;2.170374;45.0;55.43
11;Museu d’Art Contemporani de Barcelona (MACBA);41.382809;2.166729;45.0;55.25
12;Museu Palmero;41.424667;2.139856;45.0;54.89
13;CaixaForum;41.371357;2.149495;45.0;54.54
14;Despair;41.387653;2.188076;45.0;54.0
15;Avinguda d’Icària;41.391556;2.197416;45.0;53.85
16;Basilica of Sants Just i Pastor;41.382812;2.178195;45.0;53.28
17;Barcelona;41.389034;2.16137;45.0;52.97
18;Museu Blau - Fòrum Building;41.41124;2.220333;45.0;52.91
19;Passeig de Gràcia;41.390739;2.166672;45.0;52.58
20;Anella Olímpica(Olympic Park);41.364778;2.152575;45.0;52.31
21;Poble Espanyol;41.368679;2.147031;45.0;51.85
22;Imaginart Gallery;41.393822;2.164627;45.0;51.08
23;Palau Güell;41.378864;2.174117;45.0;50.64
24;Plaça del Rei;41.384144;2.177409;45.0;50.51
25;Fundació Fran Daurel;41.369118;2.146695;45.0;49.68
26;Atelier;41.407719;2.158233;45.0;49.55
27;CosmoCaixa;41.41317;2.130886;45.0;49.19
28;Piramidon Centre d’Art Contemporani;41.422626;2.209764;45.0;48.95
29;La Colmena;41.383835;2.178294;45.0;47.49
30;Museu de la Moto ;41.383327;2.174488;45.0;47.43
31;Montjuïc Castle;41.363823;2.167096;45.0;47.33
32;Casa Martí, Els Quatre Gats ;41.385775;2.173671;45.0;46.75
33;Plaça de Catalunya;41.387005;2.17003;45.0;46.43
34;La Pedrera (Casa Milà);41.395271;2.161785;45.0;46.36
35;Arts Santa Mònica;41.37722;2.176012;45.0;46.08
36;Contrast;41.387928;2.161469;45.0;46.03
37;Monument to Doctor Robert;41.394924;2.175599;45.0;45.99
38;90th Jean Bouin;41.373077;2.150465;45.0;45.58
39;El Born Centre Cultural;41.385818;2.183785;45.0;45.24
40;Carles Taché;41.389851;2.164213;45.0;45.07
41;Galeria Mayoral;41.389542;2.163808;45.0;44.62
42;Fundació Joan Miró;41.368366;2.159945;45.0;44.16
43;Botanical Garden;41.364746;2.159382;45.0;44.15
44;Rambla del Raval;41.378681;2.169317;45.0;43.46
45;Museu de la Xocolata;41.387253;2.181838;45.0;42.99
46;Museum of FC Barcelona;41.380562;2.121622;45.0;42.41
47;Royal Dockyards Museu Marítim ;41.375286;2.17598;45.0;42.09
48;Santa Eulàlia small schooner;41.376385;2.179861;45.0;41.71
49;FINISH;41.374834;2.170055;0.0;0.0
<------------- EDGES -------------->
0;0;1;23.796;19.3
1;0;2;22.496;3.27
2;0;3;22.688;22.77
3;0;3;20.036;10.34
4;0;4;49.491;9.11
5;0;5;30.107;7.39
6;0;6;18.196;14.15
7;0;7;32.509;10.72
8;0;7;26.285;2.62
9;0;7;40.472;18.54
10;0;8;49.508;13.94
11;0;8;43.127;9.31
12;0;8;60.322;10.14
13;0;9;18.52;14.24
14;0;9;19.909;16.66
15;0;10;9.829;9.88
16;0;10;8.944;3.59
17;0;10;10.417;12.45
18;0;11;14.3;3.26
19;0;12;93.673;16.86
20;0;13;27.064;7.99
21;0;14;31.884;16.12
22;0;14;25.435;21.54
23;0;14;25.6;18.29
24;0;15;45.309;11.88
25;0;15;53.28;14.11
26;0;16;17.194;16.17
27;0;16;14.566;16.85
28;0;17;26.736;23.19
29;0;17;31.19;18.87
30;0;18;89.706;24.62
31;0;18;92.632;19.99
32;0;19;27.562;3.32
33;0;19;27.772;11.27
34;0;19;22.965;15.9
35;0;20;28.285;2.07
36;0;20;29.148;5.68
37;0;21;31.387;13.11
38;0;21;24.944;13.86
39;0;21;29.962;0.7
40;0;22;33.232;7.95
41;0;23;8.647;23.24
42;0;23;9.256;24.55
43;0;24;18.52;24.44
44;0;24;17.982;16.09
45;0;25;31.553;1.99
46;0;25;27.744;1.7
47;0;26;58.284;10.95
48;0;26;70.117;5.17
49;0;26;56.887;16.74
50;0;27;82.655;14.18
51;0;28;96.367;4.81
52;0;28;80.985;13.33
53;0;28;117.994;20.57
54;0;29;18.686;12.4
55;0;29;20.407;21.41
56;0;29;15.686;20.51
57;0;30;15.608;12.72
58;0;31;19.222;18.78
59;0;31;14.65;17.08
60;0;31;17.635;9.99
61;0;32;19.29;1.3
62;0;33;20.827;15.13
63;0;33;22.417;8.58
64;0;33;18.031;16.98
65;0;34;36.549;18.21
66;0;34;28.262;10.93
67;0;34;36.966;6.1
68;0;35;8.671;3.94
69;0;35;7.647;11.48
70;0;36;24.972;10.16
71;0;37;35.108;7.1
72;0;37;29.75;8.13
73;0;37;43.338;17.31
74;0;38;25.336;5.36
75;0;38;22.53;18.29
76;0;39;25.77;0.66
77;0;39;30.619;11.92
78;0;40;26.77;15.68
79;0;40;32.688;3.39
80;0;40;26.384;15.23
81;0;41;26.416;1.85
82;0;42;17.061;13.12
83;0;43;22.042;24.84
84;0;43;24.201;4.97
85;0;44;6.651;8.11
86;0;44;7.202;4.97
87;0;44;5.246;13.7
88;0;45;26.087;23.55
89;0;45;29.968;3.88
90;0;45;29.685;12.47
91;0;46;62.958;2.83
92;0;46;75.071;24.18
93;0;46;57.496;11.89
94;0;47;7.648;15.52
95;0;47;5.802;10.87
96;0;48;12.868;11.8
97;0;49;0.0;1.49
98;0;49;0.0;0.75
99;0;49;0.0;1.33
100;1;2;45.08;8.26
101;1;3;46.481;16.24
102;1;3;46.614;15.62
103;1;4;65.336;11.62
104;1;4;59.176;22.05
105;1;4;49.522;9.63
106;1;5;44.354;10.95
107;1;6;39.989;4.86
108;1;7;55.131;20.95
109;1;7;44.496;24.72
110;1;8;50.417;21.18
111;1;8;46.126;8.59
112;1;9;40.525;11.35
113;1;9;39.707;22.15
114;1;9;31.834;3.88
115;1;10;29.708;11.79
116;1;10;22.723;16.54
117;1;10;25.5;11.16
118;1;11;29.467;7.91
119;1;11;22.185;9.77
120;1;12;97.123;23.51
121;1;12;93.374;4.8
122;1;12;93.824;15.62
123;1;13;6.582;7.66
124;1;14;55.02;1.0
125;1;15;68.67;13.12
126;1;16;39.892;15.65
127;1;16;31.833;0.38
128;1;17;36.092;11.69
129;1;17;39.037;3.49
130;1;17;37.946;22.33
131;1;18;112.538;8.94
132;1;18;124.775;6.55
133;1;19;41.226;14.93
134;1;19;46.06;21.9
135;1;20;6.988;20.26
136;1;20;8.671;9.7
137;1;20;6.713;11.1
138;1;21;8.115;4.13
139;1;21;6.412;17.26
140;1;22;45.169;12.22
141;1;23;31.73;23.45
142;1;24;40.525;13.91
143;1;24;46.474;8.24
144;1;25;8.558;13.78
145;1;25;6.546;17.43
146;1;25;10.565;13.9
147;1;26;66.86;1.79
148;1;27;81.186;2.59
149;1;27;89.783;13.05
150;1;28;117.144;20.63
151;1;29;41.065;7.82
152;1;29;37.922;12.2
153;1;29;50.475;22.19
154;1;30;36.786;21.5
155;1;30;29.676;15.34
156;1;30;44.46;23.61
157;1;31;19.619;16.8
158;1;31;23.835;22.16
159;1;31;21.948;12.28
160;1;32;39.024;18.93
161;1;32;45.506;18.73
162;1;33;37.779;1.93
163;1;34;46.542;7.5
164;1;34;51.669;17.69
165;1;35;32.461;15.54
166;1;36;34.321;6.35
167;1;36;32.767;22.99
168;1;36;29.99;1.94
169;1;37;53.025;13.98
170;1;37;51.697;7.39
171;1;38;8.171;3.9
172;1;38;9.001;15.51
173;1;39;48.72;21.77
174;1;39;49.472;16.93
175;1;40;38.599;16.35
176;1;40;34.938;12.26
177;1;41;37.919;23.22
178;1;41;37.374;17.21
179;1;41;32.425;17.86
180;1;42;8.509;21.42
181;1;42;8.853;22.71
182;1;42;10.069;14.59
183;1;43;10.425;3.35
184;1;43;8.412;6.58
185;1;43;12.723;13.89
186;1;44;26.558;2.37
187;1;44;30.994;20.16
188;1;44;20.244;8.18
189;1;45;48.305;21.82
190;1;46;45.424;17.07
191;1;46;44.563;7.46
192;1;47;31.099;11.17
193;1;48;36.426;23.31
194;1;48;37.648;2.0
195;1;48;39.97;0.54
196;1;49;23.796;8.6
197;2;3;9.749;20.28
198;2;4;32.528;24.37
199;2;4;32.962;12.93
200;2;4;35.253;16.95
201;2;5;20.74;18.62
202;2;5;15.622;24.98
203;2;5;15.695;10.33
204;2;6;5.468;21.96
205;2;6;5.135;6.41
206;2;6;6.167;24.75
207;2;7;10.085;22.99
208;2;8;48.924;19.24
209;2;8;52.16;20.86
210;2;9;4.777;6.81
211;2;9;4.507;7.92
212;2;10;15.606;22.63
213;2;10;17.701;15.99
214;2;10;17.36;9.84
215;2;11;18.595;6.79
216;2;11;19.586;3.04
217;2;11;14.934;12.81
218;2;12;85.65;19.1
219;2;13;46.711;8.28
220;2;13;43.589;7.17
221;2;13;50.346;16.72
222;2;14;10.181;17.88
223;2;14;8.296;0.08
224;2;14;10.006;10.78
225;2;15;23.888;24.67
226;2;15;20.888;13.7
227;2;15;19.616;0.63
228;2;16;5.307;22.41
229;2;17;25.88;7.39
230;2;18;67.495;0.63
231;2;18;71.536;1.15
232;2;19;20.552;16.26
233;2;19;22.586;21.56
234;2;20;50.384;24.94
235;2;20;53.138;20.72
236;2;20;41.225;10.08
237;2;21;51.814;16.04
238;2;21;60.325;5.51
239;2;22;25.556;1.42
240;2;22;30.263;17.69
241;2;22;19.516;6.04
242;2;23;13.852;22.45
243;2;23;13.921;10.99
244;2;23;16.519;7.24
245;2;24;4.777;19.77
246;2;24;5.443;4.63
247;2;25;51.773;16.67
248;2;25;43.051;10.21
249;2;26;48.284;20.33
250;2;26;42.886;9.51
251;2;27;80.059;19.24
252;2;27;60.166;3.73
253;2;27;97.261;4.49
254;2;28;74.04;0.56
255;2;29;4.023;2.62
256;2;30;8.778;13.38
257;2;30;6.793;7.51
258;2;31;40.599;21.09
259;2;31;34.9;6.43
260;2;32;9.29;8.74
261;2;33;14.254;1.07
262;2;34;29.967;15.03
263;2;34;25.715;23.77
264;2;34;23.083;19.65
265;2;35;14.979;15.2
266;2;35;18.324;6.94
267;2;35;12.317;11.61
268;2;36;25.339;21.15
269;2;36;22.914;11.39
270;2;36;22.96;20.45
271;2;37;17.99;12.05
272;2;37;14.614;3.68
273;2;38;44.188;13.51
274;2;38;52.633;3.24
275;2;38;40.086;6.5
276;2;39;3.907;11.03
277;2;39;3.4;3.28
278;2;40;22.821;0.6
279;2;40;23.258;1.55
280;2;40;19.218;22.08
281;2;41;23.133;8.18
282;2;42;39.363;22.34
283;2;43;44.539;6.4
284;2;44;18.534;22.74
285;2;44;19.427;24.05
286;2;44;18.94;24.94
287;2;45;3.76;7.83
288;2;45;3.692;12.43
289;2;45;3.094;4.0
290;2;46;76.472;24.54
291;2;46;94.011;11.87
292;2;47;18.056;1.7
293;2;47;21.436;13.92
294;2;48;15.107;15.35
295;2;49;22.496;5.87
296;2;49;25.851;3.12
297;3;4;41.52;18.74
298;3;4;42.23;2.85
299;3;4;40.354;0.44
300;3;5;30.314;3.87
301;3;5;31.716;6.22
302;3;5;37.418;15.4
303;3;6;12.858;3.37
304;3;7;14.4;18.36
305;3;7;13.852;8.22
306;3;7;13.582;10.77
307;3;8;58.016;23.59
308;3;8;56.896;13.02
309;3;9;12.156;7.9
310;3;9;14.814;15.21
311;3;10;19.811;20.69
312;3;10;18.988;21.55
313;3;10;16.553;16.29
314;3;11;24.713;24.34
315;3;12;95.389;10.28
316;3;12;97.106;4.53
317;3;12;97.594;7.86
318;3;13;49.368;6.6
319;3;13;58.962;3.14
320;3;14;12.0;16.41
321;3;14;14.845;4.21
322;3;15;23.621;0.68
323;3;16;10.323;21.8
324;3;17;34.348;20.33
325;3;17;28.886;24.86
326;3;17;26.065;12.17
327;3;18;68.332;6.54
328;3;18;66.649;9.28
329;3;18;76.682;1.57
330;3;19;29.821;23.18
331;3;20;50.763;22.03
332;3;20;40.534;1.03
333;3;20;61.256;10.31
334;3;21;53.965;22.02
335;3;22;35.092;11.58
336;3;22;43.588;16.92
337;3;23;15.381;13.15
338;3;24;12.156;1.05
339;3;24;12.87;3.32
340;3;24;9.259;13.61
341;3;25;54.08;7.8
342;3;26;58.017;9.51
343;3;27;89.595;1.64
344;3;27;104.152;8.38
345;3;27;99.966;14.63
346;3;28;77.822;16.79
347;3;28;84.288;5.78
348;3;29;10.905;13.59
349;3;29;12.298;21.12
350;3;30;15.128;17.19
351;3;30;14.015;10.78
352;3;31;37.763;5.68
353;3;31;45.413;6.06
354;3;31;37.311;10.06
355;3;32;17.705;2.65
356;3;33;22.821;5.09
357;3;34;39.488;9.68
358;3;34;38.814;3.0
359;3;34;36.507;10.86
360;3;35;14.02;13.79
361;3;35;15.851;8.05
362;3;36;33.502;11.26
363;3;37;27.411;5.73
364;3;37;28.608;15.6
365;3;37;25.954;3.24
366;3;38;47.282;19.1
367;3;38;50.175;1.09
368;3;38;52.136;4.9
369;3;39;8.883;7.16
370;3;39;10.882;10.01
371;3;39;7.183;13.85
372;3;40;31.705;13.94
373;3;40;39.318;14.43
374;3;41;31.911;2.14
375;3;41;33.77;8.2
376;3;41;33.734;2.02
377;3;42;39.481;15.51
378;3;42;33.651;3.75
379;3;42;47.05;5.7
380;3;43;43.708;20.88
381;3;43;36.577;17.0
382;3;43;49.03;2.28
383;3;44;21.487;4.23
384;3;45;12.077;2.35
385;3;45;10.375;15.56
386;3;46;82.404;1.2
387;3;47;15.801;2.37
388;3;47;16.223;23.53
389;3;47;12.772;2.26
390;3;48;10.797;22.01
391;3;49;22.688;14.57
392;3;49;23.047;21.0
393;4;5;20.984;21.25
394;4;5;17.67;15.87
395;4;6;33.322;11.23
396;4;6;38.505;10.43
397;4;7;29.022;13.42
398;4;8;36.911;8.75
399;4;9;33.457;5.28
400;4;10;39.694;1.93
401;4;10;31.086;5.04
402;4;11;36.875;22.09
403;4;11;32.86;5.17
404;4;12;57.209;19.06
405;4;12;70.532;24.97
406;4;13;63.746;8.39
407;4;13;77.165;21.28
408;4;14;32.378;3.24
409;4;14;33.328;10.94
410;4;14;26.74;10.99
411;4;15;35.955;11.94
412;4;15;36.294;9.28
413;4;16;35.845;8.85
414;4;16;44.49;9.45
415;4;17;29.997;19.18
416;4;17;33.627;21.94
417;4;18;60.354;16.96
418;4;19;24.109;8.71
419;4;19;29.948;7.58
420;4;20;72.069;4.94
421;4;20;80.497;15.42
422;4;20;88.389;9.53
423;4;21;69.299;16.71
424;4;21;65.529;3.16
425;4;22;20.896;6.14
426;4;23;42.276;1.73
427;4;23;44.947;4.29
428;4;23;46.361;13.46
429;4;24;33.457;23.13
430;4;24;40.694;9.81
431;4;24;30.302;1.63
432;4;25;68.875;4.6
433;4;25;57.598;16.36
434;4;25;73.98;8.47
435;4;26;21.975;10.36
436;4;27;58.258;21.98
437;4;27;60.952;9.8
438;4;27;68.804;6.44
439;4;28;55.85;8.0
440;4;29;34.129;18.56
441;4;29;26.81;4.61
442;4;29;35.29;20.35
443;4;30;34.637;8.26
444;4;30;42.253;12.63
445;4;31;68.662;21.15
446;4;31;62.687;18.86
447;4;32;30.463;20.56
448;4;32;36.047;2.38
449;4;32;23.726;9.81
450;4;33;28.902;2.82
451;4;33;30.414;6.71
452;4;33;21.881;22.24
453;4;34;21.57;23.64
454;4;34;24.535;18.98
455;4;34;17.791;12.93
456;4;35;45.133;5.0
457;4;35;56.054;0.45
458;4;36;31.517;17.51
459;4;36;26.411;14.48
460;4;37;14.867;17.52
461;4;37;18.003;21.09
462;4;38;60.577;2.83
463;4;38;60.337;8.64
464;4;38;50.056;17.92
465;4;39;32.66;11.13
466;4;39;36.86;13.44
467;4;39;31.809;4.47
468;4;40;26.892;13.78
469;4;40;24.855;7.69
470;4;40;33.509;2.98
471;4;41;27.608;12.08
472;4;41;26.592;23.58
473;4;41;24.782;12.58
474;4;42;63.046;11.9
475;4;42;47.808;11.21
476;4;43;69.188;18.01
477;4;44;43.091;8.84
478;4;45;29.492;12.54
479;4;46;78.401;22.93
480;4;46;61.228;6.22
481;4;46;63.214;21.41
482;4;47;48.438;3.42
483;4;48;47.035;16.92
484;4;48;45.689;22.32
485;4;48;39.992;22.38
486;4;49;49.491;11.56
487;5;6;18.125;23.69
488;5;6;19.459;1.46
489;5;6;15.391;10.46
490;5;7;24.601;5.47
491;5;7;27.1;17.6
492;5;8;28.717;2.92
493;5;8;35.438;23.28
494;5;8;31.717;18.93
495;5;9;18.66;21.67
496;5;9;14.324;7.54
497;5;10;20.413;2.28
498;5;10;22.982;0.48
499;5;10;19.597;16.96
500;5;11;16.387;3.65
501;5;12;65.94;14.23
502;5;13;42.953;4.72
503;5;13;36.675;14.36
504;5;13;48.166;8.81
505;5;14;27.199;21.48
506;5;14;29.077;1.28
507;5;14;25.936;14.41
508;5;15;37.998;19.8
509;5;15;42.806;4.05
510;5;15;29.585;9.39
511;5;16;21.053;2.45
512;5;16;23.549;14.73
513;5;17;10.054;22.46
514;5;17;9.103;13.12
515;5;18;74.737;17.39
516;5;18;86.814;11.81
517;5;19;3.134;15.22
518;5;19;3.791;3.42
519;5;20;51.088;20.37
520;5;20;52.493;9.91
521;5;20;58.631;0.54
522;5;21;48.521;24.08
523;5;22;4.83;5.9
524;5;23;24.444;10.7
525;5;23;21.114;7.11
526;5;24;18.66;19.31
527;5;24;16.099;6.08
528;5;24;20.734;17.02
529;5;25;48.137;17.02
530;5;25;59.244;18.19
531;5;25;47.92;24.18
532;5;26;29.047;18.16
533;5;26;22.754;18.66
534;5;27;59.32;20.44
535;5;27;53.66;22.56
536;5;28;74.701;21.69
537;5;28;65.893;20.03
538;5;29;19.813;17.62
539;5;30;17.643;1.0
540;5;30;21.284;18.27
541;5;30;21.741;6.57
542;5;31;48.824;4.09
543;5;31;51.823;19.3
544;5;32;13.515;19.95
545;5;33;9.569;20.21
546;5;33;11.9;3.59
547;5;34;9.238;8.22
548;5;34;8.385;11.12
549;5;35;27.936;22.98
550;5;35;30.165;6.3
551;5;35;30.033;16.61
552;5;36;11.138;20.05
553;5;37;10.896;0.37
554;5;37;9.485;18.8
555;5;38;39.813;5.35
556;5;38;41.091;24.81
557;5;39;23.327;16.84
558;5;39;19.695;1.97
559;5;39;25.82;22.12
560;5;40;6.317;18.1
561;5;40;6.858;0.67
562;5;41;7.058;19.99
563;5;41;5.763;18.39
564;5;42;42.273;14.98
565;5;42;32.551;23.53
566;5;42;32.274;12.43
567;5;43;48.466;16.22
568;5;44;23.466;21.36
569;5;44;21.359;24.67
570;5;44;27.24;6.87
571;5;45;19.979;3.7
572;5;45;17.536;22.59
573;5;45;17.535;22.77
574;5;46;62.668;10.48
575;5;46;51.126;24.44
576;5;47;31.014;12.93
577;5;48;31.379;16.81
578;5;48;39.15;16.78
579;5;48;38.121;24.34
580;5;49;30.107;7.78
581;6;7;15.208;6.64
582;6;7;15.659;23.82
583;6;7;18.83;9.98
584;6;8;45.195;10.71
585;6;8;43.241;7.17
586;6;9;0.76;16.93
587;6;9;0.761;17.96
588;6;10;10.322;7.01
589;6;10;12.811;11.02
590;6;11;13.165;2.22
591;6;12;83.972;23.44
592;6;12;82.748;22.6
593;6;13;41.38;7.61
594;6;13;46.676;15.14
595;6;14;15.628;15.87
596;6;15;29.303;1.87
597;6;15;27.596;19.32
598;6;16;2.93;24.05
599;6;17;21.505;15.79
600;6;17;16.858;23.39
601;6;17;17.869;1.76
602;6;18;72.557;20.68
603;6;18;86.563;17.97
604;6;18;82.53;9.99
605;6;19;17.198;24.47
606;6;19;12.991;8.97
607;6;19;17.02;3.27
608;6;20;45.512;5.18
609;6;21;46.546;10.12
610;6;21;53.165;5.05
611;6;21;55.91;23.7
612;6;22;22.745;20.79
613;6;23;9.733;2.31
614;6;23;11.485;3.6
615;6;24;0.76;21.46
616;6;24;0.597;7.2
617;6;25;46.48;16.61
618;6;25;53.297;6.12
619;6;25;34.895;1.4
620;6;26;46.819;10.11
621;6;26;38.55;12.23
622;6;27;77.057;13.21
623;6;28;78.211;15.89
624;6;28;74.666;8.57
625;6;29;1.983;16.85
626;6;29;2.209;4.64
627;6;30;3.328;15.44
628;6;30;4.044;6.66
629;6;30;2.97;6.67
630;6;31;37.002;12.02
631;6;32;4.879;12.68
632;6;32;5.439;6.36
633;6;33;9.969;2.88
634;6;33;9.496;14.16
635;6;33;9.841;9.16
636;6;34;27.071;13.26
637;6;34;25.327;24.69
638;6;34;22.089;6.85
639;6;35;11.952;14.14
640;6;35;13.774;21.44
641;6;35;9.566;6.86
642;6;36;20.726;0.41
643;6;36;22.364;24.04
644;6;37;18.455;16.31
645;6;38;38.807;1.1
646;6;38;45.813;3.07
647;6;39;9.374;5.72
648;6;39;8.56;1.55
649;6;39;7.129;23.55
650;6;40;18.873;3.88
651;6;41;19.06;4.77
652;6;42;34.664;12.39
653;6;42;32.803;14.23
654;6;42;39.535;24.28
655;6;43;40.089;24.99
656;6;43;41.45;0.75
657;6;43;49.555;9.98
658;6;44;13.464;6.92
659;6;45;8.319;15.61
660;6;45;9.569;19.83
661;6;45;6.684;20.83
662;6;46;71.14;9.79
663;6;47;15.254;19.88
664;6;47;17.987;10.66
665;6;48;13.896;0.54
666;6;49;18.196;20.27
667;6;49;14.029;16.69
668;7;8;53.228;21.19
669;7;9;14.627;22.28
670;7;9;13.392;7.39
671;7;10;25.526;2.72
672;7;10;24.552;12.97
673;7;11;27.729;1.04
674;7;11;34.433;21.5
675;7;12;85.235;16.0
676;7;12;83.936;2.72
677;7;12;70.188;2.32
678;7;13;56.576;11.91
679;7;14;3.361;13.5
680;7;15;14.501;16.09
681;7;15;14.453;12.91
682;7;15;16.529;10.53
683;7;16;15.372;11.26
684;7;16;17.084;0.08
685;7;17;32.326;7.5
686;7;18;57.419;0.98
687;7;19;25.644;5.26
688;7;20;60.469;12.95
689;7;20;49.412;9.95
690;7;20;53.928;9.26
691;7;21;61.754;0.7
692;7;21;47.19;4.84
693;7;21;75.088;13.04
694;7;22;29.21;12.76
695;7;23;23.885;18.47
696;7;23;21.584;22.34
697;7;23;22.875;23.52
698;7;24;14.627;20.49
699;7;24;17.213;15.44
700;7;24;11.506;1.04
701;7;25;61.686;13.22
702;7;25;68.006;10.24
703;7;26;48.168;15.73
704;7;26;56.77;20.56
705;7;27;82.343;16.25
706;7;27;88.112;12.12
707;7;27;101.576;0.89
708;7;28;64.423;1.13
709;7;28;55.395;9.59
710;7;28;68.872;15.51
711;7;29;14.075;17.34
712;7;29;17.096;5.35
713;7;29;15.03;19.73
714;7;30;18.504;21.43
715;7;30;14.297;24.69
716;7;31;50.168;0.9
717;7;31;48.223;23.39
718;7;31;48.207;19.48
719;7;32;17.568;9.88
720;7;32;18.596;5.74
721;7;32;16.316;22.62
722;7;33;21.551;21.21
723;7;33;26.005;4.3
724;7;33;24.103;18.87
725;7;34;33.419;24.63
726;7;34;33.57;0.02
727;7;35;24.63;12.01
728;7;36;32.276;8.53
729;7;36;36.739;23.12
730;7;37;17.085;9.65
731;7;37;13.164;8.29
732;7;38;53.966;2.0
733;7;38;56.079;3.7
734;7;39;6.858;18.19
735;7;39;6.89;18.09
736;7;39;6.386;20.3
737;7;40;28.693;19.94
738;7;40;29.509;23.73
739;7;40;35.069;24.96
740;7;41;29.198;21.48
741;7;41;27.729;2.97
742;7;41;29.562;15.68
743;7;42;49.434;16.83
744;7;43;54.542;13.93
745;7;43;41.456;2.85
746;7;44;28.573;23.79
747;7;44;22.112;17.52
748;7;44;35.083;22.95
749;7;45;6.944;0.04
750;7;46;84.674;8.72
751;7;46;77.643;23.75
752;7;46;78.248;18.34
753;7;47;27.476;23.42
754;7;47;30.125;8.61
755;7;48;23.627;15.37
756;7;49;32.509;21.36
757;7;49;33.779;6.9
758;8;9;45.875;19.91
759;8;9;34.938;1.03
760;8;9;34.63;4.17
761;8;10;42.406;14.51
762;8;11;36.387;20.43
763;8;12;46.711;18.0
764;8;12;50.832;6.01
765;8;12;35.648;14.98
766;8;13;45.491;23.53
767;8;13;45.868;9.23
768;8;14;55.908;14.08
769;8;14;58.563;21.25
770;8;14;47.874;16.47
771;8;15;65.986;24.25
772;8;15;59.711;9.69
773;8;15;52.756;20.79
774;8;16;47.93;16.58
775;8;16;56.113;12.26
776;8;17;24.134;8.66
777;8;18;97.238;22.59
778;8;19;28.38;9.79
779;8;19;22.755;20.25
780;8;19;22.294;6.65
781;8;20;57.108;7.82
782;8;21;49.934;2.88
783;8;22;24.021;18.96
784;8;22;24.566;11.63
785;8;23;47.906;15.79
786;8;24;45.875;21.3
787;8;25;49.181;12.41
788;8;25;58.138;18.53
789;8;25;39.138;19.03
790;8;26;22.443;8.67
791;8;26;21.794;17.85
792;8;26;20.697;7.48
793;8;27;33.148;7.73
794;8;27;34.247;4.97
795;8;27;36.884;24.28
796;8;28;91.357;7.94
797;8;28;77.035;15.86
798;8;28;107.842;21.91
799;8;29;47.122;19.97
800;8;30;43.48;9.11
801;8;30;35.338;7.15
802;8;30;46.939;15.49
803;8;31;63.856;15.17
804;8;31;58.139;12.08
805;8;32;40.323;7.49
806;8;32;48.687;23.46
807;8;32;41.395;24.67
808;8;33;35.236;14.22
809;8;33;28.786;12.98
810;8;33;38.603;19.84
811;8;34;19.858;23.93
812;8;34;15.75;4.11
813;8;34;23.177;20.99
814;8;35;51.604;5.47
815;8;36;25.455;8.05
816;8;36;24.332;9.43
817;8;36;23.375;8.29
818;8;37;37.429;22.89
819;8;38;42.68;8.7
820;8;38;44.309;17.66
821;8;39;51.87;7.94
822;8;39;62.735;20.95
823;8;40;26.323;8.25
824;8;41;26.164;6.74
825;8;41;30.945;23.11
826;8;42;53.254;14.33
827;8;42;44.251;0.07
828;8;43;58.954;12.85
829;8;43;68.224;5.95
830;8;43;52.36;15.19
831;8;44;43.814;2.25
832;8;45;48.616;18.02
833;8;45;58.647;11.38
834;8;45;40.502;5.46
835;8;46;43.738;22.74
836;8;46;50.696;2.21
837;8;46;46.83;5.3
838;8;47;53.895;23.52
839;8;47;59.3;9.13
840;8;48;56.234;13.11
841;8;48;49.505;15.08
842;8;48;50.898;11.98
843;8;49;49.508;18.87
844;8;49;55.124;1.79
845;9;10;10.906;17.43
846;9;10;8.611;4.31
847;9;11;13.901;12.02
848;9;11;12.177;16.94
849;9;12;84.45;8.0
850;9;12;95.364;7.99
851;9;13;41.994;2.1
852;9;13;44.216;19.48
853;9;13;51.784;8.26
854;9;14;14.954;13.36
855;9;15;28.647;12.92
856;9;16;2.493;10.54
857;9;16;2.707;9.04
858;9;17;22.227;21.79
859;9;17;16.729;2.0
860;9;18;72.013;23.56
861;9;18;77.265;13.66
862;9;19;17.815;4.85
863;9;20;45.992;8.84
864;9;20;49.394;22.89
865;9;21;47.138;21.58
866;9;21;46.307;10.65
867;9;21;52.284;9.43
868;9;22;23.314;17.4
869;9;22;17.645;19.85
870;9;22;20.44;1.93
871;9;23;9.975;1.94
872;9;24;0.0;17.84
873;9;24;0.0;14.12
874;9;25;47.081;11.02
875;9;25;44.64;2.34
876;9;25;38.308;21.84
877;9;26;47.259;5.44
878;9;27;77.675;21.09
879;9;27;62.073;24.8
880;9;28;77.853;13.67
881;9;29;1.253;17.23
882;9;30;4.002;14.89
883;9;30;3.123;21.98
884;9;31;37.21;20.49
885;9;31;31.458;0.53
886;9;32;5.552;2.96
887;9;32;4.293;5.92
888;9;32;6.583;9.43
889;9;33;10.664;19.0
890;9;33;8.744;11.87
891;9;34;27.657;0.01
892;9;34;21.902;4.31
893;9;35;11.984;15.48
894;9;36;21.465;7.22
895;9;36;16.69;4.14
896;9;37;18.593;16.83
897;9;37;21.468;18.91
898;9;37;17.617;10.98
899;9;38;39.442;10.28
900;9;38;43.337;17.21
901;9;39;8.673;18.64
902;9;39;6.953;2.23
903;9;40;19.555;1.35
904;9;41;19.755;14.69
905;9;41;21.029;2.33
906;9;42;35.098;13.84
907;9;42;30.086;6.79
908;9;42;29.783;11.99
909;9;43;40.469;5.18
910;9;43;42.267;10.53
911;9;44;13.977;7.94
912;9;44;14.801;22.71
913;9;44;10.895;13.37
914;9;45;7.787;7.75
915;9;45;8.758;20.19
916;9;46;71.89;5.19
917;9;46;68.619;7.12
918;9;47;15.269;21.86
919;9;48;13.646;3.74
920;9;48;13.045;1.71
921;9;49;18.52;6.86
922;9;49;17.384;10.79
923;9;49;22.186;19.05
924;10;11;6.045;24.1
925;10;12;85.017;18.72
926;10;13;31.105;19.97
927;10;13;31.949;20.69
928;10;13;36.145;21.92
929;10;14;25.756;15.17
930;10;15;39.479;2.33
931;10;15;43.18;15.31
932;10;16;10.748;13.81
933;10;16;8.36;16.41
934;10;16;9.989;19.94
935;10;17;18.528;7.97
936;10;17;15.27;18.34
937;10;17;17.472;1.33
938;10;18;82.867;9.65
939;10;19;18.034;16.7
940;10;19;21.45;3.56
941;10;19;20.636;21.45
942;10;20;35.398;3.12
943;10;21;36.232;17.1
944;10;21;28.104;23.7
945;10;21;34.422;17.86
946;10;22;23.842;22.29
947;10;23;5.626;12.96
948;10;23;6.185;17.27
949;10;24;10.906;8.5
950;10;24;12.446;16.24
951;10;24;11.197;12.21
952;10;25;36.177;16.76
953;10;25;34.44;11.6
954;10;25;42.053;11.43
955;10;26;48.998;15.26
956;10;27;75.372;12.79
957;10;27;72.111;12.19
958;10;28;87.948;14.11
959;10;28;93.214;18.31
960;10;28;77.126;19.69
961;10;29;11.6;2.84
962;10;29;11.373;19.19
963;10;29;12.816;18.93
964;10;30;7.079;0.2
965;10;30;6.235;7.46
966;10;30;7.448;12.05
967;10;31;28.971;11.27
968;10;32;9.857;3.23
969;10;32;8.598;19.37
970;10;33;11.015;9.34
971;10;33;10.85;24.52
972;10;33;10.77;19.73
973;10;34;27.463;13.1
974;10;34;31.614;9.43
975;10;35;9.237;22.86
976;10;35;10.018;9.06
977;10;35;9.572;2.04
978;10;36;17.004;23.72
979;10;37;25.458;0.35
980;10;37;21.926;1.24
981;10;37;28.712;23.37
982;10;38;28.603;1.37
983;10;39;19.418;15.33
984;10;39;15.916;14.73
985;10;39;23.59;24.76
986;10;40;17.738;17.76
987;10;40;13.456;1.9
988;10;40;20.441;17.07
989;10;41;17.511;9.86
990;10;41;19.398;24.86
991;10;42;24.813;0.94
992;10;42;21.801;12.8
993;10;43;30.541;4.02
994;10;43;24.038;0.93
995;10;43;33.559;16.25
996;10;44;3.511;7.17
997;10;44;4.12;24.09
998;10;44;3.618;19.41
999;10;45;18.636;8.61
1000;10;46;62.597;15.07
1001;10;47;11.562;21.62
1002;10;47;11.359;10.2
1003;10;47;14.016;12.8
1004;10;48;14.133;7.28
1005;10;48;15.37;8.61
1006;10;48;11.691;3.65
1007;10;49;9.829;14.68
1008;11;12;79.501;12.48
1009;11;12;77.237;15.39
1010;11;13;29.559;24.62
1011;11;13;32.423;15.11
1012;11;13;35.985;22.44
1013;11;14;28.634;16.91
1014;11;14;23.309;24.94
1015;11;15;42.145;12.32
1016;11;16;14.722;13.25
1017;11;16;13.338;23.63
1018;11;17;12.681;14.08
1019;11;17;14.68;3.82
1020;11;18;84.272;6.9
1021;11;19;13.57;18.29
1022;11;19;14.887;22.47
1023;11;19;11.947;0.07
1024;11;20;35.811;2.52
1025;11;20;35.885;4.83
1026;11;21;34.992;14.8
1027;11;21;34.516;16.6
1028;11;21;32.318;17.34
1029;11;22;19.038;4.15
1030;11;23;11.643;6.43
1031;11;23;9.74;5.56
1032;11;23;12.066;0.76
1033;11;24;13.901;17.54
1034;11;25;34.795;13.23
1035;11;26;44.0;17.87
1036;11;26;44.275;8.29
1037;11;26;44.408;21.81
1038;11;27;69.399;17.32
1039;11;27;75.574;4.06
1040;11;28;87.714;20.66
1041;11;28;76.029;10.52
1042;11;28;68.151;8.66
1043;11;29;14.952;14.22
1044;11;29;17.603;24.4
1045;11;30;10.001;14.5
1046;11;30;8.166;1.99
1047;11;30;11.94;12.11
1048;11;31;32.493;12.96
1049;11;31;32.566;24.33
1050;11;31;39.459;11.17
1051;11;32;10.257;0.81
1052;11;32;11.211;17.62
1053;11;33;8.338;8.23
1054;11;33;7.707;13.02
1055;11;34;22.25;18.68
1056;11;35;15.282;9.38
1057;11;35;15.515;1.0
1058;11;35;18.11;16.62
1059;11;36;11.061;10.59
1060;11;36;10.181;4.8
1061;11;37;23.653;16.52
1062;11;37;20.643;23.77
1063;11;37;18.952;9.29
1064;11;38;26.712;2.62
1065;11;38;23.696;9.63
1066;11;38;27.75;22.64
1067;11;39;22.496;13.41
1068;11;39;21.344;18.41
1069;11;40;12.476;18.07
1070;11;40;9.631;18.23
1071;11;40;9.652;1.29
1072;11;41;12.117;8.41
1073;11;41;10.583;21.43
1074;11;42;26.206;18.59
1075;11;42;30.391;21.58
1076;11;42;20.534;4.96
1077;11;43;32.318;12.16
1078;11;44;7.807;19.27
1079;11;44;6.207;19.05
1080;11;44;7.719;14.18
1081;11;45;20.836;1.4
1082;11;46;58.044;0.41
1083;11;47;17.517;24.25
1084;11;47;19.196;9.82
1085;11;48;20.129;12.12
1086;11;49;14.3;6.24
1087;12;13;92.061;7.62
1088;12;14;88.556;18.95
1089;12;14;72.704;10.68
1090;12;15;93.102;5.41
1091;12;15;71.037;14.21
1092;12;16;86.899;8.16
1093;12;16;100.821;21.01
1094;12;17;66.937;17.77
1095;12;18;105.798;3.13
1096;12;18;107.484;17.56
1097;12;18;84.292;16.68
1098;12;19;67.493;18.7
1099;12;20;103.777;12.16
1100;12;21;96.25;18.66
1101;12;21;76.478;18.39
1102;12;22;61.618;24.29
1103;12;22;48.389;20.86
1104;12;22;53.805;0.47
1105;12;23;89.874;21.98
1106;12;23;82.748;21.85
1107;12;23;99.866;19.79
1108;12;24;84.45;7.9
1109;12;24;101.183;6.53
1110;12;25;95.462;15.33
1111;12;25;118.22;3.94
1112;12;25;91.007;4.6
1113;12;26;37.38;3.93
1114;12;27;22.794;16.46
1115;12;27;26.667;16.63
1116;12;27;25.17;12.9
1117;12;28;89.77;0.92
1118;12;28;104.235;8.6
1119;12;28;100.275;15.15
1120;12;29;85.535;1.04
1121;12;29;79.151;3.12
1122;12;29;86.889;1.74
1123;12;30;83.549;13.79
1124;12;30;86.778;1.43
1125;12;31;109.833;8.92
1126;12;32;79.454;10.13
1127;12;32;73.614;20.31
1128;12;32;82.115;18.63
1129;12;33;75.189;6.2
1130;12;33;72.589;21.61
1131;12;33;84.203;23.27
1132;12;34;57.641;20.39
1133;12;34;44.336;19.21
1134;12;35;93.521;4.12
1135;12;35;116.398;7.78
1136;12;36;68.717;1.73
1137;12;36;83.922;2.56
1138;12;36;63.122;2.67
1139;12;37;68.519;6.98
1140;12;37;78.74;3.72
1141;12;37;65.68;21.43
1142;12;38;89.327;10.38
1143;12;39;87.17;22.77
1144;12;39;95.646;20.21
1145;12;39;75.359;22.64
1146;12;40;67.282;17.07
1147;12;40;77.506;6.4
1148;12;40;67.641;3.17
1149;12;41;67.512;9.93
1150;12;42;99.735;5.89
1151;12;43;105.558;17.74
1152;12;43;120.165;19.3
1153;12;44;87.307;9.35
1154;12;44;73.517;14.78
1155;12;44;73.58;16.24
1156;12;45;83.681;18.2
1157;12;45;89.365;24.27
1158;12;45;97.508;11.12
1159;12;46;79.019;17.42
1160;12;46;96.873;2.02
1161;12;46;89.614;18.55
1162;12;47;96.388;0.07
1163;12;47;119.948;16.02
1164;12;47;99.313;4.2
1165;12;48;97.279;15.97
1166;12;48;93.53;2.34
1167;12;49;93.673;0.48
1168;13;14;56.848;3.12
1169;13;14;69.041;9.85
1170;13;14;69.612;23.41
1171;13;15;70.574;5.64
1172;13;15;60.322;7.89
1173;13;15;57.86;2.02
1174;13;16;41.742;22.95
1175;13;16;49.243;10.24
1176;13;17;33.875;11.95
1177;13;18;113.702;15.91
1178;13;18;106.825;2.78
1179;13;18;139.27;22.98
1180;13;19;39.831;12.86
1181;13;19;37.569;0.45
1182;13;20;11.933;18.75
1183;13;20;14.658;18.34
1184;13;20;13.743;18.26
1185;13;21;5.569;8.04
1186;13;21;5.086;5.92
1187;13;22;43.073;17.54
1188;13;22;42.853;3.51
1189;13;22;36.536;11.54
1190;13;23;34.127;15.7
1191;13;23;38.571;9.53
1192;13;23;31.571;24.58
1193;13;24;41.994;1.93
1194;13;25;5.254;17.72
1195;13;25;4.956;10.78
1196;13;25;4.748;23.16
1197;13;26;63.227;24.85
1198;13;27;75.434;24.16
1199;13;27;87.227;18.77
1200;13;27;83.946;20.99
1201;13;28;116.972;8.01
1202;13;28;144.618;5.34
1203;13;29;42.702;12.5
1204;13;29;41.133;12.84
1205;13;30;38.072;6.89
1206;13;30;44.069;1.49
1207;13;31;26.022;13.09
1208;13;31;21.037;13.12
1209;13;31;25.987;1.04
1210;13;32;39.653;18.86
1211;13;33;37.58;11.21
1212;13;33;46.446;4.57
1213;13;33;28.228;1.23
1214;13;34;43.859;5.22
1215;13;34;51.894;4.81
1216;13;35;35.498;16.86
1217;13;36;32.257;7.65
1218;13;36;34.782;12.21
1219;13;37;52.438;12.72
1220;13;37;39.696;23.26
1221;13;37;52.713;24.32
1222;13;38;3.195;3.07
1223;13;38;3.69;4.63
1224;13;38;3.465;1.62
1225;13;39;50.507;6.77
1226;13;40;36.86;11.4
1227;13;41;36.14;22.08
1228;13;42;14.363;15.01
1229;13;43;17.006;0.99
1230;13;43;21.172;22.62
1231;13;43;15.768;6.61
1232;13;44;28.372;19.72
1233;13;44;26.181;1.88
1234;13;45;49.645;21.98
1235;13;45;41.166;4.11
1236;13;45;44.053;6.73
1237;13;46;39.104;5.3
1238;13;46;37.506;24.04
1239;13;47;34.669;16.02
1240;13;48;39.932;12.12
1241;13;48;41.797;11.39
1242;13;48;46.639;11.72
1243;13;49;27.064;0.61
1244;14;15;13.725;16.32
1245;14;15;11.673;14.53
1246;14;15;11.737;23.35
1247;14;16;15.151;23.63
1248;14;16;14.645;12.95
1249;14;17;34.368;6.39
1250;14;18;57.824;10.37
1251;14;18;58.018;2.2
1252;14;19;27.982;1.82
1253;14;20;60.087;16.85
1254;14;20;51.296;0.43
1255;14;20;67.828;2.82
1256;14;21;61.902;18.11
1257;14;21;50.862;20.41
1258;14;22;31.901;7.6
1259;14;23;23.397;2.3
1260;14;23;23.101;23.29
1261;14;24;14.954;22.95
1262;14;24;14.199;12.75
1263;14;24;12.978;0.96
1264;14;25;61.881;12.05
1265;14;26;51.445;14.64
1266;14;27;85.414;2.29
1267;14;27;79.878;8.89
1268;14;28;66.004;11.96
1269;14;28;71.292;22.52
1270;14;29;14.157;10.93
1271;14;29;16.207;12.27
1272;14;30;18.951;16.24
1273;14;31;48.874;1.32
1274;14;32;18.772;0.82
1275;14;32;21.514;20.58
1276;14;32;15.271;7.21
1277;14;33;23.195;23.12
1278;14;34;36.182;17.35
1279;14;34;42.289;13.48
1280;14;35;23.636;1.27
1281;14;35;19.478;14.73
1282;14;35;27.571;10.34
1283;14;36;34.163;17.65
1284;14;36;28.21;10.91
1285;14;37;20.283;3.16
1286;14;38;54.354;9.82
1287;14;38;55.807;5.53
1288;14;39;6.341;15.69
1289;14;39;7.722;4.79
1290;14;39;6.836;10.85
1291;14;40;30.866;9.12
1292;14;41;31.323;6.38
1293;14;42;48.929;11.08
1294;14;42;58.396;19.92
1295;14;42;47.99;6.0
1296;14;43;53.797;24.84
1297;14;43;63.91;14.39
1298;14;44;28.563;24.13
1299;14;45;8.038;20.76
1300;14;46;86.18;1.56
1301;14;47;26.25;22.89
1302;14;48;21.979;8.01
1303;14;48;25.026;22.39
1304;14;48;18.933;16.44
1305;14;49;31.884;8.9
1306;14;49;32.381;21.29
1307;14;49;33.984;21.16
1308;15;16;28.859;6.65
1309;15;17;46.477;17.64
1310;15;17;50.017;20.97
1311;15;17;53.326;4.55
1312;15;18;44.72;20.36
1313;15;18;43.687;3.44
1314;15;19;39.493;22.12
1315;15;20;73.587;20.3
1316;15;21;75.617;2.99
1317;15;21;60.874;8.2
1318;15;21;93.833;24.36
1319;15;22;42.271;14.53
1320;15;22;48.1;12.09
1321;15;23;36.967;5.26
1322;15;23;46.059;23.89
1323;15;23;44.359;17.62
1324;15;24;28.647;23.06
1325;15;24;35.715;18.94
1326;15;24;33.26;14.16
1327;15;25;75.602;6.42
1328;15;25;62.99;2.44
1329;15;25;84.853;13.57
1330;15;26;57.399;13.41
1331;15;27;93.061;8.61
1332;15;28;55.48;20.11
1333;15;28;56.447;1.27
1334;15;29;27.879;4.74
1335;15;30;32.631;17.38
1336;15;30;25.546;8.54
1337;15;30;35.022;21.71
1338;15;31;61.384;0.95
1339;15;31;63.1;12.04
1340;15;32;32.05;1.18
1341;15;32;25.965;4.73
1342;15;33;36.011;23.1
1343;15;33;35.121;5.47
1344;15;33;35.435;8.42
1345;15;34;46.181;23.13
1346;15;34;54.705;23.13
1347;15;34;56.577;7.33
1348;15;35;36.838;14.87
1349;15;36;46.565;9.79
1350;15;37;28.594;20.62
1351;15;38;68.074;8.71
1352;15;39;20.066;17.54
1353;15;39;23.815;13.86
1354;15;39;22.501;17.73
1355;15;40;42.726;14.03
1356;15;40;33.165;10.62
1357;15;41;43.283;8.65
1358;15;41;32.759;16.97
1359;15;41;51.448;19.75
1360;15;42;62.367;18.52
1361;15;43;67.007;16.35
1362;15;43;68.371;9.47
1363;15;44;42.272;18.06
1364;15;44;38.638;5.91
1365;15;45;21.312;15.41
1366;15;45;16.865;0.17
1367;15;45;24.973;10.53
1368;15;46;99.113;3.9
1369;15;47;39.149;16.27
1370;15;47;38.898;13.97
1371;15;48;34.38;2.22
1372;15;48;32.27;9.59
1373;15;48;40.795;17.05
1374;15;49;45.309;9.59
1375;15;49;47.997;16.29
1376;15;49;38.974;10.08
1377;16;17;24.083;10.49
1378;16;17;18.35;4.87
1379;16;17;21.487;2.88
1380;16;18;72.749;18.54
1381;16;18;80.709;13.77
1382;16;19;20.072;21.36
1383;16;20;45.108;13.98
1384;16;20;49.016;18.0
1385;16;21;46.758;19.91
1386;16;22;25.659;0.33
1387;16;23;8.547;7.7
1388;16;23;9.374;6.59
1389;16;24;2.493;12.51
1390;16;24;1.923;12.68
1391;16;24;2.978;2.16
1392;16;25;46.746;3.37
1393;16;26;49.732;11.06
1394;16;26;56.777;22.61
1395;16;27;79.917;10.61
1396;16;27;80.409;16.64
1397;16;27;82.517;3.92
1398;16;28;79.27;12.41
1399;16;29;1.755;24.76
1400;16;30;4.84;16.46
1401;16;31;35.483;19.63
1402;16;31;32.385;11.66
1403;16;32;7.711;0.35
1404;16;32;7.184;15.09
1405;16;33;12.704;10.14
1406;16;33;14.046;8.1
1407;16;33;10.906;23.45
1408;16;34;29.973;3.74
1409;16;35;9.971;20.98
1410;16;35;11.457;1.08
1411;16;36;23.19;23.9
1412;16;37;20.993;20.2
1413;16;37;25.478;4.14
1414;16;38;39.311;15.8
1415;16;38;31.027;18.02
1416;16;38;46.965;18.9
1417;16;39;8.83;21.56
1418;16;40;21.618;24.71
1419;16;41;21.767;19.18
1420;16;41;19.423;13.73
1421;16;41;21.671;0.68
1422;16;42;34.063;20.1
1423;16;42;36.381;6.99
1424;16;43;39.235;18.44
1425;16;43;40.098;0.52
1426;16;44;13.413;11.68
1427;16;45;8.924;14.28
1428;16;46;72.74;12.69
1429;16;47;13.189;22.06
1430;16;48;11.204;13.19
1431;16;48;10.037;6.23
1432;16;48;13.602;16.48
1433;16;49;17.194;9.91
1434;17;18;84.689;17.34
1435;17;18;88.317;3.21
1436;17;19;7.406;4.12
1437;17;20;43.017;23.45
1438;17;20;32.75;8.05
1439;17;20;41.282;1.31
1440;17;21;39.399;11.33
1441;17;22;9.199;16.98
1442;17;22;9.072;11.77
1443;17;23;23.89;6.38
1444;17;23;28.992;12.78
1445;17;24;22.227;9.42
1446;17;24;22.206;20.52
1447;17;25;38.943;5.62
1448;17;25;34.772;5.85
1449;17;26;32.227;4.39
1450;17;26;39.134;1.0
1451;17;26;35.216;1.38
1452;17;27;56.894;9.43
1453;17;28;84.631;18.77
1454;17;28;75.177;17.6
1455;17;28;80.818;21.23
1456;17;29;23.479;5.38
1457;17;29;27.181;1.54
1458;17;30;19.469;19.42
1459;17;31;43.764;9.3
1460;17;31;54.128;5.32
1461;17;32;16.748;7.88
1462;17;32;14.048;0.78
1463;17;33;11.648;6.97
1464;17;33;8.926;9.31
1465;17;33;10.058;22.43
1466;17;34;10.686;19.03
1467;17;34;8.282;5.28
1468;17;35;27.607;11.68
1469;17;35;32.02;17.06
1470;17;35;32.493;4.74
1471;17;36;1.897;8.67
1472;17;37;20.863;7.37
1473;17;38;30.687;19.09
1474;17;39;29.299;8.41
1475;17;40;3.909;5.66
1476;17;41;3.248;22.91
1477;17;42;35.415;20.45
1478;17;43;41.641;0.07
1479;17;43;46.99;22.58
1480;17;43;48.654;23.19
1481;17;44;20.445;22.8
1482;17;45;26.454;21.27
1483;17;45;20.479;19.36
1484;17;45;28.955;12.23
1485;17;46;53.052;22.47
1486;17;46;53.015;12.09
1487;17;46;65.835;24.86
1488;17;47;30.089;13.16
1489;17;47;27.592;0.9
1490;17;48;32.128;18.59
1491;17;48;30.83;7.26
1492;17;48;24.721;24.97
1493;17;49;26.736;24.24
1494;17;49;31.23;21.69
1495;18;19;77.298;1.34
1496;18;20;117.851;17.19
1497;18;21;118.997;5.99
1498;18;21;100.504;0.41
1499;18;21;130.488;2.91
1500;18;22;77.466;12.1
1501;18;22;60.275;21.68
1502;18;23;81.174;2.79
1503;18;24;72.013;10.04
1504;18;24;72.395;15.75
1505;18;24;70.966;15.33
1506;18;25;118.881;16.07
1507;18;25;144.324;17.34
1508;18;26;79.928;3.9
1509;18;27;114.841;22.85
1510;18;28;23.74;15.07
1511;18;28;24.084;1.95
1512;18;28;29.437;4.18
1513;18;29;71.494;4.67
1514;18;30;75.795;0.32
1515;18;31;106.092;11.3
1516;18;31;81.04;13.12
1517;18;32;74.072;7.71
1518;18;33;76.741;13.93
1519;18;33;76.848;14.16
1520;18;33;87.984;0.03
1521;18;34;79.963;17.35
1522;18;34;62.064;19.37
1523;18;35;81.402;14.09
1524;18;35;85.473;17.42
1525;18;35;99.524;5.29
1526;18;36;85.443;5.85
1527;18;37;63.847;0.27
1528;18;37;69.574;2.17
1529;18;37;62.763;21.31
1530;18;38;110.95;16.21
1531;18;39;63.98;21.72
1532;18;39;53.64;11.86
1533;18;40;80.801;7.39
1534;18;41;81.504;5.64
1535;18;42;106.739;24.95
1536;18;42;100.777;7.43
1537;18;42;85.3;20.19
1538;18;43;111.595;12.82
1539;18;44;85.984;0.65
1540;18;44;70.461;9.16
1541;18;44;93.332;24.12
1542;18;45;64.238;11.3
1543;18;45;49.231;15.26
1544;18;46;137.159;1.47
1545;18;46;128.9;12.65
1546;18;46;118.825;4.97
1547;18;47;83.829;17.0
1548;18;47;93.272;13.33
1549;18;47;86.332;16.66
1550;18;48;79.1;19.22
1551;18;48;65.95;15.08
1552;18;49;89.706;5.31
1553;18;49;91.606;11.49
1554;19;20;47.972;21.19
1555;19;20;46.835;20.01
1556;19;20;36.192;15.98
1557;19;21;45.399;4.47
1558;19;21;35.842;7.46
1559;19;21;41.064;3.21
1560;19;22;5.893;13.67
1561;19;23;22.457;14.75
1562;19;23;24.518;10.18
1563;19;24;17.815;17.65
1564;19;24;16.127;21.61
1565;19;24;18.957;22.0
1566;19;25;45.02;10.77
1567;19;25;51.686;8.33
1568;19;25;53.227;18.25
1569;19;26;31.01;15.5
1570;19;26;30.387;19.61
1571;19;27;59.861;17.61
1572;19;27;48.04;19.37
1573;19;28;77.694;21.43
1574;19;28;83.631;14.11
1575;19;29;19.032;11.27
1576;19;29;21.708;18.23
1577;19;30;16.173;13.99
1578;19;30;18.894;20.95
1579;19;31;46.063;4.71
1580;19;32;12.365;15.29
1581;19;33;7.708;16.27
1582;19;33;6.516;0.02
1583;19;33;9.258;15.26
1584;19;34;9.975;22.44
1585;19;35;26.057;24.53
1586;19;36;8.231;13.03
1587;19;37;13.514;16.99
1588;19;37;10.198;12.13
1589;19;37;13.321;21.98
1590;19;38;36.695;21.15
1591;19;39;23.529;21.77
1592;19;39;22.601;16.72
1593;19;39;26.748;19.8
1594;19;40;3.504;12.35
1595;19;40;3.155;1.22
1596;19;41;4.209;19.0
1597;19;42;39.248;6.43
1598;19;42;32.21;1.39
1599;19;43;45.454;9.0
1600;19;44;20.912;21.24
1601;19;45;20.364;7.27
1602;19;45;25.259;1.88
1603;19;45;23.646;13.83
1604;19;46;60.404;20.51
1605;19;46;49.325;23.57
1606;19;46;53.751;16.25
1607;19;47;29.019;14.9
1608;19;47;32.298;19.76
1609;19;48;29.834;7.44
1610;19;48;31.709;8.07
1611;19;49;27.562;17.26
1612;19;49;31.454;18.64
1613;20;21;9.76;9.84
1614;20;21;8.755;17.22
1615;20;22;52.055;8.13
1616;20;22;53.826;17.71
1617;20;23;36.692;10.7
1618;20;24;45.992;10.7
1619;20;24;35.834;16.69
1620;20;25;10.592;13.34
1621;20;26;73.841;10.87
1622;20;26;86.214;6.45
1623;20;26;68.004;24.72
1624;20;27;87.366;13.63
1625;20;27;107.981;0.96
1626;20;27;107.942;5.38
1627;20;28;123.244;24.31
1628;20;28;104.048;22.83
1629;20;29;46.414;24.67
1630;20;29;53.987;21.03
1631;20;30;42.419;22.35
1632;20;30;38.95;22.32
1633;20;30;47.511;6.53
1634;20;31;18.721;19.96
1635;20;32;44.999;2.15
1636;20;33;44.149;21.52
1637;20;33;52.125;16.86
1638;20;33;43.58;21.01
1639;20;34;53.504;5.65
1640;20;34;51.389;16.73
1641;20;34;52.588;22.85
1642;20;35;36.867;16.94
1643;20;35;30.516;1.69
1644;20;36;41.229;7.05
1645;20;36;33.305;8.36
1646;20;37;59.458;10.37
1647;20;37;52.0;24.63
1648;20;38;14.458;16.78
1649;20;38;12.565;22.33
1650;20;38;16.929;4.06
1651;20;39;53.875;15.05
1652;20;39;63.532;7.48
1653;20;39;64.928;15.1
1654;20;40;45.434;17.41
1655;20;40;56.776;13.42
1656;20;41;44.765;22.46
1657;20;42;11.282;9.77
1658;20;43;8.742;10.29
1659;20;43;10.469;15.1
1660;20;43;7.718;8.29
1661;20;44;32.067;12.9
1662;20;44;30.383;6.57
1663;20;44;24.104;6.13
1664;20;45;53.77;20.34
1665;20;45;50.122;11.35
1666;20;46;48.057;11.22
1667;20;47;35.025;17.05
1668;20;47;31.892;18.33
1669;20;48;40.279;14.41
1670;20;49;28.285;5.6
1671;20;49;28.712;15.56
1672;21;22;48.597;4.73
1673;21;22;51.847;14.64
1674;21;22;53.0;4.33
1675;21;23;38.904;0.35
1676;21;23;41.139;15.43
1677;21;23;35.253;21.89
1678;21;24;47.138;10.37
1679;21;24;36.244;19.01
1680;21;24;46.308;5.71
1681;21;25;0.866;12.16
1682;21;25;1.046;6.6
1683;21;26;68.337;6.48
1684;21;27;78.905;0.31
1685;21;27;73.941;22.56
1686;21;27;67.031;15.13
1687;21;28;122.504;22.44
1688;21;28;119.549;1.82
1689;21;28;112.585;23.15
1690;21;29;47.793;15.93
1691;21;29;55.529;6.24
1692;21;30;43.259;15.78
1693;21;31;27.076;22.25
1694;21;32;45.011;22.04
1695;21;32;47.122;13.49
1696;21;33;43.076;11.08
1697;21;34;49.291;7.25
1698;21;34;40.461;23.76
1699;21;34;40.962;3.25
1700;21;35;39.983;3.68
1701;21;36;37.798;1.31
1702;21;37;57.987;19.24
1703;21;37;44.433;5.85
1704;21;37;61.61;8.1
1705;21;38;8.722;7.36
1706;21;38;9.56;11.09
1707;21;39;55.565;1.93
1708;21;40;42.419;4.97
1709;21;41;41.697;18.43
1710;21;42;16.593;21.11
1711;21;42;18.191;12.0
1712;21;42;14.602;22.99
1713;21;43;17.231;4.64
1714;21;44;33.346;16.03
1715;21;44;36.806;13.2
1716;21;45;54.843;1.43
1717;21;45;45.89;6.96
1718;21;46;38.446;11.0
1719;21;46;30.826;14.78
1720;21;46;36.122;2.73
1721;21;47;38.857;21.38
1722;21;47;45.354;24.92
1723;21;47;45.374;4.41
1724;21;48;44.173;12.16
1725;21;48;40.68;17.12
1726;21;48;38.309;12.03
1727;21;49;31.387;11.73
1728;21;49;37.446;4.69
1729;21;49;23.607;16.26
1730;22;23;28.348;20.14
1731;22;23;23.891;17.5
1732;22;24;23.314;24.65
1733;22;24;24.082;6.66
1734;22;25;48.138;5.56
1735;22;25;50.283;11.77
1736;22;26;25.157;9.36
1737;22;27;54.514;20.56
1738;22;27;49.421;5.4
1739;22;28;76.063;10.57
1740;22;29;24.494;18.12
1741;22;30;21.973;9.12
1742;22;30;24.61;22.98
1743;22;30;27.021;6.48
1744;22;31;51.433;16.89
1745;22;31;62.052;23.3
1746;22;31;61.945;13.06
1747;22;32;18.012;20.1
1748;22;33;13.572;17.58
1749;22;33;12.085;9.02
1750;22;33;14.38;19.12
1751;22;34;4.411;2.37
1752;22;34;4.961;3.65
1753;22;34;4.027;19.47
1754;22;35;31.95;19.62
1755;22;36;10.87;5.48
1756;22;36;8.722;22.29
1757;22;36;12.54;15.03
1758;22;37;14.211;22.45
1759;22;37;13.514;23.12
1760;22;38;39.886;13.77
1761;22;38;30.41;20.14
1762;22;39;28.152;19.81
1763;22;40;6.816;20.38
1764;22;41;7.399;12.56
1765;22;42;43.974;17.59
1766;22;42;47.735;7.96
1767;22;43;50.209;6.77
1768;22;43;50.397;12.09
1769;22;43;52.275;20.67
1770;22;44;26.6;23.73
1771;22;44;21.666;3.35
1772;22;45;24.791;15.59
1773;22;45;21.4;11.69
1774;22;45;23.425;18.98
1775;22;46;59.693;9.03
1776;22;46;65.646;23.45
1777;22;47;34.908;5.28
1778;22;47;29.213;23.55
1779;22;48;35.678;13.73
1780;22;49;33.232;18.86
1781;23;24;9.975;12.41
1782;23;25;38.963;9.18
1783;23;25;34.866;0.56
1784;23;25;30.066;17.1
1785;23;26;53.422;19.77
1786;23;26;44.196;8.72
1787;23;27;80.784;24.7
1788;23;27;83.792;18.77
1789;23;28;87.759;12.41
1790;23;28;84.983;19.98
1791;23;28;100.318;8.69
1792;23;29;10.056;4.45
1793;23;29;8.311;10.29
1794;23;29;11.331;21.05
1795;23;30;7.652;24.85
1796;23;30;8.268;7.19
1797;23;30;7.809;9.4
1798;23;31;27.272;17.93
1799;23;31;25.577;1.59
1800;23;31;26.782;4.51
1801;23;32;11.84;10.82
1802;23;33;14.887;6.78
1803;23;33;16.154;23.39
1804;23;33;12.829;11.61
1805;23;34;32.233;0.36
1806;23;34;29.741;1.32
1807;23;35;3.72;13.14
1808;23;35;2.903;5.21
1809;23;35;3.94;7.19
1810;23;36;22.456;23.17
1811;23;37;27.548;12.6
1812;23;37;26.902;11.1
1813;23;38;31.945;24.84
1814;23;38;24.6;14.89
1815;23;39;17.196;12.45
1816;23;40;22.698;8.04
1817;23;40;20.557;21.78
1818;23;40;23.078;22.48
1819;23;41;22.563;11.6
1820;23;42;25.572;12.95
1821;23;42;24.177;22.35
1822;23;42;19.324;16.42
1823;23;43;30.687;2.52
1824;23;43;38.093;20.36
1825;23;43;33.922;2.76
1826;23;44;6.171;9.93
1827;23;45;17.446;5.32
1828;23;46;67.467;20.12
1829;23;46;54.224;20.65
1830;23;46;69.058;0.67
1831;23;47;6.574;9.17
1832;23;47;6.585;0.81
1833;23;48;8.509;17.49
1834;23;48;9.088;4.67
1835;23;48;9.779;23.5
1836;23;49;8.647;6.75
1837;24;25;47.081;6.99
1838;24;25;44.393;0.15
1839;24;25;51.41;4.02
1840;24;26;47.259;6.14
1841;24;27;77.675;5.52
1842;24;27;91.487;18.9
1843;24;27;81.212;7.44
1844;24;28;77.853;8.44
1845;24;28;81.558;8.31
1846;24;29;1.253;16.72
1847;24;30;4.002;23.33
1848;24;30;3.732;10.26
1849;24;30;4.569;15.84
1850;24;31;37.21;0.61
1851;24;31;40.911;24.01
1852;24;31;40.886;18.15
1853;24;32;5.552;9.05
1854;24;32;6.199;4.77
1855;24;32;5.769;20.68
1856;24;33;10.664;19.08
1857;24;34;27.657;18.97
1858;24;34;33.931;13.3
1859;24;34;22.955;0.02
1860;24;35;11.984;19.4
1861;24;36;21.465;14.19
1862;24;36;17.396;13.02
1863;24;37;18.593;6.86
1864;24;37;22.818;3.39
1865;24;38;39.442;24.35
1866;24;39;8.673;13.27
1867;24;39;8.779;2.75
1868;24;40;19.555;19.83
1869;24;40;18.945;0.07
1870;24;41;19.755;1.03
1871;24;41;20.542;13.28
1872;24;41;16.239;13.65
1873;24;42;35.098;21.38
1874;24;42;39.771;10.6
1875;24;42;26.444;17.39
1876;24;43;40.469;6.1
1877;24;44;13.977;1.57
1878;24;44;15.373;16.55
1879;24;44;16.817;14.55
1880;24;45;7.787;24.51
1881;24;45;8.325;3.17
1882;24;45;7.253;21.18
1883;24;46;71.89;1.04
1884;24;46;57.473;14.0
1885;24;47;15.269;21.47
1886;24;47;18.774;12.04
1887;24;47;18.325;4.74
1888;24;48;13.646;10.85
1889;24;48;12.68;13.48
1890;24;49;18.52;3.33
1891;24;49;14.663;9.57
1892;25;26;67.696;17.84
1893;25;26;83.224;0.94
1894;25;27;78.067;11.29
1895;25;28;122.224;3.54
1896;25;28;134.681;1.64
1897;25;28;150.492;12.75
1898;25;29;47.756;17.58
1899;25;29;56.108;15.61
1900;25;29;35.975;15.4
1901;25;30;43.184;15.29
1902;25;30;40.989;2.0
1903;25;31;27.723;15.57
1904;25;31;34.462;13.25
1905;25;32;44.859;9.38
1906;25;32;47.586;7.29
1907;25;33;42.833;4.72
1908;25;34;48.768;12.45
1909;25;34;56.689;1.17
1910;25;34;47.813;2.02
1911;25;35;40.119;24.26
1912;25;35;43.721;8.79
1913;25;35;45.231;23.98
1914;25;36;37.362;9.71
1915;25;36;38.457;20.75
1916;25;36;31.033;18.25
1917;25;37;57.683;2.2
1918;25;37;47.383;0.6
1919;25;38;8.326;8.99
1920;25;39;55.542;16.24
1921;25;40;42.008;12.64
1922;25;40;39.564;7.57
1923;25;41;41.284;10.04
1924;25;42;17.065;5.46
1925;25;42;18.15;20.8
1926;25;43;17.929;21.8
1927;25;44;33.342;4.94
1928;25;45;54.766;3.77
1929;25;46;37.684;1.06
1930;25;47;39.06;12.61
1931;25;47;33.895;18.63
1932;25;48;44.368;16.47
1933;25;49;31.553;14.01
1934;26;27;36.316;8.44
1935;26;28;70.88;9.7
1936;26;28;61.155;8.61
1937;26;28;56.083;17.0
1938;26;29;48.307;17.17
1939;26;29;59.717;20.66
1940;26;30;46.665;2.99
1941;26;30;38.525;20.01
1942;26;31;75.973;23.29
1943;26;31;69.083;12.14
1944;26;32;42.459;17.67
1945;26;33;38.546;18.89
1946;26;34;21.784;12.39
1947;26;35;56.963;8.53
1948;26;35;44.512;0.23
1949;26;36;34.121;23.85
1950;26;36;27.559;24.04
1951;26;36;26.724;3.44
1952;26;37;31.245;3.89
1953;26;37;37.758;16.75
1954;26;37;25.335;6.47
1955;26;38;60.114;17.82
1956;26;38;60.883;12.23
1957;26;38;53.308;9.59
1958;26;39;49.804;13.19
1959;26;39;60.201;22.28
1960;26;39;56.639;16.37
1961;26;40;31.525;11.7
1962;26;40;36.962;0.49
1963;26;40;33.46;10.92
1964;26;41;31.918;4.45
1965;26;41;38.088;2.25
1966;26;42;67.378;17.7
1967;26;43;73.551;17.75
1968;26;43;67.172;1.89
1969;26;44;51.688;17.2
1970;26;44;54.604;16.07
1971;26;44;45.104;4.97
1972;26;45;46.311;24.39
1973;26;45;52.035;16.92
1974;26;45;44.664;16.83
1975;26;46;66.095;7.06
1976;26;46;78.69;16.83
1977;26;46;73.499;24.86
1978;26;47;59.995;21.72
1979;26;47;47.516;4.54
1980;26;48;60.382;3.91
1981;26;48;65.303;21.76
1982;26;49;58.284;23.3
1983;27;28;102.506;11.72
1984;27;28;101.993;4.49
1985;27;28;80.774;21.1
1986;27;29;78.888;5.97
1987;27;30;75.766;21.76
1988;27;31;96.394;4.11
1989;27;31;80.591;24.52
1990;27;32;72.206;13.1
1991;27;33;67.301;4.59
1992;27;33;81.43;18.08
1993;27;34;50.11;23.23
1994;27;34;55.266;14.19
1995;27;34;49.469;8.67
1996;27;35;84.5;0.62
1997;27;36;58.368;10.6
1998;27;36;48.894;3.36
1999;27;37;65.334;9.48
2000;27;37;65.183;0.91
2001;27;38;73.068;19.32
2002;27;38;90.682;19.2
2003;27;38;76.589;10.75
2004;27;39;82.471;8.98
2005;27;39;77.087;24.8
2006;27;40;58.5;1.99
2007;27;40;49.614;11.67
2008;27;41;58.486;8.16
2009;27;42;85.264;8.04
2010;27;43;90.581;22.53
2011;27;43;97.896;11.21
2012;27;43;95.017;12.56
2013;27;44;76.922;0.42
2014;27;45;79.021;22.77
2015;27;45;79.355;2.84
2016;27;45;81.776;2.84
2017;27;46;57.053;8.51
2018;27;46;55.453;9.58
2019;27;46;66.631;21.82
2020;27;47;86.912;8.34
2021;27;47;98.617;8.21
2022;27;48;88.966;11.66
2023;27;49;82.655;23.91
2024;27;49;94.884;5.91
2025;27;49;63.415;21.27
2026;28;29;77.704;18.49
2027;28;30;81.072;17.39
2028;28;31;114.568;8.79
2029;28;31;108.215;14.02
2030;28;32;78.248;3.02
2031;28;33;79.476;17.51
2032;28;34;77.35;6.76
2033;28;34;61.459;2.65
2034;28;35;88.962;5.68
2035;28;36;85.837;5.26
2036;28;37;64.575;11.12
2037;28;37;49.348;11.38
2038;28;38;113.946;15.17
2039;28;39;71.269;4.62
2040;28;39;77.525;5.48
2041;28;40;81.016;20.78
2042;28;40;86.044;22.54
2043;28;41;81.758;8.72
2044;28;41;76.832;1.17
2045;28;42;112.744;24.27
2046;28;43;118.293;17.57
2047;28;43;140.13;6.43
2048;28;44;91.381;5.47
2049;28;44;113.232;23.72
2050;28;45;70.348;16.26
2051;28;45;64.17;4.4
2052;28;45;53.756;23.86
2053;28;46;134.094;3.7
2054;28;46;161.823;21.34
2055;28;47;91.887;0.88
2056;28;48;87.947;25.0
2057;28;48;90.038;22.64
2058;28;49;96.367;9.38
2059;29;30;4.963;15.65
2060;29;30;5.032;2.99
2061;29;30;5.969;8.88
2062;29;31;37.142;10.24
2063;29;31;36.056;2.64
2064;29;31;32.257;12.07
2065;29;32;6.801;17.7
2066;29;32;8.191;11.34
2067;29;32;6.286;1.12
2068;29;33;11.916;0.52
2069;29;33;13.916;6.18
2070;29;33;12.514;0.37
2071;29;34;28.847;7.71
2072;29;35;11.693;21.37
2073;29;35;9.314;10.95
2074;29;35;12.689;21.51
2075;29;36;22.709;20.78
2076;29;37;19.289;2.76
2077;29;37;21.616;18.14
2078;29;38;40.197;15.73
2079;29;38;48.621;3.95
2080;29;39;7.824;3.09
2081;29;40;20.804;4.92
2082;29;41;21.006;1.59
2083;29;41;22.416;11.99
2084;29;41;16.294;8.61
2085;29;42;35.438;2.75
2086;29;43;40.704;3.03
2087;29;43;36.571;11.35
2088;29;44;14.514;7.93
2089;29;44;13.449;17.41
2090;29;45;7.41;6.63
2091;29;45;6.536;21.78
2092;29;45;9.258;1.58
2093;29;46;72.98;16.65
2094;29;47;14.928;15.31
2095;29;47;17.784;17.05
2096;29;47;18.134;8.85
2097;29;48;12.906;3.35
2098;29;49;18.686;17.47
2099;29;49;21.062;19.75
2100;29;49;14.794;12.53
2101;30;31;34.699;17.97
2102;30;31;40.998;13.18
2103;30;31;40.778;10.02
2104;30;32;4.319;13.47
2105;30;32;3.431;12.15
2106;30;33;8.507;0.78
2107;30;33;8.338;18.48
2108;30;33;8.907;20.2
2109;30;34;26.148;20.37
2110;30;35;10.632;22.72
2111;30;35;11.058;13.63
2112;30;35;10.339;19.69
2113;30;36;18.477;1.23
2114;30;37;19.896;17.29
2115;30;37;20.497;1.73
2116;30;38;35.485;21.82
2117;30;38;27.614;15.56
2118;30;39;12.675;6.43
2119;30;40;17.282;18.94
2120;30;41;17.353;23.8
2121;30;41;14.691;19.95
2122;30;42;31.689;15.41
2123;30;43;37.246;5.77
2124;30;43;45.8;13.49
2125;30;44;10.358;20.44
2126;30;45;11.584;20.03
2127;30;45;12.794;12.93
2128;30;45;11.721;9.5
2129;30;46;68.043;12.78
2130;30;46;56.617;18.73
2131;30;46;66.197;0.6
2132;30;47;13.893;14.28
2133;30;47;13.916;22.61
2134;30;47;13.963;24.0
2135;30;48;13.737;6.65
2136;30;48;12.467;18.4
2137;30;49;15.608;16.14
2138;30;49;18.719;20.27
2139;30;49;11.917;12.6
2140;31;32;38.502;21.9
2141;31;33;39.848;16.64
2142;31;33;47.968;3.3
2143;31;34;54.245;8.37
2144;31;34;65.083;19.43
2145;31;35;25.626;2.96
2146;31;36;41.877;9.53
2147;31;36;37.478;10.91
2148;31;36;35.958;24.67
2149;31;37;54.329;3.48
2150;31;37;41.778;7.73
2151;31;38;26.588;20.25
2152;31;38;28.545;5.6
2153;31;38;21.851;6.22
2154;31;39;43.312;6.84
2155;31;39;53.867;8.04
2156;31;39;41.898;19.59
2157;31;40;44.693;20.24
2158;31;40;52.482;4.14
2159;31;41;44.213;13.9
2160;31;41;35.716;11.08
2161;31;41;52.995;18.08
2162;31;42;12.032;12.98
2163;31;43;10.032;6.03
2164;31;43;10.859;1.45
2165;31;43;10.749;14.19
2166;31;44;25.585;6.31
2167;31;44;21.282;13.84
2168;31;44;25.23;5.41
2169;31;45;44.338;23.49
2170;31;45;38.245;23.11
2171;31;46;65.043;14.09
2172;31;46;80.818;8.79
2173;31;47;22.692;21.27
2174;31;48;27.034;23.61
2175;31;48;29.656;16.53
2176;31;48;27.308;4.16
2177;31;49;19.222;5.92
2178;32;33;5.126;5.1
2179;32;33;5.781;13.67
2180;32;33;6.021;20.92
2181;32;34;22.291;17.12
2182;32;34;27.795;1.29
2183;32;34;20.487;11.16
2184;32;35;14.945;14.15
2185;32;36;16.093;19.22
2186;32;37;15.85;6.79
2187;32;37;18.651;4.47
2188;32;37;14.563;9.45
2189;32;38;36.879;7.71
2190;32;38;44.944;11.58
2191;32;39;12.986;23.77
2192;32;39;11.537;6.09
2193;32;39;11.482;24.85
2194;32;40;14.003;3.45
2195;32;41;14.209;18.12
2196;32;42;34.614;21.07
2197;32;43;40.393;6.92
2198;32;43;45.461;7.06
2199;32;43;30.54;18.13
2200;32;44;13.365;3.14
2201;32;44;16.302;6.83
2202;32;44;11.296;6.9
2203;32;45;10.786;1.69
2204;32;45;12.245;15.14
2205;32;46;67.42;7.68
2206;32;46;74.403;17.21
2207;32;46;74.004;22.91
2208;32;47;18.193;7.63
2209;32;48;17.927;21.75
2210;32;48;19.686;4.86
2211;32;48;15.247;18.07
2212;32;49;19.29;1.56
2213;32;49;23.108;18.77
2214;33;34;17.667;10.74
2215;33;34;16.032;4.04
2216;33;35;18.422;6.09
2217;33;35;14.661;1.32
2218;33;36;11.104;12.08
2219;33;36;8.95;9.4
2220;33;36;9.81;5.21
2221;33;37;15.322;13.26
2222;33;37;18.424;1.48
2223;33;37;19.095;1.59
2224;33;38;34.629;21.35
2225;33;39;17.776;2.73
2226;33;39;15.91;17.89
2227;33;40;8.916;8.23
2228;33;41;9.092;10.08
2229;33;41;11.215;9.65
2230;33;42;34.424;19.86
2231;33;42;41.056;17.67
2232;33;43;40.47;3.81
2233;33;44;14.274;14.68
2234;33;44;15.722;16.4
2235;33;44;13.133;15.83
2236;33;45;15.166;13.43
2237;33;45;18.283;24.11
2238;33;46;63.123;2.26
2239;33;46;75.443;13.76
2240;33;46;60.259;23.73
2241;33;47;21.46;17.97
2242;33;47;17.032;17.34
2243;33;48;22.127;8.1
2244;33;48;20.897;3.15
2245;33;49;20.827;13.72
2246;33;49;18.22;3.18
2247;34;35;35.886;7.62
2248;34;36;12.572;13.8
2249;34;37;17.743;24.07
2250;34;38;40.666;23.76
2251;34;38;47.334;0.55
2252;34;39;32.548;2.57
2253;34;40;9.785;11.1
2254;34;41;10.142;19.44
2255;34;42;46.101;9.55
2256;34;43;52.326;10.0
2257;34;43;45.409;18.13
2258;34;43;57.845;20.26
2259;34;44;29.991;13.38
2260;34;44;27.813;10.34
2261;34;45;29.172;6.59
2262;34;46;57.379;22.38
2263;34;46;56.458;13.64
2264;34;46;48.348;9.94
2265;34;47;38.752;17.03
2266;34;47;43.977;5.59
2267;34;47;44.421;10.3
2268;34;48;39.788;9.47
2269;34;48;29.975;23.0
2270;34;49;36.549;4.11
2271;34;49;41.933;9.01
2272;34;49;39.204;11.16
2273;35;36;26.162;9.69
2274;35;37;30.3;21.03
2275;35;38;33.563;16.42
2276;35;38;36.43;7.65
2277;35;39;17.779;0.92
2278;35;39;14.873;20.64
2279;35;40;26.395;13.3
2280;35;40;31.995;3.16
2281;35;41;26.27;22.42
2282;35;41;30.128;3.88
2283;35;42;25.598;10.91
2284;35;42;26.068;0.49
2285;35;42;22.104;0.48
2286;35;43;30.195;8.07
2287;35;43;23.431;4.62
2288;35;43;34.403;8.15
2289;35;44;8.953;22.84
2290;35;45;18.728;16.69
2291;35;46;70.072;18.51
2292;35;46;61.007;4.1
2293;35;47;3.31;22.91
2294;35;48;5.145;15.42
2295;35;48;5.233;0.26
2296;35;49;8.671;22.68
2297;35;49;6.628;4.42
2298;35;49;9.375;12.71
2299;36;37;21.734;9.08
2300;36;37;18.641;17.3
2301;36;37;24.14;4.14
2302;36;38;29.078;11.78
2303;36;38;33.146;20.45
2304;36;39;28.877;23.78
2305;36;40;4.821;0.41
2306;36;41;4.08;4.63
2307;36;42;33.532;11.97
2308;36;42;28.704;6.07
2309;36;43;39.76;8.66
2310;36;44;18.76;4.25
2311;36;44;14.828;22.01
2312;36;44;21.565;24.94
2313;36;45;26.176;9.45
2314;36;46;52.69;0.59
2315;36;46;43.86;19.78
2316;36;47;28.551;13.24
2317;36;48;30.787;2.74
2318;36;48;32.841;1.8
2319;36;49;24.972;22.21
2320;36;49;20.536;23.2
2321;37;38;49.387;2.81
2322;37;38;50.106;6.8
2323;37;38;46.665;24.04
2324;37;39;18.795;23.34
2325;37;39;21.978;23.89
2326;37;40;17.0;2.51
2327;37;40;13.62;0.23
2328;37;40;19.668;14.87
2329;37;41;17.719;12.37
2330;37;41;14.637;3.71
2331;37;42;49.693;5.53
2332;37;42;59.917;15.61
2333;37;43;55.681;13.28
2334;37;44;28.942;19.03
2335;37;44;26.284;15.06
2336;37;45;15.377;17.31
2337;37;46;73.528;0.82
2338;37;47;33.609;13.84
2339;37;48;32.193;1.57
2340;37;48;39.178;15.5
2341;37;48;34.937;2.05
2342;37;49;35.108;17.97
2343;37;49;43.159;23.53
2344;37;49;28.603;19.25
2345;38;39;48.019;3.81
2346;38;40;33.698;8.75
2347;38;41;32.976;22.7
2348;38;41;28.47;14.89
2349;38;42;14.601;15.41
2350;38;42;14.905;20.87
2351;38;42;18.104;4.97
2352;38;43;18.286;11.43
2353;38;44;26.038;17.38
2354;38;44;27.759;18.23
2355;38;45;47.024;23.39
2356;38;46;39.188;8.19
2357;38;46;39.243;3.82
2358;38;46;44.27;11.72
2359;38;47;32.982;7.9
2360;38;47;32.413;22.38
2361;38;48;38.17;6.03
2362;38;48;33.397;19.1
2363;38;49;25.336;11.08
2364;38;49;29.432;1.78
2365;38;49;30.573;8.24
2366;39;40;26.058;13.51
2367;39;40;30.391;3.76
2368;39;40;22.24;12.46
2369;39;41;26.427;20.09
2370;39;42;42.767;15.4
2371;39;42;48.979;0.41
2372;39;42;40.469;24.73
2373;39;43;47.772;13.64
2374;39;43;38.564;22.86
2375;39;43;39.075;11.2
2376;39;44;22.231;6.31
2377;39;44;20.47;15.15
2378;39;44;22.974;10.27
2379;39;45;3.504;22.66
2380;39;45;3.015;1.62
2381;39;45;3.387;15.57
2382;39;46;80.319;18.81
2383;39;47;20.622;22.56
2384;39;48;16.91;5.44
2385;39;48;13.755;7.11
2386;39;48;20.908;20.59
2387;39;49;25.77;18.75
2388;39;49;31.26;9.07
2389;40;41;0.742;5.84
2390;40;41;0.874;13.61
2391;40;41;0.569;21.01
2392;40;42;37.172;4.81
2393;40;42;36.526;10.72
2394;40;42;45.496;15.55
2395;40;43;43.406;7.15
2396;40;44;20.207;15.09
2397;40;45;23.06;22.35
2398;40;46;56.946;11.1
2399;40;46;52.694;23.35
2400;40;46;70.154;8.56
2401;40;47;29.146;14.29
2402;40;47;32.215;0.36
2403;40;47;31.583;0.68
2404;40;48;30.572;10.72
2405;40;49;26.77;11.89
2406;40;49;21.708;8.63
2407;41;42;36.575;6.36
2408;41;42;30.03;22.1
2409;41;42;39.859;18.2
2410;41;43;42.811;12.72
2411;41;43;34.566;15.99
2412;41;44;19.886;13.2
2413;41;45;23.477;0.67
2414;41;45;17.688;13.14
2415;41;45;23.572;3.53
2416;41;46;56.301;19.77
2417;41;46;62.106;9.72
2418;41;46;44.166;15.74
2419;41;47;28.972;22.04
2420;41;48;30.524;11.82
2421;41;49;26.416;2.72
2422;42;43;6.237;14.86
2423;42;43;5.047;12.61
2424;42;43;6.947;11.39
2425;42;44;21.364;5.17
2426;42;44;22.178;10.83
2427;42;45;42.835;0.31
2428;42;46;53.454;16.74
2429;42;47;23.754;8.28
2430;42;48;29.024;13.79
2431;42;48;31.322;23.36
2432;42;48;29.851;9.39
2433;42;49;17.061;4.57
2434;42;49;20.728;3.2
2435;43;44;27.044;21.68
2436;43;45;48.113;16.47
2437;43;46;55.531;5.21
2438;43;47;27.922;23.39
2439;43;48;32.99;10.63
2440;43;48;33.802;14.51
2441;43;49;22.042;13.93
2442;43;49;18.455;15.99
2443;44;45;21.763;20.64
2444;44;45;20.564;12.22
2445;44;45;22.012;0.27
2446;44;46;61.326;23.12
2447;44;47;10.342;10.56
2448;44;48;14.098;7.58
2449;44;48;10.647;12.87
2450;44;49;6.651;7.6
2451;44;49;6.215;14.14
2452;44;49;7.585;3.56
2453;45;46;78.156;11.62
2454;45;46;82.682;24.71
2455;45;46;60.175;14.32
2456;45;47;21.816;10.61
2457;45;48;18.77;23.43
2458;45;48;17.699;14.2
2459;45;49;26.087;20.02
2460;45;49;31.276;5.66
2461;46;47;70.38;7.63
2462;46;48;75.122;7.99
2463;46;48;66.918;9.63
2464;46;49;62.958;16.6
2465;46;49;50.558;12.58
2466;46;49;56.398;4.97
2467;47;48;5.327;7.38
2468;47;48;5.021;24.83
2469;47;48;4.301;14.01
2470;47;49;7.648;1.34
2471;48;49;12.868;22.47
2472;48;49;11.392;12.75
