VERTEX_COUNT 50
PATH_COUNT 1
BUDGET 420
<------------ VERTICES ------------>
0;START;41.374834;2.170055;0.0;0.0
1;Galeria d’Art Mar Grup Escolà;41.392349;2.167836;45.0;81.76
2;Museu Nacional d’Art de Catalunya;41.36882;2.153347;45.0;78.19
3;Lorena Ruiz de Villa;41.397858;2.146705;45.0;76.13
4;Museu d’Història de Catalunya - MHC;41.380852;2.185799;45.0;75.81
5;Parc de Diagonal Mar;41.407215;2.214539;45.0;75.35
6;Arts Santa Mònica;41.37722;2.176012;45.0;74.67
7;Basilica of the Sagrada Família;41.403568;2.174435;45.0;74.34
8;L’Aquàrium;41.376625;2.184117;45.0;72.63
9;Barcelona;41.389034;2.16137;45.0;71.44
10;Anella Olímpica(Olympic Park);41.364778;2.152575;45.0;71.02
11;Avinguda d’Icària;41.391556;2.197416;45.0;70.65
12;Platja de la Nova Mar Bella;41.40205;2.21529;45.0;70.59
13;Parc de la Ciutadella;41.389248;2.186548;45.0;69.89
14;Imaginart Gallery;41.393822;2.164627;45.0;69.29
15;Basilica of Sants Just i Pastor;41.382812;2.178195;45.0;69.03
16;Palau Güell;41.378864;2.174117;45.0;66.09
17;Museu Palmero;41.424667;2.139856;45.0;64.47
18;Atelier;41.407719;2.158233;45.0;64.15
19;Museu Frederic Marès;41.384178;2.176819;45.0;63.21
20;Platja de la Barceloneta;41.379158;2.192717;45.0;62.82
21;La Colmena;41.383835;2.178294;45.0;62.79
22;Contrast;41.387928;2.161469;45.0;62.7
23;Despair;41.387653;2.188076;45.0;61.93
24;Carles Taché;41.389851;2.164213;45.0;61.43
25;Parc de la Creueta del Coll;41.41935;2.146432;45.0;61.19
26;La Pedrera (Casa Milà);41.395271;2.161785;45.0;61.1
27;Passeig de Gràcia;41.390739;2.166672;45.0;59.99
28;90th Jean Bouin;41.373077;2.150465;45.0;59.95
29;Museu Picasso;41.385181;2.180863;45.0;59.43
30;Galeria Mayoral;41.389542;2.163808;45.0;59.24
31;Platja del Bogatell;41.394341;2.2066;45.0;59.13
32;Montjuïc Castle;41.363823;2.167096;45.0;58.24
33;Poble Espanyol;41.368679;2.147031;45.0;58.1
34;Monument to Doctor Robert;41.394924;2.175599;45.0;57.79
35;Casa Martí, Els Quatre Gats ;41.385775;2.173671;45.0;56.67
36;Piramidon Centre d’Art Contemporani;41.422626;2.209764;45.0;56.65
37;Rambla del Raval;41.378681;2.169317;45.0;56.03
38;Plaça de Catalunya;41.387005;2.17003;45.0;55.78
39;Turó de la Rovira viewing point;41.419388;2.161812;45.0;55.26
40;Barcelona Head;41.380924;2.182465;45.0;55.07
41;Maeght;41.384689;2.181526;45.0;54.86
42;Plaça del Rei;41.384144;2.177409;45.0;54.52
43;Antic Hospital de la Santa Creu;41.380573;2.170374;45.0;53.18
44;Palau Sant Jordi;41.363441;2.152537;45.0;52.35
45;Poblenou Cemetery;41.394859;2.201189;45.0;52.33
46;Àmbit;41.389328;2.163531;45.0;52.02
47;Museu de la Moto ;41.383327;2.174488;45.0;51.94
48;Royal Dockyards Museu Marítim ;41.375286;2.17598;45.0;51.37
49;FINISH;41.374834;2.170055;0.0;0.0
<------------- EDGES -------------->
0;0;1;30.107;21.57
1;0;1;28.427;1.45
2;0;1;23.762;9.78
3;0;2;23.796;14.17
4;0;2;21.942;3.65
5;0;2;29.251;23.5
6;0;3;49.508;8.83
7;0;3;47.755;4.45
8;0;4;22.688;20.94
9;0;4;26.7;16.68
10;0;4;20.009;21.98
11;0;5;79.572;23.5
12;0;5;71.383;20.45
13;0;6;8.671;12.85
14;0;6;7.958;11.84
15;0;6;9.848;23.93
16;0;7;49.491;9.8
17;0;7;52.625;14.84
18;0;8;18.315;15.4
19;0;9;26.736;12.31
20;0;10;28.285;11.68
21;0;11;45.309;12.24
22;0;12;74.442;9.08
23;0;12;80.035;7.57
24;0;13;32.509;16.0
25;0;13;24.472;8.07
26;0;13;36.649;22.3
27;0;14;33.232;2.56
28;0;14;26.598;15.29
29;0;14;27.057;16.97
30;0;15;17.194;13.31
31;0;15;20.918;15.48
32;0;16;8.647;22.87
33;0;17;93.673;21.48
34;0;17;113.608;7.48
35;0;18;58.284;24.41
36;0;18;70.888;0.41
37;0;18;60.13;0.85
38;0;19;18.196;17.64
39;0;19;15.521;24.55
40;0;19;18.795;21.76
41;0;20;30.026;18.32
42;0;20;24.953;6.11
43;0;20;31.284;2.83
44;0;21;18.686;1.43
45;0;22;24.972;16.67
46;0;22;27.613;4.32
47;0;23;31.884;17.3
48;0;23;29.431;7.04
49;0;23;27.211;21.8
50;0;24;26.77;17.6
51;0;24;23.671;0.07
52;0;24;23.676;14.93
53;0;25;81.991;20.45
54;0;26;36.549;15.38
55;0;26;39.777;9.39
56;0;26;36.462;10.58
57;0;27;27.562;12.7
58;0;27;33.32;13.32
59;0;28;25.336;12.9
60;0;28;27.086;9.79
61;0;29;22.496;14.75
62;0;30;26.416;13.59
63;0;30;29.35;3.58
64;0;30;26.94;16.63
65;0;31;57.583;3.24
66;0;31;50.878;0.35
67;0;32;19.222;0.49
68;0;32;20.714;7.28
69;0;33;31.387;6.98
70;0;33;31.559;4.77
71;0;33;35.703;0.89
72;0;34;35.108;15.07
73;0;34;36.998;10.48
74;0;34;33.419;9.43
75;0;35;19.29;17.41
76;0;35;23.645;21.16
77;0;36;96.367;21.34
78;0;37;6.651;5.99
79;0;37;7.957;18.61
80;0;38;20.827;22.45
81;0;38;19.717;11.84
82;0;38;24.265;23.74
83;0;39;76.973;9.01
84;0;39;67.601;4.33
85;0;39;59.177;3.04
86;0;40;19.04;11.82
87;0;40;21.635;4.23
88;0;41;22.391;17.19
89;0;41;20.175;1.23
90;0;42;18.52;16.34
91;0;42;22.062;22.59
92;0;42;21.375;12.32
93;0;43;9.829;18.92
94;0;43;9.072;11.92
95;0;44;29.769;17.72
96;0;45;52.651;9.68
97;0;46;26.179;19.29
98;0;46;30.542;2.22
99;0;47;15.608;19.07
100;0;47;17.427;23.93
101;0;47;18.285;21.87
102;0;48;7.648;6.09
103;0;48;7.401;20.56
104;0;48;7.439;3.46
105;0;49;0.0;17.8
106;0;49;0.0;0.09
107;1;2;44.354;14.62
108;1;2;37.203;16.67
109;1;2;52.69;7.55
110;1;3;28.717;24.97
111;1;3;33.584;18.32
112;1;4;30.314;15.38
113;1;4;37.796;13.59
114;1;5;65.123;13.71
115;1;5;54.313;9.68
116;1;6;27.936;12.45
117;1;6;24.134;8.05
118;1;7;20.984;6.2
119;1;7;24.459;23.8
120;1;8;34.073;1.68
121;1;8;32.087;16.13
122;1;9;10.054;8.86
123;1;9;7.751;10.11
124;1;9;7.932;0.36
125;1;10;51.088;11.09
126;1;11;37.998;21.95
127;1;12;63.137;22.28
128;1;12;57.214;4.13
129;1;12;62.946;24.69
130;1;13;24.601;13.51
131;1;13;24.617;3.27
132;1;13;29.143;17.32
133;1;14;4.83;6.69
134;1;15;21.053;0.15
135;1;16;24.444;8.13
136;1;17;65.94;8.43
137;1;17;65.021;18.48
138;1;17;76.988;6.86
139;1;18;29.047;15.38
140;1;19;18.125;13.0
141;1;20;39.115;0.99
142;1;21;19.813;15.48
143;1;22;11.138;19.68
144;1;23;27.199;7.39
145;1;23;30.254;0.82
146;1;24;6.317;3.13
147;1;24;5.926;15.32
148;1;25;53.755;18.83
149;1;25;48.601;8.78
150;1;26;9.238;20.6
151;1;26;9.557;9.51
152;1;26;9.328;7.3
153;1;27;3.134;10.63
154;1;27;2.498;22.17
155;1;27;3.069;24.14
156;1;28;39.813;19.55
157;1;28;48.119;6.25
158;1;28;46.045;4.15
159;1;29;20.74;13.8
160;1;29;18.679;12.81
161;1;30;7.058;2.46
162;1;30;6.367;24.54
163;1;30;7.462;8.31
164;1;31;49.88;0.14
165;1;32;48.824;10.19
166;1;32;45.421;18.86
167;1;33;48.521;1.33
168;1;34;10.896;19.99
169;1;34;10.647;6.89
170;1;34;9.13;13.93
171;1;35;13.515;23.48
172;1;36;74.701;21.38
173;1;36;68.286;16.03
174;1;37;23.466;17.19
175;1;38;9.569;9.62
176;1;38;7.762;16.23
177;1;38;8.849;1.13
178;1;39;46.911;9.97
179;1;39;47.32;9.67
180;1;40;27.111;12.68
181;1;40;25.743;14.07
182;1;41;21.925;1.99
183;1;41;22.204;14.35
184;1;42;18.66;2.2
185;1;43;20.413;14.45
186;1;44;53.226;9.88
187;1;44;59.456;13.6
188;1;44;48.732;6.01
189;1;45;43.031;14.29
190;1;45;39.368;5.24
191;1;45;35.224;21.24
192;1;46;7.568;0.41
193;1;46;5.856;23.25
194;1;47;17.643;22.43
195;1;47;17.032;3.54
196;1;48;31.014;18.38
197;1;48;33.366;0.79
198;1;49;30.107;17.21
199;1;49;35.079;7.7
200;1;49;32.018;22.69
201;2;3;50.417;17.03
202;2;4;46.481;8.2
203;2;4;57.428;14.02
204;2;4;35.167;9.31
205;2;5;102.414;10.49
206;2;5;106.342;7.11
207;2;5;82.007;21.89
208;2;6;32.461;20.5
209;2;6;36.936;18.85
210;2;7;65.336;5.63
211;2;8;41.71;1.71
212;2;9;36.092;1.34
213;2;9;39.368;12.37
214;2;10;6.988;2.41
215;2;11;68.67;3.76
216;2;12;97.767;23.33
217;2;12;96.01;9.91
218;2;13;55.131;22.73
219;2;13;54.211;23.54
220;2;13;52.213;8.88
221;2;14;45.169;1.12
222;2;14;36.761;19.22
223;2;14;52.095;5.42
224;2;15;39.892;2.04
225;2;15;36.704;0.61
226;2;16;31.73;2.52
227;2;16;34.426;19.34
228;2;17;97.123;3.3
229;2;17;85.8;8.55
230;2;18;66.86;16.82
231;2;18;79.511;23.23
232;2;19;39.989;22.87
233;2;19;35.681;2.85
234;2;20;53.562;5.59
235;2;21;41.065;0.07
236;2;21;50.692;22.88
237;2;21;39.84;0.69
238;2;22;34.321;22.35
239;2;22;31.817;15.68
240;2;22;42.164;16.31
241;2;23;55.02;11.02
242;2;24;38.599;19.42
243;2;25;86.923;4.24
244;2;25;105.887;1.42
245;2;26;46.542;11.04
246;2;26;54.176;6.82
247;2;27;41.226;9.36
248;2;28;8.171;6.27
249;2;28;8.64;2.9
250;2;28;8.798;9.91
251;2;29;45.08;24.72
252;2;29;55.069;21.11
253;2;30;37.919;4.52
254;2;30;43.573;13.08
255;2;31;81.132;5.02
256;2;31;93.541;18.33
257;2;31;96.784;0.63
258;2;32;19.619;7.78
259;2;32;19.528;4.82
260;2;32;20.143;16.32
261;2;33;8.115;1.08
262;2;34;53.025;11.75
263;2;34;64.037;11.94
264;2;35;39.024;17.09
265;2;35;38.658;24.63
266;2;36;117.144;19.82
267;2;36;126.436;5.96
268;2;36;112.703;19.39
269;2;37;26.558;14.88
270;2;37;20.398;2.54
271;2;37;23.306;19.92
272;2;38;37.779;2.25
273;2;39;87.213;16.1
274;2;39;76.43;3.63
275;2;39;69.086;19.85
276;2;40;42.744;13.47
277;2;40;36.213;10.28
278;2;41;45.24;0.66
279;2;42;40.525;0.99
280;2;43;29.708;12.47
281;2;43;26.385;21.82
282;2;43;35.193;20.25
283;2;44;9.263;9.2
284;2;45;75.887;13.5
285;2;46;37.451;23.21
286;2;47;36.786;8.68
287;2;47;37.727;17.93
288;2;47;31.444;22.68
289;2;48;31.099;3.38
290;2;49;23.796;15.65
291;3;4;58.016;19.27
292;3;5;88.529;9.71
293;3;6;51.604;13.22
294;3;6;53.171;5.37
295;3;6;64.36;18.02
296;3;7;36.911;19.89
297;3;7;30.571;23.82
298;3;8;60.227;14.65
299;3;9;24.134;14.05
300;3;9;19.33;2.4
301;3;10;57.108;8.72
302;3;10;56.032;14.8
303;3;10;59.085;20.39
304;3;11;65.986;16.49
305;3;11;77.601;11.77
306;3;11;81.9;7.95
307;3;12;88.328;4.69
308;3;12;66.694;17.47
309;3;13;53.228;8.67
310;3;13;64.568;1.26
311;3;13;56.023;10.38
312;3;14;24.021;3.27
313;3;15;47.93;17.35
314;3;15;59.139;20.45
315;3;16;47.906;16.57
316;3;16;46.92;2.11
317;3;17;46.711;7.82
318;3;17;46.492;21.05
319;3;17;35.394;2.18
320;3;18;22.443;3.95
321;3;19;45.195;0.95
322;3;19;43.745;23.68
323;3;19;39.492;23.29
324;3;20;67.183;16.52
325;3;20;63.57;18.34
326;3;20;60.985;12.61
327;3;21;47.122;8.56
328;3;22;25.455;20.84
329;3;23;55.908;21.55
330;3;24;26.323;2.15
331;3;24;24.533;23.9
332;3;25;36.779;3.58
333;3;25;45.026;12.04
334;3;26;19.858;15.22
335;3;26;24.295;15.09
336;3;26;18.936;6.4
337;3;27;28.38;2.17
338;3;28;42.68;5.11
339;3;28;47.858;9.3
340;3;28;38.338;8.3
341;3;29;48.924;14.63
342;3;29;50.742;15.22
343;3;29;51.014;19.56
344;3;30;26.164;13.76
345;3;31;77.122;24.19
346;3;31;69.114;9.4
347;3;31;73.039;2.84
348;3;32;63.856;6.96
349;3;32;50.213;10.6
350;3;33;49.934;22.71
351;3;33;38.738;10.36
352;3;33;60.763;5.15
353;3;34;37.429;4.95
354;3;35;40.323;8.19
355;3;35;41.63;15.47
356;3;36;91.357;5.21
357;3;36;93.188;17.65
358;3;36;68.643;0.65
359;3;37;43.814;23.44
360;3;37;35.503;19.53
361;3;38;35.236;16.89
362;3;38;29.771;19.21
363;3;38;30.887;12.53
364;3;39;41.633;15.14
365;3;39;36.123;13.71
366;3;40;54.29;3.93
367;3;40;60.742;6.0
368;3;40;44.924;6.82
369;3;41;50.062;3.32
370;3;41;45.475;17.27
371;3;41;54.218;17.23
372;3;42;45.875;20.66
373;3;43;42.406;7.64
374;3;43;48.496;15.31
375;3;44;59.369;12.29
376;3;44;66.454;5.59
377;3;44;45.078;10.29
378;3;45;70.128;11.19
379;3;45;59.781;20.79
380;3;45;75.547;8.64
381;3;46;26.07;16.25
382;3;47;43.48;23.34
383;3;47;49.422;3.25
384;3;47;40.596;4.25
385;3;48;53.895;17.71
386;3;49;49.508;5.81
387;3;49;61.553;8.19
388;3;49;39.716;11.87
389;4;5;58.279;0.57
390;4;6;14.02;2.99
391;4;6;15.461;7.55
392;4;7;41.52;14.57
393;4;7;40.936;19.24
394;4;7;39.929;1.04
395;4;8;7.549;4.76
396;4;9;34.348;10.14
397;4;9;41.718;1.11
398;4;9;28.868;7.58
399;4;10;50.763;13.23
400;4;10;45.42;2.87
401;4;10;41.973;22.23
402;4;11;23.621;18.62
403;4;11;21.606;11.25
404;4;11;24.347;2.71
405;4;12;52.433;21.88
406;4;13;14.4;4.84
407;4;13;16.388;2.62
408;4;14;35.092;8.01
409;4;14;41.053;0.18
410;4;15;10.323;22.36
411;4;15;8.721;11.05
412;4;16;15.381;2.16
413;4;16;16.68;14.62
414;4;16;19.184;8.45
415;4;17;95.389;16.17
416;4;18;58.017;9.63
417;4;18;71.104;21.9
418;4;18;46.311;17.11
419;4;19;12.858;21.9
420;4;19;15.872;7.91
421;4;20;9.344;7.22
422;4;20;11.552;0.79
423;4;21;10.905;14.17
424;4;22;33.502;10.69
425;4;22;32.449;3.42
426;4;22;28.426;19.8
427;4;23;12.0;5.54
428;4;23;9.417;3.22
429;4;23;13.423;18.11
430;4;24;31.705;11.04
431;4;24;26.406;20.65
432;4;24;38.165;0.62
433;4;25;83.027;7.48
434;4;25;65.034;1.91
435;4;25;94.17;14.35
436;4;26;39.488;2.41
437;4;26;35.592;19.59
438;4;27;29.821;1.47
439;4;27;26.98;21.49
440;4;27;29.523;21.53
441;4;28;47.282;13.5
442;4;28;47.415;20.22
443;4;29;9.749;4.33
444;4;30;31.911;20.85
445;4;30;37.194;5.26
446;4;31;35.299;24.01
447;4;32;37.763;18.25
448;4;33;53.965;17.36
449;4;33;50.688;17.68
450;4;33;51.576;20.59
451;4;34;27.411;7.81
452;4;34;29.069;22.8
453;4;35;17.705;21.46
454;4;36;77.822;23.43
455;4;36;60.795;9.09
456;4;36;86.644;21.17
457;4;37;21.487;4.44
458;4;37;20.805;19.98
459;4;38;22.821;13.41
460;4;38;24.903;12.92
461;4;39;72.778;3.82
462;4;39;57.473;0.22
463;4;39;67.497;1.17
464;4;40;4.283;1.77
465;4;41;8.556;20.71
466;4;41;6.639;1.4
467;4;41;7.645;23.12
468;4;42;12.156;24.43
469;4;43;19.811;17.0
470;4;43;17.862;3.13
471;4;43;15.632;11.0
472;4;44;52.078;14.79
473;4;45;31.063;1.6
474;4;45;29.807;0.51
475;4;46;32.059;13.14
476;4;46;26.117;6.66
477;4;47;15.128;5.29
478;4;47;13.463;0.03
479;4;47;14.888;0.18
480;4;48;15.801;2.66
481;4;48;13.077;1.77
482;4;48;14.054;17.94
483;4;49;22.688;14.26
484;5;6;71.28;9.05
485;5;7;51.851;18.34
486;5;7;42.32;6.97
487;5;8;65.31;7.51
488;5;8;50.228;12.99
489;5;8;51.202;5.19
490;5;9;75.007;21.86
491;5;10;107.715;21.38
492;5;10;94.795;24.74
493;5;11;34.657;3.39
494;5;11;41.113;4.37
495;5;11;31.279;11.21
496;5;12;8.891;10.68
497;5;12;7.945;9.42
498;5;12;10.34;6.0
499;5;13;47.29;11.58
500;5;13;58.77;11.15
501;5;13;58.316;4.51
502;5;14;68.043;13.47
503;5;14;83.739;16.87
504;5;14;51.482;20.01
505;5;15;62.614;1.52
506;5;15;71.447;21.91
507;5;16;71.038;6.08
508;5;17;100.386;3.38
509;5;17;75.294;1.3
510;5;18;72.272;6.34
511;5;18;56.018;6.99
512;5;19;62.439;13.25
513;5;20;55.587;24.92
514;5;20;67.867;4.21
515;5;20;53.601;8.07
516;5;21;61.364;4.49
517;5;21;54.205;14.05
518;5;22;75.698;7.2
519;5;23;47.692;24.41
520;5;23;47.107;23.97
521;5;24;71.106;7.53
522;5;24;62.595;15.66
523;5;25;89.838;15.33
524;5;25;110.46;9.12
525;5;26;70.732;16.0
526;5;27;67.603;23.94
527;5;28;100.892;13.06
528;5;29;57.363;1.51
529;5;29;55.978;16.31
530;5;29;57.715;11.06
531;5;30;71.8;11.56
532;5;31;24.273;12.33
533;5;32;96.041;16.67
534;5;32;111.255;16.99
535;5;32;84.909;19.02
536;5;33;108.905;4.78
537;5;33;96.944;19.7
538;5;34;54.228;4.74
539;5;34;65.693;22.67
540;5;34;56.611;22.75
541;5;35;64.018;18.4
542;5;36;27.074;16.62
543;5;36;28.11;21.99
544;5;36;32.65;1.95
545;5;37;75.858;22.53
546;5;37;69.546;20.65
547;5;38;66.786;16.0
548;5;38;60.618;2.01
549;5;39;70.801;14.4
550;5;39;86.579;18.74
551;5;40;60.987;2.29
552;5;40;48.903;23.04
553;5;41;57.287;11.65
554;5;42;61.891;5.4
555;5;42;48.414;18.52
556;5;42;59.6;9.21
557;5;43;72.753;1.17
558;5;44;109.307;10.11
559;5;44;106.238;4.45
560;5;44;115.204;9.68
561;5;45;27.216;1.24
562;5;46;72.277;9.76
563;5;46;66.812;11.42
564;5;46;69.69;20.39
565;5;47;65.684;15.87
566;5;47;58.535;24.68
567;5;47;62.863;17.23
568;5;48;73.727;16.69
569;5;49;79.572;3.36
570;5;49;93.06;16.98
571;6;7;45.133;17.38
572;6;7;34.602;13.28
573;6;7;49.021;21.84
574;6;8;10.457;19.7
575;6;8;10.419;23.36
576;6;8;8.919;20.91
577;6;9;27.607;19.68
578;6;9;24.386;3.3
579;6;10;36.867;11.03
580;6;10;30.789;3.97
581;6;10;30.237;18.58
582;6;11;36.838;19.28
583;6;11;42.902;12.24
584;6;12;65.94;6.72
585;6;12;69.214;12.97
586;6;13;24.63;14.63
587;6;13;18.692;20.7
588;6;13;28.619;5.93
589;6;14;31.95;6.9
590;6;14;37.423;12.9
591;6;14;33.082;12.09
592;6;15;9.971;10.35
593;6;16;3.72;13.2
594;6;17;93.521;2.41
595;6;17;96.579;9.88
596;6;18;56.963;10.66
597;6;18;62.037;21.24
598;6;19;11.952;14.24
599;6;20;21.705;16.75
600;6;21;11.693;24.6
601;6;22;26.162;21.21
602;6;22;29.856;7.34
603;6;23;23.636;9.86
604;6;23;27.319;13.17
605;6;24;26.395;17.27
606;6;24;21.526;1.7
607;6;25;81.482;3.07
608;6;25;72.345;8.1
609;6;26;35.886;24.92
610;6;26;34.869;4.08
611;6;26;27.398;0.7
612;6;27;26.057;15.68
613;6;27;28.593;21.15
614;6;28;33.563;23.23
615;6;29;14.979;11.58
616;6;30;26.27;15.48
617;6;30;21.517;22.06
618;6;30;20.292;15.94
619;6;31;48.996;16.91
620;6;32;25.626;23.77
621;6;32;19.308;5.19
622;6;33;39.983;9.71
623;6;34;30.3;7.44
624;6;34;34.341;5.56
625;6;34;26.211;21.24
626;6;35;14.945;17.4
627;6;35;17.31;21.17
628;6;36;88.962;4.36
629;6;37;8.953;5.19
630;6;37;7.674;18.3
631;6;38;18.422;15.26
632;6;38;14.588;11.94
633;6;38;22.652;5.67
634;6;39;74.426;7.84
635;6;40;10.432;17.68
636;6;40;9.8;1.1
637;6;40;11.035;22.33
638;6;41;14.611;14.81
639;6;41;12.048;2.9
640;6;42;11.984;1.25
641;6;42;9.428;3.66
642;6;42;14.674;14.58
643;6;43;9.237;22.38
644;6;43;10.017;13.02
645;6;44;38.272;11.11
646;6;44;33.534;13.24
647;6;45;44.226;10.82
648;6;45;53.674;18.4
649;6;46;26.193;22.34
650;6;47;10.632;5.51
651;6;47;13.086;7.94
652;6;47;9.968;1.18
653;6;48;3.31;15.83
654;6;48;3.065;23.41
655;6;48;3.054;0.13
656;6;49;8.671;22.11
657;6;49;6.604;16.55
658;6;49;9.796;21.46
659;7;8;47.752;24.08
660;7;8;51.649;21.85
661;7;9;29.997;4.24
662;7;10;72.069;10.7
663;7;11;35.955;14.31
664;7;12;52.504;16.3
665;7;12;58.581;9.64
666;7;12;50.357;24.83
667;7;13;29.022;11.19
668;7;14;20.896;3.88
669;7;14;23.898;6.81
670;7;15;35.845;1.51
671;7;16;42.276;9.25
672;7;17;57.209;1.65
673;7;18;21.975;2.15
674;7;18;26.551;2.73
675;7;19;33.322;0.2
676;7;19;36.519;6.07
677;7;19;39.119;20.07
678;7;20;47.913;10.77
679;7;20;39.04;12.51
680;7;20;42.776;12.11
681;7;21;34.129;7.09
682;7;21;38.248;5.64
683;7;21;32.183;13.28
684;7;22;31.517;13.03
685;7;22;35.998;16.54
686;7;22;36.46;19.1
687;7;23;32.378;0.98
688;7;24;26.892;9.16
689;7;25;44.955;22.46
690;7;25;35.29;21.62
691;7;25;50.994;8.74
692;7;26;21.57;18.52
693;7;26;20.145;12.26
694;7;27;24.109;11.75
695;7;27;23.749;15.02
696;7;27;23.182;4.64
697;7;28;60.577;17.88
698;7;28;64.986;3.72
699;7;29;32.528;3.98
700;7;29;32.859;9.45
701;7;30;27.608;2.93
702;7;31;44.204;17.45
703;7;31;53.224;7.45
704;7;31;48.409;17.9
705;7;32;68.662;12.03
706;7;32;75.048;0.4
707;7;32;80.097;21.84
708;7;33;69.299;19.8
709;7;33;67.969;11.77
710;7;34;14.867;17.35
711;7;34;15.733;14.44
712;7;35;30.463;10.52
713;7;35;35.233;15.83
714;7;36;55.85;8.27
715;7;37;43.091;5.19
716;7;37;45.554;16.93
717;7;38;28.902;12.91
718;7;38;25.895;5.56
719;7;38;22.018;16.54
720;7;39;31.549;20.23
721;7;40;40.097;3.56
722;7;40;44.552;12.69
723;7;40;36.479;12.97
724;7;41;33.564;3.62
725;7;42;33.457;9.73
726;7;42;39.914;21.96
727;7;42;35.898;4.81
728;7;43;39.694;22.93
729;7;44;74.2;22.47
730;7;44;74.254;15.94
731;7;45;37.436;13.38
732;7;46;28.102;9.02
733;7;46;26.493;13.83
734;7;46;32.354;22.43
735;7;47;34.637;3.32
736;7;47;41.924;24.25
737;7;48;48.438;7.88
738;7;48;51.2;6.64
739;7;48;42.403;17.75
740;7;49;49.491;0.99
741;8;9;36.11;2.42
742;8;10;45.296;18.59
743;8;10;36.03;19.55
744;8;11;30.731;8.7
745;8;11;35.068;9.98
746;8;12;59.115;12.78
747;8;12;73.332;8.19
748;8;13;21.825;1.82
749;8;13;19.968;16.51
750;8;13;23.103;19.21
751;8;14;38.629;19.22
752;8;14;42.232;5.08
753;8;14;33.092;15.22
754;8;15;13.035;21.27
755;8;16;13.4;3.97
756;8;17;99.932;18.47
757;8;17;102.242;24.51
758;8;17;85.077;22.62
759;8;18;62.732;12.32
760;8;18;62.68;18.87
761;8;19;15.964;15.88
762;8;19;13.974;1.07
763;8;20;11.863;8.94
764;8;20;9.296;22.45
765;8;21;14.427;6.13
766;8;22;34.924;12.64
767;8;23;19.544;11.56
768;8;23;23.078;11.11
769;8;23;17.434;14.51
770;8;24;34.137;2.1
771;8;25;87.667;8.07
772;8;25;85.169;20.94
773;8;25;96.466;13.44
774;8;26;42.897;3.2
775;8;27;32.94;19.6
776;8;27;30.908;17.54
777;8;27;29.154;11.68
778;8;28;43.638;23.43
779;8;28;49.732;15.15
780;8;28;43.345;23.73
781;8;29;15.226;14.47
782;8;29;13.424;3.47
783;8;30;34.184;19.9
784;8;31;41.861;19.3
785;8;31;40.621;20.45
786;8;32;30.947;3.58
787;8;33;49.527;0.96
788;8;33;61.251;17.21
789;8;34;33.169;12.89
790;8;34;29.859;4.44
791;8;35;20.617;17.2
792;8;36;85.325;21.75
793;8;36;97.762;6.0
794;8;37;19.327;21.22
795;8;37;23.144;22.85
796;8;38;25.351;7.5
797;8;39;78.579;9.58
798;8;39;62.13;18.26
799;8;40;7.656;24.93
800;8;40;6.238;5.19
801;8;41;14.195;10.04
802;8;42;15.483;11.03
803;8;42;13.27;7.47
804;8;42;12.126;13.68
805;8;43;18.896;9.11
806;8;43;21.282;20.41
807;8;44;46.408;8.6
808;8;44;57.917;16.42
809;8;44;52.68;8.62
810;8;45;38.132;22.01
811;8;46;34.222;13.74
812;8;46;34.899;8.87
813;8;47;16.864;11.25
814;8;47;13.832;10.31
815;8;48;10.697;12.63
816;8;49;18.315;15.26
817;9;10;43.017;3.66
818;9;11;46.477;13.2
819;9;11;45.079;21.14
820;9;11;49.448;22.24
821;9;12;72.712;4.48
822;9;12;69.832;2.27
823;9;12;86.539;24.5
824;9;13;32.326;10.39
825;9;13;31.554;6.63
826;9;14;9.199;14.44
827;9;15;24.083;5.51
828;9;16;23.89;20.98
829;9;16;26.103;24.74
830;9;16;20.884;8.15
831;9;17;66.937;10.85
832;9;18;32.227;5.0
833;9;18;32.814;23.42
834;9;19;21.505;20.66
835;9;19;25.78;0.61
836;9;19;23.45;15.67
837;9;20;43.651;8.86
838;9;20;49.168;10.89
839;9;20;50.317;19.68
840;9;21;23.479;7.66
841;9;21;21.038;24.64
842;9;22;1.897;23.01
843;9;23;34.368;5.56
844;9;23;39.93;12.24
845;9;24;3.909;24.7
846;9;25;55.307;9.78
847;9;25;45.065;12.94
848;9;26;10.686;6.02
849;9;26;11.913;14.07
850;9;26;9.802;12.52
851;9;27;7.406;10.01
852;9;27;8.336;15.92
853;9;27;6.778;9.83
854;9;28;30.687;13.25
855;9;28;32.878;4.46
856;9;28;34.574;5.5
857;9;29;25.88;18.63
858;9;29;26.882;23.14
859;9;30;3.248;13.67
860;9;30;3.075;18.05
861;9;30;3.415;12.08
862;9;31;58.771;6.54
863;9;31;68.712;1.17
864;9;31;56.177;11.22
865;9;32;43.764;21.35
866;9;33;39.399;11.16
867;9;34;20.863;3.81
868;9;34;24.943;21.59
869;9;35;16.748;13.98
870;9;36;84.631;9.25
871;9;36;79.066;4.77
872;9;36;101.842;11.05
873;9;37;20.445;22.99
874;9;37;18.398;8.54
875;9;37;15.694;8.79
876;9;38;11.648;23.64
877;9;38;10.523;0.04
878;9;39;51.946;15.98
879;9;39;64.079;3.42
880;9;39;59.068;1.79
881;9;40;30.433;24.14
882;9;41;26.925;13.92
883;9;41;27.445;7.03
884;9;41;27.444;15.85
885;9;42;22.227;16.01
886;9;43;18.528;11.35
887;9;43;17.18;20.1
888;9;43;22.131;5.2
889;9;44;45.24;14.58
890;9;44;48.133;7.7
891;9;44;42.368;17.86
892;9;45;52.081;20.62
893;9;45;54.971;7.46
894;9;45;47.118;6.12
895;9;46;2.82;2.14
896;9;47;19.469;22.08
897;9;47;14.883;22.56
898;9;48;30.089;14.85
899;9;48;23.329;2.9
900;9;49;26.736;21.73
901;10;11;73.587;1.53
902;10;11;65.881;5.49
903;10;12;102.722;6.89
904;10;13;60.469;24.08
905;10;13;70.598;16.94
906;10;13;75.44;24.5
907;10;14;52.055;13.03
908;10;15;45.108;2.84
909;10;15;42.579;5.79
910;10;16;36.692;2.66
911;10;16;39.162;2.59
912;10;16;40.363;18.51
913;10;17;103.777;15.72
914;10;17;94.319;1.41
915;10;17;106.82;1.45
916;10;18;73.841;13.49
917;10;18;76.501;12.57
918;10;19;45.512;12.28
919;10;19;46.993;4.22
920;10;19;53.566;18.72
921;10;20;57.121;0.14
922;10;20;59.261;23.47
923;10;21;46.414;20.91
924;10;21;42.15;5.43
925;10;22;41.229;3.85
926;10;22;49.728;18.6
927;10;23;60.087;11.34
928;10;23;71.281;13.58
929;10;24;45.434;17.72
930;10;24;51.764;15.18
931;10;24;39.988;6.58
932;10;25;93.718;14.32
933;10;25;93.321;10.87
934;10;25;88.744;7.77
935;10;26;53.504;8.32
936;10;26;64.615;20.25
937;10;27;47.972;0.83
938;10;27;47.473;1.05
939;10;28;14.458;11.96
940;10;29;50.384;11.27
941;10;29;48.091;13.62
942;10;30;44.765;13.8
943;10;30;55.846;10.03
944;10;31;85.857;18.59
945;10;31;84.488;11.43
946;10;32;18.721;16.41
947;10;32;17.314;23.41
948;10;32;20.639;20.08
949;10;33;9.76;22.98
950;10;34;59.458;24.12
951;10;35;44.999;9.38
952;10;35;38.548;7.74
953;10;35;47.484;18.48
954;10;36;123.244;20.65
955;10;37;32.067;3.58
956;10;38;44.149;0.48
957;10;38;34.67;21.77
958;10;39;94.2;10.42
959;10;39;98.836;2.66
960;10;39;92.889;4.98
961;10;40;47.294;9.03
962;10;40;56.437;17.93
963;10;40;49.553;1.3
964;10;41;50.429;19.31
965;10;42;45.992;6.05
966;10;42;48.243;7.32
967;10;43;35.398;16.72
968;10;43;29.173;23.09
969;10;44;2.288;6.37
970;10;44;1.941;23.84
971;10;44;2.582;3.16
972;10;45;80.908;1.88
973;10;46;44.304;24.49
974;10;46;50.383;4.37
975;10;46;46.452;13.65
976;10;47;42.419;21.35
977;10;47;40.38;15.15
978;10;47;32.671;10.62
979;10;48;35.025;12.98
980;10;48;33.14;12.36
981;10;48;39.533;22.36
982;10;49;28.285;3.86
983;10;49;34.492;24.49
984;11;12;29.136;21.48
985;11;13;14.501;6.36
986;11;13;11.705;9.39
987;11;13;16.73;9.03
988;11;14;42.271;19.61
989;11;15;28.859;4.01
990;11;15;35.969;22.29
991;11;16;36.967;14.91
992;11;16;34.389;2.29
993;11;16;32.115;14.42
994;11;17;93.102;18.43
995;11;17;105.21;23.1
996;11;18;57.399;3.37
997;11;18;53.555;3.08
998;11;19;29.303;8.9
999;11;19;31.65;24.04
1000;11;19;31.406;14.59
1001;11;20;22.057;14.89
1002;11;20;21.783;21.15
1003;11;21;27.879;10.25
1004;11;22;46.565;13.29
1005;11;22;57.109;20.65
1006;11;22;52.559;19.94
1007;11;23;13.725;20.41
1008;11;23;13.685;4.28
1009;11;24;42.726;21.3
1010;11;24;48.68;5.66
1011;11;24;34.726;7.82
1012;11;25;80.897;14.55
1013;11;26;46.181;8.88
1014;11;26;35.974;10.6
1015;11;27;39.493;22.61
1016;11;27;39.88;7.91
1017;11;28;68.074;15.52
1018;11;28;75.31;10.66
1019;11;28;54.914;18.73
1020;11;29;23.888;2.47
1021;11;29;26.427;1.64
1022;11;30;43.283;14.48
1023;11;30;54.083;18.06
1024;11;31;12.717;14.2
1025;11;31;10.52;7.71
1026;11;31;13.777;21.7
1027;11;32;61.384;4.88
1028;11;32;63.288;4.72
1029;11;32;54.278;9.52
1030;11;33;75.617;5.12
1031;11;33;76.32;11.76
1032;11;34;28.594;8.3
1033;11;34;31.967;4.29
1034;11;35;32.05;21.37
1035;11;36;55.48;10.2
1036;11;37;42.272;7.64
1037;11;38;36.011;20.13
1038;11;38;32.887;1.26
1039;11;39;66.005;13.93
1040;11;39;77.464;6.67
1041;11;40;26.448;18.68
1042;11;40;24.119;9.58
1043;11;41;23.543;6.82
1044;11;41;28.074;1.83
1045;11;41;26.772;23.66
1046;11;42;28.647;16.28
1047;11;42;25.837;13.7
1048;11;43;39.479;24.56
1049;11;43;42.543;5.05
1050;11;44;75.07;19.52
1051;11;45;7.444;12.82
1052;11;46;43.668;11.22
1053;11;46;42.357;20.13
1054;11;46;45.807;9.19
1055;11;47;32.631;8.02
1056;11;48;39.149;17.77
1057;11;48;30.877;12.23
1058;11;48;34.159;0.03
1059;11;49;45.309;7.23
1060;11;49;37.695;10.96
1061;11;49;42.395;18.25
1062;12;13;42.91;16.03
1063;12;13;38.455;5.44
1064;12;13;38.133;19.14
1065;12;14;66.54;16.0
1066;12;14;62.387;2.53
1067;12;14;82.653;5.03
1068;12;15;57.892;21.92
1069;12;15;54.277;6.48
1070;12;16;66.092;3.56
1071;12;17;104.258;17.89
1072;12;17;122.481;14.48
1073;12;18;73.873;17.37
1074;12;19;58.09;20.44
1075;12;20;48.727;7.25
1076;12;21;56.809;11.64
1077;12;21;42.89;1.06
1078;12;22;73.195;4.02
1079;12;23;42.748;12.29
1080;12;23;52.675;13.44
1081;12;24;68.81;13.35
1082;12;24;60.134;12.4
1083;12;24;83.073;16.66
1084;12;25;93.199;8.66
1085;12;25;90.425;10.02
1086;12;26;69.654;12.99
1087;12;26;67.574;19.5
1088;12;27;65.343;16.71
1089;12;27;65.234;5.99
1090;12;27;54.906;17.32
1091;12;28;96.875;3.0
1092;12;28;78.965;10.81
1093;12;28;87.427;7.13
1094;12;29;52.787;17.67
1095;12;30;69.467;9.56
1096;12;30;64.346;21.72
1097;12;30;69.472;11.07
1098;12;31;17.276;14.97
1099;12;31;18.593;22.07
1100;12;32;90.045;18.37
1101;12;32;100.483;4.84
1102;12;33;104.601;7.5
1103;12;33;129.704;21.32
1104;12;33;81.798;23.11
1105;12;34;52.388;0.01
1106;12;34;62.607;6.76
1107;12;35;60.251;16.83
1108;12;35;65.582;24.56
1109;12;35;52.269;9.03
1110;12;36;35.917;22.48
1111;12;36;41.381;4.64
1112;12;36;31.227;1.42
1113;12;37;71.292;4.27
1114;12;38;63.55;6.33
1115;12;38;53.372;3.91
1116;12;38;74.602;7.06
1117;12;39;74.772;2.18
1118;12;39;69.946;21.82
1119;12;39;56.391;21.52
1120;12;40;55.522;7.83
1121;12;41;52.548;12.3
1122;12;42;57.478;16.3
1123;12;42;64.279;7.43
1124;12;42;56.323;8.37
1125;12;43;68.379;11.64
1126;12;43;73.398;24.24
1127;12;44;104.196;5.83
1128;12;44;118.715;16.31
1129;12;45;21.887;22.96
1130;12;45;20.462;13.46
1131;12;46;69.918;22.84
1132;12;46;60.582;11.0
1133;12;47;61.402;19.73
1134;12;47;76.001;23.94
1135;12;47;70.707;5.17
1136;12;48;68.151;4.85
1137;12;49;74.442;15.67
1138;12;49;59.263;15.63
1139;12;49;68.856;18.52
1140;13;14;29.21;8.95
1141;13;14;29.717;20.0
1142;13;14;24.041;12.7
1143;13;15;15.372;18.41
1144;13;15;14.395;18.89
1145;13;16;23.885;14.28
1146;13;16;29.488;18.26
1147;13;16;23.788;20.42
1148;13;17;85.235;23.09
1149;13;17;74.715;4.23
1150;13;18;48.168;21.35
1151;13;19;15.208;4.64
1152;13;19;15.863;11.77
1153;13;19;17.406;10.49
1154;13;20;18.996;14.51
1155;13;20;18.389;3.14
1156;13;20;22.542;23.34
1157;13;21;14.075;8.81
1158;13;21;14.788;7.63
1159;13;21;11.623;20.08
1160;13;22;32.276;5.29
1161;13;22;38.871;13.02
1162;13;23;3.361;21.22
1163;13;23;2.544;7.11
1164;13;24;28.693;16.2
1165;13;24;28.568;11.24
1166;13;24;28.399;0.53
1167;13;25;72.833;18.32
1168;13;25;73.031;6.15
1169;13;25;78.27;10.29
1170;13;26;33.419;2.45
1171;13;27;25.644;10.33
1172;13;27;24.304;3.24
1173;13;28;53.966;13.85
1174;13;28;58.096;18.77
1175;13;28;63.288;5.36
1176;13;29;10.085;22.63
1177;13;29;7.82;12.84
1178;13;30;29.198;0.56
1179;13;30;26.704;13.36
1180;13;30;23.373;19.22
1181;13;31;27.178;10.64
1182;13;32;50.168;14.88
1183;13;32;40.429;11.68
1184;13;32;62.038;22.22
1185;13;33;61.754;11.73
1186;13;34;17.085;8.36
1187;13;34;20.128;10.14
1188;13;35;17.568;20.45
1189;13;35;19.073;13.57
1190;13;35;14.986;24.83
1191;13;36;64.423;7.38
1192;13;37;28.573;6.99
1193;13;37;27.405;3.62
1194;13;38;21.551;16.1
1195;13;38;16.67;16.19
1196;13;38;16.21;17.66
1197;13;39;60.565;19.43
1198;13;39;48.207;7.83
1199;13;39;55.112;20.35
1200;13;40;15.178;12.59
1201;13;41;10.121;17.7
1202;13;41;8.257;16.05
1203;13;41;9.42;14.79
1204;13;42;14.627;14.9
1205;13;42;15.406;20.68
1206;13;43;25.526;18.34
1207;13;43;30.118;5.4
1208;13;43;22.99;2.51
1209;13;44;62.109;4.14
1210;13;45;21.106;3.15
1211;13;45;22.938;2.99
1212;13;45;22.739;19.26
1213;13;46;29.55;20.18
1214;13;47;18.504;17.78
1215;13;47;15.77;22.07
1216;13;48;27.476;3.29
1217;13;49;32.509;14.74
1218;13;49;36.536;24.22
1219;14;15;25.659;6.21
1220;14;16;28.348;7.55
1221;14;17;61.618;3.84
1222;14;17;66.912;10.42
1223;14;18;25.157;18.37
1224;14;18;21.788;6.93
1225;14;18;22.344;22.85
1226;14;19;22.745;14.54
1227;14;19;25.808;13.21
1228;14;20;43.935;17.64
1229;14;20;34.026;2.04
1230;14;20;42.14;21.95
1231;14;21;24.494;24.02
1232;14;21;27.713;18.35
1233;14;21;28.173;8.6
1234;14;22;10.87;18.36
1235;14;23;31.901;11.3
1236;14;23;29.052;12.22
1237;14;24;6.816;14.52
1238;14;24;7.788;15.83
1239;14;24;7.932;11.39
1240;14;25;49.535;19.98
1241;14;26;4.411;9.09
1242;14;26;5.44;14.43
1243;14;26;5.345;20.78
1244;14;27;5.893;0.98
1245;14;27;6.709;12.29
1246;14;28;39.886;14.58
1247;14;29;25.556;14.62
1248;14;29;30.251;4.46
1249;14;30;7.399;17.62
1250;14;30;7.183;22.98
1251;14;31;53.889;6.39
1252;14;31;57.124;12.83
1253;14;32;51.433;18.64
1254;14;32;46.297;7.1
1255;14;33;48.597;15.16
1256;14;34;14.211;19.42
1257;14;34;13.924;16.16
1258;14;34;11.788;8.54
1259;14;35;18.012;17.47
1260;14;35;15.426;12.43
1261;14;35;20.42;6.25
1262;14;36;76.063;24.14
1263;14;36;72.027;0.74
1264;14;36;70.428;20.58
1265;14;37;26.6;16.8
1266;14;37;28.76;12.75
1267;14;38;13.572;20.67
1268;14;38;13.666;18.69
1269;14;39;43.898;24.75
1270;14;39;53.616;8.81
1271;14;40;31.806;4.08
1272;14;41;26.738;20.47
1273;14;42;23.314;12.11
1274;14;43;23.842;24.23
1275;14;43;28.18;2.83
1276;14;44;54.257;3.11
1277;14;45;46.969;11.77
1278;14;45;50.912;8.06
1279;14;46;7.818;7.65
1280;14;46;7.913;13.43
1281;14;47;21.973;17.66
1282;14;48;34.908;4.58
1283;14;48;36.211;11.46
1284;14;48;40.577;24.04
1285;14;49;33.232;12.47
1286;15;16;8.547;20.45
1287;15;16;8.474;22.87
1288;15;16;10.53;2.89
1289;15;17;86.899;11.05
1290;15;17;71.303;21.49
1291;15;18;49.732;11.53
1292;15;19;2.93;19.94
1293;15;20;19.667;17.31
1294;15;21;1.755;20.97
1295;15;22;23.19;3.63
1296;15;22;23.059;22.56
1297;15;22;28.707;17.42
1298;15;23;15.151;0.66
1299;15;24;21.618;16.79
1300;15;24;16.707;1.03
1301;15;25;74.643;24.92
1302;15;26;29.973;2.92
1303;15;26;28.256;19.06
1304;15;26;24.83;13.2
1305;15;27;20.072;9.94
1306;15;27;18.995;15.33
1307;15;28;39.311;8.85
1308;15;28;44.245;4.64
1309;15;29;5.307;16.54
1310;15;29;6.082;21.72
1311;15;30;21.767;14.84
1312;15;30;17.948;3.45
1313;15;31;41.462;10.48
1314;15;31;33.045;13.53
1315;15;31;49.171;19.34
1316;15;32;35.483;18.16
1317;15;33;46.758;4.47
1318;15;33;46.447;2.3
1319;15;33;43.926;17.91
1320;15;34;20.993;23.31
1321;15;34;20.322;7.9
1322;15;35;7.711;14.16
1323;15;35;6.822;4.11
1324;15;35;9.328;14.12
1325;15;36;79.27;14.05
1326;15;37;13.413;7.04
1327;15;37;10.354;22.49
1328;15;38;12.704;20.76
1329;15;39;66.028;10.29
1330;15;40;6.364;22.29
1331;15;40;6.822;6.7
1332;15;40;4.92;14.06
1333;15;41;5.349;2.8
1334;15;41;4.165;20.78
1335;15;42;2.493;13.95
1336;15;42;2.86;2.99
1337;15;42;2.159;21.69
1338;15;43;10.748;11.34
1339;15;43;9.664;8.46
1340;15;44;46.738;23.81
1341;15;44;51.335;5.75
1342;15;44;39.492;16.99
1343;15;45;36.006;14.45
1344;15;45;35.88;21.12
1345;15;46;21.881;5.21
1346;15;47;4.84;18.87
1347;15;47;4.042;2.53
1348;15;47;3.885;7.79
1349;15;48;13.189;18.09
1350;15;48;13.642;24.1
1351;15;49;17.194;22.13
1352;16;17;89.874;15.32
1353;16;18;53.422;16.86
1354;16;18;55.25;8.45
1355;16;19;9.733;2.72
1356;16;19;9.632;24.26
1357;16;20;23.888;9.3
1358;16;21;10.056;7.75
1359;16;21;12.304;1.97
1360;16;22;22.456;23.56
1361;16;22;25.037;24.21
1362;16;22;26.796;2.19
1363;16;23;23.397;6.84
1364;16;24;22.698;22.03
1365;16;24;18.546;20.38
1366;16;24;19.793;22.21
1367;16;25;77.863;15.91
1368;16;25;73.344;0.95
1369;16;25;67.117;7.13
1370;16;26;32.233;19.97
1371;16;26;34.709;22.0
1372;16;26;37.331;19.91
1373;16;27;22.457;12.78
1374;16;28;31.945;21.6
1375;16;28;24.297;5.67
1376;16;28;35.483;8.04
1377;16;29;13.852;16.75
1378;16;30;22.563;23.97
1379;16;30;23.628;9.54
1380;16;30;20.109;7.2
1381;16;31;49.403;22.34
1382;16;31;59.751;10.87
1383;16;31;47.283;9.83
1384;16;32;27.272;23.3
1385;16;33;38.904;17.05
1386;16;34;27.548;8.76
1387;16;34;22.15;24.28
1388;16;35;11.84;13.03
1389;16;35;9.418;13.62
1390;16;36;87.759;8.52
1391;16;37;6.171;4.0
1392;16;37;5.221;13.43
1393;16;38;14.887;15.0
1394;16;39;71.122;19.47
1395;16;40;11.284;1.51
1396;16;41;13.779;17.67
1397;16;41;10.64;19.44
1398;16;41;15.838;22.12
1399;16;42;9.975;20.68
1400;16;43;5.626;14.2
1401;16;44;38.269;23.65
1402;16;44;39.455;11.19
1403;16;45;44.241;18.5
1404;16;45;38.6;21.51
1405;16;46;22.48;15.1
1406;16;46;20.045;19.22
1407;16;46;17.047;7.29
1408;16;47;7.652;4.64
1409;16;47;9.241;5.15
1410;16;47;5.78;15.18
1411;16;48;6.574;4.63
1412;16;49;8.647;19.73
1413;17;18;37.38;18.39
1414;17;18;42.568;10.14
1415;17;18;36.186;17.99
1416;17;19;83.972;8.43
1417;17;19;78.054;21.83
1418;17;20;103.288;0.17
1419;17;20;104.695;5.33
1420;17;20;117.63;9.33
1421;17;21;85.535;12.46
1422;17;21;83.806;19.65
1423;17;21;87.184;6.34
1424;17;22;68.717;24.22
1425;17;22;68.137;19.62
1426;17;23;88.556;2.58
1427;17;24;67.282;10.86
1428;17;25;12.409;3.85
1429;17;25;11.328;13.34
1430;17;25;11.481;0.56
1431;17;26;57.641;14.71
1432;17;26;56.52;18.25
1433;17;26;43.496;12.98
1434;17;27;67.493;3.28
1435;17;28;89.327;22.98
1436;17;28;95.586;14.99
1437;17;29;85.65;24.68
1438;17;29;84.181;12.42
1439;17;30;67.512;3.84
1440;17;30;52.976;5.46
1441;17;30;52.961;21.49
1442;17;31;100.154;23.11
1443;17;31;120.954;5.32
1444;17;31;123.264;20.75
1445;17;32;109.833;17.39
1446;17;32;93.094;0.23
1447;17;32;122.892;1.99
1448;17;33;96.25;3.83
1449;17;33;107.344;9.99
1450;17;33;81.977;19.56
1451;17;34;68.519;7.05
1452;17;34;83.955;24.72
1453;17;34;74.793;12.63
1454;17;35;79.454;7.33
1455;17;35;74.566;15.02
1456;17;35;97.546;23.71
1457;17;36;89.77;18.58
1458;17;37;87.307;15.69
1459;17;38;75.189;6.86
1460;17;38;91.845;11.28
1461;17;38;79.488;11.68
1462;17;39;29.586;17.14
1463;17;40;92.705;21.17
1464;17;40;98.866;3.97
1465;17;40;108.176;7.79
1466;17;41;86.837;7.33
1467;17;41;82.979;9.91
1468;17;41;107.405;2.06
1469;17;42;84.45;6.64
1470;17;42;71.724;5.86
1471;17;43;85.017;3.49
1472;17;43;90.684;17.53
1473;17;43;82.282;5.56
1474;17;44;106.029;15.14
1475;17;44;101.502;12.56
1476;17;44;83.856;8.04
1477;17;45;93.798;18.23
1478;17;45;109.481;13.12
1479;17;45;89.112;1.96
1480;17;46;67.678;8.22
1481;17;47;83.549;21.23
1482;17;48;96.388;11.27
1483;17;48;93.531;7.91
1484;17;49;93.673;3.47
1485;18;19;46.819;6.62
1486;18;19;57.117;21.25
1487;18;19;44.054;22.38
1488;18;20;65.942;1.27
1489;18;20;80.172;11.18
1490;18;20;73.892;22.72
1491;18;21;48.307;22.62
1492;18;21;53.561;19.29
1493;18;22;34.121;0.28
1494;18;23;51.445;14.57
1495;18;23;56.319;24.78
1496;18;24;31.525;16.12
1497;18;25;25.01;2.99
1498;18;25;25.332;2.31
1499;18;26;21.784;23.54
1500;18;27;31.01;11.27
1501;18;28;60.114;5.61
1502;18;28;49.794;11.2
1503;18;28;54.959;11.85
1504;18;29;48.284;22.13
1505;18;29;53.333;1.03
1506;18;30;31.918;18.29
1507;18;30;35.807;7.59
1508;18;31;66.17;14.99
1509;18;31;73.573;16.39
1510;18;32;75.973;8.14
1511;18;32;83.871;10.78
1512;18;32;78.681;2.13
1513;18;33;68.337;3.1
1514;18;33;84.699;19.65
1515;18;33;53.539;16.32
1516;18;34;31.245;17.92
1517;18;34;27.909;18.15
1518;18;35;42.459;14.19
1519;18;36;70.88;0.96
1520;18;36;61.736;8.56
1521;18;36;59.226;5.85
1522;18;37;51.688;8.57
1523;18;38;38.546;3.94
1524;18;39;20.49;8.93
1525;18;39;18.355;4.65
1526;18;40;55.408;17.61
1527;18;40;55.479;18.74
1528;18;40;45.12;17.0
1529;18;41;49.469;9.91
1530;18;42;47.259;16.76
1531;18;42;39.211;19.28
1532;18;42;42.965;9.7
1533;18;43;48.998;0.72
1534;18;43;41.109;15.6
1535;18;44;76.122;0.24
1536;18;45;59.367;2.93
1537;18;45;56.771;17.68
1538;18;46;32.198;4.33
1539;18;47;46.665;17.47
1540;18;48;59.995;21.96
1541;18;48;65.187;23.66
1542;18;49;58.284;13.52
1543;19;20;22.147;13.07
1544;19;21;1.983;1.75
1545;19;21;1.58;17.77
1546;19;22;20.726;15.26
1547;19;22;19.918;14.37
1548;19;23;15.628;1.96
1549;19;23;17.704;20.33
1550;19;24;18.873;0.52
1551;19;25;71.72;0.15
1552;19;25;78.119;6.63
1553;19;25;60.534;21.41
1554;19;26;27.071;21.34
1555;19;26;22.927;18.67
1556;19;27;17.198;4.68
1557;19;27;19.489;15.16
1558;19;27;16.17;10.73
1559;19;28;38.807;19.81
1560;19;28;46.184;14.72
1561;19;29;5.468;11.88
1562;19;30;19.06;23.6
1563;19;30;23.298;13.33
1564;19;30;22.835;14.39
1565;19;31;42.003;21.52
1566;19;32;37.002;22.87
1567;19;32;28.572;8.81
1568;19;33;46.546;12.96
1569;19;34;18.455;4.79
1570;19;34;17.642;5.22
1571;19;34;22.118;15.95
1572;19;35;4.879;1.89
1573;19;36;78.211;3.22
1574;19;37;13.464;23.57
1575;19;37;16.284;23.46
1576;19;37;11.576;1.71
1577;19;38;9.969;23.99
1578;19;38;7.959;12.25
1579;19;39;63.257;3.55
1580;19;39;57.422;22.48
1581;19;39;60.778;16.19
1582;19;40;9.141;22.72
1583;19;40;10.019;18.08
1584;19;41;6.106;14.78
1585;19;41;5.479;7.18
1586;19;41;5.191;3.72
1587;19;42;0.76;12.19
1588;19;42;0.656;9.2
1589;19;43;10.322;21.55
1590;19;43;11.425;14.41
1591;19;43;9.555;23.4
1592;19;44;47.239;12.05
1593;19;44;55.917;8.34
1594;19;45;36.234;20.95
1595;19;45;38.856;23.1
1596;19;45;39.301;4.72
1597;19;46;19.202;3.32
1598;19;47;3.328;18.94
1599;19;47;3.437;5.34
1600;19;48;15.254;3.32
1601;19;49;18.196;19.07
1602;20;21;20.174;5.45
1603;20;21;20.193;3.78
1604;20;22;42.835;9.23
1605;20;22;48.378;4.8
1606;20;22;32.983;16.73
1607;20;23;15.711;12.71
1608;20;23;12.26;9.47
1609;20;23;16.66;21.8
1610;20;24;40.916;24.53
1611;20;24;44.72;16.55
1612;20;24;31.822;3.58
1613;20;25;90.886;15.64
1614;20;25;107.212;13.45
1615;20;25;75.102;2.59
1616;20;26;48.346;13.51
1617;20;26;36.773;11.32
1618;20;26;44.517;10.5
1619;20;27;38.871;6.4
1620;20;27;29.455;5.55
1621;20;27;44.305;17.68
1622;20;28;55.244;19.86
1623;20;29;18.382;11.88
1624;20;29;15.73;21.06
1625;20;30;41.151;10.14
1626;20;30;46.407;23.35
1627;20;30;51.29;19.59
1628;20;31;31.508;7.45
1629;20;31;30.855;4.94
1630;20;32;42.085;19.91
1631;20;32;40.196;4.73
1632;20;33;61.346;3.4
1633;20;33;62.182;1.29
1634;20;34;34.798;21.65
1635;20;34;36.355;4.27
1636;20;35;26.949;10.95
1637;20;36;77.535;20.14
1638;20;37;30.057;8.4
1639;20;37;25.01;9.96
1640;20;37;27.695;6.81
1641;20;38;32.075;18.59
1642;20;39;79.455;10.13
1643;20;40;13.506;16.89
1644;20;40;13.194;10.72
1645;20;40;14.067;14.75
1646;20;41;17.206;12.04
1647;20;41;19.78;15.82
1648;20;42;21.427;18.35
1649;20;42;24.482;17.09
1650;20;42;19.746;6.12
1651;20;43;28.791;22.84
1652;20;43;27.835;11.38
1653;20;43;30.098;3.78
1654;20;44;58.187;2.58
1655;20;44;66.69;13.98
1656;20;45;28.986;0.79
1657;20;45;35.814;11.45
1658;20;45;29.958;23.64
1659;20;46;41.317;13.12
1660;20;46;35.449;5.03
1661;20;47;24.469;7.48
1662;20;48;22.49;23.22
1663;20;48;19.528;21.78
1664;20;49;30.026;13.0
1665;20;49;23.693;13.33
1666;21;22;22.709;12.8
1667;21;23;14.157;21.83
1668;21;23;14.167;8.02
1669;21;23;14.198;10.71
1670;21;24;20.804;2.69
1671;21;25;73.254;8.62
1672;21;25;73.859;24.31
1673;21;26;28.847;12.5
1674;21;27;19.032;21.44
1675;21;28;40.197;11.85
1676;21;29;4.023;5.84
1677;21;29;4.379;5.47
1678;21;30;21.006;24.16
1679;21;30;21.049;8.81
1680;21;31;40.544;9.37
1681;21;31;35.775;19.1
1682;21;32;37.142;24.61
1683;21;32;42.978;18.43
1684;21;33;47.793;23.0
1685;21;33;52.737;15.78
1686;21;34;19.289;0.1
1687;21;35;6.801;22.27
1688;21;35;6.271;14.92
1689;21;35;5.208;4.51
1690;21;36;77.704;14.93
1691;21;36;81.174;9.66
1692;21;37;14.514;19.63
1693;21;37;13.327;0.97
1694;21;37;13.086;19.11
1695;21;38;11.916;15.62
1696;21;39;64.413;3.46
1697;21;40;7.314;9.66
1698;21;40;6.129;16.79
1699;21;40;8.91;5.57
1700;21;41;4.399;10.73
1701;21;42;1.253;4.31
1702;21;42;1.116;17.77
1703;21;42;1.204;21.15
1704;21;43;11.6;22.43
1705;21;43;10.881;7.37
1706;21;43;9.374;7.2
1707;21;44;48.082;3.63
1708;21;45;34.926;0.03
1709;21;45;40.929;20.39
1710;21;45;37.858;12.99
1711;21;46;21.157;14.56
1712;21;46;16.814;14.86
1713;21;47;4.963;16.48
1714;21;47;4.21;0.11
1715;21;47;4.875;16.43
1716;21;48;14.928;20.43
1717;21;48;15.318;24.56
1718;21;48;17.601;11.73
1719;21;49;18.686;6.88
1720;22;23;34.163;24.74
1721;22;24;4.821;12.27
1722;22;24;4.072;18.14
1723;22;24;4.382;23.12
1724;22;25;57.129;6.14
1725;22;25;50.515;8.02
1726;22;26;12.572;18.16
1727;22;27;8.231;4.43
1728;22;27;8.71;18.75
1729;22;28;29.078;22.3
1730;22;28;27.024;19.81
1731;22;28;35.002;17.09
1732;22;29;25.339;16.21
1733;22;29;27.86;18.28
1734;22;30;4.08;7.6
1735;22;30;4.784;20.61
1736;22;31;58.969;1.35
1737;22;32;41.877;10.11
1738;22;32;51.217;20.92
1739;22;32;40.878;9.09
1740;22;33;37.798;23.06
1741;22;33;31.926;8.29
1742;22;33;31.394;7.38
1743;22;34;21.734;9.58
1744;22;34;20.616;12.45
1745;22;34;24.438;8.81
1746;22;35;16.093;9.55
1747;22;35;19.992;9.62
1748;22;36;85.837;22.48
1749;22;36;90.491;14.97
1750;22;36;69.202;0.03
1751;22;37;18.76;15.47
1752;22;37;19.698;10.28
1753;22;38;11.104;14.44
1754;22;39;53.837;10.4
1755;22;39;65.058;5.62
1756;22;40;29.502;21.91
1757;22;40;36.411;4.64
1758;22;40;36.227;17.54
1759;22;41;26.341;7.31
1760;22;41;24.547;24.03
1761;22;42;21.465;21.17
1762;22;42;16.133;1.47
1763;22;42;22.724;12.96
1764;22;43;17.004;13.93
1765;22;43;15.289;7.82
1766;22;44;43.444;18.34
1767;22;45;52.353;9.48
1768;22;45;61.429;6.01
1769;22;45;49.805;11.02
1770;22;46;3.57;23.85
1771;22;46;3.665;6.19
1772;22;46;2.757;1.67
1773;22;47;18.477;14.64
1774;22;48;28.551;23.62
1775;22;48;28.669;10.95
1776;22;48;31.433;9.76
1777;22;49;24.972;6.53
1778;22;49;28.297;14.55
1779;22;49;20.337;24.49
1780;23;24;30.866;15.58
1781;23;24;36.202;2.98
1782;23;24;34.172;5.19
1783;23;25;76.152;12.16
1784;23;26;36.182;12.88
1785;23;27;27.982;13.88
1786;23;27;23.427;24.55
1787;23;27;31.232;1.43
1788;23;28;54.354;17.98
1789;23;29;10.181;20.35
1790;23;30;31.323;6.96
1791;23;30;33.145;18.79
1792;23;31;26.392;5.68
1793;23;31;22.425;3.62
1794;23;31;26.392;3.69
1795;23;32;48.874;12.17
1796;23;32;41.164;9.81
1797;23;33;61.902;5.29
1798;23;34;20.283;18.47
1799;23;34;21.249;14.12
1800;23;34;24.919;9.73
1801;23;35;18.772;13.33
1802;23;35;16.853;18.72
1803;23;35;22.845;6.96
1804;23;36;66.004;7.88
1805;23;36;80.434;19.79
1806;23;36;63.058;20.16
1807;23;37;28.563;24.07
1808;23;37;31.858;4.97
1809;23;37;34.144;24.59
1810;23;38;23.195;19.26
1811;23;38;20.229;19.54
1812;23;38;19.208;15.04
1813;23;39;63.918;1.23
1814;23;39;51.521;6.03
1815;23;39;78.383;13.3
1816;23;40;13.583;12.72
1817;23;41;9.821;5.62
1818;23;41;11.02;24.69
1819;23;42;14.954;9.09
1820;23;43;25.756;10.39
1821;23;43;23.97;4.8
1822;23;44;61.638;16.49
1823;23;45;20.867;21.51
1824;23;46;31.642;9.24
1825;23;46;24.547;24.52
1826;23;46;38.072;5.14
1827;23;47;18.951;19.0
1828;23;47;19.386;4.03
1829;23;47;22.973;8.87
1830;23;48;26.25;17.89
1831;23;49;31.884;22.94
1832;23;49;32.287;12.18
1833;24;25;55.399;12.09
1834;24;25;56.092;18.91
1835;24;25;44.42;8.66
1836;24;26;9.785;0.86
1837;24;26;10.003;13.97
1838;24;27;3.504;0.39
1839;24;27;3.668;3.94
1840;24;27;3.43;19.25
1841;24;28;33.698;3.18
1842;24;28;32.823;8.9
1843;24;28;26.779;24.87
1844;24;29;22.821;21.67
1845;24;29;25.176;8.06
1846;24;30;0.742;6.85
1847;24;30;0.703;11.9
1848;24;30;0.914;22.71
1849;24;31;54.955;2.95
1850;24;31;63.468;1.64
1851;24;32;44.693;13.32
1852;24;32;52.772;19.24
1853;24;33;42.419;22.65
1854;24;33;46.555;4.72
1855;24;34;17.0;10.8
1856;24;34;17.104;19.97
1857;24;35;14.003;17.3
1858;24;36;81.016;6.43
1859;24;36;63.44;22.36
1860;24;36;91.637;3.97
1861;24;37;20.207;18.47
1862;24;37;22.351;17.6
1863;24;38;8.916;16.07
1864;24;38;8.206;14.4
1865;24;38;10.355;16.17
1866;24;39;50.638;24.73
1867;24;39;41.02;8.82
1868;24;39;55.175;4.61
1869;24;40;27.973;23.14
1870;24;40;22.273;21.35
1871;24;40;27.872;10.05
1872;24;41;23.918;12.8
1873;24;41;27.473;18.54
1874;24;41;27.186;22.81
1875;24;42;19.555;16.76
1876;24;42;22.986;12.59
1877;24;42;16.066;16.74
1878;24;43;17.738;10.44
1879;24;43;14.462;15.69
1880;24;44;47.616;2.89
1881;24;44;46.339;19.34
1882;24;44;38.294;21.62
1883;24;45;48.236;9.18
1884;24;45;55.612;6.94
1885;24;45;42.374;7.33
1886;24;46;1.252;19.41
1887;24;46;0.994;14.78
1888;24;47;17.282;12.43
1889;24;47;17.049;2.99
1890;24;47;18.035;11.49
1891;24;48;29.146;4.61
1892;24;49;26.77;5.86
1893;25;26;45.674;24.86
1894;25;26;39.756;23.85
1895;25;27;55.425;14.07
1896;25;27;58.293;23.75
1897;25;28;79.353;9.89
1898;25;28;80.702;6.12
1899;25;28;85.547;12.05
1900;25;29;73.294;7.0
1901;25;30;55.671;16.26
1902;25;30;57.156;24.8
1903;25;31;88.29;15.19
1904;25;32;98.653;5.73
1905;25;32;104.609;23.94
1906;25;32;93.587;8.32
1907;25;33;86.713;22.7
1908;25;34;56.111;0.26
1909;25;35;67.256;10.22
1910;25;35;57.075;2.07
1911;25;36;81.461;4.11
1912;25;36;97.394;14.87
1913;25;36;97.11;11.71
1914;25;37;75.54;13.3
1915;25;38;63.095;4.71
1916;25;38;68.525;17.41
1917;25;38;64.154;19.8
1918;25;39;19.736;23.72
1919;25;40;80.393;21.01
1920;25;41;74.479;16.16
1921;25;41;76.417;17.66
1922;25;42;72.184;15.9
1923;25;42;73.997;1.31
1924;25;42;64.245;11.18
1925;25;43;73.127;8.59
1926;25;43;64.292;9.29
1927;25;43;64.472;16.92
1928;25;44;95.994;7.91
1929;25;45;81.826;15.46
1930;25;46;55.866;8.69
1931;25;47;71.392;8.34
1932;25;47;86.061;21.23
1933;25;48;84.406;12.74
1934;25;49;81.991;5.46
1935;26;27;9.975;11.6
1936;26;27;7.618;18.27
1937;26;27;9.69;14.77
1938;26;28;40.666;4.75
1939;26;28;47.328;6.56
1940;26;29;29.967;12.5
1941;26;29;34.858;5.9
1942;26;30;10.142;15.49
1943;26;31;57.552;12.16
1944;26;31;62.112;21.12
1945;26;31;52.375;17.94
1946;26;32;54.245;15.08
1947;26;32;51.39;3.62
1948;26;33;49.291;20.16
1949;26;33;57.372;0.23
1950;26;33;39.464;20.72
1951;26;34;17.743;19.08
1952;26;34;21.809;19.46
1953;26;35;22.291;12.23
1954;26;35;24.769;8.95
1955;26;36;77.35;23.85
1956;26;36;70.504;2.15
1957;26;36;76.746;11.0
1958;26;37;29.991;16.5
1959;26;37;31.891;6.97
1960;26;38;17.667;24.85
1961;26;38;15.201;20.11
1962;26;38;16.036;3.97
1963;26;39;41.27;14.66
1964;26;40;36.161;18.78
1965;26;40;40.113;0.57
1966;26;41;31.148;20.85
1967;26;41;25.861;1.85
1968;26;42;27.657;13.18
1969;26;43;27.463;0.56
1970;26;43;33.227;13.34
1971;26;43;31.356;12.42
1972;26;44;55.748;13.14
1973;26;45;50.588;6.31
1974;26;45;43.087;22.03
1975;26;45;60.308;9.05
1976;26;46;10.414;15.9
1977;26;46;11.102;16.34
1978;26;46;9.654;12.3
1979;26;47;26.148;1.2
1980;26;47;20.087;17.27
1981;26;48;38.752;17.89
1982;26;49;36.549;9.09
1983;26;49;34.736;7.98
1984;27;28;36.695;22.91
1985;27;28;27.625;4.58
1986;27;28;32.187;12.25
1987;27;29;20.552;17.39
1988;27;29;25.614;3.99
1989;27;29;17.06;0.28
1990;27;30;4.209;11.24
1991;27;30;4.369;23.42
1992;27;30;5.178;15.55
1993;27;31;51.627;15.65
1994;27;31;62.986;18.85
1995;27;32;46.063;24.49
1996;27;33;45.399;19.71
1997;27;33;47.204;6.87
1998;27;33;37.908;4.49
1999;27;34;13.514;7.86
2000;27;34;13.605;11.54
2001;27;35;12.365;17.76
2002;27;35;13.042;11.39
2003;27;35;13.869;13.87
2004;27;36;77.694;0.95
2005;27;36;84.063;18.71
2006;27;36;76.367;11.41
2007;27;37;20.912;16.96
2008;27;37;21.523;14.43
2009;27;37;22.199;8.18
2010;27;38;7.708;5.36
2011;27;38;6.308;4.95
2012;27;39;49.42;2.55
2013;27;39;38.216;17.61
2014;27;40;26.329;6.14
2015;27;40;26.384;13.85
2016;27;40;29.683;18.95
2017;27;41;21.699;20.63
2018;27;41;24.445;23.69
2019;27;42;17.815;9.31
2020;27;42;21.618;9.4
2021;27;43;18.034;14.24
2022;27;44;50.115;13.86
2023;27;45;44.869;10.16
2024;27;46;4.7;20.76
2025;27;46;4.957;6.2
2026;27;47;16.173;21.59
2027;27;47;17.453;16.05
2028;27;47;15.893;20.53
2029;27;48;29.019;17.75
2030;27;49;27.562;8.32
2031;28;29;44.188;18.67
2032;28;30;32.976;13.54
2033;28;30;30.842;10.56
2034;28;30;31.739;6.94
2035;28;31;80.739;22.79
2036;28;31;78.216;16.36
2037;28;32;26.588;16.07
2038;28;32;31.534;3.76
2039;28;33;8.722;1.23
2040;28;33;10.598;1.26
2041;28;33;7.547;8.81
2042;28;34;49.387;12.45
2043;28;35;36.879;5.52
2044;28;36;113.946;20.79
2045;28;36;135.592;0.25
2046;28;37;26.038;3.75
2047;28;37;28.084;13.19
2048;28;37;20.191;15.77
2049;28;38;34.629;6.99
2050;28;38;35.387;15.43
2051;28;38;36.737;22.86
2052;28;39;80.577;0.24
2053;28;39;81.588;1.15
2054;28;39;63.672;8.36
2055;28;40;43.229;13.77
2056;28;41;44.56;0.39
2057;28;41;42.651;18.83
2058;28;42;39.442;0.9
2059;28;42;40.468;18.95
2060;28;42;49.017;14.92
2061;28;43;28.603;14.38
2062;28;43;28.344;17.09
2063;28;43;26.392;13.24
2064;28;44;16.702;0.34
2065;28;45;75.039;5.93
2066;28;46;32.478;16.98
2067;28;46;30.461;13.13
2068;28;47;35.485;23.55
2069;28;48;32.982;6.07
2070;28;48;33.745;4.73
2071;28;49;25.336;7.17
2072;28;49;22.234;4.55
2073;28;49;25.823;3.05
2074;29;30;23.133;22.75
2075;29;30;21.324;0.88
2076;29;30;27.228;2.15
2077;29;31;36.571;14.16
2078;29;31;38.437;15.04
2079;29;31;44.284;3.42
2080;29;32;40.599;3.48
2081;29;32;41.934;21.67
2082;29;33;51.814;16.93
2083;29;34;17.99;9.57
2084;29;34;18.473;9.83
2085;29;35;9.29;20.49
2086;29;35;7.929;19.52
2087;29;35;10.982;19.62
2088;29;36;74.04;12.26
2089;29;36;75.686;9.14
2090;29;37;18.534;4.24
2091;29;37;20.226;23.37
2092;29;37;14.076;20.41
2093;29;38;14.254;17.44
2094;29;39;63.438;4.81
2095;29;39;57.222;21.44
2096;29;40;7.57;24.94
2097;29;40;8.359;8.51
2098;29;40;8.953;7.33
2099;29;41;1.197;23.31
2100;29;41;1.097;16.39
2101;29;41;0.946;18.2
2102;29;42;4.777;21.18
2103;29;43;15.606;8.26
2104;29;43;16.214;1.14
2105;29;43;13.778;10.02
2106;29;44;52.029;21.58
2107;29;45;30.906;10.15
2108;29;45;26.196;14.77
2109;29;45;38.481;18.32
2110;29;46;23.356;4.63
2111;29;46;26.679;21.98
2112;29;46;26.564;3.39
2113;29;47;8.778;17.2
2114;29;48;18.056;22.88
2115;29;49;22.496;3.53
2116;30;31;55.546;11.86
2117;30;31;54.057;0.58
2118;30;31;49.501;14.72
2119;30;32;44.213;19.72
2120;30;33;41.697;17.8
2121;30;33;34.194;21.03
2122;30;33;38.629;21.12
2123;30;34;17.719;3.45
2124;30;35;14.209;18.8
2125;30;36;81.758;23.71
2126;30;36;62.498;2.92
2127;30;36;75.014;15.08
2128;30;37;19.886;18.88
2129;30;38;9.092;16.26
2130;30;38;8.596;9.78
2131;30;38;10.484;15.68
2132;30;39;51.138;10.38
2133;30;39;59.795;15.22
2134;30;40;28.129;0.51
2135;30;40;28.199;10.54
2136;30;40;22.026;0.59
2137;30;41;24.216;6.71
2138;30;41;21.046;24.32
2139;30;41;21.464;7.49
2140;30;42;19.755;15.69
2141;30;42;19.698;17.0
2142;30;42;22.282;23.67
2143;30;43;17.511;13.15
2144;30;43;17.169;2.17
2145;30;43;18.982;7.05
2146;30;44;46.951;5.78
2147;30;44;42.163;2.31
2148;30;44;46.161;23.48
2149;30;45;48.843;18.32
2150;30;45;58.861;6.93
2151;30;45;57.714;17.77
2152;30;46;0.51;16.04
2153;30;47;17.353;7.12
2154;30;47;14.12;11.5
2155;30;47;17.932;6.69
2156;30;48;28.972;13.94
2157;30;48;34.644;3.13
2158;30;49;26.416;18.35
2159;31;32;72.802;5.12
2160;31;32;68.558;0.53
2161;31;32;75.752;21.8
2162;31;33;88.195;16.39
2163;31;34;39.809;6.87
2164;31;34;44.978;19.43
2165;31;35;44.744;17.15
2166;31;35;49.674;7.78
2167;31;36;48.572;18.62
2168;31;37;54.858;9.29
2169;31;38;48.598;24.47
2170;31;38;54.982;11.59
2171;31;38;55.235;7.55
2172;31;39;71.704;24.64
2173;31;40;38.565;2.61
2174;31;40;32.545;12.62
2175;31;41;36.181;12.4
2176;31;41;43.88;12.28
2177;31;42;41.339;15.29
2178;31;42;32.637;15.72
2179;31;43;52.136;17.5
2180;31;43;45.372;11.86
2181;31;43;60.821;5.7
2182;31;44;87.263;9.75
2183;31;45;7.003;4.96
2184;31;46;55.952;14.1
2185;31;46;57.65;14.71
2186;31;47;45.33;20.06
2187;31;47;44.406;21.7
2188;31;47;40.158;6.29
2189;31;48;51.076;1.21
2190;31;48;48.647;1.83
2191;31;48;56.859;6.99
2192;31;49;57.583;3.2
2193;31;49;53.387;21.36
2194;32;33;27.076;23.0
2195;32;33;31.484;13.5
2196;32;33;20.993;22.43
2197;32;34;54.329;3.36
2198;32;34;51.998;3.59
2199;32;35;38.502;6.7
2200;32;35;30.705;2.28
2201;32;36;114.568;23.22
2202;32;36;111.374;9.34
2203;32;37;25.585;16.75
2204;32;37;27.788;15.34
2205;32;37;24.461;13.57
2206;32;38;39.848;6.47
2207;32;39;95.326;15.58
2208;32;39;88.804;18.59
2209;32;40;35.297;17.34
2210;32;40;37.082;12.8
2211;32;41;40.228;6.43
2212;32;41;37.289;1.46
2213;32;41;47.249;4.92
2214;32;42;37.21;13.09
2215;32;43;28.971;12.87
2216;32;44;18.71;5.24
2217;32;44;19.946;0.86
2218;32;44;16.874;3.45
2219;32;45;68.826;7.07
2220;32;45;52.467;24.17
2221;32;45;80.067;5.5
2222;32;46;43.884;14.31
2223;32;47;34.699;10.22
2224;32;48;22.692;20.93
2225;32;49;19.222;15.43
2226;33;34;57.987;6.31
2227;33;34;65.91;3.25
2228;33;34;48.886;11.76
2229;33;35;45.011;19.46
2230;33;35;55.928;4.32
2231;33;35;35.166;0.16
2232;33;36;122.504;17.15
2233;33;37;33.346;7.76
2234;33;37;35.239;15.76
2235;33;38;43.076;24.05
2236;33;38;32.912;8.29
2237;33;38;40.115;22.6
2238;33;39;88.825;8.93
2239;33;39;98.05;5.74
2240;33;39;88.81;4.68
2241;33;40;50.094;24.52
2242;33;40;39.654;2.52
2243;33;40;40.037;6.47
2244;33;41;52.082;6.08
2245;33;41;44.562;7.3
2246;33;41;59.126;0.12
2247;33;42;47.138;12.9
2248;33;43;36.232;22.26
2249;33;44;11.417;3.2
2250;33;45;82.719;11.52
2251;33;45;65.311;3.21
2252;33;45;95.918;16.4
2253;33;46;41.2;12.98
2254;33;46;49.256;14.59
2255;33;46;39.677;22.34
2256;33;47;43.259;10.47
2257;33;48;38.857;17.95
2258;33;49;31.387;2.26
2259;33;49;31.073;7.75
2260;34;35;15.85;2.3
2261;34;36;64.575;23.22
2262;34;36;50.474;4.1
2263;34;37;28.942;19.49
2264;34;37;34.503;23.61
2265;34;38;15.322;8.43
2266;34;38;16.83;24.08
2267;34;38;16.271;3.79
2268;34;39;45.45;13.95
2269;34;40;25.527;0.55
2270;34;41;19.096;14.92
2271;34;41;22.777;7.11
2272;34;41;16.946;15.91
2273;34;42;18.593;24.32
2274;34;42;17.372;24.02
2275;34;42;20.488;10.9
2276;34;43;25.458;19.59
2277;34;43;21.618;17.83
2278;34;44;61.476;3.64
2279;34;44;69.841;5.87
2280;34;45;32.85;24.04
2281;34;45;39.015;12.08
2282;34;45;36.342;20.36
2283;34;46;18.213;13.1
2284;34;46;21.937;8.81
2285;34;46;18.74;16.81
2286;34;47;19.896;2.93
2287;34;47;16.598;1.3
2288;34;47;23.333;22.33
2289;34;48;33.609;11.02
2290;34;49;35.108;21.24
2291;34;49;27.801;21.78
2292;35;36;78.248;20.49
2293;35;36;75.296;2.81
2294;35;37;13.365;16.13
2295;35;37;12.757;15.84
2296;35;37;11.984;6.66
2297;35;38;5.126;3.09
2298;35;38;4.299;19.48
2299;35;38;3.919;18.08
2300;35;39;59.499;14.33
2301;35;39;72.267;9.62
2302;35;40;14.015;16.9
2303;35;41;10.255;15.06
2304;35;41;12.586;7.01
2305;35;42;5.552;1.8
2306;35;43;9.857;14.84
2307;35;43;10.029;12.25
2308;35;44;46.874;23.71
2309;35;45;38.597;1.05
2310;35;45;45.847;19.72
2311;35;46;14.368;5.0
2312;35;46;17.41;5.89
2313;35;46;13.101;10.82
2314;35;47;4.319;23.84
2315;35;47;5.37;5.09
2316;35;48;18.193;19.84
2317;35;49;19.29;14.89
2318;35;49;19.089;10.24
2319;35;49;15.347;10.68
2320;36;37;91.381;20.11
2321;36;37;69.043;12.1
2322;36;37;93.506;23.57
2323;36;38;79.476;1.94
2324;36;38;62.181;11.22
2325;36;38;83.548;13.58
2326;36;39;61.781;3.88
2327;36;39;66.304;7.63
2328;36;39;65.253;8.15
2329;36;40;79.5;18.35
2330;36;40;91.449;12.17
2331;36;41;74.351;12.26
2332;36;41;66.304;21.05
2333;36;41;62.423;12.96
2334;36;42;77.853;14.72
2335;36;42;89.667;7.43
2336;36;42;64.631;4.22
2337;36;43;87.948;7.55
2338;36;44;125.118;19.65
2339;36;45;48.774;4.5
2340;36;45;59.738;10.82
2341;36;46;82.268;18.37
2342;36;46;79.59;21.87
2343;36;46;84.956;7.31
2344;36;47;81.072;23.76
2345;36;47;89.107;0.52
2346;36;48;91.887;19.75
2347;36;49;96.367;18.25
2348;36;49;108.998;3.09
2349;36;49;101.837;22.82
2350;37;38;14.274;9.63
2351;37;39;70.322;7.33
2352;37;40;17.313;8.92
2353;37;40;19.336;6.71
2354;37;40;20.752;14.34
2355;37;41;18.747;7.69
2356;37;42;13.977;13.65
2357;37;42;12.173;23.26
2358;37;42;13.597;12.33
2359;37;43;3.511;17.66
2360;37;43;2.788;12.63
2361;37;44;33.83;6.81
2362;37;45;49.405;7.82
2363;37;46;19.676;20.41
2364;37;46;16.347;5.19
2365;37;47;10.358;23.06
2366;37;47;10.047;20.31
2367;37;48;10.342;11.71
2368;37;48;8.133;10.38
2369;37;49;6.651;20.22
2370;37;49;5.917;7.63
2371;37;49;7.998;16.01
2372;38;39;56.41;20.81
2373;38;39;57.25;16.53
2374;38;40;19.057;4.62
2375;38;40;19.359;16.1
2376;38;41;15.282;18.89
2377;38;42;10.664;17.09
2378;38;42;12.331;5.61
2379;38;43;11.015;13.52
2380;38;43;12.472;0.53
2381;38;44;46.158;13.09
2382;38;44;52.88;22.22
2383;38;45;42.199;24.36
2384;38;46;9.242;7.76
2385;38;46;8.954;6.15
2386;38;46;6.974;20.65
2387;38;47;8.507;15.64
2388;38;47;6.806;0.5
2389;38;47;9.966;23.6
2390;38;48;21.46;13.27
2391;38;49;20.827;22.03
2392;39;40;70.959;18.67
2393;39;40;84.113;13.38
2394;39;40;71.82;5.39
2395;39;41;64.545;23.89
2396;39;41;57.513;15.35
2397;39;41;58.973;7.99
2398;39;42;63.546;12.09
2399;39;42;55.754;14.7
2400;39;43;67.324;9.34
2401;39;43;69.634;4.29
2402;39;44;96.476;13.38
2403;39;44;106.675;20.96
2404;39;45;65.697;8.37
2405;39;45;80.448;7.25
2406;39;45;80.772;11.86
2407;39;46;51.487;9.33
2408;39;46;55.405;18.2
2409;39;47;63.818;6.91
2410;39;47;73.532;14.98
2411;39;47;63.341;4.3
2412;39;48;77.629;3.5
2413;39;49;76.973;20.53
2414;39;49;86.524;4.47
2415;40;41;6.555;9.47
2416;40;41;5.117;15.66
2417;40;42;8.515;8.59
2418;40;43;15.536;0.69
2419;40;44;48.704;16.71
2420;40;44;55.274;24.29
2421;40;45;33.86;9.22
2422;40;45;26.759;24.17
2423;40;46;28.245;10.7
2424;40;46;27.054;3.69
2425;40;46;24.501;21.88
2426;40;47;11.037;21.19
2427;40;47;11.027;2.5
2428;40;47;13.725;20.78
2429;40;48;12.744;10.33
2430;40;49;19.04;10.6
2431;40;49;23.663;10.14
2432;41;42;5.368;3.17
2433;41;43;15.957;23.0
2434;41;44;52.036;23.58
2435;41;44;43.272;0.95
2436;41;45;30.661;24.34
2437;41;46;24.429;6.92
2438;41;47;9.332;19.91
2439;41;47;11.251;11.63
2440;41;48;17.596;18.23
2441;41;48;17.005;21.77
2442;41;48;17.718;7.78
2443;41;49;22.391;18.18
2444;41;49;17.475;12.32
2445;41;49;27.309;23.55
2446;42;43;10.906;2.12
2447;42;44;47.699;1.95
2448;42;44;36.004;4.29
2449;42;44;56.996;14.64
2450;42;45;35.612;6.42
2451;42;45;30.587;7.93
2452;42;45;39.05;17.88
2453;42;46;19.904;0.43
2454;42;46;24.664;16.98
2455;42;47;4.002;21.16
2456;42;47;4.055;10.88
2457;42;47;4.53;24.24
2458;42;48;15.269;22.87
2459;42;48;16.054;11.54
2460;42;49;18.52;12.81
2461;42;49;22.823;12.4
2462;43;44;37.204;14.84
2463;43;44;28.049;3.88
2464;43;45;46.506;9.24
2465;43;46;17.368;2.16
2466;43;46;14.753;23.33
2467;43;46;21.551;12.63
2468;43;47;7.079;6.15
2469;43;48;11.562;8.2
2470;43;48;11.497;15.65
2471;43;49;9.829;22.48
2472;44;45;82.42;19.75
2473;44;45;89.028;18.51
2474;44;45;94.17;6.36
2475;44;46;46.494;12.95
2476;44;46;41.447;24.91
2477;44;46;52.851;13.46
2478;44;47;44.188;12.97
2479;44;48;36.293;5.18
2480;44;49;29.769;17.78
2481;44;49;22.331;9.04
2482;45;46;49.262;8.01
2483;45;47;39.554;9.91
2484;45;47;44.973;20.02
2485;45;47;38.278;12.41
2486;45;48;46.577;22.68
2487;45;48;53.715;11.4
2488;45;49;52.651;13.88
2489;45;49;43.807;22.9
2490;46;47;17.417;7.03
2491;46;47;15.756;0.56
2492;46;48;28.86;12.93
2493;46;48;34.996;24.35
2494;46;48;27.137;8.23
2495;46;49;26.179;3.01
2496;46;49;28.667;14.52
2497;47;48;13.893;1.27
2498;47;48;12.633;12.65
2499;47;48;15.624;17.62
2500;47;49;15.608;9.9
2501;47;49;13.481;11.62
2502;48;49;7.648;10.94
2503;48;49;8.607;13.55
