VERTEX_COUNT 50
PATH_COUNT 1
BUDGET 420
<------------ VERTICES ------------>
0;START;41.374834;2.170055;0.0;0.0
1;Basilica of the Sagrada Família;41.403568;2.174435;45.0;100.0
2;Museu Nacional d’Art de Catalunya;41.36882;2.153347;45.0;96.7
3;Galeria d’Art Mar Grup Escolà;41.392349;2.167836;45.0;80.74
4;Museu Picasso;41.385181;2.180863;45.0;78.02
5;Museu d’Història de Catalunya - MHC;41.380852;2.185799;45.0;76.89
6;Palau Güell;41.378864;2.174117;45.0;75.7
7;Lorena Ruiz de Villa;41.397858;2.146705;45.0;75.33
8;Imaginart Gallery;41.393822;2.164627;45.0;75.01
9;Barcelona;41.389034;2.16137;45.0;72.83
10;La Pedrera (Casa Milà);41.395271;2.161785;45.0;72.35
11;Anella Olímpica(Olympic Park);41.364778;2.152575;45.0;72.27
12;Atelier;41.407719;2.158233;45.0;71.7
13;Poble Espanyol;41.368679;2.147031;45.0;71.11
14;Parc de la Ciutadella;41.389248;2.186548;45.0;70.36
15;Antic Hospital de la Santa Creu;41.380573;2.170374;45.0;68.9
16;Museu Frederic Marès;41.384178;2.176819;45.0;68.89
17;Contrast;41.387928;2.161469;45.0;67.92
18;Basilica of Sants Just i Pastor;41.382812;2.178195;45.0;67.84
19;Passeig de Gràcia;41.390739;2.166672;45.0;67.84
20;Avinguda d’Icària;41.391556;2.197416;45.0;67.67
21;Montjuïc Castle;41.363823;2.167096;45.0;66.9
22;Despair;41.387653;2.188076;45.0;66.84
23;Piramidon Centre d’Art Contemporani;41.422626;2.209764;45.0;65.75
24;Galeria Mayoral;41.389542;2.163808;45.0;64.94
25;Carles Taché;41.389851;2.164213;45.0;64.72
26;Arts Santa Mònica;41.37722;2.176012;45.0;64.06
27;Museu Palmero;41.424667;2.139856;45.0;60.85
28;Plaça del Rei;41.384144;2.177409;45.0;60.55
29;Plaça de Catalunya;41.387005;2.17003;45.0;58.93
30;Monument to Doctor Robert;41.394924;2.175599;45.0;57.91
31;Casa Martí, Els Quatre Gats ;41.385775;2.173671;45.0;57.45
32;Museu d’Història de Barcelona;41.384144;2.177409;45.0;56.82
33;Park Güell;41.414249;2.151926;45.0;56.42
34;Casa Batlló;41.391758;2.164961;45.0;55.4
35;La Colmena;41.383835;2.178294;45.0;55.27
36;A. Cortina;41.391098;2.161385;45.0;55.23
37;Galeria Miquel Alzueta;41.397125;2.156751;45.0;55.22
38;Fundació Fran Daurel;41.369118;2.146695;45.0;55.1
39;Galeria Ferran Cano;41.375816;2.177766;45.0;55.04
40;Beaskoa;41.384792;2.181268;45.0;54.56
41;Basilica of Santa Maria del Mar;41.383518;2.1818;45.0;54.02
42;Rambla del Raval;41.378681;2.169317;45.0;53.31
43;Àngels Barcelona;41.382534;2.169249;45.0;53.23
44;Carmen Sallent;41.39637;2.153188;45.0;52.61
45;Royal Dockyards Museu Marítim ;41.375286;2.17598;45.0;52.26
46;90th Jean Bouin;41.373077;2.150465;45.0;52.0
47;Poblenou Cemetery;41.394859;2.201189;45.0;50.93
48;Artur Ramon Art;41.383682;2.17456;45.0;50.81
49;FINISH;41.374834;2.170055;0.0;0.0
<------------- EDGES -------------->
0;0;1;49.491;3.14
1;0;2;23.796;2.14
2;0;3;30.107;10.48
3;0;4;22.496;1.7
4;0;4;17.662;24.47
5;0;5;22.688;20.6
6;0;6;8.647;16.65
7;0;7;49.508;15.42
8;0;8;33.232;23.49
9;0;8;34.681;18.17
10;0;8;36.786;1.97
11;0;9;26.736;1.3
12;0;10;36.549;16.26
13;0;10;33.118;5.46
14;0;11;28.285;9.26
15;0;11;28.397;21.65
16;0;11;35.23;16.59
17;0;12;58.284;15.07
18;0;12;51.547;1.44
19;0;12;55.717;20.4
20;0;13;31.387;9.38
21;0;13;37.616;13.67
22;0;13;36.843;24.77
23;0;14;32.509;9.91
24;0;14;35.868;13.85
25;0;15;9.829;24.01
26;0;15;7.83;1.29
27;0;16;18.196;18.74
28;0;16;22.528;9.85
29;0;17;24.972;23.63
30;0;18;17.194;7.19
31;0;18;20.982;20.25
32;0;19;27.562;12.67
33;0;19;23.462;15.05
34;0;20;45.309;6.6
35;0;20;39.902;5.17
36;0;20;47.027;6.95
37;0;21;19.222;10.09
38;0;21;15.473;0.94
39;0;21;22.609;13.33
40;0;22;31.884;16.42
41;0;23;96.367;20.05
42;0;23;113.759;10.23
43;0;24;26.416;1.72
44;0;24;25.274;6.68
45;0;25;26.77;18.56
46;0;25;24.399;15.62
47;0;25;29.802;11.58
48;0;26;8.671;18.31
49;0;26;6.735;21.32
50;0;27;93.673;11.94
51;0;28;18.52;1.72
52;0;28;17.156;23.23
53;0;28;21.559;18.57
54;0;29;20.827;12.55
55;0;29;23.92;21.61
56;0;29;21.934;6.26
57;0;30;35.108;22.54
58;0;30;42.813;19.38
59;0;30;34.341;18.2
60;0;31;19.29;22.76
61;0;31;20.503;24.06
62;0;31;20.474;12.47
63;0;32;18.52;8.5
64;0;33;71.35;9.2
65;0;33;81.568;14.78
66;0;34;29.69;8.11
67;0;34;33.163;14.95
68;0;35;18.686;17.14
69;0;35;17.891;18.58
70;0;36;29.975;3.57
71;0;36;31.95;14.9
72;0;36;35.488;6.61
73;0;37;41.795;20.46
74;0;38;31.553;2.91
75;0;38;38.144;16.1
76;0;38;36.5;21.97
77;0;39;10.043;17.26
78;0;39;12.235;20.05
79;0;40;22.308;13.65
80;0;40;20.469;1.93
81;0;40;17.516;3.83
82;0;41;21.172;21.3
83;0;41;23.337;6.67
84;0;41;25.682;14.53
85;0;42;6.651;12.89
86;0;43;13.217;13.28
87;0;43;11.938;4.57
88;0;43;12.312;5.49
89;0;44;42.745;13.94
90;0;45;7.648;11.66
91;0;45;6.764;18.75
92;0;45;8.751;1.33
93;0;46;25.336;12.89
94;0;47;52.651;5.8
95;0;47;56.885;21.63
96;0;47;51.65;19.75
97;0;48;16.208;2.43
98;0;49;0.0;13.13
99;0;49;0.0;17.71
100;0;49;0.0;16.57
101;1;2;65.336;9.39
102;1;2;76.014;2.06
103;1;2;54.662;21.46
104;1;3;20.984;11.96
105;1;3;22.487;3.25
106;1;4;32.528;21.31
107;1;5;41.52;8.94
108;1;5;35.148;21.94
109;1;6;42.276;21.68
110;1;7;36.911;16.54
111;1;8;20.896;6.38
112;1;8;24.482;10.49
113;1;9;29.997;23.88
114;1;9;24.765;21.58
115;1;9;28.655;4.67
116;1;10;21.57;3.68
117;1;10;25.837;16.43
118;1;11;72.069;23.93
119;1;11;58.555;11.16
120;1;12;21.975;14.8
121;1;12;26.064;17.93
122;1;12;17.027;20.49
123;1;13;69.299;0.27
124;1;13;55.963;14.68
125;1;14;29.022;19.22
126;1;14;26.106;23.49
127;1;15;39.694;2.23
128;1;15;47.687;18.49
129;1;15;42.634;21.79
130;1;16;33.322;11.94
131;1;16;34.898;7.18
132;1;16;37.672;20.83
133;1;17;31.517;3.29
134;1;17;35.555;2.59
135;1;18;35.845;8.83
136;1;18;29.264;0.05
137;1;18;28.269;16.9
138;1;19;24.109;7.93
139;1;20;35.955;23.51
140;1;20;42.072;4.67
141;1;21;68.662;9.8
142;1;21;72.671;17.23
143;1;22;32.378;0.67
144;1;23;55.85;24.38
145;1;23;42.144;8.43
146;1;23;48.579;1.52
147;1;24;27.608;14.41
148;1;24;23.395;12.94
149;1;24;26.571;4.51
150;1;25;26.892;4.93
151;1;25;29.469;9.29
152;1;26;45.133;21.92
153;1;26;47.025;8.68
154;1;27;57.209;7.48
155;1;27;55.134;23.06
156;1;27;56.714;4.72
157;1;28;33.457;10.05
158;1;28;36.184;5.71
159;1;29;28.902;21.57
160;1;29;25.8;19.14
161;1;29;29.035;7.19
162;1;30;14.867;10.73
163;1;30;17.311;14.75
164;1;30;11.952;9.65
165;1;31;30.463;18.68
166;1;32;33.457;11.51
167;1;33;34.185;7.24
168;1;33;26.913;11.7
169;1;34;23.587;15.54
170;1;34;28.481;9.26
171;1;34;18.164;7.97
172;1;35;34.129;23.53
173;1;35;31.432;16.26
174;1;35;35.433;18.47
175;1;36;27.129;12.62
176;1;36;22.233;20.87
177;1;36;33.647;21.97
178;1;37;25.235;10.35
179;1;38;68.875;8.81
180;1;38;79.142;19.87
181;1;38;79.028;0.5
182;1;39;47.682;19.08
183;1;39;50.817;24.5
184;1;40;33.306;23.91
185;1;40;40.312;10.16
186;1;41;35.589;7.84
187;1;41;37.365;6.74
188;1;42;43.091;3.89
189;1;42;47.645;7.4
190;1;43;36.604;5.94
191;1;44;29.925;6.99
192;1;44;22.826;6.16
193;1;45;48.438;16.91
194;1;45;44.549;10.04
195;1;45;43.021;22.86
196;1;46;60.577;11.12
197;1;46;60.472;0.9
198;1;47;37.436;16.93
199;1;47;35.556;20.28
200;1;47;28.25;2.85
201;1;48;34.03;21.01
202;1;48;40.455;13.46
203;1;49;49.491;0.42
204;2;3;44.354;21.54
205;2;3;43.154;2.01
206;2;3;35.862;15.15
207;2;4;45.08;16.34
208;2;4;52.013;8.65
209;2;5;46.481;0.06
210;2;6;31.73;19.11
211;2;6;27.498;23.83
212;2;7;50.417;1.52
213;2;7;46.2;0.48
214;2;8;45.169;9.98
215;2;9;36.092;13.29
216;2;10;46.542;24.03
217;2;11;6.988;12.65
218;2;12;66.86;20.28
219;2;12;54.003;1.23
220;2;13;8.115;8.95
221;2;13;7.712;8.34
222;2;14;55.131;19.9
223;2;14;58.156;22.54
224;2;15;29.708;3.95
225;2;15;26.114;20.03
226;2;15;31.917;4.92
227;2;16;39.989;18.85
228;2;17;34.321;18.46
229;2;17;31.875;21.96
230;2;18;39.892;16.04
231;2;18;32.94;16.32
232;2;18;31.849;15.37
233;2;19;41.226;11.17
234;2;19;40.407;10.95
235;2;20;68.67;14.5
236;2;21;19.619;13.12
237;2;21;21.257;0.28
238;2;22;55.02;14.41
239;2;22;66.208;2.65
240;2;23;117.144;16.6
241;2;23;116.818;1.48
242;2;23;114.946;23.73
243;2;24;37.919;10.81
244;2;24;36.154;21.89
245;2;24;36.139;17.62
246;2;25;38.599;7.87
247;2;26;32.461;18.41
248;2;27;97.123;11.9
249;2;28;40.525;7.84
250;2;28;47.998;23.25
251;2;29;37.779;8.8
252;2;30;53.025;13.07
253;2;31;39.024;20.32
254;2;32;40.525;7.63
255;2;32;49.251;20.41
256;2;33;77.761;4.71
257;2;34;41.989;22.76
258;2;35;41.065;0.54
259;2;35;44.343;1.7
260;2;36;39.495;8.04
261;2;36;44.543;5.51
262;2;37;48.633;8.27
263;2;37;56.496;12.83
264;2;38;8.558;17.81
265;2;38;7.493;5.41
266;2;38;9.119;4.01
267;2;39;33.565;5.58
268;2;39;34.031;12.42
269;2;40;45.082;16.11
270;2;40;53.57;16.55
271;2;41;44.356;1.81
272;2;41;54.43;2.87
273;2;41;41.809;2.4
274;2;42;26.558;0.62
275;2;43;31.108;1.29
276;2;43;26.815;0.11
277;2;44;47.145;5.37
278;2;45;31.099;24.5
279;2;45;32.505;15.56
280;2;46;8.171;24.05
281;2;47;75.887;4.63
282;2;47;75.908;15.19
283;2;48;37.266;23.87
284;2;49;23.796;8.48
285;2;49;29.701;22.34
286;3;4;20.74;7.32
287;3;5;30.314;19.87
288;3;5;36.384;21.34
289;3;6;24.444;20.4
290;3;7;28.717;10.08
291;3;7;28.804;18.68
292;3;7;31.075;11.55
293;3;8;4.83;8.26
294;3;8;4.523;11.68
295;3;9;10.054;22.45
296;3;9;8.139;0.05
297;3;9;11.134;22.67
298;3;10;9.238;19.97
299;3;11;51.088;21.83
300;3;11;61.093;13.13
301;3;12;29.047;10.65
302;3;13;48.521;23.54
303;3;14;24.601;11.68
304;3;15;20.413;18.89
305;3;15;20.503;18.7
306;3;16;18.125;0.74
307;3;17;11.138;5.72
308;3;18;21.053;9.92
309;3;18;20.045;0.39
310;3;19;3.134;21.59
311;3;19;2.771;12.04
312;3;19;3.722;14.59
313;3;20;37.998;2.64
314;3;21;48.824;10.03
315;3;21;38.863;2.31
316;3;22;27.199;8.5
317;3;22;27.798;15.5
318;3;22;21.505;11.73
319;3;23;74.701;18.75
320;3;24;7.058;6.54
321;3;25;6.317;16.38
322;3;26;27.936;11.81
323;3;27;65.94;21.52
324;3;27;60.012;2.39
325;3;28;18.66;17.08
326;3;29;9.569;23.08
327;3;30;10.896;23.99
328;3;30;13.351;11.58
329;3;30;11.22;21.26
330;3;31;13.515;20.06
331;3;31;10.368;13.02
332;3;32;18.66;5.25
333;3;32;14.434;24.32
334;3;33;42.679;6.21
335;3;33;36.585;22.72
336;3;34;3.827;11.89
337;3;35;19.813;12.9
338;3;36;8.554;7.14
339;3;36;6.444;21.02
340;3;37;16.41;16.76
341;3;38;48.137;14.09
342;3;38;41.745;16.82
343;3;39;31.032;5.63
344;3;39;23.649;21.1
345;3;40;21.555;21.01
346;3;40;23.308;7.48
347;3;40;22.993;15.23
348;3;41;23.447;4.03
349;3;42;23.466;15.92
350;3;42;28.912;21.77
351;3;43;16.893;19.02
352;3;43;12.797;20.36
353;3;43;15.435;1.41
354;3;44;20.023;12.82
355;3;45;31.014;14.81
356;3;45;29.633;19.22
357;3;46;39.813;22.11
358;3;46;34.929;23.82
359;3;46;32.445;15.48
360;3;47;43.031;11.35
361;3;47;36.459;0.08
362;3;48;17.161;14.8
363;3;48;16.541;5.57
364;3;49;30.107;22.95
365;3;49;36.775;5.98
366;3;49;35.504;10.62
367;4;5;9.749;19.74
368;4;5;7.424;8.04
369;4;5;7.665;13.88
370;4;6;13.852;19.26
371;4;6;11.243;1.55
372;4;6;11.355;8.2
373;4;7;48.924;10.81
374;4;7;50.797;23.43
375;4;8;25.556;0.15
376;4;9;25.88;10.02
377;4;10;29.967;21.0
378;4;10;35.363;9.39
379;4;10;37.292;21.78
380;4;11;50.384;19.27
381;4;11;49.619;20.47
382;4;12;48.284;17.49
383;4;13;51.814;0.82
384;4;13;56.257;7.45
385;4;13;40.904;22.3
386;4;14;10.085;1.32
387;4;14;9.131;24.49
388;4;15;15.606;12.81
389;4;16;5.468;18.89
390;4;17;25.339;12.92
391;4;18;5.307;13.71
392;4;18;4.804;16.74
393;4;19;20.552;17.01
394;4;20;23.888;3.06
395;4;21;40.599;0.78
396;4;21;37.209;19.01
397;4;22;10.181;24.59
398;4;23;74.04;15.22
399;4;24;23.133;10.13
400;4;25;22.821;5.39
401;4;26;14.979;7.44
402;4;26;16.416;21.8
403;4;27;85.65;7.23
404;4;27;65.945;12.24
405;4;27;68.95;3.85
406;4;28;4.777;1.3
407;4;28;5.81;3.02
408;4;28;5.665;2.54
409;4;29;14.254;0.21
410;4;29;11.28;12.86
411;4;30;17.99;20.71
412;4;30;21.259;15.59
413;4;30;13.854;2.33
414;4;31;9.29;20.39
415;4;31;10.299;23.78
416;4;31;10.095;3.99
417;4;32;4.777;0.63
418;4;32;5.028;16.19
419;4;33;62.08;16.89
420;4;33;54.583;13.81
421;4;34;23.312;18.85
422;4;34;29.073;24.57
423;4;34;24.683;16.36
424;4;35;4.023;10.03
425;4;35;4.513;18.6
426;4;36;26.979;21.13
427;4;36;30.088;22.77
428;4;37;37.094;19.22
429;4;38;51.773;3.2
430;4;38;50.074;3.97
431;4;38;45.03;13.71
432;4;39;16.512;19.67
433;4;40;0.845;11.71
434;4;41;3.09;17.56
435;4;41;3.272;4.73
436;4;41;2.897;23.1
437;4;42;18.534;20.59
438;4;42;19.755;16.84
439;4;42;16.177;3.66
440;4;43;15.584;14.81
441;4;43;16.503;5.59
442;4;43;15.108;13.78
443;4;44;40.36;14.49
444;4;44;31.141;18.64
445;4;44;39.53;22.76
446;4;45;18.056;7.85
447;4;46;44.188;7.64
448;4;46;49.373;1.14
449;4;47;30.906;5.58
450;4;48;8.489;21.23
451;4;48;7.955;8.67
452;4;49;22.496;6.32
453;4;49;26.342;13.79
454;4;49;17.325;4.44
455;5;6;15.381;8.2
456;5;6;15.403;0.51
457;5;6;18.51;0.03
458;5;7;58.016;13.0
459;5;7;60.227;7.33
460;5;8;35.092;20.63
461;5;8;40.147;8.24
462;5;9;34.348;17.54
463;5;9;40.223;24.19
464;5;10;39.488;20.02
465;5;11;50.763;14.87
466;5;11;39.422;11.5
467;5;11;63.017;18.15
468;5;12;58.017;7.47
469;5;13;53.965;0.9
470;5;13;52.597;14.87
471;5;13;60.172;4.44
472;5;14;14.4;6.45
473;5;14;17.405;19.96
474;5;15;19.811;24.05
475;5;15;17.551;16.92
476;5;15;15.89;23.11
477;5;16;12.858;15.25
478;5;16;13.304;3.38
479;5;17;33.502;20.96
480;5;17;34.824;14.18
481;5;18;10.323;21.69
482;5;19;29.821;10.95
483;5;19;34.169;1.73
484;5;20;23.621;9.6
485;5;20;23.15;21.38
486;5;21;37.763;19.44
487;5;21;38.978;19.73
488;5;21;40.51;3.63
489;5;22;12.0;17.76
490;5;23;77.822;21.26
491;5;23;81.519;24.95
492;5;23;92.793;11.18
493;5;24;31.911;9.27
494;5;24;32.573;18.51
495;5;25;31.705;9.37
496;5;25;35.181;14.3
497;5;26;14.02;18.13
498;5;26;11.082;20.56
499;5;26;12.827;22.07
500;5;27;95.389;11.0
501;5;28;12.156;13.06
502;5;28;9.934;20.45
503;5;28;11.447;2.69
504;5;29;22.821;1.76
505;5;29;21.396;23.64
506;5;29;21.282;4.81
507;5;30;27.411;19.69
508;5;30;26.53;24.92
509;5;31;17.705;2.69
510;5;31;13.637;4.48
511;5;32;12.156;13.83
512;5;33;71.81;17.05
513;5;33;73.928;5.61
514;5;33;89.36;20.16
515;5;34;32.62;5.85
516;5;34;29.141;3.64
517;5;35;10.905;11.57
518;5;35;13.096;5.19
519;5;35;13.273;17.7
520;5;36;35.915;3.48
521;5;36;26.959;1.17
522;5;37;46.542;4.18
523;5;38;54.08;15.55
524;5;38;45.591;24.72
525;5;39;13.441;16.55
526;5;39;12.9;19.79
527;5;40;8.905;1.3
528;5;41;6.869;23.74
529;5;41;5.753;14.35
530;5;42;21.487;7.46
531;5;42;20.021;2.41
532;5;42;25.985;16.61
533;5;43;21.444;16.51
534;5;44;49.578;23.41
535;5;45;15.801;4.69
536;5;46;47.282;13.1
537;5;46;56.374;18.95
538;5;47;31.063;5.85
539;5;47;31.4;4.04
540;5;48;15.221;22.7
541;5;48;14.427;5.15
542;5;49;22.688;8.36
543;5;49;18.705;17.45
544;6;7;47.906;3.77
545;6;8;28.348;16.19
546;6;8;21.448;12.6
547;6;9;23.89;4.03
548;6;9;23.89;20.61
549;6;9;29.414;8.54
550;6;10;32.233;22.76
551;6;10;28.28;15.8
552;6;10;40.179;9.45
553;6;11;36.692;0.65
554;6;12;53.422;16.21
555;6;13;38.904;7.55
556;6;14;23.885;15.05
557;6;14;25.572;7.04
558;6;14;27.341;7.4
559;6;15;5.626;20.91
560;6;16;9.733;22.88
561;6;16;11.806;10.58
562;6;16;8.988;11.56
563;6;17;22.456;18.47
564;6;17;18.18;4.84
565;6;18;8.547;7.71
566;6;18;8.629;7.31
567;6;19;22.457;14.53
568;6;20;36.967;2.52
569;6;20;27.778;16.54
570;6;20;41.265;9.06
571;6;21;27.272;23.82
572;6;22;23.397;10.79
573;6;22;24.44;7.32
574;6;23;87.759;16.24
575;6;23;83.352;8.09
576;6;23;104.832;9.53
577;6;24;22.563;15.76
578;6;25;22.698;0.6
579;6;26;3.72;14.83
580;6;26;3.938;24.86
581;6;27;89.874;17.78
582;6;28;9.975;21.38
583;6;28;9.763;23.19
584;6;29;14.887;23.71
585;6;29;18.238;16.29
586;6;30;27.548;6.84
587;6;30;26.511;6.3
588;6;31;11.84;19.6
589;6;31;14.587;24.79
590;6;32;9.975;24.14
591;6;32;12.325;4.03
592;6;32;11.143;19.15
593;6;33;66.918;10.7
594;6;34;25.001;16.52
595;6;34;28.588;18.0
596;6;35;10.056;6.74
597;6;35;8.797;12.96
598;6;35;8.965;5.85
599;6;36;26.561;1.85
600;6;36;31.794;14.36
601;6;37;38.387;1.56
602;6;38;38.963;10.18
603;6;39;7.011;22.52
604;6;39;5.917;16.16
605;6;40;13.682;11.74
606;6;41;12.678;1.19
607;6;41;11.261;9.45
608;6;41;10.041;6.96
609;6;42;6.171;16.77
610;6;42;6.788;3.4
611;6;43;8.861;0.37
612;6;43;9.303;0.45
613;6;43;10.577;20.01
614;6;44;40.242;11.12
615;6;44;42.949;15.13
616;6;44;34.76;20.04
617;6;45;6.574;9.81
618;6;45;5.883;2.22
619;6;46;31.945;11.64
620;6;46;26.52;6.73
621;6;47;44.241;2.14
622;6;48;8.264;8.43
623;6;48;8.125;12.06
624;6;48;7.292;7.81
625;6;49;8.647;0.42
626;6;49;9.871;23.62
627;6;49;7.669;12.22
628;7;8;24.021;17.63
629;7;8;28.34;11.47
630;7;9;24.134;12.71
631;7;10;19.858;10.59
632;7;10;19.943;10.96
633;7;10;20.543;11.06
634;7;11;57.108;20.99
635;7;11;53.579;15.77
636;7;12;22.443;6.15
637;7;12;21.754;15.11
638;7;13;49.934;22.51
639;7;14;53.228;20.3
640;7;15;42.406;16.11
641;7;15;52.331;19.19
642;7;16;45.195;14.96
643;7;16;50.11;4.09
644;7;16;38.672;21.21
645;7;17;25.455;24.0
646;7;17;23.624;22.44
647;7;18;47.93;0.29
648;7;18;39.459;9.41
649;7;18;43.007;7.15
650;7;19;28.38;9.01
651;7;19;22.554;10.84
652;7;20;65.986;1.51
653;7;20;73.202;24.36
654;7;21;63.856;24.98
655;7;22;55.908;1.12
656;7;22;43.464;23.2
657;7;22;50.148;16.25
658;7;23;91.357;10.32
659;7;23;90.957;13.53
660;7;23;81.174;11.04
661;7;24;26.164;9.2
662;7;24;23.717;23.99
663;7;25;26.323;24.64
664;7;26;51.604;20.8
665;7;26;54.376;8.54
666;7;26;62.526;18.73
667;7;27;46.711;5.31
668;7;28;45.875;1.56
669;7;28;46.664;1.05
670;7;28;51.374;1.46
671;7;29;35.236;22.36
672;7;29;43.307;0.15
673;7;29;40.497;21.96
674;7;30;37.429;13.18
675;7;30;43.648;20.21
676;7;31;40.323;14.7
677;7;31;38.112;17.69
678;7;32;45.875;24.99
679;7;33;28.838;4.41
680;7;33;28.624;12.36
681;7;34;25.655;6.43
682;7;34;23.519;2.41
683;7;35;47.122;23.08
684;7;36;22.112;19.61
685;7;37;12.957;20.25
686;7;37;14.427;20.52
687;7;37;12.417;19.38
688;7;38;49.181;13.8
689;7;38;55.188;2.54
690;7;39;54.891;10.79
691;7;39;60.056;9.8
692;7;40;49.686;0.6
693;7;40;39.827;22.86
694;7;40;54.761;9.84
695;7;41;51.304;7.25
696;7;41;63.473;15.74
697;7;42;43.814;7.84
698;7;42;40.563;15.38
699;7;43;39.055;23.82
700;7;44;8.703;0.37
701;7;44;7.829;10.17
702;7;45;53.895;22.87
703;7;45;65.734;3.66
704;7;46;42.68;21.41
705;7;46;42.532;19.19
706;7;46;51.1;16.13
707;7;47;70.128;16.62
708;7;47;54.321;24.55
709;7;48;43.212;17.43
710;7;49;49.508;13.26
711;7;49;52.609;19.88
712;8;9;9.199;24.96
713;8;10;4.411;1.39
714;8;10;4.74;11.46
715;8;11;52.055;8.24
716;8;12;25.157;10.02
717;8;12;29.734;15.98
718;8;13;48.597;9.93
719;8;13;38.641;22.2
720;8;13;41.739;22.75
721;8;14;29.21;1.29
722;8;14;28.425;16.96
723;8;15;23.842;7.56
724;8;16;22.745;20.21
725;8;17;10.87;9.91
726;8;17;11.143;4.65
727;8;18;25.659;2.27
728;8;18;28.654;14.69
729;8;18;20.888;23.5
730;8;19;5.893;10.93
731;8;19;6.664;16.92
732;8;20;42.271;3.43
733;8;21;51.433;7.36
734;8;21;59.534;12.75
735;8;21;58.775;2.36
736;8;22;31.901;23.27
737;8;23;76.063;3.33
738;8;24;7.399;1.52
739;8;24;7.338;8.94
740;8;25;6.816;9.79
741;8;25;7.974;12.15
742;8;25;6.677;4.91
743;8;26;31.95;18.92
744;8;26;26.121;22.01
745;8;26;30.456;3.67
746;8;27;61.618;4.33
747;8;27;69.936;24.87
748;8;27;54.174;19.91
749;8;28;23.314;9.31
750;8;29;13.572;14.64
751;8;30;14.211;2.06
752;8;30;15.429;22.79
753;8;31;18.012;4.69
754;8;31;22.141;0.47
755;8;31;15.567;6.07
756;8;32;23.314;19.65
757;8;32;19.513;9.84
758;8;32;20.102;3.22
759;8;33;38.57;14.65
760;8;33;37.137;3.13
761;8;34;3.558;20.88
762;8;34;4.357;16.69
763;8;34;4.285;4.45
764;8;35;24.494;9.57
765;8;35;24.012;15.06
766;8;36;6.249;12.33
767;8;36;5.632;24.22
768;8;36;5.463;1.21
769;8;37;11.583;3.11
770;8;37;13.559;8.32
771;8;37;14.282;13.22
772;8;38;48.138;1.78
773;8;39;35.128;5.61
774;8;39;33.873;19.72
775;8;40;26.367;9.65
776;8;40;21.09;0.98
777;8;40;23.645;23.49
778;8;41;28.231;2.02
779;8;42;26.6;0.44
780;8;42;30.171;1.06
781;8;43;20.207;1.57
782;8;44;15.318;11.44
783;8;44;13.819;20.67
784;8;44;11.842;10.48
785;8;45;34.908;22.62
786;8;45;39.13;22.18
787;8;45;42.036;2.29
788;8;46;39.886;16.1
789;8;47;46.969;12.82
790;8;48;21.534;8.68
791;8;48;25.577;13.4
792;8;49;33.232;19.3
793;9;10;10.686;18.37
794;9;10;10.375;14.26
795;9;11;43.017;22.8
796;9;11;40.623;11.0
797;9;12;32.227;1.84
798;9;12;37.898;1.28
799;9;12;36.669;10.27
800;9;13;39.399;15.98
801;9;13;43.48;21.02
802;9;14;32.326;21.92
803;9;14;29.987;11.59
804;9;14;40.124;0.61
805;9;15;18.528;3.73
806;9;15;14.634;16.56
807;9;16;21.505;15.91
808;9;16;19.017;10.92
809;9;16;19.967;10.68
810;9;17;1.897;2.17
811;9;17;1.812;2.94
812;9;17;2.214;1.09
813;9;18;24.083;13.65
814;9;18;24.303;3.04
815;9;18;27.202;18.59
816;9;19;7.406;18.27
817;9;20;46.477;8.36
818;9;21;43.764;12.9
819;9;21;45.541;5.74
820;9;22;34.368;18.06
821;9;22;36.66;3.55
822;9;22;28.599;10.15
823;9;23;84.631;20.32
824;9;23;93.955;0.74
825;9;23;83.978;5.44
826;9;24;3.248;3.92
827;9;24;2.867;11.19
828;9;24;3.087;8.07
829;9;25;3.909;20.43
830;9;25;4.734;18.9
831;9;25;4.853;2.48
832;9;26;27.607;15.66
833;9;26;24.357;9.0
834;9;26;30.783;21.16
835;9;27;66.937;21.65
836;9;27;82.524;8.17
837;9;28;22.227;13.51
838;9;29;11.648;0.9
839;9;29;13.106;2.94
840;9;29;9.581;21.41
841;9;30;20.863;20.44
842;9;30;16.405;23.14
843;9;30;17.88;4.67
844;9;31;16.748;17.56
845;9;31;17.56;12.29
846;9;31;18.971;3.29
847;9;32;22.227;21.82
848;9;32;21.327;9.7
849;9;33;44.819;19.14
850;9;33;40.068;13.81
851;9;34;6.556;8.45
852;9;34;6.719;15.15
853;9;34;6.351;23.51
854;9;35;23.479;2.37
855;9;36;3.532;20.64
856;9;36;2.91;6.7
857;9;37;15.062;8.58
858;9;37;17.9;7.06
859;9;38;38.943;19.94
860;9;38;38.414;20.46
861;9;38;35.011;9.22
862;9;39;30.9;14.68
863;9;39;24.275;9.45
864;9;39;25.458;23.38
865;9;40;26.558;10.24
866;9;40;27.673;3.42
867;9;40;23.934;8.97
868;9;41;27.876;15.22
869;9;42;20.445;17.36
870;9;43;15.035;16.34
871;9;44;16.368;21.64
872;9;45;30.089;14.13
873;9;45;24.97;15.24
874;9;45;22.581;5.9
875;9;46;30.687;6.38
876;9;46;33.382;2.55
877;9;46;27.947;4.62
878;9;47;52.081;1.84
879;9;48;19.252;21.33
880;9;49;26.736;20.69
881;10;11;53.504;21.28
882;10;11;40.762;18.92
883;10;11;63.45;22.46
884;10;12;21.784;1.1
885;10;12;24.567;11.46
886;10;12;19.313;23.7
887;10;13;49.291;21.75
888;10;13;53.971;4.55
889;10;14;33.419;13.08
890;10;14;27.448;2.72
891;10;14;27.05;15.37
892;10;15;27.463;4.51
893;10;16;27.071;16.24
894;10;16;27.041;18.45
895;10;17;12.572;5.97
896;10;17;12.695;20.55
897;10;18;29.973;15.53
898;10;19;9.975;10.4
899;10;20;46.181;23.84
900;10;21;54.245;6.47
901;10;21;43.572;7.59
902;10;21;44.155;14.64
903;10;22;36.182;11.62
904;10;22;33.832;18.25
905;10;22;38.452;17.48
906;10;23;77.35;2.9
907;10;23;72.791;20.86
908;10;23;86.888;14.86
909;10;24;10.142;2.18
910;10;24;10.288;7.64
911;10;25;9.785;17.64
912;10;25;11.441;18.53
913;10;26;35.886;7.81
914;10;26;31.239;6.67
915;10;26;34.656;7.32
916;10;27;57.641;5.94
917;10;27;59.126;12.85
918;10;27;55.605;15.75
919;10;28;27.657;4.58
920;10;28;22.364;0.59
921;10;28;30.983;8.87
922;10;29;17.667;6.65
923;10;30;17.743;5.74
924;10;30;14.1;18.53
925;10;31;22.291;13.42
926;10;32;27.657;10.17
927;10;32;20.914;24.1
928;10;33;34.854;19.72
929;10;33;34.707;22.35
930;10;33;37.991;15.08
931;10;34;7.264;2.12
932;10;35;28.847;10.67
933;10;36;7.159;8.28
934;10;37;7.199;6.29
935;10;37;6.042;22.75
936;10;37;7.568;14.71
937;10;38;48.768;2.03
938;10;39;39.107;14.09
939;10;40;30.776;20.89
940;10;40;37.383;22.04
941;10;41;32.631;19.03
942;10;41;39.632;19.19
943;10;42;29.991;8.72
944;10;43;23.809;3.34
945;10;43;22.225;4.76
946;10;44;11.195;19.97
947;10;44;13.618;14.02
948;10;44;9.428;15.41
949;10;45;38.752;20.67
950;10;46;40.666;7.51
951;10;46;47.602;3.59
952;10;47;50.588;12.19
953;10;48;25.735;11.17
954;10;49;36.549;6.47
955;10;49;33.239;16.26
956;10;49;42.866;19.39
957;11;12;73.841;21.05
958;11;12;73.35;3.7
959;11;13;9.76;15.92
960;11;13;10.158;4.49
961;11;14;60.469;13.68
962;11;14;55.227;6.59
963;11;14;58.999;22.63
964;11;15;35.398;20.94
965;11;16;45.512;8.82
966;11;17;41.229;22.45
967;11;18;45.108;3.58
968;11;18;54.494;14.4
969;11;19;47.972;20.92
970;11;19;55.078;14.38
971;11;19;37.749;19.91
972;11;20;73.587;13.3
973;11;20;78.439;14.1
974;11;20;82.751;13.3
975;11;21;18.721;23.73
976;11;21;22.263;22.71
977;11;22;60.087;22.86
978;11;22;58.241;2.82
979;11;23;123.244;15.09
980;11;23;131.206;11.91
981;11;23;111.541;6.39
982;11;24;44.765;7.78
983;11;25;45.434;8.4
984;11;26;36.867;0.35
985;11;27;103.777;19.35
986;11;27;106.577;8.88
987;11;28;45.992;17.29
988;11;29;44.149;10.5
989;11;30;59.458;1.87
990;11;30;50.529;2.47
991;11;31;44.999;20.51
992;11;31;37.458;20.4
993;11;31;49.524;18.73
994;11;32;45.992;7.4
995;11;32;46.71;20.86
996;11;33;84.661;0.52
997;11;34;48.832;14.08
998;11;34;58.875;2.3
999;11;34;52.895;24.89
1000;11;35;46.414;12.77
1001;11;35;47.999;18.68
1002;11;36;46.439;20.07
1003;11;36;53.576;19.06
1004;11;36;36.295;13.91
1005;11;37;55.613;19.71
1006;11;37;55.271;1.33
1007;11;38;10.592;15.08
1008;11;38;8.712;23.42
1009;11;39;37.461;22.41
1010;11;40;50.305;18.5
1011;11;40;38.562;8.57
1012;11;41;49.364;18.04
1013;11;42;32.067;2.17
1014;11;42;24.985;3.61
1015;11;42;34.78;13.56
1016;11;43;37.171;19.64
1017;11;43;44.567;21.32
1018;11;44;54.067;10.32
1019;11;45;35.025;14.18
1020;11;45;31.929;15.57
1021;11;46;14.458;14.84
1022;11;46;10.87;0.16
1023;11;47;80.908;0.26
1024;11;47;74.429;21.67
1025;11;47;96.715;4.86
1026;11;48;42.936;11.41
1027;11;48;51.574;22.47
1028;11;49;28.285;20.93
1029;11;49;32.23;20.25
1030;12;13;68.337;12.64
1031;12;14;48.168;18.97
1032;12;14;49.05;8.45
1033;12;14;56.077;19.48
1034;12;15;48.998;24.62
1035;12;16;46.819;17.05
1036;12;16;50.766;1.53
1037;12;16;52.158;2.03
1038;12;17;34.121;6.57
1039;12;17;28.977;25.0
1040;12;17;27.363;13.36
1041;12;18;49.732;0.23
1042;12;18;43.058;3.29
1043;12;19;31.01;6.63
1044;12;19;28.129;16.89
1045;12;19;32.863;7.06
1046;12;20;57.399;16.26
1047;12;20;69.2;15.02
1048;12;20;64.947;11.73
1049;12;21;75.973;7.11
1050;12;22;51.445;6.95
1051;12;23;70.88;4.3
1052;12;23;61.184;18.89
1053;12;24;31.918;7.35
1054;12;24;30.783;24.32
1055;12;25;31.525;1.95
1056;12;26;56.963;16.0
1057;12;26;56.03;18.05
1058;12;26;69.979;14.86
1059;12;27;37.38;24.9
1060;12;27;29.223;6.58
1061;12;28;47.259;14.1
1062;12;28;42.773;0.13
1063;12;28;43.318;7.32
1064;12;29;38.546;11.4
1065;12;29;35.717;2.36
1066;12;30;31.245;19.45
1067;12;30;38.095;23.69
1068;12;30;24.662;15.09
1069;12;31;42.459;11.06
1070;12;32;47.259;9.07
1071;12;32;43.817;0.41
1072;12;33;13.798;0.62
1073;12;33;11.695;6.66
1074;12;34;28.646;17.16
1075;12;34;22.749;11.87
1076;12;34;23.503;23.66
1077;12;35;48.307;15.28
1078;12;36;28.729;3.17
1079;12;37;18.228;22.62
1080;12;38;67.696;20.64
1081;12;38;78.46;3.88
1082;12;38;65.293;1.4
1083;12;39;60.077;1.55
1084;12;39;51.468;3.77
1085;12;39;66.521;16.46
1086;12;40;49.129;11.82
1087;12;41;51.287;7.6
1088;12;41;63.322;14.34
1089;12;42;51.688;5.41
1090;12;42;48.912;3.17
1091;12;42;48.812;1.51
1092;12;43;45.358;2.03
1093;12;43;54.861;18.23
1094;12;44;20.472;12.03
1095;12;44;17.196;10.97
1096;12;45;59.995;13.71
1097;12;45;65.895;7.99
1098;12;46;60.114;10.77
1099;12;47;59.367;8.42
1100;12;48;46.165;9.38
1101;12;49;58.284;11.99
1102;13;14;61.754;5.93
1103;13;14;54.185;3.09
1104;13;14;66.206;4.15
1105;13;15;36.232;10.48
1106;13;16;46.546;22.41
1107;13;16;46.393;24.11
1108;13;16;57.436;14.19
1109;13;17;37.798;7.96
1110;13;17;35.978;20.26
1111;13;18;46.758;21.75
1112;13;18;51.922;8.36
1113;13;18;45.698;11.65
1114;13;19;45.399;19.6
1115;13;19;40.056;0.78
1116;13;19;44.794;12.05
1117;13;20;75.617;1.65
1118;13;20;69.086;15.08
1119;13;20;83.851;2.07
1120;13;21;27.076;19.02
1121;13;22;61.902;15.67
1122;13;22;56.328;5.68
1123;13;23;122.504;22.36
1124;13;24;41.697;13.72
1125;13;24;39.359;17.59
1126;13;24;45.221;17.18
1127;13;25;42.419;14.39
1128;13;25;41.704;21.76
1129;13;26;39.983;8.39
1130;13;27;96.25;8.88
1131;13;27;89.76;12.0
1132;13;27;83.072;9.96
1133;13;28;47.138;8.93
1134;13;28;48.286;19.53
1135;13;29;43.076;16.7
1136;13;29;40.218;5.79
1137;13;30;57.987;18.16
1138;13;30;60.45;14.14
1139;13;30;63.657;14.45
1140;13;31;45.011;13.13
1141;13;32;47.138;9.01
1142;13;32;54.04;11.23
1143;13;32;41.654;10.67
1144;13;33;78.233;10.69
1145;13;34;45.714;2.5
1146;13;34;52.281;9.17
1147;13;34;44.96;16.66
1148;13;35;47.793;22.77
1149;13;35;56.328;20.7
1150;13;35;52.073;2.0
1151;13;36;42.562;4.01
1152;13;36;38.692;22.21
1153;13;37;50.252;7.22
1154;13;37;49.653;1.7
1155;13;37;49.463;15.95
1156;13;38;0.866;7.23
1157;13;38;0.84;3.58
1158;13;39;41.315;8.67
1159;13;39;34.707;18.85
1160;13;40;51.894;13.68
1161;13;40;61.489;18.76
1162;13;40;54.654;22.76
1163;13;41;51.362;9.07
1164;13;42;33.346;5.92
1165;13;42;31.507;4.28
1166;13;42;33.972;9.21
1167;13;43;37.096;15.88
1168;13;43;40.159;13.5
1169;13;43;40.837;21.03
1170;13;44;48.041;21.35
1171;13;44;54.747;10.73
1172;13;45;38.857;11.78
1173;13;45;30.507;12.93
1174;13;46;8.722;24.61
1175;13;46;7.14;24.83
1176;13;46;9.119;7.06
1177;13;47;82.719;6.4
1178;13;48;43.689;1.55
1179;13;48;37.474;14.15
1180;13;48;34.599;5.63
1181;13;49;31.387;4.48
1182;13;49;35.956;21.65
1183;13;49;28.558;6.43
1184;14;15;25.526;12.88
1185;14;15;20.119;5.49
1186;14;15;20.643;10.11
1187;14;16;15.208;13.58
1188;14;17;32.276;24.27
1189;14;17;28.607;24.79
1190;14;18;15.372;5.47
1191;14;18;12.666;10.37
1192;14;19;25.644;19.11
1193;14;19;20.33;15.2
1194;14;20;14.501;16.34
1195;14;20;15.232;14.63
1196;14;20;10.903;2.06
1197;14;21;50.168;10.57
1198;14;22;3.361;20.97
1199;14;22;2.633;11.26
1200;14;23;64.423;10.36
1201;14;23;56.661;1.26
1202;14;23;58.293;9.08
1203;14;24;29.198;9.57
1204;14;25;28.693;22.24
1205;14;25;34.946;19.0
1206;14;25;32.293;6.73
1207;14;26;24.63;15.63
1208;14;26;24.55;3.12
1209;14;27;85.235;24.58
1210;14;27;82.797;18.19
1211;14;27;92.31;10.43
1212;14;28;14.627;9.86
1213;14;28;16.716;14.08
1214;14;29;21.551;11.2
1215;14;29;26.603;21.47
1216;14;30;17.085;5.05
1217;14;30;15.678;6.44
1218;14;30;20.652;6.25
1219;14;31;17.568;8.56
1220;14;31;19.279;5.24
1221;14;31;13.614;14.14
1222;14;32;14.627;17.97
1223;14;32;13.595;12.42
1224;14;33;61.687;0.66
1225;14;33;59.361;0.24
1226;14;33;63.414;3.29
1227;14;34;28.044;20.53
1228;14;34;21.91;6.71
1229;14;34;26.104;3.79
1230;14;35;14.075;18.12
1231;14;36;32.459;12.56
1232;14;37;40.557;11.6
1233;14;38;61.686;5.69
1234;14;39;25.602;2.69
1235;14;40;10.203;23.18
1236;14;40;9.99;5.09
1237;14;41;11.546;18.72
1238;14;42;28.573;13.04
1239;14;43;25.006;3.58
1240;14;43;26.595;5.82
1241;14;43;27.079;6.29
1242;14;44;44.526;8.95
1243;14;44;37.737;5.55
1244;14;45;27.476;14.61
1245;14;45;32.147;23.77
1246;14;46;53.966;3.54
1247;14;47;21.106;5.85
1248;14;47;26.203;18.99
1249;14;48;18.1;23.57
1250;14;48;21.64;20.41
1251;14;48;19.789;0.03
1252;14;49;32.509;18.97
1253;14;49;27.144;14.19
1254;15;16;10.322;21.43
1255;15;16;8.241;22.76
1256;15;16;11.519;1.25
1257;15;17;17.004;11.32
1258;15;17;16.638;12.66
1259;15;17;17.08;0.49
1260;15;18;10.748;17.19
1261;15;18;11.162;19.79
1262;15;19;18.034;10.67
1263;15;19;22.351;12.14
1264;15;19;22.062;13.58
1265;15;20;39.479;1.45
1266;15;20;39.015;7.31
1267;15;20;30.596;12.01
1268;15;21;28.971;18.87
1269;15;21;24.452;12.22
1270;15;21;27.68;7.85
1271;15;22;25.756;12.1
1272;15;22;24.265;22.02
1273;15;22;22.233;18.55
1274;15;23;87.948;18.74
1275;15;23;84.267;18.19
1276;15;24;17.511;7.88
1277;15;25;17.738;17.54
1278;15;25;20.565;20.53
1279;15;26;9.237;12.03
1280;15;27;85.017;8.63
1281;15;28;10.906;17.6
1282;15;28;10.182;13.77
1283;15;29;11.015;11.11
1284;15;30;25.458;4.65
1285;15;30;21.226;18.7
1286;15;31;9.857;10.72
1287;15;31;11.421;10.47
1288;15;31;7.821;11.18
1289;15;32;10.906;2.48
1290;15;32;11.327;20.99
1291;15;33;62.303;1.43
1292;15;34;20.363;2.03
1293;15;34;18.047;9.76
1294;15;34;20.748;0.53
1295;15;35;11.6;22.16
1296;15;35;10.473;6.84
1297;15;35;10.7;18.17
1298;15;36;21.391;0.29
1299;15;36;22.863;24.67
1300;15;36;20.977;6.36
1301;15;37;33.289;8.03
1302;15;37;27.163;5.07
1303;15;37;27.859;5.76
1304;15;38;36.177;18.43
1305;15;38;40.668;12.06
1306;15;39;12.504;12.03
1307;15;40;15.741;14.36
1308;15;40;16.986;9.86
1309;15;40;11.846;6.57
1310;15;41;15.512;19.66
1311;15;41;15.27;15.67
1312;15;41;13.863;9.45
1313;15;42;3.511;22.09
1314;15;43;3.653;22.25
1315;15;44;34.894;1.35
1316;15;45;11.562;18.99
1317;15;45;9.68;7.41
1318;15;45;9.83;18.59
1319;15;46;28.603;9.94
1320;15;46;32.544;17.86
1321;15;47;46.506;10.44
1322;15;47;55.768;20.0
1323;15;47;53.137;6.33
1324;15;48;7.563;23.87
1325;15;48;8.618;18.78
1326;15;49;9.829;14.09
1327;15;49;10.013;3.82
1328;15;49;8.782;22.98
1329;16;17;20.726;22.34
1330;16;17;25.178;17.07
1331;16;17;18.632;3.67
1332;16;18;2.93;21.43
1333;16;18;2.212;16.26
1334;16;18;2.284;3.4
1335;16;19;17.198;24.77
1336;16;19;14.97;14.3
1337;16;19;14.42;19.53
1338;16;20;29.303;4.96
1339;16;20;34.641;15.44
1340;16;21;37.002;16.16
1341;16;21;40.403;21.53
1342;16;22;15.628;7.28
1343;16;22;14.02;20.33
1344;16;23;78.211;12.72
1345;16;24;19.06;17.5
1346;16;24;18.922;0.01
1347;16;25;18.873;1.69
1348;16;26;11.952;2.05
1349;16;26;11.171;14.79
1350;16;26;13.769;24.42
1351;16;27;83.972;1.37
1352;16;27;78.046;21.87
1353;16;28;0.76;22.01
1354;16;28;0.71;21.56
1355;16;29;9.969;16.43
1356;16;29;11.08;15.68
1357;16;30;18.455;24.97
1358;16;30;19.034;18.89
1359;16;31;4.879;13.67
1360;16;31;5.975;13.85
1361;16;32;0.76;4.49
1362;16;33;60.572;17.2
1363;16;33;45.959;5.46
1364;16;34;20.0;4.88
1365;16;34;18.978;21.91
1366;16;34;18.84;18.76
1367;16;35;1.983;1.78
1368;16;36;23.084;12.46
1369;16;37;33.979;11.14
1370;16;37;41.49;24.46
1371;16;37;30.186;9.02
1372;16;38;46.48;20.67
1373;16;38;38.417;10.19
1374;16;39;14.361;7.15
1375;16;39;17.308;20.22
1376;16;39;16.172;15.15
1377;16;40;5.808;2.91
1378;16;40;4.635;5.11
1379;16;40;4.877;5.99
1380;16;41;6.494;4.47
1381;16;42;13.464;13.28
1382;16;42;13.013;1.33
1383;16;43;10.118;11.17
1384;16;44;36.819;4.97
1385;16;44;38.638;14.13
1386;16;45;15.254;23.05
1387;16;46;38.807;13.71
1388;16;47;36.234;15.21
1389;16;47;30.73;22.13
1390;16;48;3.022;24.59
1391;16;49;18.196;0.45
1392;16;49;20.121;12.66
1393;16;49;21.798;24.09
1394;17;18;23.19;6.9
1395;17;18;18.239;23.66
1396;17;19;8.231;17.6
1397;17;19;10.247;1.01
1398;17;19;6.596;11.85
1399;17;20;46.565;24.47
1400;17;20;42.774;12.19
1401;17;20;40.359;0.98
1402;17;21;41.877;16.23
1403;17;21;38.864;6.45
1404;17;21;44.522;6.84
1405;17;22;34.163;5.9
1406;17;22;41.404;4.91
1407;17;23;85.837;6.08
1408;17;24;4.08;22.37
1409;17;24;3.248;12.3
1410;17;25;4.821;8.64
1411;17;25;4.424;2.95
1412;17;25;5.441;15.41
1413;17;26;26.162;14.33
1414;17;26;31.736;2.89
1415;17;26;21.589;17.39
1416;17;27;68.717;4.42
1417;17;27;71.783;10.76
1418;17;28;21.465;9.64
1419;17;29;11.104;18.46
1420;17;29;8.855;5.02
1421;17;30;21.734;8.04
1422;17;30;26.487;16.31
1423;17;31;16.093;11.87
1424;17;32;21.465;0.7
1425;17;32;19.744;21.88
1426;17;32;23.493;2.78
1427;17;33;46.677;6.77
1428;17;33;51.223;8.65
1429;17;33;41.486;16.41
1430;17;34;7.941;21.93
1431;17;35;22.709;7.14
1432;17;35;20.688;18.62
1433;17;36;5.426;5.83
1434;17;36;6.216;16.51
1435;17;37;16.863;9.45
1436;17;37;12.754;20.0
1437;17;38;37.362;3.06
1438;17;38;29.494;21.46
1439;17;39;29.452;17.9
1440;17;39;36.645;17.82
1441;17;40;25.98;6.1
1442;17;41;27.172;8.44
1443;17;42;18.76;18.47
1444;17;43;13.601;10.31
1445;17;43;13.692;12.89
1446;17;44;17.936;2.69
1447;17;44;14.822;15.82
1448;17;44;21.972;22.45
1449;17;45;28.551;20.22
1450;17;45;34.423;12.04
1451;17;46;29.078;2.99
1452;17;46;30.64;9.47
1453;17;47;52.353;2.19
1454;17;48;18.311;2.96
1455;17;48;14.305;12.47
1456;17;49;24.972;23.54
1457;17;49;25.046;15.91
1458;17;49;24.122;5.28
1459;18;19;20.072;3.23
1460;18;19;16.787;8.87
1461;18;20;28.859;3.81
1462;18;20;35.47;5.29
1463;18;20;29.689;2.23
1464;18;21;35.483;7.01
1465;18;21;32.336;8.41
1466;18;21;35.876;11.62
1467;18;22;15.151;5.27
1468;18;22;11.494;9.3
1469;18;22;11.986;2.69
1470;18;23;79.27;3.14
1471;18;23;97.675;11.86
1472;18;23;64.05;6.88
1473;18;24;21.767;12.05
1474;18;24;19.319;19.38
1475;18;25;21.618;12.62
1476;18;25;19.176;24.92
1477;18;26;9.971;11.77
1478;18;26;7.613;13.03
1479;18;27;86.899;13.95
1480;18;27;86.873;10.02
1481;18;28;2.493;12.71
1482;18;28;2.661;18.9
1483;18;29;12.704;2.76
1484;18;29;12.825;15.79
1485;18;29;12.203;17.41
1486;18;30;20.993;13.06
1487;18;30;19.513;11.74
1488;18;31;7.711;14.96
1489;18;31;8.093;5.44
1490;18;32;2.493;19.52
1491;18;33;63.49;5.82
1492;18;33;74.641;13.74
1493;18;34;22.87;16.07
1494;18;34;28.337;5.51
1495;18;35;1.755;21.85
1496;18;36;25.823;16.34
1497;18;37;36.848;6.09
1498;18;37;28.932;15.53
1499;18;37;28.633;15.9
1500;18;38;46.746;3.31
1501;18;38;42.878;6.78
1502;18;38;42.536;21.13
1503;18;39;11.984;16.94
1504;18;39;14.873;10.23
1505;18;39;10.31;0.79
1506;18;40;5.201;7.92
1507;18;40;5.887;17.54
1508;18;41;4.784;11.43
1509;18;41;5.269;8.9
1510;18;41;3.826;15.54
1511;18;42;13.413;12.36
1512;18;43;11.496;14.12
1513;18;44;39.61;23.83
1514;18;44;46.012;13.75
1515;18;44;48.202;9.63
1516;18;45;13.189;0.05
1517;18;45;12.314;8.12
1518;18;45;10.954;20.82
1519;18;46;39.311;15.48
1520;18;47;36.006;3.27
1521;18;48;4.899;14.22
1522;18;48;5.402;11.01
1523;18;48;3.808;6.0
1524;18;49;17.194;14.32
1525;18;49;19.706;19.7
1526;18;49;15.153;13.33
1527;19;20;39.493;10.58
1528;19;20;30.071;16.01
1529;19;20;33.268;7.64
1530;19;21;46.063;6.7
1531;19;21;42.363;13.76
1532;19;22;27.982;5.66
1533;19;22;33.888;0.33
1534;19;23;77.694;22.54
1535;19;24;4.209;20.12
1536;19;25;3.504;24.1
1537;19;25;2.916;12.16
1538;19;25;3.787;20.81
1539;19;26;26.057;4.59
1540;19;27;67.493;21.05
1541;19;28;17.815;8.12
1542;19;28;21.5;1.58
1543;19;28;17.847;10.77
1544;19;29;7.708;16.19
1545;19;30;13.514;18.85
1546;19;31;12.365;5.56
1547;19;32;17.815;3.38
1548;19;33;44.461;8.61
1549;19;33;49.633;21.37
1550;19;33;53.672;16.56
1551;19;34;2.805;5.62
1552;19;35;19.032;15.53
1553;19;36;6.815;12.08
1554;19;37;16.782;18.52
1555;19;37;15.471;14.33
1556;19;37;17.957;21.55
1557;19;38;45.02;22.9
1558;19;38;54.788;15.43
1559;19;38;38.891;8.75
1560;19;39;29.241;1.86
1561;19;40;21.324;13.22
1562;19;41;23.02;16.99
1563;19;41;20.075;2.79
1564;19;42;20.912;10.96
1565;19;43;14.425;17.78
1566;19;44;19.811;16.92
1567;19;44;18.473;22.57
1568;19;45;29.019;12.98
1569;19;45;30.918;7.89
1570;19;45;29.398;3.59
1571;19;46;36.695;6.46
1572;19;47;44.869;8.13
1573;19;47;39.355;9.86
1574;19;47;36.898;3.28
1575;19;48;15.76;4.69
1576;19;49;27.562;15.05
1577;20;21;61.384;16.07
1578;20;21;60.888;19.72
1579;20;22;13.725;1.87
1580;20;23;55.48;20.11
1581;20;24;43.283;6.81
1582;20;24;43.99;15.7
1583;20;24;52.138;21.65
1584;20;25;42.726;2.0
1585;20;25;32.809;9.92
1586;20;25;38.956;5.57
1587;20;26;36.838;24.64
1588;20;26;36.987;11.29
1589;20;26;39.575;1.77
1590;20;27;93.102;16.47
1591;20;27;82.365;18.79
1592;20;27;80.913;22.18
1593;20;28;28.647;5.85
1594;20;29;36.011;8.43
1595;20;30;28.594;9.96
1596;20;30;31.868;7.93
1597;20;30;32.786;2.64
1598;20;31;32.05;9.75
1599;20;32;28.647;7.56
1600;20;33;70.123;23.71
1601;20;33;86.506;22.02
1602;20;33;78.669;10.24
1603;20;34;41.666;4.19
1604;20;35;27.879;5.43
1605;20;35;27.663;6.2
1606;20;35;31.096;24.81
1607;20;36;46.263;16.0
1608;20;36;47.887;4.46
1609;20;37;53.065;1.72
1610;20;37;47.841;7.7
1611;20;38;75.602;24.49
1612;20;38;76.959;3.84
1613;20;38;68.084;21.12
1614;20;39;36.905;19.18
1615;20;39;45.701;11.6
1616;20;39;32.25;21.87
1617;20;40;23.744;2.25
1618;20;40;29.615;11.4
1619;20;40;22.936;17.58
1620;20;41;24.314;13.8
1621;20;42;42.272;7.94
1622;20;42;37.396;22.39
1623;20;42;41.287;20.84
1624;20;43;39.32;6.22
1625;20;43;36.104;14.97
1626;20;44;57.371;13.49
1627;20;44;47.414;23.85
1628;20;44;68.464;18.1
1629;20;45;39.149;9.28
1630;20;46;68.074;8.05
1631;20;46;56.137;6.63
1632;20;46;54.869;12.35
1633;20;47;7.444;21.68
1634;20;47;5.802;9.22
1635;20;47;8.688;3.52
1636;20;48;32.29;20.16
1637;20;48;37.997;2.85
1638;20;48;26.19;22.97
1639;20;49;45.309;12.38
1640;20;49;55.394;3.52
1641;20;49;43.585;1.82
1642;21;22;48.874;9.35
1643;21;22;38.762;23.36
1644;21;22;47.576;11.83
1645;21;23;114.568;4.69
1646;21;23;119.665;16.45
1647;21;24;44.213;11.92
1648;21;25;44.693;21.9
1649;21;25;39.871;4.54
1650;21;26;25.626;16.75
1651;21;26;25.668;8.09
1652;21;27;109.833;15.7
1653;21;27;108.172;0.88
1654;21;28;37.21;6.78
1655;21;29;39.848;10.72
1656;21;29;40.742;8.76
1657;21;29;39.145;24.86
1658;21;30;54.329;16.13
1659;21;30;43.443;8.13
1660;21;30;64.21;2.04
1661;21;31;38.502;17.25
1662;21;31;38.563;5.88
1663;21;31;45.281;8.16
1664;21;32;37.21;12.34
1665;21;33;88.461;9.3
1666;21;34;47.882;13.76
1667;21;35;37.142;12.35
1668;21;35;27.917;4.29
1669;21;36;47.246;18.15
1670;21;37;58.515;19.73
1671;21;38;27.723;0.61
1672;21;38;32.933;8.41
1673;21;38;21.87;23.47
1674;21;39;24.677;8.87
1675;21;39;24.181;14.87
1676;21;40;40.234;23.11
1677;21;41;38.631;10.72
1678;21;42;25.585;4.2
1679;21;43;32.138;15.6
1680;21;44;58.488;22.25
1681;21;44;53.738;20.23
1682;21;45;22.692;4.2
1683;21;46;26.588;8.19
1684;21;46;27.497;12.44
1685;21;47;68.826;0.86
1686;21;48;35.309;22.35
1687;21;48;37.488;24.2
1688;21;48;35.504;9.76
1689;21;49;19.222;23.44
1690;21;49;18.519;9.84
1691;21;49;20.073;20.64
1692;22;23;66.004;9.05
1693;22;24;31.323;9.07
1694;22;24;38.751;16.46
1695;22;24;35.399;15.6
1696;22;25;30.866;8.67
1697;22;26;23.636;2.49
1698;22;26;20.991;20.08
1699;22;27;88.556;9.06
1700;22;27;103.1;3.2
1701;22;27;84.389;4.93
1702;22;28;14.954;21.42
1703;22;28;16.516;22.73
1704;22;28;13.118;20.83
1705;22;29;23.195;20.98
1706;22;30;20.283;16.32
1707;22;31;18.772;3.76
1708;22;32;14.954;15.97
1709;22;32;13.779;11.01
1710;22;32;12.133;7.19
1711;22;33;64.996;0.82
1712;22;33;62.284;1.94
1713;22;34;30.495;11.6
1714;22;35;14.157;8.64
1715;22;35;10.711;20.68
1716;22;35;17.348;16.35
1717;22;36;34.77;8.76
1718;22;37;43.358;19.54
1719;22;37;35.438;23.45
1720;22;37;39.892;2.8
1721;22;38;61.881;7.98
1722;22;38;71.092;21.76
1723;22;39;24.198;24.23
1724;22;39;24.859;8.79
1725;22;39;23.739;18.98
1726;22;40;10.018;7.74
1727;22;40;8.484;0.63
1728;22;41;10.724;19.43
1729;22;41;13.299;18.78
1730;22;41;11.074;21.99
1731;22;42;28.563;17.54
1732;22;42;22.695;1.16
1733;22;42;32.664;9.76
1734;22;43;25.71;0.32
1735;22;44;47.207;7.88
1736;22;45;26.25;2.73
1737;22;46;54.354;3.34
1738;22;47;20.867;8.75
1739;22;47;17.411;18.24
1740;22;47;19.929;8.69
1741;22;48;18.636;24.87
1742;22;48;21.129;23.68
1743;22;49;31.884;5.75
1744;22;49;26.293;16.68
1745;23;24;81.758;24.52
1746;23;25;81.016;24.76
1747;23;25;99.191;22.58
1748;23;26;88.962;0.6
1749;23;26;94.527;4.33
1750;23;27;89.77;6.28
1751;23;28;77.853;17.55
1752;23;28;58.574;1.23
1753;23;28;77.52;2.28
1754;23;29;79.476;14.93
1755;23;29;80.251;23.28
1756;23;29;61.942;3.12
1757;23;30;64.575;18.94
1758;23;30;48.627;13.18
1759;23;30;59.35;18.92
1760;23;31;78.248;18.41
1761;23;31;76.571;6.89
1762;23;32;77.853;6.6
1763;23;33;75.592;24.7
1764;23;33;58.503;20.65
1765;23;33;64.62;23.33
1766;23;34;78.082;19.66
1767;23;35;77.704;8.92
1768;23;36;82.258;7.72
1769;23;37;80.83;2.51
1770;23;37;69.305;0.19
1771;23;38;122.224;21.56
1772;23;38;110.013;4.34
1773;23;38;121.031;2.63
1774;23;39;90.019;17.31
1775;23;39;82.863;21.17
1776;23;39;75.963;7.12
1777;23;40;74.36;1.3
1778;23;40;77.405;13.5
1779;23;41;75.941;18.54
1780;23;42;91.381;24.44
1781;23;42;111.4;17.13
1782;23;42;84.989;12.89
1783;23;43;86.088;7.36
1784;23;43;66.801;5.03
1785;23;44;85.388;0.83
1786;23;44;73.176;23.8
1787;23;45;91.887;21.19
1788;23;45;114.307;11.46
1789;23;45;74.08;8.63
1790;23;46;113.946;16.62
1791;23;46;124.524;4.43
1792;23;46;99.57;11.52
1793;23;47;48.774;22.09
1794;23;48;80.517;20.41
1795;23;49;96.367;3.32
1796;23;49;88.222;11.81
1797;23;49;94.063;15.87
1798;24;25;0.742;13.68
1799;24;25;0.87;0.49
1800;24;25;0.906;12.66
1801;24;26;26.27;2.62
1802;24;27;67.512;13.06
1803;24;27;70.178;4.67
1804;24;27;58.26;5.77
1805;24;28;19.755;18.15
1806;24;28;21.75;20.85
1807;24;29;9.092;17.35
1808;24;29;7.242;10.88
1809;24;30;17.719;0.21
1810;24;30;15.612;3.52
1811;24;31;14.209;18.98
1812;24;32;19.755;10.93
1813;24;32;24.019;14.91
1814;24;33;44.946;8.07
1815;24;33;48.44;14.83
1816;24;33;54.169;12.83
1817;24;34;4.071;24.65
1818;24;35;21.006;14.13
1819;24;36;4.095;8.14
1820;24;37;15.826;3.06
1821;24;38;41.284;23.42
1822;24;38;37.708;12.46
1823;24;38;47.829;18.24
1824;24;39;29.545;4.86
1825;24;40;23.844;21.62
1826;24;40;27.795;11.37
1827;24;41;25.295;14.0
1828;24;41;30.623;18.2
1829;24;42;19.886;9.93
1830;24;43;13.879;1.61
1831;24;43;17.064;3.77
1832;24;43;15.213;21.33
1833;24;44;17.955;20.11
1834;24;44;19.521;13.48
1835;24;45;28.972;23.1
1836;24;46;32.976;15.54
1837;24;46;40.065;24.64
1838;24;47;48.843;16.44
1839;24;47;37.648;4.94
1840;24;48;17.062;4.43
1841;24;48;14.252;21.55
1842;24;49;26.416;14.19
1843;24;49;22.613;5.15
1844;25;26;26.395;21.89
1845;25;26;24.539;1.46
1846;25;27;67.282;19.8
1847;25;27;64.39;23.32
1848;25;27;69.132;5.16
1849;25;28;19.555;14.81
1850;25;28;18.242;14.58
1851;25;29;8.916;5.11
1852;25;29;9.855;23.96
1853;25;29;9.738;12.6
1854;25;30;17.0;13.51
1855;25;30;19.354;8.85
1856;25;30;13.306;21.17
1857;25;31;14.003;12.99
1858;25;31;10.724;24.65
1859;25;31;14.06;22.65
1860;25;32;19.555;23.76
1861;25;32;17.725;8.92
1862;25;33;44.63;14.67
1863;25;34;3.402;1.92
1864;25;35;20.804;9.84
1865;25;35;17.769;14.89
1866;25;35;16.61;4.42
1867;25;36;4.211;9.78
1868;25;36;5.196;18.38
1869;25;37;15.707;13.29
1870;25;38;42.008;22.76
1871;25;39;29.659;23.69
1872;25;40;23.546;21.89
1873;25;40;27.17;21.47
1874;25;41;25.046;20.34
1875;25;41;22.49;15.79
1876;25;42;20.207;20.12
1877;25;42;24.002;18.03
1878;25;43;14.092;19.44
1879;25;43;16.329;21.98
1880;25;44;18.021;3.53
1881;25;44;14.237;0.05
1882;25;44;18.242;1.21
1883;25;45;29.146;10.86
1884;25;45;24.907;21.58
1885;25;46;33.698;16.56
1886;25;47;48.236;13.71
1887;25;47;41.724;7.75
1888;25;48;16.968;3.72
1889;25;49;26.77;2.75
1890;26;27;93.521;14.21
1891;26;28;11.984;22.65
1892;26;28;12.719;6.81
1893;26;29;18.422;15.31
1894;26;29;16.12;23.13
1895;26;29;14.209;5.17
1896;26;30;30.3;14.27
1897;26;30;30.773;23.67
1898;26;31;14.945;5.41
1899;26;31;15.694;22.0
1900;26;31;17.967;14.24
1901;26;32;11.984;18.87
1902;26;32;14.876;6.77
1903;26;32;14.574;12.46
1904;26;33;70.506;20.02
1905;26;33;70.783;9.91
1906;26;34;28.64;24.4
1907;26;35;11.693;21.7
1908;26;36;30.277;7.31
1909;26;36;24.921;15.17
1910;26;36;29.452;23.78
1911;26;37;42.092;6.62
1912;26;37;47.206;5.79
1913;26;37;37.147;21.68
1914;26;38;40.119;13.12
1915;26;38;37.666;14.61
1916;26;38;48.396;20.95
1917;26;39;3.293;9.61
1918;26;39;3.39;11.88
1919;26;39;2.86;21.2
1920;26;40;14.61;8.34
1921;26;40;13.156;21.0
1922;26;40;17.032;23.86
1923;26;41;13.091;5.32
1924;26;41;12.648;11.85
1925;26;41;14.167;9.66
1926;26;42;8.953;13.76
1927;26;42;7.894;16.34
1928;26;42;8.512;22.02
1929;26;43;12.574;1.85
1930;26;43;13.793;22.57
1931;26;44;43.961;1.73
1932;26;45;3.31;15.71
1933;26;45;2.698;17.79
1934;26;46;33.563;22.92
1935;26;46;30.966;7.79
1936;26;47;44.226;6.68
1937;26;48;11.214;6.07
1938;26;49;8.671;14.76
1939;26;49;6.685;2.52
1940;27;28;84.45;11.93
1941;27;28;86.743;11.98
1942;27;29;75.189;15.11
1943;27;30;68.519;17.5
1944;27;30;66.623;0.27
1945;27;30;63.101;23.49
1946;27;31;79.454;2.16
1947;27;31;92.728;16.85
1948;27;32;84.45;24.83
1949;27;32;63.862;23.85
1950;27;33;23.616;6.35
1951;27;33;28.595;20.44
1952;27;34;64.881;8.58
1953;27;35;85.535;11.87
1954;27;35;99.939;18.52
1955;27;36;63.744;4.83
1956;27;36;70.006;8.05
1957;27;36;76.797;19.44
1958;27;37;51.879;17.03
1959;27;38;95.462;10.46
1960;27;38;91.974;0.42
1961;27;38;77.929;1.05
1962;27;39;96.727;19.31
1963;27;39;81.087;20.57
1964;27;39;119.325;21.4
1965;27;40;86.494;1.17
1966;27;41;88.638;23.35
1967;27;41;83.168;20.5
1968;27;41;101.74;24.82
1969;27;42;87.307;16.7
1970;27;43;81.373;16.11
1971;27;43;65.178;20.92
1972;27;43;70.301;10.07
1973;27;44;51.357;2.92
1974;27;45;96.388;20.52
1975;27;45;97.452;14.17
1976;27;46;89.327;19.65
1977;27;47;93.798;10.74
1978;27;47;89.544;19.81
1979;27;47;105.437;12.64
1980;27;48;83.084;2.28
1981;27;48;87.428;19.53
1982;27;49;93.673;12.54
1983;27;49;103.622;12.2
1984;27;49;92.827;21.77
1985;28;29;10.664;4.75
1986;28;29;9.57;16.53
1987;28;29;10.463;1.19
1988;28;30;18.593;18.12
1989;28;30;20.665;8.22
1990;28;30;19.399;5.49
1991;28;31;5.552;19.15
1992;28;32;0.0;1.93
1993;28;32;0.0;11.01
1994;28;32;0.0;13.16
1995;28;33;61.024;12.07
1996;28;33;68.051;12.63
1997;28;33;52.898;23.92
1998;28;34;20.62;15.9
1999;28;34;20.873;21.01
2000;28;35;1.253;20.44
2001;28;35;1.199;4.4
2002;28;36;23.766;0.65
2003;28;37;34.595;11.34
2004;28;37;26.055;18.76
2005;28;38;47.081;10.75
2006;28;38;47.335;15.23
2007;28;38;55.914;21.07
2008;28;39;14.258;17.75
2009;28;39;11.648;17.5
2010;28;40;5.077;2.36
2011;28;41;5.739;2.2
2012;28;41;6.612;21.17
2013;28;42;13.977;2.12
2014;28;42;13.586;1.03
2015;28;42;16.574;15.44
2016;28;43;10.833;1.05
2017;28;44;37.478;13.41
2018;28;44;28.922;12.15
2019;28;44;34.649;18.0
2020;28;45;15.269;16.3
2021;28;45;13.5;2.42
2022;28;45;14.996;6.42
2023;28;46;39.442;20.93
2024;28;47;35.612;4.68
2025;28;47;28.615;22.05
2026;28;47;32.652;14.99
2027;28;48;3.742;22.15
2028;28;49;18.52;14.1
2029;29;30;15.322;2.39
2030;29;30;15.927;1.22
2031;29;30;16.465;8.79
2032;29;31;5.126;10.62
2033;29;31;4.838;3.85
2034;29;31;3.893;16.46
2035;29;32;10.664;2.08
2036;29;32;8.427;17.52
2037;29;32;9.784;18.86
2038;29;33;52.091;17.6
2039;29;33;56.619;20.6
2040;29;34;10.416;8.42
2041;29;35;11.916;0.69
2042;29;35;8.968;7.23
2043;29;35;11.968;16.8
2044;29;36;13.124;10.82
2045;29;36;16.187;20.61
2046;29;36;10.961;15.56
2047;29;37;24.3;22.44
2048;29;38;42.833;13.45
2049;29;38;34.284;18.69
2050;29;38;47.785;2.4
2051;29;39;21.57;5.59
2052;29;40;14.917;7.93
2053;29;41;16.247;22.07
2054;29;41;18.863;19.11
2055;29;42;14.274;6.53
2056;29;42;14.719;18.25
2057;29;43;7.716;15.03
2058;29;43;8.098;13.98
2059;29;44;26.913;6.55
2060;29;44;28.37;21.8
2061;29;44;24.447;15.41
2062;29;45;21.46;5.64
2063;29;45;22.373;19.78
2064;29;46;34.629;23.29
2065;29;46;32.763;14.49
2066;29;46;36.219;5.16
2067;29;47;42.199;18.56
2068;29;47;38.459;23.7
2069;29;47;40.81;17.92
2070;29;48;8.134;15.73
2071;29;48;8.808;24.73
2072;29;49;20.827;21.33
2073;29;49;25.44;5.06
2074;29;49;18.154;11.03
2075;30;31;15.85;14.29
2076;30;31;16.671;19.3
2077;30;31;17.446;8.49
2078;30;32;18.593;23.2
2079;30;32;16.663;20.0
2080;30;32;13.949;7.45
2081;30;33;44.909;12.51
2082;30;34;14.692;11.77
2083;30;34;13.607;4.91
2084;30;35;19.289;7.31
2085;30;35;21.222;13.08
2086;30;36;19.386;12.27
2087;30;36;16.936;0.15
2088;30;36;23.427;0.37
2089;30;37;24.486;14.48
2090;30;38;57.683;2.68
2091;30;38;56.155;21.92
2092;30;39;32.816;3.83
2093;30;39;30.91;11.87
2094;30;39;25.987;10.66
2095;30;40;18.804;11.65
2096;30;41;21.079;2.35
2097;30;41;17.995;10.59
2098;30;41;16.269;12.01
2099;30;42;28.942;13.25
2100;30;43;22.715;12.62
2101;30;44;28.875;21.41
2102;30;44;33.211;10.29
2103;30;45;33.609;2.99
2104;30;45;27.312;15.48
2105;30;45;38.093;6.11
2106;30;46;49.387;23.73
2107;30;47;32.85;14.74
2108;30;48;19.284;15.7
2109;30;48;21.315;23.45
2110;30;49;35.108;16.04
2111;31;32;5.552;16.89
2112;31;32;4.878;24.77
2113;31;33;56.153;17.85
2114;31;33;58.242;0.77
2115;31;33;51.204;3.36
2116;31;34;15.161;2.31
2117;31;35;6.801;14.35
2118;31;36;18.214;16.8
2119;31;36;20.529;9.29
2120;31;37;29.138;7.88
2121;31;38;44.859;10.3
2122;31;39;17.835;22.88
2123;31;39;14.827;11.64
2124;31;39;18.483;9.11
2125;31;40;9.898;23.34
2126;31;40;7.649;22.6
2127;31;40;7.962;7.65
2128;31;41;11.129;17.75
2129;31;42;13.365;17.34
2130;31;43;7.937;5.78
2131;31;44;31.94;23.26
2132;31;44;36.13;0.14
2133;31;44;29.961;22.03
2134;31;45;18.193;22.54
2135;31;45;19.176;14.69
2136;31;45;19.717;14.46
2137;31;46;36.879;0.29
2138;31;47;38.597;6.25
2139;31;47;39.949;8.06
2140;31;47;32.131;5.5
2141;31;48;3.759;17.47
2142;31;48;2.937;22.71
2143;31;49;19.29;7.17
2144;32;33;61.024;10.42
2145;32;33;47.462;11.66
2146;32;34;20.62;17.41
2147;32;35;1.253;17.41
2148;32;36;23.766;24.29
2149;32;37;34.595;8.47
2150;32;37;40.149;10.29
2151;32;38;47.081;14.62
2152;32;38;43.776;19.54
2153;32;39;14.258;1.75
2154;32;40;5.077;9.29
2155;32;40;4.356;0.32
2156;32;40;4.973;0.35
2157;32;41;5.739;7.55
2158;32;42;13.977;2.51
2159;32;42;17.066;12.48
2160;32;42;14.579;20.66
2161;32;43;10.833;5.24
2162;32;44;37.478;13.78
2163;32;45;15.269;1.87
2164;32;45;11.712;0.6
2165;32;45;14.608;4.36
2166;32;46;39.442;0.96
2167;32;46;40.082;4.84
2168;32;47;35.612;2.06
2169;32;48;3.742;15.75
2170;32;48;4.665;13.82
2171;32;49;18.52;15.16
2172;32;49;17.679;5.73
2173;33;34;41.967;13.62
2174;33;35;62.083;6.09
2175;33;36;41.435;3.23
2176;33;36;47.512;23.74
2177;33;36;31.646;1.65
2178;33;37;29.95;18.38
2179;33;38;77.521;8.59
2180;33;38;79.105;2.6
2181;33;39;73.659;7.07
2182;33;39;80.669;11.25
2183;33;39;55.413;5.07
2184;33;40;62.925;2.59
2185;33;41;65.084;13.4
2186;33;41;80.303;20.32
2187;33;42;64.83;4.67
2188;33;42;79.134;16.33
2189;33;43;58.65;24.34
2190;33;43;72.351;7.7
2191;33;43;71.237;7.46
2192;33;44;30.638;6.92
2193;33;44;28.585;6.01
2194;33;45;73.478;10.79
2195;33;45;68.694;8.46
2196;33;45;85.582;8.97
2197;33;46;70.48;21.81
2198;33;46;74.771;0.11
2199;33;46;82.455;10.41
2200;33;47;71.407;22.14
2201;33;48;59.834;6.89
2202;33;48;70.746;23.39
2203;33;48;62.457;21.72
2204;33;49;71.35;4.03
2205;34;35;21.837;19.74
2206;34;36;4.728;17.39
2207;34;37;13.98;6.49
2208;34;37;12.335;1.23
2209;34;37;13.01;14.14
2210;34;38;45.288;11.72
2211;34;38;48.386;4.11
2212;34;38;42.404;1.91
2213;34;39;31.852;16.39
2214;34;39;30.249;8.8
2215;34;40;24.091;16.5
2216;34;41;25.811;23.46
2217;34;42;23.066;0.89
2218;34;43;16.717;11.2
2219;34;43;17.421;4.42
2220;34;43;12.679;20.23
2221;34;44;17.05;3.66
2222;34;44;12.941;7.16
2223;34;44;13.759;23.22
2224;34;45;31.539;20.21
2225;34;46;36.992;8.83
2226;34;46;30.653;19.37
2227;34;47;46.809;22.26
2228;34;48;18.517;15.23
2229;34;48;14.7;4.67
2230;34;48;18.405;21.09
2231;34;49;29.69;17.45
2232;35;36;25.015;15.68
2233;35;37;35.807;1.44
2234;35;37;30.313;17.32
2235;35;37;30.303;14.98
2236;35;38;47.756;20.73
2237;35;38;39.591;9.96
2238;35;38;52.94;15.87
2239;35;39;13.739;21.77
2240;35;39;12.858;2.05
2241;35;39;14.132;5.73
2242;35;40;4.155;0.72
2243;35;40;4.376;2.53
2244;35;40;3.997;19.93
2245;35;41;4.534;7.13
2246;35;42;14.514;1.53
2247;35;43;11.825;20.08
2248;35;44;38.716;16.04
2249;35;44;31.087;19.95
2250;35;45;14.928;19.75
2251;35;45;16.573;17.94
2252;35;45;15.257;4.65
2253;35;46;40.197;4.31
2254;35;47;34.926;6.93
2255;35;48;4.801;9.24
2256;35;48;5.15;1.32
2257;35;49;18.686;11.76
2258;35;49;18.232;11.67
2259;35;49;17.779;4.82
2260;36;37;11.906;12.19
2261;36;37;9.272;19.87
2262;36;38;42.077;9.95
2263;36;38;44.998;22.21
2264;36;38;31.852;19.33
2265;36;39;33.559;0.93
2266;36;40;27.714;13.63
2267;36;40;34.194;11.65
2268;36;40;25.763;10.76
2269;36;41;29.244;10.25
2270;36;41;34.105;5.99
2271;36;41;28.999;21.7
2272;36;42;23.563;14.1
2273;36;42;26.65;21.36
2274;36;42;17.834;3.0
2275;36;43;17.796;16.61
2276;36;43;13.904;11.18
2277;36;44;13.861;3.7
2278;36;45;32.913;10.86
2279;36;45;39.24;20.88
2280;36;46;33.876;4.71
2281;36;47;51.502;6.87
2282;36;47;40.837;14.7
2283;36;48;21.146;5.06
2284;36;48;23.94;21.47
2285;36;49;29.975;17.02
2286;36;49;30.949;18.6
2287;37;38;49.635;19.91
2288;37;39;45.361;19.82
2289;37;39;40.935;14.69
2290;37;40;37.895;11.09
2291;37;41;39.703;11.59
2292;37;41;35.458;0.89
2293;37;42;35.446;0.35
2294;37;43;29.679;4.94
2295;37;44;4.753;9.07
2296;37;45;44.79;23.57
2297;37;45;53.411;24.0
2298;37;46;41.936;9.71
2299;37;46;47.647;22.3
2300;37;46;48.207;11.9
2301;37;47;57.176;22.03
2302;37;47;63.804;22.98
2303;37;48;32.433;6.44
2304;37;48;29.095;5.94
2305;37;49;41.795;18.94
2306;37;49;37.066;21.71
2307;37;49;44.551;8.44
2308;38;39;41.514;6.59
2309;38;39;41.008;8.25
2310;38;39;47.671;20.95
2311;38;40;51.868;2.58
2312;38;41;51.373;8.65
2313;38;42;33.342;22.12
2314;38;43;36.957;3.59
2315;38;44;47.374;3.84
2316;38;44;35.792;14.73
2317;38;45;39.06;12.73
2318;38;46;8.326;19.47
2319;38;47;82.679;9.61
2320;38;47;70.605;23.79
2321;38;47;91.218;18.11
2322;38;48;43.605;23.36
2323;38;48;44.118;18.99
2324;38;48;49.987;10.7
2325;38;49;31.553;14.24
2326;38;49;30.584;5.38
2327;38;49;35.517;3.98
2328;39;40;16.005;15.98
2329;39;40;16.455;7.44
2330;39;41;14.161;22.69
2331;39;42;11.905;23.0
2332;39;42;11.852;14.69
2333;39;43;15.867;21.6
2334;39;43;17.262;14.7
2335;39;43;18.477;1.06
2336;39;44;47.253;12.22
2337;39;45;2.466;16.92
2338;39;46;35.37;11.85
2339;39;46;35.703;5.11
2340;39;46;40.583;15.74
2341;39;47;44.343;19.43
2342;39;47;33.676;16.45
2343;39;48;14.076;18.68
2344;39;48;12.509;4.38
2345;39;49;10.043;7.58
2346;40;41;2.285;17.59
2347;40;42;18.569;6.65
2348;40;43;15.908;2.89
2349;40;43;13.499;6.18
2350;40;44;41.135;18.82
2351;40;45;17.627;19.53
2352;40;45;16.262;10.36
2353;40;45;21.719;15.75
2354;40;46;44.343;13.74
2355;40;46;36.08;8.2
2356;40;46;46.965;13.98
2357;40;47;30.836;22.39
2358;40;48;8.82;15.44
2359;40;48;7.781;5.14
2360;40;49;22.308;15.44
2361;40;49;27.433;1.55
2362;41;42;18.039;13.32
2363;41;43;16.203;12.43
2364;41;43;17.141;24.72
2365;41;43;15.322;17.93
2366;41;44;42.813;6.12
2367;41;45;15.946;3.73
2368;41;45;12.236;18.27
2369;41;45;18.084;14.5
2370;41;46;44.025;19.75
2371;41;46;54.669;24.33
2372;41;47;31.563;17.32
2373;41;47;27.509;7.26
2374;41;47;29.099;16.18
2375;41;48;9.3;10.53
2376;41;49;21.172;1.31
2377;42;43;6.594;6.87
2378;42;43;5.545;7.88
2379;42;43;6.344;15.76
2380;42;44;36.675;13.86
2381;42;44;29.349;24.15
2382;42;44;27.95;7.29
2383;42;45;10.342;23.49
2384;42;45;11.901;15.37
2385;42;45;11.901;24.9
2386;42;46;26.038;15.7
2387;42;46;24.457;9.03
2388;42;46;20.672;22.2
2389;42;47;49.405;10.59
2390;42;48;10.888;16.25
2391;42;48;12.472;9.32
2392;42;48;8.326;23.22
2393;42;49;6.651;20.14
2394;42;49;5.354;18.28
2395;42;49;8.094;20.45
2396;43;44;31.396;22.96
2397;43;44;24.859;6.61
2398;43;44;27.702;8.89
2399;43;45;15.117;18.9
2400;43;45;17.67;22.47
2401;43;46;29.046;7.07
2402;43;47;46.112;24.63
2403;43;47;55.146;18.39
2404;43;48;7.096;12.25
2405;43;49;13.217;18.21
2406;43;49;12.891;22.78
2407;44;45;46.455;23.24
2408;44;46;40.013;8.03
2409;44;47;61.673;7.26
2410;44;47;61.691;6.93
2411;44;47;64.705;9.73
2412;44;48;34.989;2.62
2413;44;48;34.37;15.68
2414;44;49;42.745;11.79
2415;44;49;38.579;2.02
2416;44;49;49.373;1.03
2417;45;46;32.982;15.46
2418;45;46;27.108;16.86
2419;45;47;46.577;12.82
2420;45;47;52.974;12.02
2421;45;48;14.483;7.12
2422;45;48;14.111;9.85
2423;45;49;7.648;15.51
2424;46;47;75.039;11.17
2425;46;48;35.869;10.54
2426;46;48;37.04;20.06
2427;46;49;25.336;11.57
2428;46;49;26.593;18.48
2429;46;49;31.286;16.88
2430;47;48;39.174;18.25
2431;47;48;42.94;17.7
2432;47;48;36.04;22.79
2433;47;49;52.651;17.15
2434;47;49;59.275;16.91
2435;48;49;16.208;19.22
2436;48;49;13.765;19.21
