VERTEX_COUNT 50
PATH_COUNT 1
BUDGET 180
<------------ VERTICES ------------>
0;START;41.374834;2.170055;0.0;0.0
1;Basilica of the Sagrada Família;41.403568;2.174435;45.0;100.0
2;Museu Nacional d’Art de Catalunya;41.36882;2.153347;45.0;97.22
3;Galeria d’Art Mar Grup Escolà;41.392349;2.167836;45.0;79.5
4;Museu Picasso;41.385181;2.180863;45.0;77.83
5;Museu d’Història de Catalunya - MHC;41.380852;2.185799;45.0;77.22
6;Palau Güell;41.378864;2.174117;45.0;76.97
7;La Pedrera (Casa Milà);41.395271;2.161785;45.0;73.77
8;Anella Olímpica(Olympic Park);41.364778;2.152575;45.0;73.54
9;Poble Espanyol;41.368679;2.147031;45.0;72.02
10;Lorena Ruiz de Villa;41.397858;2.146705;45.0;70.93
11;Parc de la Ciutadella;41.389248;2.186548;45.0;70.87
12;Antic Hospital de la Santa Creu;41.380573;2.170374;45.0;69.26
13;Passeig de Gràcia;41.390739;2.166672;45.0;68.59
14;Basilica of Sants Just i Pastor;41.382812;2.178195;45.0;68.51
15;Museu Frederic Marès;41.384178;2.176819;45.0;68.45
16;Montjuïc Castle;41.363823;2.167096;45.0;68.09
17;Avinguda d’Icària;41.391556;2.197416;45.0;68.03
18;Imaginart Gallery;41.393822;2.164627;45.0;67.74
19;Barcelona;41.389034;2.16137;45.0;67.26
20;Atelier;41.407719;2.158233;45.0;64.99
21;Despair;41.387653;2.188076;45.0;64.91
22;Contrast;41.387928;2.161469;45.0;61.3
23;Museu Palmero;41.424667;2.139856;45.0;60.87
24;Plaça del Rei;41.384144;2.177409;45.0;60.8
25;Piramidon Centre d’Art Contemporani;41.422626;2.209764;45.0;60.22
26;Galeria Mayoral;41.389542;2.163808;45.0;59.01
27;Plaça de Catalunya;41.387005;2.17003;45.0;58.92
28;Carles Taché;41.389851;2.164213;45.0;58.75
29;Arts Santa Mònica;41.37722;2.176012;45.0;58.67
30;Park Güell;41.414249;2.151926;45.0;57.84
31;Museu d’Història de Barcelona;41.384144;2.177409;45.0;57.38
32;Casa Martí, Els Quatre Gats ;41.385775;2.173671;45.0;57.16
33;Casa Batlló;41.391758;2.164961;45.0;57.05
34;Monument to Doctor Robert;41.394924;2.175599;45.0;55.99
35;Basilica of Santa Maria del Mar;41.383518;2.1818;45.0;55.33
36;La Colmena;41.383835;2.178294;45.0;54.65
37;Fundació Fran Daurel;41.369118;2.146695;45.0;53.66
38;Rambla del Raval;41.378681;2.169317;45.0;53.52
39;Royal Dockyards Museu Marítim ;41.375286;2.17598;45.0;52.87
40;90th Jean Bouin;41.373077;2.150465;45.0;51.78
41;Poblenou Cemetery;41.394859;2.201189;45.0;51.28
42;Turó de la Rovira viewing point;41.419388;2.161812;45.0;50.78
43;Museu de la Moto ;41.383327;2.174488;45.0;50.65
44;Galeria Miquel Alzueta;41.397125;2.156751;45.0;50.4
45;Palau Montaner;41.39555;2.1652;45.0;49.98
46;A. Cortina;41.391098;2.161385;45.0;49.7
47;Galeria Ferran Cano;41.375816;2.177766;45.0;49.59
48;Museu Blau - Fòrum Building;41.41124;2.220333;45.0;49.45
49;FINISH;41.374834;2.170055;0.0;0.0
<------------- EDGES -------------->
0;0;1;49.491;24.37
1;0;2;23.796;3.78
2;0;3;30.107;6.4
3;0;4;22.496;9.21
4;0;4;25.053;20.19
5;0;4;27.875;0.93
6;0;5;22.688;2.3
7;0;5;26.539;11.96
8;0;5;18.457;0.61
9;0;6;8.647;6.93
10;0;6;7.273;8.72
11;0;6;10.634;13.65
12;0;7;36.549;6.16
13;0;8;28.285;5.55
14;0;8;31.968;22.97
15;0;8;29.138;5.72
16;0;9;31.387;21.82
17;0;10;49.508;11.73
18;0;10;56.383;18.09
19;0;11;32.509;5.05
20;0;11;38.319;19.65
21;0;11;32.549;11.33
22;0;12;9.829;3.02
23;0;12;7.625;5.45
24;0;12;12.016;10.39
25;0;13;27.562;23.44
26;0;13;28.155;4.57
27;0;14;17.194;22.2
28;0;14;13.412;18.13
29;0;14;13.307;6.11
30;0;15;18.196;18.89
31;0;15;14.165;3.62
32;0;16;19.222;19.35
33;0;16;21.483;10.05
34;0;17;45.309;19.48
35;0;18;33.232;5.09
36;0;18;26.497;22.76
37;0;18;33.006;19.65
38;0;19;26.736;0.37
39;0;20;58.284;6.38
40;0;20;44.957;3.96
41;0;20;44.989;8.82
42;0;21;31.884;22.6
43;0;22;24.972;1.83
44;0;22;21.669;10.05
45;0;22;31.197;4.27
46;0;23;93.673;15.56
47;0;23;86.638;3.14
48;0;23;83.129;9.61
49;0;24;18.52;17.96
50;0;24;21.835;11.17
51;0;24;20.85;14.61
52;0;25;96.367;24.11
53;0;26;26.416;19.3
54;0;26;21.581;0.26
55;0;26;21.579;13.4
56;0;27;20.827;8.69
57;0;27;19.199;8.17
58;0;27;16.978;13.9
59;0;28;26.77;16.74
60;0;28;21.759;24.93
61;0;29;8.671;4.27
62;0;29;7.354;16.95
63;0;29;8.506;1.58
64;0;30;71.35;17.03
65;0;30;54.833;0.49
66;0;31;18.52;16.83
67;0;32;19.29;12.39
68;0;32;19.097;3.15
69;0;33;29.69;2.27
70;0;34;35.108;4.24
71;0;34;42.122;13.36
72;0;35;21.172;15.58
73;0;36;18.686;23.95
74;0;36;22.626;4.63
75;0;37;31.553;3.92
76;0;37;37.606;8.03
77;0;37;24.362;17.64
78;0;38;6.651;24.59
79;0;38;7.968;8.27
80;0;39;7.648;8.1
81;0;40;25.336;12.99
82;0;41;52.651;11.26
83;0;41;63.462;2.84
84;0;41;49.433;22.06
85;0;42;76.973;19.86
86;0;42;86.125;11.79
87;0;43;15.608;3.53
88;0;44;41.795;3.53
89;0;44;32.072;13.99
90;0;45;35.994;3.16
91;0;45;32.686;4.68
92;0;46;29.975;10.78
93;0;47;10.043;16.22
94;0;48;89.706;24.71
95;0;48;101.432;10.2
96;0;49;0.0;22.98
97;1;2;65.336;4.79
98;1;3;20.984;21.6
99;1;3;17.57;7.1
100;1;3;25.964;4.58
101;1;4;32.528;15.77
102;1;4;31.195;10.08
103;1;5;41.52;18.36
104;1;6;42.276;12.97
105;1;6;49.319;4.91
106;1;6;36.859;7.83
107;1;7;21.57;9.05
108;1;7;19.285;20.19
109;1;7;26.008;16.03
110;1;8;72.069;1.33
111;1;8;78.539;17.69
112;1;8;57.004;13.64
113;1;9;69.299;5.02
114;1;9;70.708;9.94
115;1;9;85.252;18.52
116;1;10;36.911;24.05
117;1;10;28.017;14.04
118;1;11;29.022;6.03
119;1;11;24.208;10.87
120;1;12;39.694;14.91
121;1;12;44.31;22.66
122;1;12;35.485;8.2
123;1;13;24.109;16.86
124;1;13;21.03;4.42
125;1;13;30.047;2.58
126;1;14;35.845;10.81
127;1;14;30.267;3.45
128;1;14;34.656;18.5
129;1;15;33.322;2.82
130;1;15;27.963;22.73
131;1;15;30.541;6.56
132;1;16;68.662;17.39
133;1;17;35.955;15.78
134;1;18;20.896;24.17
135;1;18;25.879;14.03
136;1;19;29.997;13.13
137;1;19;32.726;16.37
138;1;19;26.949;20.92
139;1;20;21.975;22.5
140;1;20;17.287;14.51
141;1;21;32.378;13.91
142;1;21;29.643;20.12
143;1;21;26.835;23.96
144;1;22;31.517;23.83
145;1;22;38.646;13.08
146;1;22;26.623;20.69
147;1;23;57.209;5.79
148;1;23;55.1;6.32
149;1;24;33.457;18.36
150;1;25;55.85;10.64
151;1;25;64.854;2.12
152;1;25;57.786;16.23
153;1;26;27.608;8.42
154;1;26;22.761;20.38
155;1;27;28.902;4.13
156;1;27;28.562;21.56
157;1;27;31.274;23.17
158;1;28;26.892;21.3
159;1;28;21.835;17.96
160;1;28;32.433;18.3
161;1;29;45.133;17.89
162;1;29;42.822;17.38
163;1;30;34.185;13.23
164;1;31;33.457;0.8
165;1;31;40.919;18.35
166;1;31;33.891;6.03
167;1;32;30.463;20.3
168;1;33;23.587;21.77
169;1;33;25.032;6.66
170;1;33;24.214;0.93
171;1;34;14.867;1.06
172;1;35;35.589;7.11
173;1;35;26.789;8.16
174;1;36;34.129;10.31
175;1;36;27.726;24.97
176;1;36;25.93;22.83
177;1;37;68.875;24.22
178;1;37;76.931;22.66
179;1;37;66.291;5.55
180;1;38;43.091;20.81
181;1;39;48.438;5.92
182;1;39;53.63;4.24
183;1;39;41.7;20.29
184;1;40;60.577;4.89
185;1;41;37.436;17.55
186;1;41;35.02;13.88
187;1;42;31.549;3.61
188;1;42;24.389;20.65
189;1;42;32.058;5.82
190;1;43;34.637;8.76
191;1;44;25.235;24.82
192;1;44;23.22;21.79
193;1;44;26.962;8.06
194;1;45;18.132;11.77
195;1;45;16.375;20.24
196;1;45;19.711;12.92
197;1;46;27.129;9.72
198;1;46;33.748;2.32
199;1;47;47.682;24.71
200;1;48;60.354;2.4
201;1;48;70.571;4.28
202;1;49;49.491;0.74
203;1;49;51.642;5.01
204;1;49;58.39;20.09
205;2;3;44.354;8.52
206;2;4;45.08;18.95
207;2;4;54.331;24.33
208;2;5;46.481;16.82
209;2;5;43.07;10.88
210;2;5;45.711;24.03
211;2;6;31.73;3.23
212;2;6;37.12;9.81
213;2;7;46.542;17.07
214;2;8;6.988;18.14
215;2;9;8.115;14.98
216;2;9;6.685;20.65
217;2;10;50.417;2.94
218;2;11;55.131;2.25
219;2;12;29.708;17.07
220;2;13;41.226;10.38
221;2;13;48.232;20.49
222;2;14;39.892;5.97
223;2;14;47.779;12.12
224;2;15;39.989;20.41
225;2;16;19.619;1.49
226;2;16;20.442;17.5
227;2;16;22.078;19.56
228;2;17;68.67;16.45
229;2;17;64.589;23.17
230;2;17;81.935;2.95
231;2;18;45.169;21.6
232;2;18;47.955;15.97
233;2;19;36.092;17.97
234;2;19;36.157;24.04
235;2;19;29.507;3.81
236;2;20;66.86;17.55
237;2;20;73.745;22.2
238;2;20;59.806;23.1
239;2;21;55.02;16.48
240;2;21;55.138;23.4
241;2;21;56.569;2.83
242;2;22;34.321;15.05
243;2;22;30.502;7.35
244;2;22;28.411;12.68
245;2;23;97.123;7.97
246;2;23;78.622;0.89
247;2;24;40.525;22.37
248;2;24;46.495;6.18
249;2;24;39.876;5.14
250;2;25;117.144;9.65
251;2;25;98.975;10.29
252;2;25;139.613;21.47
253;2;26;37.919;20.5
254;2;26;37.485;14.81
255;2;27;37.779;22.73
256;2;27;44.007;17.59
257;2;28;38.599;23.83
258;2;28;29.28;18.78
259;2;29;32.461;19.03
260;2;29;37.166;21.38
261;2;29;28.048;22.9
262;2;30;77.761;7.82
263;2;30;95.252;17.7
264;2;31;40.525;13.29
265;2;31;46.919;7.12
266;2;32;39.024;22.25
267;2;32;32.353;14.39
268;2;32;29.989;22.34
269;2;33;41.989;14.25
270;2;33;45.003;18.94
271;2;34;53.025;2.99
272;2;34;59.896;10.59
273;2;34;46.61;21.91
274;2;35;44.356;20.01
275;2;35;34.009;12.45
276;2;36;41.065;0.11
277;2;36;50.214;1.46
278;2;37;8.558;7.87
279;2;38;26.558;3.46
280;2;39;31.099;1.52
281;2;39;25.611;23.01
282;2;40;8.171;4.8
283;2;40;7.54;18.07
284;2;40;8.216;21.37
285;2;41;75.887;1.74
286;2;42;87.213;9.22
287;2;42;88.687;8.05
288;2;43;36.786;9.69
289;2;43;43.438;22.38
290;2;44;48.633;7.05
291;2;44;40.897;13.51
292;2;44;39.257;6.11
293;2;45;48.206;3.48
294;2;45;46.345;13.43
295;2;45;43.312;10.63
296;2;46;39.495;12.67
297;2;46;41.493;17.23
298;2;46;37.761;18.05
299;2;47;33.565;14.41
300;2;47;32.249;21.69
301;2;47;29.406;4.07
302;2;48;112.538;19.49
303;2;49;23.796;13.4
304;3;4;20.74;1.38
305;3;4;15.755;4.87
306;3;5;30.314;23.15
307;3;5;33.309;0.65
308;3;6;24.444;15.55
309;3;6;27.626;13.13
310;3;7;9.238;14.01
311;3;7;7.863;11.84
312;3;7;9.253;7.5
313;3;8;51.088;20.53
314;3;8;39.075;10.03
315;3;9;48.521;10.27
316;3;10;28.717;7.33
317;3;11;24.601;5.98
318;3;11;18.668;22.81
319;3;11;21.027;5.55
320;3;12;20.413;14.12
321;3;13;3.134;17.89
322;3;14;21.053;17.48
323;3;14;18.732;1.58
324;3;14;18.786;14.84
325;3;15;18.125;10.62
326;3;16;48.824;15.06
327;3;17;37.998;8.11
328;3;18;4.83;12.76
329;3;18;5.469;19.03
330;3;18;3.878;23.81
331;3;19;10.054;24.92
332;3;19;9.199;17.4
333;3;19;7.591;9.59
334;3;20;29.047;9.87
335;3;21;27.199;14.51
336;3;21;25.338;18.4
337;3;22;11.138;23.48
338;3;22;9.88;2.78
339;3;23;65.94;22.47
340;3;23;67.181;1.31
341;3;23;74.146;7.61
342;3;24;18.66;2.64
343;3;24;17.758;0.0
344;3;24;17.261;2.47
345;3;25;74.701;2.61
346;3;25;80.908;8.21
347;3;26;7.058;5.19
348;3;26;6.938;12.31
349;3;26;7.777;1.9
350;3;27;9.569;0.5
351;3;28;6.317;4.52
352;3;29;27.936;3.25
353;3;30;42.679;0.53
354;3;31;18.66;22.34
355;3;31;17.674;24.99
356;3;32;13.515;10.65
357;3;32;13.232;2.2
358;3;32;11.118;24.27
359;3;33;3.827;8.44
360;3;33;3.439;2.94
361;3;33;3.109;8.4
362;3;34;10.896;19.27
363;3;34;11.082;3.0
364;3;34;10.277;7.83
365;3;35;23.447;2.7
366;3;36;19.813;0.99
367;3;37;48.137;18.29
368;3;37;49.806;8.05
369;3;37;47.221;12.13
370;3;38;23.466;12.38
371;3;38;18.111;19.73
372;3;38;27.464;13.72
373;3;39;31.014;2.37
374;3;39;31.331;24.91
375;3;39;33.126;6.9
376;3;40;39.813;21.29
377;3;41;43.031;3.22
378;3;42;46.911;20.04
379;3;42;37.933;9.02
380;3;42;52.894;24.41
381;3;43;17.643;12.04
382;3;44;16.41;9.73
383;3;45;6.439;23.16
384;3;45;7.199;20.73
385;3;46;8.554;2.9
386;3;46;9.869;6.48
387;3;47;31.032;18.67
388;3;47;33.617;15.8
389;3;48;74.737;23.53
390;3;48;86.034;2.57
391;3;48;88.585;18.14
392;3;49;30.107;13.93
393;4;5;9.749;18.4
394;4;6;13.852;18.72
395;4;7;29.967;1.9
396;4;8;50.384;20.3
397;4;8;37.79;0.8
398;4;8;52.77;3.05
399;4;9;51.814;19.72
400;4;10;48.924;7.24
401;4;11;10.085;23.94
402;4;12;15.606;14.12
403;4;12;13.151;6.92
404;4;12;17.162;2.23
405;4;13;20.552;5.88
406;4;13;16.384;9.27
407;4;14;5.307;1.76
408;4;14;4.02;23.2
409;4;14;5.538;3.92
410;4;15;5.468;15.73
411;4;16;40.599;22.8
412;4;17;23.888;17.94
413;4;17;24.13;5.12
414;4;18;25.556;12.58
415;4;18;25.31;0.4
416;4;19;25.88;4.27
417;4;19;30.004;3.15
418;4;20;48.284;10.08
419;4;21;10.181;10.1
420;4;21;8.708;20.98
421;4;21;9.082;24.84
422;4;22;25.339;21.26
423;4;22;19.305;4.65
424;4;22;22.834;20.38
425;4;23;85.65;23.54
426;4;23;98.766;23.84
427;4;24;4.777;5.4
428;4;24;5.406;19.37
429;4;24;4.713;9.78
430;4;25;74.04;12.66
431;4;25;91.06;23.05
432;4;26;23.133;19.31
433;4;26;24.571;24.72
434;4;26;19.243;17.56
435;4;27;14.254;18.63
436;4;27;11.218;5.91
437;4;27;15.115;22.98
438;4;28;22.821;12.23
439;4;29;14.979;15.87
440;4;29;15.304;7.11
441;4;30;62.08;6.61
442;4;31;4.777;17.63
443;4;31;4.321;6.39
444;4;32;9.29;1.87
445;4;33;23.312;14.27
446;4;34;17.99;1.65
447;4;34;21.588;21.21
448;4;35;3.09;15.26
449;4;36;4.023;17.86
450;4;37;51.773;22.11
451;4;37;46.211;9.47
452;4;37;39.138;10.99
453;4;38;18.534;13.21
454;4;38;15.007;21.81
455;4;39;18.056;23.7
456;4;39;21.222;4.87
457;4;39;14.557;5.49
458;4;40;44.188;0.55
459;4;40;52.603;11.62
460;4;41;30.906;18.55
461;4;42;63.438;19.84
462;4;42;62.372;1.82
463;4;43;8.778;1.76
464;4;43;10.803;7.33
465;4;44;37.094;6.04
466;4;44;33.905;11.52
467;4;45;26.818;24.3
468;4;45;28.227;5.26
469;4;45;23.952;9.92
470;4;46;26.979;0.22
471;4;46;23.399;9.91
472;4;46;25.069;21.89
473;4;47;16.512;6.03
474;4;47;19.566;19.71
475;4;47;14.64;2.53
476;4;48;67.495;6.31
477;4;48;71.956;7.42
478;4;49;22.496;12.49
479;4;49;22.995;9.15
480;4;49;25.692;24.32
481;5;6;15.381;0.65
482;5;6;15.877;1.21
483;5;6;14.207;9.44
484;5;7;39.488;14.12
485;5;7;47.819;6.18
486;5;7;35.325;19.37
487;5;8;50.763;7.17
488;5;8;44.982;17.14
489;5;8;43.598;13.03
490;5;9;53.965;1.82
491;5;9;47.075;23.56
492;5;10;58.016;15.27
493;5;10;55.293;7.1
494;5;10;64.231;9.86
495;5;11;14.4;24.97
496;5;12;19.811;4.9
497;5;12;23.197;19.34
498;5;12;15.809;0.73
499;5;13;29.821;22.49
500;5;14;10.323;7.07
501;5;15;12.858;22.2
502;5;15;9.85;22.16
503;5;16;37.763;5.13
504;5;16;44.998;11.85
505;5;16;43.665;18.48
506;5;17;23.621;10.79
507;5;18;35.092;11.57
508;5;19;34.348;5.73
509;5;19;40.627;17.64
510;5;20;58.017;4.3
511;5;20;58.704;7.01
512;5;20;54.355;1.81
513;5;21;12.0;7.31
514;5;21;10.527;4.48
515;5;22;33.502;5.68
516;5;22;25.22;5.17
517;5;22;36.05;1.39
518;5;23;95.389;10.17
519;5;23;111.161;10.78
520;5;24;12.156;22.82
521;5;24;12.018;9.4
522;5;25;77.822;8.56
523;5;25;86.916;8.42
524;5;26;31.911;20.42
525;5;26;34.502;6.95
526;5;26;32.303;11.76
527;5;27;22.821;12.35
528;5;27;18.368;0.42
529;5;28;31.705;0.55
530;5;28;32.659;18.66
531;5;28;26.755;24.75
532;5;29;14.02;6.6
533;5;30;71.81;4.54
534;5;30;70.384;0.61
535;5;31;12.156;4.16
536;5;31;14.529;23.47
537;5;32;17.705;11.16
538;5;32;15.628;14.98
539;5;33;32.62;18.75
540;5;34;27.411;19.05
541;5;35;6.869;5.85
542;5;35;6.318;19.95
543;5;35;5.813;13.04
544;5;36;10.905;1.76
545;5;37;54.08;10.04
546;5;37;65.788;20.21
547;5;38;21.487;24.42
548;5;38;18.468;0.09
549;5;38;18.751;13.67
550;5;39;15.801;0.65
551;5;40;47.282;9.54
552;5;40;55.737;10.18
553;5;41;31.063;0.34
554;5;41;37.638;1.01
555;5;41;36.971;4.02
556;5;42;72.778;6.22
557;5;43;15.128;8.55
558;5;44;46.542;16.46
559;5;44;35.67;0.24
560;5;44;48.026;14.54
561;5;45;36.496;16.51
562;5;46;35.915;8.11
563;5;46;39.684;6.86
564;5;46;41.818;13.76
565;5;47;13.441;14.38
566;5;48;68.332;14.16
567;5;48;65.943;11.19
568;5;48;77.298;15.47
569;5;49;22.688;19.77
570;5;49;25.794;6.53
571;6;7;32.233;19.06
572;6;7;38.666;12.98
573;6;7;36.39;4.99
574;6;8;36.692;11.78
575;6;8;31.796;9.37
576;6;9;38.904;1.58
577;6;9;45.989;8.48
578;6;10;47.906;23.8
579;6;10;59.711;19.64
580;6;10;45.415;14.89
581;6;11;23.885;16.63
582;6;11;24.851;9.53
583;6;12;5.626;14.45
584;6;13;22.457;14.33
585;6;13;21.595;14.27
586;6;14;8.547;21.12
587;6;14;9.732;2.03
588;6;14;6.697;10.3
589;6;15;9.733;1.13
590;6;15;9.027;10.86
591;6;16;27.272;2.44
592;6;16;33.698;22.89
593;6;17;36.967;9.81
594;6;17;41.192;11.13
595;6;18;28.348;5.24
596;6;18;34.587;10.86
597;6;18;33.038;2.51
598;6;19;23.89;10.27
599;6;19;28.267;3.96
600;6;20;53.422;24.8
601;6;20;58.855;3.09
602;6;20;55.416;21.82
603;6;21;23.397;9.16
604;6;21;25.57;6.81
605;6;22;22.456;3.7
606;6;22;16.875;20.92
607;6;22;20.216;13.71
608;6;23;89.874;17.72
609;6;24;9.975;18.98
610;6;24;8.779;11.11
611;6;25;87.759;11.96
612;6;25;86.709;24.34
613;6;26;22.563;1.48
614;6;27;14.887;8.93
615;6;27;11.216;3.98
616;6;28;22.698;16.74
617;6;28;25.493;22.13
618;6;29;3.72;0.64
619;6;29;3.803;2.49
620;6;30;66.918;2.04
621;6;30;78.903;14.67
622;6;30;77.699;3.6
623;6;31;9.975;13.28
624;6;32;11.84;24.8
625;6;33;25.001;10.0
626;6;33;27.517;11.77
627;6;33;29.362;8.54
628;6;34;27.548;8.48
629;6;35;12.678;12.36
630;6;35;13.214;17.38
631;6;35;13.641;21.8
632;6;36;10.056;6.18
633;6;36;10.139;4.53
634;6;36;12.12;10.43
635;6;37;38.963;12.52
636;6;37;41.206;22.19
637;6;38;6.171;6.86
638;6;38;5.575;13.7
639;6;39;6.574;12.69
640;6;39;5.94;11.14
641;6;39;5.101;2.51
642;6;40;31.945;11.5
643;6;40;27.657;16.06
644;6;40;28.181;24.36
645;6;41;44.241;13.34
646;6;41;41.402;18.8
647;6;41;45.312;6.87
648;6;42;71.122;13.8
649;6;42;76.394;6.78
650;6;42;79.298;23.77
651;6;43;7.652;20.61
652;6;43;9.484;1.58
653;6;43;9.331;12.85
654;6;44;38.387;2.45
655;6;44;29.762;7.57
656;6;45;30.763;9.21
657;6;45;38.219;8.08
658;6;45;33.178;4.77
659;6;46;26.561;8.84
660;6;47;7.011;10.8
661;6;48;81.174;16.75
662;6;48;80.62;6.16
663;6;48;70.599;3.32
664;6;49;8.647;6.22
665;7;8;53.504;9.04
666;7;8;47.212;8.07
667;7;8;44.692;10.41
668;7;9;49.291;16.47
669;7;9;45.229;15.33
670;7;9;40.446;9.29
671;7;10;19.858;20.41
672;7;11;33.419;11.51
673;7;11;32.143;10.07
674;7;11;35.052;2.7
675;7;12;27.463;2.45
676;7;13;9.975;3.8
677;7;13;12.362;24.73
678;7;14;29.973;19.22
679;7;14;33.985;17.72
680;7;14;35.568;15.72
681;7;15;27.071;19.97
682;7;16;54.245;9.67
683;7;16;64.789;10.58
684;7;17;46.181;22.69
685;7;17;35.368;14.89
686;7;17;45.988;13.23
687;7;18;4.411;23.71
688;7;18;4.214;17.91
689;7;18;4.053;4.67
690;7;19;10.686;14.81
691;7;19;12.503;7.63
692;7;19;8.38;6.68
693;7;20;21.784;17.36
694;7;21;36.182;20.16
695;7;22;12.572;0.39
696;7;22;11.038;14.99
697;7;22;10.854;23.38
698;7;23;57.641;11.01
699;7;23;65.225;7.28
700;7;23;69.052;18.31
701;7;24;27.657;21.49
702;7;24;29.517;21.17
703;7;25;77.35;6.72
704;7;25;73.639;8.33
705;7;25;65.324;1.54
706;7;26;10.142;22.74
707;7;27;17.667;23.2
708;7;27;13.683;4.19
709;7;28;9.785;5.58
710;7;28;9.165;12.29
711;7;28;8.983;23.98
712;7;29;35.886;17.34
713;7;29;31.685;18.23
714;7;30;34.854;3.66
715;7;30;33.107;3.1
716;7;30;35.457;13.31
717;7;31;27.657;21.61
718;7;32;22.291;18.18
719;7;33;7.264;21.9
720;7;34;17.743;17.92
721;7;35;32.631;6.19
722;7;36;28.847;18.07
723;7;36;34.056;24.49
724;7;37;48.768;20.53
725;7;37;40.491;17.58
726;7;37;48.966;8.59
727;7;38;29.991;15.79
728;7;38;31.453;20.71
729;7;38;36.656;0.92
730;7;39;38.752;17.18
731;7;39;40.327;23.83
732;7;39;47.021;20.25
733;7;40;40.666;13.75
734;7;40;45.697;16.46
735;7;40;45.228;7.29
736;7;41;50.588;19.26
737;7;41;57.156;0.94
738;7;42;41.27;24.18
739;7;43;26.148;10.77
740;7;44;7.199;8.69
741;7;45;4.41;13.95
742;7;45;4.24;3.04
743;7;46;7.159;5.42
744;7;47;39.107;23.54
745;7;47;32.501;4.91
746;7;47;46.116;13.61
747;7;48;79.963;3.49
748;7;48;76.734;2.78
749;7;48;64.419;14.27
750;7;49;36.549;2.25
751;7;49;31.325;1.0
752;7;49;40.132;5.33
753;8;9;9.76;15.13
754;8;9;10.521;2.25
755;8;10;57.108;19.23
756;8;10;59.571;19.87
757;8;10;70.608;21.92
758;8;11;60.469;11.29
759;8;11;63.083;0.63
760;8;12;35.398;3.01
761;8;12;27.953;2.51
762;8;12;37.606;19.93
763;8;13;47.972;9.04
764;8;13;58.531;22.8
765;8;13;44.758;24.2
766;8;14;45.108;5.24
767;8;14;56.022;8.64
768;8;15;45.512;1.02
769;8;16;18.721;20.61
770;8;16;21.118;15.19
771;8;16;21.33;18.95
772;8;17;73.587;20.55
773;8;17;87.79;13.77
774;8;17;67.901;9.11
775;8;18;52.055;3.86
776;8;18;55.946;15.47
777;8;19;43.017;0.97
778;8;19;37.736;3.48
779;8;19;35.897;5.4
780;8;20;73.841;15.38
781;8;20;71.388;23.36
782;8;20;64.646;5.94
783;8;21;60.087;3.36
784;8;22;41.229;18.24
785;8;22;35.532;12.26
786;8;22;34.154;7.56
787;8;23;103.777;2.36
788;8;23;116.304;4.63
789;8;24;45.992;20.64
790;8;25;123.244;20.78
791;8;26;44.765;12.26
792;8;27;44.149;0.81
793;8;28;45.434;12.1
794;8;28;34.901;12.97
795;8;29;36.867;8.56
796;8;29;44.526;4.23
797;8;29;40.185;20.67
798;8;30;84.661;3.15
799;8;31;45.992;19.75
800;8;31;49.919;5.03
801;8;31;57.339;11.49
802;8;32;44.999;6.48
803;8;32;52.495;10.53
804;8;33;48.832;22.32
805;8;33;58.895;1.22
806;8;34;59.458;8.24
807;8;34;54.234;13.41
808;8;35;49.364;14.18
809;8;35;61.509;10.41
810;8;35;53.581;9.94
811;8;36;46.414;11.02
812;8;36;41.256;19.76
813;8;36;42.249;19.56
814;8;37;10.592;24.44
815;8;38;32.067;18.27
816;8;38;31.471;6.36
817;8;38;26.085;3.17
818;8;39;35.025;5.29
819;8;40;14.458;19.91
820;8;40;17.094;16.64
821;8;41;80.908;9.4
822;8;41;92.601;0.46
823;8;41;67.597;9.1
824;8;42;94.2;13.36
825;8;42;96.049;23.32
826;8;43;42.419;6.87
827;8;44;55.613;0.24
828;8;45;55.097;12.7
829;8;45;56.933;15.47
830;8;46;46.439;11.01
831;8;46;56.326;14.57
832;8;47;37.461;0.91
833;8;48;117.851;17.57
834;8;48;114.984;0.35
835;8;49;28.285;6.71
836;8;49;31.104;19.85
837;9;10;49.934;17.07
838;9;10;51.685;3.3
839;9;10;61.965;22.65
840;9;11;61.754;6.61
841;9;12;36.232;23.77
842;9;12;28.705;24.47
843;9;12;43.204;23.7
844;9;13;45.399;2.69
845;9;14;46.758;21.12
846;9;15;46.546;11.06
847;9;15;44.349;16.79
848;9;16;27.076;14.02
849;9;17;75.617;23.41
850;9;17;58.774;3.61
851;9;18;48.597;18.95
852;9;18;58.213;4.1
853;9;18;56.151;5.2
854;9;19;39.399;12.09
855;9;19;47.58;15.48
856;9;19;47.862;23.54
857;9;20;68.337;6.54
858;9;21;61.902;23.33
859;9;21;71.012;5.31
860;9;21;76.721;19.69
861;9;22;37.798;12.29
862;9;22;38.01;9.12
863;9;22;39.459;0.6
864;9;23;96.25;16.57
865;9;23;91.835;7.25
866;9;23;108.393;20.15
867;9;24;47.138;19.59
868;9;25;122.504;24.7
869;9;25;151.08;11.15
870;9;25;118.911;9.53
871;9;26;41.697;5.76
872;9;26;38.673;18.37
873;9;27;43.076;2.95
874;9;27;42.908;2.83
875;9;27;53.078;21.61
876;9;28;42.419;3.67
877;9;28;52.279;17.12
878;9;29;39.983;3.58
879;9;29;41.785;20.79
880;9;30;78.233;14.76
881;9;31;47.138;12.87
882;9;31;41.732;22.97
883;9;32;45.011;20.97
884;9;33;45.714;11.19
885;9;34;57.987;13.7
886;9;34;49.828;17.63
887;9;34;63.286;17.13
888;9;35;51.362;11.23
889;9;35;47.032;17.22
890;9;35;54.501;24.21
891;9;36;47.793;14.07
892;9;36;55.655;10.46
893;9;36;37.359;8.05
894;9;37;0.866;8.92
895;9;37;1.07;9.25
896;9;37;0.791;24.1
897;9;38;33.346;6.01
898;9;39;38.857;13.69
899;9;39;32.253;12.27
900;9;40;8.722;12.49
901;9;41;82.719;21.95
902;9;41;63.886;11.89
903;9;42;88.825;3.51
904;9;42;84.254;23.89
905;9;42;97.357;4.59
906;9;43;43.259;9.69
907;9;43;35.315;0.49
908;9;44;50.252;1.78
909;9;44;60.506;22.8
910;9;44;43.902;5.26
911;9;45;51.562;6.52
912;9;45;56.229;14.49
913;9;46;42.562;22.27
914;9;47;41.315;24.28
915;9;47;42.975;23.04
916;9;47;33.425;15.85
917;9;48;118.997;5.83
918;9;48;108.261;24.52
919;9;48;136.674;8.48
920;9;49;31.387;5.86
921;9;49;26.0;10.08
922;9;49;29.221;3.24
923;10;11;53.228;10.41
924;10;12;42.406;20.56
925;10;12;51.014;10.34
926;10;13;28.38;1.27
927;10;13;29.621;13.21
928;10;14;47.93;21.48
929;10;15;45.195;5.13
930;10;16;63.856;0.81
931;10;16;78.848;18.48
932;10;17;65.986;23.65
933;10;17;78.103;4.98
934;10;18;24.021;0.73
935;10;19;24.134;12.64
936;10;19;23.142;3.81
937;10;19;20.44;22.68
938;10;20;22.443;14.11
939;10;21;55.908;7.5
940;10;21;43.497;24.1
941;10;21;44.981;4.82
942;10;22;25.455;1.7
943;10;23;46.711;21.96
944;10;23;47.187;22.79
945;10;24;45.875;0.71
946;10;25;91.357;7.95
947;10;26;26.164;1.88
948;10;26;31.287;1.69
949;10;27;35.236;15.48
950;10;28;26.323;5.06
951;10;28;26.489;21.01
952;10;29;51.604;18.92
953;10;29;45.239;9.8
954;10;29;61.98;21.08
955;10;30;28.838;10.77
956;10;30;22.024;0.58
957;10;30;22.977;15.8
958;10;31;45.875;1.17
959;10;31;45.637;0.96
960;10;32;40.323;22.14
961;10;32;45.855;13.49
962;10;32;37.33;3.29
963;10;33;25.655;22.56
964;10;33;21.033;19.44
965;10;34;37.429;9.76
966;10;34;29.745;5.89
967;10;34;33.779;15.62
968;10;35;51.304;8.77
969;10;35;43.938;1.0
970;10;36;47.122;16.55
971;10;36;41.187;22.67
972;10;36;36.636;10.76
973;10;37;49.181;1.9
974;10;37;41.312;1.92
975;10;37;46.796;4.17
976;10;38;43.814;17.5
977;10;38;36.788;10.16
978;10;38;41.66;13.91
979;10;39;53.895;2.45
980;10;40;42.68;13.74
981;10;40;36.243;6.15
982;10;41;70.128;3.44
983;10;41;56.835;4.38
984;10;42;41.633;6.06
985;10;42;47.994;21.39
986;10;42;51.21;2.8
987;10;43;43.48;23.15
988;10;43;32.668;7.13
989;10;44;12.957;17.4
990;10;44;14.953;3.8
991;10;44;12.807;10.38
992;10;45;24.068;19.51
993;10;45;18.676;9.51
994;10;45;24.009;16.29
995;10;46;22.112;21.37
996;10;46;20.074;18.9
997;10;46;26.433;4.73
998;10;47;54.891;14.95
999;10;48;97.238;15.4
1000;10;48;115.81;9.53
1001;10;49;49.508;0.81
1002;10;49;44.378;10.84
1003;10;49;44.621;9.62
1004;11;12;25.526;22.58
1005;11;12;19.154;5.25
1006;11;12;25.279;11.7
1007;11;13;25.644;20.58
1008;11;13;31.07;20.74
1009;11;13;21.001;18.03
1010;11;14;15.372;22.99
1011;11;14;18.074;5.41
1012;11;15;15.208;21.44
1013;11;15;12.294;15.45
1014;11;16;50.168;20.7
1015;11;17;14.501;12.18
1016;11;17;11.378;11.59
1017;11;18;29.21;0.1
1018;11;18;23.903;22.67
1019;11;18;32.155;24.37
1020;11;19;32.326;12.26
1021;11;19;39.148;10.51
1022;11;19;29.635;7.47
1023;11;20;48.168;15.79
1024;11;21;3.361;13.03
1025;11;22;32.276;10.5
1026;11;22;39.076;19.91
1027;11;22;34.325;1.6
1028;11;23;85.235;4.1
1029;11;24;14.627;3.71
1030;11;24;17.751;23.26
1031;11;24;16.61;9.54
1032;11;25;64.423;9.04
1033;11;25;67.298;22.78
1034;11;25;56.554;16.53
1035;11;26;29.198;1.4
1036;11;26;27.349;11.59
1037;11;27;21.551;21.45
1038;11;27;23.72;20.1
1039;11;28;28.693;19.0
1040;11;29;24.63;5.77
1041;11;29;22.191;11.79
1042;11;29;27.967;11.28
1043;11;30;61.687;2.63
1044;11;30;68.025;18.03
1045;11;31;14.627;24.23
1046;11;32;17.568;3.19
1047;11;32;19.954;20.08
1048;11;33;28.044;15.95
1049;11;33;28.079;10.75
1050;11;33;22.509;21.39
1051;11;34;17.085;14.45
1052;11;35;11.546;8.09
1053;11;35;11.568;14.09
1054;11;36;14.075;24.05
1055;11;36;13.278;14.16
1056;11;36;15.471;10.32
1057;11;37;61.686;8.1
1058;11;38;28.573;23.32
1059;11;38;27.866;23.24
1060;11;39;27.476;5.36
1061;11;39;21.041;11.96
1062;11;40;53.966;8.22
1063;11;41;21.106;6.81
1064;11;41;25.134;17.66
1065;11;41;17.481;5.75
1066;11;42;60.565;17.25
1067;11;42;59.165;7.9
1068;11;42;63.675;14.95
1069;11;43;18.504;2.42
1070;11;44;40.557;15.62
1071;11;44;43.047;7.6
1072;11;45;29.451;17.02
1073;11;46;32.459;19.33
1074;11;46;39.892;7.16
1075;11;46;37.271;9.95
1076;11;47;25.602;14.67
1077;11;47;24.824;14.78
1078;11;47;25.878;7.26
1079;11;48;57.419;7.09
1080;11;48;62.868;20.73
1081;11;49;32.509;9.98
1082;11;49;39.836;16.06
1083;12;13;18.034;20.33
1084;12;13;22.211;19.02
1085;12;13;17.749;4.31
1086;12;14;10.748;6.32
1087;12;14;10.464;12.73
1088;12;14;13.065;16.13
1089;12;15;10.322;3.65
1090;12;16;28.971;1.95
1091;12;16;27.459;17.45
1092;12;16;33.819;9.91
1093;12;17;39.479;24.63
1094;12;18;23.842;5.3
1095;12;18;24.546;22.24
1096;12;19;18.528;21.99
1097;12;19;22.354;9.01
1098;12;20;48.998;16.91
1099;12;20;46.208;19.3
1100;12;20;43.634;4.66
1101;12;21;25.756;4.15
1102;12;22;17.004;15.57
1103;12;23;85.017;10.89
1104;12;23;103.308;10.38
1105;12;23;87.275;5.12
1106;12;24;10.906;13.42
1107;12;24;13.471;10.57
1108;12;25;87.948;17.1
1109;12;25;104.604;1.71
1110;12;25;85.114;22.53
1111;12;26;17.511;16.23
1112;12;26;13.203;17.57
1113;12;27;11.015;10.38
1114;12;27;12.042;3.32
1115;12;27;10.335;17.64
1116;12;28;17.738;17.79
1117;12;28;13.523;24.01
1118;12;29;9.237;12.89
1119;12;29;7.25;13.63
1120;12;30;62.303;1.05
1121;12;30;62.299;19.1
1122;12;31;10.906;6.08
1123;12;32;9.857;7.53
1124;12;32;11.63;17.04
1125;12;33;20.363;14.05
1126;12;34;25.458;7.3
1127;12;34;22.706;4.84
1128;12;35;15.512;21.33
1129;12;35;13.707;1.35
1130;12;35;18.994;4.26
1131;12;36;11.6;14.97
1132;12;37;36.177;2.79
1133;12;37;35.35;11.95
1134;12;37;41.306;18.86
1135;12;38;3.511;13.77
1136;12;39;11.562;4.1
1137;12;39;12.73;1.45
1138;12;39;13.604;22.32
1139;12;40;28.603;8.71
1140;12;41;46.506;16.49
1141;12;41;37.594;4.29
1142;12;41;55.543;10.29
1143;12;42;67.324;6.56
1144;12;43;7.079;15.46
1145;12;44;33.289;19.08
1146;12;44;33.199;0.4
1147;12;45;26.476;10.73
1148;12;45;21.884;18.96
1149;12;45;26.652;15.41
1150;12;46;21.391;14.07
1151;12;46;16.968;7.81
1152;12;47;12.504;3.33
1153;12;48;82.867;24.48
1154;12;48;88.315;13.88
1155;12;48;63.391;1.25
1156;12;49;9.829;5.65
1157;13;14;20.072;7.97
1158;13;15;17.198;12.57
1159;13;15;18.548;4.92
1160;13;15;14.459;24.73
1161;13;16;46.063;7.05
1162;13;16;38.342;3.77
1163;13;17;39.493;8.72
1164;13;17;42.667;9.94
1165;13;18;5.893;20.39
1166;13;18;5.117;12.61
1167;13;19;7.406;20.52
1168;13;19;7.748;11.19
1169;13;19;6.605;21.66
1170;13;20;31.01;24.17
1171;13;20;26.806;14.28
1172;13;20;38.47;13.75
1173;13;21;27.982;5.35
1174;13;22;8.231;18.06
1175;13;22;7.777;14.41
1176;13;23;67.493;21.38
1177;13;23;75.156;9.63
1178;13;23;57.648;1.78
1179;13;24;17.815;23.88
1180;13;24;14.961;3.75
1181;13;24;15.732;17.79
1182;13;25;77.694;20.23
1183;13;25;94.167;23.85
1184;13;26;4.209;2.44
1185;13;27;7.708;12.74
1186;13;28;3.504;6.67
1187;13;28;3.459;19.81
1188;13;28;4.198;3.57
1189;13;29;26.057;5.74
1190;13;30;44.461;9.7
1191;13;30;33.847;10.07
1192;13;31;17.815;2.35
1193;13;32;12.365;20.97
1194;13;33;2.805;17.69
1195;13;34;13.514;5.47
1196;13;34;16.446;5.06
1197;13;34;15.817;8.32
1198;13;35;23.02;5.3
1199;13;36;19.032;9.66
1200;13;36;15.571;15.37
1201;13;36;22.019;8.33
1202;13;37;45.02;9.46
1203;13;37;52.797;16.55
1204;13;37;38.029;23.14
1205;13;38;20.912;0.04
1206;13;38;25.493;5.22
1207;13;39;29.019;2.75
1208;13;40;36.695;5.62
1209;13;41;44.869;9.69
1210;13;41;51.479;3.25
1211;13;42;49.42;18.51
1212;13;42;42.456;4.27
1213;13;42;50.788;21.92
1214;13;43;16.173;19.09
1215;13;44;16.782;0.21
1216;13;45;8.447;20.24
1217;13;45;9.111;22.7
1218;13;46;6.815;18.43
1219;13;47;29.241;2.65
1220;13;48;77.298;16.05
1221;13;48;58.16;11.8
1222;13;48;83.997;22.05
1223;13;49;27.562;1.69
1224;13;49;22.31;3.68
1225;13;49;25.658;23.87
1226;14;15;2.93;16.75
1227;14;15;3.033;6.86
1228;14;16;35.483;14.25
1229;14;16;27.757;20.91
1230;14;16;44.064;22.82
1231;14;17;28.859;8.15
1232;14;17;25.424;9.02
1233;14;17;29.884;3.67
1234;14;18;25.659;13.7
1235;14;19;24.083;24.91
1236;14;19;18.977;10.9
1237;14;20;49.732;15.8
1238;14;20;56.584;17.64
1239;14;21;15.151;6.2
1240;14;22;23.19;20.11
1241;14;23;86.899;12.48
1242;14;24;2.493;9.44
1243;14;24;2.769;8.4
1244;14;24;2.252;23.0
1245;14;25;79.27;21.87
1246;14;25;79.195;5.74
1247;14;25;62.342;6.62
1248;14;26;21.767;15.42
1249;14;26;19.749;18.43
1250;14;26;23.489;2.11
1251;14;27;12.704;7.45
1252;14;27;11.287;9.78
1253;14;28;21.618;16.03
1254;14;28;20.645;4.25
1255;14;29;9.971;15.48
1256;14;29;10.488;5.69
1257;14;30;63.49;11.11
1258;14;31;2.493;17.1
1259;14;32;7.711;12.71
1260;14;32;6.945;1.34
1261;14;33;22.87;6.11
1262;14;33;27.17;8.52
1263;14;33;20.334;13.07
1264;14;34;20.993;19.45
1265;14;35;4.784;16.98
1266;14;35;3.911;18.34
1267;14;36;1.755;3.44
1268;14;36;1.81;12.05
1269;14;36;1.938;5.45
1270;14;37;46.746;3.52
1271;14;37;48.32;6.5
1272;14;38;13.413;1.19
1273;14;39;13.189;16.18
1274;14;39;10.505;12.75
1275;14;39;13.928;5.59
1276;14;40;39.311;7.15
1277;14;41;36.006;10.06
1278;14;42;66.028;9.57
1279;14;42;74.293;3.74
1280;14;43;4.84;7.53
1281;14;44;36.848;6.11
1282;14;44;36.625;17.73
1283;14;44;39.588;9.34
1284;14;45;27.449;1.63
1285;14;45;21.23;19.12
1286;14;46;25.823;8.05
1287;14;46;24.2;10.41
1288;14;46;24.41;16.49
1289;14;47;11.984;3.38
1290;14;47;11.542;10.84
1291;14;48;72.749;6.57
1292;14;48;83.517;22.89
1293;14;49;17.194;19.8
1294;14;49;15.292;14.83
1295;14;49;20.353;11.39
1296;15;16;37.002;22.87
1297;15;17;29.303;19.01
1298;15;18;22.745;24.11
1299;15;19;21.505;7.02
1300;15;20;46.819;0.35
1301;15;21;15.628;11.79
1302;15;22;20.726;16.23
1303;15;23;83.972;11.04
1304;15;23;83.199;12.26
1305;15;23;82.707;21.9
1306;15;24;0.76;17.38
1307;15;24;0.805;16.39
1308;15;25;78.211;5.43
1309;15;26;19.06;23.42
1310;15;26;23.081;4.88
1311;15;27;9.969;8.64
1312;15;28;18.873;21.8
1313;15;28;16.108;18.39
1314;15;28;23.123;15.14
1315;15;29;11.952;13.71
1316;15;30;60.572;18.33
1317;15;30;46.252;18.06
1318;15;30;50.328;15.44
1319;15;31;0.76;10.33
1320;15;32;4.879;19.06
1321;15;32;3.9;19.98
1322;15;33;20.0;14.62
1323;15;34;18.455;5.3
1324;15;35;6.494;10.87
1325;15;36;1.983;0.17
1326;15;36;2.181;13.16
1327;15;36;2.36;22.11
1328;15;37;46.48;20.88
1329;15;37;40.713;8.29
1330;15;37;41.005;14.92
1331;15;38;13.464;10.12
1332;15;38;10.524;12.82
1333;15;38;10.584;3.22
1334;15;39;15.254;13.19
1335;15;40;38.807;2.61
1336;15;41;36.234;0.92
1337;15;41;29.335;0.1
1338;15;42;63.257;12.46
1339;15;43;3.328;2.08
1340;15;44;33.979;6.56
1341;15;45;24.519;9.77
1342;15;45;22.98;23.01
1343;15;45;21.104;14.84
1344;15;46;23.084;18.86
1345;15;46;23.937;5.18
1346;15;46;18.298;0.54
1347;15;47;14.361;20.6
1348;15;47;14.646;20.78
1349;15;47;15.14;19.42
1350;15;48;72.557;9.74
1351;15;49;18.196;17.74
1352;15;49;20.247;3.54
1353;15;49;14.491;14.84
1354;16;17;61.384;10.05
1355;16;17;58.786;11.79
1356;16;17;55.199;11.61
1357;16;18;51.433;6.79
1358;16;18;45.454;1.54
1359;16;18;62.864;8.08
1360;16;19;43.764;3.17
1361;16;19;54.051;19.91
1362;16;19;47.246;9.33
1363;16;20;75.973;24.64
1364;16;20;70.464;11.96
1365;16;20;62.6;9.38
1366;16;21;48.874;8.98
1367;16;21;50.544;11.36
1368;16;22;41.877;8.99
1369;16;23;109.833;14.59
1370;16;24;37.21;16.06
1371;16;25;114.568;11.09
1372;16;26;44.213;18.84
1373;16;26;50.567;17.46
1374;16;26;42.746;18.51
1375;16;27;39.848;5.81
1376;16;28;44.693;18.01
1377;16;28;39.085;18.38
1378;16;29;25.626;20.63
1379;16;30;88.461;23.28
1380;16;30;90.711;9.17
1381;16;31;37.21;4.88
1382;16;31;43.835;17.55
1383;16;32;38.502;14.78
1384;16;33;47.882;2.82
1385;16;33;48.58;7.63
1386;16;33;36.073;22.48
1387;16;34;54.329;11.87
1388;16;35;38.631;25.0
1389;16;35;31.488;0.15
1390;16;35;31.596;4.4
1391;16;36;37.142;9.75
1392;16;36;38.621;5.25
1393;16;37;27.723;14.89
1394;16;37;25.472;7.09
1395;16;37;26.379;21.58
1396;16;38;25.585;5.22
1397;16;39;22.692;6.43
1398;16;39;27.597;4.8
1399;16;39;25.054;8.74
1400;16;40;26.588;23.53
1401;16;41;68.826;8.08
1402;16;41;68.225;12.09
1403;16;41;83.812;19.08
1404;16;42;95.326;2.02
1405;16;42;83.271;15.01
1406;16;42;110.712;4.16
1407;16;43;34.699;1.67
1408;16;43;42.496;11.29
1409;16;43;38.46;8.7
1410;16;44;58.515;24.28
1411;16;44;71.329;6.64
1412;16;45;54.347;8.39
1413;16;46;47.246;6.47
1414;16;46;55.941;13.99
1415;16;46;53.745;7.8
1416;16;47;24.677;0.34
1417;16;48;106.092;4.57
1418;16;48;91.513;17.83
1419;16;48;123.719;1.09
1420;16;49;19.222;8.26
1421;16;49;18.043;22.77
1422;16;49;19.219;24.07
1423;17;18;42.271;5.31
1424;17;18;41.378;10.91
1425;17;19;46.477;4.64
1426;17;20;57.399;9.61
1427;17;20;57.433;21.1
1428;17;21;13.725;3.35
1429;17;21;13.897;14.39
1430;17;21;17.124;17.27
1431;17;22;46.565;21.66
1432;17;22;45.23;8.72
1433;17;22;55.955;19.13
1434;17;23;93.102;14.76
1435;17;23;96.385;7.13
1436;17;24;28.647;6.5
1437;17;24;27.888;7.63
1438;17;24;21.803;19.26
1439;17;25;55.48;14.89
1440;17;25;61.353;23.28
1441;17;25;68.502;12.61
1442;17;26;43.283;9.01
1443;17;26;46.217;3.21
1444;17;26;36.892;2.33
1445;17;27;36.011;0.35
1446;17;28;42.726;3.42
1447;17;29;36.838;2.26
1448;17;29;42.036;12.8
1449;17;30;70.123;11.14
1450;17;30;75.557;1.13
1451;17;30;74.786;11.14
1452;17;31;28.647;7.05
1453;17;31;23.922;22.51
1454;17;32;32.05;10.31
1455;17;32;24.222;12.58
1456;17;32;30.813;21.57
1457;17;33;41.666;14.87
1458;17;33;50.971;14.54
1459;17;33;34.277;10.45
1460;17;34;28.594;2.33
1461;17;34;34.243;10.17
1462;17;35;24.314;10.88
1463;17;35;27.571;8.74
1464;17;36;27.879;20.7
1465;17;36;30.099;3.7
1466;17;37;75.602;15.93
1467;17;37;72.937;14.22
1468;17;38;42.272;0.98
1469;17;38;33.726;18.96
1470;17;38;34.542;16.87
1471;17;39;39.149;9.47
1472;17;39;33.603;6.34
1473;17;39;40.863;24.94
1474;17;40;68.074;10.48
1475;17;41;7.444;12.79
1476;17;42;66.005;10.69
1477;17;42;80.976;9.69
1478;17;43;32.631;8.19
1479;17;44;53.065;16.1
1480;17;45;41.918;4.18
1481;17;46;46.263;6.38
1482;17;46;55.456;7.45
1483;17;47;36.905;17.74
1484;17;48;44.72;21.5
1485;17;48;53.717;5.87
1486;17;49;45.309;15.96
1487;18;19;9.199;0.07
1488;18;19;7.228;4.18
1489;18;20;25.157;12.18
1490;18;20;26.995;15.77
1491;18;21;31.901;14.42
1492;18;21;36.9;24.62
1493;18;21;37.992;20.26
1494;18;22;10.87;9.96
1495;18;23;61.618;16.35
1496;18;23;53.443;11.45
1497;18;23;60.812;15.58
1498;18;24;23.314;19.53
1499;18;24;28.754;4.02
1500;18;24;25.006;3.6
1501;18;25;76.063;21.22
1502;18;25;86.138;3.44
1503;18;26;7.399;4.11
1504;18;27;13.572;20.35
1505;18;27;12.955;0.82
1506;18;27;16.556;5.89
1507;18;28;6.816;8.22
1508;18;28;6.131;16.51
1509;18;28;5.91;18.6
1510;18;29;31.95;5.73
1511;18;29;24.512;16.59
1512;18;30;38.57;4.26
1513;18;31;23.314;8.82
1514;18;31;18.395;19.73
1515;18;31;21.443;10.68
1516;18;32;18.012;15.2
1517;18;32;15.38;9.98
1518;18;33;3.558;21.25
1519;18;33;4.026;19.8
1520;18;34;14.211;19.19
1521;18;35;28.231;11.57
1522;18;36;24.494;17.45
1523;18;36;19.846;10.96
1524;18;36;18.935;20.45
1525;18;37;48.138;17.08
1526;18;37;42.036;6.74
1527;18;37;40.902;21.88
1528;18;38;26.6;5.39
1529;18;38;28.445;22.24
1530;18;38;31.206;6.99
1531;18;39;34.908;20.57
1532;18;40;39.886;12.57
1533;18;40;41.595;18.12
1534;18;41;46.969;9.87
1535;18;42;43.898;23.29
1536;18;42;45.626;18.2
1537;18;42;48.128;11.01
1538;18;43;21.973;0.87
1539;18;43;24.125;16.81
1540;18;44;11.583;14.32
1541;18;44;9.377;21.33
1542;18;45;3.047;23.59
1543;18;45;2.29;21.47
1544;18;46;6.249;13.21
1545;18;46;4.962;1.95
1546;18;47;35.128;5.5
1547;18;48;77.466;9.2
1548;18;48;82.041;18.03
1549;18;48;73.326;11.38
1550;18;49;33.232;3.18
1551;19;20;32.227;19.47
1552;19;20;27.705;9.02
1553;19;20;37.238;1.77
1554;19;21;34.368;10.17
1555;19;21;41.11;0.31
1556;19;21;36.406;13.96
1557;19;22;1.897;0.44
1558;19;22;2.146;14.48
1559;19;23;66.937;0.93
1560;19;23;52.464;3.79
1561;19;24;22.227;18.28
1562;19;25;84.631;9.36
1563;19;26;3.248;7.32
1564;19;27;11.648;22.86
1565;19;27;12.113;10.31
1566;19;27;11.256;18.45
1567;19;28;3.909;5.18
1568;19;29;27.607;9.3
1569;19;29;25.888;0.22
1570;19;29;28.019;16.39
1571;19;30;44.819;23.35
1572;19;30;54.181;2.88
1573;19;31;22.227;17.97
1574;19;32;16.748;6.89
1575;19;32;15.402;24.5
1576;19;32;13.886;9.93
1577;19;33;6.556;21.57
1578;19;33;7.181;13.29
1579;19;33;7.978;24.34
1580;19;34;20.863;7.38
1581;19;34;21.695;9.28
1582;19;35;27.876;13.95
1583;19;35;28.217;17.87
1584;19;36;23.479;21.47
1585;19;36;19.467;22.85
1586;19;36;23.332;0.87
1587;19;37;38.943;10.62
1588;19;38;20.445;19.94
1589;19;39;30.089;2.75
1590;19;40;30.687;15.45
1591;19;41;52.081;14.52
1592;19;41;49.343;17.19
1593;19;41;61.724;3.98
1594;19;42;51.946;18.52
1595;19;42;56.694;16.58
1596;19;42;39.917;2.14
1597;19;43;19.469;17.78
1598;19;44;15.062;5.28
1599;19;44;12.313;23.65
1600;19;44;14.981;3.91
1601;19;45;12.186;5.84
1602;19;45;14.223;6.57
1603;19;45;9.588;19.02
1604;19;46;3.532;15.14
1605;19;46;3.266;5.97
1606;19;47;30.9;9.48
1607;19;48;84.689;16.15
1608;19;49;26.736;2.89
1609;19;49;31.367;20.52
1610;19;49;26.783;7.71
1611;20;21;51.445;21.76
1612;20;22;34.121;17.88
1613;20;22;31.921;1.2
1614;20;22;40.154;5.43
1615;20;23;37.38;0.47
1616;20;24;47.259;7.39
1617;20;24;54.621;8.73
1618;20;24;49.664;22.85
1619;20;25;70.88;22.95
1620;20;25;53.379;8.0
1621;20;25;76.504;3.31
1622;20;26;31.918;8.32
1623;20;27;38.546;23.04
1624;20;27;45.591;17.07
1625;20;28;31.525;6.25
1626;20;28;37.068;24.41
1627;20;29;56.963;2.86
1628;20;29;44.246;4.49
1629;20;30;13.798;21.55
1630;20;31;47.259;0.7
1631;20;31;48.114;8.92
1632;20;32;42.459;15.92
1633;20;33;28.646;6.74
1634;20;33;27.863;11.86
1635;20;33;31.043;16.51
1636;20;34;31.245;22.5
1637;20;34;32.599;10.58
1638;20;34;27.358;1.29
1639;20;35;51.287;9.97
1640;20;35;57.21;7.15
1641;20;35;53.924;8.99
1642;20;36;48.307;6.63
1643;20;36;37.84;23.37
1644;20;37;67.696;5.36
1645;20;37;82.141;11.39
1646;20;38;51.688;14.43
1647;20;38;53.016;6.78
1648;20;38;44.665;20.29
1649;20;39;59.995;10.25
1650;20;39;65.162;0.84
1651;20;39;60.648;22.03
1652;20;40;60.114;16.31
1653;20;41;59.367;17.23
1654;20;41;47.306;1.91
1655;20;41;50.092;14.66
1656;20;42;20.49;4.35
1657;20;43;46.665;15.96
1658;20;43;45.621;12.45
1659;20;44;18.228;18.63
1660;20;44;13.898;7.3
1661;20;44;20.114;4.12
1662;20;45;22.663;7.27
1663;20;45;22.109;11.4
1664;20;46;28.729;22.15
1665;20;47;60.077;3.1
1666;20;48;79.928;1.96
1667;20;48;74.303;6.78
1668;20;49;58.284;16.67
1669;21;22;34.163;5.88
1670;21;22;37.668;16.23
1671;21;23;88.556;1.5
1672;21;24;14.954;13.19
1673;21;25;66.004;8.62
1674;21;25;61.053;4.28
1675;21;26;31.323;6.08
1676;21;27;23.195;24.89
1677;21;27;24.533;17.14
1678;21;28;30.866;7.71
1679;21;28;24.525;15.08
1680;21;28;28.104;2.45
1681;21;29;23.636;10.47
1682;21;30;64.996;13.28
1683;21;31;14.954;13.64
1684;21;31;11.799;2.93
1685;21;31;15.417;9.61
1686;21;32;18.772;7.92
1687;21;32;21.636;23.05
1688;21;33;30.495;15.63
1689;21;33;37.323;2.15
1690;21;34;20.283;9.4
1691;21;35;10.724;3.64
1692;21;35;8.683;17.7
1693;21;35;12.459;24.21
1694;21;36;14.157;12.64
1695;21;37;61.881;10.56
1696;21;37;65.598;10.99
1697;21;38;28.563;24.57
1698;21;39;26.25;2.71
1699;21;39;19.839;22.26
1700;21;39;30.941;8.18
1701;21;40;54.354;8.72
1702;21;41;20.867;9.28
1703;21;41;20.196;15.38
1704;21;41;22.037;14.06
1705;21;42;63.918;11.01
1706;21;42;72.718;22.58
1707;21;43;18.951;18.39
1708;21;44;43.358;19.6
1709;21;44;37.047;13.57
1710;21;44;47.788;4.83
1711;21;45;32.328;13.04
1712;21;46;34.77;7.77
1713;21;46;28.48;1.91
1714;21;47;24.198;22.12
1715;21;47;27.431;10.2
1716;21;48;57.824;6.31
1717;21;48;68.763;17.6
1718;21;48;70.517;21.32
1719;21;49;31.884;13.87
1720;22;23;68.717;0.43
1721;22;23;56.008;10.61
1722;22;24;21.465;20.14
1723;22;24;16.763;0.48
1724;22;24;21.48;10.97
1725;22;25;85.837;14.6
1726;22;25;82.12;16.15
1727;22;25;97.023;9.62
1728;22;26;4.08;20.61
1729;22;26;5.022;7.42
1730;22;27;11.104;13.06
1731;22;27;8.747;24.76
1732;22;27;11.821;5.37
1733;22;28;4.821;4.01
1734;22;29;26.162;12.83
1735;22;30;46.677;24.07
1736;22;30;52.65;13.48
1737;22;30;45.46;4.26
1738;22;31;21.465;2.17
1739;22;31;21.725;22.04
1740;22;32;16.093;8.59
1741;22;33;7.941;7.99
1742;22;34;21.734;5.3
1743;22;34;17.285;21.79
1744;22;34;24.639;24.71
1745;22;35;27.172;22.57
1746;22;35;28.597;21.16
1747;22;35;25.139;23.16
1748;22;36;22.709;13.33
1749;22;36;25.014;8.87
1750;22;36;26.951;18.31
1751;22;37;37.362;0.31
1752;22;38;18.76;24.64
1753;22;38;15.973;11.92
1754;22;38;20.813;2.8
1755;22;39;28.551;6.36
1756;22;40;29.078;14.97
1757;22;40;26.151;14.78
1758;22;40;32.922;2.2
1759;22;41;52.353;2.29
1760;22;42;53.837;23.18
1761;22;42;48.73;6.19
1762;22;42;46.657;0.4
1763;22;43;18.477;3.62
1764;22;43;14.025;7.28
1765;22;44;16.863;12.15
1766;22;45;13.895;2.46
1767;22;46;5.426;19.89
1768;22;46;6.168;7.44
1769;22;46;5.488;7.51
1770;22;47;29.452;21.74
1771;22;47;32.637;10.83
1772;22;48;85.443;7.2
1773;22;49;24.972;7.55
1774;22;49;20.308;19.71
1775;23;24;84.45;14.59
1776;23;24;80.493;16.76
1777;23;24;76.237;12.68
1778;23;25;89.77;5.06
1779;23;26;67.512;14.92
1780;23;26;80.055;22.02
1781;23;26;55.525;18.44
1782;23;27;75.189;11.82
1783;23;27;85.581;12.87
1784;23;28;67.282;20.5
1785;23;28;79.436;4.3
1786;23;28;77.048;11.91
1787;23;29;93.521;12.89
1788;23;29;85.045;24.71
1789;23;29;107.317;6.29
1790;23;30;23.616;15.55
1791;23;30;29.209;0.01
1792;23;31;84.45;3.59
1793;23;32;79.454;19.67
1794;23;33;64.881;13.83
1795;23;34;68.519;2.95
1796;23;35;88.638;15.49
1797;23;35;90.553;14.78
1798;23;36;85.535;6.51
1799;23;37;95.462;23.58
1800;23;37;97.965;1.25
1801;23;38;87.307;11.32
1802;23;38;102.858;3.45
1803;23;38;103.497;23.24
1804;23;39;96.388;1.65
1805;23;39;92.61;13.09
1806;23;39;110.243;17.09
1807;23;40;89.327;6.99
1808;23;40;75.168;7.02
1809;23;41;93.798;14.95
1810;23;42;29.586;18.98
1811;23;43;83.549;3.39
1812;23;44;51.879;4.89
1813;23;44;53.2;5.85
1814;23;45;59.503;22.11
1815;23;45;66.818;17.78
1816;23;45;69.998;18.9
1817;23;46;63.744;5.19
1818;23;47;96.727;18.38
1819;23;47;78.021;0.9
1820;23;48;105.798;14.49
1821;23;49;93.673;20.51
1822;23;49;109.217;6.29
1823;24;25;77.853;8.37
1824;24;26;19.755;8.33
1825;24;26;16.32;9.59
1826;24;26;15.96;13.77
1827;24;27;10.664;23.96
1828;24;28;19.555;18.91
1829;24;29;11.984;24.17
1830;24;29;14.017;16.63
1831;24;30;61.024;10.51
1832;24;30;54.044;14.64
1833;24;31;0.0;14.35
1834;24;31;0.0;17.55
1835;24;32;5.552;10.93
1836;24;32;6.597;11.74
1837;24;33;20.62;18.68
1838;24;33;24.418;18.01
1839;24;33;16.638;5.04
1840;24;34;18.593;19.14
1841;24;34;14.8;20.4
1842;24;35;5.739;11.83
1843;24;36;1.253;5.97
1844;24;36;1.486;13.61
1845;24;36;1.303;4.63
1846;24;37;47.081;12.98
1847;24;37;57.798;2.04
1848;24;37;43.833;17.58
1849;24;38;13.977;13.77
1850;24;38;17.464;21.44
1851;24;38;12.47;3.57
1852;24;39;15.269;20.07
1853;24;39;15.47;4.54
1854;24;40;39.442;3.67
1855;24;40;30.303;7.25
1856;24;40;43.544;15.86
1857;24;41;35.612;21.77
1858;24;41;37.474;3.86
1859;24;41;37.106;16.64
1860;24;42;63.546;20.51
1861;24;43;4.002;4.52
1862;24;44;34.595;16.29
1863;24;44;32.928;9.22
1864;24;45;25.033;8.98
1865;24;45;22.665;5.66
1866;24;46;23.766;24.72
1867;24;47;14.258;15.93
1868;24;47;12.889;1.57
1869;24;47;11.578;20.23
1870;24;48;72.013;15.22
1871;24;49;18.52;24.1
1872;25;26;81.758;5.06
1873;25;26;61.57;23.6
1874;25;27;79.476;4.12
1875;25;28;81.016;23.07
1876;25;28;99.797;24.37
1877;25;29;88.962;21.56
1878;25;29;81.739;1.65
1879;25;30;75.592;13.21
1880;25;30;75.108;14.86
1881;25;31;77.853;4.7
1882;25;32;78.248;5.82
1883;25;33;78.082;15.47
1884;25;34;64.575;17.71
1885;25;34;51.361;10.49
1886;25;35;75.941;15.29
1887;25;35;87.908;20.11
1888;25;35;72.853;17.69
1889;25;36;77.704;16.1
1890;25;36;63.632;9.91
1891;25;37;122.224;1.06
1892;25;37;132.041;21.5
1893;25;37;126.182;0.98
1894;25;38;91.381;20.13
1895;25;38;110.225;22.06
1896;25;38;110.785;15.15
1897;25;39;91.887;9.0
1898;25;39;110.353;12.53
1899;25;39;82.026;23.15
1900;25;40;113.946;21.47
1901;25;41;48.774;11.59
1902;25;41;49.159;24.47
1903;25;42;61.781;15.71
1904;25;42;47.115;8.53
1905;25;43;81.072;17.9
1906;25;44;80.83;13.44
1907;25;45;73.607;18.39
1908;25;45;60.007;5.61
1909;25;45;81.024;18.22
1910;25;46;82.258;20.17
1911;25;47;90.019;5.04
1912;25;47;76.892;7.26
1913;25;48;23.74;7.91
1914;25;48;21.588;23.02
1915;25;49;96.367;6.58
1916;26;27;9.092;22.18
1917;26;27;11.326;17.28
1918;26;28;0.742;1.4
1919;26;28;0.725;7.73
1920;26;29;26.27;23.87
1921;26;29;31.09;10.57
1922;26;30;44.946;8.78
1923;26;30;40.925;2.25
1924;26;31;19.755;0.82
1925;26;32;14.209;5.3
1926;26;32;14.192;14.14
1927;26;33;4.071;20.5
1928;26;33;5.064;15.85
1929;26;33;3.329;5.25
1930;26;34;17.719;13.27
1931;26;34;18.583;18.82
1932;26;35;25.295;23.01
1933;26;35;19.954;12.31
1934;26;35;31.561;19.17
1935;26;36;21.006;16.6
1936;26;36;23.777;22.81
1937;26;36;17.432;10.96
1938;26;37;41.284;2.54
1939;26;37;43.281;12.6
1940;26;38;19.886;20.26
1941;26;39;28.972;23.83
1942;26;39;30.507;20.06
1943;26;39;32.665;9.29
1944;26;40;32.976;15.17
1945;26;40;29.894;23.18
1946;26;40;34.006;3.44
1947;26;41;48.843;24.08
1948;26;42;51.138;19.31
1949;26;42;62.979;2.66
1950;26;43;17.353;4.4
1951;26;43;21.546;4.93
1952;26;43;19.568;21.6
1953;26;44;15.826;10.89
1954;26;44;16.406;4.56
1955;26;45;10.435;19.19
1956;26;45;10.362;21.71
1957;26;46;4.095;23.14
1958;26;46;3.591;19.44
1959;26;47;29.545;20.34
1960;26;48;81.504;14.35
1961;26;48;71.731;11.28
1962;26;49;26.416;21.24
1963;26;49;20.773;13.18
1964;26;49;25.706;3.56
1965;27;28;8.916;17.73
1966;27;28;9.146;14.03
1967;27;29;18.422;5.09
1968;27;29;22.057;24.65
1969;27;29;18.268;24.47
1970;27;30;52.091;16.9
1971;27;30;47.939;15.58
1972;27;31;10.664;24.88
1973;27;31;9.576;15.29
1974;27;31;9.852;24.93
1975;27;32;5.126;22.95
1976;27;32;3.886;6.23
1977;27;32;5.999;19.9
1978;27;33;10.416;18.18
1979;27;34;15.322;11.03
1980;27;34;15.517;2.39
1981;27;34;16.239;12.2
1982;27;35;16.247;0.63
1983;27;35;15.181;13.86
1984;27;35;14.951;8.07
1985;27;36;11.916;5.7
1986;27;36;9.902;0.87
1987;27;36;11.403;12.15
1988;27;37;42.833;9.19
1989;27;38;14.274;11.41
1990;27;38;17.045;19.09
1991;27;38;12.724;6.92
1992;27;39;21.46;6.78
1993;27;40;34.629;22.78
1994;27;41;42.199;17.28
1995;27;42;56.41;2.85
1996;27;43;8.507;8.82
1997;27;43;9.636;10.23
1998;27;44;24.3;1.64
1999;27;45;15.883;6.6
2000;27;46;13.124;5.16
2001;27;47;21.57;23.19
2002;27;48;76.741;17.39
2003;27;48;88.687;10.03
2004;27;48;63.993;17.51
2005;27;49;20.827;19.05
2006;28;29;26.395;14.75
2007;28;29;24.894;6.81
2008;28;30;44.63;22.15
2009;28;30;45.268;12.23
2010;28;31;19.555;23.1
2011;28;31;15.187;8.25
2012;28;32;14.003;6.21
2013;28;32;12.142;1.66
2014;28;33;3.402;0.94
2015;28;33;3.905;2.35
2016;28;33;4.032;20.78
2017;28;34;17.0;5.31
2018;28;34;14.026;21.74
2019;28;35;25.046;12.24
2020;28;35;24.371;11.95
2021;28;36;20.804;0.46
2022;28;36;21.846;21.25
2023;28;37;42.008;3.59
2024;28;37;48.928;5.11
2025;28;37;45.643;21.42
2026;28;38;20.207;13.88
2027;28;38;15.404;16.74
2028;28;38;21.673;5.81
2029;28;39;29.146;2.76
2030;28;40;33.698;11.26
2031;28;40;33.894;8.45
2032;28;41;48.236;8.13
2033;28;42;50.638;18.47
2034;28;42;52.89;21.29
2035;28;43;17.282;11.56
2036;28;44;15.707;2.23
2037;28;44;13.391;2.22
2038;28;45;9.834;5.26
2039;28;45;10.981;4.55
2040;28;45;8.947;10.24
2041;28;46;4.211;21.86
2042;28;46;4.725;9.94
2043;28;47;29.659;22.51
2044;28;47;32.744;1.2
2045;28;48;80.801;8.78
2046;28;49;26.77;9.43
2047;29;30;70.506;7.02
2048;29;30;71.474;8.4
2049;29;30;63.563;19.51
2050;29;31;11.984;21.76
2051;29;32;14.945;17.58
2052;29;32;15.005;23.76
2053;29;32;12.391;11.94
2054;29;33;28.64;18.0
2055;29;33;23.365;24.72
2056;29;34;30.3;1.62
2057;29;34;37.815;1.25
2058;29;35;13.091;7.45
2059;29;35;12.517;24.58
2060;29;36;11.693;21.33
2061;29;36;14.002;20.89
2062;29;37;40.119;24.13
2063;29;38;8.953;5.55
2064;29;38;11.016;9.38
2065;29;38;9.237;19.02
2066;29;39;3.31;20.26
2067;29;40;33.563;9.13
2068;29;40;41.731;1.35
2069;29;41;44.226;2.97
2070;29;41;39.887;12.84
2071;29;42;74.426;1.47
2072;29;42;57.552;4.53
2073;29;43;10.632;2.94
2074;29;43;9.106;6.63
2075;29;44;42.092;20.79
2076;29;44;40.822;9.28
2077;29;45;34.301;16.7
2078;29;45;41.249;3.12
2079;29;46;30.277;20.31
2080;29;46;34.293;5.33
2081;29;47;3.293;1.33
2082;29;47;2.488;0.48
2083;29;47;3.395;9.43
2084;29;48;81.402;2.8
2085;29;48;79.286;15.62
2086;29;49;8.671;12.12
2087;29;49;7.654;23.27
2088;29;49;10.576;0.08
2089;30;31;61.024;23.21
2090;30;32;56.153;8.74
2091;30;32;59.881;23.08
2092;30;33;41.967;12.78
2093;30;34;44.909;9.68
2094;30;35;65.084;4.93
2095;30;35;74.019;6.99
2096;30;35;73.316;14.0
2097;30;36;62.083;15.58
2098;30;37;77.521;9.06
2099;30;38;64.83;3.54
2100;30;38;70.557;24.93
2101;30;39;73.478;5.64
2102;30;39;62.301;9.69
2103;30;39;83.89;21.8
2104;30;40;70.48;10.98
2105;30;40;61.72;9.06
2106;30;40;85.912;16.05
2107;30;41;71.407;17.59
2108;30;41;56.567;24.01
2109;30;42;15.436;1.21
2110;30;43;60.322;1.95
2111;30;43;50.78;16.1
2112;30;44;29.95;5.9
2113;30;44;30.976;14.18
2114;30;45;36.251;21.45
2115;30;45;41.553;20.77
2116;30;45;31.594;10.9
2117;30;46;41.435;7.23
2118;30;46;33.866;4.07
2119;30;47;73.659;16.99
2120;30;48;87.942;23.57
2121;30;48;92.227;21.78
2122;30;48;105.612;22.5
2123;30;49;71.35;3.96
2124;31;32;5.552;9.07
2125;31;33;20.62;5.33
2126;31;33;15.682;7.69
2127;31;33;16.413;11.02
2128;31;34;18.593;16.21
2129;31;35;5.739;10.52
2130;31;35;4.624;0.52
2131;31;35;7.121;23.13
2132;31;36;1.253;19.77
2133;31;36;1.526;17.14
2134;31;37;47.081;23.89
2135;31;38;13.977;9.38
2136;31;38;11.288;16.07
2137;31;39;15.269;1.79
2138;31;39;15.167;10.48
2139;31;39;18.624;1.4
2140;31;40;39.442;2.73
2141;31;40;48.608;6.73
2142;31;41;35.612;6.07
2143;31;41;41.546;3.11
2144;31;42;63.546;20.25
2145;31;42;69.269;24.68
2146;31;43;4.002;24.96
2147;31;43;3.88;2.58
2148;31;44;34.595;24.41
2149;31;44;26.429;4.05
2150;31;44;26.59;9.18
2151;31;45;25.033;1.53
2152;31;45;28.466;7.43
2153;31;45;24.27;14.93
2154;31;46;23.766;23.98
2155;31;46;21.876;23.32
2156;31;46;23.112;18.02
2157;31;47;14.258;7.81
2158;31;48;72.013;11.99
2159;31;48;81.022;11.15
2160;31;48;79.258;2.49
2161;31;49;18.52;21.04
2162;32;33;15.161;11.46
2163;32;34;15.85;20.58
2164;32;34;13.793;23.37
2165;32;35;11.129;2.0
2166;32;35;12.883;20.81
2167;32;36;6.801;19.69
2168;32;36;7.534;13.35
2169;32;37;44.859;18.25
2170;32;37;36.182;1.01
2171;32;38;13.365;20.78
2172;32;38;10.733;15.92
2173;32;38;11.995;0.48
2174;32;39;18.193;20.36
2175;32;39;19.328;10.64
2176;32;40;36.879;1.78
2177;32;41;38.597;20.13
2178;32;42;59.499;16.35
2179;32;42;48.565;6.16
2180;32;42;47.581;13.45
2181;32;43;4.319;0.9
2182;32;43;3.254;17.35
2183;32;44;29.138;3.18
2184;32;44;25.843;13.68
2185;32;45;19.951;5.42
2186;32;46;18.214;8.64
2187;32;47;17.835;18.7
2188;32;47;19.802;10.67
2189;32;47;19.529;23.89
2190;32;48;74.072;1.59
2191;32;48;89.312;1.26
2192;32;49;19.29;19.0
2193;33;34;14.692;23.45
2194;33;34;17.711;21.15
2195;33;34;14.155;11.86
2196;33;35;25.811;13.24
2197;33;36;21.837;18.18
2198;33;36;27.224;21.81
2199;33;37;45.288;1.77
2200;33;37;37.455;11.47
2201;33;37;52.344;20.45
2202;33;38;23.066;21.48
2203;33;38;23.386;23.93
2204;33;39;31.539;5.3
2205;33;39;30.421;10.23
2206;33;40;36.992;5.3
2207;33;40;44.572;19.23
2208;33;41;46.809;14.16
2209;33;41;38.121;24.85
2210;33;41;43.66;24.67
2211;33;42;47.454;16.34
2212;33;42;37.269;11.31
2213;33;43;18.914;11.58
2214;33;43;20.596;18.18
2215;33;43;18.218;3.38
2216;33;44;13.98;13.45
2217;33;44;15.449;16.27
2218;33;44;16.971;15.29
2219;33;45;6.496;0.25
2220;33;45;5.633;4.4
2221;33;46;4.728;7.48
2222;33;46;4.972;9.27
2223;33;47;31.852;11.84
2224;33;47;29.728;17.32
2225;33;48;78.505;9.97
2226;33;48;62.386;7.14
2227;33;48;72.81;8.79
2228;33;49;29.69;0.43
2229;33;49;32.367;0.43
2230;33;49;32.217;23.27
2231;34;35;21.079;2.35
2232;34;35;22.416;18.25
2233;34;35;16.88;4.38
2234;34;36;19.289;10.66
2235;34;36;21.453;22.85
2236;34;36;18.387;21.56
2237;34;37;57.683;22.85
2238;34;38;28.942;20.03
2239;34;39;33.609;3.63
2240;34;39;30.754;7.24
2241;34;40;49.387;11.91
2242;34;40;43.147;13.38
2243;34;40;54.701;10.63
2244;34;41;32.85;1.3
2245;34;42;45.45;15.79
2246;34;42;50.058;15.2
2247;34;43;19.896;19.3
2248;34;43;21.616;0.03
2249;34;44;24.486;1.47
2250;34;45;13.392;7.45
2251;34;45;11.597;0.5
2252;34;45;11.02;10.77
2253;34;46;19.386;4.67
2254;34;46;15.2;22.79
2255;34;47;32.816;18.12
2256;34;47;36.044;15.22
2257;34;48;63.847;20.29
2258;34;49;35.108;7.4
2259;34;49;31.384;7.98
2260;34;49;41.881;6.69
2261;35;36;4.534;21.76
2262;35;36;5.389;16.56
2263;35;37;51.373;2.87
2264;35;37;42.805;0.05
2265;35;37;41.332;12.56
2266;35;38;18.039;16.84
2267;35;38;18.489;14.1
2268;35;39;15.946;8.18
2269;35;40;44.025;4.64
2270;35;40;49.0;5.31
2271;35;40;47.437;11.74
2272;35;41;31.563;11.14
2273;35;41;36.779;8.63
2274;35;42;66.528;10.85
2275;35;43;9.394;19.0
2276;35;43;8.681;18.35
2277;35;44;39.703;21.93
2278;35;44;33.165;7.6
2279;35;45;29.633;15.53
2280;35;45;32.902;9.22
2281;35;45;31.157;14.53
2282;35;46;29.244;0.36
2283;35;46;30.726;8.98
2284;35;47;14.161;0.1
2285;35;48;68.535;1.4
2286;35;48;75.725;24.04
2287;35;48;82.3;20.55
2288;35;49;21.172;7.5
2289;35;49;18.015;10.27
2290;35;49;25.532;2.93
2291;36;37;47.756;18.49
2292;36;38;14.514;1.08
2293;36;39;14.928;20.78
2294;36;40;40.197;0.33
2295;36;41;34.926;2.2
2296;36;41;27.534;20.53
2297;36;41;30.472;19.97
2298;36;42;64.413;19.64
2299;36;43;4.963;10.54
2300;36;44;35.807;2.29
2301;36;44;35.639;13.4
2302;36;44;42.259;11.43
2303;36;45;26.162;16.08
2304;36;45;20.344;20.15
2305;36;46;25.015;21.02
2306;36;47;13.739;2.26
2307;36;48;71.494;4.86
2308;36;49;18.686;12.2
2309;36;49;22.135;13.92
2310;37;38;33.342;5.8
2311;37;38;36.969;7.32
2312;37;38;36.082;0.47
2313;37;39;39.06;5.88
2314;37;40;8.326;23.77
2315;37;40;7.863;20.95
2316;37;40;8.848;7.65
2317;37;41;82.679;16.05
2318;37;41;74.791;24.03
2319;37;42;88.185;3.94
2320;37;42;81.883;0.69
2321;37;43;43.184;14.67
2322;37;43;49.588;5.24
2323;37;44;49.635;18.88
2324;37;45;51.092;1.23
2325;37;45;53.544;8.12
2326;37;46;42.077;22.08
2327;37;47;41.514;23.33
2328;37;47;47.119;3.79
2329;37;48;118.881;13.97
2330;37;48;143.636;15.88
2331;37;48;105.885;2.03
2332;37;49;31.553;9.18
2333;37;49;33.062;4.46
2334;38;39;10.342;24.11
2335;38;40;26.038;0.21
2336;38;40;26.937;6.88
2337;38;41;49.405;13.55
2338;38;42;70.322;23.62
2339;38;42;81.499;22.8
2340;38;42;80.374;10.88
2341;38;43;10.358;8.95
2342;38;43;11.174;10.67
2343;38;44;35.446;7.36
2344;38;44;37.107;18.25
2345;38;45;29.347;10.6
2346;38;45;28.3;22.88
2347;38;45;27.586;13.21
2348;38;46;23.563;15.57
2349;38;46;19.959;10.79
2350;38;47;11.905;18.85
2351;38;47;12.288;8.09
2352;38;47;9.46;5.63
2353;38;48;85.984;1.78
2354;38;49;6.651;20.15
2355;39;40;32.982;7.5
2356;39;41;46.577;12.69
2357;39;41;55.829;11.21
2358;39;41;53.948;12.25
2359;39;42;77.629;24.77
2360;39;42;71.617;15.06
2361;39;42;72.725;24.14
2362;39;43;13.893;10.47
2363;39;44;44.79;13.35
2364;39;44;40.819;4.45
2365;39;45;37.336;5.21
2366;39;46;32.913;23.05
2367;39;47;2.466;13.78
2368;39;47;1.95;11.03
2369;39;48;83.829;10.05
2370;39;48;71.762;1.07
2371;39;48;73.89;23.93
2372;39;49;7.648;13.38
2373;40;41;75.039;13.08
2374;40;41;87.229;9.97
2375;40;41;61.59;18.96
2376;40;42;80.577;20.01
2377;40;43;35.485;15.68
2378;40;43;33.634;1.93
2379;40;44;41.936;5.88
2380;40;45;42.859;4.66
2381;40;45;42.471;12.34
2382;40;45;48.834;17.42
2383;40;46;33.876;24.49
2384;40;46;34.175;17.96
2385;40;47;35.37;14.99
2386;40;48;110.95;3.11
2387;40;48;88.812;21.71
2388;40;49;25.336;11.53
2389;41;42;65.697;6.09
2390;41;42;64.584;18.36
2391;41;43;39.554;11.94
2392;41;43;42.812;8.71
2393;41;43;46.686;4.49
2394;41;44;57.176;2.91
2395;41;44;45.115;14.65
2396;41;44;43.412;4.79
2397;41;45;46.214;8.04
2398;41;45;39.155;0.17
2399;41;46;51.502;1.67
2400;41;47;44.343;8.47
2401;41;47;47.233;6.15
2402;41;48;37.277;9.73
2403;41;49;52.651;12.03
2404;41;49;42.721;4.34
2405;42;43;63.818;4.27
2406;42;43;49.182;16.72
2407;42;44;38.647;10.81
2408;42;44;35.113;20.63
2409;42;45;41.023;14.69
2410;42;45;50.832;15.2
2411;42;45;45.349;7.93
2412;42;46;48.414;5.0
2413;42;46;44.905;24.92
2414;42;46;41.947;3.42
2415;42;47;77.323;11.92
2416;42;47;94.098;12.73
2417;42;48;76.384;3.92
2418;42;48;59.872;4.91
2419;42;49;76.973;23.47
2420;42;49;57.896;10.77
2421;42;49;74.768;23.72
2422;43;44;32.803;15.94
2423;43;44;34.076;18.45
2424;43;44;39.149;17.06
2425;43;45;24.077;13.68
2426;43;45;20.311;10.82
2427;43;46;21.444;13.88
2428;43;46;17.016;4.2
2429;43;47;13.525;7.73
2430;43;47;14.317;16.31
2431;43;47;16.692;19.47
2432;43;48;75.795;19.26
2433;43;48;63.557;0.66
2434;43;49;15.608;6.11
2435;43;49;17.878;5.94
2436;44;45;11.176;14.79
2437;44;45;9.308;22.53
2438;44;45;11.812;3.18
2439;44;46;11.906;20.54
2440;44;47;45.361;10.88
2441;44;47;44.79;23.13
2442;44;48;85.109;2.63
2443;44;48;103.544;4.0
2444;44;49;41.795;0.55
2445;44;49;37.236;11.86
2446;44;49;51.172;14.65
2447;45;46;9.057;2.15
2448;45;47;37.425;2.21
2449;45;47;35.827;17.97
2450;45;47;44.068;12.49
2451;45;48;75.688;2.07
2452;45;48;70.862;6.56
2453;45;49;35.994;13.0
2454;45;49;34.691;7.13
2455;45;49;40.223;12.92
2456;46;47;33.559;19.54
2457;46;47;30.129;21.61
2458;46;47;32.11;18.61
2459;46;48;83.146;1.22
2460;46;48;76.579;21.77
2461;46;48;98.565;12.74
2462;46;49;29.975;19.26
2463;47;48;81.613;15.68
2464;47;48;98.994;1.41
2465;47;48;98.755;20.57
2466;47;49;10.043;15.4
2467;48;49;89.706;14.93
