VERTEX_COUNT 50
PATH_COUNT 1
BUDGET 540
<------------ VERTICES ------------>
0;START;41.374834;2.170055;0.0;0.0
1;Anella Olímpica(Olympic Park);41.364778;2.152575;45.0;84.56
2;Palau Güell;41.378864;2.174117;45.0;81.33
3;Basilica of the Sagrada Família;41.403568;2.174435;45.0;79.41
4;Museu Nacional d’Art de Catalunya;41.36882;2.153347;45.0;78.17
5;La Pedrera (Casa Milà);41.395271;2.161785;45.0;78.1
6;Museu d’Història de Catalunya - MHC;41.380852;2.185799;45.0;76.32
7;Basilica of Sants Just i Pastor;41.382812;2.178195;45.0;76.07
8;Parc de la Ciutadella;41.389248;2.186548;45.0;75.14
9;Avinguda d’Icària;41.391556;2.197416;45.0;74.79
10;Parc de Diagonal Mar;41.407215;2.214539;45.0;73.69
11;Galeria d’Art Mar Grup Escolà;41.392349;2.167836;45.0;71.76
12;Montjuïc Castle;41.363823;2.167096;45.0;71.46
13;L’Aquàrium;41.376625;2.184117;45.0;70.14
14;Platja de la Nova Mar Bella;41.40205;2.21529;45.0;69.17
15;Poble Espanyol;41.368679;2.147031;45.0;68.88
16;Passeig de Gràcia;41.390739;2.166672;45.0;68.22
17;Park Güell;41.414249;2.151926;45.0;65.03
18;Museu Palmero;41.424667;2.139856;45.0;63.73
19;Platja de la Barceloneta;41.379158;2.192717;45.0;60.53
20;Casa Batlló;41.391758;2.164961;45.0;59.82
21;Museu Frederic Marès;41.384178;2.176819;45.0;58.81
22;Basilica of Santa Maria del Mar;41.383518;2.1818;45.0;58.72
23;Rambla del Raval;41.378681;2.169317;45.0;58.41
24;Turó de la Rovira viewing point;41.419388;2.161812;45.0;58.25
25;Antic Hospital de la Santa Creu;41.380573;2.170374;45.0;57.81
26;90th Jean Bouin;41.373077;2.150465;45.0;57.6
27;La Colmena;41.383835;2.178294;45.0;57.36
28;Royal Dockyards Museu Marítim ;41.375286;2.17598;45.0;57.32
29;Plaça del Rei;41.384144;2.177409;45.0;57.24
30;Plaça de Catalunya;41.387005;2.17003;45.0;57.06
31;Platja del Bogatell;41.394341;2.2066;45.0;56.14
32;Poblenou Cemetery;41.394859;2.201189;45.0;56.14
33;Casa Martí, Els Quatre Gats ;41.385775;2.173671;45.0;55.04
34;Parc de la Creueta del Coll;41.41935;2.146432;45.0;54.01
35;Palau Sant Jordi;41.363441;2.152537;45.0;54.0
36;Museu Picasso;41.385181;2.180863;45.0;53.97
37;Casa Vicens;41.403442;2.150684;45.0;52.94
38;Museu de la Moto ;41.383327;2.174488;45.0;51.61
39;Santa Eulàlia small schooner;41.376385;2.179861;45.0;50.0
40;Casa Comalat;41.397072;2.160723;45.0;49.12
41;Museu d’Història de Barcelona;41.384144;2.177409;45.0;48.58
42;El Fossar de les Moreres;41.383713;2.18243;45.0;48.55
43;Palau Montaner;41.39555;2.1652;45.0;48.17
44;Rambla del Poblenou;41.40192;2.200141;45.0;47.39
45;67th International Epiphany Hockey Tournament ;41.381253;2.114447;45.0;47.34
46;El Born Centre Cultural;41.385818;2.183785;45.0;47.26
47;Olympic Stadium Lluís Companys;41.364746;2.155624;45.0;47.09
48;Despair;41.387653;2.188076;45.0;47.03
49;FINISH;41.374834;2.170055;0.0;0.0
<------------- EDGES -------------->
0;0;1;28.285;4.44
1;0;2;8.647;24.79
2;0;2;10.002;18.9
3;0;3;49.491;6.72
4;0;4;23.796;4.93
5;0;4;19.03;0.68
6;0;4;18.599;14.82
7;0;5;36.549;2.79
8;0;5;39.529;1.14
9;0;6;22.688;17.4
10;0;6;24.118;0.92
11;0;6;28.02;7.69
12;0;7;17.194;17.0
13;0;7;20.766;8.42
14;0;7;19.718;19.8
15;0;8;32.509;19.64
16;0;9;45.309;14.47
17;0;10;79.572;2.7
18;0;11;30.107;10.29
19;0;11;23.868;17.36
20;0;11;25.217;21.06
21;0;12;19.222;15.05
22;0;12;17.738;23.27
23;0;12;23.824;20.13
24;0;13;18.315;24.9
25;0;13;18.487;16.19
26;0;13;13.99;12.78
27;0;14;74.442;19.5
28;0;14;89.535;0.73
29;0;14;77.63;0.65
30;0;15;31.387;3.73
31;0;15;35.681;5.1
32;0;15;26.831;0.51
33;0;16;27.562;5.74
34;0;17;71.35;6.86
35;0;17;88.565;3.67
36;0;18;93.673;23.89
37;0;19;30.026;21.82
38;0;19;25.325;15.27
39;0;20;29.69;15.61
40;0;21;18.196;13.38
41;0;21;20.42;7.71
42;0;22;21.172;6.95
43;0;23;6.651;2.27
44;0;23;6.534;13.12
45;0;23;8.114;18.69
46;0;24;76.973;12.28
47;0;24;80.009;23.3
48;0;25;9.829;19.74
49;0;25;7.566;19.64
50;0;26;25.336;15.93
51;0;26;19.948;20.32
52;0;27;18.686;15.3
53;0;27;18.56;12.34
54;0;28;7.648;5.7
55;0;28;9.069;21.57
56;0;28;8.682;5.67
57;0;29;18.52;3.95
58;0;29;15.692;18.23
59;0;30;20.827;5.59
60;0;31;57.583;10.05
61;0;31;47.52;4.08
62;0;31;47.104;1.2
63;0;32;52.651;17.76
64;0;32;47.001;5.11
65;0;32;55.523;13.64
66;0;33;19.29;17.85
67;0;33;15.953;17.0
68;0;33;17.789;21.97
69;0;34;81.991;7.7
70;0;34;84.356;0.87
71;0;35;29.769;9.75
72;0;35;30.206;0.12
73;0;36;22.496;21.93
74;0;36;20.975;12.46
75;0;36;27.621;15.67
76;0;37;54.909;1.08
77;0;37;62.323;15.1
78;0;38;15.608;16.41
79;0;38;14.887;5.87
80;0;39;12.868;13.14
81;0;39;14.014;23.98
82;0;40;39.896;23.91
83;0;40;45.845;2.49
84;0;40;40.049;14.29
85;0;41;18.52;3.53
86;0;42;21.985;15.87
87;0;43;35.994;4.56
88;0;43;31.211;22.63
89;0;43;27.63;24.57
90;0;44;60.335;1.38
91;0;44;60.261;13.99
92;0;44;56.35;4.11
93;0;45;72.243;17.92
94;0;45;72.531;12.67
95;0;46;25.77;12.3
96;0;46;29.852;5.06
97;0;46;23.698;18.7
98;0;47;25.327;14.6
99;0;47;26.577;11.8
100;0;47;19.52;10.57
101;0;48;31.884;3.82
102;0;48;29.173;23.86
103;0;48;31.862;9.29
104;0;49;0.0;18.81
105;0;49;0.0;3.66
106;0;49;0.0;18.61
107;1;2;36.692;8.8
108;1;2;35.363;16.05
109;1;2;35.271;9.4
110;1;3;72.069;16.98
111;1;3;81.058;20.55
112;1;3;86.732;18.81
113;1;4;6.988;5.88
114;1;4;5.692;10.88
115;1;4;7.3;8.83
116;1;5;53.504;19.62
117;1;5;48.519;11.56
118;1;5;64.823;2.08
119;1;6;50.763;3.9
120;1;7;45.108;4.88
121;1;7;38.184;20.87
122;1;7;47.913;7.08
123;1;8;60.469;14.4
124;1;9;73.587;10.34
125;1;9;76.208;4.52
126;1;9;75.224;14.99
127;1;10;107.715;16.04
128;1;11;51.088;5.73
129;1;11;51.027;20.1
130;1;11;62.926;8.93
131;1;12;18.721;14.53
132;1;13;45.296;7.62
133;1;13;49.318;2.16
134;1;13;56.307;12.92
135;1;14;102.722;23.59
136;1;15;9.76;19.7
137;1;15;8.105;9.33
138;1;15;8.659;19.8
139;1;16;47.972;17.81
140;1;17;84.661;19.87
141;1;18;103.777;23.05
142;1;18;84.528;7.09
143;1;18;103.569;2.32
144;1;19;57.121;3.24
145;1;20;48.832;6.12
146;1;21;45.512;18.65
147;1;21;39.687;20.86
148;1;21;49.461;14.05
149;1;22;49.364;7.07
150;1;22;38.956;13.58
151;1;23;32.067;18.15
152;1;23;26.599;12.46
153;1;23;28.455;22.14
154;1;24;94.2;2.39
155;1;24;106.072;19.79
156;1;25;35.398;11.8
157;1;25;32.012;12.97
158;1;26;14.458;1.81
159;1;27;46.414;3.28
160;1;27;43.592;9.3
161;1;28;35.025;13.92
162;1;29;45.992;3.3
163;1;29;36.326;18.15
164;1;29;49.447;3.91
165;1;30;44.149;4.87
166;1;30;52.885;19.88
167;1;30;44.539;8.76
168;1;31;85.857;18.07
169;1;32;80.908;2.54
170;1;33;44.999;8.75
171;1;33;36.21;24.01
172;1;34;93.718;17.68
173;1;34;83.735;7.88
174;1;34;78.074;1.2
175;1;35;2.288;23.47
176;1;35;2.537;23.78
177;1;36;50.384;9.89
178;1;36;38.388;7.58
179;1;36;48.625;2.42
180;1;37;66.208;20.76
181;1;37;76.048;13.44
182;1;37;81.92;3.72
183;1;38;42.419;24.57
184;1;38;51.808;14.83
185;1;38;37.718;4.29
186;1;39;40.279;15.39
187;1;40;56.245;0.77
188;1;40;47.493;11.37
189;1;41;45.992;18.86
190;1;41;50.566;13.6
191;1;41;42.082;24.75
192;1;42;50.197;5.5
193;1;42;50.924;24.93
194;1;43;55.097;6.83
195;1;43;46.884;12.52
196;1;43;67.308;16.35
197;1;44;88.145;1.7
198;1;44;83.539;6.64
199;1;45;56.499;21.81
200;1;45;63.233;16.56
201;1;45;46.878;24.17
202;1;46;53.875;1.45
203;1;46;58.249;15.34
204;1;47;3.916;15.38
205;1;47;4.021;10.08
206;1;48;60.087;9.42
207;1;49;28.285;16.31
208;1;49;24.949;22.37
209;1;49;29.336;23.49
210;2;3;42.276;13.55
211;2;4;31.73;4.02
212;2;4;24.832;9.34
213;2;5;32.233;18.68
214;2;6;15.381;24.38
215;2;7;8.547;24.38
216;2;8;23.885;11.28
217;2;9;36.967;3.16
218;2;9;28.9;1.74
219;2;9;39.061;22.61
220;2;10;71.038;7.78
221;2;10;76.956;24.79
222;2;10;87.962;13.04
223;2;11;24.444;9.57
224;2;11;21.083;4.43
225;2;12;27.272;17.18
226;2;13;13.4;21.56
227;2;13;14.512;1.1
228;2;13;13.609;3.34
229;2;14;66.092;14.75
230;2;14;62.686;12.9
231;2;14;61.751;11.18
232;2;15;38.904;17.07
233;2;16;22.457;23.19
234;2;17;66.918;15.94
235;2;18;89.874;14.15
236;2;19;23.888;0.44
237;2;20;25.001;16.83
238;2;20;26.656;17.93
239;2;20;30.79;15.82
240;2;21;9.733;9.78
241;2;21;12.086;15.28
242;2;22;12.678;3.92
243;2;22;12.75;7.17
244;2;23;6.171;0.61
245;2;23;6.295;18.72
246;2;24;71.122;14.87
247;2;25;5.626;5.63
248;2;25;5.769;17.91
249;2;26;31.945;23.01
250;2;27;10.056;22.92
251;2;27;7.677;21.1
252;2;28;6.574;16.51
253;2;28;7.27;19.83
254;2;28;5.495;5.97
255;2;29;9.975;8.2
256;2;30;14.887;5.46
257;2;30;17.935;2.17
258;2;30;14.763;20.62
259;2;31;49.403;23.54
260;2;32;44.241;15.99
261;2;32;41.991;0.89
262;2;32;39.231;12.69
263;2;33;11.84;10.78
264;2;33;11.522;3.69
265;2;34;77.863;12.42
266;2;35;38.269;9.75
267;2;35;31.172;3.83
268;2;36;13.852;12.75
269;2;37;51.71;7.22
270;2;38;7.652;0.57
271;2;38;8.348;12.39
272;2;38;8.024;6.66
273;2;39;8.509;1.11
274;2;40;35.588;2.52
275;2;40;43.275;20.39
276;2;41;9.975;6.66
277;2;41;8.682;16.14
278;2;41;8.309;24.81
279;2;42;13.52;15.76
280;2;42;13.569;17.14
281;2;43;30.763;24.42
282;2;43;23.624;14.47
283;2;43;37.38;9.25
284;2;44;51.699;15.26
285;2;44;54.19;21.89
286;2;44;57.372;22.57
287;2;45;76.725;2.82
288;2;45;91.492;20.91
289;2;46;17.196;1.38
290;2;46;18.287;10.86
291;2;46;16.727;20.17
292;2;47;33.877;16.53
293;2;48;23.397;17.32
294;2;48;22.691;12.16
295;2;48;23.105;11.96
296;2;49;8.647;11.51
297;2;49;7.735;3.25
298;3;4;65.336;0.38
299;3;5;21.57;3.46
300;3;5;20.786;18.52
301;3;6;41.52;2.93
302;3;6;34.224;4.24
303;3;7;35.845;8.57
304;3;7;41.748;3.03
305;3;8;29.022;10.98
306;3;8;33.894;18.13
307;3;8;35.775;20.64
308;3;9;35.955;13.71
309;3;9;39.911;22.56
310;3;9;37.708;4.06
311;3;10;51.851;18.77
312;3;10;52.081;13.03
313;3;11;20.984;5.0
314;3;12;68.662;6.03
315;3;13;47.752;3.82
316;3;14;52.504;18.3
317;3;15;69.299;3.72
318;3;15;65.811;9.29
319;3;16;24.109;1.29
320;3;16;29.474;16.08
321;3;16;25.141;21.23
322;3;17;34.185;20.69
323;3;18;57.209;24.51
324;3;18;59.544;14.34
325;3;18;64.147;0.53
326;3;19;47.913;14.93
327;3;19;47.684;22.82
328;3;19;56.463;22.15
329;3;20;23.587;15.04
330;3;20;18.824;5.41
331;3;20;27.51;19.5
332;3;21;33.322;11.92
333;3;21;33.373;18.97
334;3;22;35.589;14.16
335;3;23;43.091;16.11
336;3;24;31.549;12.93
337;3;24;32.176;19.14
338;3;24;35.844;13.12
339;3;25;39.694;2.85
340;3;26;60.577;5.02
341;3;27;34.129;15.46
342;3;28;48.438;22.92
343;3;28;37.617;12.44
344;3;29;33.457;11.77
345;3;30;28.902;12.7
346;3;30;25.505;15.45
347;3;30;24.924;8.65
348;3;31;44.204;24.64
349;3;31;45.837;12.85
350;3;32;37.436;22.41
351;3;32;28.244;9.25
352;3;33;30.463;3.03
353;3;33;30.091;13.31
354;3;34;44.955;23.48
355;3;35;74.2;11.42
356;3;35;72.592;22.41
357;3;36;32.528;11.93
358;3;36;36.974;23.0
359;3;37;30.486;14.18
360;3;38;34.637;6.82
361;3;38;37.108;15.04
362;3;38;27.211;19.72
363;3;39;47.035;14.88
364;3;39;55.413;4.56
365;3;39;56.945;24.19
366;3;40;20.817;19.53
367;3;41;33.457;10.4
368;3;42;35.493;22.62
369;3;42;34.59;15.83
370;3;42;31.864;12.73
371;3;43;18.132;19.55
372;3;44;33.115;21.89
373;3;45;85.958;1.24
374;3;45;65.13;20.32
375;3;45;84.852;7.68
376;3;46;32.66;19.35
377;3;46;39.869;1.27
378;3;47;70.687;7.98
379;3;48;32.378;9.89
380;3;49;49.491;12.63
381;3;49;40.999;12.62
382;3;49;43.276;4.79
383;4;5;46.542;7.88
384;4;5;46.287;22.23
385;4;6;46.481;4.38
386;4;6;53.621;7.55
387;4;7;39.892;5.98
388;4;7;35.056;8.63
389;4;8;55.131;8.3
390;4;8;46.388;20.56
391;4;8;59.377;7.78
392;4;9;68.67;2.74
393;4;10;102.414;11.62
394;4;10;102.127;20.16
395;4;11;44.354;19.94
396;4;11;33.874;16.74
397;4;12;19.619;24.44
398;4;12;19.274;4.61
399;4;13;41.71;17.51
400;4;13;36.758;12.04
401;4;14;97.767;7.72
402;4;14;84.853;19.05
403;4;15;8.115;16.67
404;4;15;8.535;4.5
405;4;15;8.204;7.84
406;4;16;41.226;14.95
407;4;16;32.719;8.62
408;4;17;77.761;12.7
409;4;17;93.772;11.76
410;4;17;69.061;23.81
411;4;18;97.123;11.52
412;4;18;84.86;23.23
413;4;19;53.562;0.43
414;4;20;41.989;8.1
415;4;21;39.989;7.37
416;4;22;44.356;13.2
417;4;22;46.578;7.67
418;4;23;26.558;17.88
419;4;24;87.213;24.03
420;4;24;98.011;13.03
421;4;24;84.105;20.96
422;4;25;29.708;0.54
423;4;25;25.721;15.17
424;4;26;8.171;14.21
425;4;26;10.103;8.0
426;4;27;41.065;13.17
427;4;27;36.81;19.99
428;4;27;43.234;2.15
429;4;28;31.099;5.08
430;4;28;34.474;18.78
431;4;28;36.574;20.41
432;4;29;40.525;10.17
433;4;29;47.029;16.12
434;4;30;37.779;15.31
435;4;31;81.132;2.24
436;4;31;64.335;2.71
437;4;32;75.887;5.25
438;4;32;66.419;23.08
439;4;32;94.387;6.04
440;4;33;39.024;7.64
441;4;33;36.145;8.1
442;4;34;86.923;6.34
443;4;34;97.527;12.4
444;4;34;107.262;12.19
445;4;35;9.263;12.89
446;4;35;9.78;2.02
447;4;36;45.08;3.69
448;4;37;59.345;21.75
449;4;37;66.739;23.67
450;4;38;36.786;22.26
451;4;39;36.426;8.66
452;4;39;35.494;16.85
453;4;39;33.779;10.55
454;4;40;49.264;20.33
455;4;41;40.525;1.93
456;4;42;45.212;7.21
457;4;43;48.206;3.69
458;4;43;36.66;14.13
459;4;44;82.57;0.2
460;4;45;54.294;9.95
461;4;45;64.114;22.01
462;4;45;61.599;15.53
463;4;46;48.72;8.78
464;4;46;41.377;11.54
465;4;46;50.536;13.53
466;4;47;7.56;10.86
467;4;47;6.291;8.67
468;4;47;8.724;7.31
469;4;48;55.02;7.9
470;4;49;23.796;15.53
471;5;6;39.488;7.06
472;5;7;29.973;1.97
473;5;7;36.326;5.96
474;5;7;36.205;0.18
475;5;8;33.419;17.98
476;5;8;35.835;8.69
477;5;8;33.957;1.6
478;5;9;46.181;23.91
479;5;9;34.885;13.97
480;5;10;70.732;14.51
481;5;10;82.31;13.73
482;5;10;68.658;16.29
483;5;11;9.238;21.08
484;5;11;6.94;3.08
485;5;12;54.245;13.22
486;5;12;45.353;19.7
487;5;13;42.897;0.97
488;5;14;69.654;5.08
489;5;14;79.74;14.06
490;5;14;75.94;16.89
491;5;15;49.291;14.48
492;5;15;55.03;5.2
493;5;16;9.975;3.62
494;5;16;10.455;13.1
495;5;16;10.222;5.83
496;5;17;34.854;19.63
497;5;17;30.242;10.57
498;5;18;57.641;24.17
499;5;19;48.346;16.68
500;5;19;55.501;4.17
501;5;19;57.309;4.95
502;5;20;7.264;21.5
503;5;21;27.071;23.3
504;5;22;32.631;11.89
505;5;22;34.414;18.3
506;5;23;29.991;18.16
507;5;24;41.27;17.33
508;5;24;43.102;6.22
509;5;24;47.163;21.1
510;5;25;27.463;19.48
511;5;25;33.792;20.43
512;5;26;40.666;7.2
513;5;27;28.847;0.42
514;5;27;22.131;11.27
515;5;27;24.691;10.71
516;5;28;38.752;2.15
517;5;29;27.657;5.08
518;5;29;29.225;12.03
519;5;30;17.667;7.27
520;5;30;19.208;14.26
521;5;31;57.552;24.62
522;5;32;50.588;17.31
523;5;33;22.291;1.06
524;5;34;45.674;19.0
525;5;34;53.799;7.9
526;5;34;39.875;24.01
527;5;35;55.748;0.8
528;5;35;43.162;4.22
529;5;36;29.967;11.85
530;5;36;28.163;12.37
531;5;37;19.964;2.9
532;5;37;23.693;17.32
533;5;38;26.148;8.68
534;5;38;26.923;14.18
535;5;38;29.559;11.77
536;5;39;39.788;24.97
537;5;39;44.822;12.2
538;5;40;3.37;3.75
539;5;41;27.657;9.96
540;5;41;22.965;8.15
541;5;42;33.071;22.29
542;5;43;4.41;22.88
543;5;44;50.533;3.11
544;5;44;39.338;16.32
545;5;44;46.987;9.74
546;5;45;65.337;13.01
547;5;45;52.597;2.84
548;5;46;32.548;21.21
549;5;46;28.793;10.13
550;5;47;52.831;14.33
551;5;48;36.182;0.98
552;5;49;36.549;21.29
553;6;7;10.323;20.47
554;6;7;8.066;10.6
555;6;7;9.868;23.81
556;6;8;14.4;19.26
557;6;8;15.419;7.69
558;6;9;23.621;4.11
559;6;10;58.279;20.18
560;6;10;62.979;3.4
561;6;11;30.314;18.05
562;6;11;28.342;13.83
563;6;11;35.147;1.21
564;6;12;37.763;15.25
565;6;13;7.549;16.05
566;6;14;52.433;18.87
567;6;14;39.404;2.56
568;6;14;63.796;4.04
569;6;15;53.965;22.61
570;6;15;51.698;5.77
571;6;15;57.102;9.33
572;6;16;29.821;15.32
573;6;16;24.603;4.76
574;6;16;27.696;10.02
575;6;17;71.81;2.97
576;6;18;95.389;13.07
577;6;19;9.344;15.19
578;6;19;8.467;8.59
579;6;20;32.62;12.84
580;6;21;12.858;14.56
581;6;21;13.231;16.62
582;6;21;15.576;19.34
583;6;22;6.869;16.23
584;6;22;5.367;9.96
585;6;23;21.487;14.96
586;6;24;72.778;21.23
587;6;25;19.811;24.04
588;6;25;24.57;5.76
589;6;25;17.197;7.12
590;6;26;47.282;8.18
591;6;27;10.905;8.71
592;6;27;9.797;12.83
593;6;27;9.927;6.32
594;6;28;15.801;6.02
595;6;29;12.156;16.37
596;6;30;22.821;23.95
597;6;30;21.583;6.39
598;6;31;35.299;3.55
599;6;31;37.764;6.36
600;6;32;31.063;2.36
601;6;32;29.514;1.25
602;6;32;25.16;4.38
603;6;33;17.705;3.23
604;6;34;83.027;8.74
605;6;35;52.078;11.25
606;6;35;41.256;23.0
607;6;36;9.749;12.55
608;6;36;9.241;17.35
609;6;37;59.384;16.86
610;6;38;15.128;21.65
611;6;38;14.467;4.81
612;6;39;10.797;1.44
613;6;39;10.194;7.14
614;6;40;42.507;9.28
615;6;40;33.347;23.21
616;6;40;33.045;17.72
617;6;41;12.156;19.06
618;6;41;10.539;15.27
619;6;42;6.533;2.02
620;6;42;6.242;10.59
621;6;43;36.496;19.97
622;6;43;41.104;8.41
623;6;44;40.482;20.27
624;6;44;40.335;21.09
625;6;44;45.997;16.46
626;6;45;91.617;1.23
627;6;45;82.612;23.94
628;6;46;8.883;2.46
629;6;46;6.754;19.1
630;6;46;9.954;18.56
631;6;47;47.551;17.49
632;6;47;45.583;13.17
633;6;47;46.534;16.7
634;6;48;12.0;4.47
635;6;48;10.373;12.09
636;6;49;22.688;15.29
637;7;8;15.372;5.61
638;7;8;13.73;2.77
639;7;8;12.279;10.55
640;7;9;28.859;19.37
641;7;10;62.614;7.19
642;7;10;52.937;22.36
643;7;10;75.066;9.6
644;7;11;21.053;9.95
645;7;12;35.483;22.55
646;7;13;13.035;2.26
647;7;13;12.436;4.11
648;7;14;57.892;16.57
649;7;14;68.288;2.36
650;7;14;48.577;7.36
651;7;15;46.758;1.48
652;7;15;51.674;22.43
653;7;16;20.072;9.29
654;7;16;24.448;1.65
655;7;17;63.49;8.95
656;7;17;61.597;19.48
657;7;18;86.899;2.35
658;7;19;19.667;2.83
659;7;19;23.356;1.3
660;7;19;22.483;3.35
661;7;20;22.87;23.59
662;7;20;21.813;8.62
663;7;21;2.93;11.23
664;7;22;4.784;24.03
665;7;23;13.413;0.37
666;7;24;66.028;4.35
667;7;24;76.782;10.5
668;7;25;10.748;3.31
669;7;26;39.311;11.65
670;7;26;34.041;24.97
671;7;26;39.036;20.91
672;7;27;1.755;11.54
673;7;27;1.364;18.93
674;7;28;13.189;23.92
675;7;28;11.929;7.06
676;7;28;10.983;5.18
677;7;29;2.493;24.0
678;7;29;2.783;24.03
679;7;30;12.704;8.11
680;7;31;41.462;13.11
681;7;32;36.006;5.79
682;7;32;30.105;9.45
683;7;33;7.711;3.5
684;7;33;9.18;18.66
685;7;33;7.074;8.55
686;7;34;74.643;23.91
687;7;35;46.738;1.66
688;7;35;55.689;7.24
689;7;35;53.226;10.08
690;7;36;5.307;20.55
691;7;37;49.936;6.88
692;7;38;4.84;15.38
693;7;39;11.204;21.8
694;7;39;11.149;12.35
695;7;40;33.145;3.85
696;7;40;40.566;17.28
697;7;40;27.627;15.25
698;7;41;2.493;9.82
699;7;42;5.652;7.97
700;7;42;4.663;22.6
701;7;43;27.449;1.21
702;7;43;23.114;4.38
703;7;44;43.161;10.29
704;7;45;81.893;13.51
705;7;45;63.106;21.15
706;7;45;64.942;23.63
707;7;46;8.83;8.44
708;7;47;42.377;15.64
709;7;47;48.515;4.43
710;7;48;15.151;6.82
711;7;49;17.194;1.16
712;7;49;18.972;0.14
713;7;49;13.594;8.11
714;8;9;14.501;10.88
715;8;10;47.29;1.39
716;8;10;47.859;16.52
717;8;10;36.474;3.31
718;8;11;24.601;10.45
719;8;12;50.168;21.76
720;8;12;41.396;23.22
721;8;13;21.825;10.6
722;8;13;24.76;19.59
723;8;14;42.91;5.46
724;8;15;61.754;14.46
725;8;16;25.644;7.79
726;8;16;23.84;2.93
727;8;17;61.687;18.5
728;8;17;61.758;18.93
729;8;18;85.235;17.48
730;8;19;18.996;13.23
731;8;20;28.044;11.12
732;8;20;34.819;11.22
733;8;21;15.208;3.03
734;8;22;11.546;2.85
735;8;22;11.14;14.96
736;8;23;28.573;13.54
737;8;23;34.366;3.2
738;8;23;31.809;5.49
739;8;24;60.565;5.94
740;8;24;53.458;15.54
741;8;24;52.404;8.39
742;8;25;25.526;23.38
743;8;26;53.966;5.93
744;8;26;45.106;9.83
745;8;26;67.12;1.29
746;8;27;14.075;3.2
747;8;27;10.696;5.27
748;8;28;27.476;5.71
749;8;28;34.304;7.37
750;8;28;29.207;0.62
751;8;29;14.627;8.34
752;8;29;14.642;20.55
753;8;29;14.058;0.61
754;8;30;21.551;0.14
755;8;30;19.828;20.66
756;8;31;27.178;14.44
757;8;31;29.606;14.81
758;8;31;22.346;9.62
759;8;32;21.106;21.84
760;8;33;17.568;23.9
761;8;33;13.93;11.72
762;8;33;14.599;24.23
763;8;34;72.833;0.77
764;8;34;66.543;0.66
765;8;34;71.804;16.0
766;8;35;62.109;23.19
767;8;35;53.01;12.38
768;8;36;10.085;22.52
769;8;37;52.053;10.75
770;8;38;18.504;10.35
771;8;38;14.028;18.92
772;8;39;23.627;22.03
773;8;40;35.754;22.18
774;8;40;41.907;1.99
775;8;40;28.614;13.2
776;8;41;14.627;9.59
777;8;41;11.658;13.95
778;8;42;10.847;9.12
779;8;42;10.551;10.34
780;8;42;8.886;5.4
781;8;43;29.451;24.01
782;8;43;24.85;21.43
783;8;43;33.465;7.88
784;8;44;27.834;8.21
785;8;45;93.576;24.98
786;8;45;114.94;17.56
787;8;45;90.319;9.31
788;8;46;6.858;23.76
789;8;47;57.747;19.96
790;8;48;3.361;24.77
791;8;49;32.509;10.63
792;8;49;26.098;12.43
793;9;10;34.657;16.42
794;9;11;37.998;16.88
795;9;11;31.159;8.01
796;9;12;61.384;13.13
797;9;13;30.731;7.45
798;9;13;34.947;24.09
799;9;13;31.33;23.72
800;9;14;29.136;2.34
801;9;14;32.33;23.91
802;9;15;75.617;20.38
803;9;16;39.493;12.16
804;9;16;36.156;3.61
805;9;16;49.356;5.07
806;9;17;70.123;13.79
807;9;17;83.811;3.03
808;9;17;86.024;23.72
809;9;18;93.102;0.3
810;9;18;107.698;14.14
811;9;18;98.005;6.63
812;9;19;22.057;8.95
813;9;20;41.666;12.45
814;9;21;29.303;13.74
815;9;21;34.398;10.32
816;9;22;24.314;12.62
817;9;22;18.979;17.47
818;9;23;42.272;8.93
819;9;23;36.979;13.92
820;9;24;66.005;4.31
821;9;24;75.958;10.9
822;9;25;39.479;15.82
823;9;25;43.166;19.13
824;9;26;68.074;1.24
825;9;26;64.793;5.59
826;9;27;27.879;16.94
827;9;27;24.419;24.45
828;9;27;31.96;16.07
829;9;28;39.149;24.34
830;9;28;29.727;9.59
831;9;29;28.647;19.25
832;9;29;35.577;13.31
833;9;30;36.011;12.81
834;9;30;43.079;15.99
835;9;30;28.338;11.5
836;9;31;12.717;13.01
837;9;32;7.444;21.27
838;9;32;8.811;4.0
839;9;33;32.05;21.02
840;9;34;80.897;8.85
841;9;34;89.714;12.08
842;9;35;75.07;15.51
843;9;36;23.888;24.02
844;9;36;24.221;0.85
845;9;36;19.22;9.77
846;9;37;63.342;7.12
847;9;37;52.434;13.15
848;9;38;32.631;24.86
849;9;39;34.38;13.9
850;9;39;42.588;15.1
851;9;39;39.295;11.25
852;9;40;48.04;2.26
853;9;41;28.647;11.44
854;9;41;34.15;4.27
855;9;41;29.642;1.37
856;9;42;23.458;6.14
857;9;43;41.918;20.1
858;9;44;18.077;23.02
859;9;44;22.012;14.82
860;9;44;21.899;1.96
861;9;45;107.971;5.4
862;9;45;112.096;21.11
863;9;46;20.066;13.87
864;9;46;23.102;2.46
865;9;46;15.334;23.2
866;9;47;70.601;8.86
867;9;47;66.773;24.08
868;9;47;69.163;14.58
869;9;48;13.725;13.27
870;9;48;15.032;6.5
871;9;48;11.132;5.8
872;9;49;45.309;11.74
873;10;11;65.123;8.71
874;10;12;96.041;21.13
875;10;12;87.44;17.42
876;10;12;112.086;14.68
877;10;13;65.31;2.38
878;10;14;8.891;6.61
879;10;15;108.905;17.04
880;10;15;90.609;13.76
881;10;15;108.944;22.93
882;10;16;67.603;24.19
883;10;16;51.854;22.07
884;10;16;76.692;8.84
885;10;17;81.254;17.72
886;10;17;93.984;17.06
887;10;18;100.386;23.63
888;10;19;55.587;22.24
889;10;20;68.917;2.47
890;10;20;78.31;10.27
891;10;20;85.249;16.1
892;10;21;62.439;18.56
893;10;22;58.401;19.55
894;10;23;75.858;9.38
895;10;23;83.343;18.71
896;10;23;91.576;11.28
897;10;24;70.801;4.96
898;10;25;72.753;24.14
899;10;25;77.522;20.67
900;10;25;82.602;1.36
901;10;26;100.892;23.97
902;10;27;61.364;13.06
903;10;27;52.418;12.79
904;10;28;73.727;18.36
905;10;28;85.659;21.81
906;10;29;61.891;11.66
907;10;29;59.163;12.58
908;10;29;60.92;23.53
909;10;30;66.786;3.07
910;10;30;70.905;1.29
911;10;30;75.804;19.25
912;10;31;24.273;24.35
913;10;32;27.216;14.68
914;10;33;64.018;3.24
915;10;33;70.242;9.66
916;10;33;61.078;6.37
917;10;34;89.838;10.89
918;10;35;109.307;17.2
919;10;35;112.451;19.12
920;10;36;57.363;14.3
921;10;37;82.212;5.33
922;10;38;65.684;22.33
923;10;38;57.104;16.43
924;10;38;55.14;7.28
925;10;39;69.031;12.91
926;10;40;71.224;23.01
927;10;41;61.891;4.54
928;10;42;57.588;15.36
929;10;42;61.583;19.1
930;10;43;66.402;11.26
931;10;44;20.582;6.46
932;10;45;135.954;3.08
933;10;45;155.602;20.36
934;10;46;53.844;19.94
935;10;46;49.033;0.21
936;10;47;104.895;1.42
937;10;48;47.692;5.96
938;10;49;79.572;15.21
939;10;49;61.846;15.7
940;11;12;48.824;17.68
941;11;12;59.097;3.8
942;11;12;47.784;8.0
943;11;13;34.073;24.12
944;11;13;27.126;3.77
945;11;13;32.745;22.47
946;11;14;63.137;9.53
947;11;14;47.787;20.89
948;11;15;48.521;22.05
949;11;15;58.402;11.05
950;11;16;3.134;17.47
951;11;17;42.679;5.3
952;11;17;40.32;6.05
953;11;18;65.94;18.88
954;11;18;75.391;16.38
955;11;19;39.115;5.08
956;11;19;47.742;8.91
957;11;20;3.827;20.15
958;11;20;3.643;8.63
959;11;21;18.125;24.34
960;11;21;17.293;17.93
961;11;22;23.447;2.89
962;11;22;21.772;24.01
963;11;22;23.287;9.8
964;11;23;23.466;13.38
965;11;23;24.357;21.54
966;11;24;46.911;19.72
967;11;25;20.413;15.12
968;11;25;19.766;11.33
969;11;26;39.813;23.0
970;11;26;45.216;5.5
971;11;27;19.813;23.0
972;11;28;31.014;15.54
973;11;28;34.862;5.32
974;11;28;26.868;2.24
975;11;29;18.66;21.56
976;11;30;9.569;24.84
977;11;31;49.88;0.98
978;11;31;39.701;18.5
979;11;32;43.031;14.36
980;11;32;50.179;22.02
981;11;32;37.271;8.96
982;11;33;13.515;21.02
983;11;34;53.755;0.51
984;11;34;43.175;1.08
985;11;34;44.912;3.83
986;11;35;53.226;16.86
987;11;35;53.974;5.95
988;11;36;20.74;2.34
989;11;36;20.767;4.04
990;11;36;22.761;19.13
991;11;37;29.071;1.77
992;11;37;24.865;21.34
993;11;37;32.268;10.69
994;11;38;17.643;14.78
995;11;38;19.888;6.72
996;11;39;31.379;16.4
997;11;40;12.194;11.16
998;11;40;9.239;1.76
999;11;40;13.97;2.97
1000;11;41;18.66;10.95
1001;11;41;15.528;11.59
1002;11;41;16.374;11.98
1003;11;42;23.863;4.85
1004;11;42;24.456;21.86
1005;11;42;22.443;14.08
1006;11;43;6.439;21.5
1007;11;43;5.238;17.22
1008;11;43;7.76;2.74
1009;11;44;44.586;2.23
1010;11;45;71.126;15.02
1011;11;45;56.296;14.71
1012;11;46;23.327;12.48
1013;11;46;21.091;9.94
1014;11;46;21.982;22.29
1015;11;47;49.77;14.65
1016;11;48;27.199;19.15
1017;11;49;30.107;13.09
1018;11;49;24.663;1.75
1019;12;13;30.947;2.82
1020;12;14;90.045;2.2
1021;12;14;79.942;20.03
1022;12;14;87.137;5.83
1023;12;15;27.076;6.21
1024;12;16;46.063;25.0
1025;12;17;88.461;19.14
1026;12;17;96.522;22.79
1027;12;17;68.747;18.23
1028;12;18;109.833;1.34
1029;12;18;84.74;11.69
1030;12;19;42.085;10.02
1031;12;19;43.962;15.01
1032;12;20;47.882;9.7
1033;12;20;51.75;15.31
1034;12;20;53.728;13.89
1035;12;21;37.002;14.15
1036;12;21;38.43;13.69
1037;12;22;38.631;23.43
1038;12;23;25.585;9.71
1039;12;24;95.326;14.84
1040;12;25;28.971;16.7
1041;12;25;22.239;13.99
1042;12;26;26.588;13.12
1043;12;27;37.142;23.11
1044;12;27;37.71;24.46
1045;12;27;36.906;0.15
1046;12;28;22.692;20.21
1047;12;29;37.21;19.39
1048;12;29;38.693;19.26
1049;12;29;35.006;1.91
1050;12;30;39.848;24.83
1051;12;30;39.339;24.78
1052;12;31;72.802;13.13
1053;12;32;68.826;15.06
1054;12;33;38.502;7.89
1055;12;33;28.892;16.13
1056;12;34;98.653;15.02
1057;12;35;18.71;22.51
1058;12;36;40.599;17.82
1059;12;36;41.218;12.09
1060;12;37;70.996;10.71
1061;12;38;34.699;1.51
1062;12;38;37.907;3.42
1063;12;38;28.61;13.4
1064;12;39;27.034;17.94
1065;12;39;31.155;0.88
1066;12;40;57.482;24.38
1067;12;40;52.05;0.84
1068;12;41;37.21;18.16
1069;12;41;43.257;12.13
1070;12;41;44.654;13.68
1071;12;42;39.322;18.67
1072;12;42;47.24;19.12
1073;12;43;54.347;13.71
1074;12;43;65.389;22.8
1075;12;44;77.783;17.55
1076;12;44;79.606;10.51
1077;12;44;79.961;15.85
1078;12;45;73.896;9.3
1079;12;45;63.712;0.8
1080;12;46;43.312;20.7
1081;12;46;38.812;1.53
1082;12;47;14.818;22.88
1083;12;47;17.593;24.29
1084;12;47;16.065;6.66
1085;12;48;48.874;5.88
1086;12;49;19.222;12.22
1087;12;49;17.408;11.78
1088;13;14;59.115;14.17
1089;13;15;49.527;2.47
1090;13;15;61.083;12.11
1091;13;16;32.94;23.22
1092;13;16;26.581;10.85
1093;13;17;76.504;24.89
1094;13;18;99.932;4.36
1095;13;18;101.234;16.23
1096;13;19;11.863;0.68
1097;13;19;9.211;5.65
1098;13;20;35.714;10.72
1099;13;20;41.571;8.92
1100;13;21;15.964;3.9
1101;13;21;18.689;20.23
1102;13;22;12.165;14.42
1103;13;22;9.653;7.43
1104;13;22;12.221;6.67
1105;13;23;19.327;11.45
1106;13;24;78.579;21.18
1107;13;24;61.856;20.26
1108;13;25;18.896;24.25
1109;13;26;43.638;2.4
1110;13;27;14.427;15.81
1111;13;27;16.297;21.71
1112;13;27;16.261;11.68
1113;13;28;10.697;24.01
1114;13;28;8.046;2.47
1115;13;29;15.483;20.8
1116;13;29;18.378;1.85
1117;13;30;25.351;13.17
1118;13;30;30.46;18.76
1119;13;31;41.861;8.0
1120;13;31;47.992;10.18
1121;13;31;32.222;11.73
1122;13;32;38.132;9.74
1123;13;33;20.617;21.97
1124;13;34;87.667;6.66
1125;13;35;46.408;19.12
1126;13;35;37.268;11.47
1127;13;36;15.226;24.97
1128;13;37;62.834;15.44
1129;13;38;16.864;24.11
1130;13;39;5.48;1.52
1131;13;39;6.512;20.72
1132;13;39;6.438;2.35
1133;13;40;46.112;16.55
1134;13;40;38.243;6.22
1135;13;41;15.483;3.82
1136;13;42;12.321;8.83
1137;13;42;12.452;2.51
1138;13;42;13.515;8.41
1139;13;43;40.48;14.29
1140;13;44;47.925;6.26
1141;13;44;58.893;15.77
1142;13;45;89.808;6.24
1143;13;45;85.424;19.24
1144;13;45;88.491;19.45
1145;13;46;15.737;20.79
1146;13;47;41.858;19.38
1147;13;47;32.616;0.32
1148;13;47;42.18;7.87
1149;13;48;19.544;17.59
1150;13;48;24.428;13.0
1151;13;49;18.315;11.43
1152;13;49;21.281;24.07
1153;14;15;104.601;18.55
1154;14;15;118.217;20.0
1155;14;15;109.947;7.56
1156;14;16;65.343;9.94
1157;14;16;79.948;1.75
1158;14;17;83.961;14.57
1159;14;17;67.033;22.32
1160;14;17;64.848;5.63
1161;14;18;104.258;7.85
1162;14;18;86.585;4.18
1163;14;19;48.727;9.2
1164;14;19;55.878;19.27
1165;14;19;38.939;16.97
1166;14;20;66.963;10.96
1167;14;20;77.161;2.38
1168;14;21;58.09;16.09
1169;14;21;65.251;15.53
1170;14;21;55.477;8.66
1171;14;22;53.424;19.83
1172;14;22;54.285;6.85
1173;14;22;48.97;5.56
1174;14;23;71.292;18.77
1175;14;23;59.945;19.22
1176;14;24;74.772;18.87
1177;14;24;59.092;24.85
1178;14;24;76.445;16.11
1179;14;25;68.379;10.02
1180;14;25;58.671;13.67
1181;14;26;96.875;3.07
1182;14;26;87.262;4.88
1183;14;26;119.36;7.6
1184;14;27;56.809;5.65
1185;14;27;56.813;20.87
1186;14;28;68.151;9.01
1187;14;28;59.762;18.18
1188;14;29;57.478;4.8
1189;14;29;69.467;10.27
1190;14;29;58.887;7.63
1191;14;30;63.55;1.51
1192;14;31;17.276;14.56
1193;14;31;20.742;7.97
1194;14;32;21.887;12.18
1195;14;32;18.592;5.09
1196;14;33;60.251;5.71
1197;14;33;71.944;4.79
1198;14;34;93.199;5.01
1199;14;34;101.25;19.46
1200;14;35;104.196;21.66
1201;14;35;112.905;7.63
1202;14;36;52.787;23.79
1203;14;37;82.96;17.38
1204;14;37;83.639;20.44
1205;14;37;72.885;3.26
1206;14;38;61.402;18.56
1207;14;38;65.982;3.17
1208;14;39;63.227;10.65
1209;14;39;64.532;12.75
1210;14;40;70.559;22.29
1211;14;40;55.982;2.35
1212;14;40;65.873;8.0
1213;14;41;57.478;14.65
1214;14;42;52.575;21.81
1215;14;42;62.523;0.54
1216;14;43;65.252;0.64
1217;14;43;52.302;15.92
1218;14;43;50.488;11.49
1219;14;44;19.446;18.22
1220;14;44;15.251;0.99
1221;14;45;134.262;1.6
1222;14;45;166.673;14.51
1223;14;46;49.064;6.69
1224;14;46;59.007;14.92
1225;14;47;99.718;21.63
1226;14;48;42.748;18.46
1227;14;49;74.442;2.16
1228;14;49;59.984;7.51
1229;15;16;45.399;9.41
1230;15;16;55.711;8.57
1231;15;16;43.016;7.96
1232;15;17;78.233;10.95
1233;15;17;69.519;5.06
1234;15;18;96.25;24.55
1235;15;19;61.346;14.73
1236;15;19;64.561;20.75
1237;15;19;64.928;10.09
1238;15;20;45.714;21.12
1239;15;20;53.243;23.23
1240;15;20;37.75;5.8
1241;15;21;46.546;10.08
1242;15;21;38.624;4.22
1243;15;22;51.362;2.16
1244;15;22;50.667;16.03
1245;15;23;33.346;15.75
1246;15;24;88.825;17.58
1247;15;25;36.232;17.15
1248;15;26;8.722;8.84
1249;15;27;47.793;6.34
1250;15;27;59.271;18.95
1251;15;28;38.857;16.5
1252;15;29;47.138;2.09
1253;15;29;57.272;20.88
1254;15;30;43.076;11.47
1255;15;31;88.195;12.17
1256;15;32;82.719;7.3
1257;15;33;45.011;23.61
1258;15;33;42.278;23.98
1259;15;33;49.738;1.22
1260;15;34;86.713;17.27
1261;15;34;68.427;14.23
1262;15;34;94.234;8.51
1263;15;35;11.417;2.45
1264;15;35;8.587;8.78
1265;15;36;51.814;14.81
1266;15;37;59.672;1.6
1267;15;37;48.058;13.79
1268;15;37;57.775;10.25
1269;15;38;43.259;21.02
1270;15;38;46.381;22.13
1271;15;38;42.746;11.73
1272;15;39;44.173;15.36
1273;15;39;37.47;6.0
1274;15;39;52.907;19.53
1275;15;40;51.67;15.45
1276;15;40;48.668;24.72
1277;15;40;52.178;9.03
1278;15;41;47.138;7.19
1279;15;41;43.867;7.0
1280;15;42;52.231;24.42
1281;15;42;60.494;10.14
1282;15;42;49.127;14.13
1283;15;43;51.562;4.56
1284;15;43;63.281;15.16
1285;15;43;41.305;10.98
1286;15;44;88.799;11.62
1287;15;44;86.244;16.74
1288;15;45;47.049;7.8
1289;15;46;55.565;2.15
1290;15;46;46.314;13.04
1291;15;46;52.598;11.08
1292;15;47;12.926;1.19
1293;15;48;61.902;18.34
1294;15;48;73.027;16.34
1295;15;49;31.387;6.91
1296;16;17;44.461;13.82
1297;16;17;42.882;4.8
1298;16;17;49.039;1.92
1299;16;18;67.493;4.93
1300;16;18;51.808;0.86
1301;16;18;79.451;14.55
1302;16;19;38.871;22.42
1303;16;19;39.539;24.35
1304;16;19;41.079;12.53
1305;16;20;2.805;3.54
1306;16;21;17.198;1.38
1307;16;21;12.952;23.93
1308;16;22;23.02;21.59
1309;16;22;28.378;22.33
1310;16;23;20.912;14.44
1311;16;23;22.498;3.43
1312;16;23;23.997;5.84
1313;16;24;49.42;19.59
1314;16;24;39.571;23.33
1315;16;25;18.034;24.52
1316;16;25;18.029;8.85
1317;16;26;36.695;14.32
1318;16;26;29.892;3.61
1319;16;27;19.032;4.39
1320;16;27;17.969;7.31
1321;16;27;22.148;14.87
1322;16;28;29.019;2.85
1323;16;28;32.536;16.6
1324;16;29;17.815;21.43
1325;16;29;15.357;23.73
1326;16;29;16.572;9.76
1327;16;30;7.708;7.77
1328;16;30;6.928;18.02
1329;16;30;9.04;21.34
1330;16;31;51.627;18.08
1331;16;31;40.269;3.96
1332;16;31;57.227;16.99
1333;16;32;44.869;8.41
1334;16;33;12.365;22.68
1335;16;33;11.318;4.83
1336;16;34;55.425;14.96
1337;16;35;50.115;15.66
1338;16;35;39.575;1.71
1339;16;35;43.056;22.15
1340;16;36;20.552;23.39
1341;16;36;23.585;18.47
1342;16;36;18.63;24.55
1343;16;37;29.895;10.34
1344;16;37;28.041;23.21
1345;16;38;16.173;1.3
1346;16;38;17.835;2.92
1347;16;38;13.069;15.01
1348;16;39;29.834;10.38
1349;16;39;24.325;3.79
1350;16;39;23.908;0.7
1351;16;40;13.258;24.56
1352;16;40;16.177;4.89
1353;16;40;13.225;24.95
1354;16;41;17.815;17.62
1355;16;42;23.534;3.2
1356;16;43;8.447;17.0
1357;16;43;8.901;4.21
1358;16;43;9.015;19.34
1359;16;44;47.031;17.97
1360;16;44;44.44;7.85
1361;16;45;68.988;20.4
1362;16;45;55.86;15.87
1363;16;45;75.312;10.21
1364;16;46;23.529;2.65
1365;16;46;22.472;9.04
1366;16;47;46.687;1.12
1367;16;47;46.246;0.8
1368;16;48;27.982;24.97
1369;16;48;21.639;4.6
1370;16;48;30.883;10.65
1371;16;49;27.562;3.96
1372;16;49;22.104;1.6
1373;16;49;30.087;0.56
1374;17;18;23.616;9.58
1375;17;18;26.004;16.3
1376;17;18;27.642;3.79
1377;17;19;79.672;23.84
1378;17;19;96.586;6.24
1379;17;20;41.967;18.9
1380;17;21;60.572;1.5
1381;17;21;66.842;18.45
1382;17;22;65.084;15.05
1383;17;22;61.653;12.95
1384;17;22;73.158;13.94
1385;17;23;64.83;19.53
1386;17;23;59.584;12.12
1387;17;23;68.778;4.97
1388;17;24;15.436;6.65
1389;17;24;14.14;10.63
1390;17;25;62.303;18.41
1391;17;25;64.896;12.86
1392;17;26;70.48;21.65
1393;17;27;62.083;4.53
1394;17;28;73.478;15.16
1395;17;29;61.024;17.23
1396;17;30;52.091;24.19
1397;17;30;45.961;15.3
1398;17;30;51.587;13.68
1399;17;31;78.008;8.11
1400;17;31;75.535;12.08
1401;17;32;71.407;13.62
1402;17;32;71.904;9.9
1403;17;32;61.494;19.32
1404;17;33;56.153;6.7
1405;17;34;11.221;16.99
1406;17;34;11.256;23.5
1407;17;34;12.691;24.55
1408;17;35;86.948;1.07
1409;17;36;62.08;7.99
1410;17;36;59.649;14.53
1411;17;37;18.562;4.9
1412;17;37;17.352;10.96
1413;17;37;20.259;15.77
1414;17;38;60.322;21.02
1415;17;38;46.731;9.27
1416;17;38;62.792;19.05
1417;17;39;74.055;8.7
1418;17;39;61.073;24.59
1419;17;39;90.928;13.09
1420;17;40;31.488;7.54
1421;17;41;61.024;24.63
1422;17;41;69.792;4.01
1423;17;42;65.297;18.12
1424;17;43;36.251;3.78
1425;17;43;30.961;1.21
1426;17;43;35.504;9.47
1427;17;44;65.379;14.56
1428;17;44;71.393;23.61
1429;17;45;74.18;11.86
1430;17;46;63.556;19.4
1431;17;46;57.959;10.86
1432;17;47;84.844;13.06
1433;17;47;79.17;7.78
1434;17;48;64.996;16.96
1435;17;49;71.35;15.97
1436;18;19;103.288;22.59
1437;18;19;114.348;20.51
1438;18;19;116.195;15.14
1439;18;20;64.881;11.69
1440;18;21;83.972;17.45
1441;18;22;88.638;24.94
1442;18;22;103.717;5.41
1443;18;23;87.307;17.41
1444;18;23;89.399;11.02
1445;18;24;29.586;4.56
1446;18;24;29.436;6.57
1447;18;25;85.017;17.54
1448;18;25;72.335;7.59
1449;18;26;89.327;15.51
1450;18;26;87.935;12.19
1451;18;26;100.063;6.91
1452;18;27;85.535;20.57
1453;18;27;84.725;12.4
1454;18;28;96.388;6.09
1455;18;29;84.45;10.64
1456;18;30;75.189;3.4
1457;18;31;100.154;21.78
1458;18;31;124.906;23.23
1459;18;32;93.798;16.12
1460;18;32;83.412;1.32
1461;18;33;79.454;23.74
1462;18;34;12.409;16.38
1463;18;34;10.627;21.11
1464;18;35;106.029;4.6
1465;18;35;126.559;22.13
1466;18;36;85.65;7.65
1467;18;37;38.888;15.04
1468;18;37;30.134;18.07
1469;18;37;43.324;15.07
1470;18;38;83.549;0.88
1471;18;38;63.865;19.49
1472;18;39;97.279;22.79
1473;18;39;76.82;22.86
1474;18;40;54.287;10.04
1475;18;40;50.801;4.44
1476;18;41;84.45;5.52
1477;18;42;88.868;16.52
1478;18;42;103.248;0.05
1479;18;43;59.503;10.26
1480;18;43;71.408;7.14
1481;18;44;86.607;14.42
1482;18;45;81.135;17.04
1483;18;45;71.669;7.04
1484;18;46;87.17;13.93
1485;18;47;104.517;8.64
1486;18;47;116.648;11.57
1487;18;48;88.556;11.86
1488;18;48;85.089;6.44
1489;18;48;72.811;10.65
1490;18;49;93.673;7.61
1491;18;49;101.565;6.52
1492;19;20;41.651;16.77
1493;19;20;50.778;0.79
1494;19;21;22.147;5.73
1495;19;22;15.879;4.24
1496;19;22;18.025;3.49
1497;19;23;30.057;10.58
1498;19;24;79.455;8.59
1499;19;25;28.791;16.99
1500;19;26;55.244;24.14
1501;19;27;20.174;7.61
1502;19;28;22.49;3.68
1503;19;28;21.725;2.29
1504;19;28;25.547;13.78
1505;19;29;21.427;5.95
1506;19;30;32.075;15.14
1507;19;30;29.06;24.33
1508;19;31;31.508;17.18
1509;19;31;29.04;10.45
1510;19;32;28.986;4.27
1511;19;33;26.949;18.03
1512;19;33;29.665;14.74
1513;19;33;23.115;16.4
1514;19;34;90.886;17.92
1515;19;34;89.028;13.31
1516;19;35;58.187;0.43
1517;19;35;44.052;1.47
1518;19;35;62.049;0.39
1519;19;36;18.382;7.35
1520;19;36;16.137;0.61
1521;19;36;22.411;9.4
1522;19;37;68.108;20.41
1523;19;37;79.66;8.45
1524;19;37;71.141;22.93
1525;19;38;24.469;12.43
1526;19;39;17.176;23.27
1527;19;39;14.661;7.5
1528;19;39;15.429;23.44
1529;19;40;51.253;3.52
1530;19;40;41.119;21.58
1531;19;40;43.664;2.21
1532;19;41;21.427;0.77
1533;19;41;17.322;21.42
1534;19;42;15.337;12.48
1535;19;43;45.11;14.33
1536;19;44;40.1;11.19
1537;19;44;49.615;20.32
1538;19;45;100.562;23.48
1539;19;45;105.058;2.92
1540;19;45;101.668;3.1
1541;19;46;16.168;10.49
1542;19;46;14.165;17.02
1543;19;46;13.776;1.2
1544;19;47;53.639;16.04
1545;19;47;63.418;10.19
1546;19;48;15.711;6.67
1547;19;48;12.512;16.11
1548;19;49;30.026;19.8
1549;19;49;25.083;8.94
1550;19;49;28.262;11.26
1551;20;21;20.0;22.99
1552;20;21;24.09;0.02
1553;20;21;21.315;17.31
1554;20;22;25.811;11.97
1555;20;22;24.653;8.94
1556;20;23;23.066;15.22
1557;20;23;24.853;10.59
1558;20;23;25.852;19.23
1559;20;24;47.454;12.7
1560;20;24;39.858;10.58
1561;20;25;20.363;22.3
1562;20;26;36.992;15.59
1563;20;26;45.247;13.57
1564;20;27;21.837;9.91
1565;20;27;22.522;14.45
1566;20;27;19.009;23.8
1567;20;28;31.539;2.88
1568;20;28;34.393;9.34
1569;20;29;20.62;8.11
1570;20;29;22.871;7.09
1571;20;30;10.416;22.46
1572;20;30;11.533;19.32
1573;20;30;12.833;19.12
1574;20;31;53.636;17.44
1575;20;32;46.809;17.25
1576;20;33;15.161;6.59
1577;20;34;52.867;11.0
1578;20;35;51.015;22.77
1579;20;35;49.548;20.49
1580;20;35;51.84;9.64
1581;20;36;23.312;1.95
1582;20;37;27.123;16.06
1583;20;37;33.008;3.16
1584;20;37;27.311;0.33
1585;20;38;18.914;0.95
1586;20;38;17.654;24.87
1587;20;38;18.256;4.81
1588;20;39;32.527;16.12
1589;20;39;40.158;15.5
1590;20;40;10.597;15.44
1591;20;40;11.55;2.59
1592;20;41;20.62;4.67
1593;20;41;15.828;2.37
1594;20;41;19.597;19.04
1595;20;42;26.316;15.96
1596;20;42;24.867;11.54
1597;20;42;30.974;14.37
1598;20;43;6.496;1.82
1599;20;43;7.755;13.2
1600;20;44;48.392;4.04
1601;20;45;67.299;9.43
1602;20;46;26.218;24.33
1603;20;46;25.556;2.22
1604;20;46;24.64;2.42
1605;20;47;47.753;4.8
1606;20;47;58.69;14.07
1607;20;48;30.495;23.32
1608;20;48;24.828;17.71
1609;20;48;26.903;11.77
1610;20;49;29.69;3.5
1611;21;22;6.494;9.59
1612;21;22;6.327;11.57
1613;21;23;13.464;23.37
1614;21;23;16.646;2.71
1615;21;23;13.898;8.04
1616;21;24;63.257;12.96
1617;21;24;72.726;20.06
1618;21;25;10.322;14.39
1619;21;25;10.993;6.76
1620;21;26;38.807;5.28
1621;21;26;39.441;20.81
1622;21;27;1.983;16.34
1623;21;28;15.254;24.82
1624;21;28;15.013;22.41
1625;21;28;15.061;22.2
1626;21;29;0.76;8.48
1627;21;29;0.633;22.46
1628;21;29;0.732;15.76
1629;21;30;9.969;23.06
1630;21;30;8.31;4.32
1631;21;30;12.186;17.19
1632;21;31;42.003;3.0
1633;21;32;36.234;19.26
1634;21;33;4.879;15.46
1635;21;34;71.72;7.72
1636;21;34;56.964;21.1
1637;21;35;47.239;4.3
1638;21;36;5.468;21.66
1639;21;36;4.662;13.84
1640;21;37;47.035;21.51
1641;21;37;41.816;15.88
1642;21;38;3.328;2.54
1643;21;38;2.736;15.49
1644;21;39;13.896;8.26
1645;21;40;30.23;23.4
1646;21;40;33.739;8.26
1647;21;41;0.76;4.87
1648;21;41;0.59;5.61
1649;21;42;7.248;15.24
1650;21;42;5.818;7.04
1651;21;43;24.519;23.93
1652;21;44;42.64;0.59
1653;21;45;80.239;21.37
1654;21;45;70.687;18.48
1655;21;45;93.771;5.7
1656;21;46;9.374;1.77
1657;21;47;42.971;10.03
1658;21;47;43.604;12.74
1659;21;47;48.882;12.18
1660;21;48;15.628;10.68
1661;21;48;19.055;24.3
1662;21;48;13.36;6.31
1663;21;49;18.196;6.72
1664;22;23;18.039;17.21
1665;22;24;66.528;19.38
1666;22;24;77.355;19.92
1667;22;24;56.954;12.53
1668;22;25;15.512;7.64
1669;22;25;16.483;3.47
1670;22;26;44.025;12.23
1671;22;26;35.899;0.35
1672;22;27;4.534;23.61
1673;22;28;15.946;22.41
1674;22;29;5.739;21.75
1675;22;30;16.247;9.25
1676;22;31;36.834;21.99
1677;22;31;29.758;7.29
1678;22;32;31.563;7.79
1679;22;33;11.129;14.07
1680;22;33;10.682;5.74
1681;22;34;76.293;22.66
1682;22;34;91.506;8.03
1683;22;34;75.777;20.58
1684;22;35;50.916;2.94
1685;22;35;61.67;18.0
1686;22;36;3.09;13.29
1687;22;36;2.753;19.78
1688;22;37;52.517;3.17
1689;22;37;41.077;23.68
1690;22;38;9.394;24.29
1691;22;38;11.269;5.88
1692;22;39;12.458;1.47
1693;22;39;11.633;0.05
1694;22;39;14.978;23.8
1695;22;40;35.639;14.22
1696;22;40;40.773;22.94
1697;22;40;36.609;16.2
1698;22;41;5.739;14.61
1699;22;42;0.875;24.5
1700;22;43;29.633;14.71
1701;22;44;39.319;19.4
1702;22;45;86.565;11.82
1703;22;45;77.94;15.65
1704;22;45;66.638;19.0
1705;22;46;4.689;21.61
1706;22;46;5.5;10.24
1707;22;47;46.495;4.3
1708;22;47;35.761;1.54
1709;22;48;10.724;15.52
1710;22;49;21.172;23.79
1711;22;49;18.592;0.74
1712;22;49;20.555;18.07
1713;23;24;70.322;11.6
1714;23;25;3.511;8.44
1715;23;25;3.812;3.99
1716;23;25;2.832;20.32
1717;23;26;26.038;0.85
1718;23;26;23.993;13.6
1719;23;26;28.892;9.08
1720;23;27;14.514;18.44
1721;23;27;11.639;9.37
1722;23;28;10.342;3.52
1723;23;28;8.335;17.15
1724;23;28;8.126;9.75
1725;23;29;13.977;9.13
1726;23;30;14.274;11.77
1727;23;30;14.788;12.42
1728;23;30;10.88;23.65
1729;23;31;54.858;2.04
1730;23;32;49.405;15.24
1731;23;32;43.252;17.41
1732;23;33;13.365;20.98
1733;23;34;75.54;13.72
1734;23;35;33.83;9.48
1735;23;35;29.978;9.59
1736;23;35;39.86;18.15
1737;23;36;18.534;24.18
1738;23;36;15.367;1.27
1739;23;36;18.364;24.3
1740;23;37;48.658;12.07
1741;23;38;10.358;4.42
1742;23;38;12.248;24.58
1743;23;38;11.794;17.3
1744;23;39;14.098;10.92
1745;23;39;13.212;22.79
1746;23;40;33.349;13.42
1747;23;40;26.169;2.4
1748;23;40;31.535;21.07
1749;23;41;13.977;15.26
1750;23;41;14.714;6.04
1751;23;41;16.343;20.54
1752;23;42;18.911;21.97
1753;23;42;18.959;12.56
1754;23;42;19.01;22.98
1755;23;43;29.347;14.95
1756;23;43;23.551;14.67
1757;23;43;27.474;0.59
1758;23;44;56.101;14.28
1759;23;45;70.59;13.52
1760;23;45;77.891;4.34
1761;23;45;59.7;23.68
1762;23;46;22.231;9.91
1763;23;47;29.628;7.26
1764;23;48;28.563;11.16
1765;23;48;21.548;4.84
1766;23;48;29.784;4.67
1767;23;49;6.651;17.41
1768;24;25;67.324;4.12
1769;24;26;80.577;6.16
1770;24;27;64.413;5.02
1771;24;27;54.386;12.42
1772;24;28;77.629;12.49
1773;24;28;85.486;4.76
1774;24;29;63.546;20.88
1775;24;29;63.027;20.82
1776;24;30;56.41;18.75
1777;24;30;52.48;18.96
1778;24;31;71.704;5.03
1779;24;31;78.383;6.84
1780;24;31;77.134;1.34
1781;24;32;65.697;20.36
1782;24;33;59.499;10.38
1783;24;34;19.736;7.26
1784;24;34;15.415;9.51
1785;24;35;96.476;23.99
1786;24;35;99.496;4.69
1787;24;35;77.781;11.6
1788;24;36;63.438;8.0
1789;24;37;30.799;8.1
1790;24;37;38.264;24.52
1791;24;38;63.818;24.19
1792;24;39;77.149;11.19
1793;24;39;64.305;19.05
1794;24;40;38.213;18.39
1795;24;40;37.242;12.74
1796;24;41;63.546;14.73
1797;24;41;72.975;16.06
1798;24;41;66.593;19.32
1799;24;42;66.538;1.56
1800;24;43;41.023;6.97
1801;24;43;42.624;5.37
1802;24;43;36.819;13.8
1803;24;44;57.561;15.88
1804;24;44;44.989;20.09
1805;24;44;67.478;18.58
1806;24;45;89.19;15.41
1807;24;46;63.996;24.3
1808;24;46;70.072;10.5
1809;24;46;54.69;4.7
1810;24;47;93.842;3.7
1811;24;48;63.918;12.64
1812;24;49;76.973;24.91
1813;25;26;28.603;1.22
1814;25;26;33.943;18.56
1815;25;26;21.461;24.09
1816;25;27;11.6;21.78
1817;25;28;11.562;8.0
1818;25;28;11.208;15.56
1819;25;29;10.906;10.4
1820;25;29;11.978;16.67
1821;25;29;9.775;13.39
1822;25;30;11.015;20.41
1823;25;30;13.645;19.34
1824;25;30;10.917;13.78
1825;25;31;52.136;1.15
1826;25;31;61.838;20.82
1827;25;32;46.506;13.37
1828;25;33;9.857;1.57
1829;25;33;9.474;23.91
1830;25;34;73.127;19.38
1831;25;34;84.251;13.83
1832;25;35;37.204;11.13
1833;25;35;31.852;10.27
1834;25;35;29.176;14.41
1835;25;36;15.606;16.3
1836;25;37;46.588;6.28
1837;25;38;7.079;10.51
1838;25;38;5.866;0.74
1839;25;39;14.133;1.96
1840;25;39;16.371;19.16
1841;25;39;13.612;13.0
1842;25;40;30.833;24.23
1843;25;40;33.318;20.46
1844;25;41;10.906;8.28
1845;25;41;11.298;12.72
1846;25;41;12.946;19.12
1847;25;42;16.386;20.77
1848;25;42;13.333;20.9
1849;25;43;26.476;2.48
1850;25;44;52.865;18.09
1851;25;44;49.388;11.7
1852;25;44;42.317;3.62
1853;25;45;71.819;6.67
1854;25;45;77.301;10.58
1855;25;46;19.418;17.88
1856;25;46;14.926;11.2
1857;25;46;22.28;17.72
1858;25;47;33.05;24.93
1859;25;47;40.675;9.51
1860;25;47;38.237;16.14
1861;25;48;25.756;24.66
1862;25;48;22.639;8.03
1863;25;49;9.829;24.66
1864;26;27;40.197;15.59
1865;26;28;32.982;6.85
1866;26;29;39.442;10.14
1867;26;30;34.629;8.22
1868;26;30;29.122;0.21
1869;26;30;42.789;22.18
1870;26;31;80.739;5.59
1871;26;32;75.039;11.74
1872;26;33;36.879;12.94
1873;26;33;35.261;24.58
1874;26;33;43.061;0.27
1875;26;34;79.353;17.91
1876;26;34;75.006;22.67
1877;26;34;84.538;3.18
1878;26;35;16.702;16.46
1879;26;35;19.843;17.95
1880;26;35;16.593;2.62
1881;26;36;44.188;0.58
1882;26;36;36.023;12.65
1883;26;36;54.644;5.61
1884;26;37;51.963;16.57
1885;26;37;40.849;6.36
1886;26;38;35.485;6.85
1887;26;38;30.971;9.12
1888;26;39;38.17;17.92
1889;26;40;43.122;10.17
1890;26;41;39.442;17.75
1891;26;41;47.394;6.1
1892;26;41;40.772;13.12
1893;26;42;44.899;11.44
1894;26;42;46.709;21.68
1895;26;43;42.859;15.32
1896;26;43;49.325;4.81
1897;26;44;80.646;6.58
1898;26;45;48.319;10.09
1899;26;45;46.704;8.2
1900;26;45;36.454;13.72
1901;26;46;48.019;16.18
1902;26;46;39.016;7.79
1903;26;47;15.72;24.09
1904;26;47;12.654;0.29
1905;26;48;54.354;9.87
1906;26;49;25.336;4.47
1907;27;28;14.928;11.83
1908;27;28;15.334;8.93
1909;27;29;1.253;17.11
1910;27;29;1.165;19.69
1911;27;30;11.916;22.01
1912;27;31;40.544;12.97
1913;27;32;34.926;20.42
1914;27;33;6.801;18.65
1915;27;34;73.254;24.91
1916;27;34;85.896;10.25
1917;27;34;56.308;2.77
1918;27;35;48.082;3.95
1919;27;35;48.951;19.43
1920;27;35;56.646;7.06
1921;27;36;4.023;19.4
1922;27;36;4.788;6.05
1923;27;36;5.004;14.65
1924;27;37;48.806;4.34
1925;27;37;37.987;3.34
1926;27;37;39.577;3.6
1927;27;38;4.963;1.7
1928;27;39;12.906;17.85
1929;27;39;10.992;10.83
1930;27;39;10.423;14.38
1931;27;40;31.968;22.04
1932;27;40;33.395;19.33
1933;27;40;31.887;8.26
1934;27;41;1.253;7.38
1935;27;41;1.332;16.82
1936;27;41;1.502;3.89
1937;27;42;5.314;7.94
1938;27;42;4.555;21.6
1939;27;43;26.162;15.85
1940;27;43;30.903;8.67
1941;27;44;41.765;4.66
1942;27;45;82.095;19.1
1943;27;45;101.66;23.56
1944;27;46;7.824;19.57
1945;27;46;6.64;21.76
1946;27;47;43.755;4.88
1947;27;47;38.0;7.81
1948;27;47;49.524;6.51
1949;27;48;14.157;2.38
1950;27;49;18.686;16.91
1951;28;29;15.269;2.85
1952;28;30;21.46;2.24
1953;28;31;51.076;16.01
1954;28;31;43.317;5.81
1955;28;31;47.665;7.8
1956;28;32;46.577;21.95
1957;28;32;35.232;1.58
1958;28;33;18.193;3.38
1959;28;33;17.803;15.15
1960;28;33;16.834;4.31
1961;28;34;84.406;17.38
1962;28;34;91.701;15.16
1963;28;35;36.293;16.79
1964;28;35;34.995;13.31
1965;28;36;18.056;1.05
1966;28;36;22.555;19.27
1967;28;37;58.104;24.25
1968;28;38;13.893;21.44
1969;28;38;17.241;19.48
1970;28;38;10.978;2.54
1971;28;39;5.327;8.31
1972;28;39;6.217;9.18
1973;28;39;4.329;10.95
1974;28;40;42.114;8.3
1975;28;40;47.461;15.68
1976;28;40;33.575;23.94
1977;28;41;15.269;17.71
1978;28;41;18.785;7.86
1979;28;42;16.63;14.54
1980;28;43;37.336;11.35
1981;28;43;40.175;4.19
1982;28;44;55.131;21.46
1983;28;45;79.668;23.67
1984;28;45;64.991;15.23
1985;28;45;97.503;10.49
1986;28;46;20.622;3.91
1987;28;46;20.149;15.77
1988;28;47;31.76;18.87
1989;28;48;26.25;23.74
1990;28;48;28.633;18.3
1991;28;49;7.648;7.11
1992;28;49;8.974;13.93
1993;29;30;10.664;23.4
1994;29;31;41.339;2.44
1995;29;32;35.612;19.83
1996;29;33;5.552;4.61
1997;29;33;6.784;14.51
1998;29;33;6.914;24.53
1999;29;34;72.184;17.56
2000;29;34;70.219;6.05
2001;29;35;47.699;11.27
2002;29;36;4.777;9.17
2003;29;36;3.845;14.15
2004;29;37;47.619;10.78
2005;29;37;56.102;16.51
2006;29;37;41.846;7.18
2007;29;38;4.002;13.93
2008;29;39;13.646;6.35
2009;29;39;13.236;22.28
2010;29;39;17.044;1.06
2011;29;40;30.794;6.49
2012;29;41;0.0;6.28
2013;29;41;0.0;8.76
2014;29;42;6.489;9.44
2015;29;43;25.033;14.9
2016;29;43;22.771;16.36
2017;29;44;42.153;22.06
2018;29;45;80.991;23.26
2019;29;45;78.159;17.1
2020;29;46;8.673;3.23
2021;29;47;43.41;19.44
2022;29;47;43.358;7.84
2023;29;48;14.954;16.12
2024;29;48;11.282;6.65
2025;29;48;14.0;24.17
2026;29;49;18.52;12.65
2027;29;49;17.528;16.02
2028;29;49;17.085;24.13
2029;30;31;48.598;3.27
2030;30;31;58.893;10.22
2031;30;31;43.214;12.91
2032;30;32;42.199;9.46
2033;30;33;5.126;2.71
2034;30;33;5.505;2.85
2035;30;34;63.095;11.9
2036;30;35;46.158;7.01
2037;30;35;47.786;6.44
2038;30;36;14.254;4.42
2039;30;36;15.853;3.2
2040;30;36;12.162;23.86
2041;30;37;37.522;15.75
2042;30;37;33.168;0.02
2043;30;38;8.507;5.49
2044;30;38;7.031;7.83
2045;30;39;22.127;18.81
2046;30;39;26.15;22.43
2047;30;40;20.965;13.07
2048;30;41;10.664;14.76
2049;30;42;16.888;20.16
2050;30;42;18.089;6.54
2051;30;42;15.249;18.44
2052;30;43;15.883;0.11
2053;30;43;17.533;14.61
2054;30;44;46.32;1.42
2055;30;45;72.04;3.98
2056;30;45;81.717;1.87
2057;30;46;17.776;2.58
2058;30;47;42.345;5.07
2059;30;47;32.246;15.42
2060;30;48;23.195;14.88
2061;30;48;24.871;7.85
2062;30;48;26.571;4.56
2063;30;49;20.827;22.23
2064;30;49;22.757;6.0
2065;30;49;17.145;16.99
2066;31;32;7.003;20.5
2067;31;33;44.744;9.17
2068;31;33;34.326;22.25
2069;31;33;50.924;23.65
2070;31;34;88.29;8.54
2071;31;34;107.186;11.47
2072;31;34;85.106;17.75
2073;31;35;87.263;0.19
2074;31;36;36.571;8.55
2075;31;36;37.322;15.54
2076;31;37;73.446;24.92
2077;31;37;61.029;16.39
2078;31;37;60.178;13.51
2079;31;38;45.33;11.42
2080;31;38;47.413;24.75
2081;31;39;46.073;23.11
2082;31;39;48.282;23.43
2083;31;39;36.17;14.11
2084;31;40;59.077;24.59
2085;31;40;53.772;15.62
2086;31;40;51.331;17.88
2087;31;41;41.339;12.99
2088;31;41;34.923;20.54
2089;31;41;39.327;0.6
2090;31;42;35.967;24.9
2091;31;43;53.186;16.54
2092;31;43;62.917;17.41
2093;31;44;15.393;19.38
2094;31;44;15.539;6.25
2095;31;44;17.735;2.5
2096;31;45;120.412;18.69
2097;31;46;32.72;11.25
2098;31;47;82.759;15.35
2099;31;47;79.35;24.36
2100;31;47;68.251;21.11
2101;31;48;26.392;19.5
2102;31;48;31.075;13.1
2103;31;48;29.321;3.92
2104;31;49;57.583;20.82
2105;32;33;38.597;5.09
2106;32;34;81.826;15.04
2107;32;35;82.42;21.88
2108;32;35;71.754;1.93
2109;32;35;78.684;2.45
2110;32;36;30.906;6.87
2111;32;36;31.92;5.44
2112;32;37;66.473;24.33
2113;32;37;68.796;3.5
2114;32;38;39.554;1.71
2115;32;39;41.824;4.08
2116;32;39;43.35;16.15
2117;32;40;52.084;23.12
2118;32;40;47.618;20.0
2119;32;41;35.612;6.9
2120;32;41;41.107;5.24
2121;32;42;30.721;13.07
2122;32;43;46.214;2.74
2123;32;43;51.872;4.52
2124;32;43;57.364;10.96
2125;32;44;12.158;21.6
2126;32;45;113.771;5.2
2127;32;46;27.177;5.54
2128;32;46;27.0;15.27
2129;32;47;77.963;7.66
2130;32;48;20.867;4.28
2131;32;48;22.356;3.23
2132;32;49;52.651;15.53
2133;32;49;47.384;20.66
2134;32;49;40.88;25.0
2135;33;34;67.256;22.64
2136;33;34;60.031;3.12
2137;33;35;46.874;22.92
2138;33;35;49.213;14.09
2139;33;35;55.171;8.11
2140;33;36;9.29;2.47
2141;33;36;7.416;13.69
2142;33;36;7.893;23.8
2143;33;37;42.246;21.61
2144;33;37;46.379;22.07
2145;33;37;49.276;8.44
2146;33;38;4.319;5.24
2147;33;38;4.446;8.96
2148;33;39;17.927;7.57
2149;33;40;25.495;20.99
2150;33;41;5.552;17.71
2151;33;41;4.401;20.67
2152;33;42;11.787;10.76
2153;33;43;19.951;13.08
2154;33;44;43.795;11.09
2155;33;44;41.994;19.51
2156;33;44;53.481;8.45
2157;33;45;76.432;9.8
2158;33;46;12.986;8.13
2159;33;47;42.802;6.37
2160;33;48;18.772;15.54
2161;33;49;19.29;2.39
2162;34;35;95.994;9.72
2163;34;35;79.382;10.7
2164;34;35;84.202;8.03
2165;34;36;73.294;11.05
2166;34;36;64.179;21.96
2167;34;37;27.764;6.34
2168;34;38;71.392;7.18
2169;34;39;85.129;1.06
2170;34;39;89.517;14.47
2171;34;40;42.306;9.53
2172;34;40;45.547;3.79
2173;34;40;31.846;7.87
2174;34;41;72.184;8.83
2175;34;42;76.511;6.7
2176;34;42;87.431;5.04
2177;34;42;78.531;17.64
2178;34;43;47.317;16.3
2179;34;43;53.145;6.82
2180;34;44;75.107;24.76
2181;34;45;77.043;24.44
2182;34;46;74.775;3.48
2183;34;46;88.461;1.52
2184;34;46;87.866;1.11
2185;34;47;94.182;16.69
2186;34;47;91.133;1.45
2187;34;48;76.152;20.17
2188;34;49;81.991;21.98
2189;35;36;52.029;9.34
2190;35;36;42.93;14.68
2191;35;36;55.812;0.88
2192;35;37;68.492;5.88
2193;35;37;74.317;5.16
2194;35;37;76.349;4.68
2195;35;38;44.188;4.19
2196;35;38;44.206;13.61
2197;35;39;41.496;10.58
2198;35;39;37.131;15.94
2199;35;40;58.502;16.44
2200;35;41;47.699;14.43
2201;35;41;50.989;15.79
2202;35;41;46.168;9.03
2203;35;42;51.739;18.52
2204;35;42;40.831;12.57
2205;35;42;62.806;7.03
2206;35;43;57.301;13.14
2207;35;44;89.842;17.31
2208;35;44;86.536;10.84
2209;35;44;97.39;10.96
2210;35;45;57.633;1.28
2211;35;45;43.86;0.13
2212;35;46;55.465;12.17
2213;35;46;44.758;7.26
2214;35;46;59.119;4.37
2215;35;47;4.55;8.8
2216;35;47;4.227;5.94
2217;35;48;61.638;21.26
2218;35;48;58.872;9.3
2219;35;48;47.337;19.51
2220;35;49;29.769;12.73
2221;35;49;32.593;6.97
2222;35;49;30.599;8.27
2223;36;37;49.773;6.37
2224;36;37;59.127;3.23
2225;36;37;47.272;0.11
2226;36;38;8.778;18.93
2227;36;38;6.622;9.78
2228;36;39;15.107;22.77
2229;36;40;32.902;24.65
2230;36;40;39.683;13.81
2231;36;41;4.777;23.01
2232;36;41;3.594;21.92
2233;36;42;3.218;0.98
2234;36;43;26.818;4.33
2235;36;43;28.436;2.0
2236;36;43;30.131;0.32
2237;36;44;37.854;17.71
2238;36;44;40.365;7.35
2239;36;44;29.734;21.91
2240;36;45;85.539;20.91
2241;36;46;3.907;15.61
2242;36;46;3.849;8.99
2243;36;47;47.678;17.75
2244;36;48;10.181;7.0
2245;36;49;22.496;18.17
2246;36;49;20.873;16.59
2247;37;38;46.029;6.46
2248;37;39;59.555;0.59
2249;37;39;59.772;0.38
2250;37;39;64.352;23.41
2251;37;40;16.878;19.3
2252;37;40;18.007;22.91
2253;37;41;47.619;2.35
2254;37;42;52.921;11.15
2255;37;43;23.013;3.11
2256;37;44;63.534;16.62
2257;37;44;74.538;24.28
2258;37;44;78.317;4.68
2259;37;45;60.048;16.99
2260;37;45;52.568;5.7
2261;37;46;52.107;4.61
2262;37;46;48.79;20.12
2263;37;46;63.768;5.63
2264;37;47;66.521;4.57
2265;37;47;58.06;24.02
2266;37;47;77.404;14.0
2267;37;48;55.082;10.17
2268;37;48;53.331;19.72
2269;37;48;61.88;11.0
2270;37;49;54.909;15.53
2271;38;39;13.737;4.27
2272;38;39;16.113;19.02
2273;38;40;29.42;8.85
2274;38;40;25.684;3.33
2275;38;40;27.168;23.79
2276;38;41;4.002;14.56
2277;38;41;4.789;11.1
2278;38;41;3.923;12.6
2279;38;42;10.218;24.68
2280;38;42;8.934;16.64
2281;38;43;24.077;22.16
2282;38;43;28.455;8.05
2283;38;43;21.99;15.64
2284;38;44;45.791;19.3
2285;38;45;77.172;6.56
2286;38;45;88.34;24.42
2287;38;46;12.675;12.71
2288;38;46;10.116;0.89
2289;38;46;12.762;16.31
2290;38;47;39.972;20.23
2291;38;48;18.951;7.61
2292;38;48;16.838;20.38
2293;38;48;19.057;16.8
2294;38;49;15.608;14.69
2295;38;49;12.112;10.3
2296;38;49;16.612;15.0
2297;39;40;43.092;9.51
2298;39;40;49.498;14.42
2299;39;40;46.357;2.34
2300;39;41;13.646;23.59
2301;39;42;12.966;20.47
2302;39;43;37.814;17.07
2303;39;43;31.814;19.19
2304;39;44;50.865;9.99
2305;39;45;84.405;4.58
2306;39;45;86.24;19.68
2307;39;46;16.91;6.62
2308;39;46;20.542;12.69
2309;39;47;36.952;7.28
2310;39;47;34.979;22.65
2311;39;48;21.979;10.27
2312;39;48;21.605;11.43
2313;39;49;12.868;19.63
2314;39;49;13.114;21.78
2315;39;49;14.756;20.47
2316;40;41;30.794;8.06
2317;40;41;34.488;13.84
2318;40;41;36.545;6.69
2319;40;42;36.044;19.78
2320;40;42;40.305;9.0
2321;40;43;6.31;0.12
2322;40;43;6.607;9.3
2323;40;43;4.787;21.69
2324;40;44;51.273;1.44
2325;40;45;65.286;24.87
2326;40;45;63.453;20.19
2327;40;45;75.952;10.65
2328;40;46;35.319;23.95
2329;40;46;39.601;16.96
2330;40;47;55.703;0.19
2331;40;47;47.005;0.35
2332;40;47;55.492;19.9
2333;40;48;38.637;6.13
2334;40;48;38.595;0.9
2335;40;48;33.888;24.09
2336;40;49;39.896;15.75
2337;41;42;6.489;8.65
2338;41;42;6.936;3.47
2339;41;43;25.033;3.55
2340;41;43;25.352;22.16
2341;41;43;25.451;7.12
2342;41;44;42.153;21.8
2343;41;44;42.005;5.56
2344;41;44;45.304;8.85
2345;41;45;80.991;24.85
2346;41;46;8.673;8.97
2347;41;46;8.801;18.6
2348;41;46;7.51;0.56
2349;41;47;43.41;12.25
2350;41;47;52.486;14.62
2351;41;47;36.797;4.36
2352;41;48;14.954;22.21
2353;41;48;17.537;4.69
2354;41;48;12.544;20.25
2355;41;49;18.52;20.99
2356;41;49;16.781;3.61
2357;42;43;29.993;24.84
2358;42;44;38.57;3.73
2359;42;44;39.464;8.25
2360;42;44;44.644;20.8
2361;42;45;87.388;24.76
2362;42;45;102.864;3.53
2363;42;46;4.0;17.01
2364;42;46;4.054;23.85
2365;42;47;47.311;18.58
2366;42;47;51.393;6.48
2367;42;48;9.9;24.83
2368;42;48;11.045;17.42
2369;42;48;11.526;10.75
2370;42;49;21.985;19.52
2371;42;49;26.244;17.66
2372;43;44;46.157;1.33
2373;43;44;55.964;1.28
2374;43;44;35.251;9.73
2375;43;45;69.6;0.72
2376;43;45;74.918;4.43
2377;43;46;29.097;1.29
2378;43;46;33.316;20.87
2379;43;46;27.577;9.86
2380;43;47;54.128;22.74
2381;43;47;55.689;15.46
2382;43;47;46.378;22.96
2383;43;48;32.328;24.75
2384;43;48;34.727;1.45
2385;43;49;35.994;23.62
2386;43;49;34.998;1.74
2387;43;49;43.772;6.45
2388;44;45;115.557;5.24
2389;44;46;34.642;23.99
2390;44;46;30.572;10.07
2391;44;46;42.647;24.88
2392;44;47;85.519;12.95
2393;44;47;106.736;23.6
2394;44;47;99.415;20.66
2395;44;48;28.912;15.85
2396;44;48;25.621;8.38
2397;44;48;27.923;5.38
2398;44;49;60.335;7.47
2399;44;49;66.861;17.46
2400;45;46;89.367;10.25
2401;45;46;72.644;8.34
2402;45;46;75.747;1.58
2403;45;47;59.949;19.0
2404;45;48;95.166;7.19
2405;45;49;72.243;2.95
2406;45;49;86.847;2.11
2407;46;47;51.068;15.54
2408;46;47;59.5;6.84
2409;46;47;58.076;24.7
2410;46;48;6.341;14.87
2411;46;48;5.07;12.44
2412;46;48;5.878;10.21
2413;46;49;25.77;16.84
2414;46;49;24.094;21.61
2415;47;48;57.211;17.08
2416;47;48;65.899;3.04
2417;47;49;25.327;3.8
2418;48;49;31.884;9.57
2419;48;49;33.351;9.75
2420;48;49;30.514;19.31
