VERTEX_COUNT 50
PATH_COUNT 1
BUDGET 540
<------------ VERTICES ------------>
0;START;41.374834;2.170055;0.0;0.0
1;Museu Nacional d’Art de Catalunya;41.36882;2.153347;45.0;100.0
2;Museu Picasso;41.385181;2.180863;45.0;85.33
3;Museu d’Història de Catalunya - MHC;41.380852;2.185799;45.0;70.74
4;Galeria d’Art Mar Grup Escolà;41.392349;2.167836;45.0;65.82
5;Imaginart Gallery;41.393822;2.164627;45.0;65.09
6;Barcelona;41.389034;2.16137;45.0;62.74
7;Atelier;41.407719;2.158233;45.0;62.54
8;Lorena Ruiz de Villa;41.397858;2.146705;45.0;62.07
9;Piramidon Centre d’Art Contemporani;41.422626;2.209764;45.0;60.48
10;Museu Frederic Marès;41.384178;2.176819;45.0;60.43
11;Museu d’Art Contemporani de Barcelona (MACBA);41.382809;2.166729;45.0;59.34
12;Basilica of the Sagrada Família;41.403568;2.174435;45.0;58.76
13;Contrast;41.387928;2.161469;45.0;58.75
14;Carles Taché;41.389851;2.164213;45.0;56.51
15;Galeria Mayoral;41.389542;2.163808;45.0;55.68
16;CaixaForum;41.371357;2.149495;45.0;55.66
17;Arts Santa Mònica;41.37722;2.176012;45.0;55.65
18;Despair;41.387653;2.188076;45.0;54.4
19;Museu Blau - Fòrum Building;41.41124;2.220333;45.0;53.66
20;Museu d’Història de Barcelona;41.384144;2.177409;45.0;53.14
21;CosmoCaixa;41.41317;2.130886;45.0;53.08
22;Fundació Fran Daurel;41.369118;2.146695;45.0;52.34
23;Museu Palmero;41.424667;2.139856;45.0;51.37
24;Galeria Miquel Alzueta;41.397125;2.156751;45.0;48.91
25;Parc de la Ciutadella;41.389248;2.186548;45.0;48.71
26;Fundació Joan Miró;41.368366;2.159945;45.0;48.34
27;Beaskoa;41.384792;2.181268;45.0;48.0
28;A. Cortina;41.391098;2.161385;45.0;47.89
29;Antic Hospital de la Santa Creu;41.380573;2.170374;45.0;47.85
30;Galeria Ferran Cano;41.375816;2.177766;45.0;47.34
31;Monument to Doctor Robert;41.394924;2.175599;45.0;46.67
32;Àngels Barcelona;41.382534;2.169249;45.0;45.54
33;Avinguda d’Icària;41.391556;2.197416;45.0;45.25
34;Museum of FC Barcelona;41.380562;2.121622;45.0;45.21
35;La Colmena;41.383835;2.178294;45.0;45.2
36;Museu de la Moto ;41.383327;2.174488;45.0;45.14
37;Carmen Sallent;41.39637;2.153188;45.0;44.93
38;Plaça del Rei;41.384144;2.177409;45.0;44.59
39;Museu de la Catedral;41.38382;2.176186;45.0;44.21
40;Museu de la Xocolata;41.387253;2.181838;45.0;43.92
41;El Born Centre Cultural;41.385818;2.183785;45.0;43.68
42;Artur Ramon Art;41.383682;2.17456;45.0;43.67
43;Basilica of Sants Just i Pastor;41.382812;2.178195;45.0;43.27
44;Pèrgamon Quatre Gràfica Quatre;41.382576;2.173292;45.0;42.65
45;90th Jean Bouin;41.373077;2.150465;45.0;42.53
46;Botanical Garden;41.364746;2.159382;45.0;42.5
47;Passeig de Gràcia;41.390739;2.166672;45.0;42.35
48;Casa Martí, Els Quatre Gats ;41.385775;2.173671;45.0;42.22
49;FINISH;41.374834;2.170055;0.0;0.0
<------------- EDGES -------------->
0;0;1;23.796;7.69
1;0;1;28.695;23.94
2;0;1;22.927;17.44
3;0;2;22.496;24.58
4;0;2;25.499;21.84
5;0;3;22.688;12.02
6;0;3;18.259;18.2
7;0;4;30.107;11.01
8;0;5;33.232;1.81
9;0;5;31.647;20.28
10;0;5;27.357;0.42
11;0;6;26.736;11.9
12;0;6;26.294;13.53
13;0;7;58.284;22.12
14;0;7;48.494;4.59
15;0;8;49.508;24.72
16;0;9;96.367;21.03
17;0;10;18.196;19.73
18;0;10;20.389;21.87
19;0;10;22.298;0.86
20;0;11;14.3;18.89
21;0;11;17.606;24.08
22;0;11;12.345;0.5
23;0;12;49.491;17.21
24;0;13;24.972;1.34
25;0;13;24.972;10.14
26;0;13;21.153;7.78
27;0;14;26.77;14.51
28;0;14;31.765;24.69
29;0;15;26.416;24.4
30;0;15;29.164;16.44
31;0;16;27.064;5.19
32;0;17;8.671;14.38
33;0;18;31.884;21.26
34;0;19;89.706;10.48
35;0;19;86.319;15.04
36;0;20;18.52;5.07
37;0;20;22.137;16.99
38;0;20;22.911;12.15
39;0;21;82.655;8.22
40;0;21;78.558;0.77
41;0;22;31.553;23.75
42;0;22;36.45;9.62
43;0;22;27.376;14.01
44;0;23;93.673;17.29
45;0;24;41.795;0.33
46;0;25;32.509;13.04
47;0;25;34.458;3.53
48;0;25;29.2;16.12
49;0;26;17.061;16.91
50;0;27;22.308;23.59
51;0;28;29.975;21.4
52;0;29;9.829;6.04
53;0;29;10.428;1.34
54;0;30;10.043;10.5
55;0;30;8.258;2.13
56;0;30;7.728;1.25
57;0;31;35.108;3.65
58;0;31;30.231;8.68
59;0;32;13.217;6.83
60;0;32;13.173;3.11
61;0;32;10.932;23.58
62;0;33;45.309;17.98
63;0;33;48.343;8.81
64;0;33;48.293;4.16
65;0;34;62.958;11.97
66;0;35;18.686;6.33
67;0;35;17.366;7.15
68;0;35;14.561;24.18
69;0;36;15.608;24.36
70;0;36;14.303;19.03
71;0;36;17.244;24.78
72;0;37;42.745;14.78
73;0;38;18.52;18.37
74;0;39;17.275;1.84
75;0;39;20.531;22.07
76;0;40;26.087;12.35
77;0;40;29.002;4.65
78;0;41;25.77;16.06
79;0;41;22.725;6.49
80;0;41;27.333;1.83
81;0;42;16.208;20.69
82;0;43;17.194;22.85
83;0;44;13.885;18.49
84;0;45;25.336;6.75
85;0;45;29.681;5.08
86;0;45;28.542;22.35
87;0;46;22.042;19.58
88;0;47;27.562;9.97
89;0;48;19.29;12.89
90;0;49;0.0;14.4
91;1;2;45.08;1.61
92;1;2;49.542;8.35
93;1;2;33.996;12.41
94;1;3;46.481;15.5
95;1;3;48.692;10.57
96;1;4;44.354;1.83
97;1;4;48.858;0.86
98;1;4;49.435;14.13
99;1;5;45.169;14.82
100;1;5;43.169;1.6
101;1;6;36.092;4.39
102;1;6;32.854;20.52
103;1;6;41.137;0.34
104;1;7;66.86;24.99
105;1;7;50.632;5.71
106;1;8;50.417;3.18
107;1;8;42.526;21.06
108;1;9;117.144;2.94
109;1;10;39.989;0.69
110;1;10;49.139;2.63
111;1;10;38.357;2.37
112;1;11;29.467;7.38
113;1;11;26.829;21.39
114;1;12;65.336;21.8
115;1;12;60.593;12.48
116;1;13;34.321;7.3
117;1;13;32.083;9.03
118;1;14;38.599;13.86
119;1;14;42.734;15.79
120;1;15;37.919;2.53
121;1;15;28.565;1.08
122;1;15;31.482;17.46
123;1;16;6.582;15.72
124;1;17;32.461;17.75
125;1;18;55.02;3.71
126;1;19;112.538;14.66
127;1;19;119.101;9.12
128;1;20;40.525;24.8
129;1;20;34.79;17.86
130;1;21;81.186;13.69
131;1;22;8.558;5.54
132;1;22;7.313;9.61
133;1;23;97.123;21.02
134;1;23;75.093;16.5
135;1;23;105.627;19.32
136;1;24;48.633;4.96
137;1;24;58.11;17.83
138;1;24;49.381;3.74
139;1;25;55.131;14.92
140;1;25;59.788;1.04
141;1;25;44.458;24.11
142;1;26;8.509;1.39
143;1;26;10.107;18.54
144;1;27;45.082;12.76
145;1;28;39.495;9.71
146;1;29;29.708;9.11
147;1;30;33.565;1.03
148;1;30;25.47;4.13
149;1;31;53.025;24.63
150;1;31;48.539;9.89
151;1;31;54.332;23.17
152;1;32;31.108;9.6
153;1;32;23.682;3.28
154;1;32;38.805;10.09
155;1;33;68.67;8.48
156;1;34;45.424;21.46
157;1;35;41.065;16.77
158;1;35;34.289;20.83
159;1;36;36.786;12.7
160;1;36;36.018;20.71
161;1;36;33.28;16.11
162;1;37;47.145;5.37
163;1;38;40.525;23.78
164;1;38;35.337;14.3
165;1;38;43.827;18.91
166;1;39;38.974;3.31
167;1;39;38.086;7.72
168;1;39;43.595;5.56
169;1;40;48.305;10.33
170;1;40;58.583;16.03
171;1;41;48.72;12.4
172;1;41;53.962;4.12
173;1;42;37.266;3.16
174;1;43;39.892;2.93
175;1;43;31.777;4.14
176;1;44;34.786;5.53
177;1;44;37.801;17.1
178;1;45;8.171;18.34
179;1;46;10.425;9.86
180;1;46;10.307;10.69
181;1;47;41.226;12.95
182;1;47;47.24;7.22
183;1;47;39.758;22.7
184;1;48;39.024;7.56
185;1;48;46.887;8.3
186;1;49;23.796;9.07
187;1;49;20.551;19.21
188;2;3;9.749;0.71
189;2;3;12.083;4.63
190;2;3;11.574;7.39
191;2;4;20.74;12.2
192;2;5;25.556;15.52
193;2;5;30.952;6.14
194;2;6;25.88;20.87
195;2;6;19.459;7.07
196;2;6;23.453;13.71
197;2;7;48.284;6.1
198;2;8;48.924;8.69
199;2;8;51.892;13.79
200;2;8;47.125;23.95
201;2;9;74.04;3.17
202;2;9;82.428;11.5
203;2;10;5.468;17.44
204;2;11;18.595;11.03
205;2;11;21.279;12.9
206;2;12;32.528;23.85
207;2;12;25.657;11.66
208;2;13;25.339;24.02
209;2;13;30.321;12.28
210;2;14;22.821;21.84
211;2;15;23.133;20.51
212;2;15;22.433;6.5
213;2;16;46.711;8.83
214;2;17;14.979;20.55
215;2;18;10.181;17.95
216;2;19;67.495;3.88
217;2;19;83.186;15.8
218;2;19;73.368;24.97
219;2;20;4.777;11.52
220;2;21;80.059;15.34
221;2;21;72.918;1.96
222;2;21;94.724;11.11
223;2;22;51.773;2.66
224;2;22;46.999;4.49
225;2;22;56.691;1.77
226;2;23;85.65;24.09
227;2;24;37.094;1.98
228;2;24;30.963;2.98
229;2;25;10.085;17.68
230;2;25;10.026;7.45
231;2;25;9.849;6.94
232;2;26;39.363;3.59
233;2;26;35.864;6.51
234;2;26;47.614;16.41
235;2;27;0.845;15.17
236;2;27;0.922;11.24
237;2;28;26.979;22.3
238;2;28;23.062;22.99
239;2;29;15.606;12.92
240;2;29;14.861;1.67
241;2;30;16.512;21.83
242;2;31;17.99;24.55
243;2;31;21.872;17.38
244;2;32;15.584;11.96
245;2;33;23.888;9.68
246;2;34;76.472;9.26
247;2;34;95.003;1.5
248;2;35;4.023;5.86
249;2;35;4.734;3.43
250;2;35;3.047;7.24
251;2;36;8.778;14.95
252;2;36;8.86;17.99
253;2;36;10.091;4.96
254;2;37;40.36;24.88
255;2;37;41.62;22.52
256;2;38;4.777;11.74
257;2;38;4.166;4.46
258;2;39;6.441;12.89
259;2;39;5.43;17.34
260;2;40;3.76;0.2
261;2;41;3.907;0.77
262;2;42;8.489;21.67
263;2;42;6.513;21.19
264;2;43;5.307;4.35
265;2;44;10.694;17.33
266;2;45;44.188;17.84
267;2;45;53.667;19.09
268;2;45;52.107;24.57
269;2;46;44.539;20.01
270;2;47;20.552;17.06
271;2;48;9.29;13.28
272;2;49;22.496;12.07
273;2;49;24.261;4.13
274;2;49;26.364;23.59
275;3;4;30.314;12.09
276;3;4;28.247;22.32
277;3;5;35.092;22.27
278;3;6;34.348;11.39
279;3;6;36.727;2.78
280;3;6;31.088;20.06
281;3;7;58.017;0.97
282;3;7;59.879;0.59
283;3;8;58.016;15.47
284;3;8;54.811;16.05
285;3;9;77.822;24.44
286;3;10;12.858;16.25
287;3;10;12.494;19.14
288;3;11;24.713;5.88
289;3;11;29.278;2.56
290;3;12;41.52;14.74
291;3;12;51.898;16.14
292;3;12;48.778;22.74
293;3;13;33.502;12.42
294;3;13;27.119;2.66
295;3;13;33.085;15.18
296;3;14;31.705;23.68
297;3;15;31.911;18.73
298;3;15;36.559;22.3
299;3;15;27.393;23.07
300;3;16;49.368;6.76
301;3;16;38.232;7.8
302;3;17;14.02;9.68
303;3;17;14.903;8.34
304;3;18;12.0;6.79
305;3;18;10.076;4.2
306;3;18;14.394;8.15
307;3;19;68.332;18.13
308;3;20;12.156;14.87
309;3;21;89.595;23.68
310;3;21;104.371;3.05
311;3;22;54.08;21.61
312;3;23;95.389;17.27
313;3;23;93.188;6.71
314;3;24;46.542;11.71
315;3;24;45.863;16.81
316;3;24;37.992;8.66
317;3;25;14.4;9.08
318;3;25;11.743;17.34
319;3;25;17.683;19.23
320;3;26;39.481;6.26
321;3;26;32.922;22.13
322;3;27;8.905;11.49
323;3;27;8.718;18.11
324;3;28;35.915;21.2
325;3;28;41.842;1.88
326;3;29;19.811;6.34
327;3;30;13.441;1.39
328;3;30;14.627;2.08
329;3;30;11.615;13.01
330;3;31;27.411;17.65
331;3;32;21.444;24.87
332;3;32;26.166;7.02
333;3;33;23.621;5.93
334;3;33;26.844;2.01
335;3;34;82.404;19.37
336;3;34;79.035;17.15
337;3;35;10.905;0.25
338;3;35;9.325;0.07
339;3;35;8.504;0.85
340;3;36;15.128;12.24
341;3;36;12.16;15.02
342;3;37;49.578;16.63
343;3;37;52.577;3.25
344;3;38;12.156;14.92
345;3;38;14.794;23.08
346;3;38;9.588;4.77
347;3;39;13.347;21.49
348;3;39;10.621;2.05
349;3;39;14.116;22.63
350;3;40;12.077;1.69
351;3;40;13.856;16.38
352;3;41;8.883;12.6
353;3;41;8.446;0.59
354;3;41;10.12;0.03
355;3;42;15.221;4.6
356;3;42;17.904;22.95
357;3;42;12.502;2.46
358;3;43;10.323;21.66
359;3;43;8.34;18.9
360;3;44;16.327;8.36
361;3;45;47.282;10.83
362;3;45;53.78;5.41
363;3;46;43.708;22.63
364;3;46;50.129;0.79
365;3;46;54.321;22.28
366;3;47;29.821;16.97
367;3;48;17.705;3.77
368;3;48;19.892;17.45
369;3;49;22.688;24.3
370;3;49;27.748;24.89
371;3;49;25.894;0.45
372;4;5;4.83;11.1
373;4;6;10.054;19.82
374;4;7;29.047;9.67
375;4;7;27.69;23.14
376;4;8;28.717;9.66
377;4;8;34.143;9.78
378;4;9;74.701;11.1
379;4;9;85.814;12.4
380;4;9;76.717;23.71
381;4;10;18.125;15.61
382;4;11;16.387;20.3
383;4;11;18.912;8.12
384;4;11;17.407;21.25
385;4;12;20.984;15.79
386;4;13;11.138;5.72
387;4;13;9.518;0.13
388;4;13;9.618;4.66
389;4;14;6.317;19.08
390;4;14;7.192;3.48
391;4;15;7.058;12.48
392;4;15;7.289;13.23
393;4;16;42.953;11.98
394;4;16;43.371;0.29
395;4;17;27.936;14.68
396;4;18;27.199;8.16
397;4;19;74.737;4.03
398;4;19;86.929;4.64
399;4;19;85.9;0.56
400;4;20;18.66;10.06
401;4;20;22.931;13.8
402;4;20;18.22;2.68
403;4;21;59.32;4.5
404;4;22;48.137;4.33
405;4;22;36.954;22.01
406;4;23;65.94;16.43
407;4;23;67.216;17.2
408;4;24;16.41;14.01
409;4;24;17.923;24.34
410;4;24;14.856;6.52
411;4;25;24.601;4.48
412;4;26;42.273;21.72
413;4;27;21.555;21.34
414;4;28;8.554;24.76
415;4;28;10.282;3.5
416;4;28;10.174;10.06
417;4;29;20.413;8.86
418;4;29;24.826;8.41
419;4;30;31.032;10.28
420;4;31;10.896;13.47
421;4;32;16.893;15.95
422;4;33;37.998;12.48
423;4;33;39.497;10.05
424;4;33;42.058;6.84
425;4;34;62.668;21.52
426;4;34;59.559;9.54
427;4;34;54.565;11.44
428;4;35;19.813;16.73
429;4;35;24.454;15.13
430;4;36;17.643;10.63
431;4;36;20.075;10.16
432;4;36;21.508;4.29
433;4;37;20.023;8.27
434;4;37;22.368;2.93
435;4;37;24.626;13.97
436;4;38;18.66;23.33
437;4;38;18.766;7.43
438;4;38;22.856;0.54
439;4;39;18.109;12.13
440;4;39;15.706;11.41
441;4;40;19.979;23.55
442;4;41;23.327;3.01
443;4;42;17.161;21.96
444;4;42;18.194;10.07
445;4;43;21.053;6.9
446;4;44;18.132;21.72
447;4;44;22.589;16.08
448;4;44;18.718;12.7
449;4;45;39.813;3.35
450;4;45;37.613;0.05
451;4;46;48.466;16.02
452;4;47;3.134;17.7
453;4;48;13.515;23.43
454;4;48;14.569;22.85
455;4;49;30.107;0.25
456;4;49;30.447;3.26
457;5;6;9.199;1.38
458;5;7;25.157;7.64
459;5;7;27.566;22.75
460;5;7;20.31;1.81
461;5;8;24.021;2.8
462;5;8;24.013;3.35
463;5;8;20.624;16.78
464;5;9;76.063;3.98
465;5;9;84.028;24.26
466;5;10;22.745;9.28
467;5;10;23.275;11.9
468;5;11;19.038;21.15
469;5;12;20.896;22.67
470;5;12;16.14;2.27
471;5;13;10.87;5.05
472;5;14;6.816;22.4
473;5;15;7.399;2.51
474;5;16;43.073;12.93
475;5;16;34.037;2.52
476;5;16;50.279;23.6
477;5;17;31.95;13.24
478;5;18;31.901;19.16
479;5;19;77.466;16.52
480;5;20;23.314;24.05
481;5;20;25.424;3.95
482;5;20;17.704;10.83
483;5;21;54.514;17.76
484;5;21;56.686;13.62
485;5;22;48.138;1.81
486;5;23;61.618;19.85
487;5;23;66.592;17.62
488;5;24;11.583;2.63
489;5;24;14.421;10.42
490;5;24;13.012;10.43
491;5;25;29.21;7.54
492;5;26;43.974;18.35
493;5;26;33.336;9.07
494;5;27;26.367;5.94
495;5;28;6.249;15.33
496;5;28;6.592;19.81
497;5;29;23.842;16.15
498;5;30;35.128;6.75
499;5;30;28.053;12.57
500;5;31;14.211;21.63
501;5;32;20.207;21.89
502;5;32;22.619;13.49
503;5;33;42.271;9.44
504;5;34;59.693;12.3
505;5;34;47.552;6.32
506;5;35;24.494;14.28
507;5;35;28.06;6.53
508;5;35;19.776;19.62
509;5;36;21.973;2.15
510;5;37;15.318;20.76
511;5;38;23.314;3.46
512;5;39;22.653;10.35
513;5;39;21.819;24.28
514;5;39;28.183;20.24
515;5;40;24.791;10.28
516;5;40;26.092;1.61
517;5;40;21.685;10.43
518;5;41;28.152;18.14
519;5;42;21.534;0.47
520;5;42;20.66;15.93
521;5;43;25.659;7.34
522;5;44;22.228;23.31
523;5;44;23.785;11.56
524;5;44;26.237;6.98
525;5;45;39.886;17.36
526;5;45;36.486;23.62
527;5;45;43.434;18.44
528;5;46;50.209;20.13
529;5;46;45.417;8.22
530;5;46;45.412;23.35
531;5;47;5.893;20.54
532;5;48;18.012;3.42
533;5;48;19.045;0.41
534;5;49;33.232;19.67
535;5;49;28.507;12.03
536;5;49;29.207;17.0
537;6;7;32.227;7.34
538;6;7;30.335;19.11
539;6;7;37.458;22.25
540;6;8;24.134;12.25
541;6;8;29.628;24.22
542;6;8;23.298;12.4
543;6;9;84.631;21.95
544;6;9;68.605;8.72
545;6;10;21.505;17.47
546;6;10;23.878;11.39
547;6;11;12.681;1.96
548;6;11;11.814;6.78
549;6;12;29.997;9.73
550;6;13;1.897;1.53
551;6;13;2.039;16.99
552;6;14;3.909;8.16
553;6;14;4.739;11.08
554;6;15;3.248;4.07
555;6;15;2.969;22.72
556;6;16;33.875;16.02
557;6;16;39.871;14.89
558;6;17;27.607;18.07
559;6;17;30.354;1.39
560;6;17;33.826;15.24
561;6;18;34.368;19.88
562;6;18;38.453;21.77
563;6;19;84.689;10.77
564;6;19;85.777;8.87
565;6;20;22.227;17.11
566;6;20;19.177;19.64
567;6;20;17.371;18.35
568;6;21;56.894;12.24
569;6;21;47.668;8.93
570;6;22;38.943;0.63
571;6;22;39.982;19.4
572;6;23;66.937;20.03
573;6;23;75.547;8.97
574;6;23;67.445;0.9
575;6;24;15.062;8.15
576;6;24;17.022;9.04
577;6;25;32.326;10.18
578;6;25;26.604;7.45
579;6;25;29.643;18.48
580;6;26;35.415;6.41
581;6;26;39.427;10.7
582;6;27;26.558;17.85
583;6;28;3.532;18.67
584;6;29;18.528;15.93
585;6;29;22.863;2.8
586;6;29;18.201;12.17
587;6;30;30.9;10.38
588;6;30;28.507;19.73
589;6;31;20.863;21.51
590;6;31;20.832;11.66
591;6;32;15.035;20.49
592;6;33;46.477;1.18
593;6;33;57.771;17.23
594;6;33;36.514;14.41
595;6;34;53.052;23.11
596;6;34;44.105;4.95
597;6;35;23.479;9.37
598;6;35;26.711;9.45
599;6;35;23.235;7.67
600;6;36;19.469;8.09
601;6;37;16.368;16.66
602;6;37;12.901;21.05
603;6;38;22.227;5.26
604;6;39;21.011;14.96
605;6;40;26.454;7.07
606;6;41;29.299;13.69
607;6;42;19.252;15.9
608;6;42;23.839;14.73
609;6;42;16.714;21.38
610;6;43;24.083;24.07
611;6;43;19.815;22.17
612;6;43;24.432;20.96
613;6;44;18.879;24.24
614;6;44;22.933;7.31
615;6;45;30.687;9.08
616;6;45;25.25;4.25
617;6;46;41.641;6.23
618;6;46;48.231;17.39
619;6;47;7.406;8.52
620;6;48;16.748;12.25
621;6;48;16.574;6.37
622;6;48;15.038;10.56
623;6;49;26.736;18.84
624;7;8;22.443;6.13
625;7;8;20.954;7.28
626;7;9;70.88;23.49
627;7;9;59.775;19.39
628;7;9;74.963;4.29
629;7;10;46.819;17.8
630;7;10;56.594;11.88
631;7;11;44.0;15.48
632;7;11;47.196;9.95
633;7;12;21.975;23.98
634;7;13;34.121;20.21
635;7;13;38.314;1.29
636;7;14;31.525;3.27
637;7;14;32.444;15.94
638;7;14;34.661;5.01
639;7;15;31.918;9.48
640;7;15;35.952;3.93
641;7;15;27.862;14.17
642;7;16;63.227;4.52
643;7;16;72.406;20.7
644;7;16;65.085;5.29
645;7;17;56.963;22.05
646;7;18;51.445;22.42
647;7;18;56.072;4.74
648;7;19;79.928;20.85
649;7;19;89.715;13.94
650;7;19;83.368;19.97
651;7;20;47.259;7.76
652;7;20;42.646;18.43
653;7;20;49.312;16.11
654;7;21;36.316;6.08
655;7;21;33.617;17.42
656;7;21;27.276;21.62
657;7;22;67.696;7.25
658;7;22;79.541;0.19
659;7;23;37.38;23.85
660;7;23;35.229;6.96
661;7;23;37.603;20.98
662;7;24;18.228;23.55
663;7;25;48.168;20.51
664;7;25;56.779;13.48
665;7;26;67.378;23.09
666;7;26;63.23;9.2
667;7;27;49.129;19.71
668;7;27;36.877;0.57
669;7;28;28.729;22.55
670;7;28;35.538;15.97
671;7;28;34.731;10.77
672;7;29;48.998;10.16
673;7;29;58.445;0.01
674;7;29;40.774;11.82
675;7;30;60.077;13.12
676;7;31;31.245;1.2
677;7;31;31.295;19.81
678;7;31;35.783;0.97
679;7;32;45.358;15.38
680;7;32;43.381;5.93
681;7;33;57.399;8.63
682;7;34;66.095;13.1
683;7;34;51.458;6.63
684;7;34;64.637;17.9
685;7;35;48.307;11.18
686;7;35;55.822;6.86
687;7;36;46.665;20.91
688;7;36;55.734;3.46
689;7;37;20.472;21.62
690;7;37;18.513;7.05
691;7;38;47.259;24.45
692;7;39;46.943;0.21
693;7;39;56.566;7.84
694;7;39;54.511;24.72
695;7;40;46.311;4.74
696;7;40;52.319;23.07
697;7;40;55.259;16.77
698;7;41;49.804;24.54
699;7;41;58.582;10.69
700;7;42;46.165;14.1
701;7;42;35.585;22.1
702;7;43;49.732;16.32
703;7;43;53.69;13.73
704;7;43;52.139;18.9
705;7;44;47.169;15.16
706;7;45;60.114;18.66
707;7;45;74.149;19.28
708;7;46;73.551;4.48
709;7;47;31.01;8.85
710;7;47;37.918;9.76
711;7;48;42.459;15.35
712;7;49;58.284;14.27
713;7;49;71.686;12.48
714;7;49;44.261;4.05
715;8;9;91.357;3.97
716;8;10;45.195;23.71
717;8;10;49.433;20.5
718;8;10;46.02;21.79
719;8;11;36.387;3.79
720;8;11;37.198;10.87
721;8;11;37.911;21.09
722;8;12;36.911;14.9
723;8;13;25.455;0.48
724;8;14;26.323;10.8
725;8;14;29.952;8.37
726;8;15;26.164;15.58
727;8;16;45.491;4.53
728;8;16;55.956;1.12
729;8;17;51.604;9.21
730;8;18;55.908;1.79
731;8;18;57.95;23.09
732;8;18;49.468;17.76
733;8;19;97.238;14.95
734;8;19;93.194;6.27
735;8;19;85.844;16.05
736;8;20;45.875;5.67
737;8;21;33.148;19.61
738;8;21;38.468;3.19
739;8;22;49.181;19.7
740;8;22;38.303;6.74
741;8;23;46.711;22.51
742;8;23;42.092;0.39
743;8;24;12.957;24.84
744;8;24;14.245;2.52
745;8;25;53.228;21.88
746;8;26;53.254;23.09
747;8;27;49.686;22.1
748;8;27;59.887;1.27
749;8;28;22.112;15.36
750;8;28;17.585;10.86
751;8;29;42.406;19.62
752;8;30;54.891;24.15
753;8;31;37.429;5.08
754;8;31;32.985;1.51
755;8;32;39.055;9.71
756;8;33;65.986;12.73
757;8;34;43.738;6.49
758;8;34;38.657;24.58
759;8;35;47.122;24.47
760;8;35;54.346;17.12
761;8;36;43.48;24.58
762;8;36;43.775;4.78
763;8;37;8.703;0.36
764;8;37;6.968;15.05
765;8;37;10.264;20.74
766;8;38;45.875;24.95
767;8;39;44.827;0.86
768;8;39;36.864;0.63
769;8;40;48.616;23.28
770;8;40;59.2;13.13
771;8;41;51.87;16.88
772;8;41;52.652;17.81
773;8;41;58.552;2.91
774;8;42;43.212;8.27
775;8;43;47.93;7.24
776;8;44;42.999;8.53
777;8;44;49.895;11.48
778;8;45;42.68;14.86
779;8;46;58.954;8.36
780;8;46;57.693;20.2
781;8;47;28.38;1.28
782;8;47;27.948;17.94
783;8;48;40.323;9.29
784;8;48;44.851;9.36
785;8;49;49.508;2.84
786;8;49;56.157;21.94
787;9;10;78.211;21.9
788;9;11;87.714;1.19
789;9;11;79.088;6.71
790;9;12;55.85;5.31
791;9;12;48.542;18.57
792;9;13;85.837;11.84
793;9;13;71.012;14.04
794;9;14;81.016;2.33
795;9;15;81.758;6.68
796;9;16;116.972;5.29
797;9;16;124.137;6.97
798;9;17;88.962;21.18
799;9;17;73.047;20.04
800;9;17;95.18;6.53
801;9;18;66.004;16.62
802;9;18;55.943;17.79
803;9;19;23.74;4.26
804;9;19;28.231;22.24
805;9;19;21.592;2.84
806;9;20;77.853;11.37
807;9;20;89.045;11.46
808;9;21;102.506;21.22
809;9;21;109.096;20.33
810;9;22;122.224;1.76
811;9;22;103.855;18.96
812;9;22;112.285;16.75
813;9;23;89.77;2.73
814;9;24;80.83;15.74
815;9;25;64.423;13.43
816;9;26;112.744;15.88
817;9;26;125.019;18.83
818;9;27;74.36;3.58
819;9;27;70.423;18.71
820;9;28;82.258;14.77
821;9;28;94.091;12.91
822;9;28;63.223;24.27
823;9;29;87.948;9.15
824;9;29;70.369;19.81
825;9;30;90.019;2.17
826;9;30;103.483;3.55
827;9;30;76.929;0.77
828;9;31;64.575;19.89
829;9;31;77.213;13.11
830;9;31;75.982;20.85
831;9;32;86.088;8.03
832;9;32;83.038;14.58
833;9;32;81.823;15.69
834;9;33;55.48;14.99
835;9;34;134.094;23.47
836;9;34;130.318;19.83
837;9;35;77.704;14.67
838;9;36;81.072;2.57
839;9;36;87.184;4.59
840;9;36;90.18;1.07
841;9;37;85.388;6.16
842;9;37;84.735;24.0
843;9;37;69.447;4.36
844;9;38;77.853;22.2
845;9;38;70.185;23.36
846;9;38;85.979;20.69
847;9;39;79.166;6.33
848;9;40;70.348;21.62
849;9;41;71.269;18.27
850;9;41;88.072;20.52
851;9;41;53.774;4.45
852;9;42;80.517;7.1
853;9;42;81.487;11.79
854;9;42;79.611;24.25
855;9;43;79.27;21.41
856;9;43;73.403;2.7
857;9;43;98.505;11.45
858;9;44;82.997;4.79
859;9;44;63.423;8.25
860;9;45;113.946;4.34
861;9;45;118.073;1.53
862;9;45;125.366;11.15
863;9;46;118.293;3.95
864;9;47;77.694;14.15
865;9;47;60.816;4.53
866;9;48;78.248;21.96
867;9;49;96.367;13.56
868;9;49;116.833;8.87
869;10;11;13.165;8.58
870;10;11;12.357;21.65
871;10;11;10.444;6.73
872;10;12;33.322;17.09
873;10;13;20.726;22.02
874;10;14;18.873;6.68
875;10;15;19.06;21.01
876;10;15;17.619;3.0
877;10;15;20.639;13.46
878;10;16;41.38;6.0
879;10;16;49.15;3.97
880;10;16;44.083;14.58
881;10;17;11.952;8.25
882;10;18;15.628;7.89
883;10;18;16.109;22.23
884;10;19;72.557;2.76
885;10;19;88.572;7.56
886;10;20;0.76;6.5
887;10;20;0.606;13.77
888;10;20;0.88;3.13
889;10;21;77.057;3.69
890;10;21;91.073;1.91
891;10;22;46.48;23.77
892;10;23;83.972;14.27
893;10;24;33.979;18.91
894;10;24;29.915;17.72
895;10;25;15.208;22.69
896;10;25;15.701;20.02
897;10;25;15.253;8.59
898;10;26;34.664;0.98
899;10;26;28.373;16.96
900;10;27;5.808;10.9
901;10;27;6.921;18.36
902;10;27;5.804;3.51
903;10;28;23.084;12.66
904;10;28;26.909;13.25
905;10;28;19.249;16.16
906;10;29;10.322;23.38
907;10;29;11.245;14.54
908;10;30;14.361;24.79
909;10;31;18.455;13.96
910;10;31;16.634;19.68
911;10;31;16.039;17.92
912;10;32;10.118;5.86
913;10;33;29.303;1.82
914;10;33;28.402;14.94
915;10;34;71.14;2.86
916;10;34;79.541;3.55
917;10;35;1.983;2.76
918;10;36;3.328;21.41
919;10;36;3.539;10.84
920;10;36;4.03;0.68
921;10;37;36.819;16.94
922;10;37;37.396;13.67
923;10;37;31.399;15.67
924;10;38;0.76;18.48
925;10;38;0.79;4.49
926;10;38;0.901;5.74
927;10;39;1.018;16.36
928;10;39;0.833;23.31
929;10;39;0.819;22.49
930;10;40;8.319;20.36
931;10;40;6.262;14.69
932;10;40;6.589;6.91
933;10;41;9.374;10.25
934;10;42;3.022;2.83
935;10;42;3.417;22.82
936;10;42;2.585;13.32
937;10;43;2.93;4.41
938;10;43;3.015;13.91
939;10;44;5.294;21.06
940;10;45;38.807;18.46
941;10;45;42.514;1.56
942;10;45;33.827;19.65
943;10;46;40.089;22.16
944;10;46;40.087;6.53
945;10;47;17.198;3.43
946;10;47;20.334;5.48
947;10;48;4.879;9.19
948;10;48;4.577;16.04
949;10;48;6.085;14.54
950;10;49;18.196;3.44
951;10;49;14.528;11.89
952;10;49;20.573;5.74
953;11;12;36.875;2.03
954;11;12;39.417;5.23
955;11;12;38.346;10.78
956;11;13;11.061;23.01
957;11;14;12.476;13.97
958;11;14;9.982;14.54
959;11;15;12.117;6.55
960;11;15;12.597;12.66
961;11;15;9.215;4.3
962;11;16;29.559;4.98
963;11;16;32.636;3.52
964;11;16;35.616;17.33
965;11;17;15.282;17.0
966;11;18;28.634;21.09
967;11;19;84.272;11.53
968;11;19;63.325;9.6
969;11;20;13.901;11.69
970;11;21;69.399;5.98
971;11;22;34.795;7.95
972;11;22;27.918;10.05
973;11;22;26.225;23.08
974;11;23;79.501;1.61
975;11;23;97.55;5.0
976;11;23;96.086;12.94
977;11;24;27.645;19.16
978;11;24;30.434;9.71
979;11;25;27.729;15.05
980;11;25;24.957;15.52
981;11;26;26.206;5.2
982;11;26;31.16;4.36
983;11;27;18.973;2.04
984;11;27;14.574;22.02
985;11;27;16.398;14.37
986;11;28;15.757;5.15
987;11;29;6.045;17.33
988;11;30;18.548;22.85
989;11;31;23.653;13.05
990;11;31;27.711;21.72
991;11;32;3.27;2.91
992;11;32;2.887;19.5
993;11;32;3.46;6.98
994;11;33;42.145;13.39
995;11;33;36.252;15.74
996;11;33;31.957;5.96
997;11;34;58.044;9.84
998;11;34;66.274;6.12
999;11;35;14.952;13.8
1000;11;35;12.956;23.23
1001;11;35;14.48;7.29
1002;11;36;10.001;23.54
1003;11;36;9.45;14.36
1004;11;37;28.995;23.1
1005;11;37;32.995;17.04
1006;11;37;23.667;19.4
1007;11;38;13.901;5.52
1008;11;39;12.265;11.41
1009;11;39;11.615;20.18
1010;11;40;20.836;14.6
1011;11;41;22.496;24.7
1012;11;42;10.165;3.76
1013;11;43;14.722;19.55
1014;11;43;13.353;17.32
1015;11;43;13.722;9.03
1016;11;44;8.436;7.41
1017;11;44;7.931;20.4
1018;11;45;26.712;18.79
1019;11;45;25.273;21.52
1020;11;45;30.303;18.6
1021;11;46;32.318;3.84
1022;11;47;13.57;11.45
1023;11;47;10.629;20.89
1024;11;47;10.674;10.62
1025;11;48;10.257;12.73
1026;11;48;10.07;2.8
1027;11;49;14.3;4.74
1028;11;49;13.858;2.24
1029;12;13;31.517;14.48
1030;12;13;28.235;8.84
1031;12;14;26.892;21.61
1032;12;14;28.229;7.53
1033;12;14;28.899;1.61
1034;12;15;27.608;24.49
1035;12;15;30.783;15.91
1036;12;15;25.852;17.53
1037;12;16;63.746;22.83
1038;12;17;45.133;3.0
1039;12;17;50.275;5.72
1040;12;17;38.851;12.42
1041;12;18;32.378;12.22
1042;12;18;31.587;9.23
1043;12;18;39.987;20.09
1044;12;19;60.354;23.56
1045;12;20;33.457;4.85
1046;12;20;35.537;1.71
1047;12;20;41.758;4.97
1048;12;21;58.258;23.69
1049;12;22;68.875;22.88
1050;12;23;57.209;17.45
1051;12;23;51.754;16.43
1052;12;23;57.488;20.4
1053;12;24;25.235;7.59
1054;12;24;27.95;1.69
1055;12;24;26.544;22.24
1056;12;25;29.022;15.38
1057;12;25;27.161;10.14
1058;12;26;63.046;18.36
1059;12;26;69.065;2.51
1060;12;26;55.753;9.95
1061;12;27;33.306;21.31
1062;12;28;27.129;13.8
1063;12;29;39.694;18.14
1064;12;29;42.907;9.01
1065;12;29;41.207;24.5
1066;12;30;47.682;9.6
1067;12;31;14.867;11.74
1068;12;31;13.147;5.63
1069;12;32;36.604;10.08
1070;12;32;45.676;8.54
1071;12;33;35.955;17.36
1072;12;34;78.401;23.33
1073;12;34;95.12;13.17
1074;12;34;75.775;16.44
1075;12;35;34.129;8.27
1076;12;36;34.637;0.01
1077;12;36;42.295;16.64
1078;12;37;29.925;11.42
1079;12;37;32.246;15.68
1080;12;38;33.457;2.11
1081;12;38;32.213;8.27
1082;12;39;33.868;11.45
1083;12;39;27.615;21.6
1084;12;39;26.916;5.88
1085;12;40;29.492;17.33
1086;12;40;30.837;20.89
1087;12;41;32.66;18.29
1088;12;41;30.434;0.53
1089;12;42;34.03;14.67
1090;12;43;35.845;20.86
1091;12;43;27.993;8.66
1092;12;44;35.952;21.02
1093;12;44;41.263;5.63
1094;12;44;37.666;16.33
1095;12;45;60.577;5.07
1096;12;46;69.188;16.22
1097;12;46;56.593;24.51
1098;12;46;67.869;12.45
1099;12;47;24.109;4.82
1100;12;47;27.238;11.28
1101;12;47;29.42;15.81
1102;12;48;30.463;2.95
1103;12;48;31.486;12.47
1104;12;48;29.265;12.71
1105;12;49;49.491;10.18
1106;12;49;57.277;10.91
1107;12;49;56.629;4.31
1108;13;14;4.821;6.62
1109;13;14;5.364;4.2
1110;13;14;3.902;1.51
1111;13;15;4.08;5.4
1112;13;16;32.257;12.28
1113;13;16;38.184;15.07
1114;13;16;34.428;1.05
1115;13;17;26.162;7.43
1116;13;18;34.163;0.68
1117;13;19;85.443;5.56
1118;13;19;99.96;21.52
1119;13;19;78.939;3.08
1120;13;20;21.465;22.67
1121;13;20;21.905;14.47
1122;13;20;26.816;22.63
1123;13;21;58.368;4.58
1124;13;21;54.063;0.96
1125;13;22;37.362;5.59
1126;13;22;34.978;4.5
1127;13;22;34.622;18.81
1128;13;23;68.717;15.75
1129;13;23;81.434;2.52
1130;13;23;76.628;11.54
1131;13;24;16.863;9.46
1132;13;24;12.904;19.31
1133;13;25;32.276;19.7
1134;13;25;34.46;7.9
1135;13;26;33.532;2.24
1136;13;27;25.98;21.11
1137;13;28;5.426;2.83
1138;13;28;5.167;13.91
1139;13;28;6.621;11.35
1140;13;29;17.004;22.86
1141;13;30;29.452;24.85
1142;13;31;21.734;1.73
1143;13;31;23.725;24.79
1144;13;31;21.542;7.95
1145;13;32;13.601;12.68
1146;13;33;46.565;9.64
1147;13;34;52.69;6.48
1148;13;34;44.138;23.05
1149;13;34;65.097;3.94
1150;13;35;22.709;14.28
1151;13;35;23.411;2.32
1152;13;35;21.172;2.62
1153;13;36;18.477;16.03
1154;13;36;14.62;7.07
1155;13;36;21.369;9.69
1156;13;37;17.936;3.1
1157;13;37;22.0;21.84
1158;13;37;14.434;17.26
1159;13;38;21.465;4.31
1160;13;38;19.6;5.16
1161;13;38;17.084;17.24
1162;13;39;20.16;11.6
1163;13;40;26.176;12.11
1164;13;41;28.877;4.55
1165;13;41;28.029;1.78
1166;13;41;29.252;0.45
1167;13;42;18.311;0.9
1168;13;42;15.23;3.58
1169;13;43;23.19;13.26
1170;13;43;25.024;14.4
1171;13;43;24.545;14.42
1172;13;44;17.728;15.29
1173;13;45;29.078;23.33
1174;13;46;39.76;15.5
1175;13;47;8.231;18.38
1176;13;47;9.849;5.92
1177;13;48;16.093;12.33
1178;13;49;24.972;11.91
1179;14;15;0.742;7.55
1180;14;16;36.86;10.52
1181;14;17;26.395;13.89
1182;14;17;25.334;2.13
1183;14;17;26.903;17.37
1184;14;18;30.866;18.65
1185;14;18;27.331;14.11
1186;14;19;80.801;12.74
1187;14;20;19.555;3.66
1188;14;21;58.5;21.82
1189;14;22;42.008;11.74
1190;14;22;50.8;2.46
1191;14;22;50.758;3.98
1192;14;23;67.282;11.38
1193;14;24;15.707;10.34
1194;14;24;14.958;9.26
1195;14;25;28.693;20.17
1196;14;26;37.172;23.12
1197;14;26;28.151;15.86
1198;14;27;23.546;16.06
1199;14;28;4.211;12.79
1200;14;28;4.672;24.08
1201;14;28;4.837;24.41
1202;14;29;17.738;3.44
1203;14;29;17.624;20.27
1204;14;29;15.636;7.81
1205;14;30;29.659;24.76
1206;14;31;17.0;0.34
1207;14;32;14.092;14.45
1208;14;32;15.896;6.29
1209;14;32;13.318;16.64
1210;14;33;42.726;12.25
1211;14;34;56.946;8.44
1212;14;34;58.285;8.69
1213;14;34;58.216;18.67
1214;14;35;20.804;7.1
1215;14;35;20.319;2.97
1216;14;35;20.274;22.03
1217;14;36;17.282;2.27
1218;14;36;16.472;21.77
1219;14;36;14.194;4.4
1220;14;37;18.021;22.3
1221;14;38;19.555;11.58
1222;14;38;16.529;12.94
1223;14;38;22.87;22.39
1224;14;39;18.515;15.06
1225;14;39;22.399;15.83
1226;14;39;18.432;8.21
1227;14;40;23.06;17.57
1228;14;41;26.058;5.62
1229;14;41;24.85;4.26
1230;14;42;16.968;21.54
1231;14;42;20.35;11.35
1232;14;42;17.769;18.84
1233;14;43;21.618;8.71
1234;14;44;17.054;18.1
1235;14;44;20.108;22.21
1236;14;44;16.719;0.8
1237;14;45;33.698;2.96
1238;14;45;33.666;12.95
1239;14;46;43.406;5.87
1240;14;46;37.782;0.14
1241;14;46;46.607;5.67
1242;14;47;3.504;11.03
1243;14;48;14.003;8.21
1244;14;49;26.77;11.3
1245;14;49;30.8;4.36
1246;15;16;36.14;20.32
1247;15;16;27.608;5.37
1248;15;16;30.364;21.76
1249;15;17;26.27;17.64
1250;15;17;24.589;16.91
1251;15;17;20.175;17.07
1252;15;18;31.323;9.94
1253;15;18;30.892;2.73
1254;15;19;81.504;15.11
1255;15;19;101.053;23.16
1256;15;19;72.351;5.13
1257;15;20;19.755;7.3
1258;15;21;58.486;22.57
1259;15;21;56.65;17.33
1260;15;21;64.009;3.88
1261;15;22;41.284;1.77
1262;15;22;37.158;19.39
1263;15;23;67.512;10.63
1264;15;23;58.132;17.29
1265;15;23;56.621;11.16
1266;15;24;15.826;13.47
1267;15;24;16.942;22.54
1268;15;24;18.812;2.93
1269;15;25;29.198;21.17
1270;15;25;31.043;16.82
1271;15;26;36.575;6.99
1272;15;26;41.931;20.64
1273;15;26;27.91;22.53
1274;15;27;23.844;23.26
1275;15;28;4.095;10.07
1276;15;29;17.511;4.51
1277;15;29;13.874;6.26
1278;15;30;29.545;21.83
1279;15;30;29.982;15.77
1280;15;30;30.623;16.07
1281;15;31;17.719;21.12
1282;15;31;16.795;22.84
1283;15;32;13.879;12.38
1284;15;33;43.283;7.38
1285;15;34;56.301;14.04
1286;15;35;21.006;1.99
1287;15;35;21.9;0.44
1288;15;36;17.353;15.74
1289;15;36;20.522;15.78
1290;15;36;19.835;10.83
1291;15;37;17.955;13.61
1292;15;37;16.215;19.5
1293;15;38;19.755;11.09
1294;15;38;23.005;11.24
1295;15;38;23.274;1.9
1296;15;39;18.666;23.15
1297;15;40;23.477;13.2
1298;15;41;26.427;14.59
1299;15;41;23.553;11.8
1300;15;41;26.569;8.32
1301;15;42;17.062;18.65
1302;15;42;19.863;9.09
1303;15;43;21.767;24.64
1304;15;44;17.04;17.63
1305;15;44;15.899;7.32
1306;15;44;14.04;24.13
1307;15;45;32.976;10.17
1308;15;45;39.878;4.12
1309;15;45;28.325;2.15
1310;15;46;42.811;21.38
1311;15;47;4.209;16.47
1312;15;47;4.632;10.28
1313;15;48;14.209;20.27
1314;15;48;15.361;13.56
1315;15;49;26.416;4.27
1316;15;49;28.096;16.93
1317;15;49;22.855;20.06
1318;16;17;35.498;6.43
1319;16;17;30.609;17.23
1320;16;17;30.275;17.66
1321;16;18;56.848;3.45
1322;16;18;62.064;1.08
1323;16;19;113.702;19.37
1324;16;20;41.994;12.21
1325;16;20;50.558;14.07
1326;16;20;42.067;23.13
1327;16;21;75.434;21.69
1328;16;21;80.45;14.91
1329;16;21;77.612;12.54
1330;16;22;5.254;14.23
1331;16;22;4.238;18.38
1332;16;22;4.996;2.83
1333;16;23;92.061;20.7
1334;16;23;72.043;3.36
1335;16;24;45.068;3.17
1336;16;24;39.08;18.35
1337;16;25;56.576;9.38
1338;16;25;64.931;14.51
1339;16;26;14.363;20.24
1340;16;26;14.868;24.48
1341;16;27;46.83;23.1
1342;16;28;37.071;23.68
1343;16;29;31.105;9.94
1344;16;29;28.055;6.89
1345;16;29;29.04;12.51
1346;16;30;37.097;5.08
1347;16;30;32.117;19.07
1348;16;31;52.438;1.23
1349;16;31;42.75;12.84
1350;16;32;31.768;5.97
1351;16;32;29.564;4.49
1352;16;33;70.574;1.0
1353;16;34;39.104;24.3
1354;16;34;38.639;3.45
1355;16;34;43.311;21.59
1356;16;35;42.702;17.05
1357;16;35;34.593;11.56
1358;16;35;37.211;12.25
1359;16;36;38.072;4.98
1360;16;37;43.065;3.05
1361;16;37;39.071;5.62
1362;16;38;41.994;14.09
1363;16;38;41.171;0.54
1364;16;39;40.367;15.66
1365;16;39;50.281;16.58
1366;16;39;44.396;6.56
1367;16;40;49.645;19.47
1368;16;40;61.322;3.54
1369;16;40;40.082;13.68
1370;16;41;50.507;0.73
1371;16;42;38.48;9.59
1372;16;42;31.786;5.31
1373;16;43;41.742;24.59
1374;16;44;36.087;5.53
1375;16;44;34.997;6.45
1376;16;44;42.462;0.77
1377;16;45;3.195;20.68
1378;16;46;17.006;22.55
1379;16;46;20.2;6.6
1380;16;47;39.831;23.78
1381;16;47;43.97;24.62
1382;16;47;32.487;2.71
1383;16;48;39.653;11.54
1384;16;49;27.064;5.05
1385;16;49;21.247;10.44
1386;16;49;22.665;2.25
1387;17;18;23.636;13.49
1388;17;19;81.402;7.75
1389;17;20;11.984;19.15
1390;17;20;10.197;18.37
1391;17;21;84.5;7.0
1392;17;21;92.106;3.93
1393;17;21;81.816;19.44
1394;17;22;40.119;0.59
1395;17;22;48.113;4.62
1396;17;23;93.521;24.59
1397;17;23;105.557;10.59
1398;17;23;107.25;7.27
1399;17;24;42.092;0.84
1400;17;24;38.897;21.6
1401;17;24;36.325;17.29
1402;17;25;24.63;1.76
1403;17;25;30.718;1.66
1404;17;26;25.598;3.76
1405;17;27;14.61;17.86
1406;17;27;13.355;16.54
1407;17;28;30.277;4.47
1408;17;28;30.699;19.14
1409;17;29;9.237;16.31
1410;17;29;7.545;13.55
1411;17;29;9.87;5.27
1412;17;30;3.293;6.33
1413;17;31;30.3;24.89
1414;17;32;12.574;17.17
1415;17;32;10.84;7.02
1416;17;33;36.838;7.98
1417;17;33;34.243;1.88
1418;17;34;70.072;1.35
1419;17;35;11.693;23.94
1420;17;36;10.632;4.9
1421;17;36;9.566;15.72
1422;17;37;43.961;19.13
1423;17;37;42.599;2.7
1424;17;38;11.984;13.13
1425;17;39;11.296;0.99
1426;17;39;11.269;21.9
1427;17;39;10.064;20.5
1428;17;40;18.728;14.16
1429;17;40;18.598;3.86
1430;17;40;15.542;12.29
1431;17;41;17.779;4.99
1432;17;41;20.134;11.71
1433;17;42;11.214;8.53
1434;17;42;11.862;20.5
1435;17;42;9.712;20.61
1436;17;43;9.971;8.24
1437;17;43;8.43;22.47
1438;17;44;9.808;19.9
1439;17;44;7.483;14.42
1440;17;45;33.563;8.85
1441;17;46;30.195;18.26
1442;17;46;30.342;4.36
1443;17;46;34.007;7.72
1444;17;47;26.057;13.61
1445;17;47;26.222;6.21
1446;17;48;14.945;17.09
1447;17;49;8.671;3.67
1448;17;49;7.493;11.7
1449;17;49;9.529;12.57
1450;18;19;57.824;13.51
1451;18;19;65.661;11.13
1452;18;20;14.954;3.3
1453;18;21;85.414;4.1
1454;18;22;61.881;21.95
1455;18;22;54.818;1.6
1456;18;23;88.556;8.62
1457;18;24;43.358;10.08
1458;18;25;3.361;20.03
1459;18;25;4.097;23.53
1460;18;25;2.561;11.47
1461;18;26;48.929;14.8
1462;18;26;51.908;10.55
1463;18;26;42.564;23.93
1464;18;27;10.018;21.29
1465;18;28;34.77;4.68
1466;18;28;27.274;18.87
1467;18;28;27.234;8.37
1468;18;29;25.756;11.63
1469;18;29;24.819;11.68
1470;18;29;27.608;10.68
1471;18;30;24.198;9.29
1472;18;30;26.782;18.8
1473;18;31;20.283;9.16
1474;18;31;20.556;1.24
1475;18;32;25.71;18.41
1476;18;32;27.972;17.73
1477;18;32;31.406;0.79
1478;18;33;13.725;16.61
1479;18;34;86.18;24.8
1480;18;34;71.478;4.45
1481;18;35;14.157;24.82
1482;18;35;15.512;8.3
1483;18;35;15.37;17.7
1484;18;36;18.951;12.27
1485;18;36;19.942;1.16
1486;18;37;47.207;22.44
1487;18;37;49.667;1.86
1488;18;37;50.742;24.43
1489;18;38;14.954;12.43
1490;18;38;12.431;16.02
1491;18;38;11.312;0.44
1492;18;39;16.615;11.02
1493;18;40;8.038;23.29
1494;18;40;8.039;11.16
1495;18;40;7.366;12.01
1496;18;41;6.341;6.81
1497;18;42;18.636;11.77
1498;18;42;14.831;1.26
1499;18;42;22.001;20.16
1500;18;43;15.151;18.39
1501;18;43;16.098;20.9
1502;18;44;20.875;21.98
1503;18;44;16.423;20.4
1504;18;44;17.555;15.94
1505;18;45;54.354;22.0
1506;18;45;58.363;4.51
1507;18;46;53.797;8.36
1508;18;46;53.302;6.31
1509;18;47;27.982;21.2
1510;18;48;18.772;6.35
1511;18;48;15.387;13.61
1512;18;48;14.267;18.37
1513;18;49;31.884;20.83
1514;19;20;72.013;9.02
1515;19;21;114.841;4.81
1516;19;21;136.243;9.26
1517;19;22;118.881;14.64
1518;19;22;96.47;3.21
1519;19;23;105.798;17.05
1520;19;23;125.239;17.01
1521;19;23;119.438;12.36
1522;19;24;85.109;6.08
1523;19;24;78.359;13.15
1524;19;24;80.693;20.68
1525;19;25;57.419;24.69
1526;19;26;106.739;7.58
1527;19;26;115.927;21.48
1528;19;27;67.55;7.11
1529;19;27;52.22;15.65
1530;19;27;73.155;17.33
1531;19;28;83.146;24.48
1532;19;29;82.867;11.45
1533;19;29;102.247;19.45
1534;19;29;62.842;11.59
1535;19;30;81.613;12.93
1536;19;31;63.847;21.44
1537;19;32;81.934;9.56
1538;19;33;44.72;8.43
1539;19;33;36.307;18.11
1540;19;33;41.049;0.16
1541;19;34;137.159;14.49
1542;19;34;130.46;16.08
1543;19;35;71.494;15.77
1544;19;36;75.795;3.93
1545;19;36;64.279;9.99
1546;19;37;89.861;5.53
1547;19;37;92.049;6.95
1548;19;37;88.208;17.8
1549;19;38;72.013;6.24
1550;19;38;55.26;5.06
1551;19;39;73.574;6.84
1552;19;39;89.786;14.7
1553;19;39;67.559;22.01
1554;19;40;64.238;16.69
1555;19;40;75.743;7.09
1556;19;40;49.873;16.69
1557;19;41;63.98;18.62
1558;19;41;79.092;7.49
1559;19;42;75.341;4.99
1560;19;42;63.435;24.5
1561;19;43;72.749;4.65
1562;19;43;61.513;22.13
1563;19;44;77.797;6.42
1564;19;44;66.598;19.58
1565;19;45;110.95;11.9
1566;19;45;132.113;19.81
1567;19;45;92.764;6.7
1568;19;46;111.595;21.19
1569;19;46;130.801;0.23
1570;19;47;77.298;1.95
1571;19;48;74.072;17.84
1572;19;48;73.215;17.26
1573;19;49;89.706;4.69
1574;19;49;83.224;6.47
1575;19;49;104.045;6.16
1576;20;21;77.675;11.34
1577;20;22;47.081;17.43
1578;20;22;58.118;5.24
1579;20;22;53.618;10.66
1580;20;23;84.45;2.96
1581;20;23;95.781;24.19
1582;20;24;34.595;13.8
1583;20;24;26.467;1.69
1584;20;24;38.263;3.83
1585;20;25;14.627;11.68
1586;20;25;17.681;14.05
1587;20;25;13.97;15.6
1588;20;26;35.098;19.41
1589;20;26;33.22;6.36
1590;20;26;38.718;4.68
1591;20;27;5.077;4.02
1592;20;28;23.766;10.35
1593;20;29;10.906;18.79
1594;20;30;14.258;11.24
1595;20;30;12.297;0.85
1596;20;31;18.593;14.17
1597;20;31;22.395;9.3
1598;20;31;15.42;11.2
1599;20;32;10.833;5.58
1600;20;33;28.647;24.48
1601;20;33;24.824;8.39
1602;20;33;24.498;7.95
1603;20;34;71.89;3.42
1604;20;34;54.31;24.77
1605;20;35;1.253;10.31
1606;20;36;4.002;20.05
1607;20;37;37.478;13.27
1608;20;37;42.043;3.84
1609;20;37;29.128;15.73
1610;20;38;0.0;17.13
1611;20;38;0.0;19.06
1612;20;39;1.665;16.33
1613;20;39;1.271;12.89
1614;20;40;7.787;2.46
1615;20;40;6.938;24.88
1616;20;40;6.287;12.76
1617;20;41;8.673;16.67
1618;20;41;8.909;3.51
1619;20;41;9.29;23.73
1620;20;42;3.742;17.97
1621;20;42;4.456;22.99
1622;20;43;2.493;14.66
1623;20;44;5.928;21.55
1624;20;45;39.442;3.86
1625;20;45;46.916;11.03
1626;20;45;38.18;23.54
1627;20;46;40.469;11.78
1628;20;46;42.621;10.28
1629;20;46;49.338;15.1
1630;20;47;17.815;19.82
1631;20;47;18.457;20.54
1632;20;47;17.807;14.64
1633;20;48;5.552;11.27
1634;20;49;18.52;6.48
1635;20;49;14.08;19.95
1636;21;22;78.067;2.86
1637;21;23;22.794;23.66
1638;21;23;18.105;14.55
1639;21;24;43.081;21.72
1640;21;25;82.343;9.36
1641;21;25;97.199;2.22
1642;21;25;62.049;4.87
1643;21;26;85.264;9.27
1644;21;26;66.881;15.47
1645;21;27;80.874;14.57
1646;21;27;62.621;23.58
1647;21;27;82.4;11.78
1648;21;28;54.398;17.3
1649;21;28;62.154;7.86
1650;21;29;75.372;0.18
1651;21;29;70.824;19.09
1652;21;29;82.059;8.53
1653;21;30;87.793;21.12
1654;21;31;65.334;0.04
1655;21;32;71.927;2.67
1656;21;32;60.69;24.07
1657;21;32;84.103;23.51
1658;21;33;93.061;7.09
1659;21;34;57.053;1.36
1660;21;34;70.901;18.47
1661;21;34;48.868;13.87
1662;21;35;78.888;10.86
1663;21;35;85.153;14.88
1664;21;36;75.766;11.36
1665;21;37;40.569;21.36
1666;21;37;44.564;17.11
1667;21;37;47.73;5.04
1668;21;38;77.675;2.44
1669;21;38;93.61;21.93
1670;21;39;76.836;16.75
1671;21;39;78.503;23.84
1672;21;40;79.021;6.69
1673;21;40;93.441;17.03
1674;21;40;95.127;22.16
1675;21;41;82.471;23.13
1676;21;41;93.206;1.99
1677;21;42;75.427;12.0
1678;21;43;79.917;13.66
1679;21;44;75.525;10.47
1680;21;45;73.068;12.38
1681;21;45;69.264;7.46
1682;21;45;69.802;9.04
1683;21;46;90.581;14.97
1684;21;47;59.861;22.87
1685;21;48;72.206;5.79
1686;21;48;59.918;16.01
1687;21;49;82.655;18.84
1688;21;49;66.932;7.72
1689;21;49;73.681;12.29
1690;22;23;95.462;9.13
1691;22;24;49.635;4.82
1692;22;24;44.195;1.22
1693;22;24;44.251;3.58
1694;22;25;61.686;21.35
1695;22;25;60.659;15.58
1696;22;26;17.065;9.59
1697;22;26;17.421;4.3
1698;22;26;14.064;16.6
1699;22;27;51.868;23.96
1700;22;27;44.049;11.02
1701;22;28;42.077;17.9
1702;22;28;40.496;3.04
1703;22;29;36.177;3.01
1704;22;30;41.514;24.32
1705;22;30;41.923;1.56
1706;22;31;57.683;22.12
1707;22;32;36.957;19.39
1708;22;32;33.302;16.9
1709;22;33;75.602;23.16
1710;22;34;37.684;16.19
1711;22;34;33.481;20.01
1712;22;34;30.101;11.4
1713;22;35;47.756;24.59
1714;22;35;36.545;11.25
1715;22;36;43.184;17.83
1716;22;36;40.997;5.87
1717;22;36;48.567;5.7
1718;22;37;47.374;2.4
1719;22;37;58.623;21.99
1720;22;38;47.081;24.76
1721;22;39;45.464;9.53
1722;22;39;51.151;21.33
1723;22;39;36.481;15.0
1724;22;40;54.766;15.05
1725;22;41;55.542;9.13
1726;22;42;43.605;17.96
1727;22;42;44.072;15.98
1728;22;43;46.746;8.49
1729;22;43;49.675;3.1
1730;22;44;41.192;7.24
1731;22;44;43.101;0.24
1732;22;44;49.846;20.29
1733;22;45;8.326;25.0
1734;22;45;10.164;7.41
1735;22;46;17.929;3.64
1736;22;47;45.02;15.03
1737;22;48;44.859;11.79
1738;22;48;52.507;9.6
1739;22;49;31.553;23.39
1740;22;49;33.988;4.02
1741;22;49;34.516;10.61
1742;23;24;51.879;0.13
1743;23;24;55.32;13.3
1744;23;25;85.235;20.19
1745;23;25;99.793;20.74
1746;23;26;99.735;1.81
1747;23;26;116.718;21.96
1748;23;27;86.494;10.07
1749;23;27;102.07;16.52
1750;23;27;94.597;13.87
1751;23;28;63.744;18.19
1752;23;29;85.017;6.09
1753;23;29;74.772;5.37
1754;23;29;97.933;3.9
1755;23;30;96.727;16.22
1756;23;30;94.694;17.68
1757;23;31;68.519;6.35
1758;23;31;52.504;24.41
1759;23;31;60.547;16.41
1760;23;32;81.373;18.08
1761;23;33;93.102;21.18
1762;23;34;79.019;21.73
1763;23;35;85.535;13.89
1764;23;36;83.549;16.33
1765;23;36;63.47;19.68
1766;23;37;51.357;13.79
1767;23;37;59.328;24.51
1768;23;37;54.394;2.48
1769;23;38;84.45;23.79
1770;23;39;84.025;23.99
1771;23;40;83.681;0.33
1772;23;40;99.895;14.35
1773;23;41;87.17;15.49
1774;23;41;82.665;12.24
1775;23;41;88.099;20.78
1776;23;42;83.084;16.22
1777;23;43;86.899;6.87
1778;23;43;99.031;3.82
1779;23;44;83.844;4.59
1780;23;45;89.327;22.61
1781;23;46;105.558;12.06
1782;23;47;67.493;0.18
1783;23;48;79.454;9.51
1784;23;49;93.673;12.89
1785;24;25;40.557;22.67
1786;24;26;49.384;19.17
1787;24;26;61.237;12.85
1788;24;26;58.463;9.64
1789;24;27;37.895;13.36
1790;24;27;29.926;12.77
1791;24;28;11.906;20.66
1792;24;28;12.974;5.3
1793;24;28;9.518;15.41
1794;24;29;33.289;17.87
1795;24;29;29.623;17.13
1796;24;30;45.361;19.49
1797;24;30;39.332;23.19
1798;24;31;24.486;13.81
1799;24;31;22.011;6.8
1800;24;31;21.086;12.78
1801;24;32;29.679;6.13
1802;24;33;53.065;24.56
1803;24;34;53.266;21.77
1804;24;35;35.807;6.64
1805;24;35;41.149;9.16
1806;24;36;32.803;11.42
1807;24;37;4.753;8.33
1808;24;38;34.595;19.19
1809;24;38;40.43;21.51
1810;24;38;30.002;0.94
1811;24;39;33.777;17.69
1812;24;39;40.818;5.45
1813;24;40;36.368;4.99
1814;24;41;39.735;24.05
1815;24;42;32.433;13.78
1816;24;42;38.772;0.19
1817;24;43;36.848;1.17
1818;24;44;32.723;0.91
1819;24;45;41.936;1.24
1820;24;46;55.511;7.37
1821;24;46;50.777;7.96
1822;24;46;66.691;17.77
1823;24;47;16.782;3.98
1824;24;47;14.901;12.35
1825;24;48;29.138;23.84
1826;24;49;41.795;4.74
1827;25;26;49.434;17.85
1828;25;26;37.647;8.69
1829;25;26;41.657;7.36
1830;25;27;10.203;18.62
1831;25;27;12.645;17.81
1832;25;27;11.518;20.75
1833;25;28;32.459;1.89
1834;25;29;25.526;14.47
1835;25;29;21.37;11.85
1836;25;29;26.054;14.15
1837;25;30;25.602;6.36
1838;25;30;27.288;15.96
1839;25;30;28.051;12.27
1840;25;31;17.085;1.27
1841;25;31;21.195;9.51
1842;25;31;18.369;2.27
1843;25;32;25.006;2.66
1844;25;32;18.881;12.56
1845;25;32;26.706;5.42
1846;25;33;14.501;9.89
1847;25;34;84.674;12.46
1848;25;34;93.255;17.12
1849;25;34;101.663;20.09
1850;25;35;14.075;11.29
1851;25;35;15.186;3.69
1852;25;35;17.184;23.93
1853;25;36;18.504;7.62
1854;25;36;21.765;5.22
1855;25;37;44.526;14.54
1856;25;38;14.627;18.76
1857;25;38;14.208;9.91
1858;25;38;17.495;6.46
1859;25;39;16.225;11.69
1860;25;39;18.005;4.11
1861;25;39;14.183;1.78
1862;25;40;6.944;18.4
1863;25;40;6.327;15.81
1864;25;40;7.481;12.07
1865;25;41;6.858;3.63
1866;25;42;18.1;1.96
1867;25;43;15.372;15.09
1868;25;43;11.548;24.08
1869;25;44;20.494;7.05
1870;25;44;18.444;3.54
1871;25;44;20.533;20.79
1872;25;45;53.966;17.4
1873;25;45;45.605;5.09
1874;25;45;64.143;23.72
1875;25;46;54.542;20.65
1876;25;47;25.644;19.67
1877;25;47;28.253;1.12
1878;25;48;17.568;3.18
1879;25;49;32.509;4.34
1880;26;27;39.24;21.33
1881;26;28;38.944;2.62
1882;26;29;24.813;14.15
1883;26;29;21.995;10.63
1884;26;29;21.52;17.0
1885;26;30;26.196;0.34
1886;26;30;24.518;13.11
1887;26;30;23.405;17.17
1888;26;31;49.693;23.31
1889;26;31;50.613;11.96
1890;26;31;46.698;11.34
1891;26;32;27.029;4.27
1892;26;32;27.786;8.82
1893;26;32;28.207;14.43
1894;26;33;62.367;16.31
1895;26;34;53.454;1.69
1896;26;34;49.115;16.23
1897;26;35;35.438;0.07
1898;26;35;38.901;1.66
1899;26;36;31.689;18.94
1900;26;37;48.7;15.63
1901;26;37;50.212;8.57
1902;26;38;35.098;4.0
1903;26;38;39.134;1.53
1904;26;39;33.679;24.85
1905;26;39;34.756;20.92
1906;26;39;26.641;19.85
1907;26;40;42.835;10.98
1908;26;40;39.356;10.82
1909;26;41;42.767;22.21
1910;26;41;45.323;1.7
1911;26;41;47.148;7.62
1912;26;42;32.235;9.4
1913;26;42;39.788;13.77
1914;26;42;35.015;18.8
1915;26;43;34.063;12.76
1916;26;44;29.75;18.46
1917;26;44;26.711;16.16
1918;26;44;32.928;24.28
1919;26;45;14.601;24.21
1920;26;45;17.772;5.5
1921;26;46;6.237;20.15
1922;26;47;39.248;3.52
1923;26;47;45.195;5.69
1924;26;48;34.614;0.61
1925;26;48;39.379;6.64
1926;26;48;27.866;4.88
1927;26;49;17.061;18.24
1928;26;49;20.115;21.54
1929;26;49;20.762;22.77
1930;27;28;27.714;19.98
1931;27;29;15.741;0.27
1932;27;29;19.52;9.49
1933;27;30;16.005;0.14
1934;27;31;18.804;1.7
1935;27;31;18.382;13.05
1936;27;31;16.211;11.7
1937;27;32;15.908;8.82
1938;27;33;23.744;22.53
1939;27;33;18.602;12.03
1940;27;33;21.585;13.83
1941;27;34;76.924;15.64
1942;27;34;66.999;5.78
1943;27;34;84.777;16.42
1944;27;35;4.155;17.21
1945;27;36;9.059;9.13
1946;27;36;9.333;4.01
1947;27;36;8.045;24.87
1948;27;37;41.135;8.06
1949;27;37;35.187;21.84
1950;27;37;50.928;0.46
1951;27;38;5.077;16.65
1952;27;39;6.734;16.29
1953;27;39;8.323;2.47
1954;27;40;4.274;13.1
1955;27;40;3.596;21.62
1956;27;41;3.678;11.39
1957;27;41;2.898;22.36
1958;27;42;8.82;20.89
1959;27;43;5.201;12.13
1960;27;43;6.06;24.59
1961;27;43;5.446;10.4
1962;27;44;10.92;11.54
1963;27;45;44.343;13.43
1964;27;45;53.474;19.32
1965;27;46;44.346;19.24
1966;27;46;34.456;15.54
1967;27;47;21.324;8.91
1968;27;48;9.898;12.32
1969;27;49;22.308;3.29
1970;28;29;21.391;6.6
1971;28;29;22.382;5.48
1972;28;30;33.559;13.6
1973;28;31;19.386;9.89
1974;28;32;17.796;24.61
1975;28;32;16.64;5.43
1976;28;33;46.263;15.18
1977;28;33;42.435;14.89
1978;28;34;54.142;21.25
1979;28;34;47.521;24.74
1980;28;34;49.797;13.55
1981;28;35;25.015;20.53
1982;28;36;21.444;6.26
1983;28;36;21.871;10.49
1984;28;37;13.861;15.03
1985;28;38;23.766;8.4
1986;28;38;26.529;24.91
1987;28;38;25.731;13.67
1988;28;39;22.72;15.74
1989;28;39;22.955;18.87
1990;28;39;22.467;17.76
1991;28;40;27.07;22.66
1992;28;40;31.372;17.79
1993;28;40;23.265;2.32
1994;28;41;30.144;15.18
1995;28;42;21.146;7.11
1996;28;42;23.168;24.37
1997;28;42;19.252;23.85
1998;28;43;25.823;8.39
1999;28;43;24.058;16.68
2000;28;44;21.127;15.16
2001;28;44;22.965;18.26
2002;28;44;18.111;16.75
2003;28;45;33.876;14.43
2004;28;46;45.168;20.64
2005;28;46;48.946;8.92
2006;28;46;55.806;5.23
2007;28;47;6.815;9.19
2008;28;47;8.011;14.02
2009;28;48;18.214;24.7
2010;28;48;21.699;14.57
2011;28;49;29.975;2.87
2012;29;30;12.504;4.11
2013;29;31;25.458;24.48
2014;29;31;22.361;21.48
2015;29;31;19.725;20.5
2016;29;32;3.653;3.73
2017;29;33;39.479;15.88
2018;29;33;38.319;10.16
2019;29;34;62.597;7.34
2020;29;34;56.867;22.31
2021;29;35;11.6;12.82
2022;29;35;11.798;10.28
2023;29;35;10.588;6.4
2024;29;36;7.079;17.91
2025;29;36;8.605;2.36
2026;29;37;34.894;5.69
2027;29;37;33.371;2.95
2028;29;37;41.505;5.04
2029;29;38;10.906;14.57
2030;29;38;8.9;7.08
2031;29;39;9.304;10.2
2032;29;40;18.636;24.97
2033;29;41;19.418;16.83
2034;29;41;16.355;9.45
2035;29;42;7.563;5.35
2036;29;42;6.188;10.2
2037;29;42;9.098;15.64
2038;29;43;10.748;1.68
2039;29;44;5.078;16.28
2040;29;45;28.603;17.85
2041;29;45;34.35;24.85
2042;29;46;30.541;8.04
2043;29;46;35.045;3.81
2044;29;47;18.034;10.89
2045;29;48;9.857;2.07
2046;29;48;8.287;12.38
2047;29;48;8.786;5.62
2048;29;49;9.829;16.11
2049;30;31;32.816;23.12
2050;30;31;33.39;8.17
2051;30;31;40.635;12.73
2052;30;32;15.867;12.95
2053;30;32;19.828;0.08
2054;30;33;36.905;8.77
2055;30;33;36.271;23.53
2056;30;34;72.547;13.22
2057;30;34;80.836;3.89
2058;30;34;80.441;10.28
2059;30;35;13.739;21.92
2060;30;35;14.194;23.47
2061;30;35;15.13;16.76
2062;30;36;13.525;5.57
2063;30;37;47.253;19.45
2064;30;37;37.428;19.02
2065;30;37;46.025;4.43
2066;30;38;14.258;6.87
2067;30;38;15.648;5.87
2068;30;39;13.846;17.34
2069;30;39;15.564;17.51
2070;30;40;20.258;1.41
2071;30;40;17.344;6.37
2072;30;40;21.781;24.91
2073;30;41;18.78;22.35
2074;30;41;17.01;21.62
2075;30;42;14.076;1.49
2076;30;43;11.984;15.66
2077;30;43;11.715;12.48
2078;30;44;12.916;15.02
2079;30;44;14.629;8.34
2080;30;45;35.37;5.2
2081;30;46;30.269;10.52
2082;30;47;29.241;5.14
2083;30;48;17.835;7.57
2084;30;49;10.043;2.11
2085;30;49;9.006;24.62
2086;31;32;22.715;14.48
2087;31;32;21.374;5.95
2088;31;32;19.457;12.58
2089;31;33;28.594;6.16
2090;31;33;28.735;3.36
2091;31;33;32.697;7.58
2092;31;34;73.528;5.14
2093;31;34;85.48;22.83
2094;31;34;85.233;18.29
2095;31;35;19.289;7.5
2096;31;35;17.267;15.65
2097;31;35;17.648;23.23
2098;31;36;19.896;7.82
2099;31;36;15.986;2.82
2100;31;37;28.875;1.93
2101;31;37;23.38;2.95
2102;31;38;18.593;8.36
2103;31;38;18.353;14.65
2104;31;39;19.016;9.67
2105;31;39;21.371;18.53
2106;31;40;15.377;18.54
2107;31;41;18.795;11.36
2108;31;42;19.284;6.38
2109;31;42;19.932;0.14
2110;31;43;20.993;15.1
2111;31;43;26.031;22.91
2112;31;43;19.908;17.52
2113;31;44;21.337;10.35
2114;31;45;49.387;5.45
2115;31;46;55.681;9.51
2116;31;46;56.725;22.98
2117;31;47;13.514;21.08
2118;31;47;15.742;7.74
2119;31;47;14.884;1.67
2120;31;48;15.85;5.4
2121;31;49;35.108;24.21
2122;31;49;36.891;3.97
2123;31;49;37.854;15.87
2124;32;33;39.32;1.77
2125;32;33;44.899;1.09
2126;32;33;30.459;7.06
2127;32;34;61.245;10.8
2128;32;35;11.825;20.41
2129;32;36;6.862;17.84
2130;32;36;5.965;22.1
2131;32;36;7.303;5.79
2132;32;37;31.396;22.74
2133;32;37;37.847;23.77
2134;32;37;30.532;11.15
2135;32;38;10.833;12.56
2136;32;38;9.067;22.98
2137;32;39;9.175;17.51
2138;32;39;10.681;17.45
2139;32;39;8.914;10.65
2140;32;40;18.068;22.16
2141;32;41;19.491;21.14
2142;32;41;15.972;21.88
2143;32;42;7.096;4.09
2144;32;42;5.771;8.31
2145;32;42;8.198;2.14
2146;32;43;11.496;9.02
2147;32;44;5.192;11.17
2148;32;44;4.131;2.45
2149;32;44;5.817;20.25
2150;32;45;29.046;10.35
2151;32;45;32.129;16.93
2152;32;45;35.186;4.51
2153;32;46;32.971;7.57
2154;32;46;32.509;9.07
2155;32;47;14.425;11.3
2156;32;47;17.775;23.79
2157;32;48;7.937;5.78
2158;32;48;6.709;3.03
2159;32;48;7.079;13.11
2160;32;49;13.217;2.25
2161;33;34;99.113;11.18
2162;33;34;91.755;15.51
2163;33;34;104.502;3.4
2164;33;35;27.879;14.5
2165;33;36;32.631;20.13
2166;33;36;27.81;7.88
2167;33;37;57.371;0.35
2168;33;38;28.647;16.05
2169;33;38;28.366;3.27
2170;33;38;34.751;11.29
2171;33;39;30.301;16.2
2172;33;39;31.038;9.81
2173;33;40;21.312;18.95
2174;33;41;20.066;23.32
2175;33;42;32.29;14.47
2176;33;42;28.327;9.01
2177;33;42;36.878;19.32
2178;33;43;28.859;6.49
2179;33;43;23.748;11.78
2180;33;43;35.464;8.87
2181;33;44;34.575;19.04
2182;33;45;68.074;18.23
2183;33;45;64.556;2.67
2184;33;46;67.007;11.55
2185;33;46;61.289;19.68
2186;33;46;61.87;13.66
2187;33;47;39.493;15.64
2188;33;47;38.945;19.87
2189;33;48;32.05;5.14
2190;33;49;45.309;2.8
2191;33;49;50.378;0.64
2192;34;35;72.98;2.52
2193;34;35;82.707;16.13
2194;34;35;78.929;11.06
2195;34;36;68.043;10.12
2196;34;36;57.652;14.41
2197;34;37;48.725;20.82
2198;34;38;71.89;3.19
2199;34;38;63.085;22.38
2200;34;38;86.588;20.27
2201;34;39;70.28;15.03
2202;34;40;78.156;6.98
2203;34;40;59.625;5.93
2204;34;41;80.319;7.04
2205;34;41;75.213;14.47
2206;34;42;68.18;3.94
2207;34;42;78.857;18.65
2208;34;42;66.887;15.51
2209;34;43;72.74;13.83
2210;34;44;66.432;20.47
2211;34;45;39.188;16.53
2212;34;45;38.6;11.58
2213;34;46;55.531;3.9
2214;34;47;60.404;12.78
2215;34;47;47.525;7.78
2216;34;47;49.51;13.2
2217;34;48;67.42;4.27
2218;34;48;67.283;22.01
2219;34;48;80.21;1.31
2220;34;49;62.958;21.5
2221;34;49;78.422;4.86
2222;34;49;78.477;6.93
2223;35;36;4.963;20.33
2224;35;37;38.716;5.95
2225;35;37;31.832;19.55
2226;35;38;1.253;24.5
2227;35;38;1.167;16.47
2228;35;39;2.707;7.33
2229;35;39;2.764;11.18
2230;35;39;3.251;7.62
2231;35;40;7.41;16.32
2232;35;40;7.087;21.95
2233;35;40;6.363;14.41
2234;35;41;7.824;24.41
2235;35;41;8.12;5.07
2236;35;42;4.801;20.23
2237;35;43;1.755;9.89
2238;35;44;6.774;4.78
2239;35;44;8.447;17.27
2240;35;45;40.197;7.26
2241;35;45;37.992;7.12
2242;35;45;43.027;7.35
2243;35;46;40.704;21.39
2244;35;46;40.591;16.39
2245;35;46;41.629;3.68
2246;35;47;19.032;19.92
2247;35;48;6.801;14.32
2248;35;48;7.0;21.44
2249;35;48;7.045;3.98
2250;35;49;18.686;6.14
2251;35;49;18.469;14.06
2252;36;37;35.298;4.66
2253;36;38;4.002;22.43
2254;36;39;2.338;11.93
2255;36;39;2.72;4.05
2256;36;39;2.11;9.91
2257;36;40;11.584;0.44
2258;36;40;13.361;3.31
2259;36;41;12.675;21.53
2260;36;42;0.614;1.38
2261;36;42;0.702;14.93
2262;36;42;0.721;1.36
2263;36;43;4.84;3.63
2264;36;43;4.278;21.08
2265;36;44;2.002;16.04
2266;36;44;2.4;11.61
2267;36;44;1.662;10.99
2268;36;45;35.485;17.17
2269;36;46;37.246;17.15
2270;36;46;37.537;19.47
2271;36;47;16.173;10.11
2272;36;47;18.518;6.88
2273;36;47;19.63;4.88
2274;36;48;4.319;21.88
2275;36;48;3.772;0.46
2276;36;49;15.608;10.03
2277;36;49;16.086;0.08
2278;36;49;16.726;0.06
2279;37;38;37.478;5.08
2280;37;38;37.91;9.18
2281;37;38;39.115;21.79
2282;37;39;36.509;22.57
2283;37;40;39.952;17.43
2284;37;40;39.774;17.24
2285;37;41;43.232;18.2
2286;37;42;34.989;18.64
2287;37;43;39.61;0.52
2288;37;44;34.976;3.2
2289;37;45;40.013;17.27
2290;37;46;54.697;8.77
2291;37;46;41.389;5.41
2292;37;46;59.356;4.85
2293;37;47;19.811;18.4
2294;37;47;24.398;16.44
2295;37;48;31.94;19.39
2296;37;49;42.745;21.08
2297;38;39;1.665;13.89
2298;38;39;1.67;17.85
2299;38;39;2.011;17.35
2300;38;40;7.787;15.81
2301;38;40;8.351;16.69
2302;38;41;8.673;18.42
2303;38;41;10.069;5.61
2304;38;41;7.725;13.57
2305;38;42;3.742;10.61
2306;38;42;3.944;15.02
2307;38;43;2.493;23.86
2308;38;43;2.752;18.63
2309;38;44;5.928;15.13
2310;38;44;5.152;19.19
2311;38;44;5.35;9.74
2312;38;45;39.442;14.21
2313;38;45;39.251;23.42
2314;38;46;40.469;14.31
2315;38;46;42.725;18.65
2316;38;46;38.523;17.07
2317;38;47;17.815;1.64
2318;38;47;19.127;18.83
2319;38;48;5.552;9.96
2320;38;49;18.52;14.19
2321;38;49;21.697;12.27
2322;38;49;23.106;18.1
2323;39;40;9.336;4.94
2324;39;40;11.447;24.11
2325;39;41;10.338;9.29
2326;39;41;12.457;3.62
2327;39;41;9.638;6.26
2328;39;42;2.101;19.97
2329;39;42;1.931;5.96
2330;39;43;3.103;21.55
2331;39;43;3.729;2.56
2332;39;44;4.282;13.81
2333;39;45;37.799;4.24
2334;39;45;46.32;14.04
2335;39;46;39.128;12.61
2336;39;46;30.983;24.19
2337;39;46;40.303;14.22
2338;39;47;17.011;13.88
2339;39;47;16.638;15.54
2340;39;48;4.65;0.37
2341;39;49;17.275;8.71
2342;40;41;3.504;13.96
2343;40;42;11.165;19.57
2344;40;43;8.924;4.38
2345;40;43;11.147;24.26
2346;40;43;11.031;4.04
2347;40;44;13.581;11.71
2348;40;45;47.024;23.36
2349;40;46;48.113;21.78
2350;40;46;56.063;16.46
2351;40;47;20.364;4.71
2352;40;47;21.58;17.28
2353;40;47;22.172;19.48
2354;40;48;10.786;11.18
2355;40;48;10.71;1.46
2356;40;49;26.087;10.47
2357;40;49;21.24;24.51
2358;41;42;12.395;18.02
2359;41;42;13.53;0.94
2360;41;42;13.48;20.72
2361;41;43;8.83;10.31
2362;41;44;14.57;13.07
2363;41;45;48.019;6.88
2364;41;46;47.772;3.77
2365;41;46;51.168;13.66
2366;41;46;41.726;24.42
2367;41;47;23.529;22.68
2368;41;47;20.617;14.38
2369;41;48;12.986;23.53
2370;41;48;10.672;3.35
2371;41;49;25.77;11.19
2372;41;49;24.7;20.68
2373;42;43;4.899;6.37
2374;42;43;4.79;10.42
2375;42;44;2.497;17.31
2376;42;44;2.348;8.78
2377;42;45;35.869;18.82
2378;42;46;37.814;6.69
2379;42;47;15.76;8.72
2380;42;47;13.595;9.52
2381;42;47;13.566;15.09
2382;42;48;3.759;13.27
2383;42;48;3.109;9.01
2384;42;49;16.208;19.99
2385;42;49;14.731;20.16
2386;43;44;6.308;22.16
2387;43;44;5.826;9.11
2388;43;45;39.311;18.72
2389;43;46;39.235;24.85
2390;43;47;20.072;11.25
2391;43;47;22.404;13.06
2392;43;48;7.711;14.93
2393;43;49;17.194;16.04
2394;43;49;14.037;15.78
2395;44;45;33.517;4.09
2396;44;45;33.914;22.34
2397;44;45;26.861;2.56
2398;44;46;35.355;20.92
2399;44;47;16.351;9.73
2400;44;47;15.462;11.21
2401;44;48;5.496;14.25
2402;44;49;13.885;15.49
2403;44;49;15.227;5.47
2404;45;46;18.286;15.58
2405;45;46;20.0;10.41
2406;45;46;17.827;6.12
2407;45;47;36.695;24.39
2408;45;47;34.001;6.81
2409;45;48;36.879;6.12
2410;45;48;36.939;2.41
2411;45;49;25.336;1.05
2412;45;49;21.429;3.72
2413;45;49;29.919;18.46
2414;46;47;45.454;0.46
2415;46;47;47.533;17.13
2416;46;48;40.393;9.96
2417;46;48;45.298;5.99
2418;46;49;22.042;16.1
2419;46;49;19.394;16.52
2420;46;49;23.684;6.53
2421;47;48;12.365;12.26
2422;47;48;11.511;4.96
2423;47;48;14.455;4.56
2424;47;49;27.562;2.31
2425;47;49;25.913;14.53
2426;48;49;19.29;5.78
