VERTEX_COUNT 50
PATH_COUNT 1
BUDGET 180
<------------ VERTICES ------------>
0;START;41.374834;2.170055;0.0;0.0
1;Museu Nacional d’Art de Catalunya;41.36882;2.153347;45.0;100.0
2;Basilica of the Sagrada Família;41.403568;2.174435;45.0;92.99
3;Museu Picasso;41.385181;2.180863;45.0;80.85
4;Galeria d’Art Mar Grup Escolà;41.392349;2.167836;45.0;78.82
5;Museu d’Història de Catalunya - MHC;41.380852;2.185799;45.0;78.25
6;Lorena Ruiz de Villa;41.397858;2.146705;45.0;70.3
7;Palau Güell;41.378864;2.174117;45.0;69.93
8;Museu Frederic Marès;41.384178;2.176819;45.0;68.47
9;Parc de la Ciutadella;41.389248;2.186548;45.0;68.43
10;Anella Olímpica(Olympic Park);41.364778;2.152575;45.0;68.37
11;Imaginart Gallery;41.393822;2.164627;45.0;67.37
12;Barcelona;41.389034;2.16137;45.0;67.07
13;Poble Espanyol;41.368679;2.147031;45.0;66.81
14;La Pedrera (Casa Milà);41.395271;2.161785;45.0;66.16
15;Antic Hospital de la Santa Creu;41.380573;2.170374;45.0;66.11
16;Avinguda d’Icària;41.391556;2.197416;45.0;65.51
17;Basilica of Sants Just i Pastor;41.382812;2.178195;45.0;65.46
18;Passeig de Gràcia;41.390739;2.166672;45.0;64.88
19;Atelier;41.407719;2.158233;45.0;64.61
20;Despair;41.387653;2.188076;45.0;64.0
21;Montjuïc Castle;41.363823;2.167096;45.0;62.63
22;Museu Palmero;41.424667;2.139856;45.0;60.92
23;Contrast;41.387928;2.161469;45.0;60.92
24;Piramidon Centre d’Art Contemporani;41.422626;2.209764;45.0;60.45
25;Arts Santa Mònica;41.37722;2.176012;45.0;59.18
26;Plaça del Rei;41.384144;2.177409;45.0;58.97
27;Carles Taché;41.389851;2.164213;45.0;58.6
28;Galeria Mayoral;41.389542;2.163808;45.0;58.52
29;Museu d’Història de Barcelona;41.384144;2.177409;45.0;57.8
30;Plaça de Catalunya;41.387005;2.17003;45.0;56.57
31;Casa Martí, Els Quatre Gats ;41.385775;2.173671;45.0;55.64
32;Monument to Doctor Robert;41.394924;2.175599;45.0;55.3
33;La Colmena;41.383835;2.178294;45.0;54.58
34;Fundació Fran Daurel;41.369118;2.146695;45.0;54.13
35;Rambla del Raval;41.378681;2.169317;45.0;51.93
36;90th Jean Bouin;41.373077;2.150465;45.0;51.77
37;Museu d’Art Contemporani de Barcelona (MACBA);41.382809;2.166729;45.0;51.5
38;Park Güell;41.414249;2.151926;45.0;51.45
39;Museu Blau - Fòrum Building;41.41124;2.220333;45.0;51.23
40;Museu de la Moto ;41.383327;2.174488;45.0;51.14
41;CaixaForum;41.371357;2.149495;45.0;50.8
42;Royal Dockyards Museu Marítim ;41.375286;2.17598;45.0;50.71
43;Galeria Miquel Alzueta;41.397125;2.156751;45.0;50.12
44;Basilica of Santa Maria del Mar;41.383518;2.1818;45.0;49.71
45;Casa Batlló;41.391758;2.164961;45.0;49.58
46;A. Cortina;41.391098;2.161385;45.0;49.33
47;Poblenou Cemetery;41.394859;2.201189;45.0;49.3
48;Turó de la Rovira viewing point;41.419388;2.161812;45.0;49.29
49;FINISH;41.374834;2.170055;0.0;0.0
<------------- EDGES -------------->
0;0;1;23.796;24.07
1;0;1;19.918;3.05
2;0;1;22.044;16.08
3;0;2;49.491;19.9
4;0;2;52.957;21.74
5;0;3;22.496;4.77
6;0;4;30.107;6.8
7;0;5;22.688;10.3
8;0;6;49.508;2.75
9;0;6;42.081;8.51
10;0;6;58.413;11.81
11;0;7;8.647;2.49
12;0;7;10.606;16.54
13;0;8;18.196;14.84
14;0;8;17.658;17.43
15;0;9;32.509;11.58
16;0;9;38.772;9.56
17;0;9;29.985;16.01
18;0;10;28.285;20.46
19;0;10;26.877;21.34
20;0;11;33.232;18.87
21;0;11;37.435;22.33
22;0;11;28.817;12.69
23;0;12;26.736;4.5
24;0;12;21.89;11.19
25;0;13;31.387;7.38
26;0;14;36.549;24.9
27;0;14;45.641;15.41
28;0;15;9.829;6.78
29;0;15;7.795;18.29
30;0;16;45.309;14.56
31;0;16;37.958;24.28
32;0;16;45.273;14.88
33;0;17;17.194;18.76
34;0;17;19.769;7.17
35;0;17;14.016;16.88
36;0;18;27.562;25.0
37;0;18;28.928;20.2
38;0;18;31.636;15.18
39;0;19;58.284;0.08
40;0;20;31.884;24.7
41;0;21;19.222;2.46
42;0;21;19.31;18.25
43;0;22;93.673;3.99
44;0;22;100.598;1.55
45;0;22;78.597;5.01
46;0;23;24.972;21.92
47;0;24;96.367;18.96
48;0;25;8.671;14.72
49;0;26;18.52;3.17
50;0;26;20.35;3.11
51;0;27;26.77;23.09
52;0;27;25.478;20.83
53;0;27;31.512;21.25
54;0;28;26.416;15.17
55;0;29;18.52;1.33
56;0;30;20.827;15.42
57;0;30;20.388;8.22
58;0;31;19.29;0.23
59;0;32;35.108;9.17
60;0;32;40.173;1.21
61;0;32;32.176;16.5
62;0;33;18.686;9.96
63;0;33;20.491;10.29
64;0;34;31.553;16.43
65;0;35;6.651;24.78
66;0;35;5.033;5.28
67;0;36;25.336;21.6
68;0;36;29.254;24.71
69;0;37;14.3;16.1
70;0;37;15.7;16.89
71;0;37;16.193;7.68
72;0;38;71.35;16.8
73;0;38;65.072;17.06
74;0;39;89.706;20.12
75;0;39;81.485;20.54
76;0;40;15.608;8.7
77;0;40;15.012;18.25
78;0;40;17.746;20.18
79;0;41;27.064;20.69
80;0;41;25.385;7.26
81;0;42;7.648;5.98
82;0;42;7.716;4.87
83;0;42;6.704;13.6
84;0;43;41.795;2.89
85;0;43;48.248;13.93
86;0;44;21.172;5.22
87;0;44;16.756;24.67
88;0;45;29.69;21.4
89;0;45;28.807;12.1
90;0;45;24.788;3.75
91;0;46;29.975;14.59
92;0;47;52.651;12.36
93;0;48;76.973;10.37
94;0;49;0.0;2.02
95;0;49;0.0;24.44
96;1;2;65.336;7.38
97;1;3;45.08;15.18
98;1;4;44.354;12.9
99;1;4;35.372;19.99
100;1;5;46.481;9.51
101;1;5;53.738;20.39
102;1;6;50.417;2.31
103;1;7;31.73;0.74
104;1;8;39.989;4.52
105;1;8;40.177;15.6
106;1;9;55.131;1.1
107;1;9;45.702;5.73
108;1;9;62.616;7.0
109;1;10;6.988;7.68
110;1;11;45.169;22.73
111;1;12;36.092;23.98
112;1;12;32.805;8.53
113;1;13;8.115;22.94
114;1;13;9.849;2.35
115;1;13;7.422;0.27
116;1;14;46.542;19.22
117;1;14;39.173;2.02
118;1;15;29.708;3.43
119;1;16;68.67;0.31
120;1;16;73.659;18.57
121;1;17;39.892;13.5
122;1;18;41.226;2.21
123;1;19;66.86;2.87
124;1;20;55.02;10.46
125;1;21;19.619;20.48
126;1;22;97.123;9.38
127;1;22;110.301;24.56
128;1;23;34.321;22.46
129;1;23;26.328;12.16
130;1;23;39.158;17.25
131;1;24;117.144;24.08
132;1;25;32.461;16.0
133;1;26;40.525;0.48
134;1;26;43.859;13.68
135;1;27;38.599;19.35
136;1;28;37.919;2.15
137;1;28;30.467;21.96
138;1;28;34.715;4.29
139;1;29;40.525;17.45
140;1;29;44.893;10.75
141;1;30;37.779;11.85
142;1;30;33.985;0.48
143;1;31;39.024;18.75
144;1;32;53.025;21.41
145;1;33;41.065;1.82
146;1;33;39.917;19.77
147;1;33;48.324;21.89
148;1;34;8.558;13.84
149;1;34;9.738;13.64
150;1;35;26.558;22.54
151;1;35;21.228;17.54
152;1;35;25.883;18.62
153;1;36;8.171;0.68
154;1;37;29.467;10.08
155;1;37;29.518;22.04
156;1;38;77.761;20.54
157;1;39;112.538;21.64
158;1;39;136.084;1.37
159;1;39;120.633;2.18
160;1;40;36.786;20.8
161;1;41;6.582;14.86
162;1;41;7.293;5.49
163;1;41;5.415;2.7
164;1;42;31.099;22.09
165;1;42;30.534;23.78
166;1;42;32.671;8.94
167;1;43;48.633;18.03
168;1;44;44.356;20.73
169;1;44;42.729;0.41
170;1;44;43.713;12.3
171;1;45;41.989;14.21
172;1;45;51.141;17.76
173;1;45;40.966;5.66
174;1;46;39.495;8.91
175;1;47;75.887;20.64
176;1;47;84.052;8.23
177;1;47;68.98;18.46
178;1;48;87.213;24.01
179;1;48;70.43;19.58
180;1;48;105.973;6.11
181;1;49;23.796;11.6
182;2;3;32.528;3.44
183;2;3;40.138;14.42
184;2;3;35.941;2.58
185;2;4;20.984;3.65
186;2;4;21.149;2.09
187;2;5;41.52;10.65
188;2;5;45.24;21.86
189;2;6;36.911;6.26
190;2;6;41.912;2.19
191;2;7;42.276;17.57
192;2;8;33.322;6.74
193;2;8;25.238;1.6
194;2;8;35.243;21.79
195;2;9;29.022;17.07
196;2;9;35.189;9.12
197;2;9;28.848;3.72
198;2;10;72.069;18.01
199;2;10;73.353;0.63
200;2;11;20.896;7.68
201;2;11;25.088;12.77
202;2;11;17.71;5.32
203;2;12;29.997;22.37
204;2;12;34.613;14.49
205;2;13;69.299;6.84
206;2;14;21.57;24.2
207;2;14;25.035;16.55
208;2;14;26.913;20.32
209;2;15;39.694;16.11
210;2;15;32.455;12.58
211;2;16;35.955;23.2
212;2;16;39.802;14.31
213;2;17;35.845;12.88
214;2;17;43.859;19.69
215;2;17;30.359;24.99
216;2;18;24.109;8.47
217;2;18;22.095;5.75
218;2;18;30.085;1.94
219;2;19;21.975;7.37
220;2;20;32.378;20.95
221;2;20;30.448;6.08
222;2;21;68.662;2.56
223;2;22;57.209;8.01
224;2;23;31.517;20.37
225;2;24;55.85;17.11
226;2;25;45.133;18.53
227;2;25;37.418;11.47
228;2;26;33.457;17.28
229;2;26;30.536;9.56
230;2;27;26.892;13.41
231;2;27;20.498;5.52
232;2;27;24.195;17.96
233;2;28;27.608;0.82
234;2;28;32.643;3.82
235;2;28;33.697;15.03
236;2;29;33.457;5.24
237;2;29;30.229;9.87
238;2;29;29.07;16.2
239;2;30;28.902;8.14
240;2;30;33.879;12.66
241;2;31;30.463;24.68
242;2;31;34.118;15.81
243;2;31;37.867;3.74
244;2;32;14.867;16.48
245;2;32;15.956;17.87
246;2;33;34.129;11.37
247;2;33;38.466;6.95
248;2;34;68.875;1.27
249;2;35;43.091;5.89
250;2;35;42.163;11.37
251;2;35;45.242;0.31
252;2;36;60.577;1.97
253;2;36;47.788;20.16
254;2;37;36.875;2.01
255;2;38;34.185;24.44
256;2;39;60.354;4.01
257;2;39;65.318;0.83
258;2;40;34.637;18.7
259;2;41;63.746;15.81
260;2;42;48.438;19.87
261;2;42;43.364;13.99
262;2;42;40.388;1.9
263;2;43;25.235;9.86
264;2;43;21.604;24.06
265;2;44;35.589;17.19
266;2;44;42.375;23.76
267;2;45;23.587;14.01
268;2;45;25.13;17.6
269;2;46;27.129;22.9
270;2;46;31.286;20.1
271;2;47;37.436;16.35
272;2;47;38.107;1.54
273;2;48;31.549;13.55
274;2;49;49.491;9.79
275;2;49;47.2;4.25
276;3;4;20.74;2.95
277;3;4;24.116;22.7
278;3;4;16.884;13.83
279;3;5;9.749;9.03
280;3;6;48.924;3.64
281;3;6;61.152;24.14
282;3;6;60.589;13.26
283;3;7;13.852;10.41
284;3;7;10.666;20.06
285;3;8;5.468;15.74
286;3;9;10.085;20.64
287;3;10;50.384;13.91
288;3;11;25.556;11.8
289;3;11;21.658;3.93
290;3;11;23.109;7.49
291;3;12;25.88;0.72
292;3;13;51.814;1.09
293;3;13;50.385;21.06
294;3;13;42.761;16.14
295;3;14;29.967;4.54
296;3;14;33.273;23.17
297;3;14;28.849;24.26
298;3;15;15.606;18.8
299;3;15;14.703;16.05
300;3;16;23.888;5.01
301;3;17;5.307;6.77
302;3;17;5.543;17.32
303;3;18;20.552;21.64
304;3;18;25.609;1.58
305;3;18;22.822;11.71
306;3;19;48.284;3.85
307;3;19;50.058;5.04
308;3;20;10.181;5.13
309;3;20;9.963;17.52
310;3;20;8.066;9.19
311;3;21;40.599;4.23
312;3;21;43.595;4.54
313;3;21;45.585;17.02
314;3;22;85.65;16.75
315;3;22;96.376;19.67
316;3;23;25.339;10.63
317;3;24;74.04;20.58
318;3;25;14.979;8.73
319;3;26;4.777;7.43
320;3;27;22.821;9.69
321;3;28;23.133;20.51
322;3;28;27.983;9.26
323;3;28;20.337;2.74
324;3;29;4.777;14.32
325;3;29;4.542;12.85
326;3;29;3.647;13.95
327;3;30;14.254;14.18
328;3;31;9.29;12.57
329;3;31;10.88;2.38
330;3;32;17.99;15.16
331;3;32;18.685;12.61
332;3;32;17.321;13.22
333;3;33;4.023;23.86
334;3;33;3.186;20.06
335;3;34;51.773;16.6
336;3;34;57.475;2.03
337;3;34;60.629;21.75
338;3;35;18.534;14.18
339;3;36;44.188;20.35
340;3;37;18.595;6.06
341;3;38;62.08;0.23
342;3;38;69.575;10.26
343;3;38;65.104;10.33
344;3;39;67.495;17.99
345;3;39;77.394;8.66
346;3;40;8.778;6.21
347;3;40;9.297;13.47
348;3;40;9.316;5.47
349;3;41;46.711;19.29
350;3;41;42.279;20.2
351;3;42;18.056;7.16
352;3;42;13.969;18.78
353;3;43;37.094;22.69
354;3;44;3.09;14.41
355;3;44;2.71;8.67
356;3;44;3.001;7.31
357;3;45;23.312;17.06
358;3;46;26.979;24.9
359;3;46;21.417;19.78
360;3;46;28.464;10.29
361;3;47;30.906;12.45
362;3;47;28.234;17.15
363;3;47;36.141;1.91
364;3;48;63.438;14.35
365;3;48;70.156;20.43
366;3;49;22.496;10.34
367;3;49;22.19;4.96
368;3;49;21.612;4.74
369;4;5;30.314;2.43
370;4;5;31.24;4.42
371;4;5;30.571;2.7
372;4;6;28.717;1.85
373;4;6;32.319;11.67
374;4;7;24.444;4.11
375;4;7;20.058;17.8
376;4;7;30.203;22.37
377;4;8;18.125;4.61
378;4;9;24.601;22.74
379;4;9;27.936;16.32
380;4;10;51.088;11.36
381;4;10;39.209;20.03
382;4;11;4.83;11.89
383;4;11;4.09;24.5
384;4;11;5.544;2.25
385;4;12;10.054;1.83
386;4;13;48.521;12.77
387;4;14;9.238;19.82
388;4;15;20.413;3.16
389;4;15;18.23;16.13
390;4;15;23.329;17.0
391;4;16;37.998;1.71
392;4;16;41.136;8.52
393;4;16;37.388;4.5
394;4;17;21.053;0.25
395;4;17;17.229;6.2
396;4;18;3.134;2.91
397;4;18;3.044;1.49
398;4;19;29.047;15.55
399;4;20;27.199;15.54
400;4;21;48.824;7.6
401;4;21;51.137;20.71
402;4;21;51.483;19.65
403;4;22;65.94;18.98
404;4;23;11.138;18.58
405;4;24;74.701;5.59
406;4;25;27.936;12.98
407;4;25;27.466;17.54
408;4;25;26.293;2.95
409;4;26;18.66;7.17
410;4;26;20.938;3.55
411;4;27;6.317;4.32
412;4;28;7.058;10.74
413;4;29;18.66;10.09
414;4;29;23.029;3.65
415;4;30;9.569;14.31
416;4;30;11.628;17.85
417;4;31;13.515;16.65
418;4;32;10.896;13.22
419;4;33;19.813;8.42
420;4;33;21.216;0.69
421;4;33;21.661;11.87
422;4;34;48.137;20.17
423;4;34;43.848;22.92
424;4;35;23.466;17.78
425;4;35;28.388;22.75
426;4;35;26.622;3.82
427;4;36;39.813;0.72
428;4;36;42.239;9.59
429;4;37;16.387;19.06
430;4;38;42.679;13.52
431;4;39;74.737;15.23
432;4;39;85.667;11.1
433;4;40;17.643;10.54
434;4;40;14.07;0.25
435;4;41;42.953;11.83
436;4;41;46.234;9.12
437;4;41;32.574;13.45
438;4;42;31.014;11.38
439;4;43;16.41;13.66
440;4;43;16.349;24.93
441;4;43;14.323;1.78
442;4;44;23.447;17.43
443;4;44;26.741;14.15
444;4;44;26.541;5.2
445;4;45;3.827;19.13
446;4;45;3.406;16.34
447;4;46;8.554;14.21
448;4;46;9.766;13.53
449;4;47;43.031;22.39
450;4;48;46.911;23.24
451;4;49;30.107;24.61
452;5;6;58.016;8.55
453;5;6;61.0;21.09
454;5;7;15.381;3.86
455;5;8;12.858;4.76
456;5;8;15.674;7.79
457;5;9;14.4;9.57
458;5;9;17.736;9.28
459;5;9;14.334;5.23
460;5;10;50.763;3.82
461;5;10;53.671;0.38
462;5;11;35.092;13.38
463;5;11;39.323;5.62
464;5;11;36.312;13.83
465;5;12;34.348;8.08
466;5;12;41.818;7.06
467;5;12;29.513;16.06
468;5;13;53.965;0.45
469;5;14;39.488;4.22
470;5;15;19.811;0.47
471;5;15;21.689;15.49
472;5;16;23.621;24.2
473;5;16;28.595;1.67
474;5;17;10.323;10.03
475;5;17;11.42;1.05
476;5;17;8.019;10.17
477;5;18;29.821;3.51
478;5;18;26.405;10.06
479;5;19;58.017;4.88
480;5;19;53.022;8.2
481;5;19;61.482;20.42
482;5;20;12.0;2.22
483;5;21;37.763;6.02
484;5;21;41.601;12.02
485;5;22;95.389;1.72
486;5;23;33.502;19.31
487;5;24;77.822;13.17
488;5;25;14.02;8.29
489;5;25;15.047;21.42
490;5;26;12.156;19.1
491;5;26;14.118;11.0
492;5;26;12.969;7.43
493;5;27;31.705;10.43
494;5;27;37.392;4.18
495;5;27;36.434;8.61
496;5;28;31.911;12.42
497;5;29;12.156;20.57
498;5;29;11.935;21.63
499;5;29;9.969;18.09
500;5;30;22.821;7.47
501;5;30;22.263;24.09
502;5;30;17.39;17.61
503;5;31;17.705;12.02
504;5;32;27.411;3.23
505;5;32;21.056;2.76
506;5;33;10.905;23.72
507;5;33;11.413;13.62
508;5;33;10.42;4.43
509;5;34;54.08;6.4
510;5;35;21.487;13.23
511;5;36;47.282;20.92
512;5;36;45.438;1.03
513;5;36;53.823;13.14
514;5;37;24.713;2.43
515;5;38;71.81;17.81
516;5;38;84.818;5.71
517;5;38;67.487;13.86
518;5;39;68.332;5.47
519;5;39;65.426;7.41
520;5;39;66.995;15.46
521;5;40;15.128;6.2
522;5;40;11.945;8.26
523;5;40;12.938;7.41
524;5;41;49.368;15.37
525;5;41;50.024;5.99
526;5;42;15.801;1.62
527;5;42;18.722;24.23
528;5;43;46.542;8.61
529;5;44;6.869;4.24
530;5;44;6.999;22.22
531;5;44;8.357;4.68
532;5;45;32.62;13.81
533;5;46;35.915;12.13
534;5;46;27.873;20.15
535;5;47;31.063;19.83
536;5;48;72.778;24.99
537;5;48;58.056;14.67
538;5;49;22.688;24.59
539;6;7;47.906;18.21
540;6;7;49.77;15.34
541;6;7;49.574;16.68
542;6;8;45.195;16.98
543;6;9;53.228;24.93
544;6;10;57.108;24.22
545;6;10;60.208;2.56
546;6;11;24.021;11.16
547;6;11;28.419;7.01
548;6;12;24.134;22.92
549;6;13;49.934;20.17
550;6;13;47.468;18.11
551;6;14;19.858;12.17
552;6;14;24.092;1.97
553;6;14;21.39;15.65
554;6;15;42.406;24.23
555;6;15;41.16;20.95
556;6;16;65.986;6.15
557;6;17;47.93;5.36
558;6;17;43.02;19.57
559;6;18;28.38;20.41
560;6;18;33.716;5.95
561;6;18;34.272;16.28
562;6;19;22.443;14.74
563;6;20;55.908;13.92
564;6;21;63.856;10.77
565;6;21;56.785;8.63
566;6;21;69.391;5.79
567;6;22;46.711;12.68
568;6;22;38.052;15.27
569;6;23;25.455;13.32
570;6;23;24.67;2.15
571;6;23;23.412;10.33
572;6;24;91.357;9.95
573;6;24;72.987;8.13
574;6;24;102.885;11.98
575;6;25;51.604;13.07
576;6;26;45.875;1.12
577;6;26;47.317;16.21
578;6;27;26.323;15.04
579;6;28;26.164;6.98
580;6;29;45.875;14.8
581;6;29;42.611;5.42
582;6;30;35.236;0.15
583;6;31;40.323;16.21
584;6;31;38.036;10.04
585;6;32;37.429;12.71
586;6;32;35.657;7.84
587;6;32;41.938;14.82
588;6;33;47.122;10.09
589;6;33;39.891;15.47
590;6;34;49.181;20.83
591;6;35;43.814;19.97
592;6;36;42.68;2.61
593;6;37;36.387;17.11
594;6;37;27.691;3.88
595;6;38;28.838;22.95
596;6;38;34.085;6.29
597;6;38;28.112;1.92
598;6;39;97.238;17.62
599;6;39;101.277;5.35
600;6;39;118.095;15.98
601;6;40;43.48;21.43
602;6;41;45.491;19.28
603;6;41;43.369;13.88
604;6;41;37.903;18.05
605;6;42;53.895;6.99
606;6;43;12.957;21.67
607;6;44;51.304;15.43
608;6;45;25.655;22.16
609;6;45;23.994;11.55
610;6;46;22.112;23.71
611;6;46;24.826;16.09
612;6;47;70.128;11.44
613;6;48;41.633;22.24
614;6;48;45.993;13.19
615;6;48;42.738;6.63
616;6;49;49.508;12.25
617;6;49;42.373;0.56
618;7;8;9.733;19.58
619;7;9;23.885;15.76
620;7;9;18.554;7.1
621;7;10;36.692;6.4
622;7;10;44.624;12.52
623;7;11;28.348;2.43
624;7;12;23.89;12.43
625;7;12;23.723;12.94
626;7;13;38.904;5.18
627;7;13;46.9;10.89
628;7;14;32.233;19.77
629;7;14;39.141;20.81
630;7;15;5.626;15.71
631;7;16;36.967;6.65
632;7;16;33.893;20.95
633;7;16;38.096;21.45
634;7;17;8.547;11.67
635;7;17;10.666;19.09
636;7;17;8.986;4.65
637;7;18;22.457;23.89
638;7;18;20.245;15.8
639;7;18;23.539;8.2
640;7;19;53.422;20.47
641;7;20;23.397;18.63
642;7;20;28.434;1.62
643;7;20;20.39;11.92
644;7;21;27.272;4.66
645;7;21;20.645;0.99
646;7;21;23.318;5.4
647;7;22;89.874;2.41
648;7;22;68.432;12.1
649;7;23;22.456;4.05
650;7;23;21.024;21.43
651;7;23;27.827;9.73
652;7;24;87.759;19.49
653;7;25;3.72;6.27
654;7;25;3.532;4.09
655;7;26;9.975;7.16
656;7;26;10.328;7.69
657;7;26;7.792;4.73
658;7;27;22.698;5.83
659;7;27;24.86;12.36
660;7;28;22.563;22.57
661;7;28;22.624;10.49
662;7;28;22.603;13.89
663;7;29;9.975;22.48
664;7;30;14.887;19.28
665;7;30;18.213;22.19
666;7;30;12.033;7.99
667;7;31;11.84;21.83
668;7;31;10.955;3.05
669;7;32;27.548;1.72
670;7;33;10.056;0.28
671;7;33;10.449;5.0
672;7;33;7.796;24.16
673;7;34;38.963;16.96
674;7;34;35.603;9.84
675;7;34;44.498;17.95
676;7;35;6.171;11.86
677;7;35;7.161;6.37
678;7;36;31.945;5.26
679;7;37;11.643;14.3
680;7;38;66.918;13.28
681;7;38;73.107;0.77
682;7;39;81.174;0.47
683;7;39;94.74;22.09
684;7;40;7.652;2.61
685;7;40;9.39;21.38
686;7;41;34.127;0.12
687;7;41;28.645;15.18
688;7;41;39.67;3.05
689;7;42;6.574;18.98
690;7;43;38.387;8.85
691;7;44;12.678;4.72
692;7;44;15.396;2.33
693;7;45;25.001;16.22
694;7;45;21.648;11.27
695;7;46;26.561;22.41
696;7;46;26.644;12.59
697;7;47;44.241;8.26
698;7;47;37.582;0.99
699;7;47;43.949;11.82
700;7;48;71.122;14.98
701;7;48;62.163;19.21
702;7;49;8.647;12.64
703;8;9;15.208;24.41
704;8;10;45.512;18.14
705;8;10;45.586;17.22
706;8;11;22.745;8.52
707;8;11;24.989;2.92
708;8;12;21.505;6.36
709;8;13;46.546;7.21
710;8;13;52.595;0.69
711;8;13;52.945;24.87
712;8;14;27.071;23.12
713;8;14;21.354;22.73
714;8;15;10.322;23.9
715;8;15;11.37;11.7
716;8;15;9.044;3.22
717;8;16;29.303;9.37
718;8;17;2.93;10.45
719;8;17;2.644;14.58
720;8;18;17.198;14.39
721;8;18;15.999;13.56
722;8;18;13.979;3.75
723;8;19;46.819;1.18
724;8;20;15.628;20.71
725;8;20;16.457;3.69
726;8;21;37.002;2.37
727;8;21;35.468;22.17
728;8;22;83.972;9.1
729;8;23;20.726;6.92
730;8;23;25.27;20.41
731;8;23;17.026;21.35
732;8;24;78.211;9.1
733;8;24;93.985;10.11
734;8;25;11.952;23.7
735;8;26;0.76;21.78
736;8;26;0.856;23.17
737;8;26;0.827;9.62
738;8;27;18.873;18.4
739;8;28;19.06;19.14
740;8;28;21.649;5.63
741;8;28;23.328;19.31
742;8;29;0.76;11.24
743;8;29;0.77;19.95
744;8;30;9.969;6.12
745;8;30;12.191;1.83
746;8;30;9.348;19.47
747;8;31;4.879;21.37
748;8;31;5.026;9.62
749;8;31;4.097;1.63
750;8;32;18.455;3.88
751;8;32;16.658;9.09
752;8;33;1.983;18.1
753;8;33;1.571;7.03
754;8;33;2.225;1.89
755;8;34;46.48;0.51
756;8;34;44.97;20.22
757;8;34;43.471;16.38
758;8;35;13.464;1.82
759;8;35;13.161;7.3
760;8;36;38.807;24.78
761;8;36;40.775;15.61
762;8;37;13.165;2.27
763;8;38;60.572;5.04
764;8;38;70.933;15.78
765;8;39;72.557;9.45
766;8;39;87.533;13.72
767;8;40;3.328;1.9
768;8;40;3.242;14.05
769;8;41;41.38;1.99
770;8;41;49.586;5.3
771;8;42;15.254;2.25
772;8;43;33.979;9.72
773;8;43;31.837;7.65
774;8;43;36.197;23.81
775;8;44;6.494;17.79
776;8;44;7.68;24.4
777;8;45;20.0;16.53
778;8;45;16.845;0.81
779;8;46;23.084;2.18
780;8;46;23.574;9.69
781;8;47;36.234;3.16
782;8;48;63.257;10.44
783;8;49;18.196;16.56
784;8;49;19.206;20.65
785;8;49;19.785;11.71
786;9;10;60.469;4.84
787;9;10;49.627;3.82
788;9;11;29.21;21.78
789;9;12;32.326;16.28
790;9;12;39.247;12.03
791;9;13;61.754;10.15
792;9;13;51.75;8.09
793;9;14;33.419;10.57
794;9;14;40.746;21.63
795;9;15;25.526;14.64
796;9;15;28.076;15.77
797;9;15;25.294;13.26
798;9;16;14.501;11.04
799;9;17;15.372;4.33
800;9;17;12.677;1.39
801;9;18;25.644;3.95
802;9;19;48.168;21.58
803;9;20;3.361;19.42
804;9;21;50.168;18.25
805;9;21;46.664;22.88
806;9;22;85.235;24.48
807;9;22;72.472;8.42
808;9;23;32.276;0.55
809;9;23;28.524;10.74
810;9;23;33.983;13.97
811;9;24;64.423;6.76
812;9;24;75.384;0.55
813;9;24;54.86;23.86
814;9;25;24.63;18.24
815;9;25;28.014;20.12
816;9;26;14.627;10.37
817;9;26;17.764;0.69
818;9;26;14.884;19.79
819;9;27;28.693;12.35
820;9;27;31.241;22.44
821;9;27;30.837;11.2
822;9;28;29.198;8.31
823;9;28;25.606;13.53
824;9;28;35.385;4.44
825;9;29;14.627;18.92
826;9;29;14.577;10.42
827;9;29;15.209;7.9
828;9;30;21.551;2.57
829;9;31;17.568;4.98
830;9;31;21.753;12.35
831;9;31;20.747;12.75
832;9;32;17.085;19.29
833;9;32;20.361;10.35
834;9;32;20.874;13.45
835;9;33;14.075;10.45
836;9;33;16.233;13.97
837;9;34;61.686;1.37
838;9;34;68.656;18.74
839;9;34;59.378;23.71
840;9;35;28.573;13.62
841;9;35;30.143;1.21
842;9;36;53.966;6.86
843;9;36;43.291;13.51
844;9;37;27.729;16.33
845;9;37;23.812;18.2
846;9;37;31.73;16.41
847;9;38;61.687;15.32
848;9;39;57.419;4.12
849;9;39;61.68;4.06
850;9;39;65.983;14.87
851;9;40;18.504;1.14
852;9;40;21.139;7.0
853;9;40;22.51;10.39
854;9;41;56.576;7.65
855;9;41;48.093;21.9
856;9;42;27.476;19.55
857;9;43;40.557;10.25
858;9;44;11.546;6.04
859;9;44;11.353;10.65
860;9;44;8.928;23.22
861;9;45;28.044;17.6
862;9;45;33.55;21.06
863;9;45;24.717;16.46
864;9;46;32.459;24.14
865;9;46;32.318;13.12
866;9;47;21.106;9.05
867;9;48;60.565;8.29
868;9;48;54.24;15.59
869;9;48;68.307;23.19
870;9;49;32.509;13.52
871;9;49;27.494;4.74
872;10;11;52.055;2.35
873;10;11;45.871;2.76
874;10;11;47.983;0.76
875;10;12;43.017;1.47
876;10;12;39.575;21.82
877;10;12;42.031;14.28
878;10;13;9.76;18.35
879;10;13;8.966;23.29
880;10;13;9.157;23.39
881;10;14;53.504;4.45
882;10;14;56.526;20.89
883;10;15;35.398;10.3
884;10;16;73.587;17.06
885;10;17;45.108;21.41
886;10;17;47.041;7.41
887;10;18;47.972;17.24
888;10;18;53.162;13.94
889;10;19;73.841;8.17
890;10;20;60.087;8.38
891;10;21;18.721;16.81
892;10;22;103.777;23.6
893;10;23;41.229;20.04
894;10;23;38.018;17.86
895;10;24;123.244;21.32
896;10;24;107.647;4.24
897;10;25;36.867;20.33
898;10;25;32.016;18.34
899;10;25;43.648;9.55
900;10;26;45.992;24.07
901;10;26;39.743;14.99
902;10;26;52.574;7.02
903;10;27;45.434;3.92
904;10;27;53.849;23.09
905;10;28;44.765;3.43
906;10;28;41.584;3.7
907;10;29;45.992;0.23
908;10;30;44.149;3.1
909;10;30;33.984;21.16
910;10;30;53.944;20.07
911;10;31;44.999;18.43
912;10;31;49.952;20.45
913;10;32;59.458;11.13
914;10;33;46.414;24.64
915;10;33;42.72;4.43
916;10;33;35.08;15.92
917;10;34;10.592;23.07
918;10;34;12.738;3.71
919;10;35;32.067;5.96
920;10;35;24.954;3.5
921;10;35;25.274;2.2
922;10;36;14.458;18.14
923;10;37;35.811;21.72
924;10;37;31.164;14.81
925;10;37;41.251;14.39
926;10;38;84.661;5.46
927;10;38;64.711;3.93
928;10;38;92.467;1.01
929;10;39;117.851;22.34
930;10;40;42.419;24.94
931;10;40;45.387;15.53
932;10;40;48.917;8.86
933;10;41;11.933;5.85
934;10;41;12.204;8.54
935;10;41;9.309;23.59
936;10;42;35.025;24.59
937;10;42;38.893;16.68
938;10;43;55.613;23.39
939;10;43;50.3;6.92
940;10;43;56.849;15.44
941;10;44;49.364;0.84
942;10;44;48.039;9.94
943;10;45;48.832;15.78
944;10;46;46.439;8.83
945;10;46;50.619;19.83
946;10;47;80.908;4.05
947;10;47;96.66;18.84
948;10;47;72.72;23.96
949;10;48;94.2;22.94
950;10;49;28.285;24.58
951;11;12;9.199;9.58
952;11;12;11.123;8.5
953;11;13;48.597;3.28
954;11;14;4.411;21.19
955;11;14;4.966;18.36
956;11;14;4.899;4.29
957;11;15;23.842;5.43
958;11;16;42.271;19.58
959;11;17;25.659;14.06
960;11;17;22.589;16.5
961;11;18;5.893;20.49
962;11;18;6.432;15.49
963;11;18;6.785;12.92
964;11;19;25.157;7.35
965;11;19;27.391;7.16
966;11;19;21.55;5.7
967;11;20;31.901;10.04
968;11;20;30.408;0.41
969;11;21;51.433;14.34
970;11;21;54.595;1.57
971;11;21;56.32;6.35
972;11;22;61.618;0.79
973;11;22;56.093;21.38
974;11;23;10.87;11.46
975;11;23;8.521;6.9
976;11;24;76.063;10.93
977;11;25;31.95;20.09
978;11;26;23.314;4.18
979;11;27;6.816;12.29
980;11;28;7.399;16.41
981;11;28;7.14;0.52
982;11;28;6.888;10.76
983;11;29;23.314;24.19
984;11;29;19.994;6.2
985;11;30;13.572;24.85
986;11;30;12.208;3.87
987;11;31;18.012;19.04
988;11;32;14.211;0.7
989;11;33;24.494;18.16
990;11;34;48.138;5.9
991;11;34;40.066;15.56
992;11;35;26.6;14.26
993;11;35;24.749;2.95
994;11;35;24.825;8.54
995;11;36;39.886;10.37
996;11;36;44.608;19.41
997;11;37;19.038;9.82
998;11;37;19.255;23.54
999;11;37;19.905;0.36
1000;11;38;38.57;20.05
1001;11;38;37.419;8.07
1002;11;38;30.401;1.45
1003;11;39;77.466;13.4
1004;11;39;94.975;8.44
1005;11;40;21.973;18.18
1006;11;40;23.583;22.84
1007;11;41;43.073;3.6
1008;11;41;52.012;15.57
1009;11;42;34.908;6.29
1010;11;42;43.425;14.83
1011;11;42;33.103;4.95
1012;11;43;11.583;23.36
1013;11;44;28.231;22.06
1014;11;44;32.75;7.42
1015;11;45;3.558;12.33
1016;11;45;3.9;24.4
1017;11;45;3.286;19.69
1018;11;46;6.249;13.74
1019;11;47;46.969;6.82
1020;11;48;43.898;6.88
1021;11;49;33.232;4.62
1022;11;49;32.504;15.07
1023;12;13;39.399;7.64
1024;12;13;46.218;3.15
1025;12;14;10.686;18.41
1026;12;15;18.528;14.89
1027;12;15;20.632;4.1
1028;12;16;46.477;2.98
1029;12;16;54.696;9.13
1030;12;16;38.504;1.94
1031;12;17;24.083;15.61
1032;12;17;22.957;21.37
1033;12;17;25.709;12.74
1034;12;18;7.406;4.73
1035;12;18;8.402;4.68
1036;12;19;32.227;3.67
1037;12;19;36.942;16.72
1038;12;19;36.915;14.42
1039;12;20;34.368;5.37
1040;12;20;32.682;18.32
1041;12;21;43.764;10.43
1042;12;21;41.389;13.03
1043;12;22;66.937;17.83
1044;12;23;1.897;13.62
1045;12;24;84.631;11.38
1046;12;24;71.678;1.25
1047;12;25;27.607;18.95
1048;12;25;25.892;16.73
1049;12;25;26.04;9.92
1050;12;26;22.227;19.89
1051;12;26;19.867;22.01
1052;12;26;22.706;22.21
1053;12;27;3.909;0.97
1054;12;28;3.248;24.09
1055;12;28;3.225;5.17
1056;12;29;22.227;4.83
1057;12;30;11.648;12.42
1058;12;30;9.947;18.15
1059;12;30;11.955;10.03
1060;12;31;16.748;15.61
1061;12;31;18.933;17.78
1062;12;32;20.863;10.83
1063;12;32;21.561;19.21
1064;12;32;23.007;22.52
1065;12;33;23.479;18.05
1066;12;33;22.58;22.96
1067;12;33;22.793;6.23
1068;12;34;38.943;13.21
1069;12;34;34.24;17.27
1070;12;35;20.445;23.5
1071;12;36;30.687;0.49
1072;12;36;30.175;13.4
1073;12;36;25.792;19.94
1074;12;37;12.681;14.9
1075;12;37;10.863;5.31
1076;12;38;44.819;12.93
1077;12;39;84.689;22.05
1078;12;39;88.993;3.03
1079;12;40;19.469;15.23
1080;12;40;21.371;13.13
1081;12;41;33.875;9.66
1082;12;42;30.089;12.04
1083;12;42;34.591;13.83
1084;12;43;15.062;18.86
1085;12;43;14.629;23.33
1086;12;43;13.021;18.86
1087;12;44;27.876;5.73
1088;12;44;23.018;8.21
1089;12;44;34.431;6.11
1090;12;45;6.556;1.43
1091;12;45;6.904;15.06
1092;12;46;3.532;15.98
1093;12;46;3.221;19.24
1094;12;46;3.927;14.82
1095;12;47;52.081;0.29
1096;12;47;64.79;17.07
1097;12;47;47.39;12.5
1098;12;48;51.946;14.94
1099;12;48;42.711;18.3
1100;12;49;26.736;9.11
1101;12;49;25.892;7.18
1102;12;49;24.482;15.12
1103;13;14;49.291;20.74
1104;13;14;54.909;1.79
1105;13;15;36.232;20.95
1106;13;15;40.688;17.05
1107;13;15;40.501;7.76
1108;13;16;75.617;15.99
1109;13;17;46.758;1.92
1110;13;17;40.933;21.0
1111;13;18;45.399;0.76
1112;13;19;68.337;20.88
1113;13;19;81.109;23.83
1114;13;19;55.942;3.21
1115;13;20;61.902;0.35
1116;13;21;27.076;16.74
1117;13;21;28.517;11.01
1118;13;21;33.513;3.55
1119;13;22;96.25;17.21
1120;13;22;87.073;13.11
1121;13;22;115.176;6.08
1122;13;23;37.798;21.22
1123;13;23;34.258;17.39
1124;13;24;122.504;5.47
1125;13;24;122.96;16.16
1126;13;24;117.861;24.16
1127;13;25;39.983;15.21
1128;13;25;39.688;15.09
1129;13;26;47.138;20.32
1130;13;27;42.419;7.27
1131;13;27;39.579;1.38
1132;13;28;41.697;15.99
1133;13;29;47.138;7.6
1134;13;29;40.828;7.71
1135;13;29;38.988;21.44
1136;13;30;43.076;20.36
1137;13;30;51.166;9.24
1138;13;30;35.937;0.4
1139;13;31;45.011;24.99
1140;13;31;53.394;21.28
1141;13;31;49.117;12.26
1142;13;32;57.987;5.44
1143;13;33;47.793;11.88
1144;13;33;51.72;4.67
1145;13;33;38.663;7.07
1146;13;34;0.866;10.41
1147;13;34;1.005;12.05
1148;13;35;33.346;4.97
1149;13;36;8.722;5.66
1150;13;37;34.992;23.25
1151;13;37;33.81;5.65
1152;13;37;28.225;0.0
1153;13;38;78.233;23.81
1154;13;39;118.997;7.28
1155;13;40;43.259;10.71
1156;13;40;47.573;5.43
1157;13;41;5.569;17.57
1158;13;42;38.857;17.03
1159;13;42;34.7;19.02
1160;13;43;50.252;6.58
1161;13;43;51.002;17.82
1162;13;44;51.362;24.98
1163;13;45;45.714;13.98
1164;13;45;36.413;2.1
1165;13;46;42.562;14.5
1166;13;46;50.58;1.21
1167;13;46;45.964;7.24
1168;13;47;82.719;13.1
1169;13;48;88.825;7.59
1170;13;48;97.578;12.49
1171;13;48;104.585;5.27
1172;13;49;31.387;23.99
1173;14;15;27.463;8.13
1174;14;15;29.845;18.31
1175;14;15;22.964;8.07
1176;14;16;46.181;0.57
1177;14;16;53.569;21.48
1178;14;17;29.973;6.47
1179;14;18;9.975;21.33
1180;14;18;11.898;18.66
1181;14;19;21.784;16.04
1182;14;20;36.182;18.56
1183;14;20;31.411;23.26
1184;14;21;54.245;19.57
1185;14;22;57.641;6.6
1186;14;22;70.403;12.08
1187;14;22;52.232;13.87
1188;14;23;12.572;16.79
1189;14;23;14.291;11.17
1190;14;24;77.35;3.71
1191;14;24;89.04;4.32
1192;14;24;91.55;0.34
1193;14;25;35.886;18.38
1194;14;25;38.196;18.98
1195;14;25;29.57;2.55
1196;14;26;27.657;14.16
1197;14;26;24.903;22.91
1198;14;27;9.785;2.09
1199;14;28;10.142;1.28
1200;14;28;12.563;2.98
1201;14;28;7.721;16.56
1202;14;29;27.657;23.53
1203;14;29;22.938;24.98
1204;14;29;32.624;13.41
1205;14;30;17.667;8.9
1206;14;30;21.577;1.95
1207;14;30;16.868;9.81
1208;14;31;22.291;12.54
1209;14;31;25.126;23.24
1210;14;31;22.207;16.74
1211;14;32;17.743;16.3
1212;14;32;20.329;19.39
1213;14;32;20.26;6.18
1214;14;33;28.847;7.83
1215;14;33;33.186;6.65
1216;14;33;29.036;7.7
1217;14;34;48.768;11.2
1218;14;34;42.272;12.57
1219;14;35;29.991;5.73
1220;14;35;27.67;12.02
1221;14;36;40.666;16.81
1222;14;36;44.13;10.86
1223;14;36;37.724;16.77
1224;14;37;22.25;17.44
1225;14;37;21.926;9.5
1226;14;37;21.064;17.76
1227;14;38;34.854;19.24
1228;14;38;31.039;22.76
1229;14;38;28.68;13.68
1230;14;39;79.963;18.14
1231;14;39;81.94;23.29
1232;14;40;26.148;13.27
1233;14;40;24.833;21.7
1234;14;40;24.967;1.94
1235;14;41;43.859;14.82
1236;14;41;41.718;23.82
1237;14;41;36.61;23.77
1238;14;42;38.752;8.18
1239;14;42;33.557;10.45
1240;14;42;47.297;8.51
1241;14;43;7.199;6.21
1242;14;44;32.631;13.94
1243;14;44;27.584;5.04
1244;14;44;30.269;23.55
1245;14;45;7.264;2.32
1246;14;45;5.94;16.13
1247;14;45;5.963;12.73
1248;14;46;7.159;21.18
1249;14;46;7.222;13.33
1250;14;47;50.588;18.4
1251;14;48;41.27;11.24
1252;14;48;50.504;0.58
1253;14;49;36.549;7.21
1254;15;16;39.479;24.33
1255;15;16;48.964;2.68
1256;15;16;41.859;3.36
1257;15;17;10.748;11.03
1258;15;17;9.109;18.39
1259;15;18;18.034;9.75
1260;15;18;20.811;1.96
1261;15;18;18.842;8.54
1262;15;19;48.998;7.9
1263;15;20;25.756;11.57
1264;15;20;31.723;9.47
1265;15;20;31.09;4.01
1266;15;21;28.971;0.04
1267;15;21;23.521;11.46
1268;15;21;31.781;11.3
1269;15;22;85.017;13.98
1270;15;22;103.482;13.14
1271;15;23;17.004;20.14
1272;15;24;87.948;13.35
1273;15;25;9.237;11.82
1274;15;25;9.719;4.25
1275;15;26;10.906;6.23
1276;15;26;9.243;8.45
1277;15;27;17.738;23.13
1278;15;27;21.192;10.96
1279;15;28;17.511;5.01
1280;15;28;14.32;4.35
1281;15;29;10.906;7.03
1282;15;29;8.204;2.78
1283;15;30;11.015;2.71
1284;15;30;9.781;0.47
1285;15;31;9.857;15.98
1286;15;32;25.458;11.83
1287;15;32;19.374;15.56
1288;15;32;22.762;4.42
1289;15;33;11.6;19.84
1290;15;33;9.181;7.45
1291;15;34;36.177;24.75
1292;15;34;31.618;6.41
1293;15;35;3.511;11.15
1294;15;35;2.994;13.64
1295;15;36;28.603;22.41
1296;15;37;6.045;20.88
1297;15;38;62.303;15.74
1298;15;38;66.705;10.31
1299;15;38;75.193;21.72
1300;15;39;82.867;5.93
1301;15;39;69.137;13.74
1302;15;40;7.079;15.13
1303;15;41;31.105;5.28
1304;15;41;26.695;13.91
1305;15;41;28.604;14.0
1306;15;42;11.562;1.02
1307;15;42;8.781;12.31
1308;15;43;33.289;21.12
1309;15;44;15.512;1.74
1310;15;44;16.935;1.7
1311;15;44;15.07;8.67
1312;15;45;20.363;13.87
1313;15;45;17.591;8.36
1314;15;46;21.391;6.26
1315;15;46;20.587;22.32
1316;15;47;46.506;9.14
1317;15;47;50.181;12.42
1318;15;47;51.738;17.16
1319;15;48;67.324;24.33
1320;15;48;72.153;8.65
1321;15;49;9.829;9.69
1322;15;49;9.017;10.15
1323;15;49;11.804;21.64
1324;16;17;28.859;4.47
1325;16;18;39.493;8.17
1326;16;18;43.381;18.73
1327;16;18;49.196;2.28
1328;16;19;57.399;4.75
1329;16;20;13.725;20.09
1330;16;21;61.384;22.5
1331;16;21;66.535;0.82
1332;16;21;47.824;21.34
1333;16;22;93.102;18.79
1334;16;22;83.453;2.69
1335;16;23;46.565;8.54
1336;16;23;47.277;7.16
1337;16;23;50.135;21.24
1338;16;24;55.48;15.84
1339;16;24;57.702;22.29
1340;16;24;43.565;19.89
1341;16;25;36.838;8.84
1342;16;25;30.622;7.13
1343;16;26;28.647;23.08
1344;16;26;26.941;17.29
1345;16;27;42.726;23.96
1346;16;27;45.656;20.75
1347;16;28;43.283;21.13
1348;16;28;44.833;10.09
1349;16;28;45.013;1.72
1350;16;29;28.647;19.48
1351;16;29;24.5;23.06
1352;16;30;36.011;8.11
1353;16;30;40.428;14.16
1354;16;31;32.05;10.19
1355;16;32;28.594;2.1
1356;16;33;27.879;20.17
1357;16;33;33.568;3.97
1358;16;34;75.602;19.49
1359;16;34;84.122;6.77
1360;16;34;72.143;9.58
1361;16;35;42.272;10.57
1362;16;35;40.915;20.85
1363;16;36;68.074;8.29
1364;16;36;54.006;13.32
1365;16;37;42.145;17.95
1366;16;37;43.766;17.91
1367;16;37;41.418;18.88
1368;16;38;70.123;1.59
1369;16;38;74.141;6.79
1370;16;38;57.292;13.48
1371;16;39;44.72;20.3
1372;16;39;38.621;10.66
1373;16;40;32.631;15.46
1374;16;41;70.574;11.84
1375;16;41;71.636;9.26
1376;16;41;82.477;19.34
1377;16;42;39.149;14.57
1378;16;43;53.065;23.3
1379;16;43;57.199;21.61
1380;16;44;24.314;20.89
1381;16;44;29.499;18.19
1382;16;44;23.766;5.17
1383;16;45;41.666;21.87
1384;16;45;34.177;3.71
1385;16;46;46.263;16.26
1386;16;46;43.218;18.2
1387;16;47;7.444;14.57
1388;16;47;8.801;24.74
1389;16;48;66.005;2.54
1390;16;49;45.309;23.38
1391;17;18;20.072;2.84
1392;17;19;49.732;3.82
1393;17;19;56.773;11.55
1394;17;20;15.151;16.09
1395;17;20;14.786;21.0
1396;17;21;35.483;7.99
1397;17;22;86.899;22.59
1398;17;22;104.948;15.57
1399;17;23;23.19;0.14
1400;17;23;27.868;24.46
1401;17;23;24.602;10.46
1402;17;24;79.27;5.67
1403;17;25;9.971;14.68
1404;17;26;2.493;1.94
1405;17;26;2.172;11.89
1406;17;26;2.277;18.95
1407;17;27;21.618;15.73
1408;17;27;24.336;21.25
1409;17;27;21.726;16.11
1410;17;28;21.767;21.68
1411;17;28;19.477;22.56
1412;17;29;2.493;10.19
1413;17;29;1.884;20.33
1414;17;29;2.062;20.18
1415;17;30;12.704;23.15
1416;17;30;10.715;23.64
1417;17;31;7.711;24.02
1418;17;31;7.028;23.82
1419;17;31;9.307;11.72
1420;17;32;20.993;17.95
1421;17;32;23.298;10.39
1422;17;32;17.203;7.2
1423;17;33;1.755;17.49
1424;17;34;46.746;24.08
1425;17;34;55.179;10.09
1426;17;34;40.637;15.36
1427;17;35;13.413;14.31
1428;17;36;39.311;18.83
1429;17;36;48.798;2.2
1430;17;37;14.722;12.87
1431;17;38;63.49;9.86
1432;17;38;48.33;15.25
1433;17;39;72.749;18.54
1434;17;39;57.742;24.88
1435;17;40;4.84;16.68
1436;17;40;4.62;6.01
1437;17;40;5.007;19.05
1438;17;41;41.742;5.82
1439;17;42;13.189;13.27
1440;17;42;13.426;13.05
1441;17;43;36.848;17.53
1442;17;43;39.616;24.8
1443;17;43;35.778;2.19
1444;17;44;4.784;11.25
1445;17;45;22.87;4.12
1446;17;46;25.823;1.5
1447;17;46;27.887;23.97
1448;17;46;31.032;3.39
1449;17;47;36.006;10.88
1450;17;47;27.713;7.59
1451;17;48;66.028;14.24
1452;17;48;74.688;20.21
1453;17;48;58.24;23.64
1454;17;49;17.194;0.85
1455;17;49;17.187;21.9
1456;18;19;31.01;4.69
1457;18;19;26.767;10.79
1458;18;20;27.982;1.65
1459;18;20;30.263;23.21
1460;18;21;46.063;3.01
1461;18;21;40.789;13.43
1462;18;22;67.493;23.56
1463;18;22;55.091;9.8
1464;18;23;8.231;4.95
1465;18;23;8.593;4.13
1466;18;23;9.835;23.77
1467;18;24;77.694;2.93
1468;18;24;80.235;21.93
1469;18;25;26.057;18.14
1470;18;25;22.643;10.34
1471;18;25;27.627;23.3
1472;18;26;17.815;2.06
1473;18;26;20.281;3.58
1474;18;26;16.016;9.47
1475;18;27;3.504;9.55
1476;18;28;4.209;13.72
1477;18;28;3.915;23.74
1478;18;28;4.316;12.82
1479;18;29;17.815;21.23
1480;18;30;7.708;21.82
1481;18;30;8.256;19.13
1482;18;30;7.05;12.35
1483;18;31;12.365;9.21
1484;18;31;13.459;21.18
1485;18;32;13.514;21.4
1486;18;33;19.032;13.1
1487;18;34;45.02;22.1
1488;18;34;48.752;2.92
1489;18;35;20.912;7.45
1490;18;35;24.227;19.15
1491;18;35;16.516;2.56
1492;18;36;36.695;17.07
1493;18;36;32.934;2.8
1494;18;37;13.57;13.78
1495;18;37;15.733;9.04
1496;18;38;44.461;21.61
1497;18;38;41.082;17.99
1498;18;39;77.298;19.65
1499;18;39;64.383;2.47
1500;18;39;62.215;18.01
1501;18;40;16.173;12.75
1502;18;40;13.813;21.99
1503;18;40;17.485;22.4
1504;18;41;39.831;5.72
1505;18;41;32.922;2.84
1506;18;42;29.019;2.86
1507;18;42;23.377;19.82
1508;18;43;16.782;2.87
1509;18;43;17.84;18.29
1510;18;43;16.224;20.35
1511;18;44;23.02;24.3
1512;18;45;2.805;5.41
1513;18;46;6.815;22.32
1514;18;46;5.53;9.74
1515;18;46;5.908;0.65
1516;18;47;44.869;14.52
1517;18;47;38.63;23.0
1518;18;47;53.487;18.68
1519;18;48;49.42;1.88
1520;18;49;27.562;22.81
1521;18;49;29.204;15.75
1522;18;49;29.825;20.05
1523;19;20;51.445;6.96
1524;19;21;75.973;1.09
1525;19;21;94.506;2.81
1526;19;21;74.899;6.99
1527;19;22;37.38;15.93
1528;19;22;42.59;7.22
1529;19;22;44.039;4.5
1530;19;23;34.121;8.03
1531;19;23;40.649;18.59
1532;19;24;70.88;10.72
1533;19;24;86.111;23.81
1534;19;24;69.451;9.15
1535;19;25;56.963;8.85
1536;19;25;69.509;20.95
1537;19;25;53.964;9.57
1538;19;26;47.259;21.1
1539;19;27;31.525;1.77
1540;19;28;31.918;0.85
1541;19;28;26.064;18.06
1542;19;29;47.259;8.37
1543;19;29;57.092;21.64
1544;19;30;38.546;12.22
1545;19;30;35.182;7.62
1546;19;30;32.018;18.98
1547;19;31;42.459;14.9
1548;19;32;31.245;22.7
1549;19;32;29.407;21.61
1550;19;33;48.307;12.21
1551;19;33;38.092;22.53
1552;19;33;44.242;3.42
1553;19;34;67.696;16.48
1554;19;34;52.036;0.09
1555;19;35;51.688;0.46
1556;19;35;62.63;13.17
1557;19;36;60.114;14.94
1558;19;36;46.161;20.57
1559;19;37;44.0;5.63
1560;19;37;37.421;14.22
1561;19;38;13.798;1.21
1562;19;38;14.967;5.97
1563;19;38;12.624;11.88
1564;19;39;79.928;14.75
1565;19;39;64.883;22.73
1566;19;40;46.665;9.98
1567;19;40;35.311;19.15
1568;19;41;63.227;21.83
1569;19;41;52.667;15.73
1570;19;42;59.995;13.29
1571;19;42;52.817;9.12
1572;19;42;45.148;23.35
1573;19;43;18.228;11.33
1574;19;43;20.775;21.48
1575;19;44;51.287;22.07
1576;19;44;63.689;6.44
1577;19;45;28.646;5.84
1578;19;45;26.141;2.78
1579;19;45;25.885;23.85
1580;19;46;28.729;0.92
1581;19;47;59.367;3.54
1582;19;47;52.557;19.01
1583;19;48;20.49;22.45
1584;19;48;19.068;14.63
1585;19;49;58.284;14.34
1586;19;49;54.596;10.01
1587;19;49;70.89;8.83
1588;20;21;48.874;23.93
1589;20;21;57.495;0.6
1590;20;22;88.556;4.09
1591;20;22;67.306;16.38
1592;20;23;34.163;8.32
1593;20;24;66.004;16.67
1594;20;24;77.762;12.54
1595;20;24;76.064;17.45
1596;20;25;23.636;5.84
1597;20;25;28.812;11.37
1598;20;25;25.288;19.52
1599;20;26;14.954;8.76
1600;20;26;16.235;14.02
1601;20;26;12.115;0.99
1602;20;27;30.866;22.71
1603;20;28;31.323;2.98
1604;20;28;37.916;6.65
1605;20;28;24.103;0.91
1606;20;29;14.954;14.79
1607;20;29;14.427;22.04
1608;20;30;23.195;23.78
1609;20;31;18.772;19.07
1610;20;31;21.617;5.69
1611;20;31;18.534;17.36
1612;20;32;20.283;18.4
1613;20;33;14.157;5.69
1614;20;33;12.058;23.92
1615;20;34;61.881;21.25
1616;20;34;69.825;12.32
1617;20;35;28.563;5.51
1618;20;35;22.886;0.43
1619;20;35;26.669;14.42
1620;20;36;54.354;1.76
1621;20;36;62.55;5.28
1622;20;36;50.388;17.97
1623;20;37;28.634;19.26
1624;20;37;23.674;24.26
1625;20;37;29.572;22.08
1626;20;38;64.996;19.69
1627;20;39;57.824;6.13
1628;20;39;61.913;21.22
1629;20;40;18.951;9.8
1630;20;40;19.859;3.25
1631;20;41;56.848;16.43
1632;20;41;55.115;10.37
1633;20;41;61.625;5.0
1634;20;42;26.25;18.97
1635;20;42;21.122;16.47
1636;20;43;43.358;19.47
1637;20;43;44.797;6.62
1638;20;43;36.538;2.57
1639;20;44;10.724;14.37
1640;20;44;12.233;2.42
1641;20;44;10.936;5.7
1642;20;45;30.495;3.65
1643;20;45;35.425;8.64
1644;20;46;34.77;0.45
1645;20;47;20.867;10.19
1646;20;47;20.496;11.33
1647;20;48;63.918;14.96
1648;20;48;78.051;17.03
1649;20;48;62.504;11.8
1650;20;49;31.884;9.26
1651;21;22;109.833;18.61
1652;21;23;41.877;2.98
1653;21;23;43.556;20.31
1654;21;24;114.568;2.78
1655;21;25;25.626;24.7
1656;21;26;37.21;13.97
1657;21;26;32.509;15.22
1658;21;26;35.199;10.03
1659;21;27;44.693;13.6
1660;21;27;39.434;14.95
1661;21;27;48.795;9.9
1662;21;28;44.213;3.92
1663;21;28;43.997;17.96
1664;21;29;37.21;6.43
1665;21;29;35.888;6.74
1666;21;29;35.183;11.12
1667;21;30;39.848;7.79
1668;21;31;38.502;6.39
1669;21;32;54.329;10.29
1670;21;33;37.142;21.32
1671;21;33;34.345;13.02
1672;21;33;35.846;22.44
1673;21;34;27.723;0.83
1674;21;34;24.792;0.97
1675;21;35;25.585;18.63
1676;21;36;26.588;24.36
1677;21;36;25.945;14.7
1678;21;37;32.493;9.1
1679;21;37;30.524;16.96
1680;21;37;29.499;19.41
1681;21;38;88.461;6.6
1682;21;39;106.092;13.66
1683;21;40;34.699;7.2
1684;21;40;27.421;23.97
1685;21;40;42.41;24.11
1686;21;41;26.022;24.81
1687;21;41;30.518;10.16
1688;21;41;29.012;4.17
1689;21;42;22.692;0.23
1690;21;43;58.515;5.87
1691;21;43;44.133;8.79
1692;21;44;38.631;2.14
1693;21;44;30.26;1.12
1694;21;44;44.792;20.21
1695;21;45;47.882;19.94
1696;21;46;47.246;15.2
1697;21;47;68.826;14.32
1698;21;47;68.063;7.57
1699;21;47;58.298;18.03
1700;21;48;95.326;24.69
1701;21;48;76.181;5.64
1702;21;48;98.001;16.01
1703;21;49;19.222;7.71
1704;22;23;68.717;4.3
1705;22;23;60.46;13.45
1706;22;24;89.77;23.75
1707;22;24;102.831;3.31
1708;22;24;98.125;21.88
1709;22;25;93.521;3.43
1710;22;25;114.899;16.59
1711;22;26;84.45;1.29
1712;22;26;78.696;4.88
1713;22;26;66.024;13.08
1714;22;27;67.282;24.57
1715;22;28;67.512;3.58
1716;22;28;74.971;18.27
1717;22;29;84.45;18.55
1718;22;29;86.744;23.49
1719;22;30;75.189;18.98
1720;22;31;79.454;13.32
1721;22;31;66.09;2.5
1722;22;31;82.042;18.98
1723;22;32;68.519;20.86
1724;22;32;68.268;6.29
1725;22;32;83.324;24.0
1726;22;33;85.535;5.19
1727;22;33;65.305;4.35
1728;22;34;95.462;2.71
1729;22;34;115.966;24.63
1730;22;34;80.906;2.23
1731;22;35;87.307;22.82
1732;22;35;91.84;15.95
1733;22;36;89.327;4.98
1734;22;36;96.331;22.56
1735;22;36;70.703;19.19
1736;22;37;79.501;9.03
1737;22;37;75.173;5.57
1738;22;38;23.616;14.95
1739;22;38;23.826;14.84
1740;22;39;105.798;21.94
1741;22;39;114.139;0.66
1742;22;40;83.549;0.95
1743;22;40;95.561;1.9
1744;22;41;92.061;12.34
1745;22;41;71.959;15.17
1746;22;42;96.388;8.58
1747;22;42;113.715;4.45
1748;22;43;51.879;9.03
1749;22;44;88.638;10.69
1750;22;44;73.34;14.08
1751;22;45;64.881;19.51
1752;22;45;69.437;1.35
1753;22;45;76.647;24.44
1754;22;46;63.744;0.86
1755;22;46;49.615;13.44
1756;22;47;93.798;9.34
1757;22;47;90.677;21.85
1758;22;47;107.441;5.24
1759;22;48;29.586;16.35
1760;22;49;93.673;23.43
1761;23;24;85.837;13.05
1762;23;24;83.781;1.06
1763;23;24;103.033;12.04
1764;23;25;26.162;19.55
1765;23;25;23.686;22.53
1766;23;26;21.465;4.42
1767;23;27;4.821;19.9
1768;23;27;4.966;17.34
1769;23;27;3.73;8.12
1770;23;28;4.08;13.21
1771;23;29;21.465;18.57
1772;23;29;21.87;0.8
1773;23;29;23.742;13.18
1774;23;30;11.104;9.55
1775;23;30;10.817;12.64
1776;23;30;8.493;20.73
1777;23;31;16.093;0.35
1778;23;32;21.734;2.83
1779;23;32;21.388;7.78
1780;23;33;22.709;9.55
1781;23;33;23.967;7.52
1782;23;33;19.925;9.3
1783;23;34;37.362;0.35
1784;23;34;30.189;17.17
1785;23;34;30.895;3.68
1786;23;35;18.76;21.35
1787;23;35;20.204;19.18
1788;23;36;29.078;6.37
1789;23;37;11.061;13.96
1790;23;38;46.677;20.78
1791;23;38;45.778;17.91
1792;23;39;85.443;17.52
1793;23;39;76.671;0.53
1794;23;40;18.477;1.89
1795;23;41;32.257;0.39
1796;23;42;28.551;21.1
1797;23;42;34.755;2.15
1798;23;42;26.433;1.16
1799;23;43;16.863;23.74
1800;23;43;19.072;19.3
1801;23;44;27.172;19.09
1802;23;44;20.822;9.96
1803;23;45;7.941;2.82
1804;23;45;9.409;17.75
1805;23;46;5.426;1.97
1806;23;47;52.353;22.09
1807;23;47;59.241;17.94
1808;23;47;46.711;19.32
1809;23;48;53.837;7.63
1810;23;48;59.902;12.29
1811;23;48;63.995;3.72
1812;23;49;24.972;22.73
1813;23;49;20.435;12.12
1814;24;25;88.962;8.27
1815;24;25;87.687;10.61
1816;24;26;77.853;12.61
1817;24;26;61.015;16.47
1818;24;26;90.772;21.05
1819;24;27;81.016;6.94
1820;24;27;72.387;19.1
1821;24;28;81.758;16.77
1822;24;28;80.172;8.22
1823;24;28;74.667;24.05
1824;24;29;77.853;18.15
1825;24;29;75.527;22.84
1826;24;29;86.356;23.02
1827;24;30;79.476;19.61
1828;24;30;67.601;18.94
1829;24;31;78.248;17.56
1830;24;31;71.967;12.42
1831;24;31;82.457;0.04
1832;24;32;64.575;6.77
1833;24;32;79.735;5.51
1834;24;32;53.726;0.14
1835;24;33;77.704;19.6
1836;24;34;122.224;3.1
1837;24;35;91.381;10.26
1838;24;35;85.493;0.53
1839;24;35;74.227;14.41
1840;24;36;113.946;15.79
1841;24;36;93.398;0.03
1842;24;37;87.714;23.85
1843;24;38;75.592;1.69
1844;24;39;23.74;7.52
1845;24;39;24.678;18.09
1846;24;40;81.072;21.22
1847;24;40;85.939;21.54
1848;24;41;116.972;3.34
1849;24;42;91.887;0.78
1850;24;42;97.932;22.16
1851;24;42;93.156;2.77
1852;24;43;80.83;19.88
1853;24;43;83.192;11.38
1854;24;43;62.432;23.85
1855;24;44;75.941;23.23
1856;24;44;79.122;19.98
1857;24;45;78.082;10.0
1858;24;46;82.258;6.87
1859;24;46;88.964;20.84
1860;24;47;48.774;21.88
1861;24;47;38.837;4.84
1862;24;47;53.616;22.88
1863;24;48;61.781;12.03
1864;24;48;61.08;15.34
1865;24;48;60.946;2.86
1866;24;49;96.367;12.67
1867;24;49;97.218;5.19
1868;25;26;11.984;24.2
1869;25;26;9.871;5.8
1870;25;27;26.395;2.99
1871;25;27;20.805;14.27
1872;25;27;25.277;3.39
1873;25;28;26.27;20.59
1874;25;28;31.813;22.15
1875;25;28;23.437;19.59
1876;25;29;11.984;12.47
1877;25;29;13.79;5.24
1878;25;30;18.422;8.93
1879;25;30;16.444;5.04
1880;25;30;17.913;10.47
1881;25;31;14.945;1.73
1882;25;31;16.246;23.74
1883;25;32;30.3;19.5
1884;25;33;11.693;21.57
1885;25;34;40.119;14.03
1886;25;34;41.923;12.51
1887;25;34;33.374;17.2
1888;25;35;8.953;12.13
1889;25;35;8.009;10.59
1890;25;35;9.394;0.9
1891;25;36;33.563;5.37
1892;25;37;15.282;7.1
1893;25;37;16.274;7.22
1894;25;37;18.344;23.24
1895;25;38;70.506;0.13
1896;25;38;58.605;11.75
1897;25;39;81.402;6.78
1898;25;39;83.281;17.7
1899;25;40;10.632;17.08
1900;25;41;35.498;8.88
1901;25;41;29.003;20.45
1902;25;41;32.336;15.15
1903;25;42;3.31;0.98
1904;25;43;42.092;9.59
1905;25;43;44.649;5.83
1906;25;44;13.091;24.22
1907;25;45;28.64;9.32
1908;25;46;30.277;13.82
1909;25;46;23.518;24.79
1910;25;47;44.226;11.84
1911;25;47;36.377;9.6
1912;25;48;74.426;3.69
1913;25;49;8.671;17.23
1914;25;49;7.6;24.55
1915;26;27;19.555;0.66
1916;26;27;19.565;17.7
1917;26;27;18.148;14.97
1918;26;28;19.755;12.17
1919;26;28;18.79;16.6
1920;26;28;15.629;1.13
1921;26;29;0.0;18.89
1922;26;29;0.0;11.9
1923;26;30;10.664;19.93
1924;26;30;12.841;7.72
1925;26;30;12.311;10.44
1926;26;31;5.552;10.17
1927;26;32;18.593;12.28
1928;26;33;1.253;21.17
1929;26;33;1.101;13.69
1930;26;33;0.964;18.75
1931;26;34;47.081;20.32
1932;26;35;13.977;4.95
1933;26;35;15.349;4.47
1934;26;36;39.442;3.87
1935;26;37;13.901;4.91
1936;26;37;16.937;21.56
1937;26;38;61.024;24.68
1938;26;38;48.331;5.45
1939;26;39;72.013;21.85
1940;26;39;59.302;12.04
1941;26;39;57.317;16.43
1942;26;40;4.002;14.05
1943;26;40;4.967;16.35
1944;26;40;3.147;0.97
1945;26;41;41.994;15.76
1946;26;42;15.269;11.85
1947;26;43;34.595;3.36
1948;26;43;32.357;3.02
1949;26;43;36.43;23.2
1950;26;44;5.739;17.69
1951;26;44;6.35;9.51
1952;26;44;6.798;5.74
1953;26;45;20.62;7.63
1954;26;46;23.766;24.22
1955;26;47;35.612;5.78
1956;26;47;35.261;1.48
1957;26;48;63.546;14.56
1958;26;49;18.52;12.4
1959;27;28;0.742;16.27
1960;27;28;0.647;18.86
1961;27;29;19.555;12.53
1962;27;29;22.26;6.73
1963;27;30;8.916;23.0
1964;27;31;14.003;19.92
1965;27;31;14.171;14.28
1966;27;31;10.67;21.47
1967;27;32;17.0;15.08
1968;27;32;20.4;21.16
1969;27;33;20.804;3.31
1970;27;33;22.799;8.29
1971;27;34;42.008;15.99
1972;27;34;34.951;24.01
1973;27;35;20.207;18.53
1974;27;35;20.012;6.79
1975;27;36;33.698;5.56
1976;27;36;34.829;22.35
1977;27;37;12.476;20.44
1978;27;38;44.63;22.14
1979;27;38;51.206;10.37
1980;27;39;80.801;3.85
1981;27;40;17.282;7.15
1982;27;41;36.86;3.58
1983;27;41;37.097;12.82
1984;27;41;38.795;23.05
1985;27;42;29.146;3.98
1986;27;42;34.328;18.46
1987;27;42;24.779;24.27
1988;27;43;15.707;4.24
1989;27;44;25.046;11.41
1990;27;45;3.402;12.72
1991;27;46;4.211;8.43
1992;27;47;48.236;19.41
1993;27;48;50.638;13.35
1994;27;49;26.77;5.95
1995;27;49;20.647;5.72
1996;27;49;27.288;6.77
1997;28;29;19.755;21.79
1998;28;30;9.092;18.21
1999;28;31;14.209;11.36
2000;28;31;10.753;12.82
2001;28;32;17.719;2.96
2002;28;32;14.154;8.16
2003;28;32;19.676;10.45
2004;28;33;21.006;17.85
2005;28;34;41.284;19.25
2006;28;34;42.14;8.86
2007;28;35;19.886;1.85
2008;28;36;32.976;24.08
2009;28;36;41.037;11.84
2010;28;37;12.117;12.19
2011;28;37;12.097;14.56
2012;28;37;13.12;0.22
2013;28;38;44.946;7.34
2014;28;38;48.604;3.01
2015;28;38;41.977;6.34
2016;28;39;81.504;2.48
2017;28;39;100.872;3.24
2018;28;39;75.287;23.86
2019;28;40;17.353;24.99
2020;28;40;15.813;0.95
2021;28;40;19.994;8.99
2022;28;41;36.14;2.62
2023;28;41;33.678;18.77
2024;28;42;28.972;2.93
2025;28;42;33.698;20.14
2026;28;43;15.826;0.31
2027;28;43;13.253;17.22
2028;28;43;14.208;5.93
2029;28;44;25.295;2.47
2030;28;45;4.071;22.73
2031;28;45;4.536;13.71
2032;28;46;4.095;20.07
2033;28;46;4.327;6.64
2034;28;47;48.843;17.91
2035;28;48;51.138;7.79
2036;28;49;26.416;16.33
2037;29;30;10.664;1.67
2038;29;31;5.552;7.3
2039;29;32;18.593;3.14
2040;29;32;20.115;11.68
2041;29;32;15.773;23.17
2042;29;33;1.253;7.74
2043;29;34;47.081;14.88
2044;29;34;43.223;3.67
2045;29;34;47.158;12.77
2046;29;35;13.977;3.89
2047;29;35;16.969;16.7
2048;29;35;17.301;16.72
2049;29;36;39.442;16.78
2050;29;37;13.901;10.01
2051;29;37;10.976;2.54
2052;29;37;15.349;19.47
2053;29;38;61.024;24.39
2054;29;38;59.889;12.94
2055;29;38;58.663;10.43
2056;29;39;72.013;9.07
2057;29;39;79.347;0.03
2058;29;40;4.002;18.2
2059;29;40;4.866;13.76
2060;29;41;41.994;1.83
2061;29;42;15.269;0.01
2062;29;42;12.838;17.98
2063;29;43;34.595;6.61
2064;29;44;5.739;0.13
2065;29;45;20.62;15.36
2066;29;45;25.673;16.32
2067;29;45;23.324;5.63
2068;29;46;23.766;21.74
2069;29;46;22.52;6.13
2070;29;46;29.14;18.0
2071;29;47;35.612;10.83
2072;29;47;38.436;8.71
2073;29;47;37.828;9.01
2074;29;48;63.546;0.06
2075;29;48;73.6;15.23
2076;29;48;62.552;7.33
2077;29;49;18.52;8.25
2078;29;49;14.204;4.51
2079;30;31;5.126;2.41
2080;30;31;3.928;13.19
2081;30;32;15.322;21.88
2082;30;32;14.43;7.8
2083;30;32;12.559;1.35
2084;30;33;11.916;16.47
2085;30;33;14.177;13.47
2086;30;34;42.833;20.26
2087;30;34;52.211;8.96
2088;30;35;14.274;20.87
2089;30;36;34.629;19.33
2090;30;36;41.869;6.89
2091;30;37;8.338;24.63
2092;30;37;9.521;16.48
2093;30;37;6.651;20.22
2094;30;38;52.091;24.78
2095;30;38;54.192;3.64
2096;30;38;40.616;7.51
2097;30;39;76.741;3.12
2098;30;39;81.255;17.19
2099;30;40;8.507;13.49
2100;30;41;37.58;3.34
2101;30;41;30.768;2.31
2102;30;42;21.46;20.05
2103;30;42;24.482;18.68
2104;30;43;24.3;15.25
2105;30;43;22.643;6.43
2106;30;44;16.247;4.08
2107;30;44;14.932;2.26
2108;30;44;13.105;15.14
2109;30;45;10.416;24.73
2110;30;45;10.979;6.18
2111;30;46;13.124;5.46
2112;30;46;10.546;10.67
2113;30;47;42.199;16.44
2114;30;48;56.41;1.75
2115;30;49;20.827;4.87
2116;30;49;24.957;7.62
2117;31;32;15.85;24.53
2118;31;33;6.801;16.33
2119;31;34;44.859;22.28
2120;31;34;53.596;19.64
2121;31;34;43.913;5.1
2122;31;35;13.365;16.26
2123;31;35;14.133;8.27
2124;31;36;36.879;2.46
2125;31;36;43.255;4.53
2126;31;36;36.851;3.13
2127;31;37;10.257;22.08
2128;31;37;10.09;2.62
2129;31;37;11.484;10.21
2130;31;38;56.153;14.47
2131;31;38;60.372;17.76
2132;31;39;74.072;6.74
2133;31;40;4.319;19.87
2134;31;40;4.428;16.44
2135;31;41;39.653;23.51
2136;31;42;18.193;3.54
2137;31;43;29.138;20.23
2138;31;43;25.427;23.11
2139;31;44;11.129;22.86
2140;31;44;11.273;6.65
2141;31;44;13.523;11.89
2142;31;45;15.161;2.53
2143;31;45;15.526;13.57
2144;31;45;15.271;6.78
2145;31;46;18.214;23.74
2146;31;46;15.16;8.35
2147;31;47;38.597;6.3
2148;31;47;31.761;1.22
2149;31;47;30.987;7.6
2150;31;48;59.499;19.16
2151;31;48;68.813;10.08
2152;31;49;19.29;11.2
2153;31;49;22.71;2.91
2154;32;33;19.289;11.1
2155;32;33;17.366;0.27
2156;32;33;19.212;14.65
2157;32;34;57.683;24.56
2158;32;35;28.942;1.26
2159;32;35;32.36;21.18
2160;32;36;49.387;19.39
2161;32;36;49.302;8.0
2162;32;37;23.653;11.07
2163;32;37;29.196;7.66
2164;32;38;44.909;23.04
2165;32;39;63.847;12.92
2166;32;39;78.283;5.72
2167;32;40;19.896;8.0
2168;32;40;16.433;23.93
2169;32;41;52.438;19.31
2170;32;41;64.968;17.07
2171;32;41;48.838;23.79
2172;32;42;33.609;9.31
2173;32;42;27.344;8.78
2174;32;42;25.332;5.84
2175;32;43;24.486;21.38
2176;32;44;21.079;21.1
2177;32;44;22.675;12.78
2178;32;44;19.537;22.25
2179;32;45;14.692;23.89
2180;32;45;13.624;18.81
2181;32;46;19.386;4.48
2182;32;46;18.255;16.36
2183;32;46;20.796;9.19
2184;32;47;32.85;17.32
2185;32;47;29.525;18.56
2186;32;47;28.174;20.39
2187;32;48;45.45;2.7
2188;32;49;35.108;9.1
2189;33;34;47.756;11.07
2190;33;35;14.514;2.43
2191;33;35;11.708;14.28
2192;33;36;40.197;0.82
2193;33;36;33.61;21.9
2194;33;36;47.508;24.76
2195;33;37;14.952;7.74
2196;33;37;12.688;19.13
2197;33;38;62.083;21.31
2198;33;38;70.979;22.76
2199;33;39;71.494;6.7
2200;33;40;4.963;20.18
2201;33;41;42.702;21.65
2202;33;41;35.714;10.63
2203;33;42;14.928;0.21
2204;33;43;35.807;16.58
2205;33;43;26.987;22.72
2206;33;44;4.534;21.32
2207;33;45;21.837;10.83
2208;33;46;25.015;11.82
2209;33;46;27.208;0.14
2210;33;47;34.926;23.82
2211;33;47;40.814;20.96
2212;33;48;64.413;9.03
2213;33;48;61.075;3.93
2214;33;49;18.686;7.74
2215;33;49;21.926;12.59
2216;33;49;19.547;10.1
2217;34;35;33.342;5.51
2218;34;35;36.948;24.84
2219;34;35;34.19;7.36
2220;34;36;8.326;0.22
2221;34;36;7.747;11.65
2222;34;36;9.367;8.96
2223;34;37;34.795;3.03
2224;34;37;32.756;16.68
2225;34;37;39.246;18.98
2226;34;38;77.521;13.39
2227;34;38;69.963;4.72
2228;34;39;118.881;3.03
2229;34;39;122.544;21.93
2230;34;40;43.184;24.7
2231;34;40;43.785;15.81
2232;34;40;49.791;8.67
2233;34;41;5.254;24.35
2234;34;41;6.494;13.9
2235;34;41;5.769;2.48
2236;34;42;39.06;14.9
2237;34;42;33.55;2.27
2238;34;42;39.177;5.85
2239;34;43;49.635;10.52
2240;34;43;38.182;19.63
2241;34;44;51.373;9.1
2242;34;44;54.171;17.76
2243;34;45;45.288;21.68
2244;34;45;34.925;20.42
2245;34;45;35.868;0.48
2246;34;46;42.077;13.96
2247;34;46;39.151;4.82
2248;34;46;43.173;9.03
2249;34;47;82.679;16.53
2250;34;47;63.347;14.59
2251;34;48;88.185;4.15
2252;34;49;31.553;4.27
2253;35;36;26.038;13.75
2254;35;36;28.332;16.16
2255;35;37;7.807;4.62
2256;35;37;9.376;5.67
2257;35;38;64.83;11.1
2258;35;38;57.77;21.03
2259;35;38;61.965;7.01
2260;35;39;85.984;1.64
2261;35;40;10.358;13.49
2262;35;41;28.372;8.81
2263;35;41;28.868;8.54
2264;35;42;10.342;0.8
2265;35;42;8.884;11.6
2266;35;42;11.98;8.11
2267;35;43;35.446;18.87
2268;35;44;18.039;16.74
2269;35;44;14.197;8.23
2270;35;45;23.066;8.05
2271;35;45;27.579;11.18
2272;35;46;23.563;13.57
2273;35;47;49.405;5.9
2274;35;48;70.322;10.3
2275;35;48;80.844;3.77
2276;35;48;62.629;1.88
2277;35;49;6.651;15.25
2278;35;49;5.71;14.58
2279;36;37;26.712;15.25
2280;36;38;70.48;11.4
2281;36;38;59.362;16.72
2282;36;39;110.95;23.31
2283;36;40;35.485;23.02
2284;36;40;29.147;2.98
2285;36;41;3.195;14.39
2286;36;41;3.725;9.13
2287;36;41;3.006;6.45
2288;36;42;32.982;6.81
2289;36;42;29.774;4.44
2290;36;43;41.936;1.93
2291;36;43;45.301;8.68
2292;36;43;39.031;24.04
2293;36;44;44.025;22.56
2294;36;45;36.992;14.28
2295;36;45;43.939;16.98
2296;36;45;44.208;23.37
2297;36;46;33.876;14.63
2298;36;46;38.564;18.72
2299;36;47;75.039;6.42
2300;36;48;80.577;15.61
2301;36;48;69.965;19.52
2302;36;49;25.336;4.43
2303;36;49;25.688;18.61
2304;37;38;57.058;9.6
2305;37;39;84.272;13.73
2306;37;39;90.07;8.96
2307;37;40;10.001;13.92
2308;37;40;9.897;8.64
2309;37;40;8.464;13.29
2310;37;41;29.559;12.39
2311;37;41;33.427;22.11
2312;37;42;17.517;3.41
2313;37;42;13.187;2.04
2314;37;43;27.645;1.57
2315;37;43;34.195;5.03
2316;37;43;30.985;3.24
2317;37;44;19.388;23.07
2318;37;44;23.418;5.18
2319;37;44;18.195;16.2
2320;37;45;15.481;22.39
2321;37;45;15.233;15.68
2322;37;45;16.732;14.01
2323;37;46;15.757;5.53
2324;37;47;48.81;11.21
2325;37;47;57.665;16.5
2326;37;48;62.912;22.36
2327;37;49;14.3;22.02
2328;37;49;17.222;23.25
2329;37;49;17.179;16.7
2330;38;39;87.942;18.67
2331;38;39;70.822;14.01
2332;38;39;76.549;6.12
2333;38;40;60.322;18.41
2334;38;41;73.464;0.56
2335;38;41;83.661;17.11
2336;38;42;73.478;24.42
2337;38;42;66.796;1.25
2338;38;42;74.663;2.3
2339;38;43;29.95;2.35
2340;38;43;31.811;23.63
2341;38;43;33.206;23.01
2342;38;44;65.084;21.33
2343;38;44;76.811;1.29
2344;38;44;75.621;8.78
2345;38;45;41.967;19.46
2346;38;45;38.608;21.39
2347;38;45;41.436;17.53
2348;38;46;41.435;20.38
2349;38;47;71.407;21.67
2350;38;47;82.417;6.64
2351;38;47;71.47;22.17
2352;38;48;15.436;22.14
2353;38;48;14.148;0.73
2354;38;49;71.35;12.72
2355;39;40;75.795;1.23
2356;39;40;69.091;7.26
2357;39;41;113.702;7.39
2358;39;41;129.906;7.27
2359;39;41;104.583;8.6
2360;39;42;83.829;18.55
2361;39;42;94.893;12.61
2362;39;43;85.109;24.0
2363;39;43;74.477;6.3
2364;39;44;68.535;11.52
2365;39;45;78.505;19.76
2366;39;45;73.165;17.76
2367;39;46;83.146;9.63
2368;39;46;86.442;2.11
2369;39;46;89.5;12.76
2370;39;47;37.277;18.71
2371;39;47;43.58;23.8
2372;39;47;43.173;14.86
2373;39;48;76.384;18.23
2374;39;48;82.949;3.2
2375;39;49;89.706;1.82
2376;39;49;77.421;11.63
2377;39;49;69.295;4.12
2378;40;41;38.072;4.1
2379;40;41;46.143;11.68
2380;40;42;13.893;18.22
2381;40;43;32.803;14.74
2382;40;43;37.528;19.17
2383;40;44;9.394;12.26
2384;40;44;11.426;7.01
2385;40;45;18.914;6.01
2386;40;46;21.444;23.98
2387;40;46;24.755;7.52
2388;40;47;39.554;17.81
2389;40;47;48.055;13.74
2390;40;47;34.916;10.76
2391;40;48;63.818;8.46
2392;40;49;15.608;18.28
2393;41;42;34.669;5.91
2394;41;43;45.068;10.89
2395;41;43;42.81;12.22
2396;41;43;42.184;7.21
2397;41;44;46.409;22.49
2398;41;44;55.48;21.12
2399;41;45;40.163;10.51
2400;41;45;33.36;11.63
2401;41;45;34.826;4.46
2402;41;46;37.071;7.28
2403;41;46;30.7;15.41
2404;41;46;43.673;0.55
2405;41;47;77.606;20.99
2406;41;47;84.467;7.38
2407;41;48;83.699;13.43
2408;41;48;74.886;4.15
2409;41;49;27.064;13.48
2410;41;49;20.398;17.74
2411;41;49;32.2;14.86
2412;42;43;44.79;16.77
2413;42;44;15.946;22.47
2414;42;45;31.539;18.19
2415;42;45;25.567;10.27
2416;42;46;32.913;17.5
2417;42;46;28.539;11.45
2418;42;46;32.109;19.22
2419;42;47;46.577;7.56
2420;42;47;35.916;2.43
2421;42;47;43.536;12.64
2422;42;48;77.629;15.16
2423;42;49;7.648;7.75
2424;43;44;39.703;0.98
2425;43;45;13.98;5.16
2426;43;45;11.21;3.35
2427;43;46;11.906;19.36
2428;43;47;57.176;24.9
2429;43;48;38.647;11.9
2430;43;49;41.795;10.95
2431;44;45;25.811;14.33
2432;44;46;29.244;4.12
2433;44;46;31.532;1.94
2434;44;47;31.563;0.57
2435;44;47;29.785;1.12
2436;44;48;66.528;21.33
2437;44;48;71.486;17.49
2438;44;48;78.15;5.95
2439;44;49;21.172;17.61
2440;45;46;4.728;19.76
2441;45;47;46.809;10.74
2442;45;47;45.886;19.3
2443;45;48;47.454;20.45
2444;45;48;48.539;21.19
2445;45;49;29.69;8.59
2446;45;49;31.369;10.56
2447;45;49;33.482;19.58
2448;46;47;51.502;11.57
2449;46;47;51.089;5.54
2450;46;48;48.414;2.06
2451;46;48;36.705;16.75
2452;46;48;44.176;22.09
2453;46;49;29.975;16.77
2454;46;49;28.076;21.4
2455;47;48;65.697;9.34
2456;47;48;73.631;8.62
2457;47;48;69.371;2.87
2458;47;49;52.651;17.79
2459;47;49;45.965;7.26
2460;47;49;64.019;3.27
2461;48;49;76.973;23.6
2462;48;49;58.418;18.7
