VERTEX_COUNT 60
PATH_COUNT 1
BUDGET 540
<------------ VERTICES ------------>
0;START;41.374834;2.170055;0.0;0.0
1;Museu Nacional d’Art de Catalunya;41.36882;2.153347;45.0;99.95
2;Museu d’Història de Catalunya - MHC;41.380852;2.185799;45.0;86.47
3;Galeria d’Art Mar Grup Escolà;41.392349;2.167836;45.0;82.56
4;Basilica of the Sagrada Família;41.403568;2.174435;45.0;80.91
5;Museu Picasso;41.385181;2.180863;45.0;76.75
6;Anella Olímpica(Olympic Park);41.364778;2.152575;45.0;75.5
7;Parc de la Ciutadella;41.389248;2.186548;45.0;75.02
8;Avinguda d’Icària;41.391556;2.197416;45.0;73.58
9;Basilica of Sants Just i Pastor;41.382812;2.178195;45.0;73.08
10;Parc de Diagonal Mar;41.407215;2.214539;45.0;70.98
11;Palau Güell;41.378864;2.174117;45.0;70.65
12;Museu Frederic Marès;41.384178;2.176819;45.0;69.64
13;Museu Palmero;41.424667;2.139856;45.0;69.18
14;Platja de la Nova Mar Bella;41.40205;2.21529;45.0;66.9
15;Passeig de Gràcia;41.390739;2.166672;45.0;66.27
16;La Pedrera (Casa Milà);41.395271;2.161785;45.0;65.63
17;Poble Espanyol;41.368679;2.147031;45.0;64.66
18;Montjuïc Castle;41.363823;2.167096;45.0;63.81
19;L’Aquàrium;41.376625;2.184117;45.0;63.21
20;Lorena Ruiz de Villa;41.397858;2.146705;45.0;62.83
21;La Colmena;41.383835;2.178294;45.0;62.74
22;90th Jean Bouin;41.373077;2.150465;45.0;61.3
23;Antic Hospital de la Santa Creu;41.380573;2.170374;45.0;61.28
24;Plaça del Rei;41.384144;2.177409;45.0;60.33
25;Despair;41.387653;2.188076;45.0;59.98
26;Casa Martí, Els Quatre Gats ;41.385775;2.173671;45.0;58.64
27;Rambla del Raval;41.378681;2.169317;45.0;58.56
28;Plaça de Catalunya;41.387005;2.17003;45.0;58.55
29;Museu d’Història de Barcelona;41.384144;2.177409;45.0;57.62
30;Museu de la Moto ;41.383327;2.174488;45.0;57.49
31;Turó de la Rovira viewing point;41.419388;2.161812;45.0;57.38
32;Parc de la Creueta del Coll;41.41935;2.146432;45.0;56.15
33;Royal Dockyards Museu Marítim ;41.375286;2.17598;45.0;55.78
34;Platja de la Barceloneta;41.379158;2.192717;45.0;55.75
35;Poblenou Cemetery;41.394859;2.201189;45.0;55.02
36;Arts Santa Mònica;41.37722;2.176012;45.0;54.66
37;Barcelona;41.389034;2.16137;45.0;54.25
38;Santa Eulàlia small schooner;41.376385;2.179861;45.0;54.21
39;Monument to Doctor Robert;41.394924;2.175599;45.0;53.81
40;El Born Centre Cultural;41.385818;2.183785;45.0;53.56
41;Maeght;41.384689;2.181526;45.0;52.78
42;Park Güell;41.414249;2.151926;45.0;52.71
43;Botanical Garden;41.364746;2.159382;45.0;52.58
44;Platja del Bogatell;41.394341;2.2066;45.0;52.38
45;Palau Sant Jordi;41.363441;2.152537;45.0;52.26
46;Barcelona Head;41.380924;2.182465;45.0;50.54
47;Basilica of Santa Maria del Mar;41.383518;2.1818;45.0;49.22
48;Museu Blau - Fòrum Building;41.41124;2.220333;45.0;48.33
49;Museu d’Art Contemporani de Barcelona (MACBA);41.382809;2.166729;45.0;47.97
50;67th International Epiphany Hockey Tournament ;41.381253;2.114447;45.0;47.85
51;Casa Comalat;41.397072;2.160723;45.0;47.56
52;El Fossar de les Moreres;41.383713;2.18243;45.0;47.48
53;Fundació Fran Daurel;41.369118;2.146695;45.0;46.95
54;Palau Montaner;41.39555;2.1652;45.0;46.54
55;Casa Batlló;41.391758;2.164961;45.0;46.17
56;Imaginart Gallery;41.393822;2.164627;45.0;46.06
57;Rambla del Poblenou;41.40192;2.200141;45.0;45.56
58;Olympic Stadium Lluís Companys;41.364746;2.155624;45.0;45.55
59;FINISH;41.374834;2.170055;0.0;0.0
<------------- EDGES -------------->
0;0;1;23.796;24.8
1;0;1;27.002;5.17
2;0;1;28.23;11.1
3;0;2;22.688;10.84
4;0;2;26.376;3.59
5;0;2;21.304;13.17
6;0;3;30.107;3.19
7;0;4;49.491;22.87
8;0;5;22.496;8.28
9;0;6;28.285;5.38
10;0;6;21.973;5.7
11;0;7;32.509;24.61
12;0;7;36.804;19.95
13;0;7;36.247;18.28
14;0;8;45.309;7.38
15;0;8;54.123;3.42
16;0;8;34.156;21.3
17;0;9;17.194;2.26
18;0;10;79.572;15.32
19;0;11;8.647;20.1
20;0;12;18.196;11.85
21;0;12;15.083;2.75
22;0;13;93.673;7.4
23;0;13;103.796;0.88
24;0;13;98.51;14.07
25;0;14;74.442;11.51
26;0;15;27.562;5.83
27;0;16;36.549;20.34
28;0;17;31.387;20.57
29;0;18;19.222;4.28
30;0;19;18.315;19.89
31;0;19;17.606;19.56
32;0;19;20.805;23.41
33;0;20;49.508;9.25
34;0;20;61.856;15.03
35;0;20;46.188;18.82
36;0;21;18.686;15.04
37;0;21;16.218;17.78
38;0;21;20.334;20.48
39;0;22;25.336;12.55
40;0;23;9.829;19.59
41;0;24;18.52;21.61
42;0;25;31.884;11.23
43;0;25;36.192;18.95
44;0;25;36.797;17.21
45;0;26;19.29;11.13
46;0;26;16.017;18.27
47;0;27;6.651;9.62
48;0;27;5.31;14.54
49;0;27;5.87;14.37
50;0;28;20.827;20.58
51;0;28;20.587;2.19
52;0;28;20.313;4.82
53;0;29;18.52;12.9
54;0;29;18.326;20.34
55;0;29;22.696;22.3
56;0;30;15.608;11.77
57;0;30;17.443;24.25
58;0;31;76.973;0.41
59;0;31;92.635;20.2
60;0;32;81.991;0.38
61;0;33;7.648;3.34
62;0;33;8.927;4.68
63;0;33;6.161;23.81
64;0;34;30.026;12.41
65;0;34;35.653;10.8
66;0;35;52.651;12.36
67;0;36;8.671;16.69
68;0;36;8.007;0.84
69;0;36;8.153;19.37
70;0;37;26.736;2.11
71;0;38;12.868;2.33
72;0;38;10.831;17.82
73;0;38;10.492;17.24
74;0;39;35.108;10.14
75;0;39;37.478;13.81
76;0;39;28.657;15.41
77;0;40;25.77;14.4
78;0;41;22.391;22.85
79;0;41;21.149;8.77
80;0;41;21.268;7.23
81;0;42;71.35;4.11
82;0;42;86.79;22.68
83;0;42;76.559;13.46
84;0;43;22.042;17.01
85;0;43;27.494;12.19
86;0;43;21.6;10.11
87;0;44;57.583;11.37
88;0;45;29.769;20.45
89;0;46;19.04;0.04
90;0;46;20.007;13.15
91;0;47;21.172;2.08
92;0;48;89.706;14.2
93;0;49;14.3;9.37
94;0;49;14.415;21.92
95;0;50;72.243;14.0
96;0;50;89.888;22.83
97;0;50;78.365;12.56
98;0;51;39.896;13.87
99;0;51;44.744;7.49
100;0;51;36.83;16.5
101;0;52;21.985;21.41
102;0;52;21.935;18.56
103;0;53;31.553;7.4
104;0;53;27.817;16.51
105;0;54;35.994;24.23
106;0;55;29.69;9.05
107;0;56;33.232;4.89
108;0;56;35.307;21.25
109;0;56;27.277;17.86
110;0;57;60.335;18.03
111;0;57;51.175;14.16
112;0;57;66.833;11.38
113;0;58;25.327;0.72
114;0;58;31.586;1.82
115;0;58;20.836;1.34
116;0;59;0.0;12.13
117;0;59;0.0;22.09
118;0;59;0.0;24.46
119;1;2;46.481;3.29
120;1;2;46.818;16.0
121;1;3;44.354;7.39
122;1;3;53.76;4.54
123;1;4;65.336;3.64
124;1;5;45.08;8.28
125;1;5;37.062;11.05
126;1;5;35.682;23.09
127;1;6;6.988;7.65
128;1;6;6.128;2.45
129;1;7;55.131;1.81
130;1;7;48.723;23.59
131;1;8;68.67;11.22
132;1;8;61.738;6.67
133;1;8;55.625;0.54
134;1;9;39.892;9.89
135;1;9;31.039;18.35
136;1;9;37.778;24.13
137;1;10;102.414;6.49
138;1;10;77.447;0.68
139;1;11;31.73;10.12
140;1;12;39.989;17.08
141;1;12;43.971;3.54
142;1;12;43.913;20.23
143;1;13;97.123;14.89
144;1;13;121.229;8.75
145;1;13;119.709;14.09
146;1;14;97.767;24.03
147;1;14;85.482;7.81
148;1;14;114.882;7.65
149;1;15;41.226;18.29
150;1;16;46.542;18.76
151;1;16;46.562;23.19
152;1;17;8.115;11.67
153;1;17;7.157;2.5
154;1;18;19.619;4.89
155;1;18;18.94;23.12
156;1;18;17.176;24.01
157;1;19;41.71;22.12
158;1;19;36.506;2.04
159;1;20;50.417;1.87
160;1;20;61.6;23.23
161;1;20;49.53;1.86
162;1;21;41.065;3.53
163;1;21;40.633;18.71
164;1;22;8.171;24.96
165;1;22;7.626;1.26
166;1;23;29.708;21.44
167;1;24;40.525;8.84
168;1;24;34.736;20.43
169;1;24;47.895;5.2
170;1;25;55.02;13.32
171;1;25;56.647;14.5
172;1;25;45.4;18.4
173;1;26;39.024;11.96
174;1;26;45.413;2.63
175;1;26;34.941;1.61
176;1;27;26.558;9.64
177;1;27;27.931;11.4
178;1;27;32.269;13.15
179;1;28;37.779;23.28
180;1;29;40.525;17.24
181;1;29;48.456;13.52
182;1;30;36.786;7.24
183;1;30;34.213;5.06
184;1;31;87.213;11.51
185;1;31;85.562;15.4
186;1;32;86.923;20.32
187;1;32;108.407;6.31
188;1;32;79.893;0.69
189;1;33;31.099;22.21
190;1;33;30.723;5.58
191;1;33;35.271;12.82
192;1;34;53.562;1.43
193;1;35;75.887;20.72
194;1;35;78.343;24.54
195;1;36;32.461;9.58
196;1;37;36.092;16.21
197;1;37;30.631;14.32
198;1;38;36.426;21.16
199;1;38;28.139;11.15
200;1;39;53.025;7.82
201;1;39;54.318;2.97
202;1;40;48.72;1.62
203;1;41;45.24;15.84
204;1;42;77.761;17.76
205;1;43;10.425;3.48
206;1;43;8.365;4.68
207;1;43;10.336;10.6
208;1;44;81.132;12.56
209;1;44;84.777;3.64
210;1;44;79.025;3.36
211;1;45;9.263;22.51
212;1;46;42.744;1.04
213;1;47;44.356;0.06
214;1;47;54.293;15.59
215;1;47;39.118;14.07
216;1;48;112.538;16.24
217;1;48;120.412;16.72
218;1;49;29.467;6.21
219;1;50;54.294;1.58
220;1;50;43.321;20.01
221;1;50;44.969;7.4
222;1;51;49.264;22.32
223;1;51;48.77;21.35
224;1;51;61.196;9.3
225;1;52;45.212;21.67
226;1;52;35.576;15.17
227;1;52;54.251;10.29
228;1;53;8.558;24.22
229;1;54;48.206;0.07
230;1;54;45.739;20.89
231;1;55;41.989;0.74
232;1;56;45.169;0.29
233;1;57;82.57;23.71
234;1;58;7.56;6.3
235;1;59;23.796;15.66
236;2;3;30.314;9.52
237;2;4;41.52;16.23
238;2;5;9.749;5.1
239;2;5;10.1;13.5
240;2;5;7.382;4.21
241;2;6;50.763;6.62
242;2;7;14.4;8.0
243;2;7;12.811;24.89
244;2;8;23.621;7.25
245;2;8;27.661;7.47
246;2;8;26.804;23.69
247;2;9;10.323;16.79
248;2;9;10.053;16.61
249;2;9;12.065;6.18
250;2;10;58.279;17.13
251;2;10;56.294;0.88
252;2;10;65.064;15.43
253;2;11;15.381;12.93
254;2;11;15.276;19.07
255;2;12;12.858;21.24
256;2;13;95.389;21.58
257;2;13;97.851;17.79
258;2;14;52.433;5.25
259;2;15;29.821;5.22
260;2;15;35.426;14.01
261;2;15;27.84;14.24
262;2;16;39.488;14.62
263;2;16;32.211;17.93
264;2;16;30.674;9.63
265;2;17;53.965;15.73
266;2;17;58.65;23.89
267;2;18;37.763;22.22
268;2;19;7.549;5.97
269;2;20;58.016;10.72
270;2;20;63.59;19.65
271;2;21;10.905;19.53
272;2;22;47.282;19.95
273;2;23;19.811;20.21
274;2;23;16.984;7.3
275;2;23;15.923;18.79
276;2;24;12.156;24.43
277;2;24;9.743;18.63
278;2;25;12.0;19.77
279;2;25;13.413;3.3
280;2;25;10.293;17.67
281;2;26;17.705;5.72
282;2;27;21.487;4.54
283;2;27;25.06;3.26
284;2;27;25.019;16.59
285;2;28;22.821;13.53
286;2;28;25.741;6.03
287;2;29;12.156;3.54
288;2;30;15.128;19.39
289;2;30;12.072;5.14
290;2;30;17.685;18.04
291;2;31;72.778;2.78
292;2;31;75.998;5.2
293;2;31;71.9;2.71
294;2;32;83.027;2.4
295;2;32;84.39;3.5
296;2;33;15.801;6.74
297;2;34;9.344;23.36
298;2;34;9.315;3.91
299;2;35;31.063;2.11
300;2;35;27.272;11.28
301;2;36;14.02;14.89
302;2;37;34.348;12.82
303;2;37;32.836;4.34
304;2;38;10.797;12.33
305;2;38;8.465;0.58
306;2;39;27.411;1.51
307;2;39;33.458;21.82
308;2;40;8.883;3.64
309;2;40;7.663;10.77
310;2;41;8.556;15.77
311;2;41;9.571;2.34
312;2;41;10.478;15.46
313;2;42;71.81;23.6
314;2;42;77.006;14.48
315;2;43;43.708;16.73
316;2;43;49.312;1.59
317;2;43;38.569;10.48
318;2;44;35.299;18.41
319;2;44;31.159;18.84
320;2;44;39.951;6.76
321;2;45;52.078;16.05
322;2;45;56.337;18.37
323;2;45;60.76;10.38
324;2;46;4.283;12.08
325;2;46;5.159;19.44
326;2;47;6.869;6.08
327;2;47;6.49;7.21
328;2;47;6.094;0.09
329;2;48;68.332;8.63
330;2;48;82.576;8.33
331;2;49;24.713;18.19
332;2;49;19.752;1.05
333;2;49;29.239;8.59
334;2;50;91.617;13.15
335;2;50;75.493;22.99
336;2;50;94.435;10.02
337;2;51;42.507;22.42
338;2;51;40.37;3.49
339;2;51;53.126;23.24
340;2;52;6.533;23.2
341;2;53;54.08;7.59
342;2;54;36.496;5.7
343;2;54;36.494;12.32
344;2;55;32.62;19.0
345;2;56;35.092;14.53
346;2;56;39.578;5.04
347;2;57;40.482;16.63
348;2;58;47.551;9.61
349;2;58;36.051;7.69
350;2;58;40.199;8.55
351;2;59;22.688;23.68
352;3;4;20.984;19.55
353;3;4;22.558;20.83
354;3;4;15.863;15.56
355;3;5;20.74;20.83
356;3;6;51.088;7.53
357;3;7;24.601;6.8
358;3;7;19.56;1.1
359;3;8;37.998;18.09
360;3;9;21.053;24.95
361;3;9;24.098;10.46
362;3;9;20.498;24.89
363;3;10;65.123;15.3
364;3;10;53.316;21.66
365;3;11;24.444;22.82
366;3;12;18.125;11.49
367;3;12;14.07;6.68
368;3;12;18.38;15.62
369;3;13;65.94;15.62
370;3;13;66.566;2.51
371;3;14;63.137;1.08
372;3;15;3.134;16.61
373;3;15;3.337;14.89
374;3;16;9.238;20.69
375;3;17;48.521;1.83
376;3;17;41.117;21.53
377;3;18;48.824;10.69
378;3;18;45.45;10.48
379;3;19;34.073;19.17
380;3;19;28.552;13.64
381;3;20;28.717;16.46
382;3;20;28.458;24.79
383;3;21;19.813;10.83
384;3;22;39.813;6.33
385;3;23;20.413;1.9
386;3;24;18.66;13.65
387;3;24;20.244;18.22
388;3;25;27.199;12.16
389;3;26;13.515;10.41
390;3;27;23.466;22.44
391;3;28;9.569;19.83
392;3;28;10.689;16.98
393;3;28;9.358;24.23
394;3;29;18.66;14.54
395;3;29;20.328;0.84
396;3;30;17.643;11.51
397;3;30;19.264;17.94
398;3;31;46.911;0.62
399;3;32;53.755;10.4
400;3;33;31.014;13.72
401;3;33;38.008;12.97
402;3;33;24.215;7.23
403;3;34;39.115;23.58
404;3;34;46.145;18.24
405;3;35;43.031;23.66
406;3;36;27.936;3.73
407;3;36;34.244;16.12
408;3;36;29.884;24.06
409;3;37;10.054;24.37
410;3;38;31.379;2.67
411;3;38;29.729;3.75
412;3;38;26.116;18.15
413;3;39;10.896;20.2
414;3;39;12.904;21.78
415;3;39;10.153;4.2
416;3;40;23.327;4.67
417;3;40;20.831;20.08
418;3;40;20.851;11.35
419;3;41;21.925;20.39
420;3;41;23.647;5.66
421;3;42;42.679;2.8
422;3;42;41.217;2.54
423;3;43;48.466;10.82
424;3;44;49.88;7.01
425;3;44;39.923;9.79
426;3;44;60.191;19.02
427;3;45;53.226;1.88
428;3;45;47.501;10.56
429;3;46;27.111;4.31
430;3;46;27.461;17.28
431;3;47;23.447;23.01
432;3;47;28.103;10.82
433;3;47;17.983;14.82
434;3;48;74.737;6.85
435;3;48;61.984;21.61
436;3;48;68.549;16.69
437;3;49;16.387;4.46
438;3;49;19.224;19.57
439;3;49;16.807;20.23
440;3;50;71.126;17.22
441;3;50;72.156;16.38
442;3;51;12.194;7.95
443;3;51;14.414;22.59
444;3;52;23.863;6.29
445;3;53;48.137;17.03
446;3;54;6.439;18.99
447;3;54;6.148;15.89
448;3;55;3.827;11.64
449;3;55;4.754;7.09
450;3;55;3.344;11.74
451;3;56;4.83;20.15
452;3;56;5.166;6.96
453;3;56;6.021;6.62
454;3;57;44.586;11.25
455;3;57;35.261;21.1
456;3;57;52.201;13.96
457;3;58;49.77;0.25
458;3;58;38.688;22.46
459;3;59;30.107;16.85
460;4;5;32.528;16.04
461;4;5;26.031;11.64
462;4;6;72.069;17.04
463;4;7;29.022;10.4
464;4;7;32.693;9.86
465;4;7;27.12;1.16
466;4;8;35.955;22.11
467;4;9;35.845;23.65
468;4;9;28.115;12.23
469;4;10;51.851;3.43
470;4;10;63.521;7.41
471;4;10;46.878;23.12
472;4;11;42.276;5.67
473;4;12;33.322;12.53
474;4;12;26.204;21.52
475;4;13;57.209;6.32
476;4;14;52.504;3.07
477;4;14;42.95;15.81
478;4;14;40.203;3.75
479;4;15;24.109;11.79
480;4;15;19.905;8.42
481;4;16;21.57;18.75
482;4;16;25.009;17.6
483;4;16;19.462;2.42
484;4;17;69.299;17.58
485;4;17;68.557;15.91
486;4;17;79.291;9.44
487;4;18;68.662;21.1
488;4;18;65.48;5.98
489;4;18;76.937;23.09
490;4;19;47.752;12.93
491;4;20;36.911;4.66
492;4;20;30.545;20.24
493;4;20;29.967;7.98
494;4;21;34.129;4.45
495;4;22;60.577;1.96
496;4;22;75.548;20.6
497;4;22;57.308;6.97
498;4;23;39.694;8.43
499;4;23;37.298;24.44
500;4;23;40.415;9.74
501;4;24;33.457;7.11
502;4;24;29.63;8.49
503;4;25;32.378;5.98
504;4;25;30.861;22.84
505;4;25;26.253;21.82
506;4;26;30.463;22.26
507;4;26;30.791;9.84
508;4;26;35.977;24.95
509;4;27;43.091;22.0
510;4;28;28.902;5.5
511;4;29;33.457;22.38
512;4;29;33.712;13.62
513;4;29;27.475;2.6
514;4;30;34.637;16.91
515;4;30;29.029;13.21
516;4;31;31.549;5.1
517;4;31;30.515;4.74
518;4;31;35.78;2.65
519;4;32;44.955;15.93
520;4;32;34.635;16.73
521;4;33;48.438;3.05
522;4;33;51.538;8.02
523;4;34;47.913;9.48
524;4;34;45.315;23.27
525;4;34;47.678;23.79
526;4;35;37.436;19.02
527;4;35;46.763;15.15
528;4;36;45.133;24.01
529;4;36;52.224;13.54
530;4;36;49.393;21.84
531;4;37;29.997;14.99
532;4;37;24.391;18.43
533;4;37;25.203;14.22
534;4;38;47.035;24.72
535;4;38;40.638;8.8
536;4;38;52.061;0.83
537;4;39;14.867;17.88
538;4;39;14.042;2.97
539;4;40;32.66;15.05
540;4;41;33.564;12.74
541;4;41;27.673;13.0
542;4;41;32.517;9.52
543;4;42;34.185;7.59
544;4;42;41.218;0.04
545;4;42;30.491;16.13
546;4;43;69.188;7.57
547;4;43;58.417;12.37
548;4;44;44.204;11.03
549;4;44;54.78;13.0
550;4;45;74.2;17.5
551;4;46;40.097;7.53
552;4;47;35.589;11.94
553;4;48;60.354;24.62
554;4;48;54.192;6.33
555;4;48;58.648;11.79
556;4;49;36.875;18.45
557;4;49;29.522;19.66
558;4;49;45.079;24.04
559;4;50;85.958;4.54
560;4;51;20.817;17.75
561;4;51;20.826;19.61
562;4;52;35.493;2.76
563;4;52;29.463;20.25
564;4;53;68.875;2.43
565;4;53;56.734;4.89
566;4;54;18.132;17.81
567;4;54;16.587;14.92
568;4;54;17.686;7.89
569;4;55;23.587;13.74
570;4;56;20.896;11.33
571;4;57;33.115;8.34
572;4;57;39.784;18.25
573;4;58;70.687;10.24
574;4;59;49.491;15.47
575;4;59;59.147;18.68
576;4;59;55.882;22.91
577;5;6;50.384;20.98
578;5;6;41.529;14.6
579;5;6;45.186;6.34
580;5;7;10.085;19.69
581;5;7;7.613;5.04
582;5;8;23.888;17.41
583;5;8;25.788;13.17
584;5;8;19.496;11.9
585;5;9;5.307;6.74
586;5;10;57.363;22.12
587;5;11;13.852;23.71
588;5;11;14.319;22.78
589;5;12;5.468;0.49
590;5;12;5.468;18.1
591;5;13;85.65;18.66
592;5;13;87.907;3.82
593;5;13;71.298;15.97
594;5;14;52.787;17.61
595;5;14;39.974;0.82
596;5;14;65.244;5.76
597;5;15;20.552;2.6
598;5;16;29.967;5.9
599;5;17;51.814;1.11
600;5;18;40.599;19.35
601;5;18;49.285;10.77
602;5;18;34.1;0.84
603;5;19;15.226;10.81
604;5;19;17.705;11.67
605;5;20;48.924;15.29
606;5;20;48.278;11.34
607;5;20;37.18;17.52
608;5;21;4.023;20.22
609;5;21;4.566;6.94
610;5;21;4.661;4.44
611;5;22;44.188;6.73
612;5;22;40.425;16.06
613;5;22;38.832;3.54
614;5;23;15.606;14.75
615;5;24;4.777;7.3
616;5;25;10.181;12.02
617;5;25;7.658;17.12
618;5;25;11.782;18.19
619;5;26;9.29;0.62
620;5;26;8.037;19.6
621;5;26;7.403;24.16
622;5;27;18.534;15.55
623;5;27;22.244;12.47
624;5;28;14.254;23.32
625;5;28;17.158;10.77
626;5;29;4.777;11.29
627;5;29;5.234;10.93
628;5;29;5.123;12.61
629;5;30;8.778;22.51
630;5;30;9.525;24.9
631;5;30;9.233;15.57
632;5;31;63.438;10.76
633;5;31;67.283;18.2
634;5;32;73.294;8.86
635;5;32;55.279;24.71
636;5;32;60.36;24.33
637;5;33;18.056;8.48
638;5;34;18.382;3.67
639;5;35;30.906;20.01
640;5;35;29.733;17.85
641;5;35;37.616;3.72
642;5;36;14.979;21.68
643;5;36;13.602;1.71
644;5;36;16.661;15.39
645;5;37;25.88;13.21
646;5;37;21.483;7.73
647;5;37;31.495;10.23
648;5;38;15.107;17.12
649;5;38;12.594;17.94
650;5;38;12.444;17.61
651;5;39;17.99;5.49
652;5;39;21.888;10.02
653;5;40;3.907;18.78
654;5;40;4.741;24.01
655;5;40;3.103;8.22
656;5;41;1.197;14.38
657;5;41;1.062;22.88
658;5;42;62.08;8.1
659;5;43;44.539;11.27
660;5;43;43.406;11.06
661;5;43;35.273;1.93
662;5;44;36.571;17.79
663;5;45;52.029;3.99
664;5;46;7.57;1.89
665;5;47;3.09;0.38
666;5;47;2.449;5.62
667;5;47;3.523;20.23
668;5;48;67.495;6.51
669;5;48;61.097;8.23
670;5;48;75.719;7.52
671;5;49;18.595;0.93
672;5;49;15.068;19.23
673;5;49;20.172;11.06
674;5;50;85.539;19.39
675;5;51;32.902;18.29
676;5;52;3.218;20.78
677;5;53;51.773;6.39
678;5;54;26.818;12.45
679;5;54;26.441;1.22
680;5;54;29.493;3.34
681;5;55;23.312;16.44
682;5;55;21.417;4.88
683;5;56;25.556;0.91
684;5;57;37.854;11.11
685;5;58;47.678;16.4
686;5;59;22.496;11.94
687;5;59;27.553;4.5
688;5;59;25.554;20.68
689;6;7;60.469;17.96
690;6;8;73.587;8.42
691;6;8;62.281;20.26
692;6;8;76.025;19.44
693;6;9;45.108;23.6
694;6;9;45.631;3.22
695;6;10;107.715;12.34
696;6;10;109.222;4.52
697;6;11;36.692;16.39
698;6;12;45.512;11.28
699;6;13;103.777;7.03
700;6;13;95.472;5.74
701;6;13;99.225;8.44
702;6;14;102.722;11.67
703;6;14;86.438;12.65
704;6;14;97.128;3.22
705;6;15;47.972;12.91
706;6;15;44.646;3.78
707;6;16;53.504;11.42
708;6;16;53.875;18.23
709;6;16;57.182;10.6
710;6;17;9.76;20.16
711;6;18;18.721;20.25
712;6;18;21.46;13.25
713;6;19;45.296;13.21
714;6;19;52.714;17.89
715;6;19;45.261;12.8
716;6;20;57.108;1.25
717;6;20;69.687;18.54
718;6;20;57.749;19.13
719;6;21;46.414;18.0
720;6;22;14.458;15.58
721;6;23;35.398;15.6
722;6;23;33.712;4.64
723;6;23;35.28;13.94
724;6;24;45.992;19.21
725;6;24;54.941;8.38
726;6;24;55.194;18.88
727;6;25;60.087;3.59
728;6;26;44.999;23.63
729;6;27;32.067;7.63
730;6;27;37.282;12.26
731;6;28;44.149;14.19
732;6;28;42.846;23.69
733;6;29;45.992;21.99
734;6;30;42.419;18.05
735;6;30;44.247;20.62
736;6;31;94.2;6.67
737;6;32;93.718;5.05
738;6;32;94.724;10.75
739;6;33;35.025;22.64
740;6;34;57.121;1.56
741;6;34;50.662;3.5
742;6;35;80.908;0.25
743;6;36;36.867;7.05
744;6;36;42.712;18.12
745;6;36;30.373;3.5
746;6;37;43.017;13.13
747;6;37;39.351;21.55
748;6;37;50.383;18.97
749;6;38;40.279;4.55
750;6;39;59.458;4.62
751;6;39;68.455;2.62
752;6;39;61.572;15.55
753;6;40;53.875;18.89
754;6;40;41.218;17.25
755;6;40;64.771;16.41
756;6;41;50.429;18.66
757;6;42;84.661;8.97
758;6;43;8.742;0.37
759;6;43;10.737;10.0
760;6;44;85.857;15.34
761;6;44;92.505;1.72
762;6;45;2.288;23.27
763;6;46;47.294;24.18
764;6;46;35.879;23.1
765;6;46;51.238;22.82
766;6;47;49.364;3.96
767;6;47;53.359;9.47
768;6;48;117.851;21.23
769;6;48;129.694;19.92
770;6;48;107.82;3.43
771;6;49;35.811;4.73
772;6;49;42.566;2.21
773;6;50;56.499;7.08
774;6;50;66.088;15.52
775;6;51;56.245;22.11
776;6;52;50.197;3.55
777;6;52;45.726;24.92
778;6;52;42.606;13.08
779;6;53;10.592;4.93
780;6;53;8.824;15.51
781;6;54;55.097;6.71
782;6;54;46.096;12.28
783;6;55;48.832;14.64
784;6;55;57.28;19.1
785;6;56;52.055;13.35
786;6;57;88.145;10.25
787;6;57;101.548;2.07
788;6;57;88.543;10.8
789;6;58;3.916;12.99
790;6;58;4.382;22.44
791;6;59;28.285;19.12
792;7;8;14.501;23.82
793;7;9;15.372;20.53
794;7;10;47.29;12.6
795;7;10;57.256;16.39
796;7;11;23.885;2.8
797;7;11;25.727;13.5
798;7;11;25.793;18.95
799;7;12;15.208;19.62
800;7;13;85.235;3.2
801;7;13;89.704;2.2
802;7;14;42.91;17.35
803;7;14;38.76;8.14
804;7;15;25.644;14.45
805;7;15;21.859;17.43
806;7;15;31.447;10.4
807;7;16;33.419;1.85
808;7;16;40.744;6.14
809;7;16;35.712;9.28
810;7;17;61.754;17.12
811;7;17;70.01;0.22
812;7;17;68.551;9.86
813;7;18;50.168;4.92
814;7;19;21.825;4.88
815;7;19;25.143;9.81
816;7;20;53.228;22.48
817;7;21;14.075;6.14
818;7;21;13.013;10.3
819;7;21;15.328;11.08
820;7;22;53.966;16.82
821;7;22;58.0;20.14
822;7;23;25.526;10.98
823;7;24;14.627;23.26
824;7;24;12.367;4.21
825;7;24;11.101;2.15
826;7;25;3.361;2.89
827;7;26;17.568;8.23
828;7;27;28.573;21.68
829;7;28;21.551;22.18
830;7;29;14.627;20.86
831;7;29;15.715;8.5
832;7;29;11.801;13.76
833;7;30;18.504;19.82
834;7;30;22.817;12.06
835;7;31;60.565;21.53
836;7;31;51.156;5.63
837;7;32;72.833;4.27
838;7;32;82.089;15.87
839;7;32;90.617;9.94
840;7;33;27.476;11.91
841;7;34;18.996;17.85
842;7;34;22.469;13.45
843;7;35;21.106;7.62
844;7;36;24.63;3.15
845;7;37;32.326;13.04
846;7;38;23.627;2.95
847;7;39;17.085;5.03
848;7;39;17.453;22.34
849;7;39;16.022;13.27
850;7;40;6.858;6.6
851;7;40;6.789;15.13
852;7;40;6.832;12.66
853;7;41;10.121;2.6
854;7;41;8.899;16.68
855;7;42;61.687;18.33
856;7;43;54.542;4.19
857;7;43;56.25;7.53
858;7;43;41.089;8.73
859;7;44;27.178;3.76
860;7;45;62.109;19.06
861;7;46;15.178;0.42
862;7;46;18.768;17.58
863;7;46;12.707;12.5
864;7;47;11.546;15.98
865;7;47;8.692;18.49
866;7;48;57.419;16.33
867;7;48;55.69;0.31
868;7;49;27.729;2.87
869;7;49;31.949;7.54
870;7;50;93.576;19.88
871;7;51;35.754;2.69
872;7;51;44.572;19.86
873;7;51;36.115;3.83
874;7;52;10.847;1.59
875;7;52;10.614;3.19
876;7;53;61.686;13.81
877;7;53;61.743;8.86
878;7;54;29.451;24.2
879;7;54;35.187;13.37
880;7;55;28.044;21.12
881;7;56;29.21;4.0
882;7;56;29.743;8.02
883;7;57;27.834;21.29
884;7;57;28.763;17.1
885;7;58;57.747;16.37
886;7;58;61.079;11.93
887;7;58;51.282;2.98
888;7;59;32.509;21.78
889;7;59;27.76;4.42
890;8;9;28.859;9.73
891;8;9;32.051;16.66
892;8;9;25.143;0.73
893;8;10;34.657;24.23
894;8;11;36.967;20.25
895;8;11;42.997;15.4
896;8;11;43.927;1.55
897;8;12;29.303;10.1
898;8;13;93.102;17.53
899;8;14;29.136;9.52
900;8;14;34.404;10.15
901;8;15;39.493;21.28
902;8;16;46.181;21.66
903;8;17;75.617;4.63
904;8;17;79.033;8.95
905;8;18;61.384;2.63
906;8;18;61.183;1.81
907;8;18;63.456;22.64
908;8;19;30.731;12.53
909;8;19;35.194;4.82
910;8;20;65.986;5.95
911;8;20;65.771;4.25
912;8;20;54.183;18.9
913;8;21;27.879;19.59
914;8;21;21.39;8.74
915;8;21;24.32;10.87
916;8;22;68.074;24.02
917;8;22;60.321;5.11
918;8;22;67.814;14.48
919;8;23;39.479;9.45
920;8;23;43.927;8.47
921;8;23;39.528;23.88
922;8;24;28.647;15.24
923;8;25;13.725;24.66
924;8;25;13.078;11.94
925;8;25;14.881;17.89
926;8;26;32.05;3.71
927;8;26;34.533;16.21
928;8;26;39.116;20.41
929;8;27;42.272;20.82
930;8;27;37.951;12.01
931;8;28;36.011;19.46
932;8;29;28.647;19.86
933;8;30;32.631;1.49
934;8;30;36.467;8.91
935;8;30;40.135;20.0
936;8;31;66.005;14.59
937;8;32;80.897;24.93
938;8;33;39.149;5.11
939;8;34;22.057;6.13
940;8;35;7.444;7.63
941;8;35;5.826;12.18
942;8;36;36.838;7.67
943;8;36;31.3;12.64
944;8;37;46.477;15.61
945;8;37;52.183;22.3
946;8;37;54.618;15.19
947;8;38;34.38;21.33
948;8;38;42.465;22.49
949;8;38;26.817;8.96
950;8;39;28.594;10.92
951;8;40;20.066;16.07
952;8;40;24.832;3.08
953;8;41;23.543;3.94
954;8;41;28.066;24.94
955;8;42;70.123;0.61
956;8;42;62.804;14.8
957;8;42;78.109;14.24
958;8;43;67.007;20.41
959;8;43;83.114;11.06
960;8;43;61.189;16.87
961;8;44;12.717;12.83
962;8;44;11.321;9.21
963;8;44;13.832;14.97
964;8;45;75.07;4.53
965;8;45;86.51;22.67
966;8;46;26.448;3.24
967;8;46;30.524;0.11
968;8;46;29.197;16.33
969;8;47;24.314;1.34
970;8;47;19.487;12.56
971;8;47;23.422;10.11
972;8;48;44.72;2.6
973;8;48;44.287;1.96
974;8;49;42.145;18.5
975;8;49;34.359;16.45
976;8;49;47.927;14.83
977;8;50;107.971;16.39
978;8;50;100.596;14.86
979;8;50;124.134;14.08
980;8;51;48.04;1.11
981;8;51;51.903;6.68
982;8;51;47.011;14.06
983;8;52;23.458;7.65
984;8;52;28.974;2.9
985;8;52;25.329;13.82
986;8;53;75.602;2.53
987;8;53;66.183;0.87
988;8;53;90.168;6.68
989;8;54;41.918;14.5
990;8;54;37.459;13.48
991;8;55;41.666;9.75
992;8;55;45.793;5.64
993;8;55;31.456;9.19
994;8;56;42.271;12.25
995;8;56;42.632;20.6
996;8;56;48.353;15.39
997;8;57;18.077;10.93
998;8;57;14.286;4.16
999;8;58;70.601;10.42
1000;8;59;45.309;15.33
1001;9;10;62.614;0.21
1002;9;11;8.547;22.13
1003;9;12;2.93;10.75
1004;9;12;2.52;23.26
1005;9;13;86.899;20.76
1006;9;13;73.501;16.13
1007;9;14;57.892;1.79
1008;9;14;65.451;23.27
1009;9;14;64.029;0.15
1010;9;15;20.072;4.54
1011;9;16;29.973;14.95
1012;9;16;24.048;17.34
1013;9;16;26.574;21.34
1014;9;17;46.758;9.83
1015;9;17;50.39;8.98
1016;9;17;38.863;13.23
1017;9;18;35.483;21.56
1018;9;18;29.724;12.97
1019;9;19;13.035;21.68
1020;9;19;15.187;21.89
1021;9;19;11.346;4.87
1022;9;20;47.93;14.74
1023;9;20;58.036;5.19
1024;9;20;46.255;3.04
1025;9;21;1.755;4.54
1026;9;21;1.345;16.1
1027;9;22;39.311;19.7
1028;9;23;10.748;4.01
1029;9;23;10.557;24.87
1030;9;23;11.499;24.69
1031;9;24;2.493;12.82
1032;9;24;2.552;17.58
1033;9;25;15.151;5.58
1034;9;25;11.842;8.53
1035;9;26;7.711;8.08
1036;9;27;13.413;24.53
1037;9;28;12.704;13.86
1038;9;29;2.493;24.96
1039;9;29;2.27;6.78
1040;9;30;4.84;21.73
1041;9;30;5.466;19.76
1042;9;30;5.434;15.74
1043;9;31;66.028;14.54
1044;9;31;50.33;0.71
1045;9;32;74.643;2.82
1046;9;33;13.189;4.55
1047;9;34;19.667;23.93
1048;9;34;19.844;0.87
1049;9;34;18.97;3.31
1050;9;35;36.006;23.98
1051;9;35;29.704;23.8
1052;9;36;9.971;18.84
1053;9;37;24.083;9.97
1054;9;37;28.428;15.06
1055;9;37;22.35;0.52
1056;9;38;11.204;6.96
1057;9;38;10.923;4.48
1058;9;39;20.993;10.02
1059;9;39;19.016;1.48
1060;9;40;8.83;14.92
1061;9;40;9.771;0.41
1062;9;40;10.083;17.33
1063;9;41;5.349;4.72
1064;9;41;6.217;7.0
1065;9;41;5.808;14.33
1066;9;42;63.49;9.29
1067;9;42;54.413;2.58
1068;9;42;63.134;8.28
1069;9;43;39.235;4.84
1070;9;43;32.824;5.38
1071;9;44;41.462;13.03
1072;9;44;34.399;3.08
1073;9;44;45.545;12.15
1074;9;45;46.738;21.02
1075;9;45;39.434;4.31
1076;9;46;6.364;6.96
1077;9;47;4.784;5.15
1078;9;47;5.774;15.69
1079;9;48;72.749;10.53
1080;9;49;14.722;21.53
1081;9;49;16.036;23.55
1082;9;49;17.992;7.51
1083;9;50;81.893;17.1
1084;9;51;33.145;22.12
1085;9;52;5.652;2.32
1086;9;52;6.094;14.66
1087;9;53;46.746;16.06
1088;9;53;36.802;2.94
1089;9;53;42.205;18.22
1090;9;54;27.449;19.27
1091;9;55;22.87;8.43
1092;9;55;21.319;24.96
1093;9;55;25.737;19.2
1094;9;56;25.659;10.52
1095;9;56;30.847;10.7
1096;9;56;24.34;15.95
1097;9;57;43.161;9.84
1098;9;57;50.179;9.74
1099;9;58;42.377;0.64
1100;9;59;17.194;3.44
1101;10;11;71.038;20.87
1102;10;11;82.674;14.59
1103;10;11;80.428;9.52
1104;10;12;62.439;22.67
1105;10;12;53.297;18.19
1106;10;13;100.386;18.09
1107;10;14;8.891;18.47
1108;10;14;8.279;22.01
1109;10;14;9.447;4.71
1110;10;15;67.603;8.97
1111;10;16;70.732;15.17
1112;10;16;86.929;13.2
1113;10;16;83.05;15.34
1114;10;17;108.905;21.68
1115;10;18;96.041;5.41
1116;10;18;86.144;16.91
1117;10;18;88.099;14.25
1118;10;19;65.31;17.73
1119;10;19;60.48;17.28
1120;10;19;59.589;13.78
1121;10;20;88.529;21.28
1122;10;20;92.125;2.01
1123;10;20;95.414;19.54
1124;10;21;61.364;22.88
1125;10;21;68.594;2.89
1126;10;21;62.604;15.41
1127;10;22;100.892;5.37
1128;10;23;72.753;5.13
1129;10;24;61.891;19.98
1130;10;25;47.692;13.36
1131;10;25;42.961;10.08
1132;10;25;44.691;22.1
1133;10;26;64.018;1.86
1134;10;27;75.858;5.68
1135;10;27;91.593;4.32
1136;10;28;66.786;24.5
1137;10;28;80.672;11.84
1138;10;28;77.911;3.99
1139;10;29;61.891;13.38
1140;10;30;65.684;7.96
1141;10;31;70.801;12.81
1142;10;31;80.489;17.33
1143;10;32;89.838;1.76
1144;10;32;94.82;24.66
1145;10;33;73.727;12.23
1146;10;33;89.746;11.7
1147;10;34;55.587;5.99
1148;10;34;61.779;5.63
1149;10;34;67.614;13.37
1150;10;35;27.216;12.54
1151;10;36;71.28;5.64
1152;10;37;75.007;1.88
1153;10;38;69.031;1.72
1154;10;38;61.665;18.61
1155;10;38;56.378;18.02
1156;10;39;54.228;23.65
1157;10;39;44.148;7.05
1158;10;40;53.844;6.06
1159;10;40;48.004;9.04
1160;10;40;46.861;7.05
1161;10;41;57.287;1.65
1162;10;42;81.254;14.61
1163;10;43;101.471;24.0
1164;10;43;116.475;16.01
1165;10;43;107.408;13.77
1166;10;44;24.273;7.86
1167;10;44;29.936;24.44
1168;10;44;18.971;10.73
1169;10;45;109.307;15.67
1170;10;45;129.094;2.21
1171;10;45;97.388;15.29
1172;10;46;60.987;0.43
1173;10;47;58.401;4.23
1174;10;48;10.136;16.58
1175;10;48;10.146;3.26
1176;10;49;74.236;17.74
1177;10;49;61.874;21.41
1178;10;49;68.149;6.81
1179;10;50;135.954;13.79
1180;10;51;71.224;23.03
1181;10;51;83.379;21.28
1182;10;52;57.588;18.76
1183;10;53;108.797;17.24
1184;10;54;66.402;23.8
1185;10;54;82.883;22.33
1186;10;55;68.917;6.91
1187;10;55;85.358;5.83
1188;10;55;73.691;21.13
1189;10;56;68.043;19.5
1190;10;56;70.717;21.25
1191;10;56;65.072;17.9
1192;10;57;20.582;10.15
1193;10;58;104.895;4.93
1194;10;58;104.573;10.11
1195;10;58;96.728;23.63
1196;10;59;79.572;16.83
1197;10;59;69.327;18.87
1198;11;12;9.733;13.86
1199;11;12;10.894;6.55
1200;11;13;89.874;6.92
1201;11;13;111.219;7.23
1202;11;14;66.092;20.96
1203;11;14;76.493;6.93
1204;11;15;22.457;13.86
1205;11;15;26.556;14.65
1206;11;15;25.936;18.1
1207;11;16;32.233;19.29
1208;11;16;28.385;20.88
1209;11;17;38.904;13.8
1210;11;18;27.272;2.93
1211;11;18;29.751;22.61
1212;11;18;26.247;15.9
1213;11;19;13.4;19.82
1214;11;19;10.979;3.28
1215;11;20;47.906;4.35
1216;11;20;46.01;22.55
1217;11;21;10.056;11.95
1218;11;21;8.296;6.12
1219;11;22;31.945;2.73
1220;11;22;27.469;6.09
1221;11;23;5.626;10.98
1222;11;23;4.222;19.97
1223;11;24;9.975;24.0
1224;11;24;11.579;1.41
1225;11;24;9.317;9.05
1226;11;25;23.397;3.8
1227;11;25;20.883;11.36
1228;11;26;11.84;12.19
1229;11;26;11.33;7.64
1230;11;27;6.171;23.78
1231;11;27;6.064;22.01
1232;11;28;14.887;19.48
1233;11;29;9.975;6.12
1234;11;29;10.638;20.43
1235;11;29;9.928;15.0
1236;11;30;7.652;18.82
1237;11;31;71.122;19.74
1238;11;32;77.863;18.31
1239;11;32;86.372;14.75
1240;11;32;74.225;10.43
1241;11;33;6.574;10.94
1242;11;33;8.066;22.92
1243;11;34;23.888;20.84
1244;11;35;44.241;7.34
1245;11;35;39.451;7.48
1246;11;36;3.72;3.38
1247;11;36;3.952;22.07
1248;11;37;23.89;13.06
1249;11;37;21.112;18.98
1250;11;37;27.747;1.11
1251;11;38;8.509;14.43
1252;11;38;7.856;7.57
1253;11;39;27.548;10.62
1254;11;39;31.045;20.09
1255;11;40;17.196;0.66
1256;11;41;13.779;17.9
1257;11;41;13.828;20.03
1258;11;42;66.918;8.96
1259;11;42;78.102;20.4
1260;11;43;30.687;17.36
1261;11;43;28.882;18.51
1262;11;44;49.403;11.16
1263;11;44;60.066;2.87
1264;11;44;40.54;14.29
1265;11;45;38.269;8.47
1266;11;45;28.806;23.09
1267;11;46;11.284;13.56
1268;11;47;12.678;21.99
1269;11;47;13.522;1.74
1270;11;48;81.174;10.03
1271;11;48;100.761;22.09
1272;11;49;11.643;8.1
1273;11;49;11.793;18.38
1274;11;49;11.402;15.56
1275;11;50;76.725;12.71
1276;11;50;67.656;22.38
1277;11;51;35.588;22.33
1278;11;51;38.643;16.37
1279;11;52;13.52;14.08
1280;11;53;38.963;9.54
1281;11;53;43.494;4.65
1282;11;53;35.398;16.11
1283;11;54;30.763;11.94
1284;11;55;25.001;11.63
1285;11;56;28.348;1.8
1286;11;56;27.781;9.58
1287;11;57;51.699;4.33
1288;11;58;33.877;1.01
1289;11;58;28.071;14.06
1290;11;58;34.83;0.69
1291;11;59;8.647;6.81
1292;11;59;10.069;20.21
1293;11;59;9.42;14.06
1294;12;13;83.972;15.69
1295;12;14;58.09;0.57
1296;12;15;17.198;15.21
1297;12;16;27.071;0.67
1298;12;16;24.33;20.05
1299;12;17;46.546;11.02
1300;12;17;43.139;15.46
1301;12;17;37.052;21.4
1302;12;18;37.002;10.37
1303;12;18;39.889;21.86
1304;12;18;40.795;3.72
1305;12;19;15.964;8.37
1306;12;19;16.072;3.33
1307;12;19;17.61;4.25
1308;12;20;45.195;9.82
1309;12;20;45.804;7.26
1310;12;21;1.983;12.3
1311;12;22;38.807;2.52
1312;12;23;10.322;23.74
1313;12;23;11.934;24.79
1314;12;24;0.76;0.6
1315;12;24;0.608;17.18
1316;12;25;15.628;20.27
1317;12;26;4.879;7.61
1318;12;26;3.682;9.38
1319;12;26;5.326;11.85
1320;12;27;13.464;20.96
1321;12;27;11.35;1.69
1322;12;27;13.738;2.64
1323;12;28;9.969;6.97
1324;12;28;12.341;23.66
1325;12;29;0.76;22.17
1326;12;30;3.328;20.49
1327;12;30;4.005;17.21
1328;12;30;3.447;24.43
1329;12;31;63.257;8.19
1330;12;31;68.219;9.12
1331;12;32;71.72;8.13
1332;12;32;61.86;21.49
1333;12;33;15.254;2.52
1334;12;34;22.147;3.35
1335;12;34;24.193;7.14
1336;12;34;21.864;3.47
1337;12;35;36.234;4.85
1338;12;35;35.406;17.55
1339;12;36;11.952;3.59
1340;12;37;21.505;3.13
1341;12;37;21.828;0.2
1342;12;38;13.896;11.96
1343;12;39;18.455;9.08
1344;12;39;22.068;24.48
1345;12;40;9.374;14.23
1346;12;40;10.719;5.01
1347;12;41;6.106;15.97
1348;12;42;60.572;10.16
1349;12;42;68.428;12.9
1350;12;43;40.089;5.38
1351;12;43;31.117;2.24
1352;12;43;45.774;17.86
1353;12;44;42.003;23.63
1354;12;45;47.239;13.85
1355;12;45;36.127;13.46
1356;12;45;54.782;4.05
1357;12;46;9.141;21.25
1358;12;46;7.464;24.51
1359;12;47;6.494;18.16
1360;12;47;7.511;1.0
1361;12;48;72.557;22.5
1362;12;48;89.616;8.23
1363;12;48;66.391;3.2
1364;12;49;13.165;21.35
1365;12;49;14.494;1.02
1366;12;49;14.414;10.07
1367;12;50;80.239;23.9
1368;12;51;30.23;8.2
1369;12;51;33.649;12.42
1370;12;51;33.322;13.85
1371;12;52;7.248;6.87
1372;12;53;46.48;5.33
1373;12;53;48.09;21.46
1374;12;54;24.519;5.98
1375;12;54;26.067;15.3
1376;12;54;28.921;12.43
1377;12;55;20.0;18.07
1378;12;56;22.745;4.99
1379;12;57;42.64;8.61
1380;12;58;42.971;20.23
1381;12;58;35.746;14.85
1382;12;59;18.196;17.84
1383;12;59;17.844;18.01
1384;13;14;104.258;4.22
1385;13;14;104.924;5.56
1386;13;14;79.606;22.47
1387;13;15;67.493;20.16
1388;13;16;57.641;24.94
1389;13;16;53.412;20.25
1390;13;17;96.25;9.83
1391;13;18;109.833;8.2
1392;13;18;95.238;8.09
1393;13;18;129.305;22.33
1394;13;19;99.932;10.57
1395;13;19;102.475;16.09
1396;13;19;111.923;21.94
1397;13;20;46.711;0.34
1398;13;21;85.535;9.62
1399;13;22;89.327;23.08
1400;13;22;101.926;18.65
1401;13;22;106.83;9.75
1402;13;23;85.017;18.4
1403;13;23;89.069;15.63
1404;13;23;94.585;10.98
1405;13;24;84.45;23.97
1406;13;25;88.556;3.56
1407;13;26;79.454;18.54
1408;13;26;80.501;9.39
1409;13;26;98.076;4.48
1410;13;27;87.307;0.8
1411;13;28;75.189;23.7
1412;13;28;59.176;21.55
1413;13;28;66.273;5.14
1414;13;29;84.45;22.53
1415;13;29;100.306;22.44
1416;13;30;83.549;8.89
1417;13;31;29.586;14.03
1418;13;31;29.895;21.49
1419;13;31;25.429;17.99
1420;13;32;12.409;5.16
1421;13;32;12.941;10.39
1422;13;33;96.388;22.97
1423;13;34;103.288;10.73
1424;13;34;128.295;5.66
1425;13;34;121.184;8.85
1426;13;35;93.798;14.75
1427;13;36;93.521;7.61
1428;13;36;75.005;3.2
1429;13;36;83.299;23.45
1430;13;37;66.937;9.4
1431;13;37;55.582;20.62
1432;13;37;56.783;16.2
1433;13;38;97.279;0.37
1434;13;38;80.236;8.05
1435;13;38;101.246;19.44
1436;13;39;68.519;1.8
1437;13;39;80.382;1.38
1438;13;40;87.17;9.54
1439;13;40;69.782;9.4
1440;13;41;86.837;10.69
1441;13;41;94.512;22.29
1442;13;41;99.322;19.79
1443;13;42;23.616;4.15
1444;13;42;26.469;8.12
1445;13;42;27.432;13.19
1446;13;43;105.558;18.04
1447;13;43;124.774;22.52
1448;13;44;100.154;10.16
1449;13;45;106.029;2.71
1450;13;45;109.817;8.22
1451;13;45;128.278;7.86
1452;13;46;92.705;0.9
1453;13;46;78.41;19.04
1454;13;47;88.638;12.35
1455;13;47;102.846;10.3
1456;13;47;108.119;0.48
1457;13;48;105.798;24.5
1458;13;48;90.202;17.68
1459;13;49;79.501;3.26
1460;13;49;77.508;3.01
1461;13;50;81.135;8.56
1462;13;50;90.04;0.43
1463;13;50;69.08;8.23
1464;13;51;54.287;24.66
1465;13;52;88.868;17.04
1466;13;53;95.462;1.68
1467;13;54;59.503;12.77
1468;13;55;64.881;13.65
1469;13;55;71.481;0.12
1470;13;56;61.618;2.94
1471;13;56;48.003;1.61
1472;13;57;86.607;12.52
1473;13;58;104.517;20.68
1474;13;59;93.673;2.82
1475;13;59;76.689;8.1
1476;13;59;89.444;23.36
1477;14;15;65.343;11.03
1478;14;15;60.402;24.03
1479;14;16;69.654;22.33
1480;14;16;63.555;19.51
1481;14;17;104.601;3.23
1482;14;17;99.436;5.21
1483;14;18;90.045;14.43
1484;14;18;87.703;24.96
1485;14;18;87.844;12.34
1486;14;19;59.115;23.9
1487;14;19;65.814;11.05
1488;14;20;88.328;12.64
1489;14;20;82.279;15.23
1490;14;21;56.809;20.1
1491;14;22;96.875;3.65
1492;14;22;90.956;5.46
1493;14;23;68.379;14.57
1494;14;23;64.858;2.29
1495;14;24;57.478;19.72
1496;14;24;48.621;14.54
1497;14;24;47.565;8.09
1498;14;25;42.748;13.8
1499;14;26;60.251;2.34
1500;14;26;66.452;18.42
1501;14;26;52.994;4.4
1502;14;27;71.292;20.57
1503;14;27;62.141;18.26
1504;14;28;63.55;12.18
1505;14;29;57.478;15.61
1506;14;30;61.402;6.56
1507;14;30;70.345;15.67
1508;14;30;54.378;13.59
1509;14;31;74.772;16.0
1510;14;32;93.199;24.22
1511;14;32;76.965;13.95
1512;14;33;68.151;2.94
1513;14;33;82.808;0.15
1514;14;33;58.66;14.6
1515;14;34;48.727;14.1
1516;14;34;57.703;22.71
1517;14;35;21.887;21.79
1518;14;35;26.786;22.01
1519;14;36;65.94;20.68
1520;14;37;72.712;17.67
1521;14;38;63.227;7.52
1522;14;39;52.388;12.71
1523;14;39;55.622;14.06
1524;14;39;57.496;6.54
1525;14;40;49.064;5.79
1526;14;40;41.308;2.35
1527;14;40;39.808;0.91
1528;14;41;52.548;7.82
1529;14;41;45.914;22.36
1530;14;41;60.865;12.7
1531;14;42;83.961;1.67
1532;14;43;96.061;1.81
1533;14;43;73.199;13.24
1534;14;43;86.44;11.42
1535;14;44;17.276;15.21
1536;14;45;104.196;12.67
1537;14;45;128.233;7.42
1538;14;46;55.522;13.68
1539;14;46;65.844;10.07
1540;14;47;53.424;20.7
1541;14;47;53.866;12.45
1542;14;48;17.006;5.0
1543;14;49;70.502;5.39
1544;14;49;59.718;3.65
1545;14;50;134.262;8.72
1546;14;50;111.715;15.22
1547;14;51;70.559;19.49
1548;14;51;71.284;6.37
1549;14;52;52.575;4.53
1550;14;52;42.759;20.73
1551;14;52;45.886;9.45
1552;14;53;104.556;18.05
1553;14;53;123.126;23.92
1554;14;53;93.506;15.7
1555;14;54;65.252;8.46
1556;14;54;69.852;23.9
1557;14;54;57.714;6.55
1558;14;55;66.963;3.23
1559;14;55;83.467;20.06
1560;14;56;66.54;13.23
1561;14;56;80.873;2.66
1562;14;57;19.446;4.45
1563;14;57;23.119;13.64
1564;14;57;18.135;1.18
1565;14;58;99.718;5.28
1566;14;58;79.826;3.61
1567;14;59;74.442;11.09
1568;14;59;60.732;2.56
1569;15;16;9.975;13.81
1570;15;16;11.478;6.7
1571;15;17;45.399;15.43
1572;15;17;38.93;4.65
1573;15;17;45.973;17.85
1574;15;18;46.063;17.77
1575;15;18;50.733;18.93
1576;15;18;40.581;6.93
1577;15;19;32.94;6.38
1578;15;20;28.38;6.7
1579;15;20;25.352;10.73
1580;15;21;19.032;4.6
1581;15;21;18.493;21.81
1582;15;22;36.695;1.33
1583;15;22;32.205;7.65
1584;15;22;41.146;5.56
1585;15;23;18.034;1.33
1586;15;23;14.441;18.8
1587;15;24;17.815;17.29
1588;15;24;21.187;6.15
1589;15;24;20.745;9.43
1590;15;25;27.982;8.42
1591;15;25;28.947;17.38
1592;15;25;33.014;20.52
1593;15;26;12.365;24.25
1594;15;26;14.245;4.16
1595;15;26;10.521;23.84
1596;15;27;20.912;11.36
1597;15;27;21.051;7.92
1598;15;27;17.269;18.24
1599;15;28;7.708;21.25
1600;15;28;9.147;23.63
1601;15;29;17.815;5.37
1602;15;29;14.932;7.82
1603;15;30;16.173;11.05
1604;15;30;19.501;19.79
1605;15;31;49.42;19.91
1606;15;32;55.425;24.79
1607;15;33;29.019;22.14
1608;15;34;38.871;3.1
1609;15;35;44.869;12.75
1610;15;35;50.214;19.23
1611;15;36;26.057;5.37
1612;15;36;24.858;5.94
1613;15;36;26.96;23.09
1614;15;37;7.406;22.13
1615;15;37;6.497;17.98
1616;15;37;8.84;9.86
1617;15;38;29.834;17.3
1618;15;38;24.512;8.31
1619;15;38;28.476;14.1
1620;15;39;13.514;21.42
1621;15;40;23.529;15.56
1622;15;41;21.699;19.02
1623;15;42;44.461;16.77
1624;15;42;53.148;1.55
1625;15;42;50.092;16.65
1626;15;43;45.454;17.54
1627;15;43;35.697;12.84
1628;15;43;42.976;20.04
1629;15;44;51.627;10.89
1630;15;44;49.288;3.98
1631;15;45;50.115;4.76
1632;15;45;51.779;12.12
1633;15;45;60.987;24.92
1634;15;46;26.329;15.8
1635;15;46;23.394;12.93
1636;15;47;23.02;18.89
1637;15;48;77.298;16.76
1638;15;48;85.977;11.13
1639;15;48;61.595;18.7
1640;15;49;13.57;21.67
1641;15;50;68.988;17.9
1642;15;50;82.336;4.3
1643;15;50;85.628;22.39
1644;15;51;13.258;0.15
1645;15;51;15.818;11.16
1646;15;51;14.224;18.0
1647;15;52;23.534;2.76
1648;15;52;24.312;14.14
1649;15;52;28.005;5.4
1650;15;53;45.02;22.59
1651;15;54;8.447;9.3
1652;15;55;2.805;10.67
1653;15;56;5.893;11.46
1654;15;56;5.925;6.24
1655;15;57;47.031;19.53
1656;15;57;49.97;5.27
1657;15;57;43.55;15.76
1658;15;58;46.687;5.82
1659;15;58;53.419;17.5
1660;15;58;45.264;0.55
1661;15;59;27.562;14.51
1662;15;59;28.038;3.86
1663;16;17;49.291;21.12
1664;16;17;48.089;4.13
1665;16;18;54.245;4.27
1666;16;18;49.65;14.56
1667;16;18;52.725;17.89
1668;16;19;42.897;2.98
1669;16;19;36.588;9.6
1670;16;19;45.219;7.99
1671;16;20;19.858;1.7
1672;16;20;16.358;15.4
1673;16;21;28.847;1.9
1674;16;22;40.666;13.15
1675;16;22;39.699;19.78
1676;16;23;27.463;10.49
1677;16;23;28.6;21.33
1678;16;23;23.898;24.81
1679;16;24;27.657;0.41
1680;16;25;36.182;19.1
1681;16;25;38.154;9.27
1682;16;26;22.291;4.46
1683;16;26;18.033;13.32
1684;16;26;17.041;15.32
1685;16;27;29.991;17.62
1686;16;28;17.667;18.37
1687;16;28;21.158;11.14
1688;16;28;21.498;20.67
1689;16;29;27.657;16.29
1690;16;29;28.62;22.97
1691;16;30;26.148;2.25
1692;16;30;20.901;24.76
1693;16;30;30.826;8.38
1694;16;31;41.27;20.1
1695;16;32;45.674;5.04
1696;16;32;42.089;21.86
1697;16;33;38.752;24.18
1698;16;33;34.04;14.92
1699;16;33;43.249;14.72
1700;16;34;48.346;8.9
1701;16;35;50.588;1.41
1702;16;35;45.486;24.5
1703;16;36;35.886;3.27
1704;16;37;10.686;17.55
1705;16;38;39.788;15.63
1706;16;39;17.743;6.68
1707;16;39;14.976;15.04
1708;16;40;32.548;23.82
1709;16;41;31.148;9.84
1710;16;42;34.854;16.97
1711;16;42;39.558;20.0
1712;16;42;37.03;9.54
1713;16;43;52.326;8.06
1714;16;43;44.799;24.16
1715;16;43;60.419;16.48
1716;16;44;57.552;15.12
1717;16;44;61.708;18.96
1718;16;44;56.097;19.63
1719;16;45;55.748;16.7
1720;16;46;36.161;20.36
1721;16;46;32.662;21.57
1722;16;46;32.093;4.67
1723;16;47;32.631;8.89
1724;16;47;30.546;4.95
1725;16;47;35.614;5.21
1726;16;48;79.963;22.85
1727;16;48;69.954;10.36
1728;16;49;22.25;10.39
1729;16;49;26.428;9.84
1730;16;49;19.089;4.57
1731;16;50;65.337;8.7
1732;16;50;73.775;2.46
1733;16;51;3.37;19.33
1734;16;52;33.071;20.66
1735;16;52;30.677;6.4
1736;16;53;48.768;3.12
1737;16;53;40.378;22.68
1738;16;53;58.918;18.57
1739;16;54;4.41;3.52
1740;16;54;4.547;20.36
1741;16;54;4.524;5.09
1742;16;55;7.264;21.43
1743;16;55;5.575;3.93
1744;16;55;5.825;22.3
1745;16;56;4.411;8.88
1746;16;56;5.213;8.16
1747;16;57;50.533;17.83
1748;16;57;59.056;21.51
1749;16;58;52.831;16.37
1750;16;59;36.549;9.23
1751;17;18;27.076;14.52
1752;17;19;49.527;1.77
1753;17;20;49.934;15.74
1754;17;20;61.002;18.68
1755;17;21;47.793;18.73
1756;17;21;50.637;11.92
1757;17;21;42.426;10.14
1758;17;22;8.722;16.84
1759;17;23;36.232;13.95
1760;17;23;34.825;18.7
1761;17;24;47.138;19.14
1762;17;24;47.442;7.0
1763;17;24;52.091;24.82
1764;17;25;61.902;8.49
1765;17;26;45.011;21.58
1766;17;26;43.048;23.4
1767;17;26;54.665;6.92
1768;17;27;33.346;16.5
1769;17;27;30.892;3.97
1770;17;28;43.076;19.23
1771;17;28;46.198;21.15
1772;17;28;33.509;7.63
1773;17;29;47.138;4.27
1774;17;29;45.531;19.99
1775;17;29;44.474;11.25
1776;17;30;43.259;1.9
1777;17;30;47.035;4.78
1778;17;30;38.71;12.91
1779;17;31;88.825;10.94
1780;17;31;91.251;13.55
1781;17;32;86.713;21.05
1782;17;33;38.857;24.6
1783;17;33;48.001;16.58
1784;17;33;39.182;5.34
1785;17;34;61.346;6.66
1786;17;34;64.162;15.79
1787;17;35;82.719;9.62
1788;17;36;39.983;21.45
1789;17;36;40.704;13.2
1790;17;36;34.837;22.01
1791;17;37;39.399;5.26
1792;17;37;45.642;18.34
1793;17;38;44.173;19.48
1794;17;39;57.987;10.19
1795;17;39;47.187;2.2
1796;17;39;50.039;6.97
1797;17;40;55.565;21.98
1798;17;40;51.53;10.74
1799;17;40;60.606;18.78
1800;17;41;52.082;5.31
1801;17;42;78.233;14.08
1802;17;43;17.231;1.65
1803;17;43;19.777;18.39
1804;17;43;21.044;13.37
1805;17;44;88.195;7.13
1806;17;44;70.04;20.22
1807;17;45;11.417;17.69
1808;17;46;50.094;8.28
1809;17;46;46.119;23.68
1810;17;46;53.832;22.27
1811;17;47;51.362;10.9
1812;17;47;39.808;17.73
1813;17;47;63.006;21.22
1814;17;48;118.997;20.29
1815;17;48;121.0;5.17
1816;17;49;34.992;18.63
1817;17;49;35.225;7.79
1818;17;50;47.049;13.14
1819;17;50;49.601;9.25
1820;17;51;51.67;14.55
1821;17;51;41.192;19.35
1822;17;51;62.366;7.55
1823;17;52;52.231;4.93
1824;17;52;55.596;14.99
1825;17;52;48.753;10.67
1826;17;53;0.866;4.65
1827;17;53;0.903;9.57
1828;17;54;51.562;8.9
1829;17;55;45.714;3.54
1830;17;56;48.597;22.22
1831;17;57;88.799;22.15
1832;17;57;88.174;9.17
1833;17;58;12.926;8.23
1834;17;58;10.655;16.56
1835;17;58;11.929;5.48
1836;17;59;31.387;3.48
1837;17;59;26.491;4.01
1838;18;19;30.947;11.07
1839;18;19;27.871;18.77
1840;18;20;63.856;5.21
1841;18;21;37.142;1.13
1842;18;21;33.406;13.7
1843;18;22;26.588;10.71
1844;18;22;28.827;6.0
1845;18;22;21.27;20.97
1846;18;23;28.971;21.63
1847;18;23;28.722;18.84
1848;18;23;24.444;5.61
1849;18;24;37.21;18.57
1850;18;24;45.018;4.27
1851;18;25;48.874;11.81
1852;18;25;42.383;8.15
1853;18;26;38.502;21.12
1854;18;26;46.221;12.48
1855;18;26;36.087;1.81
1856;18;27;25.585;9.3
1857;18;27;27.248;8.06
1858;18;28;39.848;3.03
1859;18;29;37.21;8.31
1860;18;30;34.699;24.14
1861;18;30;26.845;23.88
1862;18;30;40.188;24.07
1863;18;31;95.326;22.12
1864;18;31;87.298;14.2
1865;18;32;98.653;17.99
1866;18;32;105.253;17.24
1867;18;33;22.692;12.57
1868;18;34;42.085;15.87
1869;18;35;68.826;3.9
1870;18;35;54.603;6.71
1871;18;36;25.626;20.04
1872;18;37;43.764;21.57
1873;18;37;41.831;24.98
1874;18;38;27.034;8.65
1875;18;38;24.388;0.98
1876;18;39;54.329;18.98
1877;18;39;43.418;4.72
1878;18;39;49.116;3.95
1879;18;40;43.312;23.96
1880;18;40;43.598;6.35
1881;18;40;34.03;15.4
1882;18;41;40.228;19.56
1883;18;41;36.724;7.11
1884;18;41;42.709;11.89
1885;18;42;88.461;12.74
1886;18;42;69.883;0.88
1887;18;42;101.203;20.75
1888;18;43;10.032;12.62
1889;18;43;9.563;19.02
1890;18;44;72.802;20.95
1891;18;44;58.284;4.42
1892;18;44;85.213;5.48
1893;18;45;18.71;9.36
1894;18;46;35.297;10.73
1895;18;46;35.014;3.16
1896;18;46;42.443;0.45
1897;18;47;38.631;15.86
1898;18;47;33.723;8.17
1899;18;48;106.092;22.11
1900;18;48;96.127;9.46
1901;18;49;32.493;2.1
1902;18;49;36.13;11.34
1903;18;49;28.611;23.5
1904;18;50;73.896;11.4
1905;18;51;57.482;2.62
1906;18;51;66.48;0.05
1907;18;52;39.322;23.14
1908;18;52;30.98;2.2
1909;18;52;31.461;9.04
1910;18;53;27.723;8.94
1911;18;53;32.245;21.82
1912;18;54;54.347;24.64
1913;18;54;64.729;18.49
1914;18;54;51.701;1.71
1915;18;55;47.882;24.37
1916;18;55;38.798;8.07
1917;18;55;56.288;3.45
1918;18;56;51.433;18.13
1919;18;57;77.783;12.23
1920;18;57;62.516;6.73
1921;18;57;64.983;22.95
1922;18;58;14.818;10.14
1923;18;59;19.222;4.59
1924;18;59;18.346;0.94
1925;18;59;17.877;20.49
1926;19;20;60.227;1.09
1927;19;21;14.427;18.47
1928;19;21;11.557;21.35
1929;19;22;43.638;15.08
1930;19;22;39.02;10.64
1931;19;23;18.896;21.81
1932;19;23;16.663;11.5
1933;19;23;16.582;23.32
1934;19;24;15.483;13.56
1935;19;24;14.25;7.31
1936;19;25;19.544;16.24
1937;19;25;18.229;8.48
1938;19;26;20.617;1.04
1939;19;27;19.327;12.15
1940;19;27;16.267;15.13
1941;19;28;25.351;20.2
1942;19;29;15.483;16.9
1943;19;30;16.864;2.4
1944;19;30;20.83;10.24
1945;19;31;78.579;19.55
1946;19;31;70.153;23.59
1947;19;32;87.667;21.31
1948;19;32;100.422;22.88
1949;19;33;10.697;20.64
1950;19;34;11.863;23.62
1951;19;34;10.413;21.36
1952;19;34;9.535;15.58
1953;19;35;38.132;17.51
1954;19;36;10.457;17.45
1955;19;36;10.071;16.65
1956;19;37;36.11;23.72
1957;19;37;34.245;9.27
1958;19;38;5.48;10.05
1959;19;39;33.169;1.15
1960;19;40;15.737;20.27
1961;19;41;14.195;13.54
1962;19;41;13.249;20.14
1963;19;41;16.735;17.66
1964;19;42;76.504;17.91
1965;19;42;68.019;13.75
1966;19;42;87.276;21.94
1967;19;43;37.712;10.16
1968;19;43;28.751;3.76
1969;19;43;36.365;23.54
1970;19;44;41.861;11.02
1971;19;45;46.408;2.46
1972;19;46;7.656;8.89
1973;19;47;12.165;17.35
1974;19;47;14.177;8.95
1975;19;48;75.3;6.76
1976;19;49;24.707;13.97
1977;19;49;19.382;8.6
1978;19;50;89.808;14.82
1979;19;50;77.743;6.64
1980;19;51;46.112;24.29
1981;19;51;35.408;10.38
1982;19;52;12.321;15.3
1983;19;52;11.844;24.79
1984;19;52;15.256;22.63
1985;19;53;49.743;2.71
1986;19;54;40.48;18.86
1987;19;54;49.265;23.23
1988;19;55;35.714;3.37
1989;19;55;27.294;7.39
1990;19;56;38.629;24.02
1991;19;57;47.925;8.49
1992;19;58;41.858;14.72
1993;19;58;38.032;7.68
1994;19;58;45.28;18.9
1995;19;59;18.315;0.07
1996;19;59;14.4;13.31
1997;20;21;47.122;1.57
1998;20;21;37.165;21.3
1999;20;22;42.68;24.85
2000;20;22;50.335;1.24
2001;20;22;39.17;22.42
2002;20;23;42.406;14.75
2003;20;23;44.199;24.82
2004;20;23;35.601;12.04
2005;20;24;45.875;7.32
2006;20;24;43.427;20.13
2007;20;24;55.119;15.94
2008;20;25;55.908;9.65
2009;20;26;40.323;20.28
2010;20;27;43.814;2.92
2011;20;27;37.181;12.49
2012;20;27;50.743;15.07
2013;20;28;35.236;3.83
2014;20;28;36.597;2.86
2015;20;28;43.094;23.61
2016;20;29;45.875;4.28
2017;20;30;43.48;7.37
2018;20;30;44.364;7.51
2019;20;31;41.633;19.39
2020;20;31;41.155;8.3
2021;20;31;34.891;4.33
2022;20;32;36.779;20.41
2023;20;32;37.36;18.07
2024;20;33;53.895;23.8
2025;20;33;59.187;0.32
2026;20;34;67.183;11.05
2027;20;34;50.626;8.26
2028;20;35;70.128;23.27
2029;20;35;83.636;7.88
2030;20;35;77.046;15.71
2031;20;36;51.604;22.75
2032;20;36;43.271;15.7
2033;20;36;59.189;9.27
2034;20;37;24.134;19.41
2035;20;38;56.234;22.63
2036;20;39;37.429;21.43
2037;20;40;51.87;6.96
2038;20;40;59.345;7.6
2039;20;41;50.062;7.94
2040;20;41;59.966;12.61
2041;20;41;53.041;4.09
2042;20;42;28.838;14.45
2043;20;43;58.954;24.15
2044;20;44;77.122;12.1
2045;20;44;67.369;12.21
2046;20;45;59.369;18.25
2047;20;45;66.389;23.84
2048;20;46;54.29;16.94
2049;20;46;58.025;5.96
2050;20;47;51.304;23.95
2051;20;47;55.381;7.16
2052;20;48;97.238;5.12
2053;20;48;119.962;12.97
2054;20;48;113.872;5.55
2055;20;49;36.387;22.36
2056;20;49;38.615;10.61
2057;20;49;42.083;11.44
2058;20;50;50.224;18.96
2059;20;50;37.917;1.92
2060;20;50;58.665;6.99
2061;20;51;18.045;11.37
2062;20;52;51.859;17.5
2063;20;52;64.209;23.03
2064;20;53;49.181;12.44
2065;20;53;38.903;17.78
2066;20;53;57.459;21.85
2067;20;54;24.068;2.82
2068;20;54;20.138;4.8
2069;20;55;25.655;8.95
2070;20;55;29.93;19.33
2071;20;55;31.506;24.15
2072;20;56;24.021;5.29
2073;20;56;23.493;8.8
2074;20;57;68.942;22.28
2075;20;57;81.727;9.89
2076;20;58;57.808;16.26
2077;20;59;49.508;16.6
2078;20;59;42.634;9.87
2079;20;59;47.451;14.77
2080;21;22;40.197;3.81
2081;21;22;39.513;24.47
2082;21;23;11.6;17.78
2083;21;23;10.971;6.19
2084;21;23;13.081;22.79
2085;21;24;1.253;7.6
2086;21;24;1.334;3.56
2087;21;24;0.982;15.57
2088;21;25;14.157;16.87
2089;21;25;16.784;24.51
2090;21;26;6.801;10.47
2091;21;26;6.117;15.11
2092;21;27;14.514;5.46
2093;21;27;17.04;22.36
2094;21;28;11.916;18.05
2095;21;29;1.253;2.56
2096;21;29;1.479;11.14
2097;21;29;1.269;23.05
2098;21;30;4.963;9.5
2099;21;30;6.139;6.73
2100;21;31;64.413;3.03
2101;21;32;73.254;4.81
2102;21;32;56.696;11.62
2103;21;32;79.149;2.88
2104;21;33;14.928;20.87
2105;21;33;17.025;17.65
2106;21;33;14.713;10.34
2107;21;34;20.174;19.78
2108;21;35;34.926;12.18
2109;21;35;31.897;2.87
2110;21;35;33.612;6.88
2111;21;36;11.693;8.3
2112;21;36;11.138;23.4
2113;21;36;10.897;4.82
2114;21;37;23.479;13.91
2115;21;38;12.906;15.01
2116;21;38;11.408;24.39
2117;21;38;16.073;2.92
2118;21;39;19.289;15.09
2119;21;39;16.481;5.86
2120;21;40;7.824;24.09
2121;21;41;4.399;17.11
2122;21;42;62.083;17.31
2123;21;42;61.408;2.46
2124;21;42;61.1;17.22
2125;21;43;40.704;1.79
2126;21;43;43.015;11.01
2127;21;43;42.483;0.94
2128;21;44;40.544;5.98
2129;21;44;41.661;16.81
2130;21;45;48.082;19.22
2131;21;45;37.362;14.35
2132;21;46;7.314;24.92
2133;21;46;6.627;15.19
2134;21;47;4.534;3.55
2135;21;48;71.494;8.69
2136;21;49;14.952;19.47
2137;21;50;82.095;17.01
2138;21;50;86.776;20.17
2139;21;51;31.968;16.09
2140;21;51;31.238;16.29
2141;21;52;5.314;9.18
2142;21;52;5.812;22.31
2143;21;52;5.4;23.32
2144;21;53;47.756;17.51
2145;21;53;53.651;3.28
2146;21;53;50.391;7.01
2147;21;54;26.162;8.69
2148;21;55;21.837;3.25
2149;21;55;17.944;19.37
2150;21;56;24.494;3.68
2151;21;56;22.649;1.0
2152;21;57;41.765;14.3
2153;21;57;32.155;13.54
2154;21;58;43.755;12.87
2155;21;59;18.686;17.08
2156;21;59;22.585;5.13
2157;21;59;16.746;11.5
2158;22;23;28.603;19.37
2159;22;23;27.875;24.66
2160;22;24;39.442;7.22
2161;22;25;54.354;16.49
2162;22;26;36.879;24.61
2163;22;26;35.746;5.56
2164;22;27;26.038;21.95
2165;22;28;34.629;23.87
2166;22;28;31.944;24.45
2167;22;29;39.442;15.01
2168;22;29;40.554;6.93
2169;22;29;43.507;2.27
2170;22;30;35.485;18.9
2171;22;30;42.396;15.06
2172;22;31;80.577;7.84
2173;22;31;91.135;18.52
2174;22;32;79.353;8.7
2175;22;32;95.654;23.91
2176;22;33;32.982;19.61
2177;22;33;27.852;9.79
2178;22;33;28.786;12.2
2179;22;34;55.244;18.58
2180;22;35;75.039;8.46
2181;22;35;81.684;5.77
2182;22;36;33.563;5.27
2183;22;36;29.429;24.95
2184;22;37;30.687;10.72
2185;22;37;26.627;18.18
2186;22;38;38.17;14.71
2187;22;38;39.736;7.59
2188;22;39;49.387;2.78
2189;22;40;48.019;16.54
2190;22;40;55.081;23.11
2191;22;40;59.13;7.95
2192;22;41;44.56;0.19
2193;22;42;70.48;24.31
2194;22;43;18.286;12.11
2195;22;43;22.493;10.52
2196;22;44;80.739;15.39
2197;22;45;16.702;1.0
2198;22;45;15.115;14.11
2199;22;45;13.672;21.69
2200;22;46;43.229;9.11
2201;22;46;39.876;17.27
2202;22;46;45.407;13.39
2203;22;47;44.025;7.32
2204;22;47;42.572;9.76
2205;22;48;110.95;7.35
2206;22;48;93.89;16.66
2207;22;49;26.712;7.61
2208;22;50;48.319;3.51
2209;22;50;57.815;21.45
2210;22;50;39.961;0.66
2211;22;51;43.122;22.44
2212;22;51;32.594;1.57
2213;22;52;44.899;24.23
2214;22;52;48.916;24.56
2215;22;53;8.326;8.84
2216;22;54;42.859;13.22
2217;22;55;36.992;15.19
2218;22;56;39.886;8.73
2219;22;56;37.997;8.27
2220;22;56;46.238;0.32
2221;22;57;80.646;22.78
2222;22;57;67.853;2.57
2223;22;58;15.72;9.68
2224;22;59;25.336;12.6
2225;23;24;10.906;12.59
2226;23;25;25.756;21.14
2227;23;26;9.857;7.55
2228;23;27;3.511;22.23
2229;23;28;11.015;14.14
2230;23;28;8.539;17.29
2231;23;28;12.426;12.83
2232;23;29;10.906;19.24
2233;23;29;8.995;19.58
2234;23;30;7.079;7.04
2235;23;30;7.306;22.03
2236;23;31;67.324;19.47
2237;23;32;73.127;19.54
2238;23;33;11.562;11.9
2239;23;33;9.838;11.95
2240;23;34;28.791;8.72
2241;23;35;46.506;4.29
2242;23;35;43.661;4.57
2243;23;35;42.144;16.1
2244;23;36;9.237;11.23
2245;23;37;18.528;17.74
2246;23;37;23.014;3.46
2247;23;38;14.133;13.6
2248;23;38;15.579;11.07
2249;23;38;12.14;7.85
2250;23;39;25.458;17.56
2251;23;39;23.766;20.19
2252;23;39;22.384;17.64
2253;23;40;19.418;5.69
2254;23;40;22.288;17.68
2255;23;41;15.957;24.94
2256;23;42;62.303;20.81
2257;23;42;51.635;7.41
2258;23;43;30.541;1.48
2259;23;43;33.076;7.32
2260;23;43;35.59;21.68
2261;23;44;52.136;4.11
2262;23;44;55.599;13.32
2263;23;44;41.328;3.92
2264;23;45;37.204;7.41
2265;23;46;15.536;21.9
2266;23;47;15.512;14.54
2267;23;47;16.157;21.16
2268;23;47;14.351;8.9
2269;23;48;82.867;7.37
2270;23;48;68.088;10.7
2271;23;49;6.045;5.4
2272;23;49;6.479;11.47
2273;23;49;6.29;1.25
2274;23;50;71.819;16.32
2275;23;51;30.833;24.47
2276;23;51;33.251;19.05
2277;23;51;23.84;11.61
2278;23;52;16.386;3.47
2279;23;52;15.237;7.23
2280;23;52;19.52;21.54
2281;23;53;36.177;4.47
2282;23;53;39.322;6.83
2283;23;53;36.775;14.84
2284;23;54;26.476;23.44
2285;23;55;20.363;7.64
2286;23;55;20.691;11.9
2287;23;56;23.842;19.11
2288;23;57;52.865;5.27
2289;23;57;48.538;12.89
2290;23;57;61.715;7.63
2291;23;58;33.05;9.85
2292;23;58;27.117;1.6
2293;23;58;33.018;1.39
2294;23;59;9.829;16.85
2295;24;25;14.954;2.64
2296;24;25;13.721;22.88
2297;24;25;14.263;18.08
2298;24;26;5.552;7.4
2299;24;26;4.465;10.61
2300;24;26;5.283;14.22
2301;24;27;13.977;17.92
2302;24;27;11.034;24.15
2303;24;28;10.664;2.84
2304;24;28;12.278;11.61
2305;24;29;0.0;9.35
2306;24;29;0.0;17.33
2307;24;29;0.0;8.22
2308;24;30;4.002;13.49
2309;24;30;4.406;3.66
2310;24;30;3.677;14.86
2311;24;31;63.546;5.06
2312;24;32;72.184;20.79
2313;24;32;65.624;2.53
2314;24;33;15.269;18.45
2315;24;33;17.342;2.48
2316;24;34;21.427;8.53
2317;24;35;35.612;4.94
2318;24;35;29.245;16.62
2319;24;36;11.984;22.58
2320;24;36;11.205;9.57
2321;24;37;22.227;15.0
2322;24;37;20.881;15.77
2323;24;37;20.147;18.45
2324;24;38;13.646;1.51
2325;24;39;18.593;8.72
2326;24;40;8.673;18.18
2327;24;40;9.434;18.4
2328;24;41;5.368;0.65
2329;24;41;6.309;15.35
2330;24;41;5.094;14.31
2331;24;42;61.024;22.87
2332;24;43;40.469;2.4
2333;24;44;41.339;22.47
2334;24;44;31.061;24.11
2335;24;45;47.699;24.37
2336;24;45;55.689;23.64
2337;24;46;8.515;11.69
2338;24;47;5.739;14.88
2339;24;47;5.271;22.67
2340;24;47;4.804;23.48
2341;24;48;72.013;9.47
2342;24;48;61.684;2.65
2343;24;49;13.901;10.95
2344;24;49;14.366;1.87
2345;24;50;80.991;23.27
2346;24;50;64.298;5.44
2347;24;51;30.794;3.3
2348;24;52;6.489;17.99
2349;24;52;7.062;16.7
2350;24;53;47.081;11.6
2351;24;53;42.888;1.29
2352;24;53;58.74;22.92
2353;24;54;25.033;9.3
2354;24;55;20.62;7.03
2355;24;55;19.758;9.24
2356;24;56;23.314;7.2
2357;24;56;23.366;1.93
2358;24;56;27.038;11.42
2359;24;57;42.153;1.43
2360;24;57;37.184;10.69
2361;24;58;43.41;18.28
2362;24;59;18.52;14.92
2363;24;59;22.771;20.88
2364;24;59;15.22;19.43
2365;25;26;18.772;14.06
2366;25;26;15.427;8.82
2367;25;27;28.563;5.56
2368;25;28;23.195;23.33
2369;25;28;28.815;8.07
2370;25;28;28.993;21.63
2371;25;29;14.954;15.25
2372;25;29;14.072;17.07
2373;25;29;13.991;6.91
2374;25;30;18.951;24.69
2375;25;30;17.269;5.17
2376;25;30;16.066;12.07
2377;25;31;63.918;13.25
2378;25;32;76.152;18.14
2379;25;33;26.25;10.06
2380;25;33;19.952;1.67
2381;25;34;15.711;20.74
2382;25;34;15.921;3.65
2383;25;34;13.588;21.08
2384;25;35;20.867;8.97
2385;25;36;23.636;12.64
2386;25;37;34.368;8.82
2387;25;37;41.73;8.16
2388;25;38;21.979;13.32
2389;25;38;19.16;4.99
2390;25;39;20.283;8.98
2391;25;39;19.209;8.35
2392;25;40;6.341;21.57
2393;25;40;5.477;10.97
2394;25;41;9.821;17.39
2395;25;41;10.115;10.59
2396;25;42;64.996;24.26
2397;25;42;74.39;16.39
2398;25;42;74.725;7.94
2399;25;43;53.797;13.06
2400;25;43;61.805;17.63
2401;25;43;52.058;6.98
2402;25;44;26.392;14.82
2403;25;45;61.638;4.1
2404;25;46;13.583;21.88
2405;25;47;10.724;3.24
2406;25;47;11.179;3.55
2407;25;48;57.824;23.21
2408;25;48;71.83;11.02
2409;25;49;28.634;7.79
2410;25;49;32.448;2.0
2411;25;50;95.166;7.29
2412;25;51;38.637;23.55
2413;25;51;37.31;1.91
2414;25;52;9.9;13.27
2415;25;53;61.881;5.96
2416;25;54;32.328;21.7
2417;25;55;30.495;4.4
2418;25;55;24.622;20.02
2419;25;55;35.274;12.01
2420;25;56;31.901;23.17
2421;25;56;39.06;22.63
2422;25;57;28.912;5.31
2423;25;57;34.857;1.44
2424;25;57;35.08;3.14
2425;25;58;57.211;19.63
2426;25;58;71.028;19.18
2427;25;59;31.884;21.8
2428;25;59;29.341;5.62
2429;25;59;32.975;17.87
2430;26;27;13.365;13.88
2431;26;28;5.126;4.4
2432;26;29;5.552;3.34
2433;26;29;5.776;11.55
2434;26;29;6.798;18.74
2435;26;30;4.319;15.46
2436;26;30;4.085;9.63
2437;26;31;59.499;23.63
2438;26;31;56.528;7.35
2439;26;31;46.678;10.62
2440;26;32;67.256;5.49
2441;26;32;59.647;22.66
2442;26;33;18.193;2.97
2443;26;33;14.851;1.3
2444;26;33;19.45;12.87
2445;26;34;26.949;21.79
2446;26;34;23.482;8.67
2447;26;35;38.597;24.58
2448;26;35;45.588;16.95
2449;26;36;14.945;16.68
2450;26;37;16.748;14.93
2451;26;37;17.138;20.14
2452;26;37;15.806;14.19
2453;26;38;17.927;8.17
2454;26;38;16.012;5.8
2455;26;38;20.124;21.14
2456;26;39;15.85;11.43
2457;26;40;12.986;7.55
2458;26;41;10.255;11.5
2459;26;41;12.747;0.21
2460;26;42;56.153;18.19
2461;26;42;54.605;13.34
2462;26;42;57.133;0.37
2463;26;43;40.393;3.35
2464;26;44;44.744;5.25
2465;26;45;46.874;4.37
2466;26;45;41.893;16.17
2467;26;45;48.471;12.5
2468;26;46;14.015;6.65
2469;26;46;11.826;24.51
2470;26;47;11.129;15.53
2471;26;47;10.624;9.45
2472;26;48;74.072;11.29
2473;26;48;84.443;6.98
2474;26;48;60.0;21.42
2475;26;49;10.257;4.77
2476;26;49;12.662;0.35
2477;26;49;10.1;18.03
2478;26;50;76.432;21.76
2479;26;51;25.495;16.96
2480;26;52;11.787;12.14
2481;26;53;44.859;4.91
2482;26;53;49.403;7.01
2483;26;54;19.951;8.12
2484;26;54;23.173;4.37
2485;26;55;15.161;7.37
2486;26;56;18.012;1.59
2487;26;57;43.795;9.95
2488;26;58;42.802;0.48
2489;26;58;51.742;17.47
2490;26;58;51.546;0.0
2491;26;59;19.29;7.82
2492;26;59;20.878;19.27
2493;26;59;21.937;24.72
2494;27;28;14.274;3.0
2495;27;28;13.405;1.29
2496;27;28;11.194;11.73
2497;27;29;13.977;6.58
2498;27;29;10.494;6.31
2499;27;29;16.325;1.64
2500;27;30;10.358;14.99
2501;27;30;10.09;1.56
2502;27;31;70.322;21.46
2503;27;31;70.313;0.17
2504;27;31;70.205;2.89
2505;27;32;75.54;11.46
2506;27;32;75.266;19.42
2507;27;32;81.917;16.27
2508;27;33;10.342;11.42
2509;27;33;11.401;13.75
2510;27;33;11.177;20.28
2511;27;34;30.057;3.07
2512;27;34;25.284;19.71
2513;27;35;49.405;11.09
2514;27;36;8.953;13.66
2515;27;36;11.026;3.86
2516;27;37;20.445;4.8
2517;27;38;14.098;5.14
2518;27;38;10.915;23.41
2519;27;39;28.942;21.64
2520;27;40;22.231;4.27
2521;27;40;17.167;16.37
2522;27;40;27.373;0.92
2523;27;41;18.747;16.95
2524;27;42;64.83;22.26
2525;27;42;52.72;24.79
2526;27;42;80.121;19.29
2527;27;43;27.044;11.88
2528;27;44;54.858;24.02
2529;27;44;64.127;24.35
2530;27;45;33.83;10.89
2531;27;45;36.24;5.32
2532;27;46;17.313;1.53
2533;27;47;18.039;8.31
2534;27;47;20.839;12.49
2535;27;48;85.984;5.52
2536;27;48;87.616;5.59
2537;27;49;7.807;16.67
2538;27;50;70.59;3.87
2539;27;50;72.357;24.46
2540;27;51;33.349;4.29
2541;27;51;27.333;8.72
2542;27;51;32.16;23.21
2543;27;52;18.911;14.55
2544;27;52;22.853;6.37
2545;27;53;33.342;12.26
2546;27;53;29.077;17.87
2547;27;54;29.347;20.25
2548;27;54;33.468;6.29
2549;27;54;24.392;10.74
2550;27;55;23.066;19.92
2551;27;56;26.6;15.3
2552;27;56;29.074;24.06
2553;27;57;56.101;19.72
2554;27;57;49.687;0.93
2555;27;58;29.628;14.44
2556;27;58;34.256;4.22
2557;27;58;28.213;23.4
2558;27;59;6.651;20.97
2559;28;29;10.664;13.7
2560;28;29;8.717;19.99
2561;28;30;8.507;18.76
2562;28;31;56.41;14.85
2563;28;31;66.741;17.3
2564;28;32;63.095;18.65
2565;28;33;21.46;0.62
2566;28;33;23.667;0.58
2567;28;33;25.144;11.46
2568;28;34;32.075;6.44
2569;28;35;42.199;18.61
2570;28;36;18.422;22.97
2571;28;37;11.648;7.39
2572;28;37;13.034;14.65
2573;28;37;10.134;13.26
2574;28;38;22.127;3.07
2575;28;39;15.322;22.11
2576;28;39;17.363;12.4
2577;28;40;17.776;20.06
2578;28;40;18.644;5.09
2579;28;41;15.282;18.81
2580;28;41;14.403;4.36
2581;28;42;52.091;17.02
2582;28;42;50.816;22.31
2583;28;42;46.932;16.96
2584;28;43;40.47;21.13
2585;28;43;47.015;12.78
2586;28;44;48.598;1.41
2587;28;44;59.35;20.35
2588;28;44;44.231;17.35
2589;28;45;46.158;8.87
2590;28;45;57.303;20.22
2591;28;45;55.155;0.59
2592;28;46;19.057;13.27
2593;28;46;16.072;11.17
2594;28;47;16.247;9.05
2595;28;48;76.741;19.61
2596;28;48;88.088;15.65
2597;28;49;8.338;14.24
2598;28;49;9.754;2.56
2599;28;49;6.26;2.87
2600;28;50;72.04;0.56
2601;28;50;60.724;16.54
2602;28;51;20.965;5.75
2603;28;52;16.888;10.41
2604;28;52;18.516;4.05
2605;28;53;42.833;9.46
2606;28;53;51.825;15.18
2607;28;53;40.908;20.16
2608;28;54;15.883;9.98
2609;28;54;15.904;0.14
2610;28;54;18.72;23.74
2611;28;55;10.416;16.18
2612;28;56;13.572;5.84
2613;28;56;15.936;12.11
2614;28;56;16.221;13.08
2615;28;57;46.32;19.21
2616;28;57;54.355;5.78
2617;28;58;42.345;0.54
2618;28;58;35.932;16.57
2619;28;58;34.485;5.33
2620;28;59;20.827;7.91
2621;28;59;16.319;5.77
2622;29;30;4.002;12.76
2623;29;31;63.546;23.83
2624;29;31;65.722;6.99
2625;29;32;72.184;12.15
2626;29;33;15.269;18.56
2627;29;33;18.863;19.04
2628;29;33;17.894;7.43
2629;29;34;21.427;12.59
2630;29;35;35.612;21.73
2631;29;35;32.496;7.05
2632;29;36;11.984;17.29
2633;29;36;12.163;11.44
2634;29;36;14.967;7.85
2635;29;37;22.227;2.61
2636;29;37;22.743;0.97
2637;29;38;13.646;1.28
2638;29;38;13.723;8.39
2639;29;39;18.593;7.85
2640;29;39;14.711;19.75
2641;29;39;20.981;24.76
2642;29;40;8.673;15.38
2643;29;40;10.631;14.68
2644;29;41;5.368;5.88
2645;29;41;4.141;0.32
2646;29;41;4.816;1.16
2647;29;42;61.024;20.36
2648;29;43;40.469;4.97
2649;29;43;38.033;4.32
2650;29;44;41.339;4.1
2651;29;44;37.143;4.96
2652;29;44;34.694;0.18
2653;29;45;47.699;4.54
2654;29;46;8.515;3.32
2655;29;46;10.311;15.97
2656;29;46;7.696;14.96
2657;29;47;5.739;8.73
2658;29;47;5.644;7.37
2659;29;48;72.013;10.6
2660;29;48;60.577;24.43
2661;29;48;57.306;7.41
2662;29;49;13.901;17.77
2663;29;49;11.956;20.91
2664;29;50;80.991;21.34
2665;29;51;30.794;9.09
2666;29;52;6.489;10.87
2667;29;52;8.093;22.6
2668;29;53;47.081;24.83
2669;29;53;58.212;9.22
2670;29;54;25.033;14.92
2671;29;54;27.999;10.7
2672;29;55;20.62;14.47
2673;29;56;23.314;24.72
2674;29;56;25.675;0.88
2675;29;57;42.153;24.86
2676;29;57;51.887;10.44
2677;29;57;39.038;21.9
2678;29;58;43.41;17.1
2679;29;59;18.52;10.88
2680;30;31;63.818;11.97
2681;30;32;71.392;4.42
2682;30;32;54.99;8.68
2683;30;32;79.093;19.55
2684;30;33;13.893;20.59
2685;30;33;15.349;2.95
2686;30;33;12.792;17.84
2687;30;34;24.469;17.88
2688;30;34;29.244;5.44
2689;30;34;21.644;21.6
2690;30;35;39.554;3.38
2691;30;36;10.632;17.17
2692;30;37;19.469;11.99
2693;30;37;18.608;10.39
2694;30;37;17.151;21.6
2695;30;38;13.737;7.77
2696;30;38;15.729;2.08
2697;30;38;11.357;16.28
2698;30;39;19.896;22.82
2699;30;39;19.616;17.96
2700;30;39;17.866;1.49
2701;30;40;12.675;7.12
2702;30;40;15.214;4.73
2703;30;40;12.265;20.6
2704;30;41;9.332;21.49
2705;30;42;60.322;24.18
2706;30;42;70.568;20.51
2707;30;43;37.246;13.84
2708;30;44;45.33;14.38
2709;30;44;42.928;23.63
2710;30;44;43.925;19.84
2711;30;45;44.188;7.71
2712;30;45;39.901;12.65
2713;30;45;40.16;20.48
2714;30;46;11.037;1.51
2715;30;47;9.394;2.8
2716;30;47;7.956;24.06
2717;30;48;75.795;1.41
2718;30;48;85.77;14.45
2719;30;48;78.626;11.17
2720;30;49;10.001;11.29
2721;30;49;10.678;8.59
2722;30;50;77.172;4.3
2723;30;50;81.5;24.56
2724;30;50;91.57;13.11
2725;30;51;29.42;12.69
2726;30;51;35.866;5.01
2727;30;51;34.076;20.96
2728;30;52;10.218;19.02
2729;30;52;8.986;18.63
2730;30;52;9.184;12.08
2731;30;53;43.184;11.43
2732;30;53;51.867;0.83
2733;30;53;52.037;10.42
2734;30;54;24.077;3.22
2735;30;54;28.402;15.79
2736;30;54;23.539;14.52
2737;30;55;18.914;7.33
2738;30;56;21.973;23.9
2739;30;56;19.525;23.07
2740;30;56;20.637;17.3
2741;30;57;45.791;21.81
2742;30;58;39.972;4.3
2743;30;58;42.926;17.78
2744;30;59;15.608;19.98
2745;30;59;16.847;17.47
2746;31;32;19.736;9.73
2747;31;33;77.629;15.44
2748;31;33;88.896;9.35
2749;31;33;88.687;22.11
2750;31;34;79.455;5.3
2751;31;34;76.238;14.22
2752;31;35;65.697;17.87
2753;31;35;62.784;18.49
2754;31;35;76.242;24.36
2755;31;36;74.426;20.38
2756;31;36;86.374;17.33
2757;31;36;61.628;5.82
2758;31;37;51.946;9.97
2759;31;37;52.703;4.68
2760;31;38;77.149;23.02
2761;31;39;45.45;4.64
2762;31;39;49.756;1.86
2763;31;40;63.996;7.54
2764;31;41;64.545;17.48
2765;31;41;80.649;7.42
2766;31;41;65.877;12.52
2767;31;42;15.436;10.49
2768;31;42;19.11;15.48
2769;31;42;16.075;22.32
2770;31;43;93.557;23.13
2771;31;44;71.704;4.27
2772;31;44;75.591;20.07
2773;31;44;87.913;23.11
2774;31;45;96.476;17.24
2775;31;46;70.959;8.21
2776;31;46;72.259;17.36
2777;31;46;75.331;12.51
2778;31;47;66.528;16.01
2779;31;47;52.612;6.21
2780;31;48;76.384;2.05
2781;31;48;57.633;21.23
2782;31;48;80.658;4.91
2783;31;49;62.912;16.51
2784;31;49;78.579;7.73
2785;31;49;70.643;7.68
2786;31;50;89.19;0.12
2787;31;50;78.924;23.76
2788;31;50;105.315;24.04
2789;31;51;38.213;0.89
2790;31;51;41.149;17.35
2791;31;51;31.843;24.96
2792;31;52;66.538;5.89
2793;31;53;88.185;3.76
2794;31;53;98.35;14.35
2795;31;53;77.144;12.75
2796;31;54;41.023;4.05
2797;31;55;47.454;3.36
2798;31;55;45.753;10.78
2799;31;56;43.898;17.21
2800;31;56;35.024;7.59
2801;31;56;49.601;13.94
2802;31;57;57.561;12.06
2803;31;58;93.842;24.72
2804;31;59;76.973;16.34
2805;31;59;61.869;16.91
2806;31;59;68.595;5.35
2807;32;33;84.406;18.5
2808;32;34;90.886;23.09
2809;32;34;76.889;11.41
2810;32;34;72.028;21.65
2811;32;35;81.826;9.73
2812;32;35;84.432;16.78
2813;32;36;81.482;12.05
2814;32;36;95.061;17.35
2815;32;37;55.307;19.31
2816;32;37;68.722;1.49
2817;32;38;85.129;6.37
2818;32;38;69.624;12.97
2819;32;38;92.992;10.09
2820;32;39;56.111;3.76
2821;32;39;45.375;8.35
2822;32;39;55.411;15.49
2823;32;40;74.775;7.95
2824;32;40;60.09;14.45
2825;32;40;80.344;23.37
2826;32;41;74.479;3.79
2827;32;41;72.132;15.72
2828;32;41;73.895;16.06
2829;32;42;11.221;1.83
2830;32;42;10.372;6.53
2831;32;43;94.907;12.68
2832;32;43;102.518;4.63
2833;32;43;84.746;15.76
2834;32;44;88.29;0.96
2835;32;45;95.994;23.16
2836;32;46;80.393;11.98
2837;32;46;89.392;20.62
2838;32;46;87.072;5.53
2839;32;47;76.293;20.8
2840;32;47;82.779;9.26
2841;32;47;88.39;0.63
2842;32;48;95.848;10.29
2843;32;48;86.524;13.19
2844;32;49;67.74;15.92
2845;32;50;77.043;0.65
2846;32;50;89.896;3.53
2847;32;51;42.306;20.97
2848;32;51;32.628;15.73
2849;32;51;37.068;15.82
2850;32;52;76.511;3.73
2851;32;52;74.304;0.9
2852;32;52;88.987;4.13
2853;32;53;85.959;6.17
2854;32;53;75.316;14.58
2855;32;54;47.317;17.58
2856;32;54;38.16;11.44
2857;32;54;43.035;14.6
2858;32;55;52.867;2.44
2859;32;55;61.958;17.77
2860;32;55;47.023;6.46
2861;32;56;49.535;13.74
2862;32;56;43.14;17.07
2863;32;56;45.948;21.08
2864;32;57;75.107;13.71
2865;32;57;82.003;22.02
2866;32;58;94.182;22.2
2867;32;58;106.123;11.5
2868;32;59;81.991;17.99
2869;32;59;80.448;3.7
2870;32;59;88.801;24.23
2871;33;34;22.49;12.94
2872;33;35;46.577;17.29
2873;33;35;46.407;22.08
2874;33;36;3.31;21.03
2875;33;37;30.089;7.62
2876;33;37;30.117;6.86
2877;33;37;30.153;14.5
2878;33;38;5.327;13.2
2879;33;38;6.579;4.27
2880;33;38;4.638;3.74
2881;33;39;33.609;1.59
2882;33;40;20.622;20.15
2883;33;41;17.596;0.59
2884;33;41;16.659;2.8
2885;33;41;15.013;5.25
2886;33;42;73.478;5.6
2887;33;42;85.419;23.89
2888;33;42;87.122;1.01
2889;33;43;27.922;18.53
2890;33;44;51.076;13.89
2891;33;45;36.293;16.45
2892;33;46;12.744;13.83
2893;33;46;14.376;9.61
2894;33;47;15.946;18.43
2895;33;47;17.79;0.76
2896;33;47;18.78;0.16
2897;33;48;83.829;23.35
2898;33;49;17.517;21.45
2899;33;50;79.668;12.34
2900;33;50;78.371;3.64
2901;33;51;42.114;18.88
2902;33;51;33.887;6.14
2903;33;52;16.63;1.47
2904;33;52;17.36;10.92
2905;33;52;16.7;16.0
2906;33;53;39.06;13.85
2907;33;53;39.461;11.06
2908;33;53;31.112;4.39
2909;33;54;37.336;23.88
2910;33;55;31.539;14.03
2911;33;55;27.545;11.86
2912;33;55;38.003;11.31
2913;33;56;34.908;1.22
2914;33;56;31.118;1.54
2915;33;56;33.288;14.24
2916;33;57;55.131;11.18
2917;33;58;31.76;24.41
2918;33;59;7.648;18.43
2919;33;59;8.826;16.88
2920;34;35;28.986;12.83
2921;34;36;21.705;18.46
2922;34;36;23.585;18.84
2923;34;36;17.993;23.19
2924;34;37;43.651;2.41
2925;34;38;17.176;19.99
2926;34;39;34.798;15.51
2927;34;40;16.168;15.49
2928;34;40;16.647;23.05
2929;34;40;18.571;24.5
2930;34;41;17.206;16.46
2931;34;42;79.672;3.83
2932;34;42;96.932;10.85
2933;34;42;73.196;14.36
2934;34;43;49.404;14.78
2935;34;43;59.364;14.66
2936;34;43;59.321;11.29
2937;34;44;31.508;2.86
2938;34;45;58.187;9.5
2939;34;45;58.313;10.57
2940;34;46;13.506;6.04
2941;34;47;15.879;1.45
2942;34;48;65.351;5.74
2943;34;49;33.948;0.42
2944;34;50;100.562;24.68
2945;34;50;82.077;4.17
2946;34;51;51.253;8.78
2947;34;52;15.337;4.37
2948;34;52;15.47;20.74
2949;34;53;61.545;23.74
2950;34;53;58.315;9.97
2951;34;53;68.142;20.92
2952;34;54;45.11;8.4
2953;34;54;41.653;3.48
2954;34;55;41.651;18.52
2955;34;56;43.935;4.75
2956;34;56;45.966;9.99
2957;34;56;38.967;16.88
2958;34;57;40.1;19.51
2959;34;58;53.639;22.37
2960;34;59;30.026;5.23
2961;34;59;33.159;24.74
2962;34;59;32.578;15.88
2963;35;36;44.226;13.16
2964;35;36;52.65;12.07
2965;35;36;41.248;10.8
2966;35;37;52.081;8.74
2967;35;38;41.824;11.06
2968;35;38;35.751;6.36
2969;35;39;32.85;14.04
2970;35;39;24.68;18.1
2971;35;39;35.244;6.17
2972;35;40;27.177;10.37
2973;35;41;30.661;15.27
2974;35;42;71.407;22.99
2975;35;42;68.13;24.94
2976;35;43;74.411;17.61
2977;35;44;7.003;11.94
2978;35;44;8.081;9.8
2979;35;44;7.787;24.46
2980;35;45;82.42;9.85
2981;35;46;33.86;10.94
2982;35;46;36.3;0.64
2983;35;46;35.016;21.08
2984;35;47;31.563;17.49
2985;35;47;33.09;21.17
2986;35;48;37.277;1.41
2987;35;49;48.81;3.87
2988;35;49;45.589;14.32
2989;35;50;113.771;19.08
2990;35;50;139.849;11.39
2991;35;50;125.756;3.28
2992;35;51;52.084;2.75
2993;35;51;63.706;3.12
2994;35;51;60.06;0.0
2995;35;52;30.721;4.4
2996;35;52;31.609;3.19
2997;35;52;23.715;21.49
2998;35;53;82.679;7.16
2999;35;54;46.214;3.63
3000;35;54;52.643;6.4
3001;35;54;41.987;9.85
3002;35;55;46.809;10.41
3003;35;56;46.969;6.96
3004;35;56;38.872;17.23
3005;35;56;53.623;20.57
3006;35;57;12.158;1.96
3007;35;58;77.963;16.24
3008;35;58;93.92;22.71
3009;35;59;52.651;15.68
3010;35;59;56.436;1.45
3011;35;59;55.288;14.06
3012;36;37;27.607;2.97
3013;36;37;22.234;3.42
3014;36;38;5.145;17.31
3015;36;38;4.351;5.64
3016;36;39;30.3;12.45
3017;36;39;29.177;3.39
3018;36;40;17.779;14.46
3019;36;40;21.193;4.67
3020;36;40;13.656;12.69
3021;36;41;14.611;4.99
3022;36;42;70.506;4.9
3023;36;42;54.415;20.31
3024;36;42;60.959;11.72
3025;36;43;30.195;13.84
3026;36;44;48.996;9.28
3027;36;44;47.162;3.05
3028;36;44;39.246;19.91
3029;36;45;38.272;10.97
3030;36;46;10.432;1.56
3031;36;47;13.091;0.64
3032;36;47;13.509;10.04
3033;36;47;14.515;12.06
3034;36;48;81.402;11.54
3035;36;48;73.832;7.74
3036;36;49;15.282;2.12
3037;36;49;18.552;8.08
3038;36;50;79.351;20.48
3039;36;50;64.957;23.79
3040;36;51;39.235;1.91
3041;36;51;46.308;21.75
3042;36;52;13.833;2.37
3043;36;52;11.076;1.61
3044;36;52;14.757;8.91
3045;36;53;40.119;2.48
3046;36;53;32.345;8.93
3047;36;54;34.301;20.96
3048;36;55;28.64;11.46
3049;36;56;31.95;0.59
3050;36;56;25.633;6.29
3051;36;56;27.492;2.46
3052;36;57;52.403;6.96
3053;36;58;33.781;24.43
3054;36;59;8.671;20.36
3055;37;38;32.128;10.42
3056;37;38;38.059;8.07
3057;37;39;20.863;10.52
3058;37;39;23.158;8.98
3059;37;39;19.204;24.63
3060;37;40;29.299;9.16
3061;37;41;26.925;1.17
3062;37;42;44.819;8.92
3063;37;43;41.641;4.31
3064;37;44;58.771;18.39
3065;37;45;45.24;10.12
3066;37;45;49.0;0.19
3067;37;45;34.497;21.47
3068;37;46;30.433;6.82
3069;37;47;27.876;2.23
3070;37;48;84.689;4.43
3071;37;48;87.529;5.61
3072;37;48;84.446;7.02
3073;37;49;12.681;12.83
3074;37;50;61.698;20.8
3075;37;50;47.711;22.04
3076;37;50;71.134;14.6
3077;37;51;13.78;7.78
3078;37;52;28.531;21.1
3079;37;52;28.404;9.74
3080;37;52;28.135;12.33
3081;37;53;38.943;17.23
3082;37;53;30.993;10.94
3083;37;53;37.549;0.08
3084;37;54;12.186;23.99
3085;37;55;6.556;6.88
3086;37;56;9.199;10.94
3087;37;57;54.436;9.12
3088;37;57;54.887;7.71
3089;37;58;42.212;18.9
3090;37;59;26.736;3.05
3091;38;39;32.193;23.44
3092;38;39;28.842;17.87
3093;38;39;34.455;3.07
3094;38;40;16.91;0.38
3095;38;40;15.552;13.16
3096;38;41;14.37;0.94
3097;38;42;74.055;8.11
3098;38;42;81.172;12.3
3099;38;42;90.926;3.03
3100;38;43;32.99;11.79
3101;38;43;26.221;8.78
3102;38;43;38.554;8.59
3103;38;44;46.073;22.89
3104;38;44;43.986;12.86
3105;38;44;36.807;7.94
3106;38;45;41.496;24.88
3107;38;46;8.456;10.64
3108;38;46;6.816;3.84
3109;38;47;12.458;9.36
3110;38;47;12.924;8.09
3111;38;48;79.1;7.26
3112;38;48;76.031;17.1
3113;38;49;20.129;18.55
3114;38;49;16.603;24.36
3115;38;49;22.162;23.91
3116;38;50;84.405;20.93
3117;38;50;78.267;23.82
3118;38;50;88.435;18.0
3119;38;51;43.092;10.45
3120;38;51;39.873;7.51
3121;38;52;12.966;6.08
3122;38;52;15.198;13.13
3123;38;52;13.714;2.81
3124;38;53;44.368;23.38
3125;38;54;37.814;5.44
3126;38;55;32.527;22.51
3127;38;55;25.209;17.29
3128;38;56;35.678;8.2
3129;38;56;40.149;5.1
3130;38;57;50.865;16.3
3131;38;57;52.619;23.58
3132;38;58;36.952;10.66
3133;38;59;12.868;18.49
3134;38;59;15.152;0.34
3135;38;59;12.539;15.37
3136;39;40;18.795;20.1
3137;39;40;20.526;2.12
3138;39;40;18.599;13.98
3139;39;41;19.096;11.64
3140;39;41;14.362;2.29
3141;39;41;22.279;4.45
3142;39;42;44.909;16.56
3143;39;43;55.681;17.54
3144;39;43;49.363;2.67
3145;39;43;43.449;18.25
3146;39;44;39.809;5.06
3147;39;45;61.476;14.59
3148;39;45;71.882;21.58
3149;39;46;25.527;19.38
3150;39;46;25.683;21.8
3151;39;47;21.079;8.15
3152;39;47;24.513;14.5
3153;39;47;22.908;6.56
3154;39;48;63.847;0.79
3155;39;49;23.653;10.91
3156;39;49;25.198;24.36
3157;39;50;81.921;14.48
3158;39;50;67.326;19.72
3159;39;50;65.237;11.92
3160;39;51;19.447;6.9
3161;39;52;21.094;1.6
3162;39;52;22.625;18.46
3163;39;52;19.136;11.74
3164;39;53;57.683;16.59
3165;39;53;70.598;12.41
3166;39;53;67.713;12.92
3167;39;54;13.392;13.52
3168;39;54;16.015;16.69
3169;39;55;14.692;21.08
3170;39;56;14.211;20.82
3171;39;56;17.669;21.0
3172;39;56;12.895;7.95
3173;39;57;33.701;20.18
3174;39;58;57.66;24.42
3175;39;58;54.652;2.3
3176;39;59;35.108;14.45
3177;39;59;36.507;22.64
3178;40;41;3.485;3.81
3179;40;41;3.907;5.15
3180;40;41;3.354;16.27
3181;40;42;63.556;22.62
3182;40;42;48.979;8.34
3183;40;42;64.196;3.1
3184;40;43;47.772;3.2
3185;40;43;38.534;20.22
3186;40;43;51.24;11.15
3187;40;44;32.72;14.01
3188;40;44;36.914;22.56
3189;40;45;55.465;14.15
3190;40;46;8.545;12.11
3191;40;46;8.801;11.03
3192;40;46;7.444;20.52
3193;40;47;4.689;12.24
3194;40;47;4.746;10.56
3195;40;47;4.843;11.85
3196;40;48;63.98;2.83
3197;40;48;58.241;7.66
3198;40;48;55.2;13.68
3199;40;49;22.496;23.52
3200;40;49;20.641;18.48
3201;40;49;16.919;9.3
3202;40;50;89.367;13.43
3203;40;51;35.319;22.24
3204;40;52;4.0;21.84
3205;40;52;4.68;21.78
3206;40;53;55.542;7.19
3207;40;54;29.097;13.13
3208;40;54;23.534;21.01
3209;40;54;32.381;10.48
3210;40;55;26.218;19.37
3211;40;56;28.152;13.46
3212;40;57;34.642;3.12
3213;40;57;43.23;3.04
3214;40;58;51.068;4.0
3215;40;59;25.77;13.93
3216;41;42;63.264;14.23
3217;41;42;65.566;3.96
3218;41;43;44.421;19.7
3219;41;43;40.773;13.92
3220;41;43;41.049;17.08
3221;41;44;36.181;20.51
3222;41;44;38.825;21.9
3223;41;44;33.171;13.35
3224;41;45;52.036;24.9
3225;41;46;6.555;7.46
3226;41;46;6.417;8.58
3227;41;47;2.034;9.36
3228;41;48;67.423;14.67
3229;41;48;56.948;4.03
3230;41;49;19.269;24.58
3231;41;50;86.326;7.94
3232;41;50;97.213;7.87
3233;41;51;34.092;1.16
3234;41;51;33.756;4.45
3235;41;52;2.034;2.95
3236;41;53;52.061;8.06
3237;41;54;28.013;17.31
3238;41;54;26.102;13.01
3239;41;54;32.665;18.5
3240;41;55;24.466;16.65
3241;41;55;23.051;16.55
3242;41;55;28.276;14.32
3243;41;56;26.738;12.13
3244;41;56;26.752;10.62
3245;41;57;37.954;13.01
3246;41;58;47.654;5.68
3247;41;58;39.315;23.25
3248;41;59;22.391;1.36
3249;41;59;20.527;15.42
3250;41;59;20.843;17.4
3251;42;43;85.25;16.31
3252;42;44;78.008;0.64
3253;42;44;77.461;20.15
3254;42;45;86.948;23.65
3255;42;45;99.998;7.83
3256;42;46;69.201;9.39
3257;42;47;65.084;12.04
3258;42;47;76.984;4.35
3259;42;47;60.828;1.45
3260;42;48;87.942;4.93
3261;42;48;101.275;24.63
3262;42;48;79.929;8.35
3263;42;49;57.058;13.13
3264;42;49;47.791;9.44
3265;42;49;48.633;10.49
3266;42;50;74.18;2.59
3267;42;50;71.815;21.16
3268;42;51;31.488;3.26
3269;42;51;28.219;5.6
3270;42;52;65.297;20.84
3271;42;53;77.521;3.58
3272;42;53;80.101;18.67
3273;42;54;36.251;15.89
3274;42;54;32.337;11.76
3275;42;54;39.398;2.58
3276;42;55;41.967;7.34
3277;42;56;38.57;2.4
3278;42;57;65.379;13.11
3279;42;57;74.831;4.43
3280;42;58;84.844;10.68
3281;42;58;80.002;11.85
3282;42;58;77.626;18.05
3283;42;59;71.35;20.85
3284;42;59;77.676;3.46
3285;43;44;78.998;13.4
3286;43;45;9.07;9.3
3287;43;46;40.559;12.67
3288;43;46;49.49;15.59
3289;43;47;43.135;0.29
3290;43;47;37.274;16.45
3291;43;48;111.595;14.4
3292;43;49;32.318;15.18
3293;43;50;64.246;11.38
3294;43;51;55.344;0.47
3295;43;51;47.395;4.28
3296;43;51;48.063;12.73
3297;43;52;43.925;21.98
3298;43;52;38.419;11.22
3299;43;52;44.23;10.15
3300;43;53;17.929;7.0
3301;43;53;19.557;1.44
3302;43;53;15.816;20.24
3303;43;54;53.239;15.9
3304;43;54;66.209;23.77
3305;43;55;46.776;12.17
3306;43;55;46.019;11.0
3307;43;56;50.209;21.08
3308;43;56;51.86;6.31
3309;43;57;82.373;12.34
3310;43;58;4.826;13.56
3311;43;59;22.042;8.38
3312;43;59;21.376;24.97
3313;44;45;87.263;21.15
3314;44;45;71.424;15.95
3315;44;45;67.544;15.21
3316;44;46;38.565;8.67
3317;44;46;36.729;2.83
3318;44;46;30.332;16.87
3319;44;47;36.834;2.77
3320;44;48;33.867;14.4
3321;44;48;31.592;23.34
3322;44;49;54.86;5.9
3323;44;50;120.412;12.01
3324;44;51;59.077;23.39
3325;44;52;35.967;9.1
3326;44;52;44.466;22.4
3327;44;53;88.199;12.09
3328;44;54;53.186;10.71
3329;44;54;48.232;24.92
3330;44;55;53.636;3.68
3331;44;55;61.786;1.69
3332;44;55;65.781;24.6
3333;44;56;53.889;3.72
3334;44;57;15.393;9.48
3335;44;57;15.178;8.17
3336;44;58;82.759;24.58
3337;44;58;71.801;13.62
3338;44;59;57.583;15.95
3339;45;46;48.704;3.04
3340;45;46;43.08;2.15
3341;45;47;50.916;2.24
3342;45;48;119.442;11.93
3343;45;49;37.823;15.62
3344;45;49;42.372;16.23
3345;45;49;34.168;23.5
3346;45;50;57.633;16.94
3347;45;50;53.327;7.74
3348;45;50;44.911;24.92
3349;45;51;58.502;16.61
3350;45;51;69.492;4.73
3351;45;52;51.739;20.58
3352;45;53;12.275;6.13
3353;45;54;57.301;2.95
3354;45;54;51.2;21.63
3355;45;54;56.149;22.9
3356;45;55;51.015;14.89
3357;45;55;45.826;22.27
3358;45;56;54.257;14.84
3359;45;56;61.5;22.53
3360;45;56;43.771;9.24
3361;45;57;89.842;12.33
3362;45;57;69.8;7.4
3363;45;57;81.066;0.61
3364;45;58;4.55;9.88
3365;45;58;4.848;20.71
3366;45;59;29.769;15.18
3367;46;47;4.52;0.37
3368;46;47;5.405;17.89
3369;46;48;71.094;23.92
3370;46;48;77.001;14.25
3371;46;49;20.46;22.54
3372;46;49;16.435;20.5
3373;46;49;21.365;11.42
3374;46;50;87.336;22.99
3375;46;50;87.743;3.15
3376;46;50;70.139;22.51
3377;46;51;39.277;18.61
3378;46;51;33.032;7.68
3379;46;52;4.773;15.94
3380;46;52;4.896;0.59
3381;46;52;5.094;23.24
3382;46;53;50.179;21.75
3383;46;53;40.666;10.7
3384;46;53;37.809;4.53
3385;46;54;33.433;3.45
3386;46;55;29.133;5.65
3387;46;55;32.687;24.29
3388;46;56;31.806;11.0
3389;46;56;30.057;21.68
3390;46;57;42.495;12.96
3391;46;57;44.875;24.11
3392;46;57;41.717;12.51
3393;46;58;44.209;14.84
3394;46;59;19.04;3.55
3395;46;59;20.142;23.39
3396;46;59;23.185;8.79
3397;47;48;68.535;8.9
3398;47;48;53.861;6.76
3399;47;48;68.26;7.62
3400;47;49;19.388;9.7
3401;47;50;86.565;1.81
3402;47;50;65.345;13.29
3403;47;50;104.555;2.42
3404;47;51;35.639;23.63
3405;47;52;0.875;5.01
3406;47;53;51.373;11.66
3407;47;54;29.633;4.82
3408;47;54;36.635;22.65
3409;47;54;34.938;1.92
3410;47;55;25.811;20.7
3411;47;55;26.406;17.25
3412;47;56;28.231;14.04
3413;47;56;28.963;19.52
3414;47;56;30.584;16.64
3415;47;57;39.319;17.21
3416;47;57;42.332;7.37
3417;47;57;30.503;9.33
3418;47;58;46.495;16.28
3419;47;59;21.172;3.24
3420;48;49;84.272;16.8
3421;48;49;90.429;18.68
3422;48;49;92.29;24.95
3423;48;50;145.288;10.56
3424;48;50;171.693;9.85
3425;48;50;120.668;3.88
3426;48;51;80.261;16.21
3427;48;51;79.15;9.83
3428;48;52;67.721;17.27
3429;48;52;59.317;12.66
3430;48;53;118.881;6.38
3431;48;54;75.688;5.97
3432;48;54;85.984;24.16
3433;48;55;78.505;23.63
3434;48;55;73.18;2.12
3435;48;55;95.332;11.14
3436;48;56;77.466;18.9
3437;48;57;30.43;14.48
3438;48;57;23.204;18.08
3439;48;58;115.03;8.49
3440;48;58;143.504;23.68
3441;48;58;122.229;16.62
3442;48;59;89.706;16.09
3443;48;59;96.198;21.19
3444;49;50;67.181;20.58
3445;49;50;71.473;9.07
3446;49;51;25.596;3.54
3447;49;51;21.004;0.6
3448;49;51;22.889;20.12
3449;49;52;20.218;4.44
3450;49;52;20.288;6.71
3451;49;52;25.085;24.67
3452;49;53;34.795;0.15
3453;49;53;35.794;23.04
3454;49;53;41.791;8.59
3455;49;54;21.891;13.04
3456;49;54;22.244;4.07
3457;49;55;15.481;3.87
3458;49;55;15.344;24.62
3459;49;56;19.038;18.62
3460;49;56;21.323;11.32
3461;49;56;19.419;23.71
3462;49;57;53.938;6.91
3463;49;58;34.041;23.21
3464;49;58;32.058;24.05
3465;49;59;14.3;16.96
3466;49;59;14.211;18.75
3467;50;51;65.286;6.79
3468;50;51;68.064;1.65
3469;50;51;77.406;18.31
3470;50;52;87.388;22.0
3471;50;53;46.324;4.65
3472;50;53;46.682;23.9
3473;50;53;37.891;11.73
3474;50;54;69.6;17.59
3475;50;54;84.538;21.65
3476;50;55;67.299;20.42
3477;50;55;62.855;17.06
3478;50;56;67.919;20.28
3479;50;56;51.125;24.32
3480;50;57;115.557;10.05
3481;50;57;100.328;8.47
3482;50;57;142.045;1.65
3483;50;58;59.949;3.07
3484;50;58;54.502;17.15
3485;50;58;66.596;1.42
3486;50;59;72.243;16.05
3487;50;59;86.61;14.17
3488;51;52;36.044;24.17
3489;51;52;27.565;8.41
3490;51;53;51.114;22.7
3491;51;53;56.814;20.66
3492;51;54;6.31;9.59
3493;51;54;5.773;12.67
3494;51;54;6.046;16.68
3495;51;55;10.597;20.26
3496;51;55;10.653;9.71
3497;51;56;7.486;4.58
3498;51;56;8.349;2.03
3499;51;56;6.286;9.13
3500;51;57;51.273;12.13
3501;51;58;55.703;9.03
3502;51;59;39.896;14.12
3503;52;53;52.243;19.19
3504;52;53;59.56;19.04
3505;52;54;29.993;18.32
3506;52;54;32.221;4.97
3507;52;55;26.316;13.22
3508;52;55;29.107;6.6
3509;52;55;24.899;9.65
3510;52;56;28.664;12.41
3511;52;57;38.57;9.72
3512;52;57;35.612;17.6
3513;52;58;47.311;2.23
3514;52;58;48.563;9.2
3515;52;59;21.985;24.39
3516;52;59;21.969;23.23
3517;53;54;51.092;18.82
3518;53;54;61.241;10.12
3519;53;55;45.288;12.64
3520;53;55;48.988;10.43
3521;53;56;48.138;23.23
3522;53;57;88.653;21.08
3523;53;58;13.692;10.79
3524;53;58;14.607;3.96
3525;53;59;31.553;3.94
3526;54;55;6.496;15.81
3527;54;55;5.264;3.59
3528;54;56;3.047;18.53
3529;54;56;3.381;13.38
3530;54;56;3.286;4.89
3531;54;57;46.157;4.02
3532;54;57;43.583;15.14
3533;54;58;54.128;2.15
3534;54;58;60.959;21.4
3535;54;58;51.576;21.84
3536;54;59;35.994;20.24
3537;55;56;3.558;24.95
3538;55;56;3.887;23.26
3539;55;56;3.552;9.01
3540;55;57;48.392;11.74
3541;55;57;60.338;0.18
3542;55;58;47.753;14.91
3543;55;59;29.69;22.13
3544;55;59;27.522;23.38
3545;56;57;47.647;11.29
3546;56;57;52.556;3.97
3547;56;57;53.744;23.11
3548;56;58;51.081;1.58
3549;56;59;33.232;5.39
3550;56;59;27.037;11.57
3551;57;58;85.519;11.68
3552;57;58;104.295;15.23
3553;57;59;60.335;1.92
3554;58;59;25.327;0.15
3555;58;59;22.443;5.93
