VERTEX_COUNT 60
PATH_COUNT 1
BUDGET 600
<------------ VERTICES ------------>
0;START;41.374834;2.170055;0.0;0.0
1;Basilica of the Sagrada Família;41.403568;2.174435;45.0;100.0
2;Imaginart Gallery;41.393822;2.164627;45.0;96.16
3;Lorena Ruiz de Villa;41.397858;2.146705;45.0;92.09
4;Barcelona;41.389034;2.16137;45.0;91.0
5;Atelier;41.407719;2.158233;45.0;90.05
6;Galeria d’Art Mar Grup Escolà;41.392349;2.167836;45.0;88.38
7;Contrast;41.387928;2.161469;45.0;87.24
8;Arts Santa Mònica;41.37722;2.176012;45.0;87.13
9;Carles Taché;41.389851;2.164213;45.0;82.72
10;Museu Nacional d’Art de Catalunya;41.36882;2.153347;45.0;82.36
11;Galeria Mayoral;41.389542;2.163808;45.0;82.01
12;Palau Güell;41.378864;2.174117;45.0;80.49
13;Anella Olímpica(Olympic Park);41.364778;2.152575;45.0;78.56
14;Piramidon Centre d’Art Contemporani;41.422626;2.209764;45.0;78.49
15;La Pedrera (Casa Milà);41.395271;2.161785;45.0;76.63
16;Museu d’Història de Catalunya - MHC;41.380852;2.185799;45.0;75.57
17;Parc de la Ciutadella;41.389248;2.186548;45.0;74.62
18;Avinguda d’Icària;41.391556;2.197416;45.0;74.46
19;Basilica of Sants Just i Pastor;41.382812;2.178195;45.0;73.58
20;Despair;41.387653;2.188076;45.0;73.16
21;Poble Espanyol;41.368679;2.147031;45.0;71.78
22;A. Cortina;41.391098;2.161385;45.0;70.51
23;Galeria Ferran Cano;41.375816;2.177766;45.0;70.18
24;Montjuïc Castle;41.363823;2.167096;45.0;69.54
25;Passeig de Gràcia;41.390739;2.166672;45.0;69.27
26;Museu Frederic Marès;41.384178;2.176819;45.0;68.77
27;Àngels Barcelona;41.382534;2.169249;45.0;68.7
28;Beaskoa;41.384792;2.181268;45.0;68.51
29;Carmen Sallent;41.39637;2.153188;45.0;67.97
30;Galeria Miquel Alzueta;41.397125;2.156751;45.0;66.48
31;Monument to Doctor Robert;41.394924;2.175599;45.0;66.35
32;Antic Hospital de la Santa Creu;41.380573;2.170374;45.0;66.08
33;Artur Ramon Art;41.383682;2.17456;45.0;65.32
34;Museu Picasso;41.385181;2.180863;45.0;64.86
35;Museu Palmero;41.424667;2.139856;45.0;64.42
36;La Colmena;41.383835;2.178294;45.0;63.06
37;Plaça de Catalunya;41.387005;2.17003;45.0;62.77
38;Parc de Diagonal Mar;41.407215;2.214539;45.0;62.22
39;Casa Martí, Els Quatre Gats ;41.385775;2.173671;45.0;62.03
40;Plaça del Rei;41.384144;2.177409;45.0;61.11
41;Pèrgamon Quatre Gràfica Quatre;41.382576;2.173292;45.0;60.86
42;Park Güell;41.414249;2.151926;45.0;60.43
43;Artevistas Gallery;41.381779;2.17652;45.0;58.83
44;90th Jean Bouin;41.373077;2.150465;45.0;58.62
45;Platja de la Nova Mar Bella;41.40205;2.21529;45.0;58.42
46;Rambla del Raval;41.378681;2.169317;45.0;58.39
47;Àmbit;41.389328;2.163531;45.0;57.35
48;Maeght;41.384689;2.181526;45.0;56.8
49;Barcelona Head;41.380924;2.182465;45.0;56.57
50;Casa Batlló;41.391758;2.164961;45.0;56.5
51;Turó de la Rovira viewing point;41.419388;2.161812;45.0;56.25
52;Basilica of Santa Maria del Mar;41.383518;2.1818;45.0;55.57
53;Poblenou Cemetery;41.394859;2.201189;45.0;55.45
54;Royal Dockyards Museu Marítim ;41.375286;2.17598;45.0;55.03
55;Parc de la Creueta del Coll;41.41935;2.146432;45.0;54.39
56;Palau Montaner;41.39555;2.1652;45.0;53.63
57;Fundació Fran Daurel;41.369118;2.146695;45.0;53.44
58;Palau Sant Jordi;41.363441;2.152537;45.0;52.25
59;FINISH;41.374834;2.170055;0.0;0.0
<------------- EDGES -------------->
0;0;1;49.491;22.44
1;0;2;33.232;6.3
2;0;3;49.508;20.22
3;0;3;56.966;11.97
4;0;4;26.736;24.68
5;0;4;32.85;9.12
6;0;4;20.516;21.76
7;0;5;58.284;4.33
8;0;6;30.107;15.84
9;0;6;37.416;19.74
10;0;7;24.972;11.17
11;0;7;19.041;2.08
12;0;8;8.671;7.64
13;0;8;9.454;20.42
14;0;8;9.052;13.64
15;0;9;26.77;2.77
16;0;9;23.604;7.21
17;0;9;31.716;18.14
18;0;10;23.796;15.02
19;0;10;20.06;17.6
20;0;10;28.477;23.6
21;0;11;26.416;6.96
22;0;11;23.787;20.39
23;0;12;8.647;14.27
24;0;13;28.285;17.73
25;0;13;35.11;9.29
26;0;13;23.8;18.24
27;0;14;96.367;14.54
28;0;15;36.549;6.77
29;0;15;30.286;8.05
30;0;16;22.688;18.21
31;0;17;32.509;16.08
32;0;17;27.997;20.47
33;0;17;27.739;17.83
34;0;18;45.309;16.98
35;0;18;51.939;19.23
36;0;19;17.194;5.37
37;0;19;17.267;13.68
38;0;19;12.998;6.66
39;0;20;31.884;15.93
40;0;20;32.484;22.14
41;0;20;35.073;16.84
42;0;21;31.387;8.41
43;0;22;29.975;2.88
44;0;22;24.786;7.84
45;0;23;10.043;19.55
46;0;24;19.222;8.16
47;0;24;17.671;14.84
48;0;25;27.562;5.65
49;0;25;31.605;19.51
50;0;26;18.196;1.54
51;0;26;15.13;13.2
52;0;26;15.207;18.22
53;0;27;13.217;13.2
54;0;27;11.355;14.87
55;0;27;13.021;0.96
56;0;28;22.308;24.68
57;0;29;42.745;7.34
58;0;29;39.729;5.03
59;0;29;34.13;11.96
60;0;30;41.795;8.84
61;0;30;50.0;6.73
62;0;30;34.67;20.74
63;0;31;35.108;11.21
64;0;31;26.843;7.54
65;0;31;32.345;2.91
66;0;32;9.829;21.68
67;0;32;9.452;1.88
68;0;33;16.208;15.46
69;0;33;14.544;1.17
70;0;33;12.268;8.05
71;0;34;22.496;14.6
72;0;35;93.673;7.55
73;0;35;72.382;0.53
74;0;36;18.686;22.62
75;0;36;22.416;21.53
76;0;36;18.35;6.04
77;0;37;20.827;5.05
78;0;38;79.572;4.5
79;0;38;80.565;20.25
80;0;39;19.29;8.69
81;0;39;23.613;19.21
82;0;39;24.037;14.75
83;0;40;18.52;8.72
84;0;41;13.885;13.78
85;0;42;71.35;7.58
86;0;43;14.497;0.61
87;0;43;11.947;5.1
88;0;44;25.336;24.69
89;0;44;23.319;11.43
90;0;45;74.442;15.72
91;0;45;65.791;4.11
92;0;45;60.563;9.34
93;0;46;6.651;3.62
94;0;46;5.106;24.08
95;0;47;26.179;18.64
96;0;47;23.63;20.11
97;0;47;27.26;2.79
98;0;48;22.391;1.54
99;0;48;26.522;23.05
100;0;49;19.04;17.08
101;0;50;29.69;8.97
102;0;50;35.797;15.84
103;0;51;76.973;17.68
104;0;51;86.358;3.91
105;0;51;64.164;7.68
106;0;52;21.172;20.0
107;0;52;16.589;18.93
108;0;53;52.651;22.68
109;0;53;44.177;22.03
110;0;54;7.648;10.59
111;0;55;81.991;6.93
112;0;55;89.715;16.84
113;0;56;35.994;23.41
114;0;57;31.553;23.35
115;0;58;29.769;21.81
116;0;59;0.0;13.52
117;0;59;0.0;20.02
118;0;59;0.0;10.96
119;1;2;20.896;3.41
120;1;2;19.445;4.88
121;1;3;36.911;4.25
122;1;3;39.297;22.28
123;1;3;36.896;19.04
124;1;4;29.997;11.67
125;1;5;21.975;2.26
126;1;5;24.769;12.69
127;1;5;17.188;23.26
128;1;6;20.984;19.08
129;1;6;17.538;23.76
130;1;6;25.118;4.36
131;1;7;31.517;16.31
132;1;7;30.825;15.04
133;1;8;45.133;2.28
134;1;8;52.051;22.78
135;1;8;40.677;9.8
136;1;9;26.892;11.85
137;1;10;65.336;19.87
138;1;11;27.608;17.27
139;1;11;30.7;5.26
140;1;12;42.276;14.99
141;1;13;72.069;24.1
142;1;14;55.85;2.52
143;1;15;21.57;22.64
144;1;15;16.677;6.81
145;1;15;17.411;23.46
146;1;16;41.52;24.13
147;1;16;45.094;1.42
148;1;17;29.022;0.52
149;1;18;35.955;10.63
150;1;19;35.845;6.78
151;1;19;31.426;17.89
152;1;20;32.378;24.37
153;1;20;31.959;10.65
154;1;20;34.931;0.39
155;1;21;69.299;17.33
156;1;21;67.686;10.87
157;1;22;27.129;8.13
158;1;23;47.682;11.25
159;1;23;54.918;23.37
160;1;24;68.662;4.38
161;1;24;71.017;20.67
162;1;24;59.775;6.7
163;1;25;24.109;8.95
164;1;25;29.522;10.57
165;1;26;33.322;3.65
166;1;26;40.84;11.8
167;1;27;36.604;10.6
168;1;27;41.101;20.21
169;1;28;33.306;21.4
170;1;28;33.338;20.4
171;1;28;34.158;16.77
172;1;29;29.925;6.73
173;1;29;30.914;16.72
174;1;30;25.235;10.83
175;1;30;29.833;5.73
176;1;30;19.961;18.25
177;1;31;14.867;18.56
178;1;31;17.671;12.3
179;1;31;14.657;19.28
180;1;32;39.694;10.02
181;1;33;34.03;7.2
182;1;33;29.247;0.52
183;1;33;28.711;18.36
184;1;34;32.528;5.4
185;1;34;27.047;22.75
186;1;34;27.628;2.78
187;1;35;57.209;9.86
188;1;35;59.929;14.88
189;1;36;34.129;24.98
190;1;36;27.795;10.98
191;1;36;34.671;15.7
192;1;37;28.902;10.34
193;1;37;33.065;18.21
194;1;37;29.225;0.08
195;1;38;51.851;9.34
196;1;38;63.08;20.35
197;1;38;39.879;20.37
198;1;39;30.463;1.69
199;1;39;35.553;16.36
200;1;39;24.917;14.85
201;1;40;33.457;12.06
202;1;41;35.952;14.94
203;1;41;38.086;23.77
204;1;42;34.185;8.31
205;1;43;37.382;24.5
206;1;44;60.577;13.69
207;1;44;74.666;22.53
208;1;45;52.504;9.12
209;1;45;52.648;12.94
210;1;45;51.328;19.47
211;1;46;43.091;22.94
212;1;46;43.996;15.83
213;1;47;28.102;12.9
214;1;47;35.067;11.72
215;1;48;33.564;5.93
216;1;48;34.738;22.76
217;1;49;40.097;8.12
218;1;49;42.736;22.1
219;1;50;23.587;4.19
220;1;50;26.414;17.12
221;1;51;31.549;9.89
222;1;51;36.236;20.16
223;1;52;35.589;0.88
224;1;52;38.871;13.99
225;1;53;37.436;24.59
226;1;53;43.364;21.14
227;1;53;40.0;23.26
228;1;54;48.438;23.2
229;1;55;44.955;0.59
230;1;56;18.132;23.75
231;1;56;19.481;20.52
232;1;57;68.875;24.03
233;1;57;75.043;4.86
234;1;57;73.205;15.06
235;1;58;74.2;13.56
236;1;59;49.491;24.28
237;1;59;42.174;20.83
238;1;59;55.689;17.11
239;2;3;24.021;18.27
240;2;3;23.314;10.69
241;2;3;23.534;24.06
242;2;4;9.199;13.05
243;2;4;9.2;7.82
244;2;5;25.157;2.53
245;2;5;23.0;21.34
246;2;6;4.83;21.48
247;2;6;4.426;5.58
248;2;7;10.87;1.55
249;2;8;31.95;24.6
250;2;8;30.147;11.59
251;2;8;35.517;18.07
252;2;9;6.816;6.05
253;2;9;5.752;24.92
254;2;9;8.249;0.24
255;2;10;45.169;10.05
256;2;10;53.833;20.35
257;2;11;7.399;15.33
258;2;11;5.805;16.47
259;2;12;28.348;0.33
260;2;12;29.84;2.57
261;2;12;25.722;12.93
262;2;13;52.055;8.6
263;2;14;76.063;19.25
264;2;15;4.411;12.5
265;2;16;35.092;20.26
266;2;16;41.098;20.42
267;2;17;29.21;22.63
268;2;17;25.54;4.65
269;2;18;42.271;0.17
270;2;19;25.659;18.33
271;2;19;21.677;21.5
272;2;19;26.87;9.8
273;2;20;31.901;0.04
274;2;20;32.936;10.28
275;2;21;48.597;13.02
276;2;21;51.284;20.1
277;2;21;49.049;8.2
278;2;22;6.249;19.83
279;2;22;6.995;3.58
280;2;23;35.128;11.77
281;2;23;42.804;16.94
282;2;24;51.433;13.39
283;2;25;5.893;13.77
284;2;25;6.907;10.05
285;2;26;22.745;0.17
286;2;26;25.422;16.06
287;2;27;20.207;23.41
288;2;28;26.367;21.74
289;2;28;32.306;17.6
290;2;29;15.318;22.82
291;2;30;11.583;19.27
292;2;31;14.211;14.06
293;2;32;23.842;5.54
294;2;33;21.534;17.55
295;2;33;25.813;8.31
296;2;34;25.556;1.29
297;2;34;31.076;20.39
298;2;35;61.618;23.57
299;2;35;76.66;5.1
300;2;35;70.341;22.03
301;2;36;24.494;9.41
302;2;36;18.642;6.07
303;2;36;29.27;2.33
304;2;37;13.572;3.39
305;2;37;16.499;1.68
306;2;37;13.817;6.8
307;2;38;68.043;5.06
308;2;38;68.623;0.47
309;2;38;63.68;12.09
310;2;39;18.012;4.27
311;2;40;23.314;20.57
312;2;41;22.228;22.0
313;2;42;38.57;23.92
314;2;42;40.254;0.45
315;2;42;34.11;0.17
316;2;43;25.648;5.52
317;2;44;39.886;8.9
318;2;44;40.497;3.18
319;2;44;46.735;24.43
320;2;45;66.54;6.89
321;2;45;68.168;18.62
322;2;46;26.6;4.61
323;2;46;31.483;6.38
324;2;46;20.324;11.22
325;2;47;7.818;24.36
326;2;47;7.166;6.28
327;2;47;6.884;1.3
328;2;48;26.738;12.52
329;2;48;23.846;14.55
330;2;49;31.806;20.34
331;2;50;3.558;19.84
332;2;50;3.799;0.64
333;2;51;43.898;14.58
334;2;52;28.231;2.22
335;2;53;46.969;16.14
336;2;53;45.551;24.86
337;2;54;34.908;10.5
338;2;55;49.535;0.26
339;2;56;3.047;0.85
340;2;56;3.287;2.89
341;2;57;48.138;11.12
342;2;57;39.479;4.58
343;2;58;54.257;11.01
344;2;58;45.311;0.74
345;2;58;57.22;9.51
346;2;59;33.232;9.58
347;2;59;35.065;21.57
348;3;4;24.134;19.86
349;3;4;24.031;19.22
350;3;4;29.639;17.78
351;3;5;22.443;7.44
352;3;6;28.717;24.16
353;3;6;25.594;1.3
354;3;6;32.663;2.68
355;3;7;25.455;20.68
356;3;8;51.604;24.58
357;3;8;64.066;18.23
358;3;9;26.323;21.94
359;3;9;32.509;3.66
360;3;10;50.417;22.61
361;3;11;26.164;19.5
362;3;11;22.823;18.68
363;3;11;28.94;10.15
364;3;12;47.906;20.99
365;3;13;57.108;24.89
366;3;13;64.928;24.04
367;3;13;62.099;24.32
368;3;14;91.357;16.68
369;3;15;19.858;6.91
370;3;15;21.52;10.58
371;3;15;24.282;21.67
372;3;16;58.016;6.09
373;3;17;53.228;9.21
374;3;17;43.54;6.69
375;3;17;44.993;11.34
376;3;18;65.986;14.69
377;3;18;61.863;1.1
378;3;18;57.277;6.06
379;3;19;47.93;22.25
380;3;19;42.049;8.83
381;3;19;42.709;7.13
382;3;20;55.908;18.28
383;3;21;49.934;21.2
384;3;21;40.571;19.62
385;3;22;22.112;22.28
386;3;22;24.976;19.03
387;3;23;54.891;14.86
388;3;23;59.952;5.28
389;3;23;60.301;1.11
390;3;24;63.856;17.26
391;3;25;28.38;5.55
392;3;26;45.195;7.76
393;3;26;49.236;10.12
394;3;27;39.055;22.43
395;3;27;30.974;1.65
396;3;27;45.597;4.91
397;3;28;49.686;11.27
398;3;28;47.275;18.27
399;3;28;56.127;3.7
400;3;29;8.703;14.0
401;3;29;10.819;20.5
402;3;30;12.957;22.61
403;3;31;37.429;16.56
404;3;31;40.305;15.62
405;3;31;39.674;1.46
406;3;32;42.406;22.35
407;3;32;32.553;10.6
408;3;32;38.776;16.74
409;3;33;43.212;9.01
410;3;34;48.924;1.48
411;3;34;58.721;13.32
412;3;35;46.711;9.3
413;3;35;47.218;11.77
414;3;36;47.122;13.2
415;3;36;41.031;2.59
416;3;37;35.236;2.96
417;3;37;32.359;18.86
418;3;38;88.529;19.81
419;3;39;40.323;18.71
420;3;39;34.851;13.41
421;3;40;45.875;0.45
422;3;40;46.096;5.41
423;3;40;53.333;24.53
424;3;41;42.999;19.32
425;3;42;28.838;3.5
426;3;42;27.135;9.62
427;3;43;47.14;9.76
428;3;44;42.68;7.58
429;3;44;44.912;14.16
430;3;44;43.065;13.69
431;3;45;88.328;19.64
432;3;45;72.651;19.73
433;3;46;43.814;10.56
434;3;46;53.457;21.25
435;3;47;26.07;9.07
436;3;47;31.363;16.75
437;3;48;50.062;2.07
438;3;48;53.663;4.56
439;3;49;54.29;19.29
440;3;49;61.156;8.67
441;3;49;42.135;2.22
442;3;50;25.655;11.88
443;3;50;22.589;18.96
444;3;50;20.968;4.57
445;3;51;41.633;16.1
446;3;51;49.365;21.79
447;3;52;51.304;24.95
448;3;52;58.384;9.32
449;3;52;46.653;22.69
450;3;53;70.128;10.52
451;3;54;53.895;3.3
452;3;55;36.779;16.22
453;3;55;45.76;9.81
454;3;55;38.469;14.58
455;3;56;24.068;13.17
456;3;57;49.181;7.45
457;3;57;45.802;7.05
458;3;57;55.091;18.39
459;3;58;59.369;15.96
460;3;58;53.835;24.6
461;3;59;49.508;8.19
462;3;59;43.378;22.5
463;4;5;32.227;7.14
464;4;5;26.156;18.95
465;4;5;35.89;17.65
466;4;6;10.054;2.29
467;4;6;11.527;22.11
468;4;6;7.789;9.55
469;4;7;1.897;13.06
470;4;8;27.607;3.13
471;4;9;3.909;21.45
472;4;9;4.377;12.12
473;4;10;36.092;23.88
474;4;10;40.695;19.08
475;4;11;3.248;20.25
476;4;12;23.89;13.86
477;4;13;43.017;2.91
478;4;13;41.978;14.75
479;4;14;84.631;15.89
480;4;14;79.334;0.91
481;4;14;64.565;11.36
482;4;15;10.686;13.18
483;4;16;34.348;14.19
484;4;17;32.326;15.89
485;4;17;32.907;18.32
486;4;18;46.477;23.79
487;4;19;24.083;11.48
488;4;19;26.285;18.43
489;4;19;26.219;15.13
490;4;20;34.368;5.05
491;4;20;30.965;14.72
492;4;21;39.399;23.0
493;4;21;39.742;7.81
494;4;21;35.362;15.14
495;4;22;3.532;8.17
496;4;22;2.651;21.64
497;4;22;2.901;10.07
498;4;23;30.9;11.44
499;4;23;36.551;2.06
500;4;23;24.557;21.38
501;4;24;43.764;20.33
502;4;24;45.184;19.46
503;4;25;7.406;13.83
504;4;25;7.027;16.37
505;4;26;21.505;21.05
506;4;26;23.527;13.5
507;4;26;22.158;4.91
508;4;27;15.035;12.65
509;4;27;12.302;20.25
510;4;27;14.101;15.43
511;4;28;26.558;3.71
512;4;28;33.155;6.64
513;4;29;16.368;10.11
514;4;30;15.062;19.9
515;4;30;15.979;17.66
516;4;31;20.863;9.48
517;4;31;23.308;16.67
518;4;31;18.061;20.31
519;4;32;18.528;13.32
520;4;32;19.923;19.17
521;4;32;17.586;19.95
522;4;33;19.252;8.11
523;4;33;20.258;21.0
524;4;34;25.88;24.24
525;4;35;66.937;18.68
526;4;36;23.479;16.85
527;4;37;11.648;16.13
528;4;37;10.792;8.87
529;4;37;10.297;14.51
530;4;38;75.007;21.04
531;4;38;66.606;6.0
532;4;39;16.748;15.31
533;4;39;16.232;4.84
534;4;39;17.244;13.34
535;4;40;22.227;23.58
536;4;41;18.879;2.4
537;4;41;20.433;4.87
538;4;41;16.791;20.65
539;4;42;44.819;9.0
540;4;42;43.725;15.74
541;4;43;23.075;22.76
542;4;43;23.349;11.22
543;4;44;30.687;19.16
544;4;45;72.712;1.95
545;4;46;20.445;24.24
546;4;46;22.178;12.73
547;4;47;2.82;8.06
548;4;48;26.925;1.13
549;4;48;23.572;10.49
550;4;48;25.339;18.36
551;4;49;30.433;21.5
552;4;50;6.556;7.52
553;4;50;6.931;16.67
554;4;51;51.946;4.67
555;4;51;50.348;19.98
556;4;51;45.723;19.6
557;4;52;27.876;20.2
558;4;52;24.437;18.01
559;4;52;32.789;11.24
560;4;53;52.081;18.14
561;4;54;30.089;21.04
562;4;54;35.058;21.27
563;4;55;55.307;6.98
564;4;55;55.515;15.67
565;4;56;12.186;5.76
566;4;56;10.642;22.82
567;4;57;38.943;23.61
568;4;57;39.183;9.96
569;4;57;43.665;10.27
570;4;58;45.24;5.24
571;4;59;26.736;3.88
572;4;59;22.376;14.15
573;5;6;29.047;24.79
574;5;6;26.388;10.57
575;5;7;34.121;6.15
576;5;7;37.311;9.8
577;5;7;34.271;10.23
578;5;8;56.963;23.0
579;5;8;62.796;3.75
580;5;9;31.525;0.92
581;5;10;66.86;4.56
582;5;10;51.659;23.98
583;5;11;31.918;13.38
584;5;11;30.76;22.05
585;5;12;53.422;2.62
586;5;12;66.25;16.76
587;5;12;44.753;2.56
588;5;13;73.841;8.97
589;5;13;75.588;17.45
590;5;14;70.88;16.52
591;5;14;76.518;4.21
592;5;15;21.784;21.9
593;5;15;16.598;22.25
594;5;15;23.835;18.74
595;5;16;58.017;18.75
596;5;16;67.913;2.9
597;5;16;52.136;8.27
598;5;17;48.168;19.74
599;5;17;44.072;24.93
600;5;17;54.569;7.86
601;5;18;57.399;22.46
602;5;19;49.732;12.37
603;5;19;58.991;19.14
604;5;20;51.445;17.04
605;5;20;53.485;7.49
606;5;20;54.217;12.49
607;5;21;68.337;3.13
608;5;21;72.321;6.2
609;5;21;83.782;22.58
610;5;22;28.729;0.31
611;5;23;60.077;13.4
612;5;23;50.171;6.82
613;5;24;75.973;4.81
614;5;25;31.01;22.77
615;5;26;46.819;0.07
616;5;26;40.265;3.71
617;5;27;45.358;8.28
618;5;27;52.698;7.03
619;5;27;48.36;10.56
620;5;28;49.129;8.96
621;5;28;46.43;18.13
622;5;28;60.983;23.89
623;5;29;20.472;24.15
624;5;29;25.563;23.86
625;5;30;18.228;4.93
626;5;31;31.245;3.27
627;5;31;29.394;1.59
628;5;31;27.237;11.68
629;5;32;48.998;6.08
630;5;32;48.93;18.21
631;5;32;41.004;7.83
632;5;33;46.165;20.26
633;5;34;48.284;1.82
634;5;35;37.38;20.12
635;5;36;48.307;0.32
636;5;36;47.271;11.77
637;5;36;37.677;0.25
638;5;37;38.546;5.8
639;5;38;72.272;3.67
640;5;38;90.317;20.52
641;5;38;66.249;8.26
642;5;39;42.459;20.53
643;5;40;47.259;9.78
644;5;41;47.169;14.26
645;5;41;37.821;22.5
646;5;42;13.798;18.49
647;5;42;15.68;11.0
648;5;42;12.159;23.89
649;5;43;50.214;17.72
650;5;43;43.198;1.74
651;5;44;60.114;15.12
652;5;44;55.612;20.55
653;5;45;73.873;17.59
654;5;45;76.239;2.03
655;5;46;51.688;17.24
656;5;46;46.952;12.94
657;5;47;32.198;23.97
658;5;48;49.469;14.4
659;5;48;38.159;20.03
660;5;49;55.408;2.99
661;5;50;28.646;0.18
662;5;50;29.54;1.37
663;5;50;27.766;1.51
664;5;51;20.49;5.43
665;5;51;25.201;16.95
666;5;52;51.287;10.21
667;5;52;38.826;0.07
668;5;53;59.367;23.0
669;5;54;59.995;10.72
670;5;55;25.01;20.07
671;5;55;30.255;9.91
672;5;55;19.288;20.63
673;5;56;22.663;12.55
674;5;57;67.696;16.37
675;5;58;76.122;24.72
676;5;59;58.284;22.9
677;6;7;11.138;24.84
678;6;8;27.936;22.54
679;6;8;34.478;11.88
680;6;8;22.594;15.64
681;6;9;6.317;6.41
682;6;9;5.492;19.72
683;6;10;44.354;8.26
684;6;10;45.412;1.83
685;6;10;50.75;1.06
686;6;11;7.058;10.04
687;6;11;5.558;4.01
688;6;12;24.444;4.14
689;6;12;20.843;8.53
690;6;13;51.088;14.06
691;6;13;50.602;7.14
692;6;14;74.701;16.59
693;6;14;91.911;12.83
694;6;14;78.653;2.41
695;6;15;9.238;22.96
696;6;16;30.314;3.47
697;6;16;37.697;6.31
698;6;17;24.601;22.93
699;6;18;37.998;15.74
700;6;18;43.996;4.37
701;6;19;21.053;15.41
702;6;19;22.458;5.78
703;6;19;17.739;11.2
704;6;20;27.199;13.89
705;6;20;27.84;17.26
706;6;20;31.83;9.33
707;6;21;48.521;16.86
708;6;22;8.554;13.28
709;6;22;7.301;14.11
710;6;23;31.032;21.84
711;6;23;29.489;3.76
712;6;24;48.824;4.32
713;6;24;55.938;24.89
714;6;25;3.134;16.43
715;6;26;18.125;4.93
716;6;26;18.212;0.15
717;6;27;16.893;12.31
718;6;27;13.03;13.16
719;6;28;21.555;22.62
720;6;28;24.132;16.27
721;6;29;20.023;20.98
722;6;29;22.257;21.86
723;6;30;16.41;1.67
724;6;30;20.209;21.04
725;6;30;13.781;15.2
726;6;31;10.896;21.56
727;6;31;10.1;20.9
728;6;31;10.518;11.38
729;6;32;20.413;0.57
730;6;32;20.182;10.94
731;6;32;25.076;13.69
732;6;33;17.161;18.2
733;6;34;20.74;8.57
734;6;35;65.94;11.25
735;6;35;53.836;5.05
736;6;35;60.759;8.35
737;6;36;19.813;8.82
738;6;36;16.697;21.06
739;6;36;21.836;20.46
740;6;37;9.569;9.97
741;6;37;10.967;12.89
742;6;38;65.123;8.73
743;6;38;77.182;12.06
744;6;39;13.515;3.96
745;6;39;15.966;11.65
746;6;40;18.66;8.72
747;6;40;15.917;10.46
748;6;40;18.267;6.88
749;6;41;18.132;19.23
750;6;41;21.346;4.79
751;6;42;42.679;0.25
752;6;43;21.248;14.16
753;6;43;25.028;11.89
754;6;44;39.813;1.65
755;6;44;35.367;2.21
756;6;45;63.137;16.19
757;6;45;76.128;13.66
758;6;46;23.466;17.02
759;6;47;7.568;20.54
760;6;48;21.925;8.32
761;6;48;16.893;0.96
762;6;48;18.811;19.39
763;6;49;27.111;21.78
764;6;49;22.478;20.62
765;6;49;27.945;20.38
766;6;50;3.827;5.08
767;6;50;3.464;23.72
768;6;51;46.911;6.25
769;6;52;23.447;23.3
770;6;52;21.084;10.68
771;6;53;43.031;17.1
772;6;54;31.014;11.53
773;6;55;53.755;23.51
774;6;55;63.332;21.74
775;6;56;6.439;10.86
776;6;57;48.137;21.83
777;6;57;57.971;10.38
778;6;57;50.499;0.38
779;6;58;53.226;9.45
780;6;59;30.107;2.71
781;6;59;31.091;24.14
782;7;8;26.162;19.42
783;7;9;4.821;12.52
784;7;9;4.575;20.92
785;7;10;34.321;11.57
786;7;11;4.08;16.43
787;7;11;3.974;14.37
788;7;11;4.402;20.43
789;7;12;22.456;20.91
790;7;13;41.229;20.09
791;7;13;50.485;6.36
792;7;13;46.86;1.43
793;7;14;85.837;13.41
794;7;14;100.422;1.29
795;7;14;82.968;22.49
796;7;15;12.572;11.5
797;7;15;13.38;5.04
798;7;16;33.502;18.36
799;7;16;31.272;6.3
800;7;17;32.276;3.37
801;7;17;31.504;17.39
802;7;17;33.45;2.59
803;7;18;46.565;11.16
804;7;18;42.18;11.62
805;7;18;46.25;5.66
806;7;19;23.19;4.26
807;7;19;24.465;19.61
808;7;20;34.163;8.15
809;7;20;36.386;4.32
810;7;20;40.317;0.99
811;7;21;37.798;21.7
812;7;21;45.973;0.61
813;7;21;35.669;23.07
814;7;22;5.426;5.41
815;7;22;5.66;4.69
816;7;23;29.452;12.23
817;7;23;25.67;17.5
818;7;23;25.878;22.69
819;7;24;41.877;1.98
820;7;24;51.918;15.05
821;7;25;8.231;23.97
822;7;25;6.282;19.6
823;7;26;20.726;3.24
824;7;26;22.41;23.72
825;7;27;13.601;7.85
826;7;27;14.233;6.55
827;7;27;13.926;15.5
828;7;28;25.98;2.71
829;7;28;24.69;9.54
830;7;28;27.216;3.01
831;7;29;17.936;7.42
832;7;29;20.188;11.64
833;7;29;21.797;18.75
834;7;30;16.863;6.64
835;7;30;16.817;14.64
836;7;30;19.629;7.28
837;7;31;21.734;4.37
838;7;32;17.004;23.64
839;7;32;13.079;17.12
840;7;33;18.311;12.57
841;7;34;25.339;2.31
842;7;34;28.896;4.08
843;7;34;26.175;16.54
844;7;35;68.717;1.47
845;7;35;65.349;6.05
846;7;36;22.709;11.39
847;7;36;18.458;17.63
848;7;37;11.104;14.66
849;7;38;75.698;4.67
850;7;39;16.093;17.96
851;7;40;21.465;6.18
852;7;40;19.556;23.44
853;7;41;17.728;13.93
854;7;42;46.677;14.71
855;7;42;41.971;11.21
856;7;42;53.126;13.92
857;7;43;22.003;3.89
858;7;44;29.078;3.85
859;7;44;28.634;18.22
860;7;44;28.209;3.93
861;7;45;73.195;5.67
862;7;45;67.505;12.66
863;7;45;62.08;7.42
864;7;46;18.76;19.73
865;7;46;21.754;24.19
866;7;47;3.57;4.83
867;7;47;3.326;2.24
868;7;48;26.341;3.69
869;7;48;25.152;4.39
870;7;48;30.893;4.19
871;7;49;29.502;9.43
872;7;49;36.766;3.91
873;7;49;26.407;15.36
874;7;50;7.941;3.46
875;7;50;7.875;14.47
876;7;50;8.622;10.56
877;7;51;53.837;7.51
878;7;52;27.172;19.96
879;7;52;32.08;23.95
880;7;53;52.353;2.75
881;7;54;28.551;11.09
882;7;54;33.602;14.42
883;7;55;57.129;11.11
884;7;55;59.139;15.36
885;7;55;51.368;19.33
886;7;56;13.895;13.63
887;7;56;11.24;5.48
888;7;57;37.362;17.97
889;7;58;43.444;13.23
890;7;58;50.284;24.14
891;7;58;41.548;13.93
892;7;59;24.972;21.12
893;8;9;26.395;2.91
894;8;10;32.461;5.38
895;8;11;26.27;7.76
896;8;12;3.72;5.94
897;8;12;3.188;12.11
898;8;13;36.867;17.41
899;8;14;88.962;6.0
900;8;14;79.549;7.67
901;8;15;35.886;12.62
902;8;15;34.778;1.87
903;8;15;33.17;2.78
904;8;16;14.02;12.35
905;8;16;14.573;3.42
906;8;16;13.495;8.31
907;8;17;24.63;4.91
908;8;17;26.715;19.5
909;8;17;24.415;23.81
910;8;18;36.838;16.3
911;8;18;42.34;19.19
912;8;19;9.971;13.46
913;8;20;23.636;20.41
914;8;20;24.743;9.22
915;8;21;39.983;9.17
916;8;21;32.557;22.12
917;8;21;40.424;17.16
918;8;22;30.277;23.72
919;8;22;36.762;10.22
920;8;22;33.386;14.33
921;8;23;3.293;10.67
922;8;23;3.902;12.27
923;8;23;3.561;7.99
924;8;24;25.626;6.32
925;8;25;26.057;14.44
926;8;25;24.399;8.45
927;8;25;22.093;4.52
928;8;26;11.952;24.17
929;8;27;12.574;19.3
930;8;27;9.439;2.5
931;8;27;9.837;19.79
932;8;28;14.61;22.17
933;8;28;14.325;8.78
934;8;29;43.961;5.96
935;8;30;42.092;2.19
936;8;31;30.3;24.61
937;8;32;9.237;20.67
938;8;32;11.171;0.82
939;8;32;9.828;7.36
940;8;33;11.214;4.96
941;8;33;12.361;8.29
942;8;33;9.347;21.42
943;8;34;14.979;1.34
944;8;34;11.613;18.47
945;8;35;93.521;17.64
946;8;35;83.158;7.39
947;8;35;100.251;3.29
948;8;36;11.693;5.39
949;8;37;18.422;9.6
950;8;37;15.743;23.84
951;8;37;15.107;14.29
952;8;38;71.28;16.29
953;8;38;83.992;3.97
954;8;38;63.736;3.63
955;8;39;14.945;6.86
956;8;39;13.602;5.69
957;8;39;14.903;16.16
958;8;40;11.984;10.02
959;8;41;9.808;18.49
960;8;41;9.039;4.5
961;8;42;70.506;22.8
962;8;42;61.197;6.92
963;8;42;87.728;17.44
964;8;43;7.829;2.29
965;8;43;7.073;22.67
966;8;43;6.492;20.38
967;8;44;33.563;6.97
968;8;44;41.501;10.74
969;8;45;65.94;13.91
970;8;45;71.127;3.76
971;8;46;8.953;2.13
972;8;46;6.829;0.91
973;8;46;9.603;24.88
974;8;47;26.193;22.19
975;8;47;21.399;3.02
976;8;47;29.5;14.53
977;8;48;14.611;5.28
978;8;48;11.441;5.33
979;8;49;10.432;1.92
980;8;49;8.061;16.12
981;8;49;9.282;9.82
982;8;50;28.64;21.22
983;8;51;74.426;22.24
984;8;52;13.091;24.15
985;8;52;11.583;5.16
986;8;52;9.856;11.9
987;8;53;44.226;15.18
988;8;53;43.492;21.77
989;8;53;49.3;8.81
990;8;54;3.31;22.0
991;8;55;81.482;20.15
992;8;55;91.268;17.43
993;8;56;34.301;7.67
994;8;57;40.119;22.45
995;8;57;35.604;7.22
996;8;57;34.572;1.32
997;8;58;38.272;7.52
998;8;59;8.671;24.99
999;8;59;10.502;9.86
1000;8;59;8.555;1.16
1001;9;10;38.599;6.69
1002;9;10;46.96;10.05
1003;9;10;43.537;3.04
1004;9;11;0.742;0.48
1005;9;11;0.763;23.56
1006;9;12;22.698;23.57
1007;9;12;26.865;10.44
1008;9;13;45.434;22.88
1009;9;14;81.016;16.86
1010;9;14;92.725;6.08
1011;9;15;9.785;9.2
1012;9;16;31.705;10.36
1013;9;16;38.687;2.65
1014;9;17;28.693;4.95
1015;9;17;29.114;22.15
1016;9;18;42.726;22.38
1017;9;18;41.272;15.0
1018;9;19;21.618;8.29
1019;9;19;21.422;9.34
1020;9;19;16.82;14.45
1021;9;20;30.866;11.98
1022;9;20;31.107;22.59
1023;9;21;42.419;2.23
1024;9;21;51.483;11.51
1025;9;22;4.211;18.88
1026;9;23;29.659;10.12
1027;9;23;27.352;22.04
1028;9;23;30.896;6.66
1029;9;24;44.693;7.54
1030;9;24;40.107;22.75
1031;9;25;3.504;12.0
1032;9;26;18.873;8.11
1033;9;26;16.297;19.78
1034;9;26;23.335;20.35
1035;9;27;14.092;18.03
1036;9;28;23.546;12.94
1037;9;29;18.021;19.18
1038;9;29;15.469;13.6
1039;9;30;15.707;9.17
1040;9;30;17.293;14.02
1041;9;30;17.188;1.19
1042;9;31;17.0;15.41
1043;9;31;21.036;22.38
1044;9;32;17.738;6.05
1045;9;33;16.968;4.89
1046;9;34;22.821;19.72
1047;9;34;19.449;7.03
1048;9;35;67.282;18.22
1049;9;36;20.804;9.81
1050;9;36;22.156;2.84
1051;9;37;8.916;6.12
1052;9;37;10.898;7.46
1053;9;38;71.106;18.98
1054;9;38;63.454;18.57
1055;9;38;74.714;23.0
1056;9;39;14.003;1.62
1057;9;39;11.655;2.86
1058;9;40;19.555;10.69
1059;9;40;21.552;5.73
1060;9;40;22.704;8.66
1061;9;41;17.054;21.82
1062;9;42;44.63;17.19
1063;9;42;53.672;8.7
1064;9;42;36.827;10.85
1065;9;43;20.987;8.07
1066;9;43;18.628;22.94
1067;9;44;33.698;12.71
1068;9;44;31.068;9.0
1069;9;45;68.81;21.75
1070;9;45;81.28;16.92
1071;9;45;81.945;5.98
1072;9;46;20.207;1.83
1073;9;46;20.693;2.79
1074;9;46;24.679;2.34
1075;9;47;1.252;22.18
1076;9;48;23.918;10.44
1077;9;48;24.245;9.92
1078;9;49;27.973;2.33
1079;9;49;33.746;17.67
1080;9;50;3.402;21.6
1081;9;50;3.685;17.14
1082;9;51;50.638;2.88
1083;9;51;41.379;15.49
1084;9;51;43.526;13.92
1085;9;52;25.046;19.44
1086;9;52;21.669;19.93
1087;9;53;48.236;10.65
1088;9;53;59.815;21.71
1089;9;54;29.146;11.57
1090;9;54;26.173;14.24
1091;9;55;55.399;24.35
1092;9;56;9.834;12.09
1093;9;57;42.008;5.86
1094;9;57;50.242;7.05
1095;9;57;36.407;2.2
1096;9;58;47.616;24.64
1097;9;58;58.771;18.22
1098;9;58;41.254;9.36
1099;9;59;26.77;6.41
1100;9;59;28.341;12.21
1101;10;11;37.919;16.58
1102;10;12;31.73;23.18
1103;10;13;6.988;2.32
1104;10;13;6.899;6.19
1105;10;14;117.144;21.42
1106;10;15;46.542;19.22
1107;10;15;43.002;3.93
1108;10;15;36.388;17.34
1109;10;16;46.481;14.63
1110;10;16;53.753;0.88
1111;10;17;55.131;0.05
1112;10;17;53.326;18.57
1113;10;18;68.67;10.03
1114;10;18;61.211;14.25
1115;10;18;59.662;0.94
1116;10;19;39.892;17.12
1117;10;19;30.163;19.79
1118;10;20;55.02;22.32
1119;10;20;66.97;2.96
1120;10;21;8.115;6.26
1121;10;22;39.495;10.03
1122;10;22;32.183;15.82
1123;10;22;30.684;16.34
1124;10;23;33.565;9.29
1125;10;24;19.619;15.46
1126;10;25;41.226;22.23
1127;10;25;49.265;18.69
1128;10;26;39.989;15.39
1129;10;27;31.108;4.18
1130;10;27;24.526;3.38
1131;10;27;28.63;18.03
1132;10;28;45.082;7.61
1133;10;28;39.41;11.26
1134;10;28;40.35;8.54
1135;10;29;47.145;15.1
1136;10;29;49.06;18.09
1137;10;29;45.848;20.48
1138;10;30;48.633;24.71
1139;10;30;44.155;20.32
1140;10;31;53.025;6.87
1141;10;32;29.708;21.31
1142;10;32;36.273;18.05
1143;10;33;37.266;17.09
1144;10;33;42.285;0.72
1145;10;33;45.318;21.35
1146;10;34;45.08;17.01
1147;10;34;35.892;13.65
1148;10;35;97.123;22.5
1149;10;36;41.065;4.41
1150;10;37;37.779;17.86
1151;10;37;40.548;12.42
1152;10;38;102.414;18.96
1153;10;39;39.024;21.17
1154;10;39;45.315;7.43
1155;10;39;34.813;5.45
1156;10;40;40.525;8.48
1157;10;40;44.194;3.97
1158;10;40;32.7;7.01
1159;10;41;34.786;5.65
1160;10;41;40.349;15.57
1161;10;41;42.21;8.33
1162;10;42;77.761;15.97
1163;10;42;83.019;14.25
1164;10;42;59.708;18.67
1165;10;43;37.111;11.75
1166;10;43;44.637;22.81
1167;10;43;45.87;3.71
1168;10;44;8.171;13.82
1169;10;44;8.147;23.5
1170;10;45;97.767;9.36
1171;10;46;26.558;18.87
1172;10;46;20.261;13.62
1173;10;46;24.969;24.21
1174;10;47;37.451;7.85
1175;10;47;34.423;5.68
1176;10;48;45.24;6.85
1177;10;48;50.893;19.15
1178;10;49;42.744;20.18
1179;10;49;32.32;15.06
1180;10;50;41.989;3.64
1181;10;51;87.213;10.3
1182;10;51;90.802;8.42
1183;10;52;44.356;8.27
1184;10;52;43.181;17.92
1185;10;52;34.709;6.7
1186;10;53;75.887;3.82
1187;10;53;88.763;3.66
1188;10;53;74.441;24.52
1189;10;54;31.099;2.43
1190;10;55;86.923;4.1
1191;10;55;74.668;23.89
1192;10;55;75.53;19.59
1193;10;56;48.206;18.43
1194;10;56;48.515;8.07
1195;10;57;8.558;21.12
1196;10;57;8.637;14.47
1197;10;57;9.658;14.84
1198;10;58;9.263;23.35
1199;10;58;9.714;0.91
1200;10;58;7.011;14.91
1201;10;59;23.796;15.39
1202;10;59;24.586;18.36
1203;11;12;22.563;1.23
1204;11;13;44.765;15.6
1205;11;13;49.202;19.42
1206;11;13;50.622;5.71
1207;11;14;81.758;9.54
1208;11;15;10.142;17.58
1209;11;15;11.051;2.54
1210;11;16;31.911;5.07
1211;11;16;38.605;8.05
1212;11;16;36.949;11.91
1213;11;17;29.198;8.89
1214;11;17;26.152;5.16
1215;11;18;43.283;4.4
1216;11;19;21.767;9.51
1217;11;19;18.344;24.32
1218;11;20;31.323;12.08
1219;11;20;38.89;19.25
1220;11;20;33.134;17.84
1221;11;21;41.697;0.05
1222;11;21;31.843;19.72
1223;11;22;4.095;23.75
1224;11;23;29.545;2.56
1225;11;24;44.213;8.0
1226;11;25;4.209;0.81
1227;11;26;19.06;15.15
1228;11;27;13.879;20.61
1229;11;27;12.576;21.48
1230;11;27;11.808;22.42
1231;11;28;23.844;8.11
1232;11;29;17.955;16.43
1233;11;30;15.826;15.51
1234;11;31;17.719;2.1
1235;11;32;17.511;11.18
1236;11;32;13.789;1.83
1237;11;33;17.062;12.72
1238;11;33;15.504;2.48
1239;11;33;20.847;23.85
1240;11;34;23.133;18.38
1241;11;34;26.853;20.56
1242;11;34;22.453;20.08
1243;11;35;67.512;15.89
1244;11;35;72.737;18.83
1245;11;35;56.213;22.18
1246;11;36;21.006;14.46
1247;11;37;9.092;9.51
1248;11;37;7.74;10.14
1249;11;37;7.681;15.4
1250;11;38;71.8;1.15
1251;11;39;14.209;14.92
1252;11;39;12.887;7.06
1253;11;39;13.847;20.39
1254;11;40;19.755;7.79
1255;11;40;16.333;17.2
1256;11;40;16.354;19.97
1257;11;41;17.04;9.5
1258;11;41;12.981;19.3
1259;11;41;18.536;20.89
1260;11;42;44.946;8.6
1261;11;42;52.113;16.44
1262;11;42;51.699;1.76
1263;11;43;21.044;19.33
1264;11;43;21.231;10.02
1265;11;44;32.976;24.1
1266;11;44;40.513;1.97
1267;11;45;69.467;20.04
1268;11;46;19.886;21.15
1269;11;47;0.51;8.45
1270;11;47;0.58;5.22
1271;11;47;0.617;10.47
1272;11;48;24.216;3.32
1273;11;49;28.129;11.93
1274;11;49;34.946;13.99
1275;11;49;25.228;7.29
1276;11;50;4.071;14.46
1277;11;50;4.961;0.37
1278;11;51;51.138;7.69
1279;11;52;25.295;14.18
1280;11;53;48.843;3.86
1281;11;54;28.972;15.85
1282;11;54;26.392;9.06
1283;11;54;28.959;7.06
1284;11;55;55.671;6.57
1285;11;55;53.609;17.98
1286;11;55;53.848;5.58
1287;11;56;10.435;8.79
1288;11;56;9.475;3.38
1289;11;56;11.05;17.09
1290;11;57;41.284;0.41
1291;11;58;46.951;7.18
1292;11;58;55.361;15.44
1293;11;59;26.416;16.49
1294;12;13;36.692;11.58
1295;12;14;87.759;16.38
1296;12;14;75.569;20.23
1297;12;14;103.127;1.49
1298;12;15;32.233;12.01
1299;12;15;37.923;24.11
1300;12;16;15.381;22.27
1301;12;16;17.636;19.34
1302;12;17;23.885;4.38
1303;12;17;23.444;21.09
1304;12;18;36.967;10.96
1305;12;18;29.571;8.58
1306;12;18;36.103;18.7
1307;12;19;8.547;21.12
1308;12;19;6.775;5.75
1309;12;19;8.271;18.58
1310;12;20;23.397;2.75
1311;12;21;38.904;22.52
1312;12;21;45.761;14.49
1313;12;22;26.561;15.1
1314;12;23;7.011;24.5
1315;12;23;6.171;21.59
1316;12;23;5.885;7.39
1317;12;24;27.272;1.24
1318;12;24;33.805;0.76
1319;12;25;22.457;2.3
1320;12;25;21.617;1.02
1321;12;26;9.733;7.61
1322;12;26;8.95;14.18
1323;12;26;10.098;2.43
1324;12;27;8.861;14.21
1325;12;27;7.725;11.06
1326;12;28;13.682;20.25
1327;12;28;10.88;3.86
1328;12;28;12.057;20.43
1329;12;29;40.242;7.5
1330;12;30;38.387;22.53
1331;12;30;36.869;13.48
1332;12;30;40.396;14.94
1333;12;31;27.548;14.19
1334;12;31;21.725;12.88
1335;12;32;5.626;10.95
1336;12;33;8.264;23.0
1337;12;34;13.852;14.87
1338;12;34;14.462;20.92
1339;12;34;10.929;0.05
1340;12;35;89.874;24.53
1341;12;36;10.056;8.58
1342;12;37;14.887;19.86
1343;12;37;14.016;24.54
1344;12;37;15.205;12.55
1345;12;38;71.038;20.62
1346;12;38;68.032;3.78
1347;12;39;11.84;10.0
1348;12;40;9.975;18.83
1349;12;40;10.618;20.07
1350;12;40;7.552;19.67
1351;12;41;6.44;1.61
1352;12;41;5.074;1.04
1353;12;42;66.918;18.5
1354;12;42;79.766;18.28
1355;12;43;5.865;17.78
1356;12;43;6.189;6.08
1357;12;43;5.783;18.95
1358;12;44;31.945;24.79
1359;12;44;28.936;21.85
1360;12;45;66.092;18.42
1361;12;45;77.399;23.07
1362;12;45;65.828;17.74
1363;12;46;6.171;21.41
1364;12;46;7.214;14.96
1365;12;46;7.338;3.58
1366;12;47;22.48;18.4
1367;12;48;13.779;1.45
1368;12;48;12.916;0.98
1369;12;49;11.284;14.44
1370;12;49;9.091;17.74
1371;12;49;12.075;20.77
1372;12;50;25.001;10.07
1373;12;51;71.122;9.5
1374;12;51;77.331;19.8
1375;12;52;12.678;14.97
1376;12;53;44.241;18.94
1377;12;54;6.574;22.1
1378;12;54;7.869;2.75
1379;12;54;7.609;11.61
1380;12;55;77.863;24.55
1381;12;56;30.763;0.39
1382;12;56;32.246;7.22
1383;12;56;23.896;19.69
1384;12;57;38.963;0.84
1385;12;58;38.269;12.07
1386;12;58;35.801;21.31
1387;12;59;8.647;24.85
1388;12;59;10.001;24.2
1389;12;59;7.483;9.26
1390;13;14;123.244;21.08
1391;13;15;53.504;3.57
1392;13;15;61.076;13.33
1393;13;15;63.259;10.27
1394;13;16;50.763;7.61
1395;13;17;60.469;8.1
1396;13;18;73.587;24.68
1397;13;18;69.209;18.88
1398;13;19;45.108;10.74
1399;13;19;46.511;19.07
1400;13;19;42.126;6.0
1401;13;20;60.087;18.7
1402;13;20;59.063;24.27
1403;13;20;65.337;13.34
1404;13;21;9.76;10.63
1405;13;21;7.68;14.88
1406;13;22;46.439;18.22
1407;13;22;52.757;4.36
1408;13;22;43.859;22.63
1409;13;23;37.461;3.61
1410;13;24;18.721;8.82
1411;13;24;21.959;8.94
1412;13;24;14.346;17.25
1413;13;25;47.972;4.84
1414;13;25;42.093;3.77
1415;13;25;46.336;17.64
1416;13;26;45.512;0.52
1417;13;26;39.304;15.92
1418;13;26;44.501;8.85
1419;13;27;37.171;9.55
1420;13;27;39.209;8.88
1421;13;28;50.305;17.89
1422;13;28;52.109;4.97
1423;13;29;54.067;3.81
1424;13;29;46.478;15.51
1425;13;29;46.739;10.79
1426;13;30;55.613;21.4
1427;13;30;47.001;7.6
1428;13;30;65.453;23.75
1429;13;31;59.458;6.77
1430;13;32;35.398;5.29
1431;13;32;37.222;21.89
1432;13;32;29.583;5.8
1433;13;33;42.936;9.7
1434;13;34;50.384;23.51
1435;13;34;38.808;15.94
1436;13;35;103.777;19.8
1437;13;36;46.414;21.48
1438;13;36;45.925;5.4
1439;13;37;44.149;16.99
1440;13;38;107.715;18.24
1441;13;38;99.072;11.42
1442;13;39;44.999;22.87
1443;13;40;45.992;13.03
1444;13;40;54.877;5.52
1445;13;40;46.706;8.64
1446;13;41;40.44;14.33
1447;13;41;34.714;3.93
1448;13;42;84.661;15.45
1449;13;43;42.331;18.22
1450;13;43;40.806;7.44
1451;13;44;14.458;20.47
1452;13;44;10.885;11.22
1453;13;45;102.722;21.38
1454;13;45;110.38;15.83
1455;13;46;32.067;21.77
1456;13;47;44.304;6.28
1457;13;47;48.659;9.64
1458;13;48;50.429;12.81
1459;13;48;52.576;9.01
1460;13;49;47.294;15.73
1461;13;49;35.543;22.55
1462;13;49;56.859;3.04
1463;13;50;48.832;12.93
1464;13;50;42.748;17.33
1465;13;50;44.39;24.57
1466;13;51;94.2;17.32
1467;13;51;97.078;10.72
1468;13;52;49.364;6.39
1469;13;52;61.266;13.5
1470;13;52;51.531;24.24
1471;13;53;80.908;2.89
1472;13;53;83.001;8.47
1473;13;53;71.292;15.19
1474;13;54;35.025;11.85
1475;13;54;31.644;20.09
1476;13;54;28.959;1.32
1477;13;55;93.718;13.22
1478;13;55;80.728;24.88
1479;13;55;103.971;6.17
1480;13;56;55.097;20.78
1481;13;57;10.592;10.79
1482;13;58;2.288;7.41
1483;13;59;28.285;0.99
1484;13;59;29.807;17.31
1485;14;15;77.35;2.41
1486;14;16;77.822;22.26
1487;14;16;77.49;1.92
1488;14;16;73.633;23.68
1489;14;17;64.423;3.24
1490;14;17;54.821;12.11
1491;14;17;66.157;1.37
1492;14;18;55.48;17.4
1493;14;19;79.27;2.24
1494;14;19;85.981;17.55
1495;14;20;66.004;0.82
1496;14;21;122.504;17.47
1497;14;22;82.258;8.82
1498;14;23;90.019;2.84
1499;14;24;114.568;19.93
1500;14;24;105.799;11.25
1501;14;25;77.694;1.64
1502;14;25;92.213;4.01
1503;14;26;78.211;11.98
1504;14;26;76.254;6.55
1505;14;27;86.088;15.63
1506;14;27;77.471;19.5
1507;14;27;95.013;24.0
1508;14;28;74.36;19.78
1509;14;28;67.433;8.29
1510;14;28;72.736;1.39
1511;14;29;85.388;1.91
1512;14;29;73.404;5.02
1513;14;29;102.928;24.24
1514;14;30;80.83;19.27
1515;14;30;67.625;16.89
1516;14;31;64.575;16.72
1517;14;32;87.948;3.88
1518;14;32;85.705;10.9
1519;14;32;79.191;5.1
1520;14;33;80.517;11.41
1521;14;33;90.998;6.36
1522;14;34;74.04;2.62
1523;14;35;89.77;19.8
1524;14;35;92.424;19.01
1525;14;36;77.704;0.62
1526;14;36;62.601;21.63
1527;14;37;79.476;18.59
1528;14;37;63.271;5.14
1529;14;37;78.666;20.14
1530;14;38;27.074;7.38
1531;14;39;78.248;19.77
1532;14;40;77.853;4.66
1533;14;40;75.187;21.64
1534;14;40;80.143;7.01
1535;14;41;82.997;9.18
1536;14;42;75.592;22.29
1537;14;43;81.894;20.87
1538;14;43;92.121;20.78
1539;14;43;80.598;20.42
1540;14;44;113.946;23.76
1541;14;44;122.974;14.41
1542;14;44;114.575;7.77
1543;14;45;35.917;13.27
1544;14;46;91.381;10.91
1545;14;46;73.833;18.39
1546;14;46;109.106;20.23
1547;14;47;82.268;11.12
1548;14;48;74.351;23.76
1549;14;49;79.5;0.47
1550;14;50;78.082;24.89
1551;14;50;79.675;20.73
1552;14;51;61.781;10.63
1553;14;51;74.624;2.98
1554;14;52;75.941;8.5
1555;14;53;48.774;11.84
1556;14;53;51.517;9.16
1557;14;54;91.887;9.54
1558;14;54;82.556;18.16
1559;14;54;88.676;15.86
1560;14;55;81.461;13.92
1561;14;56;73.607;16.63
1562;14;57;122.224;8.95
1563;14;58;125.118;23.49
1564;14;58;108.442;18.63
1565;14;59;96.367;5.96
1566;15;16;39.488;17.15
1567;15;16;42.236;1.8
1568;15;17;33.419;20.82
1569;15;17;27.06;2.88
1570;15;17;38.658;1.65
1571;15;18;46.181;10.37
1572;15;18;52.097;21.7
1573;15;18;39.562;23.46
1574;15;19;29.973;10.82
1575;15;20;36.182;18.42
1576;15;21;49.291;8.4
1577;15;22;7.159;23.77
1578;15;23;39.107;12.66
1579;15;24;54.245;8.07
1580;15;24;55.769;16.31
1581;15;25;9.975;20.26
1582;15;26;27.071;4.42
1583;15;26;28.5;0.11
1584;15;27;23.809;3.02
1585;15;27;28.316;16.89
1586;15;28;30.776;13.88
1587;15;29;11.195;8.98
1588;15;29;10.62;1.54
1589;15;30;7.199;2.52
1590;15;30;7.846;6.89
1591;15;30;8.832;22.79
1592;15;31;17.743;18.93
1593;15;32;27.463;5.2
1594;15;32;30.005;8.12
1595;15;32;26.798;8.43
1596;15;33;25.735;16.49
1597;15;34;29.967;8.54
1598;15;34;23.137;24.34
1599;15;34;37.383;2.98
1600;15;35;57.641;8.05
1601;15;35;71.304;2.25
1602;15;36;28.847;11.63
1603;15;36;29.028;4.7
1604;15;37;17.667;20.68
1605;15;37;16.12;1.54
1606;15;37;20.552;3.81
1607;15;38;70.732;0.65
1608;15;38;62.625;2.49
1609;15;38;80.078;10.05
1610;15;39;22.291;1.24
1611;15;39;23.077;5.27
1612;15;39;21.065;14.67
1613;15;40;27.657;8.46
1614;15;41;26.271;6.6
1615;15;41;25.411;12.88
1616;15;42;34.854;12.18
1617;15;42;42.641;0.18
1618;15;42;31.298;14.97
1619;15;43;29.848;2.36
1620;15;44;40.666;14.13
1621;15;44;49.717;4.24
1622;15;45;69.654;6.54
1623;15;45;70.913;15.99
1624;15;45;83.661;13.66
1625;15;46;29.991;24.45
1626;15;46;31.989;1.04
1627;15;46;33.628;0.02
1628;15;47;10.414;6.34
1629;15;47;12.611;0.79
1630;15;48;31.148;17.71
1631;15;48;28.884;3.41
1632;15;49;36.161;17.46
1633;15;50;7.264;22.84
1634;15;50;7.697;4.73
1635;15;51;41.27;21.95
1636;15;52;32.631;13.61
1637;15;53;50.588;13.2
1638;15;54;38.752;22.11
1639;15;54;39.69;16.66
1640;15;55;45.674;10.73
1641;15;56;4.41;6.05
1642;15;56;3.565;11.07
1643;15;57;48.768;15.12
1644;15;57;58.993;7.8
1645;15;58;55.748;13.6
1646;15;59;36.549;18.99
1647;15;59;32.709;6.48
1648;15;59;44.563;24.62
1649;16;17;14.4;12.74
1650;16;17;17.277;9.07
1651;16;17;15.893;19.43
1652;16;18;23.621;13.48
1653;16;18;28.202;9.38
1654;16;19;10.323;23.73
1655;16;19;9.641;12.96
1656;16;20;12.0;11.55
1657;16;21;53.965;19.23
1658;16;22;35.915;8.98
1659;16;22;43.983;11.3
1660;16;22;44.64;5.22
1661;16;23;13.441;13.22
1662;16;23;12.893;0.21
1663;16;23;16.168;4.89
1664;16;24;37.763;0.9
1665;16;24;39.512;14.25
1666;16;25;29.821;19.76
1667;16;26;12.858;15.99
1668;16;26;9.847;14.27
1669;16;26;10.026;13.46
1670;16;27;21.444;12.65
1671;16;27;17.118;3.98
1672;16;27;21.495;5.78
1673;16;28;8.905;24.07
1674;16;28;8.577;11.13
1675;16;29;49.578;6.02
1676;16;29;55.438;19.68
1677;16;29;39.484;22.42
1678;16;30;46.542;10.56
1679;16;31;27.411;4.51
1680;16;31;27.11;2.8
1681;16;31;28.575;23.19
1682;16;32;19.811;12.58
1683;16;33;15.221;7.64
1684;16;33;18.028;9.82
1685;16;34;9.749;15.55
1686;16;34;7.328;17.56
1687;16;35;95.389;14.18
1688;16;36;10.905;22.8
1689;16;37;22.821;4.92
1690;16;38;58.279;1.15
1691;16;39;17.705;24.11
1692;16;39;13.682;17.65
1693;16;39;15.823;12.73
1694;16;40;12.156;14.07
1695;16;40;14.716;6.69
1696;16;41;16.327;21.56
1697;16;42;71.81;6.39
1698;16;43;12.019;24.34
1699;16;44;47.282;23.77
1700;16;44;56.959;10.93
1701;16;45;52.433;0.47
1702;16;45;54.893;4.89
1703;16;46;21.487;23.33
1704;16;46;25.796;12.06
1705;16;46;25.728;0.37
1706;16;47;32.059;1.89
1707;16;47;27.06;0.15
1708;16;47;35.474;20.45
1709;16;48;8.556;20.51
1710;16;49;4.283;14.11
1711;16;50;32.62;3.69
1712;16;51;72.778;15.45
1713;16;51;76.187;12.81
1714;16;52;6.869;4.44
1715;16;53;31.063;1.83
1716;16;53;30.127;13.48
1717;16;53;38.794;8.1
1718;16;54;15.801;12.88
1719;16;54;16.2;23.69
1720;16;55;83.027;4.42
1721;16;55;103.509;16.86
1722;16;56;36.496;13.76
1723;16;56;35.571;10.98
1724;16;56;40.99;3.76
1725;16;57;54.08;12.01
1726;16;57;66.943;8.3
1727;16;58;52.078;24.81
1728;16;58;59.935;3.19
1729;16;58;41.179;20.55
1730;16;59;22.688;21.65
1731;17;18;14.501;3.25
1732;17;19;15.372;0.61
1733;17;19;16.2;9.63
1734;17;19;14.65;10.68
1735;17;20;3.361;21.24
1736;17;20;3.362;1.56
1737;17;20;3.284;0.52
1738;17;21;61.754;18.95
1739;17;21;60.96;2.19
1740;17;22;32.459;10.35
1741;17;22;31.032;8.11
1742;17;22;36.74;23.78
1743;17;23;25.602;6.34
1744;17;23;24.174;21.08
1745;17;23;27.535;13.62
1746;17;24;50.168;19.45
1747;17;25;25.644;16.13
1748;17;26;15.208;12.97
1749;17;27;25.006;16.21
1750;17;27;24.295;23.15
1751;17;27;25.368;22.86
1752;17;28;10.203;9.32
1753;17;28;10.372;11.42
1754;17;28;12.737;18.0
1755;17;29;44.526;3.07
1756;17;29;41.278;23.49
1757;17;29;45.349;1.68
1758;17;30;40.557;3.94
1759;17;30;46.082;16.09
1760;17;30;49.619;3.67
1761;17;31;17.085;3.17
1762;17;31;13.598;12.13
1763;17;32;25.526;10.39
1764;17;32;22.032;17.97
1765;17;32;21.3;22.28
1766;17;33;18.1;5.01
1767;17;33;18.135;2.21
1768;17;34;10.085;24.71
1769;17;35;85.235;22.53
1770;17;35;94.837;12.5
1771;17;35;105.808;4.42
1772;17;36;14.075;19.63
1773;17;37;21.551;22.19
1774;17;37;23.521;14.28
1775;17;37;21.852;11.95
1776;17;38;47.29;8.67
1777;17;39;17.568;9.56
1778;17;39;18.691;4.0
1779;17;40;14.627;1.08
1780;17;41;20.494;20.88
1781;17;41;19.139;17.82
1782;17;42;61.687;16.65
1783;17;42;70.47;18.9
1784;17;42;70.167;19.92
1785;17;43;18.142;22.35
1786;17;43;18.923;15.31
1787;17;43;16.727;17.77
1788;17;44;53.966;22.49
1789;17;45;42.91;13.27
1790;17;45;33.513;19.83
1791;17;46;28.573;11.19
1792;17;46;30.702;8.18
1793;17;47;29.55;23.91
1794;17;47;33.136;7.67
1795;17;48;10.121;24.19
1796;17;49;15.178;6.17
1797;17;49;16.891;9.58
1798;17;50;28.044;7.85
1799;17;50;33.683;3.75
1800;17;51;60.565;13.7
1801;17;52;11.546;8.34
1802;17;52;12.472;7.39
1803;17;53;21.106;16.12
1804;17;54;27.476;6.7
1805;17;54;30.964;10.47
1806;17;54;25.798;21.78
1807;17;55;72.833;20.42
1808;17;56;29.451;20.65
1809;17;57;61.686;5.3
1810;17;57;57.026;2.4
1811;17;57;50.193;23.37
1812;17;58;62.109;3.07
1813;17;58;66.547;7.26
1814;17;59;32.509;12.02
1815;17;59;35.605;6.84
1816;17;59;26.426;20.2
1817;18;19;28.859;10.74
1818;18;19;32.503;4.39
1819;18;20;13.725;0.09
1820;18;20;13.762;1.42
1821;18;21;75.617;9.59
1822;18;21;81.427;20.24
1823;18;22;46.263;18.88
1824;18;23;36.905;10.03
1825;18;23;30.873;5.74
1826;18;24;61.384;4.96
1827;18;24;73.878;23.97
1828;18;24;73.623;19.68
1829;18;25;39.493;23.65
1830;18;26;29.303;11.26
1831;18;26;36.09;7.95
1832;18;27;39.32;1.72
1833;18;28;23.744;13.71
1834;18;29;57.371;19.78
1835;18;30;53.065;24.49
1836;18;31;28.594;10.64
1837;18;32;39.479;1.91
1838;18;32;41.545;19.74
1839;18;32;46.279;6.07
1840;18;33;32.29;23.02
1841;18;33;28.981;18.57
1842;18;34;23.888;8.25
1843;18;34;23.738;0.59
1844;18;34;18.556;11.32
1845;18;35;93.102;18.51
1846;18;35;90.181;11.9
1847;18;36;27.879;1.45
1848;18;36;25.091;23.45
1849;18;37;36.011;7.11
1850;18;37;35.17;8.54
1851;18;37;32.106;23.63
1852;18;38;34.657;4.61
1853;18;39;32.05;11.89
1854;18;39;34.112;21.8
1855;18;40;28.647;2.85
1856;18;41;34.575;6.48
1857;18;41;29.843;2.09
1858;18;41;39.39;16.16
1859;18;42;70.123;8.63
1860;18;42;81.569;14.15
1861;18;42;62.679;20.4
1862;18;43;31.617;17.56
1863;18;43;37.704;18.49
1864;18;43;31.806;18.32
1865;18;44;68.074;17.14
1866;18;44;73.581;8.01
1867;18;45;29.136;2.5
1868;18;46;42.272;6.07
1869;18;47;43.668;19.1
1870;18;47;51.259;13.45
1871;18;48;23.543;16.42
1872;18;49;26.448;15.4
1873;18;49;26.689;3.63
1874;18;50;41.666;1.03
1875;18;50;49.344;1.89
1876;18;50;49.029;19.0
1877;18;51;66.005;6.37
1878;18;52;24.314;1.82
1879;18;52;26.784;8.89
1880;18;52;23.206;1.99
1881;18;53;7.444;3.36
1882;18;53;6.439;2.33
1883;18;54;39.149;7.59
1884;18;55;80.897;5.22
1885;18;55;67.596;17.04
1886;18;56;41.918;12.62
1887;18;57;75.602;16.8
1888;18;57;58.684;21.23
1889;18;57;87.367;8.72
1890;18;58;75.07;1.6
1891;18;59;45.309;11.98
1892;19;20;15.151;22.55
1893;19;21;46.758;1.46
1894;19;22;25.823;6.57
1895;19;23;11.984;0.52
1896;19;24;35.483;4.16
1897;19;24;27.602;13.22
1898;19;24;26.673;15.01
1899;19;25;20.072;9.68
1900;19;25;16.111;23.72
1901;19;25;16.57;17.4
1902;19;26;2.93;8.73
1903;19;26;3.223;11.0
1904;19;26;2.231;20.47
1905;19;27;11.496;10.92
1906;19;28;5.201;17.54
1907;19;28;4.331;20.06
1908;19;29;39.61;19.24
1909;19;29;49.229;9.44
1910;19;29;30.503;4.54
1911;19;30;36.848;6.23
1912;19;30;30.274;8.0
1913;19;31;20.993;0.55
1914;19;31;15.79;8.42
1915;19;32;10.748;13.25
1916;19;33;4.899;6.59
1917;19;33;5.627;18.75
1918;19;34;5.307;6.72
1919;19;34;4.283;18.78
1920;19;35;86.899;19.78
1921;19;35;85.022;6.28
1922;19;35;104.9;18.32
1923;19;36;1.755;13.26
1924;19;36;1.642;16.63
1925;19;37;12.704;3.83
1926;19;37;14.838;14.4
1927;19;38;62.614;12.34
1928;19;38;76.634;4.57
1929;19;39;7.711;16.89
1930;19;39;5.982;9.2
1931;19;40;2.493;15.41
1932;19;41;6.308;4.45
1933;19;42;63.49;4.8
1934;19;42;71.15;23.82
1935;19;42;78.269;14.37
1936;19;43;2.784;3.24
1937;19;43;2.416;0.21
1938;19;44;39.311;12.77
1939;19;44;35.28;22.17
1940;19;45;57.892;21.8
1941;19;45;66.901;7.6
1942;19;46;13.413;14.85
1943;19;46;14.403;1.72
1944;19;47;21.881;6.21
1945;19;47;17.833;9.57
1946;19;47;24.194;23.36
1947;19;48;5.349;20.51
1948;19;48;5.075;14.52
1949;19;48;5.457;10.29
1950;19;49;6.364;24.77
1951;19;50;22.87;2.97
1952;19;50;23.563;24.07
1953;19;50;17.988;22.82
1954;19;51;66.028;19.09
1955;19;51;75.667;6.35
1956;19;51;77.2;10.85
1957;19;52;4.784;11.57
1958;19;52;4.501;5.43
1959;19;52;5.172;4.81
1960;19;53;36.006;12.09
1961;19;54;13.189;15.19
1962;19;55;74.643;15.55
1963;19;56;27.449;19.62
1964;19;56;28.457;20.16
1965;19;56;23.265;7.73
1966;19;57;46.746;24.43
1967;19;57;41.598;4.17
1968;19;58;46.738;4.86
1969;19;58;42.75;12.32
1970;19;58;41.444;23.49
1971;19;59;17.194;11.77
1972;19;59;17.71;14.64
1973;20;21;61.902;1.11
1974;20;21;52.767;6.2
1975;20;22;34.77;11.14
1976;20;22;42.781;6.56
1977;20;23;24.198;23.36
1978;20;23;22.596;8.73
1979;20;23;21.945;19.08
1980;20;24;48.874;12.14
1981;20;25;27.982;23.68
1982;20;25;24.457;17.25
1983;20;25;30.709;23.41
1984;20;26;15.628;1.1
1985;20;26;14.817;1.45
1986;20;26;15.204;10.22
1987;20;27;25.71;18.13
1988;20;28;10.018;5.52
1989;20;29;47.207;15.95
1990;20;30;43.358;1.9
1991;20;31;20.283;18.91
1992;20;32;25.756;19.36
1993;20;32;25.716;15.22
1994;20;33;18.636;1.7
1995;20;33;21.384;18.3
1996;20;34;10.181;4.37
1997;20;34;11.532;6.86
1998;20;34;11.477;19.97
1999;20;35;88.556;7.2
2000;20;35;109.951;11.74
2001;20;35;110.322;21.41
2002;20;36;14.157;23.09
2003;20;36;17.534;19.86
2004;20;36;15.065;3.43
2005;20;37;23.195;15.51
2006;20;38;47.692;14.08
2007;20;38;36.733;7.72
2008;20;38;47.541;0.07
2009;20;39;18.772;12.19
2010;20;39;19.577;3.86
2011;20;39;22.506;12.3
2012;20;40;14.954;2.17
2013;20;40;16.661;7.79
2014;20;41;20.875;4.53
2015;20;41;17.006;24.35
2016;20;42;64.996;15.54
2017;20;42;54.65;2.8
2018;20;43;17.921;0.36
2019;20;43;20.973;16.75
2020;20;43;14.491;2.29
2021;20;44;54.354;0.23
2022;20;44;58.334;7.49
2023;20;44;48.981;18.07
2024;20;45;42.748;21.31
2025;20;45;40.359;22.29
2026;20;46;28.563;12.68
2027;20;47;31.642;5.44
2028;20;47;24.037;8.23
2029;20;48;9.821;12.6
2030;20;48;7.532;0.96
2031;20;49;13.583;12.16
2032;20;50;30.495;8.16
2033;20;50;27.199;10.79
2034;20;51;63.918;4.88
2035;20;52;10.724;24.25
2036;20;53;20.867;20.53
2037;20;54;26.25;6.66
2038;20;55;76.152;6.49
2039;20;55;82.154;6.52
2040;20;56;32.328;7.53
2041;20;56;33.21;7.54
2042;20;56;30.806;0.49
2043;20;57;61.881;4.24
2044;20;57;58.578;19.6
2045;20;57;76.602;12.63
2046;20;58;61.638;10.82
2047;20;59;31.884;9.74
2048;20;59;24.586;15.74
2049;20;59;39.069;16.27
2050;21;22;42.562;22.87
2051;21;23;41.315;7.03
2052;21;23;40.544;23.88
2053;21;23;37.464;24.23
2054;21;24;27.076;20.88
2055;21;24;20.504;8.33
2056;21;24;21.23;11.9
2057;21;25;45.399;3.42
2058;21;25;46.202;20.61
2059;21;26;46.546;2.05
2060;21;27;37.096;14.55
2061;21;27;40.296;12.7
2062;21;28;51.894;3.79
2063;21;29;48.041;20.23
2064;21;29;57.351;14.93
2065;21;30;50.252;5.05
2066;21;30;41.823;7.81
2067;21;30;43.348;18.78
2068;21;31;57.987;5.84
2069;21;32;36.232;23.75
2070;21;33;43.689;10.32
2071;21;34;51.814;3.85
2072;21;34;59.31;22.35
2073;21;34;42.412;23.6
2074;21;35;96.25;23.82
2075;21;35;119.223;11.28
2076;21;35;97.564;13.65
2077;21;36;47.793;5.59
2078;21;37;43.076;10.69
2079;21;38;108.905;10.67
2080;21;38;132.614;7.2
2081;21;38;82.893;11.63
2082;21;39;45.011;1.59
2083;21;40;47.138;21.41
2084;21;41;41.263;17.32
2085;21;41;48.143;0.27
2086;21;41;44.725;9.54
2087;21;42;78.233;22.68
2088;21;42;70.78;7.9
2089;21;43;44.005;7.6
2090;21;43;39.175;22.42
2091;21;43;33.147;13.1
2092;21;44;8.722;17.32
2093;21;44;8.697;12.92
2094;21;45;104.601;19.6
2095;21;45;101.02;16.73
2096;21;46;33.346;13.04
2097;21;47;41.2;20.02
2098;21;48;52.082;12.55
2099;21;49;50.094;9.4
2100;21;49;56.782;1.94
2101;21;50;45.714;6.02
2102;21;51;88.825;4.09
2103;21;51;79.935;21.2
2104;21;51;109.378;20.46
2105;21;52;51.362;7.26
2106;21;52;51.905;13.64
2107;21;53;82.719;13.56
2108;21;53;84.357;8.18
2109;21;53;79.771;12.49
2110;21;54;38.857;16.42
2111;21;54;47.985;1.62
2112;21;55;86.713;8.33
2113;21;55;85.886;16.24
2114;21;56;51.562;23.02
2115;21;56;57.217;18.86
2116;21;56;49.734;9.34
2117;21;57;0.866;0.43
2118;21;57;0.975;9.09
2119;21;57;0.996;8.41
2120;21;58;11.417;20.17
2121;21;59;31.387;11.86
2122;21;59;25.628;0.23
2123;22;23;33.559;6.43
2124;22;23;39.153;2.94
2125;22;24;47.246;6.78
2126;22;24;48.848;1.34
2127;22;25;6.815;24.26
2128;22;25;8.329;6.49
2129;22;26;23.084;12.25
2130;22;26;20.847;2.41
2131;22;27;17.796;22.92
2132;22;28;27.714;2.74
2133;22;29;13.861;12.86
2134;22;29;15.349;5.66
2135;22;30;11.906;10.74
2136;22;30;13.748;16.07
2137;22;30;14.588;18.74
2138;22;31;19.386;18.52
2139;22;32;21.391;21.53
2140;22;33;21.146;15.25
2141;22;34;26.979;23.28
2142;22;34;28.668;9.19
2143;22;34;26.596;18.91
2144;22;35;63.744;19.16
2145;22;35;48.733;12.16
2146;22;35;65.413;18.39
2147;22;36;25.015;6.75
2148;22;37;13.124;17.7
2149;22;38;73.593;4.1
2150;22;38;57.876;5.55
2151;22;38;86.76;0.83
2152;22;39;18.214;16.17
2153;22;39;21.913;0.0
2154;22;40;23.766;5.34
2155;22;40;24.184;5.37
2156;22;40;26.205;21.28
2157;22;41;21.127;19.41
2158;22;41;23.605;13.79
2159;22;42;41.435;1.59
2160;22;43;25.137;6.87
2161;22;43;27.629;2.97
2162;22;44;33.876;2.15
2163;22;44;36.923;3.27
2164;22;45;71.69;18.91
2165;22;45;75.266;10.83
2166;22;46;23.563;3.3
2167;22;47;4.094;20.56
2168;22;47;4.924;7.79
2169;22;48;28.088;14.87
2170;22;48;33.887;23.36
2171;22;49;32.181;11.16
2172;22;50;4.728;6.87
2173;22;50;4.047;2.73
2174;22;51;48.414;6.79
2175;22;51;41.418;23.97
2176;22;52;29.244;1.01
2177;22;52;31.856;3.9
2178;22;52;30.534;14.65
2179;22;53;51.502;3.38
2180;22;54;32.913;3.38
2181;22;54;31.262;2.67
2182;22;54;29.647;17.12
2183;22;55;52.016;7.27
2184;22;56;9.057;1.63
2185;22;57;42.077;2.66
2186;22;58;48.672;21.02
2187;22;58;46.371;13.71
2188;22;58;43.766;9.35
2189;22;59;29.975;0.63
2190;22;59;23.379;5.37
2191;23;24;24.677;5.46
2192;23;25;29.241;12.63
2193;23;25;29.644;21.73
2194;23;25;31.298;1.09
2195;23;26;14.361;12.61
2196;23;26;14.973;21.53
2197;23;27;15.867;5.75
2198;23;27;16.577;13.97
2199;23;28;16.005;15.3
2200;23;28;19.393;21.85
2201;23;29;47.253;0.25
2202;23;29;54.467;6.86
2203;23;30;45.361;12.85
2204;23;30;50.948;18.21
2205;23;31;32.816;15.87
2206;23;31;35.867;21.38
2207;23;32;12.504;1.45
2208;23;32;15.086;9.36
2209;23;32;11.114;15.28
2210;23;33;14.076;17.15
2211;23;33;16.967;8.85
2212;23;34;16.512;12.16
2213;23;34;18.276;17.6
2214;23;34;14.144;2.14
2215;23;35;96.727;13.3
2216;23;36;13.739;10.05
2217;23;37;21.57;20.61
2218;23;37;17.022;13.95
2219;23;37;25.164;11.18
2220;23;38;71.524;12.11
2221;23;38;54.935;21.79
2222;23;38;55.565;17.52
2223;23;39;17.835;6.09
2224;23;39;14.565;1.88
2225;23;39;15.136;16.46
2226;23;40;14.258;18.53
2227;23;40;13.834;11.73
2228;23;40;17.054;14.12
2229;23;41;12.916;21.31
2230;23;41;10.076;4.14
2231;23;42;73.659;13.54
2232;23;42;72.097;19.76
2233;23;43;10.329;12.65
2234;23;43;7.77;20.07
2235;23;43;11.086;24.49
2236;23;44;35.37;7.91
2237;23;45;65.849;5.72
2238;23;45;64.068;16.51
2239;23;45;63.302;13.86
2240;23;46;11.905;16.45
2241;23;47;29.473;23.82
2242;23;48;15.933;6.99
2243;23;49;10.621;22.53
2244;23;49;9.0;8.89
2245;23;49;8.537;21.88
2246;23;50;31.852;10.71
2247;23;50;34.251;16.06
2248;23;51;77.323;18.1
2249;23;51;75.438;0.32
2250;23;52;14.161;23.6
2251;23;52;11.732;18.89
2252;23;53;44.343;6.19
2253;23;53;45.599;6.6
2254;23;53;51.178;22.28
2255;23;54;2.466;13.5
2256;23;54;2.994;23.67
2257;23;55;84.661;16.3
2258;23;55;97.394;3.48
2259;23;55;95.788;10.6
2260;23;56;37.425;21.68
2261;23;56;41.745;4.38
2262;23;57;41.514;8.15
2263;23;57;32.223;21.91
2264;23;57;37.145;16.89
2265;23;58;38.706;4.31
2266;23;59;10.043;18.57
2267;23;59;10.072;6.34
2268;24;25;46.063;5.51
2269;24;26;37.002;12.5
2270;24;27;32.138;19.19
2271;24;27;25.151;9.92
2272;24;28;40.234;2.18
2273;24;28;38.392;24.93
2274;24;29;58.488;24.46
2275;24;29;53.862;5.02
2276;24;30;58.515;0.68
2277;24;30;48.508;23.93
2278;24;30;67.192;23.33
2279;24;31;54.329;16.49
2280;24;32;28.971;4.3
2281;24;32;33.22;18.26
2282;24;32;33.251;12.45
2283;24;33;35.309;1.27
2284;24;33;32.031;23.27
2285;24;34;40.599;16.88
2286;24;34;37.491;6.51
2287;24;35;109.833;16.48
2288;24;36;37.142;18.87
2289;24;36;33.617;13.29
2290;24;37;39.848;0.34
2291;24;37;35.981;22.54
2292;24;37;44.689;24.77
2293;24;38;96.041;18.28
2294;24;38;105.873;1.18
2295;24;39;38.502;15.06
2296;24;39;40.692;4.4
2297;24;40;37.21;13.09
2298;24;40;35.474;21.63
2299;24;40;44.494;6.08
2300;24;41;33.062;15.34
2301;24;41;25.647;22.68
2302;24;41;38.18;24.37
2303;24;42;88.461;24.42
2304;24;42;85.518;10.01
2305;24;43;33.024;8.98
2306;24;43;37.932;12.36
2307;24;44;26.588;16.02
2308;24;45;90.045;10.73
2309;24;45;92.55;15.1
2310;24;46;25.585;0.48
2311;24;47;43.884;6.22
2312;24;47;50.669;24.99
2313;24;48;40.228;23.8
2314;24;49;35.297;20.3
2315;24;49;43.887;10.61
2316;24;49;40.006;7.85
2317;24;50;47.882;1.79
2318;24;50;38.789;21.93
2319;24;51;95.326;11.26
2320;24;51;80.682;19.28
2321;24;51;114.577;20.96
2322;24;52;38.631;15.78
2323;24;52;41.849;9.08
2324;24;52;29.943;13.64
2325;24;53;68.826;22.16
2326;24;54;22.692;17.1
2327;24;54;22.087;10.97
2328;24;55;98.653;7.94
2329;24;55;95.243;14.3
2330;24;56;54.347;4.64
2331;24;57;27.723;8.77
2332;24;57;22.407;20.92
2333;24;58;18.71;0.64
2334;24;59;19.222;16.99
2335;24;59;22.682;24.95
2336;24;59;18.349;19.61
2337;25;26;17.198;18.45
2338;25;26;14.707;12.94
2339;25;27;14.425;17.15
2340;25;27;14.05;3.33
2341;25;28;21.324;23.13
2342;25;28;23.316;16.65
2343;25;29;19.811;20.12
2344;25;30;16.782;11.84
2345;25;31;13.514;17.22
2346;25;32;18.034;22.65
2347;25;32;20.004;23.67
2348;25;32;19.769;11.88
2349;25;33;15.76;1.04
2350;25;33;19.043;0.02
2351;25;33;16.765;19.06
2352;25;34;20.552;7.15
2353;25;34;16.848;18.33
2354;25;34;25.419;0.4
2355;25;35;67.493;7.09
2356;25;36;19.032;7.34
2357;25;37;7.708;23.98
2358;25;37;7.11;17.92
2359;25;37;7.594;23.86
2360;25;38;67.603;20.43
2361;25;38;59.341;7.01
2362;25;38;73.793;9.99
2363;25;39;12.365;19.44
2364;25;40;17.815;21.41
2365;25;40;16.686;9.8
2366;25;41;16.351;4.87
2367;25;42;44.461;19.14
2368;25;42;55.133;22.51
2369;25;42;41.405;13.1
2370;25;43;19.873;2.91
2371;25;43;21.712;18.3
2372;25;44;36.695;13.75
2373;25;44;38.86;11.85
2374;25;45;65.343;6.05
2375;25;46;20.912;25.0
2376;25;47;4.7;4.12
2377;25;48;21.699;15.94
2378;25;48;26.253;18.78
2379;25;48;23.325;17.84
2380;25;49;26.329;20.83
2381;25;49;22.152;19.38
2382;25;50;2.805;23.08
2383;25;51;49.42;1.1
2384;25;51;37.169;24.05
2385;25;52;23.02;1.84
2386;25;52;28.705;22.16
2387;25;53;44.869;15.18
2388;25;54;29.019;17.35
2389;25;54;24.418;4.09
2390;25;54;34.361;9.09
2391;25;55;55.425;21.92
2392;25;55;66.48;3.64
2393;25;55;47.263;19.79
2394;25;56;8.447;3.06
2395;25;56;7.055;5.42
2396;25;56;6.672;12.17
2397;25;57;45.02;9.27
2398;25;57;44.215;12.54
2399;25;58;50.115;14.22
2400;25;59;27.562;6.25
2401;26;27;10.118;5.59
2402;26;28;5.808;6.09
2403;26;28;6.546;5.99
2404;26;28;6.294;17.58
2405;26;29;36.819;7.57
2406;26;30;33.979;14.81
2407;26;30;26.209;6.1
2408;26;31;18.455;21.77
2409;26;31;20.042;2.98
2410;26;32;10.322;19.6
2411;26;33;3.022;15.04
2412;26;34;5.468;6.43
2413;26;34;4.718;2.22
2414;26;35;83.972;6.2
2415;26;35;70.054;8.77
2416;26;35;77.857;6.45
2417;26;36;1.983;20.82
2418;26;37;9.969;10.36
2419;26;38;62.439;20.91
2420;26;38;74.272;16.57
2421;26;39;4.879;7.11
2422;26;39;5.624;3.1
2423;26;39;4.108;16.46
2424;26;40;0.76;1.26
2425;26;40;0.927;13.98
2426;26;40;0.863;5.9
2427;26;41;5.294;9.48
2428;26;42;60.572;2.2
2429;26;43;4.123;10.79
2430;26;43;3.456;17.11
2431;26;44;38.807;18.98
2432;26;44;40.914;2.1
2433;26;44;31.452;5.92
2434;26;45;58.09;22.8
2435;26;45;61.468;6.03
2436;26;45;54.263;3.07
2437;26;46;13.464;2.72
2438;26;46;13.483;19.41
2439;26;46;11.059;14.53
2440;26;47;19.202;19.45
2441;26;47;22.572;13.74
2442;26;48;6.106;10.62
2443;26;49;9.141;4.15
2444;26;50;20.0;19.85
2445;26;50;17.926;7.58
2446;26;50;21.282;2.94
2447;26;51;63.257;7.34
2448;26;51;53.881;0.41
2449;26;52;6.494;17.56
2450;26;52;5.691;14.81
2451;26;53;36.234;14.49
2452;26;54;15.254;12.02
2453;26;54;18.854;9.44
2454;26;55;71.72;20.82
2455;26;55;62.339;17.73
2456;26;55;61.163;7.66
2457;26;56;24.519;5.15
2458;26;56;19.285;16.81
2459;26;57;46.48;15.29
2460;26;57;40.898;14.41
2461;26;57;36.444;11.0
2462;26;58;47.239;2.34
2463;26;59;18.196;17.41
2464;26;59;16.199;19.86
2465;26;59;20.056;23.65
2466;27;28;15.908;6.96
2467;27;29;31.396;20.56
2468;27;30;29.679;15.91
2469;27;31;22.715;19.09
2470;27;31;22.023;7.75
2471;27;31;20.695;22.32
2472;27;32;3.653;15.92
2473;27;32;2.946;7.79
2474;27;33;7.096;2.69
2475;27;33;6.853;0.9
2476;27;33;8.228;3.63
2477;27;34;15.584;12.58
2478;27;35;81.373;5.15
2479;27;36;11.825;6.87
2480;27;36;10.072;2.84
2481;27;36;12.285;21.75
2482;27;37;7.716;22.21
2483;27;37;7.818;12.44
2484;27;38;71.861;19.37
2485;27;38;62.068;23.3
2486;27;38;75.703;7.55
2487;27;39;7.937;23.97
2488;27;40;10.833;0.74
2489;27;40;9.282;12.9
2490;27;40;8.692;6.77
2491;27;41;5.192;4.76
2492;27;41;5.527;8.65
2493;27;42;58.65;12.24
2494;27;43;9.425;8.39
2495;27;44;29.046;16.8
2496;27;45;67.888;23.17
2497;27;46;6.594;0.57
2498;27;46;7.276;3.58
2499;27;46;6.767;9.21
2500;27;47;13.75;12.56
2501;27;47;11.475;20.44
2502;27;47;13.943;8.32
2503;27;48;16.188;9.81
2504;27;49;17.191;3.79
2505;27;49;17.648;10.51
2506;27;49;17.324;3.81
2507;27;50;16.717;24.69
2508;27;50;16.085;17.83
2509;27;50;19.385;3.96
2510;27;51;63.784;6.37
2511;27;51;68.844;21.55
2512;27;52;16.203;7.0
2513;27;52;18.469;13.13
2514;27;52;16.739;13.3
2515;27;53;46.112;20.78
2516;27;54;15.117;22.47
2517;27;55;69.475;20.49
2518;27;55;56.247;11.88
2519;27;56;22.872;6.87
2520;27;57;36.957;9.09
2521;27;57;44.985;7.67
2522;27;57;37.38;21.99
2523;27;58;39.09;22.6
2524;27;59;13.217;23.62
2525;28;29;41.135;1.38
2526;28;29;39.312;19.6
2527;28;29;48.158;7.32
2528;28;30;37.895;4.16
2529;28;30;33.217;10.69
2530;28;31;18.804;19.41
2531;28;31;21.014;11.39
2532;28;32;15.741;4.02
2533;28;33;8.82;2.56
2534;28;34;0.845;24.79
2535;28;34;0.69;13.37
2536;28;34;0.928;22.99
2537;28;35;86.494;6.58
2538;28;35;106.6;5.6
2539;28;35;65.235;24.84
2540;28;36;4.155;4.14
2541;28;36;3.802;7.36
2542;28;36;4.123;4.53
2543;28;37;14.917;11.76
2544;28;38;57.415;14.67
2545;28;39;9.898;4.86
2546;28;39;9.799;24.6
2547;28;40;5.077;3.45
2548;28;41;10.92;12.85
2549;28;42;62.925;14.23
2550;28;42;73.014;17.29
2551;28;43;7.984;24.39
2552;28;43;6.163;19.21
2553;28;44;44.343;5.06
2554;28;45;52.723;2.13
2555;28;45;56.325;20.41
2556;28;45;54.143;11.96
2557;28;46;18.569;18.91
2558;28;46;18.468;22.72
2559;28;46;18.616;17.05
2560;28;47;24.059;15.3
2561;28;48;0.375;4.87
2562;28;49;6.795;8.77
2563;28;50;24.091;11.69
2564;28;50;22.593;18.75
2565;28;51;64.253;9.32
2566;28;51;64.461;21.79
2567;28;51;76.329;22.11
2568;28;52;2.285;14.8
2569;28;53;30.836;1.37
2570;28;53;37.084;15.41
2571;28;54;17.627;22.14
2572;28;55;74.139;2.97
2573;28;55;72.023;17.96
2574;28;55;68.392;4.25
2575;28;56;27.648;7.13
2576;28;57;51.868;3.08
2577;28;57;52.608;20.29
2578;28;57;61.733;1.15
2579;28;58;51.924;16.63
2580;28;58;58.095;22.52
2581;28;58;52.453;9.63
2582;28;59;22.308;0.45
2583;28;59;21.171;16.1
2584;28;59;24.934;13.87
2585;29;30;4.753;21.24
2586;29;30;4.995;24.33
2587;29;31;28.875;4.01
2588;29;32;34.894;14.65
2589;29;32;30.052;3.33
2590;29;33;34.989;13.14
2591;29;34;40.36;21.29
2592;29;34;40.731;2.81
2593;29;34;38.351;8.16
2594;29;35;51.357;9.62
2595;29;36;38.716;20.5
2596;29;37;26.913;21.7
2597;29;38;80.906;23.74
2598;29;39;31.94;1.08
2599;29;39;38.365;2.2
2600;29;40;37.478;13.61
2601;29;40;39.954;13.36
2602;29;40;36.711;2.97
2603;29;41;34.976;22.87
2604;29;41;30.372;22.65
2605;29;41;30.174;18.19
2606;29;42;30.638;7.04
2607;29;43;38.996;11.39
2608;29;43;35.139;0.95
2609;29;44;40.013;3.09
2610;29;44;49.872;19.43
2611;29;45;80.306;16.36
2612;29;45;65.686;5.33
2613;29;45;61.258;14.67
2614;29;46;36.675;0.8
2615;29;46;36.138;22.15
2616;29;46;43.634;13.9
2617;29;47;17.931;4.22
2618;29;47;18.808;7.37
2619;29;47;20.71;23.35
2620;29;48;41.51;13.59
2621;29;49;45.95;24.15
2622;29;50;17.05;1.45
2623;29;50;18.702;0.54
2624;29;50;15.844;24.89
2625;29;51;40.915;24.07
2626;29;51;35.346;20.38
2627;29;51;38.601;16.47
2628;29;52;42.813;19.97
2629;29;53;61.673;5.94
2630;29;54;46.455;9.0
2631;29;54;49.386;15.78
2632;29;54;46.627;8.68
2633;29;55;40.269;24.17
2634;29;55;44.216;20.25
2635;29;56;15.483;14.23
2636;29;56;15.802;0.45
2637;29;56;16.821;18.33
2638;29;57;47.374;16.61
2639;29;57;45.996;20.44
2640;29;57;57.613;22.27
2641;29;58;56.355;7.36
2642;29;58;63.57;4.88
2643;29;59;42.745;17.06
2644;29;59;37.007;21.72
2645;29;59;34.555;17.45
2646;30;31;24.486;20.36
2647;30;32;33.289;4.8
2648;30;32;27.967;0.87
2649;30;32;25.448;24.55
2650;30;33;32.433;8.5
2651;30;33;31.948;5.62
2652;30;33;38.543;2.01
2653;30;34;37.094;6.19
2654;30;34;34.169;1.47
2655;30;35;51.879;12.15
2656;30;35;52.029;16.05
2657;30;35;56.835;21.76
2658;30;36;35.807;14.93
2659;30;36;29.84;13.01
2660;30;37;24.3;14.05
2661;30;38;76.158;3.57
2662;30;38;80.948;18.3
2663;30;38;58.457;14.51
2664;30;39;29.138;0.41
2665;30;39;22.917;20.02
2666;30;40;34.595;21.92
2667;30;41;32.723;13.9
2668;30;41;29.903;11.71
2669;30;41;39.215;13.95
2670;30;42;29.95;10.82
2671;30;42;35.391;0.66
2672;30;43;36.521;17.22
2673;30;43;44.817;16.74
2674;30;43;30.228;19.19
2675;30;44;41.936;20.1
2676;30;44;32.88;4.11
2677;30;45;75.613;11.37
2678;30;46;35.446;23.67
2679;30;46;31.175;2.82
2680;30;47;15.93;22.66
2681;30;47;13.247;23.14
2682;30;48;38.269;15.58
2683;30;48;30.164;17.28
2684;30;49;43.109;8.71
2685;30;50;13.98;24.95
2686;30;51;38.647;24.43
2687;30;52;39.703;9.19
2688;30;52;34.3;16.13
2689;30;53;57.176;18.96
2690;30;53;67.915;17.01
2691;30;53;50.528;16.21
2692;30;54;44.79;22.65
2693;30;54;46.855;0.18
2694;30;54;39.577;3.93
2695;30;55;40.272;5.9
2696;30;55;43.315;3.77
2697;30;56;11.176;9.6
2698;30;56;9.605;7.12
2699;30;56;10.27;14.4
2700;30;57;49.635;20.95
2701;30;57;46.677;23.21
2702;30;58;57.894;0.14
2703;30;59;41.795;6.33
2704;31;32;25.458;7.3
2705;31;33;19.284;8.49
2706;31;33;19.623;9.62
2707;31;34;17.99;14.95
2708;31;34;14.13;9.23
2709;31;34;15.428;0.08
2710;31;35;68.519;5.83
2711;31;35;61.084;5.55
2712;31;36;19.289;11.95
2713;31;37;15.322;18.01
2714;31;37;16.506;15.28
2715;31;38;54.228;1.18
2716;31;38;55.15;6.62
2717;31;38;46.316;7.94
2718;31;39;15.85;3.69
2719;31;39;13.787;23.24
2720;31;40;18.593;19.66
2721;31;41;21.337;24.7
2722;31;41;25.145;4.19
2723;31;41;21.046;16.02
2724;31;42;44.909;15.09
2725;31;43;22.525;5.61
2726;31;44;49.387;13.99
2727;31;44;39.204;12.53
2728;31;45;52.388;1.6
2729;31;45;44.2;6.68
2730;31;45;61.603;2.57
2731;31;46;28.942;7.22
2732;31;46;34.331;20.51
2733;31;47;18.213;16.3
2734;31;48;19.096;1.39
2735;31;49;25.527;1.66
2736;31;49;22.161;13.88
2737;31;49;26.703;17.42
2738;31;50;14.692;1.74
2739;31;50;17.072;13.99
2740;31;50;12.912;17.95
2741;31;51;45.45;2.74
2742;31;52;21.079;12.68
2743;31;53;32.85;10.85
2744;31;53;27.993;6.23
2745;31;53;36.482;5.38
2746;31;54;33.609;16.74
2747;31;54;36.1;12.41
2748;31;55;56.111;2.99
2749;31;55;51.809;4.13
2750;31;56;13.392;21.17
2751;31;57;57.683;0.98
2752;31;57;64.058;23.45
2753;31;57;58.615;17.95
2754;31;58;61.476;13.69
2755;31;58;48.873;12.62
2756;31;59;35.108;2.97
2757;31;59;37.656;7.72
2758;32;33;7.563;1.24
2759;32;33;5.841;9.22
2760;32;34;15.606;7.46
2761;32;34;14.634;16.59
2762;32;35;85.017;8.15
2763;32;35;68.477;3.21
2764;32;36;11.6;7.34
2765;32;36;14.321;21.34
2766;32;37;11.015;3.95
2767;32;37;10.632;6.59
2768;32;38;72.753;0.66
2769;32;38;62.634;2.21
2770;32;38;66.672;9.3
2771;32;39;9.857;2.77
2772;32;39;8.745;10.6
2773;32;40;10.906;1.29
2774;32;40;8.212;4.18
2775;32;40;9.906;2.71
2776;32;41;5.078;7.96
2777;32;41;4.333;7.75
2778;32;42;62.303;11.71
2779;32;42;54.052;6.95
2780;32;43;8.157;8.57
2781;32;43;8.633;24.26
2782;32;44;28.603;3.58
2783;32;44;32.414;18.64
2784;32;45;68.379;14.39
2785;32;46;3.511;10.64
2786;32;46;4.166;3.44
2787;32;47;17.368;9.63
2788;32;47;18.711;18.37
2789;32;47;20.174;15.85
2790;32;48;15.957;3.57
2791;32;49;15.536;9.07
2792;32;49;16.869;24.29
2793;32;49;16.608;20.78
2794;32;50;20.363;3.42
2795;32;51;67.324;20.03
2796;32;51;73.881;20.36
2797;32;52;15.512;5.97
2798;32;53;46.506;24.39
2799;32;53;41.582;2.38
2800;32;54;11.562;10.73
2801;32;54;12.615;24.39
2802;32;55;73.127;14.35
2803;32;56;26.476;8.96
2804;32;56;32.763;16.6
2805;32;57;36.177;15.71
2806;32;57;35.702;3.54
2807;32;58;37.204;19.19
2808;32;58;37.2;1.64
2809;32;59;9.829;12.53
2810;33;34;8.489;23.27
2811;33;35;83.084;18.71
2812;33;35;96.531;15.02
2813;33;35;64.276;11.81
2814;33;36;4.801;8.19
2815;33;36;5.488;8.84
2816;33;36;5.99;19.13
2817;33;37;8.134;8.85
2818;33;37;7.711;21.13
2819;33;38;65.235;9.0
2820;33;39;3.759;6.46
2821;33;39;3.627;2.33
2822;33;39;3.946;2.27
2823;33;40;3.742;13.62
2824;33;40;3.527;6.62
2825;33;41;2.497;4.51
2826;33;42;59.834;0.26
2827;33;43;4.116;21.92
2828;33;43;3.59;6.24
2829;33;44;35.869;22.79
2830;33;45;61.007;14.03
2831;33;46;10.888;11.18
2832;33;47;17.142;22.86
2833;33;47;18.667;4.73
2834;33;47;15.607;6.89
2835;33;48;9.108;24.06
2836;33;48;7.197;4.54
2837;33;49;11.193;9.39
2838;33;49;11.822;14.61
2839;33;49;8.78;13.69
2840;33;50;18.517;23.55
2841;33;50;18.82;14.25
2842;33;50;17.462;0.02
2843;33;51;63.254;5.63
2844;33;51;60.246;15.26
2845;33;51;56.567;9.16
2846;33;52;9.3;20.26
2847;33;52;8.267;10.98
2848;33;53;39.174;21.73
2849;33;53;33.132;11.27
2850;33;53;44.817;12.78
2851;33;54;14.483;15.24
2852;33;54;17.211;21.68
2853;33;55;70.915;10.06
2854;33;55;84.619;13.53
2855;33;55;84.139;7.31
2856;33;56;23.598;3.05
2857;33;57;43.605;9.91
2858;33;57;34.48;23.93
2859;33;58;44.716;17.92
2860;33;58;43.868;20.44
2861;33;59;16.208;4.08
2862;34;35;85.65;3.65
2863;34;35;94.195;18.1
2864;34;35;94.892;19.66
2865;34;36;4.023;13.84
2866;34;36;3.947;15.99
2867;34;36;5.021;20.96
2868;34;37;14.254;6.42
2869;34;37;15.233;16.34
2870;34;38;57.363;9.35
2871;34;39;9.29;20.68
2872;34;40;4.777;13.06
2873;34;41;10.694;17.29
2874;34;42;62.08;19.24
2875;34;42;65.117;7.64
2876;34;42;58.846;7.5
2877;34;43;8.061;18.55
2878;34;44;44.188;19.98
2879;34;44;44.894;1.86
2880;34;45;52.787;17.89
2881;34;45;44.0;18.65
2882;34;46;18.534;24.48
2883;34;46;16.763;12.71
2884;34;47;23.356;14.6
2885;34;48;1.197;13.37
2886;34;49;7.57;23.88
2887;34;49;6.83;7.35
2888;34;50;23.312;10.98
2889;34;50;18.427;17.42
2890;34;50;24.031;15.92
2891;34;51;63.438;10.03
2892;34;51;67.868;22.25
2893;34;51;76.959;19.16
2894;34;52;3.09;16.03
2895;34;52;3.045;24.79
2896;34;53;30.906;16.83
2897;34;54;18.056;11.35
2898;34;54;22.027;8.91
2899;34;54;19.514;1.97
2900;34;55;73.294;19.87
2901;34;55;89.7;22.47
2902;34;56;26.818;4.58
2903;34;56;30.633;12.68
2904;34;57;51.773;10.39
2905;34;57;55.818;4.57
2906;34;58;52.029;12.37
2907;34;58;61.762;9.49
2908;34;58;49.063;7.64
2909;34;59;22.496;15.57
2910;34;59;26.207;16.34
2911;35;36;85.535;7.62
2912;35;36;92.992;1.21
2913;35;37;75.189;16.28
2914;35;38;100.386;8.13
2915;35;39;79.454;8.92
2916;35;39;83.752;14.98
2917;35;39;80.955;18.85
2918;35;40;84.45;8.8
2919;35;41;83.844;16.67
2920;35;41;80.264;3.51
2921;35;42;23.616;24.97
2922;35;42;21.768;0.81
2923;35;43;87.183;17.44
2924;35;44;89.327;12.87
2925;35;44;68.662;22.89
2926;35;45;104.258;8.7
2927;35;46;87.307;17.68
2928;35;46;101.153;5.45
2929;35;46;104.771;15.12
2930;35;47;67.678;1.7
2931;35;48;86.837;23.49
2932;35;48;82.102;16.6
2933;35;48;104.042;3.15
2934;35;49;92.705;19.68
2935;35;49;87.59;10.14
2936;35;50;64.881;9.98
2937;35;51;29.586;4.17
2938;35;52;88.638;1.15
2939;35;53;93.798;1.77
2940;35;53;97.532;20.14
2941;35;54;96.388;10.45
2942;35;55;12.409;11.86
2943;35;55;9.8;19.89
2944;35;56;59.503;21.82
2945;35;57;95.462;14.0
2946;35;57;76.565;8.02
2947;35;58;106.029;8.61
2948;35;58;103.999;16.03
2949;35;58;100.558;3.19
2950;35;59;93.673;2.94
2951;35;59;89.854;0.68
2952;36;37;11.916;16.82
2953;36;37;12.535;22.44
2954;36;38;61.364;4.11
2955;36;39;6.801;20.72
2956;36;40;1.253;15.4
2957;36;40;1.189;16.56
2958;36;41;6.774;10.01
2959;36;41;6.49;18.82
2960;36;42;62.083;9.4
2961;36;43;4.191;22.27
2962;36;43;3.845;19.36
2963;36;44;40.197;14.69
2964;36;44;44.044;16.22
2965;36;44;46.763;8.97
2966;36;45;56.809;5.77
2967;36;46;14.514;4.83
2968;36;46;14.47;13.91
2969;36;47;21.157;3.1
2970;36;47;18.219;14.9
2971;36;48;4.399;4.59
2972;36;49;7.314;10.17
2973;36;49;6.189;18.98
2974;36;49;8.128;1.07
2975;36;50;21.837;22.54
2976;36;51;64.413;11.59
2977;36;52;4.534;3.52
2978;36;52;4.915;15.14
2979;36;52;4.277;14.49
2980;36;53;34.926;5.47
2981;36;53;32.015;14.85
2982;36;54;14.928;9.29
2983;36;55;73.254;20.97
2984;36;55;60.479;13.55
2985;36;56;26.162;22.93
2986;36;56;27.541;16.31
2987;36;56;26.075;11.93
2988;36;57;47.756;17.83
2989;36;58;48.082;13.85
2990;36;59;18.686;9.47
2991;36;59;21.04;20.67
2992;37;38;66.786;18.1
2993;37;38;63.504;8.17
2994;37;39;5.126;9.65
2995;37;40;10.664;2.17
2996;37;41;8.659;4.15
2997;37;42;52.091;18.17
2998;37;42;42.631;12.7
2999;37;42;49.299;21.41
3000;37;43;12.223;3.51
3001;37;44;34.629;1.75
3002;37;44;42.208;0.46
3003;37;45;63.55;8.47
3004;37;45;60.253;17.85
3005;37;45;55.058;12.15
3006;37;46;14.274;17.45
3007;37;47;9.242;2.72
3008;37;47;9.125;10.38
3009;37;48;15.282;20.0
3010;37;48;18.454;14.75
3011;37;48;15.052;20.32
3012;37;49;19.057;23.49
3013;37;50;10.416;14.34
3014;37;50;8.542;12.02
3015;37;51;56.41;15.65
3016;37;51;59.66;21.62
3017;37;52;16.247;16.87
3018;37;52;19.147;13.07
3019;37;52;16.629;6.3
3020;37;53;42.199;4.27
3021;37;54;21.46;21.74
3022;37;55;63.095;14.58
3023;37;56;15.883;17.82
3024;37;56;18.155;0.14
3025;37;56;17.731;2.92
3026;37;57;42.833;24.61
3027;37;57;42.479;8.97
3028;37;58;46.158;0.28
3029;37;59;20.827;16.49
3030;38;39;64.018;10.03
3031;38;39;48.109;21.8
3032;38;40;61.891;23.03
3033;38;40;64.121;16.68
3034;38;41;67.686;5.07
3035;38;41;57.73;13.03
3036;38;41;76.215;5.57
3037;38;42;81.254;9.12
3038;38;42;61.382;23.51
3039;38;43;65.396;17.31
3040;38;43;61.152;16.5
3041;38;43;73.922;4.72
3042;38;44;100.892;7.88
3043;38;45;8.891;18.26
3044;38;45;9.041;10.32
3045;38;45;6.742;10.43
3046;38;46;75.858;5.31
3047;38;46;70.224;11.12
3048;38;47;72.277;20.57
3049;38;47;59.602;13.18
3050;38;48;57.287;20.43
3051;38;48;53.814;0.11
3052;38;49;60.987;14.09
3053;38;49;76.21;24.15
3054;38;50;68.917;8.74
3055;38;50;58.339;18.44
3056;38;51;70.801;23.16
3057;38;52;58.401;7.72
3058;38;53;27.216;18.85
3059;38;53;32.818;1.18
3060;38;53;31.569;12.5
3061;38;54;73.727;3.17
3062;38;54;65.113;11.36
3063;38;54;87.444;0.51
3064;38;55;89.838;2.1
3065;38;56;66.402;23.59
3066;38;56;50.979;24.72
3067;38;56;71.746;21.06
3068;38;57;108.797;4.29
3069;38;57;90.751;3.56
3070;38;57;81.965;5.08
3071;38;58;109.307;12.59
3072;38;59;79.572;10.9
3073;39;40;5.552;1.3
3074;39;40;6.329;10.46
3075;39;40;4.464;12.65
3076;39;41;5.496;4.1
3077;39;41;5.063;8.05
3078;39;42;56.153;6.1
3079;39;43;7.755;24.62
3080;39;43;9.636;10.08
3081;39;44;36.879;9.13
3082;39;45;60.251;13.67
3083;39;46;13.365;18.08
3084;39;47;14.368;14.02
3085;39;47;14.496;13.34
3086;39;48;10.255;12.34
3087;39;48;10.686;13.63
3088;39;49;14.015;1.17
3089;39;49;11.233;6.91
3090;39;49;10.971;3.9
3091;39;50;15.161;24.33
3092;39;50;16.015;18.3
3093;39;50;15.383;21.28
3094;39;51;59.499;24.78
3095;39;52;11.129;16.14
3096;39;52;11.021;2.2
3097;39;52;9.041;16.23
3098;39;53;38.597;22.72
3099;39;53;36.216;20.7
3100;39;54;18.193;1.25
3101;39;54;17.912;14.5
3102;39;54;19.997;5.87
3103;39;55;67.256;16.77
3104;39;55;70.943;16.61
3105;39;55;55.368;16.85
3106;39;56;19.951;6.19
3107;39;57;44.859;6.46
3108;39;57;50.658;22.13
3109;39;57;50.693;3.36
3110;39;58;46.874;8.04
3111;39;58;58.211;19.05
3112;39;58;41.867;16.46
3113;39;59;19.29;3.36
3114;39;59;21.498;1.17
3115;40;41;5.928;12.53
3116;40;41;4.862;9.35
3117;40;42;61.024;22.03
3118;40;42;64.16;9.17
3119;40;42;70.007;15.82
3120;40;43;4.205;20.92
3121;40;43;4.781;23.64
3122;40;43;5.075;17.34
3123;40;44;39.442;11.93
3124;40;44;47.323;11.12
3125;40;44;32.154;14.66
3126;40;45;57.478;4.52
3127;40;45;59.791;6.32
3128;40;46;13.977;18.76
3129;40;46;17.186;20.78
3130;40;46;13.072;22.38
3131;40;47;19.904;12.88
3132;40;48;5.368;1.58
3133;40;48;5.453;10.94
3134;40;49;8.515;6.64
3135;40;49;6.581;16.77
3136;40;49;10.539;12.64
3137;40;50;20.62;0.89
3138;40;50;15.96;14.77
3139;40;51;63.546;6.43
3140;40;51;61.776;23.52
3141;40;51;53.913;19.29
3142;40;52;5.739;2.12
3143;40;52;4.589;3.22
3144;40;52;6.312;12.17
3145;40;53;35.612;18.3
3146;40;53;26.833;16.4
3147;40;53;28.921;20.07
3148;40;54;15.269;14.34
3149;40;54;12.749;8.9
3150;40;55;72.184;6.74
3151;40;55;82.602;19.48
3152;40;56;25.033;6.05
3153;40;56;30.903;17.41
3154;40;57;47.081;5.5
3155;40;57;52.577;0.57
3156;40;58;47.699;6.14
3157;40;58;56.414;18.83
3158;40;58;39.509;1.11
3159;40;59;18.52;19.35
3160;41;42;60.744;21.49
3161;41;42;59.006;20.74
3162;41;42;50.059;18.57
3163;41;43;4.363;15.7
3164;41;44;33.517;4.4
3165;41;45;63.383;22.75
3166;41;46;8.395;23.34
3167;41;47;17.046;9.24
3168;41;47;15.296;20.19
3169;41;48;11.173;15.08
3170;41;48;9.068;24.71
3171;41;48;12.251;18.83
3172;41;49;12.112;10.21
3173;41;50;19.007;0.57
3174;41;50;23.338;11.44
3175;41;50;20.522;8.12
3176;41;51;64.694;24.56
3177;41;52;11.042;9.32
3178;41;52;12.056;19.47
3179;41;53;41.527;14.91
3180;41;53;35.281;16.32
3181;41;54;12.944;8.44
3182;41;54;14.968;21.79
3183;41;55;71.754;22.7
3184;41;56;24.512;23.77
3185;41;56;20.572;8.69
3186;41;57;41.192;11.63
3187;41;57;32.178;23.06
3188;41;57;35.795;21.04
3189;41;58;42.22;5.41
3190;41;58;47.615;16.8
3191;41;59;13.885;10.26
3192;42;43;63.906;9.03
3193;42;43;71.22;2.6
3194;42;43;50.228;3.29
3195;42;44;70.48;17.75
3196;42;45;83.961;9.76
3197;42;45;87.159;20.84
3198;42;46;64.83;22.36
3199;42;46;62.21;15.81
3200;42;47;45.172;14.92
3201;42;48;63.264;7.91
3202;42;49;69.201;20.82
3203;42;49;79.066;16.07
3204;42;50;41.967;11.68
3205;42;51;15.436;20.23
3206;42;51;14.693;1.41
3207;42;51;14.214;9.67
3208;42;52;65.084;21.89
3209;42;52;52.537;9.18
3210;42;52;70.613;22.66
3211;42;53;71.407;10.75
3212;42;54;73.478;0.32
3213;42;54;90.526;17.72
3214;42;55;11.221;21.0
3215;42;55;12.349;4.98
3216;42;55;13.27;20.03
3217;42;56;36.251;2.24
3218;42;56;33.652;19.35
3219;42;56;28.924;6.81
3220;42;57;77.521;12.89
3221;42;57;58.485;21.37
3222;42;58;86.948;0.84
3223;42;59;71.35;9.1
3224;42;59;53.579;23.62
3225;43;44;36.621;24.49
3226;43;44;28.503;19.35
3227;43;44;39.853;4.9
3228;43;45;60.667;8.9
3229;43;45;63.944;0.98
3230;43;46;10.66;14.17
3231;43;46;11.304;1.36
3232;43;47;21.095;5.46
3233;43;47;17.223;19.03
3234;43;47;22.871;22.91
3235;43;48;8.131;3.1
3236;43;48;9.181;6.13
3237;43;48;6.949;6.48
3238;43;49;7.772;5.19
3239;43;49;6.749;11.66
3240;43;50;22.624;11.99
3241;43;50;27.471;12.86
3242;43;50;28.098;23.69
3243;43;51;67.07;18.63
3244;43;51;57.02;5.05
3245;43;52;7.404;4.4
3246;43;52;9.251;15.85
3247;43;53;38.782;5.59
3248;43;53;39.55;8.59
3249;43;54;11.133;13.81
3250;43;54;11.275;24.02
3251;43;54;13.431;7.83
3252;43;55;75.001;14.98
3253;43;55;87.662;17.38
3254;43;55;79.163;5.57
3255;43;56;27.686;17.87
3256;43;56;23.343;6.74
3257;43;56;22.19;20.61
3258;43;57;44.002;10.55
3259;43;57;42.354;22.17
3260;43;58;43.969;24.24
3261;43;58;34.794;3.31
3262;43;58;51.003;13.59
3263;43;59;14.497;11.36
3264;43;59;16.331;20.03
3265;44;45;96.875;2.39
3266;44;45;90.874;11.51
3267;44;45;95.061;22.98
3268;44;46;26.038;21.19
3269;44;46;26.415;2.96
3270;44;46;23.013;1.88
3271;44;47;32.478;16.4
3272;44;48;44.56;15.29
3273;44;49;43.229;5.56
3274;44;49;37.185;19.27
3275;44;49;35.563;23.01
3276;44;50;36.992;16.15
3277;44;50;32.861;13.95
3278;44;51;80.577;20.6
3279;44;51;82.886;11.7
3280;44;51;73.969;8.21
3281;44;52;44.025;15.35
3282;44;53;75.039;8.65
3283;44;53;69.279;23.78
3284;44;53;56.474;17.01
3285;44;54;32.982;9.79
3286;44;55;79.353;22.61
3287;44;56;42.859;11.47
3288;44;56;42.896;16.02
3289;44;56;35.153;12.1
3290;44;57;8.326;23.02
3291;44;58;16.702;2.01
3292;44;58;14.478;21.68
3293;44;58;13.768;16.97
3294;44;59;25.336;21.29
3295;45;46;71.292;7.07
3296;45;47;69.918;22.86
3297;45;48;52.548;15.75
3298;45;48;49.204;7.47
3299;45;48;56.112;10.45
3300;45;49;55.522;12.22
3301;45;49;67.16;11.72
3302;45;49;48.7;17.92
3303;45;50;66.963;8.05
3304;45;51;74.772;24.94
3305;45;52;53.424;20.47
3306;45;53;21.887;9.6
3307;45;53;19.582;17.93
3308;45;54;68.151;2.88
3309;45;55;93.199;9.92
3310;45;56;65.252;14.85
3311;45;56;62.436;6.86
3312;45;57;104.556;10.69
3313;45;57;98.384;6.14
3314;45;58;104.196;3.34
3315;45;59;74.442;21.24
3316;46;47;19.676;24.83
3317;46;48;18.747;24.66
3318;46;48;18.543;7.62
3319;46;48;16.206;0.2
3320;46;49;17.313;14.54
3321;46;49;17.68;3.61
3322;46;49;13.361;23.64
3323;46;50;23.066;12.74
3324;46;51;70.322;6.66
3325;46;51;70.057;2.41
3326;46;51;57.265;22.53
3327;46;52;18.039;21.82
3328;46;52;15.129;6.61
3329;46;53;49.405;18.67
3330;46;53;55.494;10.26
3331;46;53;53.509;10.84
3332;46;54;10.342;6.1
3333;46;54;11.902;16.37
3334;46;54;10.016;6.94
3335;46;55;75.54;22.37
3336;46;56;29.347;22.39
3337;46;57;33.342;0.84
3338;46;58;33.83;14.85
3339;46;59;6.651;22.28
3340;47;48;24.429;11.05
3341;47;48;21.241;8.32
3342;47;49;28.245;9.64
3343;47;50;4.546;2.31
3344;47;51;51.487;3.37
3345;47;51;47.283;12.59
3346;47;51;47.005;9.09
3347;47;52;25.475;8.47
3348;47;53;49.262;24.73
3349;47;53;37.968;10.6
3350;47;54;28.86;1.51
3351;47;54;25.685;12.11
3352;47;54;31.026;1.97
3353;47;55;55.866;20.75
3354;47;56;10.861;5.21
3355;47;57;40.785;6.48
3356;47;57;32.244;5.87
3357;47;58;46.494;8.45
3358;47;58;46.195;3.19
3359;47;58;53.688;4.45
3360;47;59;26.179;20.69
3361;47;59;30.042;21.25
3362;47;59;22.099;18.09
3363;48;49;6.555;24.51
3364;48;50;24.466;23.39
3365;48;50;30.264;3.56
3366;48;51;64.545;24.88
3367;48;52;2.034;15.14
3368;48;52;2.348;20.48
3369;48;52;2.042;22.62
3370;48;53;30.661;0.24
3371;48;54;17.596;5.37
3372;48;54;16.904;11.12
3373;48;54;17.738;3.95
3374;48;55;74.479;20.52
3375;48;56;28.013;14.75
3376;48;56;33.242;8.86
3377;48;57;52.061;0.99
3378;48;57;55.672;21.56
3379;48;57;62.361;20.17
3380;48;58;52.036;7.49
3381;48;59;22.391;19.69
3382;48;59;16.829;18.99
3383;49;50;29.133;8.41
3384;49;51;70.959;9.58
3385;49;51;74.752;1.08
3386;49;51;77.358;17.42
3387;49;52;4.52;5.69
3388;49;52;4.735;17.28
3389;49;53;33.86;7.15
3390;49;53;39.314;11.94
3391;49;53;28.709;3.15
3392;49;54;12.744;6.63
3393;49;54;15.151;0.79
3394;49;55;80.393;22.66
3395;49;56;33.433;23.11
3396;49;57;50.179;10.46
3397;49;57;58.906;12.03
3398;49;57;58.125;21.52
3399;49;58;48.704;7.85
3400;49;59;19.04;6.05
3401;50;51;47.454;18.13
3402;50;51;56.668;2.57
3403;50;52;25.811;21.91
3404;50;52;30.166;4.08
3405;50;52;30.701;3.13
3406;50;53;46.809;0.26
3407;50;54;31.539;17.55
3408;50;54;31.116;10.29
3409;50;55;52.867;4.55
3410;50;55;48.572;23.53
3411;50;55;54.783;0.64
3412;50;56;6.496;23.55
3413;50;56;5.495;16.85
3414;50;57;45.288;4.19
3415;50;57;44.119;4.67
3416;50;58;51.015;23.12
3417;50;58;39.491;7.54
3418;50;59;29.69;1.76
3419;50;59;26.373;12.37
3420;51;52;66.528;2.58
3421;51;52;82.837;14.82
3422;51;52;58.265;1.28
3423;51;53;65.697;2.49
3424;51;53;60.789;3.44
3425;51;54;77.629;23.87
3426;51;54;90.645;6.25
3427;51;54;66.2;17.09
3428;51;55;19.736;19.9
3429;51;56;41.023;12.59
3430;51;56;50.1;22.04
3431;51;56;33.028;1.47
3432;51;57;88.185;13.66
3433;51;57;85.164;22.34
3434;51;58;96.476;8.89
3435;51;58;98.098;4.82
3436;51;58;76.991;5.43
3437;51;59;76.973;19.42
3438;51;59;72.413;4.65
3439;52;53;31.563;6.97
3440;52;53;33.976;14.55
3441;52;54;15.946;19.77
3442;52;54;17.052;14.05
3443;52;55;76.293;24.37
3444;52;55;90.574;3.91
3445;52;55;83.319;21.08
3446;52;56;29.633;20.47
3447;52;57;51.373;21.65
3448;52;58;50.916;19.82
3449;52;58;62.579;7.58
3450;52;59;21.172;8.37
3451;53;54;46.577;5.73
3452;53;54;55.769;21.65
3453;53;55;81.826;12.74
3454;53;55;72.109;24.8
3455;53;55;98.051;6.55
3456;53;56;46.214;10.87
3457;53;56;44.499;23.17
3458;53;56;48.962;24.39
3459;53;57;82.679;5.87
3460;53;58;82.42;11.38
3461;53;58;91.392;20.22
3462;53;58;96.576;3.24
3463;53;59;52.651;17.41
3464;53;59;53.209;17.36
3465;53;59;40.222;4.55
3466;54;55;84.406;23.49
3467;54;55;104.919;3.84
3468;54;56;37.336;20.45
3469;54;57;39.06;7.13
3470;54;57;33.392;0.74
3471;54;58;36.293;8.52
3472;54;58;39.094;16.37
3473;54;59;7.648;9.61
3474;54;59;8.069;6.72
3475;55;56;47.317;15.98
3476;55;56;49.245;17.87
3477;55;56;43.446;19.96
3478;55;57;85.959;17.3
3479;55;58;95.994;12.86
3480;55;59;81.991;24.37
3481;56;57;51.092;16.32
3482;56;58;57.301;23.38
3483;56;58;48.913;13.89
3484;56;59;35.994;13.37
3485;57;58;12.275;17.45
3486;57;58;11.542;15.17
3487;57;59;31.553;9.36
3488;57;59;30.95;15.79
3489;58;59;29.769;13.35
