VERTEX_COUNT 60
PATH_COUNT 1
BUDGET 420
<------------ VERTICES ------------>
0;START;41.374834;2.170055;0.0;0.0
1;Basilica of the Sagrada Família;41.403568;2.174435;45.0;100.0
2;Palau Güell;41.378864;2.174117;45.0;87.54
3;Anella Olímpica(Olympic Park);41.364778;2.152575;45.0;84.86
4;La Pedrera (Casa Milà);41.395271;2.161785;45.0;84.83
5;Museu Nacional d’Art de Catalunya;41.36882;2.153347;45.0;82.45
6;Galeria d’Art Mar Grup Escolà;41.392349;2.167836;45.0;79.4
7;Poble Espanyol;41.368679;2.147031;45.0;76.61
8;Parc de la Ciutadella;41.389248;2.186548;45.0;76.1
9;Basilica of Sants Just i Pastor;41.382812;2.178195;45.0;76.06
10;Montjuïc Castle;41.363823;2.167096;45.0;75.9
11;Avinguda d’Icària;41.391556;2.197416;45.0;75.01
12;Museu d’Història de Catalunya - MHC;41.380852;2.185799;45.0;74.97
13;Passeig de Gràcia;41.390739;2.166672;45.0;72.73
14;Park Güell;41.414249;2.151926;45.0;68.54
15;Antic Hospital de la Santa Creu;41.380573;2.170374;45.0;67.49
16;Casa Batlló;41.391758;2.164961;45.0;66.5
17;Lorena Ruiz de Villa;41.397858;2.146705;45.0;65.9
18;Museu Frederic Marès;41.384178;2.176819;45.0;64.59
19;Basilica of Santa Maria del Mar;41.383518;2.1818;45.0;63.07
20;Museu Palmero;41.424667;2.139856;45.0;62.62
21;Plaça de Catalunya;41.387005;2.17003;45.0;61.77
22;Museu Picasso;41.385181;2.180863;45.0;61.51
23;Plaça del Rei;41.384144;2.177409;45.0;61.45
24;Despair;41.387653;2.188076;45.0;61.1
25;Parc de Diagonal Mar;41.407215;2.214539;45.0;59.27
26;Casa Martí, Els Quatre Gats ;41.385775;2.173671;45.0;59.21
27;Barcelona;41.389034;2.16137;45.0;58.46
28;Rambla del Raval;41.378681;2.169317;45.0;58.34
29;La Colmena;41.383835;2.178294;45.0;57.8
30;Royal Dockyards Museu Marítim ;41.375286;2.17598;45.0;57.48
31;Casa Vicens;41.403442;2.150684;45.0;56.83
32;Turó de la Rovira viewing point;41.419388;2.161812;45.0;56.64
33;Poblenou Cemetery;41.394859;2.201189;45.0;56.37
34;Platja de la Nova Mar Bella;41.40205;2.21529;45.0;55.79
35;90th Jean Bouin;41.373077;2.150465;45.0;55.63
36;Arts Santa Mònica;41.37722;2.176012;45.0;55.14
37;Imaginart Gallery;41.393822;2.164627;45.0;54.46
38;Monument to Doctor Robert;41.394924;2.175599;45.0;54.3
39;Palau Montaner;41.39555;2.1652;45.0;53.89
40;Palau Sant Jordi;41.363441;2.152537;45.0;51.7
41;Atelier;41.407719;2.158233;45.0;51.6
42;Museu d’Història de Barcelona;41.384144;2.177409;45.0;51.25
43;Museu de la Moto ;41.383327;2.174488;45.0;50.5
44;El Fossar de les Moreres;41.383713;2.18243;45.0;49.32
45;Contrast;41.387928;2.161469;45.0;49.28
46;Rambla del Poblenou;41.40192;2.200141;45.0;48.72
47;Casa Lleó Morera;41.39119;2.165511;45.0;48.7
48;Maeght;41.384689;2.181526;45.0;48.66
49;Casa Comalat;41.397072;2.160723;45.0;48.42
50;Carles Taché;41.389851;2.164213;45.0;48.27
51;Barcelona Head;41.380924;2.182465;45.0;48.21
52;Galeria Mayoral;41.389542;2.163808;45.0;47.98
53;Parc de la Creueta del Coll;41.41935;2.146432;45.0;47.95
54;Casa Calvet;41.390972;2.173002;45.0;47.94
55;Magic Fountain of Montjuïc;41.37117;2.151732;45.0;46.99
56;Piramidon Centre d’Art Contemporani;41.422626;2.209764;45.0;46.55
57;Olympic Stadium Lluís Companys;41.364746;2.155624;45.0;46.03
58;Santa Eulàlia small schooner;41.376385;2.179861;45.0;45.59
59;FINISH;41.374834;2.170055;0.0;0.0
<------------- EDGES -------------->
0;0;1;49.491;0.54
1;0;1;47.972;2.32
2;0;2;8.647;20.44
3;0;3;28.285;4.13
4;0;3;27.193;7.29
5;0;3;34.908;16.55
6;0;4;36.549;16.88
7;0;5;23.796;0.89
8;0;5;20.539;24.16
9;0;5;25.685;4.72
10;0;6;30.107;4.48
11;0;6;31.742;24.5
12;0;7;31.387;9.29
13;0;7;24.265;10.16
14;0;7;32.92;7.22
15;0;8;32.509;24.53
16;0;8;37.443;13.38
17;0;9;17.194;5.37
18;0;10;19.222;4.54
19;0;10;21.576;21.37
20;0;10;21.6;21.55
21;0;11;45.309;14.78
22;0;11;46.71;17.58
23;0;11;50.462;18.29
24;0;12;22.688;22.9
25;0;13;27.562;23.32
26;0;14;71.35;14.8
27;0;15;9.829;4.53
28;0;15;9.332;14.9
29;0;16;29.69;18.1
30;0;17;49.508;22.14
31;0;17;60.842;18.81
32;0;17;39.139;14.74
33;0;18;18.196;13.06
34;0;18;14.608;12.22
35;0;18;19.986;20.11
36;0;19;21.172;19.32
37;0;19;19.877;11.59
38;0;20;93.673;21.29
39;0;20;70.945;17.86
40;0;20;86.861;12.21
41;0;21;20.827;7.98
42;0;21;22.703;21.75
43;0;21;21.856;21.95
44;0;22;22.496;5.95
45;0;22;23.669;20.91
46;0;23;18.52;7.76
47;0;23;15.273;23.2
48;0;23;18.915;19.99
49;0;24;31.884;3.6
50;0;24;25.431;10.56
51;0;24;33.121;11.81
52;0;25;79.572;16.0
53;0;26;19.29;15.86
54;0;26;21.976;3.72
55;0;26;14.476;0.97
56;0;27;26.736;4.6
57;0;27;27.176;23.28
58;0;27;30.644;8.16
59;0;28;6.651;2.57
60;0;28;7.475;17.91
61;0;29;18.686;5.01
62;0;29;21.163;16.65
63;0;29;22.862;15.65
64;0;30;7.648;11.45
65;0;30;9.097;3.83
66;0;31;54.909;14.81
67;0;31;45.868;10.42
68;0;32;76.973;11.46
69;0;33;52.651;23.86
70;0;33;47.678;21.9
71;0;34;74.442;7.82
72;0;35;25.336;17.42
73;0;36;8.671;22.84
74;0;37;33.232;20.16
75;0;37;34.801;4.36
76;0;37;38.811;15.93
77;0;38;35.108;8.51
78;0;39;35.994;7.33
79;0;39;39.485;6.95
80;0;39;38.371;16.76
81;0;40;29.769;23.99
82;0;41;58.284;22.79
83;0;41;45.915;17.52
84;0;41;57.961;11.64
85;0;42;18.52;9.33
86;0;42;18.544;8.22
87;0;42;17.23;13.28
88;0;43;15.608;7.93
89;0;43;19.04;20.18
90;0;44;21.985;1.63
91;0;45;24.972;5.67
92;0;45;20.014;11.23
93;0;45;21.001;12.0
94;0;46;60.335;0.49
95;0;47;28.59;24.05
96;0;47;30.367;6.69
97;0;48;22.391;0.07
98;0;48;21.786;20.04
99;0;48;23.731;2.95
100;0;49;39.896;13.5
101;0;49;35.572;1.25
102;0;50;26.77;19.08
103;0;50;25.085;20.36
104;0;51;19.04;22.52
105;0;51;18.063;1.28
106;0;52;26.416;11.23
107;0;52;30.75;15.79
108;0;52;23.5;11.56
109;0;53;81.991;16.79
110;0;53;93.76;12.08
111;0;54;27.874;4.34
112;0;55;24.35;6.85
113;0;55;18.356;18.43
114;0;55;18.723;18.33
115;0;56;96.367;18.19
116;0;56;85.101;6.77
117;0;57;25.327;14.55
118;0;57;25.643;21.8
119;0;57;27.561;21.9
120;0;58;12.868;5.01
121;0;58;12.527;1.74
122;0;58;14.754;16.56
123;0;59;0.0;4.91
124;1;2;42.276;7.74
125;1;2;52.061;10.17
126;1;3;72.069;1.03
127;1;4;21.57;6.09
128;1;4;18.346;13.97
129;1;4;18.712;24.17
130;1;5;65.336;5.31
131;1;5;60.257;13.44
132;1;6;20.984;7.32
133;1;6;23.454;17.1
134;1;7;69.299;11.1
135;1;7;85.681;18.33
136;1;8;29.022;8.58
137;1;8;32.284;23.89
138;1;9;35.845;23.57
139;1;9;34.558;4.37
140;1;9;35.562;7.47
141;1;10;68.662;16.12
142;1;10;69.565;10.23
143;1;11;35.955;19.16
144;1;11;42.212;17.38
145;1;11;34.165;1.36
146;1;12;41.52;21.97
147;1;13;24.109;11.98
148;1;13;21.503;0.45
149;1;14;34.185;18.46
150;1;15;39.694;24.52
151;1;15;39.237;0.12
152;1;16;23.587;19.27
153;1;16;27.843;1.37
154;1;17;36.911;13.03
155;1;17;42.81;20.6
156;1;18;33.322;15.41
157;1;19;35.589;24.45
158;1;19;31.624;20.98
159;1;20;57.209;18.91
160;1;21;28.902;11.86
161;1;22;32.528;4.5
162;1;22;26.855;9.24
163;1;22;38.165;23.66
164;1;23;33.457;4.01
165;1;23;41.236;8.38
166;1;24;32.378;13.46
167;1;25;51.851;9.14
168;1;25;59.999;6.61
169;1;25;50.149;15.1
170;1;26;30.463;3.93
171;1;27;29.997;12.12
172;1;27;23.905;19.36
173;1;27;24.346;24.52
174;1;28;43.091;22.69
175;1;28;34.576;16.45
176;1;28;53.766;3.12
177;1;29;34.129;23.19
178;1;29;34.963;24.73
179;1;29;29.848;1.99
180;1;30;48.438;8.91
181;1;31;30.486;6.13
182;1;31;23.578;15.6
183;1;31;37.055;3.07
184;1;32;31.549;23.18
185;1;33;37.436;1.19
186;1;33;45.794;2.91
187;1;33;39.037;5.46
188;1;34;52.504;0.2
189;1;34;43.297;4.12
190;1;35;60.577;0.03
191;1;35;74.458;21.66
192;1;36;45.133;3.92
193;1;36;46.274;8.16
194;1;36;34.709;11.32
195;1;37;20.896;13.45
196;1;38;14.867;13.4
197;1;38;17.169;23.4
198;1;39;18.132;13.88
199;1;39;22.647;20.51
200;1;40;74.2;9.32
201;1;41;21.975;19.96
202;1;41;18.302;1.57
203;1;42;33.457;16.08
204;1;42;28.366;15.34
205;1;42;36.097;23.16
206;1;43;34.637;2.21
207;1;43;43.056;17.83
208;1;43;32.778;8.82
209;1;44;35.493;5.5
210;1;44;44.048;1.81
211;1;44;35.425;15.89
212;1;45;31.517;16.99
213;1;46;33.115;15.26
214;1;46;35.667;11.96
215;1;47;24.081;5.08
216;1;47;29.086;15.62
217;1;47;28.194;3.93
218;1;48;33.564;11.15
219;1;48;26.926;12.31
220;1;49;20.817;14.82
221;1;50;26.892;6.87
222;1;50;29.932;3.34
223;1;51;40.097;4.53
224;1;52;27.608;1.48
225;1;52;30.919;2.2
226;1;52;25.144;9.88
227;1;53;44.955;10.47
228;1;54;21.633;2.9
229;1;54;26.425;20.03
230;1;54;17.157;2.96
231;1;55;62.636;21.24
232;1;55;49.344;5.89
233;1;55;60.392;7.05
234;1;56;55.85;3.24
235;1;56;62.974;5.89
236;1;56;60.672;23.62
237;1;57;70.687;7.66
238;1;57;53.209;1.28
239;1;57;78.205;5.77
240;1;58;47.035;21.29
241;1;58;43.545;11.7
242;1;58;46.386;18.02
243;1;59;49.491;5.89
244;1;59;57.125;6.76
245;1;59;40.48;1.03
246;2;3;36.692;20.63
247;2;3;36.401;8.93
248;2;3;39.947;20.25
249;2;4;32.233;1.59
250;2;5;31.73;20.62
251;2;5;31.007;21.15
252;2;6;24.444;11.23
253;2;7;38.904;0.94
254;2;8;23.885;3.05
255;2;8;18.179;9.8
256;2;9;8.547;6.03
257;2;10;27.272;8.97
258;2;10;33.603;7.72
259;2;11;36.967;22.82
260;2;11;35.62;11.61
261;2;12;15.381;3.0
262;2;13;22.457;6.51
263;2;13;23.665;21.79
264;2;14;66.918;11.25
265;2;14;73.914;0.08
266;2;15;5.626;10.49
267;2;15;5.267;17.42
268;2;16;25.001;20.07
269;2;16;29.123;23.18
270;2;17;47.906;15.33
271;2;17;56.243;20.37
272;2;18;9.733;16.01
273;2;19;12.678;18.63
274;2;20;89.874;8.01
275;2;20;84.851;13.93
276;2;20;99.385;18.22
277;2;21;14.887;14.4
278;2;22;13.852;1.36
279;2;22;16.244;11.12
280;2;23;9.975;8.27
281;2;24;23.397;18.21
282;2;24;28.114;23.7
283;2;24;20.089;19.7
284;2;25;71.038;15.79
285;2;25;57.171;2.72
286;2;25;58.376;21.71
287;2;26;11.84;20.4
288;2;27;23.89;0.51
289;2;27;20.201;15.57
290;2;27;28.247;19.45
291;2;28;6.171;2.24
292;2;28;6.073;12.43
293;2;29;10.056;14.28
294;2;30;6.574;2.17
295;2;30;5.063;4.59
296;2;30;6.57;9.49
297;2;31;51.71;24.48
298;2;31;40.661;23.44
299;2;31;57.988;18.01
300;2;32;71.122;24.47
301;2;32;55.404;23.93
302;2;32;54.568;11.57
303;2;33;44.241;9.53
304;2;34;66.092;5.89
305;2;34;54.455;14.91
306;2;35;31.945;16.73
307;2;35;31.897;5.88
308;2;36;3.72;16.45
309;2;36;2.994;15.95
310;2;36;3.388;9.68
311;2;37;28.348;11.43
312;2;37;24.686;14.07
313;2;38;27.548;21.2
314;2;38;27.003;18.26
315;2;39;30.763;16.83
316;2;39;37.614;8.93
317;2;39;36.493;19.95
318;2;40;38.269;5.22
319;2;41;53.422;24.5
320;2;41;57.727;23.21
321;2;41;51.486;7.5
322;2;42;9.975;22.69
323;2;42;9.336;10.65
324;2;43;7.652;12.6
325;2;43;8.06;15.01
326;2;43;6.644;5.83
327;2;44;13.52;16.18
328;2;44;15.805;5.12
329;2;44;11.621;4.88
330;2;45;22.456;23.95
331;2;45;17.648;18.24
332;2;45;23.679;17.47
333;2;46;51.699;10.63
334;2;47;23.811;18.48
335;2;48;13.779;12.57
336;2;48;15.032;3.36
337;2;48;11.794;22.98
338;2;49;35.588;16.97
339;2;49;29.365;11.75
340;2;50;22.698;15.41
341;2;50;22.081;16.62
342;2;50;24.743;14.63
343;2;51;11.284;0.16
344;2;52;22.563;11.03
345;2;53;77.863;3.96
346;2;53;78.174;2.41
347;2;54;20.769;3.89
348;2;55;31.617;17.97
349;2;56;87.759;19.09
350;2;57;33.877;12.99
351;2;57;31.041;3.07
352;2;58;8.509;24.06
353;2;59;8.647;21.82
354;3;4;53.504;10.51
355;3;4;46.512;8.2
356;3;5;6.988;7.34
357;3;6;51.088;13.52
358;3;7;9.76;7.31
359;3;7;11.169;21.01
360;3;8;60.469;19.7
361;3;9;45.108;18.43
362;3;10;18.721;17.62
363;3;11;73.587;7.58
364;3;11;62.533;10.78
365;3;12;50.763;20.19
366;3;12;57.537;7.43
367;3;12;50.385;21.64
368;3;13;47.972;8.16
369;3;14;84.661;2.72
370;3;14;102.373;20.93
371;3;15;35.398;14.5
372;3;15;26.841;17.47
373;3;15;26.962;24.06
374;3;16;48.832;10.2
375;3;16;55.196;15.09
376;3;17;57.108;2.55
377;3;17;52.585;7.84
378;3;17;43.703;5.42
379;3;18;45.512;6.47
380;3;18;35.219;21.93
381;3;18;49.054;22.42
382;3;19;49.364;5.33
383;3;19;44.065;13.27
384;3;19;43.542;3.59
385;3;20;103.777;4.52
386;3;20;115.899;24.46
387;3;20;117.709;1.36
388;3;21;44.149;14.7
389;3;22;50.384;20.69
390;3;23;45.992;12.63
391;3;24;60.087;5.77
392;3;24;60.17;0.12
393;3;25;107.715;12.12
394;3;25;103.071;18.6
395;3;26;44.999;9.68
396;3;27;43.017;15.17
397;3;27;46.061;12.02
398;3;28;32.067;22.64
399;3;28;35.406;24.18
400;3;28;27.763;17.11
401;3;29;46.414;10.8
402;3;29;48.086;6.52
403;3;29;38.764;17.91
404;3;30;35.025;24.55
405;3;31;66.208;4.67
406;3;32;94.2;13.97
407;3;32;109.288;5.55
408;3;32;103.804;5.18
409;3;33;80.908;5.75
410;3;33;75.311;16.87
411;3;34;102.722;2.05
412;3;35;14.458;20.84
413;3;35;17.71;8.84
414;3;36;36.867;18.62
415;3;36;35.366;5.78
416;3;37;52.055;20.02
417;3;37;57.182;4.12
418;3;37;49.144;22.2
419;3;38;59.458;18.74
420;3;38;66.842;8.0
421;3;39;55.097;4.67
422;3;40;2.288;13.57
423;3;40;2.46;21.24
424;3;41;73.841;12.79
425;3;42;45.992;12.98
426;3;42;56.652;22.49
427;3;42;43.713;19.07
428;3;43;42.419;16.43
429;3;43;39.969;11.42
430;3;44;50.197;21.32
431;3;44;62.085;12.98
432;3;44;54.85;8.16
433;3;45;41.229;4.78
434;3;45;50.33;14.61
435;3;45;41.28;4.68
436;3;46;88.145;15.08
437;3;47;48.153;20.86
438;3;47;50.346;21.28
439;3;47;52.148;20.1
440;3;48;50.429;9.81
441;3;48;43.513;17.68
442;3;49;56.245;16.4
443;3;49;70.071;2.42
444;3;50;45.434;4.34
445;3;50;43.047;16.04
446;3;51;47.294;13.59
447;3;51;44.962;0.28
448;3;52;44.765;11.41
449;3;53;93.718;11.03
450;3;53;115.177;9.08
451;3;53;80.787;20.33
452;3;54;51.935;9.07
453;3;55;10.992;1.02
454;3;55;9.248;13.1
455;3;55;11.445;20.23
456;3;56;123.244;19.32
457;3;56;114.712;21.83
458;3;57;3.916;10.09
459;3;58;40.279;13.26
460;3;58;38.912;16.88
461;3;59;28.285;10.61
462;3;59;29.926;0.85
463;4;5;46.542;7.56
464;4;6;9.238;11.33
465;4;6;10.344;16.79
466;4;7;49.291;18.02
467;4;7;57.667;20.71
468;4;8;33.419;6.31
469;4;8;32.291;6.62
470;4;8;30.507;19.2
471;4;9;29.973;13.03
472;4;10;54.245;17.73
473;4;11;46.181;14.07
474;4;11;48.259;17.81
475;4;12;39.488;22.46
476;4;12;43.383;22.6
477;4;12;35.018;13.02
478;4;13;9.975;11.17
479;4;14;34.854;12.19
480;4;14;39.036;8.39
481;4;14;33.946;23.79
482;4;15;27.463;11.76
483;4;15;22.398;14.92
484;4;16;7.264;20.11
485;4;16;6.607;3.46
486;4;17;19.858;21.75
487;4;17;15.18;4.48
488;4;18;27.071;12.49
489;4;18;30.288;15.48
490;4;18;22.133;1.06
491;4;19;32.631;10.22
492;4;19;36.42;16.83
493;4;19;25.751;11.29
494;4;20;57.641;14.7
495;4;20;53.721;4.87
496;4;20;65.758;5.46
497;4;21;17.667;10.23
498;4;22;29.967;20.85
499;4;22;25.838;3.3
500;4;23;27.657;23.92
501;4;24;36.182;23.45
502;4;25;70.732;15.43
503;4;25;80.346;13.3
504;4;25;81.52;13.4
505;4;26;22.291;20.52
506;4;27;10.686;13.85
507;4;27;10.144;17.02
508;4;27;9.714;3.33
509;4;28;29.991;15.69
510;4;28;36.999;4.69
511;4;29;28.847;21.43
512;4;29;35.316;12.12
513;4;30;38.752;12.48
514;4;31;19.964;2.98
515;4;31;16.55;24.71
516;4;32;41.27;7.43
517;4;32;49.943;24.15
518;4;32;46.809;15.49
519;4;33;50.588;7.01
520;4;33;53.649;13.13
521;4;33;48.619;13.76
522;4;34;69.654;12.28
523;4;34;80.469;11.52
524;4;34;86.2;24.88
525;4;35;40.666;23.49
526;4;35;48.406;13.95
527;4;35;46.771;21.62
528;4;36;35.886;9.43
529;4;36;37.149;15.09
530;4;37;4.411;10.61
531;4;38;17.743;6.42
532;4;38;20.492;4.72
533;4;38;16.26;13.71
534;4;39;4.41;16.86
535;4;39;3.841;2.64
536;4;40;55.748;15.73
537;4;40;61.533;21.36
538;4;40;56.267;2.65
539;4;41;21.784;11.86
540;4;42;27.657;20.01
541;4;42;31.898;1.74
542;4;42;22.163;8.13
543;4;43;26.148;10.12
544;4;44;33.071;15.06
545;4;44;30.033;8.4
546;4;44;35.703;8.31
547;4;45;12.572;7.15
548;4;45;13.464;12.72
549;4;46;50.533;13.08
550;4;46;40.69;14.63
551;4;47;8.465;7.33
552;4;47;6.381;6.27
553;4;48;31.148;17.9
554;4;48;28.857;1.21
555;4;48;31.828;21.06
556;4;49;3.37;15.5
557;4;49;3.985;3.34
558;4;50;9.785;1.4
559;4;51;36.161;14.63
560;4;51;31.218;16.28
561;4;51;36.16;17.45
562;4;52;10.142;5.67
563;4;52;9.967;22.44
564;4;53;45.674;24.2
565;4;54;16.17;16.98
566;4;54;17.168;22.02
567;4;55;43.215;1.29
568;4;55;40.747;8.32
569;4;56;77.35;3.87
570;4;57;52.831;5.41
571;4;57;50.37;16.61
572;4;58;39.788;20.21
573;4;59;36.549;10.28
574;5;6;44.354;2.67
575;5;6;42.212;0.85
576;5;6;44.766;7.76
577;5;7;8.115;15.81
578;5;8;55.131;16.2
579;5;8;64.866;21.95
580;5;9;39.892;1.41
581;5;10;19.619;20.76
582;5;11;68.67;8.29
583;5;11;68.749;1.95
584;5;12;46.481;8.39
585;5;12;41.032;9.4
586;5;12;51.583;2.57
587;5;13;41.226;21.27
588;5;13;33.613;13.63
589;5;14;77.761;6.59
590;5;14;95.548;23.94
591;5;14;84.834;9.12
592;5;15;29.708;6.54
593;5;15;24.571;19.04
594;5;16;41.989;18.94
595;5;17;50.417;14.69
596;5;17;53.244;0.85
597;5;17;50.465;3.78
598;5;18;39.989;6.26
599;5;19;44.356;18.33
600;5;20;97.123;9.86
601;5;20;111.607;5.92
602;5;21;37.779;16.77
603;5;22;45.08;12.54
604;5;23;40.525;16.37
605;5;23;42.451;6.23
606;5;24;55.02;23.84
607;5;25;102.414;10.71
608;5;25;86.899;21.7
609;5;25;93.396;18.92
610;5;26;39.024;12.95
611;5;26;42.083;23.22
612;5;26;40.994;16.91
613;5;27;36.092;12.95
614;5;27;37.315;1.79
615;5;28;26.558;1.54
616;5;28;23.085;12.45
617;5;28;26.145;12.18
618;5;29;41.065;11.65
619;5;29;46.721;12.71
620;5;29;33.017;7.64
621;5;30;31.099;16.45
622;5;30;35.152;22.9
623;5;30;36.673;15.6
624;5;31;59.345;1.7
625;5;31;71.455;6.6
626;5;31;67.986;18.24
627;5;32;87.213;8.17
628;5;32;70.638;8.47
629;5;32;99.417;5.8
630;5;33;75.887;3.99
631;5;34;97.767;17.29
632;5;35;8.171;18.95
633;5;35;6.512;18.0
634;5;36;32.461;3.6
635;5;37;45.169;11.12
636;5;37;49.15;8.94
637;5;38;53.025;13.93
638;5;38;65.791;6.84
639;5;39;48.206;12.11
640;5;39;40.511;21.79
641;5;39;54.222;14.94
642;5;40;9.263;8.17
643;5;40;9.023;19.47
644;5;40;8.995;1.29
645;5;41;66.86;22.68
646;5;41;70.622;16.75
647;5;41;61.736;3.05
648;5;42;40.525;7.97
649;5;42;47.19;16.6
650;5;42;42.668;6.4
651;5;43;36.786;9.74
652;5;43;37.445;5.43
653;5;44;45.212;15.6
654;5;44;45.36;16.77
655;5;45;34.321;21.63
656;5;45;36.152;20.67
657;5;45;36.392;8.28
658;5;46;82.57;23.12
659;5;46;72.569;3.64
660;5;47;41.344;3.0
661;5;47;34.744;19.38
662;5;47;31.466;8.12
663;5;48;45.24;9.2
664;5;48;39.532;18.23
665;5;48;39.443;6.13
666;5;49;49.264;6.0
667;5;49;37.768;22.14
668;5;49;37.952;24.82
669;5;50;38.599;19.72
670;5;50;34.831;21.89
671;5;51;42.744;6.93
672;5;51;45.637;10.23
673;5;51;45.432;5.61
674;5;52;37.919;13.3
675;5;52;38.861;8.05
676;5;52;42.842;8.04
677;5;53;86.923;7.41
678;5;54;45.54;5.3
679;5;55;4.525;17.64
680;5;55;5.402;3.45
681;5;55;5.636;9.66
682;5;56;117.144;1.14
683;5;57;7.56;3.13
684;5;57;6.731;8.16
685;5;58;36.426;23.74
686;5;58;33.155;20.23
687;5;58;34.731;22.8
688;5;59;23.796;9.68
689;5;59;24.561;1.82
690;5;59;25.316;20.25
691;6;7;48.521;18.64
692;6;7;42.24;6.14
693;6;7;47.199;24.99
694;6;8;24.601;19.8
695;6;9;21.053;21.46
696;6;9;22.815;2.9
697;6;10;48.824;16.3
698;6;10;56.3;2.04
699;6;11;37.998;18.49
700;6;11;32.11;8.66
701;6;12;30.314;19.55
702;6;13;3.134;8.79
703;6;14;42.679;6.21
704;6;15;20.413;7.56
705;6;15;24.845;23.8
706;6;15;15.533;7.96
707;6;16;3.827;6.08
708;6;16;3.274;4.2
709;6;17;28.717;10.89
710;6;17;24.827;11.73
711;6;17;24.328;1.66
712;6;18;18.125;4.3
713;6;18;17.172;22.01
714;6;18;17.759;10.93
715;6;19;23.447;3.61
716;6;20;65.94;22.33
717;6;21;9.569;9.73
718;6;21;9.655;19.66
719;6;21;7.77;11.46
720;6;22;20.74;20.8
721;6;23;18.66;14.88
722;6;23;15.106;13.24
723;6;23;19.362;3.34
724;6;24;27.199;17.46
725;6;24;33.51;20.95
726;6;24;24.297;23.56
727;6;25;65.123;18.29
728;6;26;13.515;11.31
729;6;26;12.682;13.45
730;6;27;10.054;1.82
731;6;27;8.939;0.21
732;6;28;23.466;5.44
733;6;28;20.591;12.99
734;6;29;19.813;6.48
735;6;29;18.429;16.98
736;6;30;31.014;11.07
737;6;31;29.071;6.05
738;6;31;35.595;7.6
739;6;31;35.937;21.47
740;6;32;46.911;11.54
741;6;32;54.702;6.79
742;6;33;43.031;2.9
743;6;33;32.395;22.24
744;6;34;63.137;14.5
745;6;34;48.817;0.29
746;6;35;39.813;14.48
747;6;35;45.208;13.2
748;6;36;27.936;13.51
749;6;36;31.257;9.97
750;6;36;24.403;18.06
751;6;37;4.83;3.4
752;6;38;10.896;24.43
753;6;38;10.284;22.21
754;6;38;13.474;20.22
755;6;39;6.439;21.09
756;6;39;8.03;6.2
757;6;39;6.021;13.43
758;6;40;53.226;17.35
759;6;41;29.047;11.73
760;6;41;23.869;24.38
761;6;42;18.66;6.69
762;6;42;22.119;11.91
763;6;43;17.643;0.56
764;6;44;23.863;11.03
765;6;44;23.988;12.25
766;6;44;23.363;20.53
767;6;45;11.138;10.93
768;6;46;44.586;16.8
769;6;46;40.95;2.21
770;6;47;3.584;5.97
771;6;47;3.101;0.08
772;6;48;21.925;18.86
773;6;48;24.266;10.51
774;6;49;12.194;6.8
775;6;49;10.516;4.21
776;6;49;10.98;4.84
777;6;50;6.317;4.78
778;6;51;27.111;10.49
779;6;51;25.467;23.37
780;6;52;7.058;17.21
781;6;52;5.434;23.52
782;6;52;6.036;2.11
783;6;53;53.755;2.35
784;6;54;7.038;16.6
785;6;54;6.778;18.88
786;6;55;41.726;20.05
787;6;55;33.051;0.39
788;6;55;32.247;22.38
789;6;56;74.701;20.98
790;6;56;74.809;1.18
791;6;56;65.066;23.95
792;6;57;49.77;0.47
793;6;58;31.379;15.1
794;6;58;28.053;23.17
795;6;59;30.107;21.09
796;7;8;61.754;8.35
797;7;8;69.149;16.53
798;7;8;73.804;24.22
799;7;9;46.758;17.44
800;7;9;55.552;24.11
801;7;9;56.422;19.53
802;7;10;27.076;10.21
803;7;10;32.141;24.96
804;7;10;33.527;15.35
805;7;11;75.617;22.59
806;7;11;63.211;20.1
807;7;11;89.368;21.65
808;7;12;53.965;23.61
809;7;13;45.399;2.09
810;7;13;50.695;11.21
811;7;13;41.662;19.46
812;7;14;78.233;17.6
813;7;14;91.07;20.97
814;7;14;87.998;21.33
815;7;15;36.232;22.7
816;7;16;45.714;10.74
817;7;17;49.934;18.65
818;7;17;41.699;18.92
819;7;18;46.546;16.05
820;7;19;51.362;4.9
821;7;19;46.078;2.2
822;7;20;96.25;4.07
823;7;20;86.997;0.24
824;7;20;79.093;5.67
825;7;21;43.076;16.74
826;7;21;52.053;21.5
827;7;21;51.97;3.38
828;7;22;51.814;3.56
829;7;23;47.138;0.63
830;7;24;61.902;19.46
831;7;24;61.595;18.73
832;7;25;108.905;3.23
833;7;25;126.32;21.32
834;7;25;113.563;11.29
835;7;26;45.011;5.56
836;7;26;48.22;4.33
837;7;27;39.399;1.36
838;7;27;43.663;24.03
839;7;28;33.346;5.1
840;7;28;39.937;23.52
841;7;29;47.793;15.23
842;7;29;54.333;20.26
843;7;30;38.857;18.47
844;7;31;59.672;17.79
845;7;31;50.388;10.97
846;7;32;88.825;15.18
847;7;32;100.953;10.26
848;7;32;109.958;8.11
849;7;33;82.719;8.33
850;7;33;79.227;23.58
851;7;33;99.056;3.47
852;7;34;104.601;1.09
853;7;34;83.716;23.41
854;7;35;8.722;3.45
855;7;35;10.819;5.49
856;7;35;7.907;15.05
857;7;36;39.983;23.85
858;7;37;48.597;17.87
859;7;37;57.869;8.65
860;7;38;57.987;3.67
861;7;38;68.84;22.2
862;7;38;69.415;5.76
863;7;39;51.562;8.08
864;7;39;50.284;13.33
865;7;40;11.417;15.97
866;7;41;68.337;19.53
867;7;41;83.574;20.81
868;7;42;47.138;17.99
869;7;42;50.533;20.71
870;7;42;58.271;11.51
871;7;43;43.259;6.42
872;7;44;52.231;6.15
873;7;45;37.798;24.99
874;7;45;28.872;10.8
875;7;45;37.087;14.28
876;7;46;88.799;3.6
877;7;47;45.243;20.06
878;7;47;39.717;8.93
879;7;48;52.082;22.22
880;7;48;39.728;21.21
881;7;48;46.625;23.61
882;7;49;51.67;7.85
883;7;49;59.838;8.21
884;7;50;42.419;19.14
885;7;51;50.094;16.15
886;7;52;41.697;0.49
887;7;52;34.674;18.8
888;7;52;33.167;11.0
889;7;53;86.713;9.53
890;7;53;83.377;20.3
891;7;53;105.878;11.45
892;7;54;50.669;15.38
893;7;55;7.39;9.95
894;7;55;9.172;10.4
895;7;56;122.504;8.46
896;7;57;12.926;16.96
897;7;57;14.157;4.52
898;7;57;9.764;6.62
899;7;58;44.173;11.09
900;7;58;45.917;19.18
901;7;58;36.614;15.11
902;7;59;31.387;17.31
903;7;59;32.346;16.85
904;8;9;15.372;20.88
905;8;9;13.758;19.97
906;8;10;50.168;20.36
907;8;10;62.627;8.81
908;8;10;39.559;5.2
909;8;11;14.501;4.36
910;8;11;17.89;15.55
911;8;12;14.4;11.82
912;8;13;25.644;18.17
913;8;14;61.687;6.1
914;8;14;63.148;9.84
915;8;15;25.526;15.26
916;8;16;28.044;3.81
917;8;17;53.228;8.99
918;8;18;15.208;11.42
919;8;18;12.142;19.0
920;8;18;16.044;13.65
921;8;19;11.546;1.46
922;8;20;85.235;14.26
923;8;20;83.93;16.33
924;8;20;63.998;21.49
925;8;21;21.551;9.29
926;8;22;10.085;10.36
927;8;22;10.225;10.93
928;8;23;14.627;15.2
929;8;24;3.361;12.68
930;8;24;2.624;22.29
931;8;25;47.29;8.53
932;8;25;48.293;4.87
933;8;26;17.568;2.12
934;8;26;19.522;17.33
935;8;27;32.326;7.94
936;8;27;33.925;10.81
937;8;28;28.573;21.68
938;8;29;14.075;17.4
939;8;29;14.695;9.15
940;8;29;16.155;15.92
941;8;30;27.476;9.48
942;8;30;30.408;15.18
943;8;30;25.042;9.03
944;8;31;52.053;20.98
945;8;31;56.239;15.34
946;8;31;59.609;10.52
947;8;32;60.565;8.91
948;8;32;56.8;24.57
949;8;32;74.143;10.83
950;8;33;21.106;5.54
951;8;34;42.91;15.44
952;8;34;39.613;18.89
953;8;34;47.616;23.58
954;8;35;53.966;3.98
955;8;35;52.859;3.64
956;8;35;45.034;6.47
957;8;36;24.63;4.03
958;8;36;21.965;21.9
959;8;37;29.21;15.52
960;8;37;22.722;23.71
961;8;37;28.926;20.2
962;8;38;17.085;0.86
963;8;39;29.451;16.4
964;8;39;25.589;13.63
965;8;39;30.118;13.65
966;8;40;62.109;1.26
967;8;40;70.433;22.52
968;8;40;68.34;7.79
969;8;41;48.168;21.46
970;8;42;14.627;6.19
971;8;43;18.504;16.03
972;8;44;10.847;13.5
973;8;44;10.552;13.5
974;8;45;32.276;6.61
975;8;45;31.993;7.79
976;8;46;27.834;17.97
977;8;47;27.211;24.89
978;8;47;28.752;17.51
979;8;47;22.92;6.4
980;8;48;10.121;7.76
981;8;48;10.648;2.37
982;8;49;35.754;9.13
983;8;50;28.693;16.37
984;8;50;29.995;24.04
985;8;51;15.178;22.93
986;8;52;29.198;13.04
987;8;52;33.603;5.0
988;8;53;72.833;14.14
989;8;53;66.071;24.72
990;8;53;58.621;18.65
991;8;54;17.639;24.5
992;8;54;17.541;12.53
993;8;54;18.071;10.59
994;8;55;54.364;1.88
995;8;56;64.423;21.46
996;8;57;57.747;10.19
997;8;57;64.801;7.86
998;8;57;53.51;3.71
999;8;58;23.627;15.81
1000;8;59;32.509;6.9
1001;8;59;35.788;16.45
1002;9;10;35.483;10.03
1003;9;10;38.611;10.36
1004;9;11;28.859;6.93
1005;9;11;34.574;8.37
1006;9;11;25.728;18.88
1007;9;12;10.323;8.42
1008;9;13;20.072;12.75
1009;9;14;63.49;13.06
1010;9;14;57.161;9.37
1011;9;15;10.748;18.59
1012;9;16;22.87;23.13
1013;9;17;47.93;8.61
1014;9;18;2.93;8.85
1015;9;18;2.405;14.14
1016;9;18;2.75;22.59
1017;9;19;4.784;1.04
1018;9;19;4.956;13.98
1019;9;20;86.899;8.63
1020;9;20;71.122;22.22
1021;9;21;12.704;8.14
1022;9;22;5.307;14.61
1023;9;23;2.493;8.87
1024;9;23;2.199;17.05
1025;9;23;2.451;9.34
1026;9;24;15.151;21.67
1027;9;24;17.09;19.52
1028;9;25;62.614;1.58
1029;9;26;7.711;4.78
1030;9;26;7.988;9.86
1031;9;27;24.083;23.39
1032;9;28;13.413;14.36
1033;9;28;15.058;12.96
1034;9;28;15.276;13.86
1035;9;29;1.755;5.26
1036;9;30;13.189;6.79
1037;9;30;11.34;18.46
1038;9;31;49.936;11.41
1039;9;32;66.028;21.09
1040;9;32;53.777;14.5
1041;9;32;71.734;18.35
1042;9;33;36.006;23.07
1043;9;34;57.892;0.57
1044;9;35;39.311;9.4
1045;9;35;39.404;19.9
1046;9;36;9.971;8.9
1047;9;36;9.017;19.94
1048;9;37;25.659;18.26
1049;9;37;20.727;13.75
1050;9;37;22.09;4.56
1051;9;38;20.993;1.15
1052;9;38;22.001;14.71
1053;9;38;18.421;0.04
1054;9;39;27.449;17.04
1055;9;40;46.738;24.28
1056;9;41;49.732;19.0
1057;9;41;43.947;11.87
1058;9;42;2.493;12.58
1059;9;43;4.84;5.56
1060;9;44;5.652;19.93
1061;9;44;6.148;2.71
1062;9;45;23.19;0.53
1063;9;45;19.059;0.67
1064;9;45;22.321;8.05
1065;9;46;43.161;13.61
1066;9;47;21.696;24.32
1067;9;47;23.957;7.82
1068;9;48;5.349;20.5
1069;9;48;6.08;24.41
1070;9;49;33.145;23.25
1071;9;50;21.618;23.97
1072;9;51;6.364;13.39
1073;9;51;5.538;18.71
1074;9;52;21.767;8.26
1075;9;52;18.687;17.64
1076;9;52;19.972;16.23
1077;9;53;74.643;10.36
1078;9;54;15.474;4.85
1079;9;54;15.815;6.35
1080;9;54;12.248;2.13
1081;9;55;39.39;24.5
1082;9;55;37.374;3.93
1083;9;56;79.27;3.23
1084;9;56;75.689;14.13
1085;9;57;42.377;19.88
1086;9;57;33.022;23.01
1087;9;58;11.204;14.61
1088;9;59;17.194;16.36
1089;10;11;61.384;11.65
1090;10;12;37.763;24.19
1091;10;12;41.084;2.78
1092;10;12;30.295;11.79
1093;10;13;46.063;4.81
1094;10;13;48.46;19.42
1095;10;13;44.288;5.7
1096;10;14;88.461;4.35
1097;10;15;28.971;23.1
1098;10;15;30.461;24.33
1099;10;15;28.052;23.88
1100;10;16;47.882;10.77
1101;10;16;41.138;14.58
1102;10;17;63.856;4.59
1103;10;17;64.18;19.98
1104;10;18;37.002;2.03
1105;10;18;30.166;12.98
1106;10;18;34.466;21.22
1107;10;19;38.631;19.25
1108;10;19;38.777;9.33
1109;10;20;109.833;7.11
1110;10;21;39.848;16.6
1111;10;21;45.355;1.34
1112;10;21;46.215;21.75
1113;10;22;40.599;21.25
1114;10;23;37.21;20.72
1115;10;23;34.807;6.52
1116;10;24;48.874;23.17
1117;10;24;55.924;19.82
1118;10;24;60.379;23.73
1119;10;25;96.041;17.88
1120;10;25;119.903;4.9
1121;10;26;38.502;11.09
1122;10;27;43.764;0.88
1123;10;28;25.585;2.78
1124;10;29;37.142;10.64
1125;10;29;41.162;21.62
1126;10;29;28.655;7.07
1127;10;30;22.692;12.96
1128;10;30;18.626;3.69
1129;10;31;70.996;19.31
1130;10;31;72.258;15.67
1131;10;32;95.326;12.87
1132;10;33;68.826;7.26
1133;10;33;77.059;0.28
1134;10;33;62.335;10.46
1135;10;34;90.045;15.21
1136;10;34;98.347;20.46
1137;10;35;26.588;7.59
1138;10;35;29.616;4.92
1139;10;36;25.626;11.97
1140;10;36;24.821;10.3
1141;10;36;24.158;22.03
1142;10;37;51.433;8.86
1143;10;37;40.214;0.73
1144;10;37;62.15;2.16
1145;10;38;54.329;15.32
1146;10;39;54.347;12.7
1147;10;39;52.046;13.13
1148;10;40;18.71;11.16
1149;10;40;21.834;19.78
1150;10;41;75.973;24.29
1151;10;42;37.21;15.86
1152;10;42;43.918;4.02
1153;10;42;30.605;19.3
1154;10;43;34.699;6.14
1155;10;43;39.417;21.9
1156;10;43;33.197;0.48
1157;10;44;39.322;21.65
1158;10;44;42.128;17.11
1159;10;45;41.877;13.52
1160;10;45;36.089;17.61
1161;10;46;77.783;13.07
1162;10;46;79.696;10.25
1163;10;47;46.875;18.99
1164;10;47;56.817;5.26
1165;10;47;54.729;20.13
1166;10;48;40.228;5.68
1167;10;48;35.957;1.34
1168;10;48;41.926;11.52
1169;10;49;57.482;7.35
1170;10;49;54.799;4.31
1171;10;49;69.431;5.6
1172;10;50;44.693;10.35
1173;10;50;43.904;17.03
1174;10;51;35.297;24.25
1175;10;52;44.213;8.46
1176;10;53;98.653;3.65
1177;10;53;84.515;4.55
1178;10;54;47.073;22.72
1179;10;54;50.849;19.94
1180;10;55;23.396;12.66
1181;10;56;114.568;5.98
1182;10;56;95.906;9.11
1183;10;57;14.818;23.91
1184;10;57;17.346;18.17
1185;10;57;17.522;11.99
1186;10;58;27.034;21.54
1187;10;59;19.222;23.24
1188;10;59;17.595;14.67
1189;11;12;23.621;2.74
1190;11;12;23.003;9.52
1191;11;12;17.851;13.71
1192;11;13;39.493;24.62
1193;11;13;46.744;4.62
1194;11;14;70.123;1.22
1195;11;14;58.971;5.74
1196;11;15;39.479;9.59
1197;11;15;44.432;2.65
1198;11;15;45.811;23.32
1199;11;16;41.666;17.31
1200;11;16;33.564;6.25
1201;11;16;51.308;16.61
1202;11;17;65.986;21.98
1203;11;17;56.209;9.99
1204;11;18;29.303;18.66
1205;11;18;24.93;7.11
1206;11;19;24.314;23.12
1207;11;19;28.97;3.55
1208;11;20;93.102;24.61
1209;11;20;100.427;9.17
1210;11;20;110.998;2.01
1211;11;21;36.011;9.22
1212;11;21;33.946;14.33
1213;11;21;43.112;1.55
1214;11;22;23.888;13.01
1215;11;23;28.647;3.18
1216;11;23;30.108;4.11
1217;11;23;25.533;12.62
1218;11;24;13.725;24.7
1219;11;24;11.013;17.13
1220;11;24;10.384;22.86
1221;11;25;34.657;21.8
1222;11;25;35.763;24.36
1223;11;26;32.05;16.91
1224;11;26;33.537;18.75
1225;11;26;30.619;24.05
1226;11;27;46.477;10.99
1227;11;27;56.552;0.87
1228;11;27;37.764;15.69
1229;11;28;42.272;2.78
1230;11;28;36.447;14.78
1231;11;28;46.452;2.82
1232;11;29;27.879;21.72
1233;11;29;29.334;11.56
1234;11;29;21.249;11.13
1235;11;30;39.149;15.22
1236;11;31;63.342;20.71
1237;11;31;68.891;19.9
1238;11;32;66.005;22.36
1239;11;33;7.444;10.34
1240;11;33;7.158;11.22
1241;11;34;29.136;4.49
1242;11;34;28.061;24.41
1243;11;35;68.074;13.31
1244;11;35;60.357;0.52
1245;11;36;36.838;10.98
1246;11;36;31.67;18.44
1247;11;36;44.969;16.06
1248;11;37;42.271;13.89
1249;11;38;28.594;24.75
1250;11;38;26.451;9.53
1251;11;39;41.918;16.41
1252;11;40;75.07;4.12
1253;11;41;57.399;23.74
1254;11;41;60.371;3.5
1255;11;41;69.948;7.5
1256;11;42;28.647;20.98
1257;11;42;29.214;12.87
1258;11;43;32.631;21.36
1259;11;43;28.509;9.85
1260;11;43;28.957;18.98
1261;11;44;23.458;24.72
1262;11;44;17.661;14.12
1263;11;45;46.565;9.92
1264;11;45;57.993;16.56
1265;11;45;42.32;8.74
1266;11;46;18.077;2.96
1267;11;46;15.504;3.13
1268;11;46;17.29;21.44
1269;11;47;40.964;11.59
1270;11;47;42.831;0.03
1271;11;48;23.543;2.22
1272;11;48;23.127;18.72
1273;11;48;27.327;14.17
1274;11;49;48.04;3.66
1275;11;49;47.567;5.0
1276;11;49;52.506;2.43
1277;11;50;42.726;8.8
1278;11;50;48.114;16.2
1279;11;50;53.058;5.75
1280;11;51;26.448;4.72
1281;11;52;43.283;13.02
1282;11;53;80.897;13.07
1283;11;53;75.423;15.65
1284;11;53;70.484;12.41
1285;11;54;31.358;2.12
1286;11;54;30.481;20.2
1287;11;54;36.446;10.7
1288;11;55;68.247;14.01
1289;11;55;81.774;21.49
1290;11;56;55.48;3.85
1291;11;56;57.237;6.86
1292;11;57;70.601;14.84
1293;11;57;74.622;1.02
1294;11;58;34.38;24.95
1295;11;58;33.826;0.08
1296;11;58;29.863;13.36
1297;11;59;45.309;3.28
1298;11;59;34.438;4.6
1299;11;59;41.411;23.47
1300;12;13;29.821;12.37
1301;12;13;35.163;23.94
1302;12;13;26.329;22.68
1303;12;14;71.81;22.32
1304;12;15;19.811;7.75
1305;12;15;22.51;13.76
1306;12;15;15.038;24.75
1307;12;16;32.62;9.4
1308;12;16;36.473;15.21
1309;12;17;58.016;8.43
1310;12;18;12.858;24.17
1311;12;18;13.13;3.26
1312;12;19;6.869;15.68
1313;12;20;95.389;5.35
1314;12;20;90.272;16.78
1315;12;21;22.821;19.83
1316;12;21;19.899;13.01
1317;12;22;9.749;23.04
1318;12;23;12.156;17.3
1319;12;23;9.837;23.53
1320;12;23;14.427;24.8
1321;12;24;12.0;13.93
1322;12;24;11.102;18.79
1323;12;24;12.899;20.1
1324;12;25;58.279;14.27
1325;12;25;52.009;14.52
1326;12;26;17.705;10.89
1327;12;27;34.348;3.07
1328;12;27;39.622;0.61
1329;12;27;29.944;2.07
1330;12;28;21.487;0.7
1331;12;29;10.905;19.41
1332;12;30;15.801;3.81
1333;12;30;14.027;13.74
1334;12;30;15.888;22.38
1335;12;31;59.384;21.54
1336;12;31;71.607;2.27
1337;12;31;74.049;3.85
1338;12;32;72.778;6.57
1339;12;33;31.063;22.58
1340;12;33;26.164;14.92
1341;12;34;52.433;3.62
1342;12;34;45.104;10.28
1343;12;34;40.177;16.82
1344;12;35;47.282;4.08
1345;12;36;14.02;4.68
1346;12;37;35.092;11.46
1347;12;37;36.826;4.25
1348;12;37;39.121;19.5
1349;12;38;27.411;20.03
1350;12;38;22.445;4.13
1351;12;39;36.496;2.75
1352;12;39;36.788;21.46
1353;12;39;40.181;9.5
1354;12;40;52.078;16.75
1355;12;40;58.347;20.14
1356;12;41;58.017;18.72
1357;12;41;56.147;14.63
1358;12;42;12.156;7.51
1359;12;42;9.893;12.43
1360;12;43;15.128;21.6
1361;12;43;17.701;1.18
1362;12;44;6.533;17.59
1363;12;45;33.502;20.76
1364;12;46;40.482;13.08
1365;12;46;49.055;12.91
1366;12;46;45.552;21.32
1367;12;47;31.487;21.84
1368;12;47;33.705;12.71
1369;12;47;30.448;9.82
1370;12;48;8.556;20.9
1371;12;48;6.881;15.9
1372;12;48;8.06;23.28
1373;12;49;42.507;18.73
1374;12;49;45.615;6.01
1375;12;49;49.927;0.34
1376;12;50;31.705;17.42
1377;12;50;28.437;12.25
1378;12;50;36.993;1.82
1379;12;51;4.283;13.58
1380;12;51;4.55;9.44
1381;12;52;31.911;23.68
1382;12;52;33.326;19.67
1383;12;53;83.027;1.08
1384;12;53;95.792;5.09
1385;12;53;92.564;7.25
1386;12;54;23.871;1.17
1387;12;54;25.406;6.82
1388;12;55;46.777;10.27
1389;12;55;49.232;9.85
1390;12;55;56.307;14.98
1391;12;56;77.822;5.35
1392;12;57;47.551;23.72
1393;12;57;56.007;18.51
1394;12;58;10.797;22.09
1395;12;59;22.688;24.25
1396;13;14;44.461;1.53
1397;13;14;40.548;23.33
1398;13;14;47.858;1.94
1399;13;15;18.034;13.04
1400;13;15;15.091;22.12
1401;13;15;21.521;16.86
1402;13;16;2.805;0.54
1403;13;16;2.505;21.58
1404;13;17;28.38;19.48
1405;13;17;24.813;14.88
1406;13;17;34.075;2.0
1407;13;18;17.198;17.06
1408;13;19;23.02;3.02
1409;13;19;27.41;15.18
1410;13;19;26.079;3.96
1411;13;20;67.493;6.36
1412;13;20;57.325;2.85
1413;13;21;7.708;18.12
1414;13;22;20.552;22.83
1415;13;22;23.4;13.95
1416;13;22;20.443;6.15
1417;13;23;17.815;19.29
1418;13;24;27.982;21.02
1419;13;24;22.035;4.58
1420;13;25;67.603;7.36
1421;13;25;57.635;18.72
1422;13;25;58.655;4.38
1423;13;26;12.365;12.13
1424;13;26;14.661;21.07
1425;13;27;7.406;0.46
1426;13;28;20.912;4.55
1427;13;28;21.069;7.14
1428;13;29;19.032;10.28
1429;13;29;14.324;18.2
1430;13;29;19.735;4.77
1431;13;30;29.019;12.67
1432;13;30;28.124;5.65
1433;13;30;33.334;0.01
1434;13;31;29.895;8.98
1435;13;32;49.42;22.87
1436;13;32;46.313;15.1
1437;13;32;40.978;24.3
1438;13;33;44.869;3.17
1439;13;33;45.606;21.08
1440;13;33;48.802;19.54
1441;13;34;65.343;12.18
1442;13;34;67.617;1.99
1443;13;34;74.246;23.81
1444;13;35;36.695;21.21
1445;13;35;29.305;7.36
1446;13;35;45.816;3.53
1447;13;36;26.057;3.07
1448;13;36;28.716;0.28
1449;13;37;5.893;18.56
1450;13;37;5.455;18.02
1451;13;38;13.514;21.37
1452;13;38;10.288;17.24
1453;13;38;12.043;9.92
1454;13;39;8.447;19.84
1455;13;39;6.861;24.18
1456;13;39;8.721;9.84
1457;13;40;50.115;20.17
1458;13;41;31.01;7.52
1459;13;41;37.514;13.72
1460;13;42;17.815;14.72
1461;13;42;17.971;6.24
1462;13;43;16.173;3.25
1463;13;43;17.422;2.64
1464;13;44;23.534;21.64
1465;13;44;27.315;24.41
1466;13;44;27.627;5.03
1467;13;45;8.231;8.66
1468;13;46;47.031;23.87
1469;13;46;41.114;12.85
1470;13;47;1.678;5.34
1471;13;47;1.891;18.45
1472;13;47;1.598;8.27
1473;13;48;21.699;23.01
1474;13;49;13.258;5.32
1475;13;50;3.504;10.88
1476;13;50;3.617;15.31
1477;13;50;2.92;13.07
1478;13;51;26.329;18.5
1479;13;51;28.06;19.77
1480;13;51;25.769;15.04
1481;13;52;4.209;10.85
1482;13;53;55.425;10.35
1483;13;53;68.498;16.96
1484;13;54;8.136;3.24
1485;13;54;9.911;10.34
1486;13;54;7.354;1.23
1487;13;55;38.592;11.84
1488;13;56;77.694;23.53
1489;13;57;46.687;14.29
1490;13;58;29.834;7.46
1491;13;59;27.562;14.93
1492;14;15;62.303;9.1
1493;14;15;51.172;4.43
1494;14;16;41.967;2.14
1495;14;16;34.322;20.28
1496;14;16;43.287;15.6
1497;14;17;28.838;15.06
1498;14;18;60.572;13.79
1499;14;18;61.71;20.23
1500;14;19;65.084;10.87
1501;14;19;62.823;9.31
1502;14;19;71.904;6.15
1503;14;20;23.616;3.52
1504;14;20;24.153;7.94
1505;14;21;52.091;16.55
1506;14;22;62.08;2.1
1507;14;23;61.024;17.04
1508;14;23;69.738;4.6
1509;14;24;64.996;18.27
1510;14;25;81.254;9.99
1511;14;26;56.153;20.64
1512;14;27;44.819;2.97
1513;14;28;64.83;5.91
1514;14;28;67.873;6.81
1515;14;28;72.278;7.48
1516;14;29;62.083;24.83
1517;14;29;63.351;7.13
1518;14;29;76.117;23.21
1519;14;30;73.478;3.26
1520;14;30;74.193;19.87
1521;14;31;18.562;5.45
1522;14;32;15.436;19.16
1523;14;33;71.407;5.44
1524;14;34;83.961;21.24
1525;14;35;70.48;12.81
1526;14;36;70.506;9.35
1527;14;36;67.13;19.0
1528;14;37;38.57;23.73
1529;14;37;33.721;15.75
1530;14;38;44.909;20.51
1531;14;38;44.645;3.16
1532;14;39;36.251;18.99
1533;14;39;44.443;3.4
1534;14;39;36.705;7.28
1535;14;40;86.948;22.1
1536;14;41;13.798;9.69
1537;14;41;11.545;10.78
1538;14;42;61.024;14.61
1539;14;43;60.322;13.73
1540;14;43;45.244;10.91
1541;14;44;65.297;16.43
1542;14;45;46.677;14.34
1543;14;45;51.788;7.38
1544;14;45;51.924;3.16
1545;14;46;65.379;14.86
1546;14;46;71.157;22.19
1547;14;46;60.658;22.68
1548;14;47;43.14;15.02
1549;14;48;63.264;4.82
1550;14;48;59.337;20.25
1551;14;48;57.762;13.37
1552;14;49;31.488;11.83
1553;14;49;31.427;3.46
1554;14;50;44.63;13.45
1555;14;50;45.323;5.72
1556;14;50;36.571;21.19
1557;14;51;69.201;5.24
1558;14;51;63.332;3.62
1559;14;52;44.946;13.51
1560;14;52;37.439;8.59
1561;14;53;11.221;16.89
1562;14;54;48.15;15.37
1563;14;54;46.654;2.32
1564;14;54;52.179;18.88
1565;14;55;73.718;17.58
1566;14;55;90.339;19.95
1567;14;56;75.592;1.73
1568;14;57;84.844;0.61
1569;14;58;74.055;14.38
1570;14;58;65.399;8.34
1571;14;58;80.541;19.76
1572;14;59;71.35;15.21
1573;15;16;20.363;4.5
1574;15;16;16.856;13.47
1575;15;17;42.406;7.46
1576;15;17;48.907;4.22
1577;15;17;47.767;4.41
1578;15;18;10.322;16.39
1579;15;19;15.512;12.2
1580;15;20;85.017;6.65
1581;15;21;11.015;6.2
1582;15;21;11.025;11.17
1583;15;22;15.606;8.12
1584;15;22;18.963;24.62
1585;15;23;10.906;16.34
1586;15;24;25.756;17.0
1587;15;24;25.48;7.99
1588;15;24;28.734;14.42
1589;15;25;72.753;1.57
1590;15;26;9.857;12.3
1591;15;26;8.203;3.87
1592;15;26;9.707;24.31
1593;15;27;18.528;5.15
1594;15;27;22.069;19.48
1595;15;28;3.511;24.42
1596;15;28;3.552;8.73
1597;15;28;3.615;20.61
1598;15;29;11.6;19.92
1599;15;30;11.562;24.9
1600;15;31;46.588;22.21
1601;15;31;45.257;18.38
1602;15;31;44.043;17.12
1603;15;32;67.324;6.13
1604;15;32;71.431;13.44
1605;15;32;64.607;13.8
1606;15;33;46.506;4.16
1607;15;34;68.379;3.65
1608;15;35;28.603;4.04
1609;15;35;35.352;17.59
1610;15;35;33.19;21.11
1611;15;36;9.237;20.15
1612;15;37;23.842;24.74
1613;15;37;29.161;18.01
1614;15;38;25.458;6.78
1615;15;38;25.463;13.15
1616;15;38;20.177;5.8
1617;15;39;26.476;24.88
1618;15;39;30.779;14.94
1619;15;39;22.171;21.97
1620;15;40;37.204;8.06
1621;15;40;43.257;24.49
1622;15;41;48.998;10.85
1623;15;42;10.906;24.36
1624;15;43;7.079;2.17
1625;15;43;5.733;16.06
1626;15;43;8.256;2.83
1627;15;44;16.386;18.23
1628;15;44;19.332;24.57
1629;15;45;17.004;13.34
1630;15;46;52.865;17.16
1631;15;46;41.417;15.57
1632;15;47;19.211;19.45
1633;15;47;14.716;24.46
1634;15;48;15.957;18.18
1635;15;49;30.833;8.69
1636;15;49;32.797;13.34
1637;15;49;30.888;8.05
1638;15;50;17.738;24.54
1639;15;50;15.985;22.62
1640;15;51;15.536;12.62
1641;15;52;17.511;10.68
1642;15;52;13.334;16.88
1643;15;52;17.188;19.64
1644;15;53;73.127;23.99
1645;15;53;70.079;7.91
1646;15;54;18.112;3.74
1647;15;54;17.094;3.51
1648;15;55;28.843;12.81
1649;15;55;25.76;13.6
1650;15;55;25.457;15.75
1651;15;56;87.948;12.17
1652;15;56;69.222;18.22
1653;15;56;71.366;3.64
1654;15;57;33.05;14.08
1655;15;57;39.255;16.37
1656;15;57;37.065;1.2
1657;15;58;14.133;18.24
1658;15;58;12.612;1.56
1659;15;58;16.534;14.57
1660;15;59;9.829;21.64
1661;15;59;10.786;22.17
1662;15;59;7.618;11.08
1663;16;17;25.655;10.44
1664;16;18;20.0;7.64
1665;16;18;22.209;10.37
1666;16;18;22.902;10.05
1667;16;19;25.811;1.96
1668;16;20;64.881;11.25
1669;16;20;71.409;15.31
1670;16;20;67.549;8.5
1671;16;21;10.416;16.93
1672;16;21;11.384;13.2
1673;16;21;8.911;17.08
1674;16;22;23.312;5.83
1675;16;23;20.62;12.14
1676;16;24;30.495;5.04
1677;16;24;29.213;9.05
1678;16;25;68.917;1.41
1679;16;25;73.847;11.35
1680;16;26;15.161;13.03
1681;16;26;12.685;14.46
1682;16;26;13.174;12.96
1683;16;27;6.556;15.74
1684;16;28;23.066;21.13
1685;16;28;27.241;5.73
1686;16;28;25.328;12.77
1687;16;29;21.837;18.91
1688;16;30;31.539;5.75
1689;16;30;27.578;24.55
1690;16;30;35.828;10.58
1691;16;31;27.123;13.53
1692;16;31;21.949;23.17
1693;16;32;47.454;11.45
1694;16;33;46.809;10.72
1695;16;33;46.854;22.62
1696;16;34;66.963;15.73
1697;16;34;64.194;11.66
1698;16;35;36.992;22.98
1699;16;35;44.816;6.63
1700;16;35;29.104;20.1
1701;16;36;28.64;10.87
1702;16;36;28.339;19.12
1703;16;37;3.558;6.49
1704;16;37;3.257;2.64
1705;16;38;14.692;3.65
1706;16;38;14.227;23.89
1707;16;39;6.496;0.49
1708;16;39;5.66;8.84
1709;16;40;51.015;9.13
1710;16;40;54.291;16.25
1711;16;41;28.646;18.87
1712;16;41;21.871;18.11
1713;16;42;20.62;22.52
1714;16;42;19.557;21.89
1715;16;42;19.315;11.23
1716;16;43;18.914;18.54
1717;16;43;22.853;16.11
1718;16;43;20.023;23.57
1719;16;44;26.316;8.94
1720;16;44;24.494;18.69
1721;16;45;7.941;5.3
1722;16;45;9.207;6.82
1723;16;45;6.011;17.14
1724;16;46;48.392;1.61
1725;16;46;39.56;3.23
1726;16;47;1.201;18.92
1727;16;48;24.466;22.89
1728;16;48;24.846;12.49
1729;16;48;27.085;23.63
1730;16;49;10.597;14.05
1731;16;49;11.001;11.39
1732;16;49;10.386;21.82
1733;16;50;3.402;22.5
1734;16;51;29.133;24.86
1735;16;52;4.071;9.22
1736;16;53;52.867;19.14
1737;16;53;51.93;0.89
1738;16;54;10.41;21.58
1739;16;54;11.507;24.17
1740;16;55;39.112;18.45
1741;16;55;30.071;11.55
1742;16;55;40.407;16.06
1743;16;56;78.082;6.16
1744;16;57;47.753;14.39
1745;16;57;54.838;10.74
1746;16;58;32.527;2.72
1747;16;58;26.005;0.52
1748;16;58;28.275;12.76
1749;16;59;29.69;16.83
1750;16;59;31.807;17.62
1751;17;18;45.195;1.68
1752;17;18;39.803;20.04
1753;17;19;51.304;24.31
1754;17;20;46.711;2.81
1755;17;20;45.1;22.62
1756;17;20;44.515;13.52
1757;17;21;35.236;20.25
1758;17;21;37.771;11.3
1759;17;21;38.295;20.35
1760;17;22;48.924;7.36
1761;17;22;52.58;19.29
1762;17;23;45.875;15.44
1763;17;24;55.908;9.89
1764;17;24;68.683;9.96
1765;17;24;62.931;12.0
1766;17;25;88.529;17.4
1767;17;26;40.323;12.88
1768;17;26;38.881;8.69
1769;17;27;24.134;15.91
1770;17;28;43.814;16.88
1771;17;28;34.768;9.66
1772;17;29;47.122;15.02
1773;17;29;48.409;14.04
1774;17;29;52.064;20.18
1775;17;30;53.895;15.9
1776;17;31;10.835;0.82
1777;17;31;13.233;19.2
1778;17;32;41.633;13.9
1779;17;33;70.128;19.55
1780;17;34;88.328;6.09
1781;17;34;84.32;8.28
1782;17;35;42.68;7.82
1783;17;35;33.221;16.04
1784;17;35;53.298;24.48
1785;17;36;51.604;4.39
1786;17;37;24.021;22.17
1787;17;37;26.885;4.69
1788;17;37;22.437;15.66
1789;17;38;37.429;18.03
1790;17;38;28.715;16.67
1791;17;38;28.53;7.89
1792;17;39;24.068;8.22
1793;17;39;18.57;23.28
1794;17;40;59.369;6.57
1795;17;40;49.474;15.21
1796;17;40;70.761;13.03
1797;17;41;22.443;17.23
1798;17;41;22.504;1.46
1799;17;42;45.875;14.49
1800;17;42;56.925;8.62
1801;17;42;44.487;4.05
1802;17;43;43.48;12.58
1803;17;43;41.619;11.34
1804;17;43;35.356;13.96
1805;17;44;51.859;11.17
1806;17;45;25.455;10.36
1807;17;45;27.009;10.59
1808;17;46;68.942;20.67
1809;17;46;61.555;15.42
1810;17;46;85.679;24.13
1811;17;47;26.702;18.65
1812;17;47;27.891;12.39
1813;17;47;29.443;7.92
1814;17;48;50.062;21.24
1815;17;48;49.615;21.15
1816;17;49;18.045;5.04
1817;17;49;16.411;4.6
1818;17;50;26.323;16.19
1819;17;50;31.845;3.73
1820;17;51;54.29;7.19
1821;17;51;54.01;6.98
1822;17;52;26.164;24.15
1823;17;52;21.538;2.49
1824;17;52;21.689;2.82
1825;17;53;36.779;11.63
1826;17;54;35.755;9.39
1827;17;54;38.311;22.18
1828;17;55;46.123;9.75
1829;17;56;91.357;19.06
1830;17;56;107.027;16.0
1831;17;56;84.933;3.52
1832;17;57;57.808;20.53
1833;17;58;56.234;10.63
1834;17;58;47.776;10.86
1835;17;58;45.956;18.69
1836;17;59;49.508;9.93
1837;17;59;40.404;21.76
1838;18;19;6.494;16.08
1839;18;20;83.972;12.25
1840;18;20;85.839;8.21
1841;18;20;77.552;20.34
1842;18;21;9.969;7.45
1843;18;21;10.516;21.15
1844;18;22;5.468;4.35
1845;18;22;4.514;10.09
1846;18;22;4.802;16.02
1847;18;23;0.76;16.86
1848;18;23;0.91;18.57
1849;18;24;15.628;0.58
1850;18;25;62.439;3.1
1851;18;25;61.487;22.17
1852;18;26;4.879;16.72
1853;18;26;6.061;1.74
1854;18;26;4.329;9.83
1855;18;27;21.505;3.78
1856;18;28;13.464;21.23
1857;18;28;11.789;4.33
1858;18;29;1.983;5.44
1859;18;29;2.473;4.77
1860;18;29;1.89;22.94
1861;18;30;15.254;1.17
1862;18;30;18.477;5.13
1863;18;30;15.737;11.76
1864;18;31;47.035;21.23
1865;18;32;63.257;22.99
1866;18;32;56.434;20.47
1867;18;33;36.234;3.17
1868;18;33;31.244;10.26
1869;18;33;42.785;13.68
1870;18;34;58.09;0.33
1871;18;35;38.807;19.93
1872;18;35;41.948;8.24
1873;18;35;33.468;5.46
1874;18;36;11.952;16.71
1875;18;37;22.745;8.82
1876;18;37;21.973;21.59
1877;18;37;18.25;16.43
1878;18;38;18.455;20.24
1879;18;38;18.278;12.56
1880;18;38;13.853;21.44
1881;18;39;24.519;12.83
1882;18;40;47.239;19.64
1883;18;41;46.819;17.39
1884;18;41;57.295;3.64
1885;18;41;35.929;10.46
1886;18;42;0.76;22.55
1887;18;43;3.328;12.01
1888;18;44;7.248;16.15
1889;18;45;20.726;23.62
1890;18;45;23.974;1.47
1891;18;46;42.64;19.88
1892;18;47;18.835;23.86
1893;18;47;20.603;11.85
1894;18;48;6.106;5.38
1895;18;49;30.23;1.85
1896;18;49;30.969;16.95
1897;18;49;34.578;16.91
1898;18;50;18.873;13.37
1899;18;50;20.357;11.69
1900;18;50;19.905;12.53
1901;18;51;9.141;7.95
1902;18;52;19.06;3.02
1903;18;52;20.354;4.69
1904;18;53;71.72;23.74
1905;18;53;69.995;16.89
1906;18;54;12.617;14.71
1907;18;55;39.156;6.97
1908;18;55;42.79;21.24
1909;18;56;78.211;9.05
1910;18;56;68.488;4.82
1911;18;57;42.971;14.71
1912;18;58;13.896;0.57
1913;18;59;18.196;11.49
1914;18;59;21.098;14.1
1915;19;20;88.638;16.97
1916;19;20;79.391;23.72
1917;19;21;16.247;1.99
1918;19;21;12.619;10.79
1919;19;22;3.09;8.15
1920;19;23;5.739;24.9
1921;19;23;4.927;3.48
1922;19;24;10.724;17.19
1923;19;25;58.401;15.98
1924;19;25;61.148;1.55
1925;19;26;11.129;24.13
1926;19;26;10.214;18.56
1927;19;27;27.876;5.96
1928;19;28;18.039;15.69
1929;19;28;15.64;7.68
1930;19;28;14.689;9.12
1931;19;29;4.534;18.49
1932;19;30;15.946;2.9
1933;19;30;19.844;11.45
1934;19;30;18.604;18.16
1935;19;31;52.517;1.65
1936;19;32;66.528;18.17
1937;19;32;81.584;10.68
1938;19;33;31.563;22.6
1939;19;34;53.424;22.57
1940;19;34;63.681;12.36
1941;19;34;57.874;10.75
1942;19;35;44.025;24.59
1943;19;36;13.091;20.89
1944;19;37;28.231;24.79
1945;19;38;21.079;14.44
1946;19;38;25.788;22.76
1947;19;38;16.219;13.43
1948;19;39;29.633;14.82
1949;19;39;23.296;0.82
1950;19;39;23.991;12.59
1951;19;40;50.916;13.44
1952;19;40;44.856;4.15
1953;19;40;52.669;0.67
1954;19;41;51.287;13.49
1955;19;41;57.523;9.68
1956;19;42;5.739;9.64
1957;19;43;9.394;10.11
1958;19;43;7.801;5.22
1959;19;43;10.897;22.06
1960;19;44;0.875;17.03
1961;19;44;0.931;10.3
1962;19;44;0.95;16.41
1963;19;45;27.172;16.37
1964;19;45;29.035;10.71
1965;19;46;39.319;9.14
1966;19;46;32.991;17.07
1967;19;47;24.692;20.74
1968;19;48;2.034;17.02
1969;19;48;1.749;8.07
1970;19;48;1.706;3.76
1971;19;49;35.639;0.7
1972;19;49;41.708;7.07
1973;19;50;25.046;4.6
1974;19;50;28.895;15.05
1975;19;50;24.576;3.36
1976;19;51;4.52;6.95
1977;19;52;25.295;7.23
1978;19;52;28.648;21.27
1979;19;52;28.784;16.44
1980;19;53;76.293;23.6
1981;19;53;69.593;17.74
1982;19;54;17.038;6.64
1983;19;54;13.689;22.09
1984;19;54;12.972;5.02
1985;19;55;44.013;11.18
1986;19;56;75.941;7.15
1987;19;56;64.614;1.88
1988;19;57;46.495;15.54
1989;19;57;48.386;19.86
1990;19;58;12.458;18.47
1991;19;59;21.172;16.41
1992;20;21;75.189;6.86
1993;20;22;85.65;20.83
1994;20;22;105.517;18.19
1995;20;23;84.45;20.5
1996;20;24;88.556;2.1
1997;20;25;100.386;0.61
1998;20;25;84.147;6.88
1999;20;26;79.454;5.46
2000;20;26;98.492;22.72
2001;20;26;87.083;21.28
2002;20;27;66.937;16.92
2003;20;27;67.04;2.83
2004;20;28;87.307;16.5
2005;20;29;85.535;11.52
2006;20;30;96.388;20.53
2007;20;30;95.519;4.58
2008;20;30;81.731;1.32
2009;20;31;38.888;23.25
2010;20;32;29.586;18.25
2011;20;33;93.798;8.08
2012;20;33;107.783;1.29
2013;20;34;104.258;17.41
2014;20;35;89.327;13.15
2015;20;36;93.521;24.55
2016;20;36;92.856;16.8
2017;20;36;105.788;7.42
2018;20;37;61.618;0.47
2019;20;37;65.729;0.06
2020;20;38;68.519;23.3
2021;20;38;67.845;2.42
2022;20;38;55.051;19.06
2023;20;39;59.503;21.2
2024;20;39;66.01;1.66
2025;20;40;106.029;2.44
2026;20;40;109.501;21.85
2027;20;41;37.38;24.02
2028;20;41;44.676;24.14
2029;20;41;44.766;4.4
2030;20;42;84.45;20.52
2031;20;42;93.115;18.1
2032;20;42;75.859;13.77
2033;20;43;83.549;0.07
2034;20;43;96.295;17.1
2035;20;43;80.004;15.64
2036;20;44;88.868;8.68
2037;20;45;68.717;5.37
2038;20;45;84.538;9.06
2039;20;45;60.754;11.5
2040;20;46;86.607;14.42
2041;20;46;86.393;7.32
2042;20;47;66.075;13.69
2043;20;47;80.372;18.35
2044;20;48;86.837;15.01
2045;20;48;83.171;12.1
2046;20;48;87.634;20.26
2047;20;49;54.287;7.59
2048;20;50;67.282;23.61
2049;20;50;74.254;14.15
2050;20;50;82.64;20.73
2051;20;51;92.705;15.98
2052;20;51;98.179;20.05
2053;20;52;67.512;5.15
2054;20;52;77.013;6.75
2055;20;53;12.409;11.66
2056;20;54;71.655;17.68
2057;20;55;92.806;16.32
2058;20;56;89.77;20.26
2059;20;56;71.094;1.79
2060;20;56;103.063;6.24
2061;20;57;104.517;9.57
2062;20;57;79.522;14.67
2063;20;58;97.279;14.59
2064;20;59;93.673;6.96
2065;21;22;14.254;9.56
2066;21;22;11.826;17.09
2067;21;22;11.406;22.32
2068;21;23;10.664;1.35
2069;21;23;11.067;23.17
2070;21;24;23.195;13.56
2071;21;25;66.786;4.35
2072;21;26;5.126;4.29
2073;21;27;11.648;0.06
2074;21;27;13.101;0.76
2075;21;28;14.274;15.04
2076;21;28;12.102;1.63
2077;21;28;16.762;24.1
2078;21;29;11.916;7.67
2079;21;30;21.46;2.78
2080;21;30;26.264;1.2
2081;21;30;16.73;5.51
2082;21;31;37.522;8.44
2083;21;32;56.41;6.49
2084;21;32;46.845;22.02
2085;21;32;53.321;11.08
2086;21;33;42.199;3.91
2087;21;34;63.55;11.57
2088;21;34;62.686;16.3
2089;21;35;34.629;17.99
2090;21;35;26.86;4.03
2091;21;35;34.221;15.09
2092;21;36;18.422;14.27
2093;21;37;13.572;14.11
2094;21;37;14.374;22.31
2095;21;37;13.172;8.33
2096;21;38;15.322;13.43
2097;21;38;16.052;15.72
2098;21;39;15.883;12.19
2099;21;40;46.158;4.05
2100;21;40;54.408;17.58
2101;21;40;54.31;11.67
2102;21;41;38.546;6.61
2103;21;42;10.664;20.51
2104;21;43;8.507;10.06
2105;21;44;16.888;19.69
2106;21;45;11.104;2.49
2107;21;46;46.32;13.13
2108;21;46;38.959;7.98
2109;21;46;47.826;18.84
2110;21;47;9.217;1.02
2111;21;47;9.637;6.43
2112;21;47;9.124;8.02
2113;21;48;15.282;18.58
2114;21;49;20.965;16.98
2115;21;49;21.961;3.78
2116;21;50;8.916;8.72
2117;21;50;6.977;9.97
2118;21;50;7.323;1.11
2119;21;51;19.057;18.02
2120;21;52;9.092;22.8
2121;21;52;10.66;8.64
2122;21;52;6.853;5.68
2123;21;53;63.095;2.28
2124;21;53;70.225;12.88
2125;21;54;7.787;24.26
2126;21;54;9.323;18.5
2127;21;54;7.976;7.88
2128;21;55;35.865;16.74
2129;21;55;30.935;5.21
2130;21;56;79.476;4.8
2131;21;56;98.343;7.8
2132;21;56;70.246;23.23
2133;21;57;42.345;13.02
2134;21;57;50.624;8.08
2135;21;58;22.127;24.04
2136;21;58;27.281;19.37
2137;21;59;20.827;8.83
2138;21;59;25.161;24.82
2139;22;23;4.777;14.47
2140;22;24;10.181;11.45
2141;22;24;8.317;17.28
2142;22;24;11.639;8.36
2143;22;25;57.363;4.48
2144;22;26;9.29;18.58
2145;22;26;10.248;5.78
2146;22;26;7.251;23.21
2147;22;27;25.88;19.19
2148;22;27;25.038;15.15
2149;22;27;20.941;16.85
2150;22;28;18.534;19.76
2151;22;28;15.602;20.68
2152;22;29;4.023;12.47
2153;22;29;3.183;5.6
2154;22;29;3.268;23.17
2155;22;30;18.056;15.59
2156;22;30;19.51;2.62
2157;22;30;15.88;5.1
2158;22;31;49.773;4.63
2159;22;31;41.839;6.44
2160;22;31;41.848;10.2
2161;22;32;63.438;19.6
2162;22;32;67.604;20.19
2163;22;33;30.906;0.71
2164;22;34;52.787;20.28
2165;22;34;64.861;7.55
2166;22;34;41.89;0.72
2167;22;35;44.188;11.01
2168;22;36;14.979;11.54
2169;22;36;16.633;0.33
2170;22;37;25.556;19.55
2171;22;37;25.202;21.04
2172;22;37;23.124;6.8
2173;22;38;17.99;23.69
2174;22;38;13.525;22.85
2175;22;38;21.619;12.99
2176;22;39;26.818;7.65
2177;22;39;28.797;22.33
2178;22;40;52.029;0.51
2179;22;40;48.807;16.77
2180;22;40;39.72;14.9
2181;22;41;48.284;6.27
2182;22;41;42.25;10.18
2183;22;41;36.419;24.82
2184;22;42;4.777;19.08
2185;22;42;4.415;12.28
2186;22;42;4.005;6.57
2187;22;43;8.778;9.87
2188;22;43;8.674;18.39
2189;22;43;7.463;2.45
2190;22;44;3.218;12.67
2191;22;45;25.339;12.29
2192;22;45;25.51;15.2
2193;22;45;20.962;21.12
2194;22;46;37.854;9.54
2195;22;46;32.665;9.95
2196;22;46;39.699;22.9
2197;22;47;22.231;23.96
2198;22;48;1.197;4.52
2199;22;49;32.902;12.67
2200;22;49;40.364;21.54
2201;22;49;26.565;20.37
2202;22;50;22.821;23.73
2203;22;51;7.57;13.15
2204;22;51;6.238;19.0
2205;22;51;7.798;2.4
2206;22;52;23.133;2.18
2207;22;52;19.317;20.9
2208;22;53;73.294;22.77
2209;22;54;14.144;8.26
2210;22;54;15.928;3.3
2211;22;55;44.43;19.1
2212;22;55;54.619;3.53
2213;22;55;53.409;2.06
2214;22;56;74.04;6.27
2215;22;57;47.678;19.79
2216;22;57;38.188;10.21
2217;22;57;38.399;6.81
2218;22;58;15.107;0.69
2219;22;58;12.684;19.99
2220;22;59;22.496;16.58
2221;22;59;20.66;14.16
2222;23;24;14.954;3.53
2223;23;25;61.891;24.15
2224;23;25;74.366;0.26
2225;23;25;64.692;1.95
2226;23;26;5.552;16.6
2227;23;26;6.029;15.96
2228;23;26;4.604;3.09
2229;23;27;22.227;2.05
2230;23;27;27.033;20.51
2231;23;27;22.921;7.95
2232;23;28;13.977;19.29
2233;23;29;1.253;12.68
2234;23;29;1.457;21.71
2235;23;29;1.047;1.9
2236;23;30;15.269;1.04
2237;23;30;11.558;0.15
2238;23;31;47.619;3.95
2239;23;32;63.546;9.4
2240;23;32;64.753;16.08
2241;23;32;51.956;13.58
2242;23;33;35.612;4.43
2243;23;33;38.702;13.53
2244;23;33;39.21;13.68
2245;23;34;57.478;7.02
2246;23;35;39.442;21.93
2247;23;35;44.772;11.08
2248;23;35;38.14;23.38
2249;23;36;11.984;15.44
2250;23;36;11.267;24.4
2251;23;36;12.276;12.29
2252;23;37;23.314;6.15
2253;23;38;18.593;21.54
2254;23;39;25.033;20.47
2255;23;39;19.345;5.7
2256;23;40;47.699;24.04
2257;23;40;36.112;4.98
2258;23;40;51.481;19.07
2259;23;41;47.259;5.73
2260;23;42;0.0;10.88
2261;23;43;4.002;20.92
2262;23;43;4.73;14.78
2263;23;44;6.489;21.5
2264;23;45;21.465;17.76
2265;23;46;42.153;17.31
2266;23;46;38.189;11.28
2267;23;46;36.304;1.97
2268;23;47;19.461;6.28
2269;23;47;20.529;19.36
2270;23;48;5.368;2.67
2271;23;48;4.597;16.02
2272;23;49;30.794;16.58
2273;23;49;38.332;11.94
2274;23;49;35.837;11.62
2275;23;50;19.555;14.7
2276;23;50;18.629;15.88
2277;23;50;18.603;6.1
2278;23;51;8.515;16.12
2279;23;51;6.907;10.61
2280;23;51;9.415;18.2
2281;23;52;19.755;18.63
2282;23;52;15.505;24.6
2283;23;52;19.504;10.82
2284;23;53;72.184;4.23
2285;23;53;68.998;2.02
2286;23;54;12.982;4.8
2287;23;54;12.14;6.06
2288;23;54;11.183;11.47
2289;23;55;39.749;13.92
2290;23;56;77.853;17.36
2291;23;56;62.757;3.7
2292;23;56;64.988;2.01
2293;23;57;43.41;14.73
2294;23;57;47.381;19.0
2295;23;57;44.023;13.35
2296;23;58;13.646;24.65
2297;23;59;18.52;23.31
2298;24;25;47.692;24.47
2299;24;26;18.772;16.97
2300;24;26;21.238;18.76
2301;24;26;16.755;16.14
2302;24;27;34.368;8.24
2303;24;27;35.539;2.27
2304;24;27;31.383;8.87
2305;24;28;28.563;7.77
2306;24;28;28.652;21.45
2307;24;28;34.467;10.28
2308;24;29;14.157;5.01
2309;24;29;14.659;4.89
2310;24;29;15.567;11.06
2311;24;30;26.25;2.02
2312;24;30;30.89;17.98
2313;24;30;25.267;11.39
2314;24;31;55.082;11.29
2315;24;31;43.555;10.9
2316;24;31;54.603;9.09
2317;24;32;63.918;13.98
2318;24;32;55.009;20.78
2319;24;32;76.39;13.07
2320;24;33;20.867;17.22
2321;24;33;25.089;14.62
2322;24;34;42.748;0.48
2323;24;34;42.384;11.0
2324;24;35;54.354;11.09
2325;24;35;54.36;15.79
2326;24;35;66.05;16.72
2327;24;36;23.636;23.77
2328;24;37;31.901;9.87
2329;24;37;37.441;3.54
2330;24;38;20.283;18.94
2331;24;39;32.328;1.86
2332;24;40;61.638;18.91
2333;24;40;64.835;18.32
2334;24;40;51.959;16.72
2335;24;41;51.445;23.97
2336;24;41;59.515;13.32
2337;24;42;14.954;18.5
2338;24;42;14.847;3.12
2339;24;43;18.951;21.85
2340;24;43;15.111;2.16
2341;24;43;19.073;6.72
2342;24;44;9.9;22.17
2343;24;44;7.656;2.73
2344;24;45;34.163;10.54
2345;24;46;28.912;3.41
2346;24;46;25.97;17.71
2347;24;46;34.665;1.66
2348;24;47;29.595;12.1
2349;24;48;9.821;24.1
2350;24;48;9.493;7.87
2351;24;49;38.637;3.27
2352;24;49;37.729;16.22
2353;24;49;37.44;3.74
2354;24;50;30.866;5.55
2355;24;51;13.583;6.4
2356;24;51;14.342;6.82
2357;24;51;13.571;4.61
2358;24;52;31.323;3.15
2359;24;52;26.68;2.7
2360;24;52;29.852;16.81
2361;24;53;76.152;0.57
2362;24;54;20.169;24.4
2363;24;54;22.381;22.0
2364;24;55;54.528;2.04
2365;24;56;66.004;6.01
2366;24;57;57.211;1.01
2367;24;57;49.919;18.42
2368;24;58;21.979;13.67
2369;24;58;22.294;24.46
2370;24;59;31.884;21.48
2371;24;59;36.65;0.65
2372;24;59;31.764;0.52
2373;25;26;64.018;13.22
2374;25;26;54.176;4.56
2375;25;26;70.073;18.26
2376;25;27;75.007;20.01
2377;25;27;64.361;4.86
2378;25;28;75.858;23.01
2379;25;28;72.172;0.64
2380;25;28;92.339;22.07
2381;25;29;61.364;24.1
2382;25;29;51.541;6.57
2383;25;29;64.797;15.7
2384;25;30;73.727;6.55
2385;25;30;78.538;1.46
2386;25;30;57.248;20.74
2387;25;31;82.212;13.47
2388;25;32;70.801;16.46
2389;25;33;27.216;2.01
2390;25;33;31.577;12.76
2391;25;34;8.891;16.36
2392;25;34;8.975;12.47
2393;25;35;100.892;12.66
2394;25;35;120.946;8.87
2395;25;36;71.28;4.4
2396;25;37;68.043;8.75
2397;25;37;65.123;17.06
2398;25;38;54.228;12.01
2399;25;39;66.402;21.58
2400;25;39;62.776;8.85
2401;25;40;109.307;20.1
2402;25;40;135.801;0.51
2403;25;40;103.772;8.46
2404;25;41;72.272;2.5
2405;25;41;60.102;7.69
2406;25;42;61.891;14.0
2407;25;42;75.526;22.1
2408;25;42;61.48;4.4
2409;25;43;65.684;4.81
2410;25;44;57.588;11.54
2411;25;44;62.62;13.84
2412;25;44;71.503;8.17
2413;25;45;75.698;23.26
2414;25;45;89.996;13.17
2415;25;45;83.494;10.19
2416;25;46;20.582;3.91
2417;25;47;68.649;12.58
2418;25;48;57.287;7.14
2419;25;48;70.721;11.55
2420;25;48;52.386;24.93
2421;25;49;71.224;8.6
2422;25;49;87.034;11.88
2423;25;50;71.106;9.14
2424;25;50;75.565;24.86
2425;25;50;78.98;24.83
2426;25;51;60.987;6.19
2427;25;52;71.8;12.56
2428;25;53;89.838;8.31
2429;25;54;60.128;10.94
2430;25;55;101.52;2.82
2431;25;56;27.074;5.33
2432;25;56;28.904;14.73
2433;25;57;104.895;0.55
2434;25;57;109.14;4.4
2435;25;58;69.031;1.41
2436;25;59;79.572;16.85
2437;26;27;16.748;9.13
2438;26;27;17.402;7.89
2439;26;28;13.365;21.32
2440;26;29;6.801;4.18
2441;26;29;8.309;9.61
2442;26;30;18.193;16.17
2443;26;30;14.564;13.98
2444;26;31;42.246;4.49
2445;26;31;48.252;8.66
2446;26;32;59.499;19.1
2447;26;33;38.597;1.43
2448;26;33;39.179;10.5
2449;26;33;35.952;17.3
2450;26;34;60.251;14.57
2451;26;35;36.879;13.31
2452;26;35;37.073;20.89
2453;26;35;38.747;18.38
2454;26;36;14.945;15.87
2455;26;36;16.075;14.8
2456;26;37;18.012;10.27
2457;26;37;19.892;18.19
2458;26;37;17.935;0.27
2459;26;38;15.85;13.56
2460;26;39;19.951;6.5
2461;26;39;22.47;16.11
2462;26;40;46.874;22.0
2463;26;41;42.459;18.84
2464;26;41;52.825;9.31
2465;26;41;51.274;21.59
2466;26;42;5.552;21.78
2467;26;42;6.863;1.62
2468;26;42;6.041;7.02
2469;26;43;4.319;22.63
2470;26;44;11.787;0.58
2471;26;44;13.64;0.73
2472;26;44;8.919;18.46
2473;26;45;16.093;6.12
2474;26;45;15.698;9.26
2475;26;45;15.446;6.86
2476;26;46;43.795;8.87
2477;26;46;45.75;7.44
2478;26;46;43.145;13.69
2479;26;47;13.986;1.27
2480;26;47;17.099;12.63
2481;26;47;15.505;10.9
2482;26;48;10.255;4.71
2483;26;48;11.904;4.83
2484;26;48;8.242;7.96
2485;26;49;25.495;11.48
2486;26;49;27.104;0.95
2487;26;49;21.9;18.92
2488;26;50;14.003;10.38
2489;26;50;14.83;14.57
2490;26;50;16.322;5.53
2491;26;51;14.015;16.88
2492;26;51;16.877;1.24
2493;26;52;14.209;24.97
2494;26;52;15.537;4.28
2495;26;53;67.256;4.64
2496;26;53;83.436;15.15
2497;26;53;58.722;10.14
2498;26;54;8.934;12.53
2499;26;54;11.107;16.51
2500;26;55;37.659;23.38
2501;26;55;36.59;9.41
2502;26;55;28.651;16.3
2503;26;56;78.248;7.3
2504;26;56;62.287;19.1
2505;26;56;68.977;5.14
2506;26;57;42.802;14.72
2507;26;57;34.151;5.58
2508;26;58;17.927;5.95
2509;26;59;19.29;4.94
2510;27;28;20.445;14.02
2511;27;28;21.541;19.59
2512;27;29;23.479;7.37
2513;27;29;22.953;5.6
2514;27;30;30.089;10.79
2515;27;31;28.214;20.21
2516;27;31;31.202;11.68
2517;27;31;26.85;22.64
2518;27;32;51.946;7.96
2519;27;32;59.97;12.52
2520;27;33;52.081;8.31
2521;27;33;49.632;17.46
2522;27;33;50.411;8.72
2523;27;34;72.712;6.18
2524;27;34;55.889;5.88
2525;27;35;30.687;18.15
2526;27;36;27.607;10.36
2527;27;36;21.008;8.73
2528;27;36;29.489;21.13
2529;27;37;9.199;0.18
2530;27;37;7.545;1.75
2531;27;37;10.588;17.62
2532;27;38;20.863;18.59
2533;27;39;12.186;17.17
2534;27;39;13.527;22.28
2535;27;39;12.802;16.86
2536;27;40;45.24;17.54
2537;27;40;50.935;3.76
2538;27;41;32.227;21.34
2539;27;41;39.975;4.5
2540;27;42;22.227;1.85
2541;27;42;26.893;11.41
2542;27;43;19.469;12.09
2543;27;43;21.009;20.15
2544;27;43;16.144;4.39
2545;27;44;28.531;0.45
2546;27;44;27.922;18.89
2547;27;45;1.897;9.13
2548;27;45;1.823;5.38
2549;27;45;1.911;24.04
2550;27;46;54.436;24.56
2551;27;46;55.074;21.29
2552;27;47;6.471;6.59
2553;27;48;26.925;16.78
2554;27;48;21.493;5.02
2555;27;49;13.78;3.02
2556;27;50;3.909;0.96
2557;27;51;30.433;7.97
2558;27;52;3.248;7.88
2559;27;52;3.509;7.51
2560;27;53;55.307;17.99
2561;27;53;55.446;3.96
2562;27;54;15.297;8.82
2563;27;55;32.979;11.35
2564;27;55;37.851;21.79
2565;27;56;84.631;15.67
2566;27;56;92.319;8.04
2567;27;56;67.433;12.2
2568;27;57;42.212;7.15
2569;27;58;32.128;24.49
2570;27;58;33.516;7.22
2571;27;58;24.105;12.83
2572;27;59;26.736;3.07
2573;27;59;22.739;21.99
2574;28;29;14.514;3.83
2575;28;29;14.688;7.2
2576;28;30;10.342;14.68
2577;28;30;12.695;24.72
2578;28;30;12.489;12.33
2579;28;31;48.658;7.29
2580;28;31;39.416;10.07
2581;28;31;54.298;23.73
2582;28;32;70.322;2.06
2583;28;32;63.137;12.17
2584;28;32;76.824;16.25
2585;28;33;49.405;7.91
2586;28;33;49.906;8.91
2587;28;33;59.354;9.91
2588;28;34;71.292;19.18
2589;28;34;60.814;2.5
2590;28;34;74.408;4.74
2591;28;35;26.038;7.06
2592;28;35;28.356;21.19
2593;28;36;8.953;19.92
2594;28;36;7.194;10.91
2595;28;37;26.6;15.73
2596;28;37;20.635;3.29
2597;28;37;24.597;11.58
2598;28;38;28.942;2.56
2599;28;39;29.347;7.14
2600;28;39;34.689;6.33
2601;28;40;33.83;4.69
2602;28;40;28.665;15.29
2603;28;40;32.622;21.49
2604;28;41;51.688;3.25
2605;28;41;40.265;16.34
2606;28;41;45.34;6.58
2607;28;42;13.977;19.73
2608;28;42;13.708;19.58
2609;28;42;13.288;15.19
2610;28;43;10.358;24.81
2611;28;43;10.565;10.19
2612;28;44;18.911;22.61
2613;28;45;18.76;22.81
2614;28;46;56.101;15.7
2615;28;46;56.74;1.8
2616;28;47;21.956;9.44
2617;28;47;23.17;3.98
2618;28;48;18.747;8.18
2619;28;48;18.223;0.63
2620;28;48;14.233;18.58
2621;28;49;33.349;1.25
2622;28;49;29.632;22.48
2623;28;49;32.728;23.54
2624;28;50;20.207;13.72
2625;28;51;17.313;18.36
2626;28;52;19.886;17.82
2627;28;52;17.028;8.7
2628;28;53;75.54;7.64
2629;28;53;61.257;0.8
2630;28;53;80.008;19.93
2631;28;54;21.558;17.68
2632;28;55;25.983;6.45
2633;28;55;32.444;1.64
2634;28;56;91.381;22.98
2635;28;56;72.095;20.91
2636;28;57;29.628;14.86
2637;28;57;25.552;19.23
2638;28;57;25.735;23.92
2639;28;58;14.098;14.19
2640;28;59;6.651;2.6
2641;29;30;14.928;4.4
2642;29;31;48.806;15.36
2643;29;31;53.056;18.98
2644;29;31;46.303;19.83
2645;29;32;64.413;11.31
2646;29;32;55.165;24.33
2647;29;33;34.926;11.86
2648;29;33;39.26;4.45
2649;29;34;56.809;16.67
2650;29;34;49.174;5.46
2651;29;35;40.197;13.12
2652;29;36;11.693;15.94
2653;29;36;11.544;24.69
2654;29;36;12.783;20.98
2655;29;37;24.494;16.62
2656;29;37;24.152;22.73
2657;29;37;28.105;10.03
2658;29;38;19.289;6.34
2659;29;39;26.162;10.47
2660;29;40;48.082;15.64
2661;29;40;42.736;13.08
2662;29;41;48.307;1.56
2663;29;42;1.253;22.04
2664;29;43;4.963;24.93
2665;29;43;4.464;23.37
2666;29;43;4.652;6.74
2667;29;44;5.314;20.83
2668;29;45;22.709;11.13
2669;29;45;19.896;11.71
2670;29;45;26.995;21.72
2671;29;46;41.765;0.05
2672;29;46;43.1;14.02
2673;29;47;20.682;16.66
2674;29;47;22.525;7.01
2675;29;48;4.399;17.98
2676;29;48;4.32;11.92
2677;29;49;31.968;20.67
2678;29;49;35.502;10.85
2679;29;49;30.378;2.02
2680;29;50;20.804;14.1
2681;29;51;7.314;11.12
2682;29;51;6.228;23.52
2683;29;51;7.417;17.42
2684;29;52;21.006;0.89
2685;29;53;73.254;22.94
2686;29;53;78.812;2.68
2687;29;53;80.394;16.82
2688;29;54;13.976;11.31
2689;29;54;15.838;8.18
2690;29;55;40.41;0.16
2691;29;56;77.704;16.27
2692;29;56;95.147;1.13
2693;29;56;58.7;14.68
2694;29;57;43.755;22.79
2695;29;57;45.912;13.08
2696;29;57;54.561;5.89
2697;29;58;12.906;15.72
2698;29;59;18.686;11.68
2699;29;59;18.471;13.63
2700;29;59;15.502;22.58
2701;30;31;58.104;6.82
2702;30;32;77.629;24.85
2703;30;32;82.511;19.61
2704;30;32;78.197;17.78
2705;30;33;46.577;17.23
2706;30;33;51.635;7.45
2707;30;33;51.816;0.35
2708;30;34;68.151;6.72
2709;30;34;66.68;20.87
2710;30;34;80.742;9.47
2711;30;35;32.982;17.9
2712;30;35;38.501;2.21
2713;30;36;3.31;0.14
2714;30;36;3.007;22.38
2715;30;36;3.671;2.96
2716;30;37;34.908;20.75
2717;30;37;33.383;23.45
2718;30;38;33.609;7.6
2719;30;38;34.09;6.61
2720;30;39;37.336;17.62
2721;30;39;38.81;7.96
2722;30;39;33.11;12.3
2723;30;40;36.293;19.37
2724;30;41;59.995;21.57
2725;30;41;54.849;1.53
2726;30;41;70.63;24.66
2727;30;42;15.269;7.68
2728;30;42;13.063;24.85
2729;30;42;13.026;15.79
2730;30;43;13.893;4.08
2731;30;43;11.946;3.85
2732;30;44;16.63;2.76
2733;30;44;17.744;9.9
2734;30;45;28.551;21.85
2735;30;45;26.99;2.34
2736;30;46;55.131;21.59
2737;30;46;53.824;19.08
2738;30;47;30.354;2.14
2739;30;47;34.476;5.95
2740;30;48;17.596;14.8
2741;30;49;42.114;20.44
2742;30;49;43.005;22.33
2743;30;50;29.146;1.32
2744;30;51;12.744;10.81
2745;30;51;15.848;23.01
2746;30;52;28.972;6.9
2747;30;53;84.406;4.14
2748;30;53;73.46;24.57
2749;30;54;27.113;13.84
2750;30;54;31.418;1.52
2751;30;54;24.008;17.71
2752;30;55;31.925;19.22
2753;30;55;35.834;19.51
2754;30;56;91.887;1.73
2755;30;57;31.76;21.82
2756;30;57;36.064;18.39
2757;30;57;35.08;5.02
2758;30;58;5.327;7.74
2759;30;58;4.246;19.83
2760;30;59;7.648;22.36
2761;30;59;6.914;3.55
2762;31;32;30.799;9.34
2763;31;32;34.187;12.99
2764;31;32;36.995;23.8
2765;31;33;66.473;20.14
2766;31;33;52.532;6.07
2767;31;33;55.764;14.44
2768;31;34;82.96;3.61
2769;31;34;69.354;22.6
2770;31;34;83.876;24.07
2771;31;35;51.963;21.04
2772;31;36;55.415;13.98
2773;31;36;48.159;9.23
2774;31;37;24.317;13.66
2775;31;38;35.147;17.72
2776;31;38;27.063;24.61
2777;31;38;32.382;14.93
2778;31;39;23.013;21.33
2779;31;39;21.215;11.93
2780;31;39;17.532;17.74
2781;31;40;68.492;22.69
2782;31;41;12.143;5.23
2783;31;41;10.072;3.55
2784;31;42;47.619;6.76
2785;31;43;46.029;21.1
2786;31;43;45.238;13.43
2787;31;44;52.921;7.26
2788;31;45;29.941;4.79
2789;31;46;63.534;3.44
2790;31;46;69.693;16.68
2791;31;46;57.712;2.53
2792;31;47;28.316;20.12
2793;31;48;50.965;1.87
2794;31;48;63.0;13.22
2795;31;49;16.878;19.06
2796;31;49;18.7;10.41
2797;31;49;20.147;0.89
2798;31;50;29.026;16.47
2799;31;50;27.794;21.42
2800;31;51;56.12;9.87
2801;31;51;57.873;21.92
2802;31;51;48.846;17.13
2803;31;52;29.148;17.94
2804;31;53;27.764;5.85
2805;31;53;29.203;23.11
2806;31;54;35.723;18.97
2807;31;54;41.131;11.96
2808;31;54;31.792;22.02
2809;31;55;55.241;2.95
2810;31;56;82.622;18.35
2811;31;56;86.375;15.99
2812;31;57;66.521;7.34
2813;31;57;63.907;9.9
2814;31;58;59.555;18.15
2815;31;58;62.907;17.21
2816;31;58;58.502;8.11
2817;31;59;54.909;6.53
2818;31;59;66.141;15.08
2819;31;59;54.616;1.12
2820;32;33;65.697;2.72
2821;32;33;50.231;10.32
2822;32;33;81.566;16.73
2823;32;34;74.772;3.57
2824;32;35;80.577;2.43
2825;32;35;63.429;20.37
2826;32;35;74.039;24.72
2827;32;36;74.426;7.31
2828;32;36;56.026;13.77
2829;32;36;56.951;8.56
2830;32;37;43.898;23.03
2831;32;38;45.45;16.36
2832;32;39;41.023;24.06
2833;32;39;50.168;0.29
2834;32;40;96.476;9.54
2835;32;41;20.49;1.28
2836;32;41;22.09;23.69
2837;32;42;63.546;9.8
2838;32;42;61.561;6.79
2839;32;42;52.361;19.27
2840;32;43;63.818;18.29
2841;32;44;66.538;21.08
2842;32;44;79.664;4.92
2843;32;45;53.837;20.49
2844;32;46;57.561;9.5
2845;32;46;53.812;13.19
2846;32;46;47.619;17.14
2847;32;47;48.486;19.49
2848;32;47;50.747;2.16
2849;32;48;64.545;14.8
2850;32;48;68.55;0.55
2851;32;49;38.213;1.86
2852;32;49;42.207;24.67
2853;32;50;50.638;19.92
2854;32;51;70.959;21.33
2855;32;51;63.603;4.93
2856;32;51;77.523;6.18
2857;32;52;51.138;9.22
2858;32;53;19.736;18.69
2859;32;53;18.526;0.49
2860;32;53;21.537;1.32
2861;32;54;50.703;10.11
2862;32;54;60.083;23.69
2863;32;54;57.189;1.62
2864;32;55;83.52;3.97
2865;32;55;83.912;21.02
2866;32;55;98.385;22.5
2867;32;56;61.781;19.58
2868;32;56;75.377;12.35
2869;32;57;93.842;6.37
2870;32;57;106.61;20.21
2871;32;58;77.149;15.78
2872;32;58;70.648;2.47
2873;32;59;76.973;18.48
2874;33;34;21.887;1.74
2875;33;34;20.267;12.85
2876;33;34;25.049;2.2
2877;33;35;75.039;8.6
2878;33;35;77.813;15.79
2879;33;36;44.226;22.54
2880;33;37;46.969;22.68
2881;33;37;52.232;16.36
2882;33;38;32.85;17.83
2883;33;38;39.755;10.82
2884;33;38;29.066;6.51
2885;33;39;46.214;6.48
2886;33;39;38.364;13.36
2887;33;39;48.063;19.39
2888;33;40;82.42;12.44
2889;33;40;98.763;15.34
2890;33;40;86.373;12.18
2891;33;41;59.367;14.09
2892;33;41;72.03;10.15
2893;33;41;69.58;7.38
2894;33;42;35.612;8.12
2895;33;42;34.38;20.59
2896;33;43;39.554;22.39
2897;33;44;30.721;0.74
2898;33;44;33.047;2.27
2899;33;45;52.353;15.08
2900;33;45;39.646;10.0
2901;33;45;62.457;1.22
2902;33;46;12.158;11.66
2903;33;46;14.621;9.29
2904;33;46;14.827;16.94
2905;33;47;46.23;23.68
2906;33;47;45.242;1.88
2907;33;48;30.661;11.21
2908;33;48;25.465;17.54
2909;33;48;30.209;21.64
2910;33;49;52.084;18.91
2911;33;49;39.892;9.01
2912;33;49;58.712;14.02
2913;33;50;48.236;15.34
2914;33;50;36.877;10.71
2915;33;50;50.623;21.73
2916;33;51;33.86;4.68
2917;33;52;48.843;0.62
2918;33;52;42.319;19.95
2919;33;52;37.725;2.51
2920;33;53;81.826;3.19
2921;33;54;36.791;14.01
2922;33;55;75.336;14.81
2923;33;55;72.516;2.18
2924;33;55;93.749;7.41
2925;33;56;48.774;0.83
2926;33;57;77.963;3.34
2927;33;57;84.428;24.67
2928;33;58;41.824;16.4
2929;33;59;52.651;15.9
2930;33;59;61.974;16.67
2931;34;35;96.875;1.93
2932;34;35;101.155;16.04
2933;34;35;109.927;0.04
2934;34;36;65.94;7.68
2935;34;37;66.54;3.25
2936;34;37;82.702;10.0
2937;34;37;74.969;11.22
2938;34;38;52.388;8.63
2939;34;38;58.883;0.28
2940;34;39;65.252;16.35
2941;34;39;74.597;2.32
2942;34;40;104.196;12.91
2943;34;40;84.816;24.82
2944;34;41;73.873;23.22
2945;34;41;77.34;17.36
2946;34;42;57.478;1.67
2947;34;42;48.5;18.92
2948;34;43;61.402;5.54
2949;34;44;52.575;13.75
2950;34;44;44.466;22.57
2951;34;45;73.195;10.97
2952;34;46;19.446;2.61
2953;34;47;66.548;4.52
2954;34;47;64.507;0.89
2955;34;48;52.548;8.6
2956;34;49;70.559;22.48
2957;34;49;66.28;20.52
2958;34;50;68.81;9.54
2959;34;50;72.473;4.85
2960;34;50;70.756;0.26
2961;34;51;55.522;3.93
2962;34;51;67.552;0.44
2963;34;51;53.332;22.63
2964;34;52;69.467;0.78
2965;34;53;93.199;15.22
2966;34;53;89.615;11.6
2967;34;54;57.499;12.85
2968;34;54;69.877;3.67
2969;34;54;52.262;19.67
2970;34;55;97.216;13.96
2971;34;55;91.144;7.45
2972;34;55;80.32;4.09
2973;34;56;35.917;13.84
2974;34;56;33.553;9.46
2975;34;57;99.718;11.7
2976;34;57;76.933;10.48
2977;34;57;92.54;24.43
2978;34;58;63.227;4.65
2979;34;59;74.442;24.24
2980;34;59;57.246;24.18
2981;34;59;83.276;4.2
2982;35;36;33.563;9.16
2983;35;37;39.886;16.05
2984;35;37;44.837;19.53
2985;35;37;47.986;5.49
2986;35;38;49.387;10.78
2987;35;39;42.859;20.04
2988;35;40;16.702;24.31
2989;35;40;20.053;8.61
2990;35;41;60.114;17.17
2991;35;41;67.0;12.11
2992;35;42;39.442;18.58
2993;35;42;30.487;19.73
2994;35;43;35.485;10.55
2995;35;43;38.645;22.54
2996;35;43;37.559;9.21
2997;35;44;44.899;0.18
2998;35;44;36.912;11.54
2999;35;45;29.078;21.31
3000;35;45;36.279;17.13
3001;35;45;28.302;18.39
3002;35;46;80.646;17.78
3003;35;46;90.129;0.32
3004;35;46;100.018;16.4
3005;35;47;36.524;15.13
3006;35;48;44.56;16.85
3007;35;48;53.809;15.99
3008;35;48;53.21;8.71
3009;35;49;43.122;1.27
3010;35;49;49.72;6.06
3011;35;49;40.643;20.24
3012;35;50;33.698;1.86
3013;35;50;27.63;23.17
3014;35;51;43.229;16.26
3015;35;51;37.405;21.61
3016;35;51;37.546;24.23
3017;35;52;32.976;21.6
3018;35;52;36.399;6.23
3019;35;52;38.157;3.8
3020;35;53;79.353;23.17
3021;35;54;42.132;0.58
3022;35;54;41.571;20.57
3023;35;54;42.891;11.05
3024;35;55;3.646;15.28
3025;35;55;4.043;8.1
3026;35;56;113.946;19.38
3027;35;57;15.72;14.81
3028;35;58;38.17;17.71
3029;35;59;25.336;12.88
3030;36;37;31.95;20.97
3031;36;37;32.341;2.2
3032;36;37;24.871;23.1
3033;36;38;30.3;14.92
3034;36;38;27.297;5.12
3035;36;38;35.05;18.87
3036;36;39;34.301;14.26
3037;36;40;38.272;18.84
3038;36;41;56.963;17.33
3039;36;41;43.103;23.58
3040;36;41;43.312;22.04
3041;36;42;11.984;8.89
3042;36;42;13.441;24.63
3043;36;42;12.328;24.63
3044;36;43;10.632;11.37
3045;36;44;13.833;19.44
3046;36;44;16.957;7.21
3047;36;44;13.438;14.3
3048;36;45;26.162;7.04
3049;36;45;28.528;13.73
3050;36;46;52.403;8.18
3051;36;46;65.271;9.55
3052;36;46;54.635;22.61
3053;36;47;27.446;20.94
3054;36;48;14.611;2.74
3055;36;48;13.147;22.72
3056;36;48;13.886;7.26
3057;36;49;39.235;22.0
3058;36;50;26.395;5.41
3059;36;51;10.432;8.92
3060;36;52;26.27;11.97
3061;36;53;81.482;22.91
3062;36;54;23.848;15.1
3063;36;54;20.802;14.26
3064;36;55;32.852;5.92
3065;36;55;26.194;18.7
3066;36;55;28.553;6.93
3067;36;56;88.962;17.09
3068;36;56;81.363;15.05
3069;36;57;33.781;10.57
3070;36;57;30.237;23.83
3071;36;58;5.145;6.12
3072;36;58;5.972;22.49
3073;36;58;5.002;22.09
3074;36;59;8.671;20.54
3075;37;38;14.211;3.66
3076;37;38;14.769;1.48
3077;37;39;3.047;1.82
3078;37;39;2.34;14.92
3079;37;40;54.257;3.7
3080;37;40;52.825;15.08
3081;37;41;25.157;11.19
3082;37;42;23.314;5.18
3083;37;43;21.973;24.88
3084;37;43;24.928;14.21
3085;37;43;19.472;14.23
3086;37;44;28.664;20.24
3087;37;44;30.244;12.59
3088;37;44;32.59;5.1
3089;37;45;10.87;12.77
3090;37;46;47.647;16.35
3091;37;46;49.466;1.35
3092;37;47;4.645;24.25
3093;37;47;5.189;8.99
3094;37;48;26.738;15.32
3095;37;48;25.277;8.82
3096;37;48;28.748;0.35
3097;37;49;7.486;18.4
3098;37;49;9.289;7.38
3099;37;49;9.181;12.82
3100;37;50;6.816;19.32
3101;37;50;5.823;21.87
3102;37;50;6.567;16.28
3103;37;51;31.806;20.84
3104;37;51;33.246;18.59
3105;37;51;34.463;20.06
3106;37;52;7.399;11.47
3107;37;52;8.988;23.63
3108;37;53;49.535;13.33
3109;37;53;49.586;24.41
3110;37;54;11.806;18.94
3111;37;54;11.298;4.72
3112;37;55;42.151;23.1
3113;37;55;35.87;15.74
3114;37;55;39.905;22.48
3115;37;56;76.063;21.61
3116;37;56;87.719;14.55
3117;37;56;58.025;12.28
3118;37;57;51.081;3.24
3119;37;57;61.021;11.11
3120;37;57;54.402;10.97
3121;37;58;35.678;23.88
3122;37;58;34.229;4.97
3123;37;58;33.479;9.92
3124;37;59;33.232;10.94
3125;37;59;39.202;5.37
3126;37;59;28.655;2.46
3127;38;39;13.392;20.14
3128;38;40;61.476;10.13
3129;38;41;31.245;3.07
3130;38;41;26.515;13.25
3131;38;42;18.593;0.1
3132;38;42;18.03;18.32
3133;38;43;19.896;1.85
3134;38;43;19.698;13.88
3135;38;44;21.094;24.58
3136;38;45;21.734;24.27
3137;38;45;16.469;2.25
3138;38;46;33.701;15.36
3139;38;47;14.441;17.9
3140;38;48;19.096;13.2
3141;38;48;20.631;7.71
3142;38;48;18.136;0.39
3143;38;49;19.447;23.53
3144;38;49;22.249;0.96
3145;38;50;17.0;17.42
3146;38;50;18.388;21.06
3147;38;50;18.383;1.23
3148;38;51;25.527;9.55
3149;38;51;22.469;20.16
3150;38;52;17.719;22.9
3151;38;52;20.541;7.31
3152;38;53;56.111;16.87
3153;38;53;57.641;10.73
3154;38;54;7.54;3.62
3155;38;54;5.79;4.41
3156;38;55;50.905;8.97
3157;38;56;64.575;5.07
3158;38;56;74.232;11.07
3159;38;57;57.66;9.65
3160;38;57;66.064;13.34
3161;38;58;32.193;18.89
3162;38;59;35.108;19.82
3163;39;40;57.301;23.27
3164;39;41;22.663;5.73
3165;39;41;27.934;12.81
3166;39;42;25.033;1.87
3167;39;42;19.522;22.64
3168;39;43;24.077;13.75
3169;39;44;29.993;10.35
3170;39;44;33.416;6.8
3171;39;45;13.895;0.01
3172;39;45;14.175;6.1
3173;39;46;46.157;11.89
3174;39;47;7.472;3.66
3175;39;48;28.013;10.12
3176;39;49;6.31;0.21
3177;39;50;9.834;3.58
3178;39;50;10.865;7.23
3179;39;50;8.592;1.92
3180;39;51;33.433;17.84
3181;39;51;33.433;11.72
3182;39;51;29.879;15.13
3183;39;52;10.435;16.9
3184;39;52;10.515;5.19
3185;39;53;47.317;1.22
3186;39;53;36.238;18.49
3187;39;53;37.311;18.92
3188;39;54;12.716;14.14
3189;39;54;10.01;11.82
3190;39;55;45.161;24.57
3191;39;56;73.607;21.64
3192;39;56;64.245;12.57
3193;39;57;54.128;21.38
3194;39;57;46.757;6.68
3195;39;58;37.814;8.28
3196;39;58;45.606;19.15
3197;39;58;37.28;18.04
3198;39;59;35.994;19.31
3199;39;59;33.658;10.02
3200;40;41;76.122;4.81
3201;40;41;92.765;4.92
3202;40;41;78.126;24.6
3203;40;42;47.699;12.4
3204;40;42;40.085;14.96
3205;40;42;48.924;3.83
3206;40;43;44.188;10.07
3207;40;44;51.739;1.91
3208;40;44;48.824;18.39
3209;40;44;50.999;18.89
3210;40;45;43.444;7.8
3211;40;45;37.613;12.04
3212;40;46;89.842;21.13
3213;40;47;50.322;22.91
3214;40;48;52.036;13.74
3215;40;49;58.502;20.55
3216;40;49;70.835;12.46
3217;40;50;47.616;16.07
3218;40;50;47.614;20.97
3219;40;51;48.704;13.17
3220;40;52;46.951;0.45
3221;40;52;41.292;0.9
3222;40;53;95.994;8.75
3223;40;53;103.821;6.54
3224;40;54;53.945;4.76
3225;40;54;62.605;10.39
3226;40;55;13.266;2.05
3227;40;55;11.656;16.06
3228;40;55;15.708;10.86
3229;40;56;125.118;15.95
3230;40;56;108.297;17.18
3231;40;56;135.269;2.5
3232;40;57;4.55;14.79
3233;40;58;41.496;23.86
3234;40;58;32.251;24.15
3235;40;59;29.769;3.17
3236;40;59;31.752;17.92
3237;40;59;23.418;12.57
3238;41;42;47.259;5.6
3239;41;42;47.51;17.76
3240;41;42;38.025;10.42
3241;41;43;46.665;22.85
3242;41;44;51.501;22.78
3243;41;45;34.121;11.4
3244;41;45;33.991;20.22
3245;41;45;40.614;5.87
3246;41;46;54.697;7.11
3247;41;46;43.019;21.91
3248;41;47;29.788;24.11
3249;41;47;23.59;10.26
3250;41;47;34.653;21.82
3251;41;48;49.469;20.58
3252;41;48;55.33;5.5
3253;41;48;61.718;13.17
3254;41;49;18.498;11.24
3255;41;50;31.525;13.71
3256;41;51;55.408;22.1
3257;41;52;31.918;14.24
3258;41;52;28.07;21.41
3259;41;52;39.027;2.38
3260;41;53;25.01;1.88
3261;41;53;21.133;20.64
3262;41;53;22.369;14.42
3263;41;54;34.361;15.11
3264;41;54;31.539;15.81
3265;41;54;38.91;7.58
3266;41;55;63.098;24.06
3267;41;55;62.585;10.48
3268;41;55;50.078;8.8
3269;41;56;70.88;13.42
3270;41;57;73.613;24.57
3271;41;57;90.167;8.08
3272;41;57;61.738;22.24
3273;41;58;60.382;24.94
3274;41;59;58.284;24.75
3275;41;59;58.74;11.58
3276;41;59;65.446;6.48
3277;42;43;4.002;9.0
3278;42;44;6.489;23.81
3279;42;44;7.371;16.24
3280;42;44;5.302;4.2
3281;42;45;21.465;6.91
3282;42;45;26.243;3.86
3283;42;46;42.153;5.4
3284;42;46;50.979;18.22
3285;42;47;19.461;18.83
3286;42;47;18.093;8.73
3287;42;47;21.781;13.34
3288;42;48;5.368;1.61
3289;42;49;30.794;10.18
3290;42;49;30.909;2.56
3291;42;50;19.555;13.21
3292;42;50;18.414;16.32
3293;42;51;8.515;17.63
3294;42;52;19.755;7.86
3295;42;53;72.184;3.45
3296;42;53;75.706;17.77
3297;42;53;71.765;8.7
3298;42;54;12.982;7.37
3299;42;55;39.749;15.36
3300;42;56;77.853;24.91
3301;42;57;43.41;0.24
3302;42;58;13.646;18.85
3303;42;58;11.06;16.62
3304;42;59;18.52;14.17
3305;42;59;19.615;5.24
3306;42;59;15.519;19.32
3307;43;44;10.218;10.98
3308;43;45;18.477;21.1
3309;43;46;45.791;21.53
3310;43;46;56.03;21.45
3311;43;46;34.418;10.07
3312;43;47;17.717;6.66
3313;43;47;15.184;11.12
3314;43;47;17.62;18.68
3315;43;48;9.332;9.95
3316;43;48;9.845;24.63
3317;43;49;29.42;18.79
3318;43;49;35.407;24.31
3319;43;49;24.697;1.84
3320;43;50;17.282;3.54
3321;43;50;17.879;12.84
3322;43;51;11.037;11.86
3323;43;51;9.945;22.41
3324;43;51;8.65;22.1
3325;43;52;17.353;6.72
3326;43;52;19.958;8.56
3327;43;53;71.392;1.51
3328;43;53;54.008;4.93
3329;43;53;64.331;3.29
3330;43;54;13.221;12.6
3331;43;55;35.869;11.22
3332;43;55;42.705;14.74
3333;43;56;81.072;15.75
3334;43;56;94.024;16.33
3335;43;56;83.809;16.53
3336;43;57;39.972;22.57
3337;43;57;33.011;1.96
3338;43;58;13.737;7.4
3339;43;58;14.795;19.27
3340;43;58;14.351;2.23
3341;43;59;15.608;8.96
3342;43;59;18.531;14.28
3343;44;45;27.861;3.03
3344;44;45;31.748;0.91
3345;44;46;38.57;23.71
3346;44;46;29.182;0.26
3347;44;47;25.21;15.96
3348;44;47;31.376;3.86
3349;44;48;2.034;6.28
3350;44;48;1.628;2.59
3351;44;49;36.044;21.92
3352;44;49;40.492;11.24
3353;44;50;25.639;4.39
3354;44;51;4.773;7.98
3355;44;52;25.906;5.52
3356;44;53;76.511;23.2
3357;44;53;90.171;23.81
3358;44;53;62.848;14.26
3359;44;54;17.344;18.89
3360;44;55;44.883;0.97
3361;44;55;46.346;14.48
3362;44;56;75.266;24.9
3363;44;57;47.311;9.5
3364;44;57;46.598;18.59
3365;44;57;55.293;18.55
3366;44;58;12.966;21.37
3367;44;58;15.615;13.97
3368;44;58;12.299;17.54
3369;44;59;21.985;24.5
3370;45;46;55.116;13.77
3371;45;46;47.266;11.04
3372;45;47;7.621;24.56
3373;45;47;8.585;24.39
3374;45;48;26.341;9.89
3375;45;49;15.677;13.25
3376;45;49;16.665;9.34
3377;45;50;4.821;17.11
3378;45;50;4.189;23.62
3379;45;51;29.502;23.32
3380;45;51;24.595;20.44
3381;45;52;4.08;0.47
3382;45;52;4.382;24.71
3383;45;53;57.129;14.67
3384;45;53;54.196;3.01
3385;45;53;51.673;16.45
3386;45;54;15.696;4.99
3387;45;55;31.284;9.86
3388;45;56;85.837;19.24
3389;45;56;81.208;13.69
3390;45;57;40.373;8.88
3391;45;58;30.787;23.22
3392;45;58;37.055;23.91
3393;45;59;24.972;19.55
3394;45;59;28.613;12.55
3395;46;47;48.097;19.35
3396;46;48;37.954;19.88
3397;46;48;33.409;6.68
3398;46;49;51.273;0.29
3399;46;49;54.613;0.65
3400;46;50;50.534;3.5
3401;46;50;58.291;21.85
3402;46;50;42.529;6.96
3403;46;51;42.495;21.04
3404;46;51;44.521;18.54
3405;46;51;38.244;23.98
3406;46;52;51.225;2.28
3407;46;52;38.51;2.5
3408;46;52;49.088;22.02
3409;46;53;75.107;22.22
3410;46;53;84.704;16.65
3411;46;54;39.556;20.97
3412;46;54;32.945;11.61
3413;46;54;31.528;19.98
3414;46;55;81.435;1.15
3415;46;56;37.523;5.16
3416;46;56;30.479;2.14
3417;46;57;85.519;3.35
3418;46;57;89.604;6.89
3419;46;57;77.254;14.44
3420;46;58;50.865;24.23
3421;46;58;62.341;11.26
3422;46;58;62.015;22.19
3423;46;59;60.335;7.56
3424;46;59;72.974;7.39
3425;47;48;23.377;8.14
3426;47;48;26.305;12.45
3427;47;48;23.231;5.96
3428;47;49;11.794;18.83
3429;47;49;13.886;13.02
3430;47;50;2.833;20.45
3431;47;51;27.972;9.21
3432;47;51;30.641;17.34
3433;47;52;3.568;17.27
3434;47;52;4.252;4.96
3435;47;52;3.394;24.47
3436;47;53;54.053;0.74
3437;47;54;9.624;15.89
3438;47;54;10.032;4.98
3439;47;55;38.557;2.98
3440;47;56;78.229;6.41
3441;47;56;68.865;8.21
3442;47;56;59.91;8.3
3443;47;57;46.999;22.93
3444;47;57;54.018;15.33
3445;47;58;31.326;7.82
3446;47;59;28.59;5.26
3447;47;59;30.698;5.92
3448;47;59;31.614;16.01
3449;48;49;34.092;17.83
3450;48;50;23.918;1.14
3451;48;51;6.555;5.54
3452;48;51;6.668;21.67
3453;48;52;24.216;16.44
3454;48;52;22.274;2.09
3455;48;53;74.479;5.32
3456;48;54;15.341;6.34
3457;48;54;18.859;18.45
3458;48;55;44.708;20.72
3459;48;56;74.351;5.89
3460;48;56;87.558;17.66
3461;48;57;47.654;20.19
3462;48;57;53.045;21.31
3463;48;57;42.593;6.72
3464;48;58;14.37;19.65
3465;48;58;13.18;8.3
3466;48;58;14.541;15.27
3467;48;59;22.391;3.75
3468;49;50;13.144;20.18
3469;49;50;15.433;15.3
3470;49;51;39.277;4.18
3471;49;52;13.48;9.5
3472;49;53;42.306;14.24
3473;49;54;18.906;0.99
3474;49;55;45.803;21.37
3475;49;56;76.64;11.54
3476;49;57;55.703;4.72
3477;49;57;61.646;18.37
3478;49;57;56.242;3.97
3479;49;58;43.092;10.59
3480;49;58;47.455;1.1
3481;49;59;39.896;18.1
3482;49;59;37.47;9.83
3483;50;51;27.973;13.1
3484;50;52;0.742;1.57
3485;50;52;0.581;21.59
3486;50;52;0.633;19.62
3487;50;53;55.399;5.39
3488;50;53;65.414;24.13
3489;50;54;11.445;1.07
3490;50;54;12.689;6.08
3491;50;54;10.097;24.19
3492;50;55;35.759;21.3
3493;50;55;43.335;13.79
3494;50;56;81.016;9.16
3495;50;57;44.353;11.57
3496;50;58;30.572;16.34
3497;50;58;37.925;22.99
3498;50;59;26.77;2.63
3499;50;59;22.798;16.95
3500;51;52;28.129;9.65
3501;51;52;24.619;21.51
3502;51;52;27.012;2.11
3503;51;53;80.393;23.14
3504;51;53;74.876;8.64
3505;51;54;21.054;18.53
3506;51;54;17.258;0.26
3507;51;55;42.848;14.41
3508;51;55;39.386;3.26
3509;51;55;49.551;20.19
3510;51;56;79.5;18.17
3511;51;57;44.209;8.96
3512;51;57;37.537;9.55
3513;51;57;43.347;24.11
3514;51;58;8.456;19.01
3515;51;59;19.04;14.77
3516;51;59;22.611;17.91
3517;51;59;19.964;8.7
3518;52;53;55.671;2.18
3519;52;53;63.203;1.81
3520;52;54;12.054;17.51
3521;52;54;10.637;16.39
3522;52;55;35.054;15.53
3523;52;56;81.758;11.75
3524;52;57;43.714;18.59
3525;52;57;34.839;14.78
3526;52;58;30.524;10.93
3527;52;59;26.416;2.17
3528;53;54;59.34;14.7
3529;53;54;54.354;7.98
3530;53;54;67.156;24.0
3531;53;55;82.727;8.57
3532;53;55;97.107;6.86
3533;53;55;88.113;6.1
3534;53;56;81.461;13.08
3535;53;57;94.182;13.06
3536;53;57;95.216;9.99
3537;53;57;76.18;14.89
3538;53;58;85.129;7.2
3539;53;58;83.475;22.09
3540;53;59;81.991;0.36
3541;54;55;43.521;6.17
3542;54;55;49.295;1.59
3543;54;56;71.836;10.91
3544;54;56;80.014;17.96
3545;54;56;77.964;23.37
3546;54;57;50.12;20.64
3547;54;57;57.515;10.07
3548;54;57;52.191;15.52
3549;54;58;26.47;24.0
3550;54;58;21.337;6.44
3551;54;59;27.874;11.99
3552;55;56;115.337;0.6
3553;55;56;125.846;19.86
3554;55;56;93.924;11.8
3555;55;57;12.076;12.86
3556;55;58;37.207;4.05
3557;55;58;32.409;14.94
3558;55;58;40.75;7.6
3559;55;59;24.35;22.61
3560;55;59;25.858;9.26
3561;55;59;23.057;8.72
3562;56;57;120.998;22.95
3563;56;57;96.874;19.12
3564;56;57;118.881;19.88
3565;56;58;87.947;11.93
3566;56;59;96.367;6.1
3567;56;59;100.232;23.95
3568;57;58;36.952;7.13
3569;57;58;35.494;11.68
3570;57;58;31.61;14.18
3571;57;59;25.327;9.23
3572;58;59;12.868;4.68
