VERTEX_COUNT 60
PATH_COUNT 1
BUDGET 420
<------------ VERTICES ------------>
0;START;41.374834;2.170055;0.0;0.0
1;Museu Nacional d’Art de Catalunya;41.36882;2.153347;45.0;100.0
2;Basilica of the Sagrada Família;41.403568;2.174435;45.0;95.57
3;Museu d’Història de Catalunya - MHC;41.380852;2.185799;45.0;81.67
4;Palau Güell;41.378864;2.174117;45.0;80.07
5;Anella Olímpica(Olympic Park);41.364778;2.152575;45.0;79.04
6;Galeria d’Art Mar Grup Escolà;41.392349;2.167836;45.0;77.79
7;Museu Picasso;41.385181;2.180863;45.0;77.18
8;La Pedrera (Casa Milà);41.395271;2.161785;45.0;76.76
9;Parc de la Ciutadella;41.389248;2.186548;45.0;74.59
10;Poble Espanyol;41.368679;2.147031;45.0;73.47
11;Basilica of Sants Just i Pastor;41.382812;2.178195;45.0;72.86
12;Avinguda d’Icària;41.391556;2.197416;45.0;71.74
13;Montjuïc Castle;41.363823;2.167096;45.0;71.32
14;Passeig de Gràcia;41.390739;2.166672;45.0;71.0
15;Antic Hospital de la Santa Creu;41.380573;2.170374;45.0;68.65
16;Museu Frederic Marès;41.384178;2.176819;45.0;68.17
17;Museu Palmero;41.424667;2.139856;45.0;64.13
18;Plaça del Rei;41.384144;2.177409;45.0;62.09
19;Park Güell;41.414249;2.151926;45.0;61.47
20;Casa Batlló;41.391758;2.164961;45.0;59.61
21;Plaça de Catalunya;41.387005;2.17003;45.0;59.59
22;Museu d’Història de Barcelona;41.384144;2.177409;45.0;59.45
23;Despair;41.387653;2.188076;45.0;58.58
24;Basilica of Santa Maria del Mar;41.383518;2.1818;45.0;58.22
25;Casa Martí, Els Quatre Gats ;41.385775;2.173671;45.0;57.51
26;Lorena Ruiz de Villa;41.397858;2.146705;45.0;56.66
27;Rambla del Raval;41.378681;2.169317;45.0;56.42
28;Royal Dockyards Museu Marítim ;41.375286;2.17598;45.0;56.25
29;La Colmena;41.383835;2.178294;45.0;56.02
30;90th Jean Bouin;41.373077;2.150465;45.0;54.71
31;Turó de la Rovira viewing point;41.419388;2.161812;45.0;54.39
32;Poblenou Cemetery;41.394859;2.201189;45.0;54.17
33;Parc de Diagonal Mar;41.407215;2.214539;45.0;53.59
34;Museu de la Moto ;41.383327;2.174488;45.0;53.54
35;Casa Vicens;41.403442;2.150684;45.0;51.04
36;Platja de la Nova Mar Bella;41.40205;2.21529;45.0;50.81
37;Monument to Doctor Robert;41.394924;2.175599;45.0;50.45
38;Museu Blau - Fòrum Building;41.41124;2.220333;45.0;50.44
39;Palau Montaner;41.39555;2.1652;45.0;50.04
40;CaixaForum;41.371357;2.149495;45.0;49.63
41;El Born Centre Cultural;41.385818;2.183785;45.0;49.46
42;Botanical Garden;41.364746;2.159382;45.0;48.83
43;Barcelona;41.389034;2.16137;45.0;48.04
44;Palau Sant Jordi;41.363441;2.152537;45.0;48.0
45;Museu d’Art Contemporani de Barcelona (MACBA);41.382809;2.166729;45.0;47.89
46;Fundació Fran Daurel;41.369118;2.146695;45.0;47.84
47;El Fossar de les Moreres;41.383713;2.18243;45.0;47.8
48;Santa Eulàlia small schooner;41.376385;2.179861;45.0;47.78
49;Casa Lleó Morera;41.39119;2.165511;45.0;47.2
50;Maeght;41.384689;2.181526;45.0;46.48
51;Rambla del Poblenou;41.40192;2.200141;45.0;46.36
52;Casa Calvet;41.390972;2.173002;45.0;46.16
53;Casa Comalat;41.397072;2.160723;45.0;45.45
54;Plaça de Sant Jaume;41.382668;2.176983;45.0;44.5
55;Museu del Modernisme Català;41.388874;2.163411;45.0;44.13
56;Olympic Stadium Lluís Companys;41.364746;2.155624;45.0;44.07
57;Parlament de Catalunya;41.388168;2.188983;45.0;43.61
58;Barcelona Head;41.380924;2.182465;45.0;43.49
59;FINISH;41.374834;2.170055;0.0;0.0
<------------- EDGES -------------->
0;0;1;23.796;7.02
1;0;1;20.92;1.75
2;0;1;23.273;19.94
3;0;2;49.491;20.98
4;0;2;57.572;13.59
5;0;2;61.656;9.19
6;0;3;22.688;12.98
7;0;4;8.647;24.77
8;0;5;28.285;5.99
9;0;5;27.432;20.33
10;0;6;30.107;8.89
11;0;6;30.996;19.15
12;0;7;22.496;17.22
13;0;8;36.549;15.74
14;0;8;45.612;1.89
15;0;9;32.509;14.49
16;0;9;36.743;14.48
17;0;9;31.433;11.59
18;0;10;31.387;12.74
19;0;10;24.29;20.08
20;0;11;17.194;22.09
21;0;11;15.457;17.47
22;0;12;45.309;17.83
23;0;12;38.351;15.89
24;0;13;19.222;12.03
25;0;14;27.562;18.58
26;0;14;23.689;0.44
27;0;15;9.829;8.12
28;0;15;11.948;6.34
29;0;16;18.196;21.94
30;0;16;15.818;1.34
31;0;17;93.673;4.74
32;0;17;82.391;11.62
33;0;17;112.43;6.48
34;0;18;18.52;5.46
35;0;18;18.963;7.38
36;0;18;22.297;7.76
37;0;19;71.35;24.68
38;0;19;62.708;4.44
39;0;19;63.224;22.6
40;0;20;29.69;10.75
41;0;21;20.827;16.76
42;0;21;25.366;19.41
43;0;21;21.571;8.07
44;0;22;18.52;19.42
45;0;23;31.884;3.38
46;0;23;26.338;20.47
47;0;24;21.172;22.82
48;0;24;25.284;23.45
49;0;25;19.29;17.54
50;0;25;16.996;0.85
51;0;25;15.564;21.2
52;0;26;49.508;0.08
53;0;26;38.017;6.29
54;0;26;55.845;13.51
55;0;27;6.651;19.98
56;0;28;7.648;18.39
57;0;28;5.826;5.07
58;0;28;6.762;18.36
59;0;29;18.686;15.57
60;0;29;14.404;3.97
61;0;30;25.336;22.76
62;0;30;26.926;8.05
63;0;30;21.256;2.07
64;0;31;76.973;1.98
65;0;31;89.082;18.55
66;0;32;52.651;2.57
67;0;32;54.2;20.27
68;0;32;61.887;20.54
69;0;33;79.572;1.32
70;0;33;75.084;22.56
71;0;34;15.608;12.03
72;0;34;13.136;2.25
73;0;34;13.321;23.19
74;0;35;54.909;22.34
75;0;36;74.442;15.42
76;0;36;91.691;11.33
77;0;36;69.093;3.8
78;0;37;35.108;0.65
79;0;38;89.706;22.15
80;0;38;82.917;18.05
81;0;39;35.994;21.37
82;0;40;27.064;19.35
83;0;40;24.596;16.23
84;0;40;29.22;16.29
85;0;41;25.77;15.62
86;0;42;22.042;3.27
87;0;43;26.736;18.31
88;0;43;31.552;19.29
89;0;43;29.503;3.65
90;0;44;29.769;1.02
91;0;45;14.3;6.71
92;0;45;13.239;14.09
93;0;45;11.736;22.09
94;0;46;31.553;21.55
95;0;46;27.505;24.53
96;0;47;21.985;10.48
97;0;47;24.09;13.46
98;0;48;12.868;0.03
99;0;48;16.065;3.76
100;0;49;28.59;3.72
101;0;49;22.851;16.53
102;0;49;24.518;21.58
103;0;50;22.391;11.31
104;0;51;60.335;10.9
105;0;51;67.002;17.29
106;0;52;27.874;4.43
107;0;52;31.344;3.27
108;0;52;22.837;5.91
109;0;53;39.896;10.91
110;0;53;38.139;16.78
111;0;53;43.775;17.55
112;0;54;16.089;24.38
113;0;55;25.495;13.94
114;0;56;25.327;5.57
115;0;57;33.336;14.01
116;0;58;19.04;4.77
117;0;59;0.0;23.76
118;0;59;0.0;15.48
119;0;59;0.0;14.4
120;1;2;65.336;20.63
121;1;2;54.597;11.12
122;1;3;46.481;24.32
123;1;4;31.73;7.35
124;1;4;36.702;20.08
125;1;4;28.026;5.21
126;1;5;6.988;11.62
127;1;6;44.354;6.29
128;1;6;50.668;20.18
129;1;6;39.063;6.6
130;1;7;45.08;10.34
131;1;7;48.079;6.98
132;1;7;36.049;16.82
133;1;8;46.542;2.18
134;1;8;39.281;11.67
135;1;8;36.064;3.78
136;1;9;55.131;9.23
137;1;9;42.951;7.67
138;1;9;54.394;9.24
139;1;10;8.115;17.5
140;1;10;8.937;7.88
141;1;10;6.671;18.18
142;1;11;39.892;11.64
143;1;11;36.862;22.64
144;1;12;68.67;16.77
145;1;13;19.619;5.11
146;1;14;41.226;9.8
147;1;15;29.708;9.53
148;1;16;39.989;0.22
149;1;16;48.397;14.07
150;1;17;97.123;5.89
151;1;18;40.525;9.99
152;1;18;37.387;12.14
153;1;19;77.761;15.17
154;1;20;41.989;18.81
155;1;20;49.798;16.54
156;1;20;46.891;0.1
157;1;21;37.779;9.88
158;1;22;40.525;18.96
159;1;22;49.941;22.76
160;1;22;36.227;24.46
161;1;23;55.02;23.17
162;1;23;62.805;20.02
163;1;24;44.356;7.26
164;1;24;51.248;8.01
165;1;24;39.304;0.2
166;1;25;39.024;10.54
167;1;26;50.417;8.1
168;1;27;26.558;19.65
169;1;27;28.645;21.51
170;1;28;31.099;20.27
171;1;28;29.194;7.51
172;1;28;28.024;3.96
173;1;29;41.065;3.82
174;1;29;44.543;12.25
175;1;29;35.867;9.81
176;1;30;8.171;23.17
177;1;30;8.597;24.16
178;1;31;87.213;19.99
179;1;32;75.887;5.61
180;1;32;65.633;1.54
181;1;32;77.637;5.82
182;1;33;102.414;14.87
183;1;33;127.738;23.27
184;1;34;36.786;4.05
185;1;35;59.345;6.09
186;1;36;97.767;4.98
187;1;36;120.582;22.38
188;1;37;53.025;23.86
189;1;37;49.712;20.18
190;1;37;50.883;23.24
191;1;38;112.538;3.9
192;1;38;117.23;10.55
193;1;39;48.206;15.99
194;1;39;53.985;19.83
195;1;39;45.868;16.19
196;1;40;6.582;4.34
197;1;40;7.73;22.38
198;1;40;6.092;10.76
199;1;41;48.72;10.16
200;1;41;48.067;16.92
201;1;42;10.425;8.2
202;1;42;9.092;24.82
203;1;42;12.888;0.15
204;1;43;36.092;14.37
205;1;43;28.277;20.47
206;1;44;9.263;12.5
207;1;44;9.883;22.23
208;1;45;29.467;10.52
209;1;45;26.609;9.45
210;1;45;31.763;2.93
211;1;46;8.558;17.01
212;1;46;6.819;9.85
213;1;47;45.212;21.81
214;1;47;38.77;18.71
215;1;47;53.304;23.53
216;1;48;36.426;10.93
217;1;48;37.321;21.89
218;1;49;41.344;16.06
219;1;50;45.24;21.63
220;1;50;46.301;6.52
221;1;51;82.57;21.0
222;1;51;77.691;12.34
223;1;52;45.54;8.53
224;1;52;48.465;9.15
225;1;53;49.264;16.86
226;1;53;54.65;23.56
227;1;54;38.506;17.89
228;1;54;30.594;24.46
229;1;54;31.597;17.55
230;1;55;36.669;2.87
231;1;55;30.25;17.85
232;1;55;42.893;14.52
233;1;56;7.56;21.23
234;1;56;8.221;8.32
235;1;57;56.48;3.6
236;1;57;69.376;14.84
237;1;57;46.01;8.67
238;1;58;42.744;5.67
239;1;58;48.797;14.13
240;1;58;40.422;4.3
241;1;59;23.796;23.77
242;1;59;28.653;19.61
243;2;3;41.52;4.86
244;2;3;43.484;12.61
245;2;4;42.276;6.45
246;2;4;36.395;17.2
247;2;5;72.069;21.05
248;2;6;20.984;12.29
249;2;6;23.635;12.92
250;2;6;16.291;15.77
251;2;7;32.528;13.37
252;2;8;21.57;15.16
253;2;9;29.022;25.0
254;2;10;69.299;16.27
255;2;11;35.845;24.98
256;2;11;34.159;13.56
257;2;12;35.955;0.49
258;2;12;27.864;4.58
259;2;13;68.662;11.55
260;2;13;82.498;10.71
261;2;13;82.662;1.66
262;2;14;24.109;2.69
263;2;14;18.842;15.41
264;2;15;39.694;1.88
265;2;15;34.769;8.7
266;2;15;38.49;1.61
267;2;16;33.322;14.23
268;2;16;39.321;24.77
269;2;16;30.753;10.72
270;2;17;57.209;11.96
271;2;17;53.335;1.63
272;2;18;33.457;12.7
273;2;18;26.388;3.35
274;2;19;34.185;14.19
275;2;19;32.066;21.06
276;2;19;25.83;17.92
277;2;20;23.587;16.02
278;2;20;24.602;11.65
279;2;21;28.902;11.81
280;2;22;33.457;17.84
281;2;23;32.378;17.21
282;2;23;28.09;13.44
283;2;24;35.589;18.01
284;2;24;43.1;20.22
285;2;24;34.377;16.71
286;2;25;30.463;22.39
287;2;25;26.08;18.81
288;2;25;29.507;21.72
289;2;26;36.911;13.26
290;2;27;43.091;7.42
291;2;27;34.389;23.44
292;2;27;37.524;14.35
293;2;28;48.438;24.6
294;2;29;34.129;13.72
295;2;29;41.366;14.58
296;2;30;60.577;2.39
297;2;30;47.554;4.75
298;2;31;31.549;14.04
299;2;31;32.927;23.71
300;2;31;39.355;0.05
301;2;32;37.436;22.48
302;2;32;41.13;23.83
303;2;33;51.851;15.19
304;2;33;48.945;17.68
305;2;33;52.339;18.48
306;2;34;34.637;24.22
307;2;34;27.986;23.34
308;2;34;38.025;1.21
309;2;35;30.486;17.09
310;2;36;52.504;22.97
311;2;36;45.06;0.63
312;2;36;51.131;2.88
313;2;37;14.867;1.69
314;2;38;60.354;5.81
315;2;39;18.132;17.88
316;2;39;13.772;3.18
317;2;39;21.153;2.9
318;2;40;63.746;22.83
319;2;40;78.858;15.06
320;2;41;32.66;2.29
321;2;41;36.326;5.49
322;2;41;29.257;17.08
323;2;42;69.188;16.28
324;2;42;63.663;13.44
325;2;42;84.424;8.06
326;2;43;29.997;21.75
327;2;44;74.2;6.66
328;2;44;80.463;9.3
329;2;45;36.875;24.64
330;2;45;39.392;3.01
331;2;45;44.836;3.11
332;2;46;68.875;13.82
333;2;47;35.493;18.34
334;2;47;29.986;3.67
335;2;47;36.135;17.99
336;2;48;47.035;13.72
337;2;48;56.395;16.2
338;2;48;39.327;8.17
339;2;49;24.081;4.59
340;2;49;26.183;4.27
341;2;49;29.394;13.33
342;2;50;33.564;13.5
343;2;50;29.519;4.0
344;2;51;33.115;23.65
345;2;52;21.633;12.91
346;2;52;16.414;10.73
347;2;52;23.63;19.87
348;2;53;20.817;20.78
349;2;54;35.914;8.38
350;2;54;36.609;9.48
351;2;54;44.64;4.81
352;2;55;28.853;20.42
353;2;56;70.687;12.35
354;2;56;68.963;20.42
355;2;57;32.299;8.02
356;2;57;27.965;1.61
357;2;57;40.04;8.27
358;2;58;40.097;11.05
359;2;58;30.897;2.98
360;2;59;49.491;11.97
361;2;59;58.223;20.16
362;3;4;15.381;24.61
363;3;4;11.58;11.57
364;3;4;12.942;16.53
365;3;5;50.763;8.45
366;3;5;40.76;2.26
367;3;6;30.314;6.72
368;3;6;23.577;23.7
369;3;7;9.749;16.78
370;3;7;8.049;13.68
371;3;7;8.342;6.11
372;3;8;39.488;3.21
373;3;8;35.559;6.6
374;3;8;46.523;18.45
375;3;9;14.4;8.28
376;3;10;53.965;12.72
377;3;10;67.369;5.96
378;3;10;50.442;0.62
379;3;11;10.323;24.86
380;3;12;23.621;8.72
381;3;12;29.232;6.29
382;3;12;26.103;10.44
383;3;13;37.763;17.59
384;3;13;35.142;4.32
385;3;13;38.393;15.0
386;3;14;29.821;3.35
387;3;14;24.335;3.07
388;3;14;24.728;5.48
389;3;15;19.811;10.37
390;3;16;12.858;13.15
391;3;16;11.467;23.03
392;3;16;11.475;20.73
393;3;17;95.389;24.56
394;3;18;12.156;16.09
395;3;19;71.81;22.22
396;3;20;32.62;8.45
397;3;20;33.839;18.12
398;3;20;37.633;21.55
399;3;21;22.821;22.07
400;3;22;12.156;0.6
401;3;22;12.301;22.27
402;3;22;11.931;16.66
403;3;23;12.0;13.01
404;3;23;14.798;0.84
405;3;23;13.803;11.13
406;3;24;6.869;9.43
407;3;24;7.731;23.16
408;3;25;17.705;18.81
409;3;25;18.088;14.82
410;3;26;58.016;1.54
411;3;27;21.487;23.91
412;3;27;16.951;1.81
413;3;27;22.281;19.75
414;3;28;15.801;22.97
415;3;28;16.291;1.52
416;3;28;19.645;16.04
417;3;29;10.905;7.69
418;3;29;13.213;12.49
419;3;29;11.273;17.74
420;3;30;47.282;6.33
421;3;30;37.414;2.9
422;3;31;72.778;19.85
423;3;31;70.986;4.32
424;3;31;57.475;21.36
425;3;32;31.063;8.6
426;3;32;24.696;3.74
427;3;32;35.005;4.98
428;3;33;58.279;19.92
429;3;33;58.586;8.42
430;3;34;15.128;19.21
431;3;34;15.47;1.53
432;3;35;59.384;19.06
433;3;35;73.847;20.14
434;3;36;52.433;20.8
435;3;37;27.411;17.48
436;3;37;27.157;0.73
437;3;37;30.652;24.14
438;3;38;68.332;24.69
439;3;39;36.496;19.41
440;3;39;30.048;6.5
441;3;39;30.378;16.96
442;3;40;49.368;9.04
443;3;40;41.038;2.42
444;3;41;8.883;14.58
445;3;41;10.443;21.31
446;3;42;43.708;14.09
447;3;42;40.646;4.38
448;3;42;38.908;24.66
449;3;43;34.348;21.96
450;3;43;42.031;15.32
451;3;43;32.468;3.18
452;3;44;52.078;4.47
453;3;44;62.052;9.72
454;3;45;24.713;18.33
455;3;45;30.446;16.37
456;3;45;18.835;3.52
457;3;46;54.08;17.7
458;3;46;54.775;6.48
459;3;47;6.533;7.95
460;3;47;7.229;19.64
461;3;47;6.826;7.86
462;3;48;10.797;9.05
463;3;48;12.741;11.92
464;3;48;12.953;19.02
465;3;49;31.487;15.93
466;3;49;32.099;14.72
467;3;50;8.556;5.07
468;3;50;8.206;18.6
469;3;50;6.825;0.31
470;3;51;40.482;23.44
471;3;51;46.57;6.65
472;3;52;23.871;16.68
473;3;53;42.507;19.7
474;3;53;41.201;18.44
475;3;53;39.623;8.85
476;3;54;11.738;10.44
477;3;54;9.394;6.31
478;3;55;31.854;1.73
479;3;55;27.647;10.66
480;3;56;47.551;17.66
481;3;56;39.269;5.13
482;3;57;13.17;6.87
483;3;58;4.283;16.05
484;3;59;22.688;24.16
485;3;59;19.21;19.76
486;4;5;36.692;8.38
487;4;6;24.444;16.15
488;4;6;22.537;16.3
489;4;6;29.358;20.55
490;4;7;13.852;6.7
491;4;7;14.354;22.94
492;4;7;13.185;7.35
493;4;8;32.233;21.36
494;4;8;32.593;0.38
495;4;9;23.885;22.44
496;4;9;24.246;22.9
497;4;9;24.572;21.05
498;4;10;38.904;10.84
499;4;10;44.78;17.73
500;4;11;8.547;20.52
501;4;11;9.941;11.92
502;4;12;36.967;21.13
503;4;12;43.937;8.35
504;4;13;27.272;4.63
505;4;13;21.95;7.02
506;4;13;27.523;18.52
507;4;14;22.457;23.71
508;4;15;5.626;16.76
509;4;15;5.131;11.94
510;4;15;6.436;24.61
511;4;16;9.733;21.37
512;4;16;10.764;24.29
513;4;17;89.874;20.93
514;4;17;95.27;15.33
515;4;18;9.975;21.42
516;4;18;8.18;5.35
517;4;18;11.583;10.42
518;4;19;66.918;20.04
519;4;19;83.04;0.76
520;4;20;25.001;24.42
521;4;20;30.397;12.89
522;4;20;30.866;10.66
523;4;21;14.887;22.76
524;4;21;15.34;14.02
525;4;22;9.975;5.95
526;4;22;11.764;13.41
527;4;22;7.493;0.13
528;4;23;23.397;18.83
529;4;23;27.362;19.34
530;4;23;28.912;20.78
531;4;24;12.678;22.64
532;4;24;14.485;23.11
533;4;24;15.727;4.76
534;4;25;11.84;18.9
535;4;25;14.789;17.08
536;4;25;14.136;9.79
537;4;26;47.906;16.44
538;4;26;54.944;12.51
539;4;26;41.842;18.21
540;4;27;6.171;13.69
541;4;28;6.574;15.78
542;4;29;10.056;11.87
543;4;30;31.945;19.56
544;4;31;71.122;15.46
545;4;31;65.064;6.72
546;4;31;75.888;9.04
547;4;32;44.241;5.05
548;4;32;54.068;4.24
549;4;33;71.038;5.41
550;4;34;7.652;0.43
551;4;34;7.532;15.61
552;4;34;5.857;14.37
553;4;35;51.71;11.19
554;4;35;61.467;6.32
555;4;36;66.092;24.91
556;4;36;58.907;16.29
557;4;37;27.548;20.52
558;4;37;23.091;14.59
559;4;38;81.174;3.88
560;4;39;30.763;24.6
561;4;39;29.233;7.03
562;4;40;34.127;20.35
563;4;40;25.796;14.74
564;4;40;35.642;12.98
565;4;41;17.196;16.6
566;4;42;30.687;23.77
567;4;43;23.89;17.05
568;4;44;38.269;18.09
569;4;45;11.643;10.24
570;4;45;10.658;9.82
571;4;45;14.461;1.16
572;4;46;38.963;3.06
573;4;46;43.534;9.8
574;4;47;13.52;19.79
575;4;47;11.257;10.88
576;4;48;8.509;9.17
577;4;49;23.811;12.95
578;4;49;28.197;24.24
579;4;49;22.671;11.05
580;4;50;13.779;24.13
581;4;50;15.91;24.24
582;4;50;10.447;20.04
583;4;51;51.699;2.24
584;4;51;60.824;21.97
585;4;52;20.769;19.94
586;4;52;22.142;7.16
587;4;53;35.588;7.8
588;4;53;27.267;6.23
589;4;54;7.478;16.67
590;4;55;21.963;9.94
591;4;55;17.39;6.3
592;4;56;33.877;1.21
593;4;56;31.788;15.91
594;4;57;24.856;1.66
595;4;58;11.284;20.09
596;4;58;10.316;2.88
597;4;59;8.647;11.6
598;4;59;10.674;20.3
599;5;6;51.088;24.09
600;5;6;58.455;14.64
601;5;7;50.384;10.15
602;5;7;54.494;21.62
603;5;7;42.406;0.95
604;5;8;53.504;19.35
605;5;8;59.03;5.87
606;5;9;60.469;24.78
607;5;10;9.76;15.03
608;5;10;11.367;22.94
609;5;11;45.108;21.87
610;5;12;73.587;18.64
611;5;13;18.721;4.15
612;5;13;16.518;23.7
613;5;13;21.993;4.34
614;5;14;47.972;3.55
615;5;15;35.398;20.82
616;5;16;45.512;17.73
617;5;17;103.777;14.08
618;5;18;45.992;24.74
619;5;18;37.048;7.13
620;5;19;84.661;14.66
621;5;19;81.258;9.34
622;5;19;83.48;18.49
623;5;20;48.832;13.11
624;5;20;45.29;3.79
625;5;21;44.149;9.77
626;5;21;35.862;11.81
627;5;21;37.776;8.49
628;5;22;45.992;18.8
629;5;23;60.087;7.15
630;5;23;46.865;0.04
631;5;23;45.831;9.64
632;5;24;49.364;12.89
633;5;24;49.096;23.21
634;5;24;57.698;3.82
635;5;25;44.999;9.94
636;5;26;57.108;7.02
637;5;27;32.067;18.68
638;5;27;27.212;4.56
639;5;28;35.025;21.49
640;5;29;46.414;9.5
641;5;30;14.458;6.52
642;5;31;94.2;12.92
643;5;31;73.329;1.89
644;5;32;80.908;13.32
645;5;32;65.316;15.21
646;5;32;90.176;9.32
647;5;33;107.715;24.77
648;5;33;131.856;13.16
649;5;34;42.419;22.46
650;5;35;66.208;12.77
651;5;36;102.722;4.51
652;5;37;59.458;23.34
653;5;37;69.155;5.67
654;5;37;49.639;6.72
655;5;38;117.851;6.18
656;5;38;123.33;10.19
657;5;39;55.097;6.45
658;5;40;11.933;0.26
659;5;40;10.878;9.85
660;5;41;53.875;10.95
661;5;42;8.742;22.34
662;5;43;43.017;0.14
663;5;43;45.368;12.89
664;5;43;34.115;24.81
665;5;44;2.288;17.71
666;5;45;35.811;3.36
667;5;45;29.282;17.41
668;5;46;10.592;18.34
669;5;46;11.143;18.47
670;5;46;12.226;19.19
671;5;47;50.197;5.77
672;5;47;53.169;8.03
673;5;48;40.279;4.95
674;5;48;32.056;15.0
675;5;49;48.153;1.62
676;5;49;57.999;3.91
677;5;49;44.593;14.46
678;5;50;50.429;12.86
679;5;51;88.145;18.34
680;5;52;51.935;13.72
681;5;52;49.902;16.8
682;5;53;56.245;11.99
683;5;53;48.45;17.53
684;5;54;43.814;24.16
685;5;54;53.345;8.41
686;5;55;43.519;1.11
687;5;55;53.704;6.6
688;5;55;38.546;7.08
689;5;56;3.916;0.05
690;5;56;4.352;5.12
691;5;57;61.544;5.6
692;5;57;54.215;11.05
693;5;57;75.99;16.84
694;5;58;47.294;10.53
695;5;58;43.599;11.83
696;5;58;47.785;18.09
697;5;59;28.285;22.8
698;5;59;26.059;9.7
699;5;59;21.936;22.36
700;6;7;20.74;0.18
701;6;8;9.238;17.53
702;6;8;8.097;11.45
703;6;8;7.817;9.34
704;6;9;24.601;0.16
705;6;10;48.521;4.52
706;6;10;58.209;12.94
707;6;10;53.059;15.18
708;6;11;21.053;17.07
709;6;12;37.998;18.85
710;6;12;28.543;20.8
711;6;12;31.742;10.52
712;6;13;48.824;4.56
713;6;14;3.134;7.91
714;6;15;20.413;24.97
715;6;16;18.125;9.68
716;6;16;15.112;21.78
717;6;17;65.94;12.84
718;6;17;55.76;20.42
719;6;18;18.66;13.4
720;6;19;42.679;3.93
721;6;19;33.93;24.04
722;6;19;41.7;14.23
723;6;20;3.827;13.14
724;6;21;9.569;7.51
725;6;21;10.303;14.56
726;6;22;18.66;24.16
727;6;23;27.199;20.36
728;6;23;32.995;6.7
729;6;23;31.716;15.38
730;6;24;23.447;20.6
731;6;24;22.884;13.66
732;6;24;18.189;21.78
733;6;25;13.515;7.82
734;6;25;11.423;24.51
735;6;25;10.244;13.44
736;6;26;28.717;13.94
737;6;27;23.466;15.86
738;6;27;20.963;21.32
739;6;27;23.308;3.63
740;6;28;31.014;18.63
741;6;28;37.524;19.54
742;6;29;19.813;6.61
743;6;30;39.813;4.78
744;6;30;32.943;10.13
745;6;31;46.911;22.87
746;6;31;52.548;0.27
747;6;32;43.031;11.05
748;6;32;36.609;5.89
749;6;32;36.438;13.67
750;6;33;65.123;20.19
751;6;33;59.498;8.16
752;6;33;75.644;1.9
753;6;34;17.643;21.53
754;6;35;29.071;6.88
755;6;35;33.355;19.57
756;6;36;63.137;11.09
757;6;36;54.177;8.59
758;6;37;10.896;20.95
759;6;38;74.737;10.43
760;6;38;84.876;7.94
761;6;39;6.439;12.46
762;6;39;6.524;9.16
763;6;39;7.665;5.24
764;6;40;42.953;1.3
765;6;40;37.776;11.9
766;6;40;45.918;5.95
767;6;41;23.327;13.28
768;6;41;23.397;17.41
769;6;42;48.466;24.91
770;6;43;10.054;16.72
771;6;43;11.632;13.12
772;6;43;9.708;12.74
773;6;44;53.226;17.98
774;6;44;46.579;21.81
775;6;44;54.361;17.98
776;6;45;16.387;14.69
777;6;45;13.92;23.39
778;6;45;15.265;4.54
779;6;46;48.137;6.04
780;6;46;50.606;20.32
781;6;47;23.863;19.1
782;6;48;31.379;8.0
783;6;48;35.205;8.1
784;6;49;3.584;6.28
785;6;49;4.172;17.47
786;6;50;21.925;15.55
787;6;51;44.586;20.18
788;6;51;55.58;3.26
789;6;52;7.038;13.91
790;6;52;6.596;16.33
791;6;52;5.346;19.79
792;6;53;12.194;14.44
793;6;53;11.084;10.4
794;6;54;20.307;5.96
795;6;55;8.224;19.01
796;6;56;49.77;15.12
797;6;56;60.042;20.69
798;6;57;28.076;11.66
799;6;57;33.491;11.06
800;6;57;26.054;7.86
801;6;58;27.111;17.86
802;6;59;30.107;16.27
803;7;8;29.967;3.75
804;7;8;34.044;24.0
805;7;9;10.085;9.74
806;7;9;8.386;14.79
807;7;10;51.814;22.23
808;7;10;46.993;10.45
809;7;10;57.097;23.87
810;7;11;5.307;20.48
811;7;11;5.109;20.73
812;7;11;4.997;2.01
813;7;12;23.888;2.32
814;7;13;40.599;17.18
815;7;13;33.355;1.6
816;7;13;42.274;24.39
817;7;14;20.552;13.92
818;7;14;18.486;13.71
819;7;14;18.136;8.2
820;7;15;15.606;3.41
821;7;15;11.911;11.68
822;7;16;5.468;6.47
823;7;17;85.65;8.26
824;7;17;71.085;14.99
825;7;18;4.777;18.8
826;7;18;5.111;8.69
827;7;19;62.08;19.44
828;7;19;53.162;20.98
829;7;20;23.312;4.54
830;7;20;28.193;11.71
831;7;20;25.896;20.84
832;7;21;14.254;11.89
833;7;22;4.777;11.36
834;7;22;3.606;6.98
835;7;23;10.181;7.58
836;7;23;10.627;11.26
837;7;24;3.09;6.09
838;7;24;3.693;10.29
839;7;24;2.749;23.13
840;7;25;9.29;13.34
841;7;25;10.165;9.55
842;7;26;48.924;14.5
843;7;27;18.534;2.65
844;7;27;22.456;20.26
845;7;27;22.091;7.1
846;7;28;18.056;17.0
847;7;28;18.936;23.51
848;7;29;4.023;11.31
849;7;30;44.188;17.97
850;7;30;52.84;20.24
851;7;31;63.438;8.72
852;7;32;30.906;16.83
853;7;33;57.363;3.92
854;7;33;43.996;20.62
855;7;33;59.462;16.23
856;7;34;8.778;17.23
857;7;34;6.89;12.84
858;7;34;8.378;13.75
859;7;35;49.773;11.05
860;7;35;47.13;10.14
861;7;36;52.787;20.33
862;7;36;43.958;11.7
863;7;37;17.99;24.31
864;7;37;19.514;16.99
865;7;38;67.495;14.83
866;7;38;57.535;13.32
867;7;39;26.818;21.51
868;7;39;25.854;13.75
869;7;40;46.711;14.16
870;7;41;3.907;19.16
871;7;42;44.539;24.7
872;7;42;45.772;15.2
873;7;43;25.88;24.74
874;7;43;26.063;20.14
875;7;43;30.279;12.62
876;7;44;52.029;17.89
877;7;44;56.79;7.23
878;7;45;18.595;16.88
879;7;45;17.086;8.24
880;7;45;18.168;21.82
881;7;46;51.773;22.87
882;7;47;3.218;24.93
883;7;48;15.107;19.04
884;7;48;18.796;0.73
885;7;49;22.231;22.8
886;7;49;25.368;0.42
887;7;50;1.197;9.25
888;7;50;1.442;4.28
889;7;51;37.854;6.48
890;7;51;44.814;13.31
891;7;51;32.72;13.78
892;7;52;14.144;23.18
893;7;52;13.921;16.21
894;7;52;15.646;8.8
895;7;53;32.902;14.86
896;7;54;6.581;11.16
897;7;54;6.681;23.71
898;7;54;8.075;16.02
899;7;55;23.28;18.18
900;7;55;25.447;20.96
901;7;56;47.678;4.21
902;7;56;50.34;21.37
903;7;56;37.152;7.4
904;7;57;11.611;8.05
905;7;57;14.285;1.0
906;7;57;10.882;9.24
907;7;58;7.57;12.23
908;7;58;8.569;9.32
909;7;58;7.108;8.95
910;7;59;22.496;18.77
911;7;59;18.96;14.49
912;8;9;33.419;22.3
913;8;10;49.291;14.04
914;8;10;55.404;22.92
915;8;11;29.973;13.95
916;8;12;46.181;13.06
917;8;12;48.682;24.67
918;8;13;54.245;16.43
919;8;13;40.986;11.44
920;8;13;46.962;12.96
921;8;14;9.975;22.09
922;8;15;27.463;0.1
923;8;15;30.176;10.85
924;8;15;30.577;23.56
925;8;16;27.071;9.79
926;8;16;24.891;10.23
927;8;16;30.385;12.29
928;8;17;57.641;14.91
929;8;17;60.885;16.0
930;8;18;27.657;12.57
931;8;18;26.285;8.63
932;8;18;21.746;6.37
933;8;19;34.854;14.34
934;8;19;38.875;1.34
935;8;19;29.531;6.09
936;8;20;7.264;19.08
937;8;21;17.667;8.31
938;8;22;27.657;11.48
939;8;22;23.865;11.45
940;8;22;31.406;15.88
941;8;23;36.182;15.09
942;8;24;32.631;11.32
943;8;25;22.291;7.21
944;8;26;19.858;19.79
945;8;26;23.12;7.94
946;8;26;24.237;17.63
947;8;27;29.991;6.6
948;8;28;38.752;5.72
949;8;28;47.267;12.27
950;8;29;28.847;18.39
951;8;29;33.395;0.89
952;8;29;35.022;22.36
953;8;30;40.666;24.41
954;8;30;31.198;23.28
955;8;30;48.374;19.13
956;8;31;41.27;22.09
957;8;31;46.802;17.97
958;8;32;50.588;14.39
959;8;32;62.351;10.09
960;8;33;70.732;21.64
961;8;34;26.148;5.2
962;8;35;19.964;5.07
963;8;35;17.056;18.77
964;8;36;69.654;0.53
965;8;37;17.743;24.16
966;8;37;18.336;22.12
967;8;37;20.305;21.28
968;8;38;79.963;7.97
969;8;38;63.927;5.31
970;8;38;80.976;4.29
971;8;39;4.41;13.92
972;8;39;5.44;0.0
973;8;40;43.859;8.14
974;8;40;54.304;12.93
975;8;41;32.548;11.82
976;8;41;24.516;9.11
977;8;41;25.689;7.86
978;8;42;52.326;15.97
979;8;42;52.602;10.77
980;8;42;41.819;21.02
981;8;43;10.686;9.65
982;8;44;55.748;23.9
983;8;44;54.793;10.01
984;8;45;22.25;5.15
985;8;45;17.206;22.76
986;8;45;27.369;2.11
987;8;46;48.768;23.54
988;8;46;52.687;15.95
989;8;47;33.071;17.98
990;8;48;39.788;16.02
991;8;48;30.377;16.22
992;8;48;44.648;23.02
993;8;49;8.465;14.67
994;8;49;9.189;11.18
995;8;50;31.148;3.64
996;8;51;50.533;22.71
997;8;52;16.17;22.52
998;8;52;15.739;15.8
999;8;52;12.742;9.07
1000;8;53;3.37;3.28
1001;8;54;29.083;20.82
1002;8;54;28.665;7.59
1003;8;55;11.144;1.12
1004;8;55;13.05;24.07
1005;8;55;11.722;16.3
1006;8;56;52.831;21.89
1007;8;56;50.492;19.07
1008;8;56;63.934;11.58
1009;8;57;36.971;7.06
1010;8;57;37.769;24.65
1011;8;57;42.939;12.15
1012;8;58;36.161;22.3
1013;8;59;36.549;2.22
1014;8;59;39.52;1.78
1015;8;59;43.089;16.07
1016;9;10;61.754;21.28
1017;9;11;15.372;10.87
1018;9;11;15.99;24.52
1019;9;11;16.037;20.09
1020;9;12;14.501;11.25
1021;9;13;50.168;14.04
1022;9;14;25.644;2.99
1023;9;14;22.405;12.36
1024;9;15;25.526;6.16
1025;9;15;20.485;12.12
1026;9;15;28.368;20.16
1027;9;16;15.208;14.57
1028;9;16;18.202;16.82
1029;9;17;85.235;0.64
1030;9;18;14.627;3.9
1031;9;18;17.265;4.13
1032;9;19;61.687;13.19
1033;9;19;51.582;16.96
1034;9;19;62.121;9.73
1035;9;20;28.044;5.79
1036;9;21;21.551;22.69
1037;9;21;24.7;17.65
1038;9;22;14.627;9.56
1039;9;22;11.954;2.65
1040;9;22;15.334;19.1
1041;9;23;3.361;0.04
1042;9;23;4.0;19.64
1043;9;23;3.327;19.87
1044;9;24;11.546;12.63
1045;9;24;12.368;22.51
1046;9;24;10.711;11.61
1047;9;25;17.568;14.5
1048;9;25;13.39;23.99
1049;9;25;14.456;21.53
1050;9;26;53.228;3.37
1051;9;27;28.573;18.56
1052;9;28;27.476;13.16
1053;9;29;14.075;20.8
1054;9;29;13.008;14.48
1055;9;30;53.966;6.04
1056;9;30;60.684;18.14
1057;9;31;60.565;16.83
1058;9;31;66.54;22.93
1059;9;31;53.757;21.07
1060;9;32;21.106;5.88
1061;9;32;23.258;23.72
1062;9;32;16.812;1.86
1063;9;33;47.29;0.74
1064;9;34;18.504;17.38
1065;9;34;18.479;22.08
1066;9;34;19.352;3.13
1067;9;35;52.053;0.69
1068;9;35;60.49;1.07
1069;9;35;40.939;15.81
1070;9;36;42.91;1.22
1071;9;36;37.177;18.49
1072;9;37;17.085;1.06
1073;9;37;15.184;9.2
1074;9;37;14.094;11.27
1075;9;38;57.419;11.06
1076;9;38;43.598;5.61
1077;9;39;29.451;20.0
1078;9;39;31.487;14.11
1079;9;39;32.369;11.72
1080;9;40;56.576;10.8
1081;9;41;6.858;13.22
1082;9;41;5.992;8.47
1083;9;41;6.922;8.01
1084;9;42;54.542;13.43
1085;9;42;53.479;21.05
1086;9;42;52.601;22.65
1087;9;43;32.326;5.37
1088;9;43;25.851;24.51
1089;9;44;62.109;21.2
1090;9;45;27.729;19.3
1091;9;45;23.76;8.51
1092;9;45;28.716;21.08
1093;9;46;61.686;5.84
1094;9;46;50.692;8.86
1095;9;46;70.674;4.33
1096;9;47;10.847;6.52
1097;9;47;11.367;9.7
1098;9;47;11.905;23.88
1099;9;48;23.627;7.87
1100;9;48;29.254;18.35
1101;9;48;18.127;3.39
1102;9;49;27.211;6.23
1103;9;49;30.302;0.99
1104;9;50;10.121;23.02
1105;9;50;8.786;2.97
1106;9;51;27.834;17.56
1107;9;51;22.142;19.42
1108;9;51;31.635;1.86
1109;9;52;17.639;10.68
1110;9;52;21.949;10.74
1111;9;52;19.203;9.34
1112;9;53;35.754;21.95
1113;9;53;34.716;20.77
1114;9;54;16.661;5.6
1115;9;54;14.056;3.74
1116;9;54;13.444;2.1
1117;9;55;29.711;22.45
1118;9;56;57.747;13.28
1119;9;56;67.963;9.41
1120;9;56;47.692;4.77
1121;9;57;3.632;13.53
1122;9;58;15.178;16.73
1123;9;59;32.509;18.9
1124;10;11;46.758;2.4
1125;10;11;43.919;22.39
1126;10;12;75.617;21.05
1127;10;12;83.977;19.94
1128;10;12;87.284;0.09
1129;10;13;27.076;10.92
1130;10;13;25.939;9.0
1131;10;14;45.399;1.54
1132;10;14;43.235;4.76
1133;10;14;38.278;14.76
1134;10;15;36.232;0.56
1135;10;15;34.291;1.23
1136;10;16;46.546;22.62
1137;10;17;96.25;14.07
1138;10;17;104.714;21.46
1139;10;17;110.171;22.92
1140;10;18;47.138;0.68
1141;10;18;51.778;3.07
1142;10;19;78.233;17.01
1143;10;19;92.035;9.19
1144;10;19;75.987;20.57
1145;10;20;45.714;0.39
1146;10;20;49.0;19.48
1147;10;20;56.001;12.73
1148;10;21;43.076;20.05
1149;10;21;42.388;14.25
1150;10;21;42.477;14.68
1151;10;22;47.138;5.16
1152;10;22;38.125;3.43
1153;10;22;58.054;1.12
1154;10;23;61.902;18.17
1155;10;23;51.261;9.68
1156;10;23;69.366;9.34
1157;10;24;51.362;8.78
1158;10;24;60.189;22.54
1159;10;24;44.484;0.48
1160;10;25;45.011;21.48
1161;10;25;51.358;3.51
1162;10;26;49.934;15.36
1163;10;27;33.346;6.58
1164;10;27;29.48;2.92
1165;10;28;38.857;13.97
1166;10;29;47.793;23.3
1167;10;29;36.463;17.61
1168;10;29;56.412;4.83
1169;10;30;8.722;11.28
1170;10;31;88.825;2.95
1171;10;32;82.719;15.97
1172;10;32;66.266;20.27
1173;10;32;83.172;24.03
1174;10;33;108.905;15.99
1175;10;34;43.259;12.74
1176;10;34;43.901;23.43
1177;10;35;59.672;20.88
1178;10;35;71.009;10.73
1179;10;35;55.523;8.77
1180;10;36;104.601;23.1
1181;10;37;57.987;15.01
1182;10;37;48.399;6.55
1183;10;37;53.087;18.27
1184;10;38;118.997;15.09
1185;10;38;104.539;17.37
1186;10;39;51.562;5.86
1187;10;39;46.048;1.05
1188;10;39;59.647;12.16
1189;10;40;5.569;22.93
1190;10;40;6.27;15.03
1191;10;41;55.565;12.91
1192;10;41;56.724;23.3
1193;10;42;17.231;23.51
1194;10;42;19.828;5.23
1195;10;42;19.647;6.55
1196;10;43;39.399;24.78
1197;10;43;41.809;13.35
1198;10;43;33.696;21.22
1199;10;44;11.417;3.97
1200;10;44;13.296;18.8
1201;10;45;34.992;18.44
1202;10;45;39.916;11.32
1203;10;46;0.866;6.01
1204;10;46;0.72;3.75
1205;10;47;52.231;14.4
1206;10;47;41.584;5.25
1207;10;48;44.173;23.6
1208;10;48;54.916;3.72
1209;10;48;39.297;22.81
1210;10;49;45.243;11.36
1211;10;49;52.615;13.35
1212;10;49;56.268;18.8
1213;10;50;52.082;23.39
1214;10;50;47.946;12.93
1215;10;50;52.258;14.32
1216;10;51;88.799;3.84
1217;10;51;84.012;5.28
1218;10;52;50.669;20.28
1219;10;52;62.967;24.36
1220;10;53;51.67;4.32
1221;10;53;60.163;18.69
1222;10;53;46.976;3.88
1223;10;54;45.302;9.42
1224;10;54;46.092;19.12
1225;10;55;40.455;24.93
1226;10;55;48.449;20.5
1227;10;56;12.926;1.09
1228;10;56;11.058;20.62
1229;10;57;63.356;4.49
1230;10;57;77.132;19.94
1231;10;58;50.094;8.0
1232;10;58;46.908;17.4
1233;10;58;41.773;15.95
1234;10;59;31.387;14.38
1235;10;59;35.134;2.79
1236;10;59;36.651;17.64
1237;11;12;28.859;3.23
1238;11;12;28.776;7.83
1239;11;12;24.53;15.3
1240;11;13;35.483;12.81
1241;11;13;30.953;12.22
1242;11;13;35.061;8.09
1243;11;14;20.072;8.52
1244;11;14;15.086;1.11
1245;11;15;10.748;0.72
1246;11;16;2.93;5.34
1247;11;17;86.899;13.73
1248;11;17;73.139;15.64
1249;11;17;75.296;17.77
1250;11;18;2.493;6.2
1251;11;19;63.49;22.54
1252;11;20;22.87;1.11
1253;11;20;24.228;19.16
1254;11;20;19.621;7.97
1255;11;21;12.704;21.43
1256;11;21;12.224;6.95
1257;11;22;2.493;15.93
1258;11;22;2.867;1.43
1259;11;23;15.151;8.5
1260;11;23;18.042;2.76
1261;11;24;4.784;16.84
1262;11;24;4.548;19.49
1263;11;24;3.734;19.74
1264;11;25;7.711;13.85
1265;11;25;7.915;1.28
1266;11;26;47.93;16.35
1267;11;27;13.413;23.58
1268;11;27;13.979;13.7
1269;11;27;13.438;6.67
1270;11;28;13.189;3.57
1271;11;29;1.755;10.86
1272;11;29;1.676;3.2
1273;11;29;1.848;2.32
1274;11;30;39.311;20.13
1275;11;31;66.028;22.83
1276;11;31;72.812;2.27
1277;11;31;53.993;12.39
1278;11;32;36.006;6.08
1279;11;32;42.228;14.72
1280;11;32;42.077;17.63
1281;11;33;62.614;8.28
1282;11;34;4.84;4.85
1283;11;34;3.782;11.67
1284;11;35;49.936;19.56
1285;11;35;62.316;5.32
1286;11;35;54.747;9.12
1287;11;36;57.892;1.57
1288;11;36;55.93;3.62
1289;11;36;48.252;4.78
1290;11;37;20.993;19.82
1291;11;38;72.749;13.47
1292;11;38;77.09;18.97
1293;11;39;27.449;17.88
1294;11;40;41.742;2.97
1295;11;41;8.83;7.45
1296;11;41;11.019;5.04
1297;11;42;39.235;13.77
1298;11;43;24.083;0.01
1299;11;43;22.223;17.79
1300;11;44;46.738;3.31
1301;11;45;14.722;0.37
1302;11;45;16.802;6.81
1303;11;45;16.783;10.34
1304;11;46;46.746;7.64
1305;11;46;49.877;22.26
1306;11;46;50.169;15.44
1307;11;47;5.652;5.48
1308;11;47;4.886;14.37
1309;11;48;11.204;0.06
1310;11;49;21.696;9.96
1311;11;49;25.42;18.78
1312;11;49;16.984;1.84
1313;11;50;5.349;3.7
1314;11;51;43.161;24.04
1315;11;51;38.011;24.5
1316;11;51;53.522;7.0
1317;11;52;15.474;3.27
1318;11;52;14.245;6.02
1319;11;52;12.992;12.14
1320;11;53;33.145;17.7
1321;11;54;1.576;2.71
1322;11;55;21.631;2.92
1323;11;55;19.651;6.97
1324;11;56;42.377;13.29
1325;11;57;16.609;21.29
1326;11;57;20.65;24.14
1327;11;58;6.364;16.88
1328;11;59;17.194;0.64
1329;12;13;61.384;12.14
1330;12;13;57.868;10.3
1331;12;13;48.075;11.55
1332;12;14;39.493;4.43
1333;12;15;39.479;14.64
1334;12;16;29.303;20.84
1335;12;17;93.102;8.12
1336;12;17;114.289;16.0
1337;12;18;28.647;13.9
1338;12;19;70.123;11.87
1339;12;19;84.539;18.91
1340;12;20;41.666;11.72
1341;12;21;36.011;14.8
1342;12;21;39.382;4.92
1343;12;21;44.158;3.25
1344;12;22;28.647;9.91
1345;12;23;13.725;9.86
1346;12;24;24.314;18.11
1347;12;24;28.503;17.78
1348;12;25;32.05;20.68
1349;12;25;35.913;12.33
1350;12;25;35.957;8.17
1351;12;26;65.986;6.58
1352;12;27;42.272;4.86
1353;12;27;39.563;10.74
1354;12;27;43.273;13.81
1355;12;28;39.149;11.39
1356;12;28;48.729;20.44
1357;12;28;48.186;16.44
1358;12;29;27.879;18.3
1359;12;29;30.609;17.1
1360;12;29;33.462;5.19
1361;12;30;68.074;11.94
1362;12;30;63.232;19.63
1363;12;31;66.005;22.53
1364;12;31;81.285;9.86
1365;12;32;7.444;4.98
1366;12;32;9.268;15.96
1367;12;32;6.142;2.52
1368;12;33;34.657;14.67
1369;12;33;37.872;3.16
1370;12;33;39.429;24.92
1371;12;34;32.631;4.19
1372;12;34;37.022;13.93
1373;12;34;36.515;9.12
1374;12;35;63.342;12.81
1375;12;35;51.379;19.63
1376;12;35;56.104;0.55
1377;12;36;29.136;19.05
1378;12;36;23.515;9.15
1379;12;37;28.594;12.04
1380;12;37;24.517;6.6
1381;12;37;26.378;13.13
1382;12;38;44.72;2.22
1383;12;38;49.421;10.46
1384;12;39;41.918;16.74
1385;12;40;70.574;9.21
1386;12;40;55.545;8.73
1387;12;40;76.507;19.2
1388;12;41;20.066;12.49
1389;12;41;16.55;16.03
1390;12;41;23.726;22.2
1391;12;42;67.007;0.04
1392;12;43;46.477;22.48
1393;12;44;75.07;9.04
1394;12;45;42.145;8.58
1395;12;45;32.14;20.59
1396;12;46;75.602;9.17
1397;12;46;80.458;12.23
1398;12;47;23.458;8.76
1399;12;47;21.926;4.23
1400;12;48;34.38;17.38
1401;12;48;27.847;7.01
1402;12;49;40.964;10.71
1403;12;49;47.474;18.78
1404;12;49;49.975;10.94
1405;12;50;23.543;19.77
1406;12;50;22.7;4.99
1407;12;50;25.634;23.19
1408;12;51;18.077;1.55
1409;12;52;31.358;12.15
1410;12;52;34.889;3.96
1411;12;53;48.04;2.83
1412;12;53;44.056;17.01
1413;12;54;30.323;5.4
1414;12;54;35.894;23.05
1415;12;54;34.153;21.37
1416;12;55;43.896;2.08
1417;12;55;49.358;24.0
1418;12;56;70.601;24.53
1419;12;57;12.281;5.02
1420;12;57;12.456;17.52
1421;12;58;26.448;18.08
1422;12;58;21.385;5.19
1423;12;59;45.309;20.24
1424;12;59;52.52;10.42
1425;13;14;46.063;21.97
1426;13;14;51.644;1.48
1427;13;15;28.971;24.05
1428;13;16;37.002;10.05
1429;13;16;44.87;22.91
1430;13;17;109.833;10.85
1431;13;17;116.064;21.56
1432;13;18;37.21;11.83
1433;13;18;30.381;9.27
1434;13;18;37.8;6.34
1435;13;19;88.461;14.87
1436;13;19;90.852;14.33
1437;13;20;47.882;17.69
1438;13;20;59.138;23.49
1439;13;21;39.848;0.68
1440;13;22;37.21;20.95
1441;13;22;42.63;19.55
1442;13;23;48.874;0.47
1443;13;24;38.631;20.1
1444;13;24;40.318;13.16
1445;13;24;41.941;23.2
1446;13;25;38.502;16.54
1447;13;26;63.856;13.94
1448;13;26;73.152;1.44
1449;13;27;25.585;9.39
1450;13;28;22.692;15.34
1451;13;28;27.269;2.33
1452;13;28;22.199;15.68
1453;13;29;37.142;23.45
1454;13;30;26.588;0.2
1455;13;31;95.326;3.09
1456;13;31;101.985;17.26
1457;13;32;68.826;16.61
1458;13;32;75.059;12.71
1459;13;33;96.041;7.81
1460;13;33;73.768;24.61
1461;13;34;34.699;13.77
1462;13;35;70.996;4.62
1463;13;36;90.045;23.37
1464;13;36;109.395;20.1
1465;13;36;98.84;1.7
1466;13;37;54.329;0.3
1467;13;38;106.092;16.75
1468;13;38;82.464;23.07
1469;13;39;54.347;5.47
1470;13;39;46.443;24.48
1471;13;40;26.022;9.27
1472;13;40;27.545;0.05
1473;13;40;23.915;1.9
1474;13;41;43.312;16.36
1475;13;41;36.848;7.16
1476;13;41;53.668;19.83
1477;13;42;10.032;11.14
1478;13;42;9.882;18.66
1479;13;42;8.817;17.77
1480;13;43;43.764;3.58
1481;13;43;39.874;21.61
1482;13;44;18.71;19.91
1483;13;44;22.069;20.22
1484;13;45;32.493;3.09
1485;13;45;35.909;21.85
1486;13;46;27.723;5.99
1487;13;46;25.778;22.04
1488;13;46;30.102;16.9
1489;13;47;39.322;13.39
1490;13;47;46.185;21.54
1491;13;48;27.034;14.11
1492;13;48;20.94;11.28
1493;13;48;29.539;3.35
1494;13;49;46.875;24.06
1495;13;49;51.348;14.18
1496;13;50;40.228;19.97
1497;13;51;77.783;5.43
1498;13;51;78.275;12.76
1499;13;51;93.35;11.72
1500;13;52;47.073;1.91
1501;13;53;57.482;4.58
1502;13;53;70.675;23.59
1503;13;53;67.151;4.32
1504;13;54;34.657;15.97
1505;13;54;33.238;17.73
1506;13;54;26.153;18.35
1507;13;55;43.128;10.44
1508;13;56;14.818;2.91
1509;13;56;16.826;7.68
1510;13;57;50.254;13.33
1511;13;58;35.297;12.84
1512;13;58;34.915;2.18
1513;13;59;19.222;7.68
1514;13;59;15.746;3.42
1515;14;15;18.034;23.08
1516;14;16;17.198;16.03
1517;14;16;16.358;0.83
1518;14;16;16.553;24.85
1519;14;17;67.493;9.71
1520;14;17;66.538;3.92
1521;14;18;17.815;16.77
1522;14;19;44.461;3.38
1523;14;19;38.197;17.46
1524;14;20;2.805;7.16
1525;14;20;3.443;7.49
1526;14;20;3.387;15.48
1527;14;21;7.708;11.61
1528;14;21;6.737;12.06
1529;14;21;9.383;7.91
1530;14;22;17.815;11.12
1531;14;23;27.982;6.9
1532;14;23;22.652;24.38
1533;14;23;24.575;5.55
1534;14;24;23.02;24.86
1535;14;24;26.677;23.52
1536;14;25;12.365;20.91
1537;14;25;15.134;5.3
1538;14;26;28.38;10.41
1539;14;27;20.912;19.49
1540;14;28;29.019;22.81
1541;14;28;30.044;21.49
1542;14;28;32.416;9.75
1543;14;29;19.032;23.73
1544;14;29;23.725;8.9
1545;14;29;23.365;10.44
1546;14;30;36.695;10.24
1547;14;30;32.69;10.53
1548;14;30;44.868;11.83
1549;14;31;49.42;1.88
1550;14;31;48.79;4.41
1551;14;31;50.195;8.02
1552;14;32;44.869;2.22
1553;14;33;67.603;7.27
1554;14;33;61.608;11.87
1555;14;34;16.173;22.67
1556;14;34;13.935;5.72
1557;14;34;14.716;22.33
1558;14;35;29.895;18.94
1559;14;35;28.329;23.06
1560;14;35;30.446;8.33
1561;14;36;65.343;0.43
1562;14;36;81.515;18.08
1563;14;37;13.514;15.66
1564;14;38;77.298;22.95
1565;14;39;8.447;1.12
1566;14;39;7.011;6.18
1567;14;39;6.967;5.09
1568;14;40;39.831;14.51
1569;14;40;39.35;0.98
1570;14;40;49.049;15.75
1571;14;41;23.529;16.55
1572;14;42;45.454;10.1
1573;14;42;43.811;0.37
1574;14;43;7.406;6.89
1575;14;43;5.905;17.96
1576;14;43;8.508;10.48
1577;14;44;50.115;9.19
1578;14;44;61.042;2.28
1579;14;45;13.57;2.25
1580;14;45;10.451;18.86
1581;14;46;45.02;17.89
1582;14;46;36.736;11.91
1583;14;46;49.853;8.23
1584;14;47;23.534;17.75
1585;14;47;26.009;15.27
1586;14;48;29.834;3.6
1587;14;49;1.678;9.31
1588;14;49;1.512;17.43
1589;14;50;21.699;14.09
1590;14;50;25.488;12.83
1591;14;51;47.031;18.35
1592;14;51;52.402;12.08
1593;14;52;8.136;7.69
1594;14;52;7.521;12.82
1595;14;53;13.258;7.82
1596;14;54;19.131;17.83
1597;14;54;23.701;17.11
1598;14;55;5.264;15.32
1599;14;55;4.514;3.66
1600;14;56;46.687;2.43
1601;14;57;28.979;21.1
1602;14;58;26.329;15.46
1603;14;58;24.912;20.81
1604;14;59;27.562;20.0
1605;15;16;10.322;8.44
1606;15;16;12.613;9.83
1607;15;16;12.697;22.43
1608;15;17;85.017;3.79
1609;15;17;81.053;6.49
1610;15;17;100.897;13.29
1611;15;18;10.906;2.83
1612;15;18;12.757;2.71
1613;15;18;11.879;3.73
1614;15;19;62.303;12.94
1615;15;20;20.363;8.96
1616;15;21;11.015;20.05
1617;15;21;10.746;13.8
1618;15;22;10.906;0.38
1619;15;22;8.298;2.89
1620;15;23;25.756;11.99
1621;15;24;15.512;17.12
1622;15;24;19.32;4.14
1623;15;24;15.497;10.38
1624;15;25;9.857;2.15
1625;15;26;42.406;20.34
1626;15;27;3.511;5.94
1627;15;28;11.562;22.95
1628;15;29;11.6;24.53
1629;15;29;9.091;20.81
1630;15;29;13.291;3.11
1631;15;30;28.603;8.06
1632;15;30;32.97;3.18
1633;15;30;26.332;15.61
1634;15;31;67.324;22.44
1635;15;31;83.708;22.2
1636;15;32;46.506;8.53
1637;15;32;53.18;12.72
1638;15;32;40.878;12.6
1639;15;33;72.753;13.95
1640;15;33;60.305;17.91
1641;15;34;7.079;12.67
1642;15;34;8.349;12.0
1643;15;35;46.588;21.93
1644;15;36;68.379;16.26
1645;15;37;25.458;6.04
1646;15;37;21.093;22.58
1647;15;37;21.076;13.76
1648;15;38;82.867;17.18
1649;15;38;89.133;18.7
1650;15;39;26.476;13.34
1651;15;40;31.105;15.15
1652;15;40;26.094;14.63
1653;15;40;25.908;10.4
1654;15;41;19.418;16.63
1655;15;41;17.284;4.39
1656;15;41;14.566;3.95
1657;15;42;30.541;1.04
1658;15;42;25.022;16.47
1659;15;42;25.564;5.0
1660;15;43;18.528;6.71
1661;15;44;37.204;15.66
1662;15;44;35.238;9.58
1663;15;44;42.415;17.27
1664;15;45;6.045;2.42
1665;15;45;4.593;11.39
1666;15;45;7.306;14.26
1667;15;46;36.177;3.78
1668;15;46;27.203;0.91
1669;15;46;34.843;7.19
1670;15;47;16.386;18.82
1671;15;47;15.241;0.07
1672;15;47;12.892;15.94
1673;15;48;14.133;20.97
1674;15;48;13.595;20.22
1675;15;49;19.211;19.49
1676;15;50;15.957;9.83
1677;15;50;17.88;13.77
1678;15;50;15.023;9.65
1679;15;51;52.865;0.36
1680;15;51;65.834;9.66
1681;15;51;50.19;18.47
1682;15;52;18.112;13.98
1683;15;53;30.833;6.45
1684;15;53;33.94;14.61
1685;15;53;28.201;3.32
1686;15;54;9.212;5.64
1687;15;54;9.638;16.0
1688;15;55;16.784;7.97
1689;15;55;15.49;4.49
1690;15;55;17.157;13.6
1691;15;56;33.05;10.05
1692;15;56;25.232;20.13
1693;15;56;25.132;8.69
1694;15;57;27.199;18.66
1695;15;58;15.536;14.21
1696;15;58;13.023;2.88
1697;15;59;9.829;12.85
1698;15;59;10.16;1.22
1699;15;59;9.605;18.11
1700;16;17;83.972;6.72
1701;16;17;103.151;21.36
1702;16;17;81.15;10.66
1703;16;18;0.76;0.48
1704;16;18;0.613;2.06
1705;16;19;60.572;23.36
1706;16;19;48.108;7.51
1707;16;19;48.006;15.59
1708;16;20;20.0;8.71
1709;16;20;24.406;16.2
1710;16;21;9.969;15.99
1711;16;21;11.986;9.97
1712;16;21;12.188;7.18
1713;16;22;0.76;23.36
1714;16;22;0.757;4.22
1715;16;23;15.628;24.65
1716;16;23;17.199;3.95
1717;16;23;17.367;3.53
1718;16;24;6.494;4.78
1719;16;24;5.974;8.38
1720;16;24;6.902;10.39
1721;16;25;4.879;8.91
1722;16;26;45.195;10.79
1723;16;26;56.31;6.0
1724;16;26;54.325;8.32
1725;16;27;13.464;19.65
1726;16;27;16.091;22.42
1727;16;28;15.254;6.01
1728;16;28;17.841;12.19
1729;16;29;1.983;13.18
1730;16;29;1.768;6.47
1731;16;30;38.807;9.65
1732;16;30;29.871;19.51
1733;16;31;63.257;16.23
1734;16;31;49.173;7.02
1735;16;31;52.24;1.04
1736;16;32;36.234;16.56
1737;16;32;42.964;9.75
1738;16;33;62.439;4.32
1739;16;33;66.109;1.14
1740;16;33;56.047;16.12
1741;16;34;3.328;1.75
1742;16;34;2.562;20.34
1743;16;35;47.035;22.77
1744;16;35;46.735;3.77
1745;16;36;58.09;17.09
1746;16;37;18.455;3.56
1747;16;37;16.273;21.0
1748;16;37;22.72;14.36
1749;16;38;72.557;17.92
1750;16;39;24.519;22.67
1751;16;40;41.38;9.82
1752;16;40;41.643;15.84
1753;16;41;9.374;17.3
1754;16;41;7.447;17.91
1755;16;42;40.089;22.02
1756;16;42;42.952;16.39
1757;16;43;21.505;0.75
1758;16;43;24.331;18.36
1759;16;44;47.239;14.59
1760;16;44;38.673;2.25
1761;16;45;13.165;9.23
1762;16;45;9.972;20.21
1763;16;45;11.393;8.02
1764;16;46;46.48;0.25
1765;16;46;55.904;0.01
1766;16;46;57.5;8.72
1767;16;47;7.248;1.2
1768;16;48;13.896;1.53
1769;16;49;18.835;12.18
1770;16;50;6.106;7.86
1771;16;50;7.607;1.83
1772;16;51;42.64;18.12
1773;16;51;48.269;23.3
1774;16;52;12.617;7.15
1775;16;53;30.23;13.07
1776;16;53;28.64;22.42
1777;16;53;32.328;3.7
1778;16;54;2.593;1.06
1779;16;54;2.694;10.36
1780;16;55;18.998;9.17
1781;16;56;42.971;23.4
1782;16;57;17.044;17.77
1783;16;58;9.141;11.66
1784;16;58;8.027;15.48
1785;16;59;18.196;9.33
1786;17;18;84.45;13.27
1787;17;18;73.146;15.19
1788;17;18;68.803;0.29
1789;17;19;23.616;16.42
1790;17;19;22.347;16.01
1791;17;19;22.349;11.89
1792;17;20;64.881;16.77
1793;17;20;67.032;19.81
1794;17;20;77.118;21.81
1795;17;21;75.189;11.36
1796;17;22;84.45;1.91
1797;17;22;69.126;24.07
1798;17;22;94.248;13.13
1799;17;23;88.556;0.65
1800;17;23;107.512;17.8
1801;17;24;88.638;4.87
1802;17;24;104.277;18.87
1803;17;24;99.736;0.85
1804;17;25;79.454;3.37
1805;17;25;94.191;9.29
1806;17;25;76.411;12.33
1807;17;26;46.711;14.92
1808;17;27;87.307;11.0
1809;17;27;98.628;4.17
1810;17;27;100.214;22.83
1811;17;28;96.388;21.51
1812;17;29;85.535;21.82
1813;17;30;89.327;1.83
1814;17;31;29.586;22.81
1815;17;32;93.798;12.45
1816;17;33;100.386;21.25
1817;17;33;85.812;16.99
1818;17;33;110.465;14.97
1819;17;34;83.549;16.07
1820;17;34;94.601;16.15
1821;17;35;38.888;8.16
1822;17;35;40.543;22.46
1823;17;36;104.258;8.14
1824;17;36;88.587;2.57
1825;17;36;101.656;0.5
1826;17;37;68.519;7.54
1827;17;37;81.107;6.24
1828;17;37;58.575;5.93
1829;17;38;105.798;20.74
1830;17;38;123.254;19.71
1831;17;38;92.602;7.02
1832;17;39;59.503;15.74
1833;17;39;57.37;4.01
1834;17;39;67.061;11.14
1835;17;40;92.061;10.53
1836;17;40;108.327;13.37
1837;17;40;94.666;24.89
1838;17;41;87.17;1.31
1839;17;42;105.558;22.6
1840;17;43;66.937;13.4
1841;17;44;106.029;11.06
1842;17;44;95.725;24.72
1843;17;45;79.501;7.93
1844;17;46;95.462;12.1
1845;17;46;109.691;10.28
1846;17;47;88.868;8.71
1847;17;47;107.778;16.74
1848;17;47;70.65;16.14
1849;17;48;97.279;21.16
1850;17;48;94.173;7.29
1851;17;48;80.183;6.93
1852;17;49;66.075;14.81
1853;17;50;86.837;22.31
1854;17;50;73.878;14.19
1855;17;51;86.607;0.45
1856;17;51;86.014;8.03
1857;17;51;68.905;9.18
1858;17;52;71.655;20.52
1859;17;52;85.032;23.67
1860;17;52;86.099;11.86
1861;17;53;54.287;9.29
1862;17;53;47.343;17.16
1863;17;53;63.47;1.9
1864;17;54;86.233;14.11
1865;17;54;98.998;0.6
1866;17;54;78.44;20.75
1867;17;55;68.305;2.81
1868;17;56;104.517;13.24
1869;17;57;88.751;22.31
1870;17;58;92.705;4.55
1871;17;58;107.487;6.75
1872;17;58;86.842;16.2
1873;17;59;93.673;10.24
1874;18;19;61.024;16.9
1875;18;20;20.62;4.13
1876;18;20;25.224;18.1
1877;18;20;24.435;14.59
1878;18;21;10.664;6.02
1879;18;21;12.862;24.22
1880;18;21;8.956;3.52
1881;18;22;0.0;17.66
1882;18;23;14.954;0.52
1883;18;23;12.835;24.66
1884;18;23;16.027;19.28
1885;18;24;5.739;5.58
1886;18;24;4.77;9.25
1887;18;24;6.962;22.86
1888;18;25;5.552;3.75
1889;18;25;5.392;5.56
1890;18;25;4.239;7.73
1891;18;26;45.875;2.46
1892;18;27;13.977;15.4
1893;18;28;15.269;10.53
1894;18;28;17.308;12.16
1895;18;28;14.787;7.64
1896;18;29;1.253;12.58
1897;18;29;1.014;12.57
1898;18;29;0.986;5.45
1899;18;30;39.442;9.13
1900;18;30;48.815;3.27
1901;18;31;63.546;22.16
1902;18;32;35.612;16.45
1903;18;33;61.891;19.66
1904;18;33;68.542;4.26
1905;18;33;69.971;24.64
1906;18;34;4.002;1.51
1907;18;34;4.793;14.86
1908;18;34;3.245;16.34
1909;18;35;47.619;22.18
1910;18;35;46.653;19.9
1911;18;36;57.478;20.38
1912;18;36;48.469;14.62
1913;18;37;18.593;16.31
1914;18;38;72.013;4.01
1915;18;38;79.237;24.61
1916;18;38;88.684;1.16
1917;18;39;25.033;6.61
1918;18;39;26.587;2.42
1919;18;40;41.994;13.27
1920;18;40;46.305;15.46
1921;18;41;8.673;9.79
1922;18;41;10.7;22.82
1923;18;41;10.376;10.87
1924;18;42;40.469;22.41
1925;18;42;32.114;22.76
1926;18;43;22.227;0.91
1927;18;43;21.327;6.27
1928;18;44;47.699;17.67
1929;18;44;42.3;16.46
1930;18;45;13.901;23.47
1931;18;46;47.081;13.42
1932;18;47;6.489;11.37
1933;18;47;5.225;7.52
1934;18;48;13.646;15.23
1935;18;48;16.001;16.26
1936;18;49;19.461;1.58
1937;18;50;5.368;22.5
1938;18;51;42.153;2.08
1939;18;51;47.245;10.02
1940;18;51;32.311;0.31
1941;18;52;12.982;20.94
1942;18;53;30.794;20.32
1943;18;54;2.584;13.8
1944;18;54;2.141;12.57
1945;18;55;19.71;13.47
1946;18;55;21.352;11.34
1947;18;56;43.41;5.79
1948;18;57;16.378;7.42
1949;18;57;18.599;7.65
1950;18;57;16.26;13.67
1951;18;58;8.515;10.07
1952;18;58;10.567;22.85
1953;18;59;18.52;22.92
1954;19;20;41.967;8.52
1955;19;21;52.091;20.51
1956;19;21;48.889;14.88
1957;19;21;42.937;0.21
1958;19;22;61.024;15.3
1959;19;22;66.902;13.06
1960;19;22;53.967;0.4
1961;19;23;64.996;10.82
1962;19;23;67.054;4.27
1963;19;23;56.643;11.07
1964;19;24;65.084;9.81
1965;19;25;56.153;16.74
1966;19;25;58.262;22.02
1967;19;25;67.66;12.47
1968;19;26;28.838;15.74
1969;19;27;64.83;6.19
1970;19;27;68.209;20.46
1971;19;28;73.478;7.53
1972;19;28;70.862;22.37
1973;19;29;62.083;15.03
1974;19;30;70.48;5.08
1975;19;30;75.055;15.79
1976;19;30;55.83;20.75
1977;19;31;15.436;13.54
1978;19;32;71.407;17.0
1979;19;32;58.779;4.28
1980;19;32;81.463;2.78
1981;19;33;81.254;18.53
1982;19;33;71.555;22.08
1983;19;33;98.967;0.14
1984;19;34;60.322;9.38
1985;19;34;70.362;5.71
1986;19;34;69.635;22.84
1987;19;35;18.562;17.66
1988;19;35;14.0;9.46
1989;19;35;14.444;17.72
1990;19;36;83.961;8.04
1991;19;36;83.792;1.05
1992;19;37;44.909;3.28
1993;19;37;47.02;12.22
1994;19;37;38.786;17.87
1995;19;38;87.942;24.49
1996;19;38;105.041;3.1
1997;19;39;36.251;21.8
1998;19;39;44.88;14.07
1999;19;40;73.464;3.46
2000;19;40;74.735;6.32
2001;19;41;63.556;1.52
2002;19;41;70.785;11.96
2003;19;42;85.25;6.05
2004;19;43;44.819;2.57
2005;19;43;46.088;21.72
2006;19;43;49.781;22.75
2007;19;44;86.948;19.12
2008;19;44;78.134;21.12
2009;19;44;85.867;24.39
2010;19;45;57.058;15.48
2011;19;46;77.521;9.62
2012;19;47;65.297;14.51
2013;19;47;60.678;13.79
2014;19;47;76.773;12.22
2015;19;48;74.055;15.17
2016;19;49;43.14;14.89
2017;19;50;63.264;10.75
2018;19;51;65.379;24.53
2019;19;51;61.969;8.58
2020;19;51;53.686;13.6
2021;19;52;48.15;10.71
2022;19;52;45.277;18.88
2023;19;53;31.488;17.33
2024;19;54;62.89;22.52
2025;19;54;54.675;18.79
2026;19;55;45.857;12.72
2027;19;56;84.844;4.05
2028;19;56;79.285;3.46
2029;19;56;96.478;16.13
2030;19;57;65.226;20.85
2031;19;57;70.817;22.37
2032;19;58;69.201;24.64
2033;19;59;71.35;11.26
2034;19;59;70.171;2.09
2035;20;21;10.416;15.35
2036;20;21;10.451;10.22
2037;20;21;9.208;10.97
2038;20;22;20.62;10.49
2039;20;22;16.939;16.66
2040;20;22;18.284;11.29
2041;20;23;30.495;14.82
2042;20;24;25.811;2.6
2043;20;24;20.189;6.07
2044;20;25;15.161;1.06
2045;20;25;16.437;21.02
2046;20;26;25.655;13.74
2047;20;27;23.066;14.3
2048;20;27;17.675;1.21
2049;20;28;31.539;3.88
2050;20;28;34.317;6.08
2051;20;28;34.281;10.07
2052;20;29;21.837;19.34
2053;20;30;36.992;19.47
2054;20;31;47.454;6.85
2055;20;32;46.809;1.21
2056;20;32;50.416;12.41
2057;20;32;45.041;3.42
2058;20;33;68.917;24.61
2059;20;33;82.681;22.44
2060;20;33;61.38;21.79
2061;20;34;18.914;6.43
2062;20;34;18.123;24.46
2063;20;34;20.031;14.44
2064;20;35;27.123;16.52
2065;20;36;66.963;19.38
2066;20;36;82.816;0.87
2067;20;37;14.692;3.64
2068;20;37;11.681;16.77
2069;20;38;78.505;8.84
2070;20;38;59.025;8.27
2071;20;39;6.496;0.44
2072;20;40;40.163;16.4
2073;20;41;26.218;3.63
2074;20;41;25.416;11.59
2075;20;41;20.805;10.97
2076;20;42;46.776;9.1
2077;20;43;6.556;15.05
2078;20;43;5.907;9.72
2079;20;44;51.015;1.52
2080;20;44;44.635;21.97
2081;20;44;51.403;16.06
2082;20;45;15.481;12.08
2083;20;45;13.242;21.8
2084;20;46;45.288;7.02
2085;20;46;38.2;15.33
2086;20;47;26.316;15.46
2087;20;48;32.527;24.25
2088;20;49;1.201;15.44
2089;20;49;1.11;10.73
2090;20;49;1.192;20.35
2091;20;50;24.466;10.22
2092;20;50;20.739;1.2
2093;20;51;48.392;24.55
2094;20;51;38.964;15.52
2095;20;51;39.858;20.9
2096;20;52;10.41;18.52
2097;20;52;7.891;11.17
2098;20;53;10.597;10.62
2099;20;53;9.335;4.19
2100;20;54;21.913;14.52
2101;20;54;27.04;24.67
2102;20;55;5.321;12.15
2103;20;55;4.798;8.8
2104;20;56;47.753;8.14
2105;20;56;41.933;20.6
2106;20;57;31.446;10.86
2107;20;57;29.771;5.46
2108;20;58;29.133;2.83
2109;20;58;24.956;19.77
2110;20;58;23.259;0.93
2111;20;59;29.69;7.71
2112;20;59;37.014;16.77
2113;21;22;10.664;4.83
2114;21;22;8.76;14.82
2115;21;23;23.195;1.64
2116;21;23;21.491;17.85
2117;21;23;22.373;14.73
2118;21;24;16.247;21.04
2119;21;24;20.292;13.93
2120;21;25;5.126;10.46
2121;21;25;5.313;14.02
2122;21;25;6.08;9.28
2123;21;26;35.236;8.38
2124;21;27;14.274;0.99
2125;21;27;12.223;20.26
2126;21;28;21.46;15.13
2127;21;28;20.527;6.33
2128;21;28;26.039;10.94
2129;21;29;11.916;6.38
2130;21;29;13.674;16.89
2131;21;30;34.629;22.77
2132;21;30;31.406;14.4
2133;21;31;56.41;10.72
2134;21;31;50.308;12.68
2135;21;32;42.199;10.81
2136;21;32;49.192;4.43
2137;21;33;66.786;23.14
2138;21;33;52.927;20.12
2139;21;34;8.507;24.48
2140;21;34;10.239;20.89
2141;21;34;10.608;12.93
2142;21;35;37.522;13.88
2143;21;35;29.334;9.25
2144;21;35;42.664;9.3
2145;21;36;63.55;10.84
2146;21;36;59.553;13.9
2147;21;36;53.252;11.57
2148;21;37;15.322;4.07
2149;21;37;19.148;14.63
2150;21;38;76.741;14.79
2151;21;38;61.899;20.33
2152;21;39;15.883;8.37
2153;21;39;16.37;4.37
2154;21;39;16.419;18.99
2155;21;40;37.58;6.05
2156;21;40;39.104;19.43
2157;21;41;17.776;20.07
2158;21;41;21.795;2.57
2159;21;42;40.47;6.87
2160;21;42;37.447;9.57
2161;21;43;11.648;6.69
2162;21;43;10.57;8.83
2163;21;44;46.158;10.35
2164;21;44;56.842;13.52
2165;21;44;50.818;22.76
2166;21;45;8.338;8.13
2167;21;45;7.97;24.13
2168;21;46;42.833;6.92
2169;21;46;37.414;13.96
2170;21;47;16.888;11.45
2171;21;47;16.08;20.71
2172;21;48;22.127;11.87
2173;21;48;17.881;22.27
2174;21;49;9.217;17.22
2175;21;49;10.47;14.77
2176;21;49;11.308;17.31
2177;21;50;15.282;20.1
2178;21;51;46.32;23.5
2179;21;51;44.416;18.1
2180;21;52;7.787;10.05
2181;21;52;8.393;16.64
2182;21;52;5.93;3.97
2183;21;53;20.965;16.94
2184;21;54;11.609;17.65
2185;21;54;14.127;1.56
2186;21;55;9.08;0.38
2187;21;55;7.456;5.66
2188;21;55;9.178;21.21
2189;21;56;42.345;0.65
2190;21;57;24.414;17.88
2191;21;57;20.269;24.6
2192;21;58;19.057;1.03
2193;21;58;16.914;7.98
2194;21;59;20.827;5.12
2195;21;59;24.069;8.3
2196;22;23;14.954;7.96
2197;22;24;5.739;9.63
2198;22;24;4.721;16.64
2199;22;25;5.552;2.39
2200;22;26;45.875;21.27
2201;22;26;41.11;16.3
2202;22;26;53.238;3.0
2203;22;27;13.977;12.11
2204;22;27;11.7;3.81
2205;22;27;11.58;3.45
2206;22;28;15.269;4.64
2207;22;29;1.253;3.88
2208;22;29;1.443;8.5
2209;22;29;1.563;10.53
2210;22;30;39.442;10.25
2211;22;31;63.546;21.96
2212;22;32;35.612;19.94
2213;22;32;31.341;23.82
2214;22;32;38.147;15.68
2215;22;33;61.891;23.96
2216;22;34;4.002;11.71
2217;22;34;3.524;0.11
2218;22;34;3.112;21.99
2219;22;35;47.619;22.3
2220;22;35;49.271;4.45
2221;22;35;48.314;5.51
2222;22;36;57.478;2.27
2223;22;36;50.225;15.7
2224;22;37;18.593;10.13
2225;22;37;16.028;13.29
2226;22;38;72.013;3.9
2227;22;39;25.033;15.12
2228;22;40;41.994;3.56
2229;22;40;41.02;13.74
2230;22;41;8.673;16.2
2231;22;41;6.549;15.28
2232;22;41;9.038;18.29
2233;22;42;40.469;15.54
2234;22;42;36.689;3.38
2235;22;43;22.227;8.84
2236;22;43;22.374;2.55
2237;22;44;47.699;5.05
2238;22;45;13.901;24.83
2239;22;45;16.236;3.83
2240;22;46;47.081;13.69
2241;22;46;49.613;19.64
2242;22;46;47.038;18.4
2243;22;47;6.489;12.3
2244;22;48;13.646;13.47
2245;22;48;13.041;19.12
2246;22;48;15.291;14.86
2247;22;49;19.461;9.57
2248;22;49;15.845;15.45
2249;22;49;23.984;5.06
2250;22;50;5.368;16.04
2251;22;51;42.153;20.21
2252;22;52;12.982;0.89
2253;22;52;13.687;15.68
2254;22;53;30.794;22.51
2255;22;53;32.197;14.16
2256;22;53;26.719;10.56
2257;22;54;2.584;13.78
2258;22;54;2.701;3.33
2259;22;54;2.143;13.5
2260;22;55;19.71;3.49
2261;22;55;21.672;20.23
2262;22;55;22.256;24.02
2263;22;56;43.41;10.39
2264;22;56;52.622;7.52
2265;22;57;16.378;9.68
2266;22;57;20.409;14.37
2267;22;57;12.451;2.43
2268;22;58;8.515;13.83
2269;22;59;18.52;22.47
2270;22;59;17.126;13.33
2271;23;24;10.724;16.47
2272;23;24;9.777;12.29
2273;23;24;9.912;24.8
2274;23;25;18.772;10.17
2275;23;26;55.908;24.83
2276;23;27;28.563;22.7
2277;23;28;26.25;12.3
2278;23;29;14.157;20.6
2279;23;29;12.672;1.77
2280;23;29;13.649;15.36
2281;23;30;54.354;5.58
2282;23;31;63.918;7.44
2283;23;31;55.919;9.87
2284;23;31;52.327;0.38
2285;23;32;20.867;7.25
2286;23;32;18.24;8.19
2287;23;33;47.692;7.16
2288;23;34;18.951;1.75
2289;23;34;17.588;5.09
2290;23;35;55.082;22.5
2291;23;35;64.525;6.06
2292;23;36;42.748;10.06
2293;23;36;49.153;2.98
2294;23;37;20.283;16.27
2295;23;38;57.824;23.48
2296;23;38;62.686;3.93
2297;23;39;32.328;12.61
2298;23;39;32.077;17.08
2299;23;40;56.848;20.65
2300;23;41;6.341;15.81
2301;23;41;7.123;15.08
2302;23;42;53.797;9.83
2303;23;42;42.091;12.29
2304;23;43;34.368;12.85
2305;23;44;61.638;9.13
2306;23;44;73.014;1.68
2307;23;44;75.404;19.18
2308;23;45;28.634;20.06
2309;23;45;34.419;22.06
2310;23;46;61.881;5.48
2311;23;47;9.9;19.96
2312;23;47;8.39;1.51
2313;23;48;21.979;8.29
2314;23;49;29.595;1.28
2315;23;49;34.518;2.97
2316;23;49;33.657;18.79
2317;23;50;9.821;6.89
2318;23;50;9.571;15.78
2319;23;51;28.912;14.01
2320;23;52;20.169;20.06
2321;23;52;19.143;22.97
2322;23;52;19.898;10.29
2323;23;53;38.637;7.56
2324;23;53;31.146;11.79
2325;23;54;16.602;3.71
2326;23;54;12.594;23.76
2327;23;55;31.735;21.8
2328;23;56;57.211;5.35
2329;23;57;1.46;23.07
2330;23;57;1.142;4.5
2331;23;57;1.289;18.53
2332;23;58;13.583;5.13
2333;23;59;31.884;10.31
2334;24;25;11.129;15.24
2335;24;25;13.766;24.52
2336;24;26;51.304;14.1
2337;24;27;18.039;20.47
2338;24;27;17.264;5.08
2339;24;27;22.22;7.74
2340;24;28;15.946;0.71
2341;24;28;16.793;16.94
2342;24;29;4.534;15.82
2343;24;30;44.025;24.16
2344;24;31;66.528;11.57
2345;24;32;31.563;24.41
2346;24;33;58.401;8.55
2347;24;33;68.815;19.36
2348;24;34;9.394;14.47
2349;24;34;8.139;11.49
2350;24;35;52.517;1.2
2351;24;35;64.78;9.56
2352;24;36;53.424;7.77
2353;24;37;21.079;1.41
2354;24;37;25.384;22.71
2355;24;37;18.016;24.02
2356;24;38;68.535;21.96
2357;24;38;84.808;9.09
2358;24;38;79.09;6.4
2359;24;39;29.633;24.28
2360;24;40;46.409;22.44
2361;24;40;53.308;21.3
2362;24;41;4.689;9.18
2363;24;42;43.135;11.95
2364;24;43;27.876;15.28
2365;24;44;50.916;17.88
2366;24;44;61.091;21.08
2367;24;45;19.388;19.0
2368;24;45;15.287;23.66
2369;24;45;18.046;22.56
2370;24;46;51.373;24.21
2371;24;46;53.75;8.01
2372;24;47;0.875;21.45
2373;24;48;12.458;3.21
2374;24;48;10.762;24.34
2375;24;48;10.708;16.48
2376;24;49;24.692;14.33
2377;24;49;28.532;21.61
2378;24;50;2.034;12.58
2379;24;50;2.192;19.28
2380;24;50;2.141;6.5
2381;24;51;39.319;23.21
2382;24;51;37.595;15.2
2383;24;51;47.596;15.99
2384;24;52;17.038;0.43
2385;24;52;17.168;6.55
2386;24;53;35.639;0.17
2387;24;53;34.809;16.24
2388;24;54;6.354;13.37
2389;24;55;25.326;16.15
2390;24;55;22.472;1.84
2391;24;56;46.495;8.37
2392;24;56;46.071;19.87
2393;24;56;45.857;20.87
2394;24;57;12.181;17.66
2395;24;57;9.716;8.32
2396;24;57;13.947;5.51
2397;24;58;4.52;19.84
2398;24;59;21.172;11.31
2399;25;26;40.323;13.85
2400;25;26;39.812;19.24
2401;25;27;13.365;19.06
2402;25;28;18.193;16.67
2403;25;29;6.801;22.33
2404;25;29;7.208;3.13
2405;25;30;36.879;20.74
2406;25;30;40.291;24.0
2407;25;31;59.499;11.22
2408;25;31;51.465;3.01
2409;25;32;38.597;23.93
2410;25;33;64.018;16.65
2411;25;33;65.906;18.27
2412;25;34;4.319;6.63
2413;25;34;3.743;21.31
2414;25;34;4.549;14.4
2415;25;35;42.246;18.92
2416;25;36;60.251;14.33
2417;25;36;45.913;6.86
2418;25;36;69.287;2.52
2419;25;37;15.85;6.67
2420;25;37;15.58;17.63
2421;25;38;74.072;22.53
2422;25;38;71.394;2.1
2423;25;39;19.951;12.87
2424;25;40;39.653;10.19
2425;25;40;34.473;14.92
2426;25;41;12.986;15.63
2427;25;41;14.072;18.97
2428;25;41;11.051;12.28
2429;25;42;40.393;19.03
2430;25;42;37.883;11.18
2431;25;42;30.979;22.78
2432;25;43;16.748;24.13
2433;25;43;13.503;17.46
2434;25;43;19.182;5.7
2435;25;44;46.874;15.84
2436;25;45;10.257;1.1
2437;25;45;11.759;17.81
2438;25;46;44.859;5.83
2439;25;46;35.487;18.23
2440;25;47;11.787;13.75
2441;25;47;14.41;21.15
2442;25;48;17.927;20.66
2443;25;48;18.412;0.21
2444;25;49;13.986;14.02
2445;25;50;10.255;19.72
2446;25;50;11.305;4.31
2447;25;50;7.838;13.58
2448;25;51;43.795;17.55
2449;25;51;51.197;3.64
2450;25;52;8.934;7.23
2451;25;52;10.518;18.1
2452;25;53;25.495;18.13
2453;25;53;22.945;2.43
2454;25;53;26.464;17.8
2455;25;54;6.809;7.17
2456;25;54;5.499;23.24
2457;25;55;14.199;20.96
2458;25;55;13.006;23.1
2459;25;56;42.802;1.95
2460;25;57;20.081;9.82
2461;25;57;18.269;6.56
2462;25;57;16.828;17.12
2463;25;58;14.015;15.45
2464;25;59;19.29;20.22
2465;25;59;23.194;8.61
2466;26;27;43.814;0.26
2467;26;28;53.895;0.01
2468;26;28;41.97;21.07
2469;26;29;47.122;11.74
2470;26;29;52.708;22.11
2471;26;29;39.951;8.38
2472;26;30;42.68;12.07
2473;26;31;41.633;18.29
2474;26;31;41.355;12.68
2475;26;31;34.053;3.23
2476;26;32;70.128;5.27
2477;26;32;86.484;5.36
2478;26;32;86.205;18.1
2479;26;33;88.529;3.04
2480;26;33;75.961;19.45
2481;26;34;43.48;5.25
2482;26;34;46.322;4.75
2483;26;35;10.835;11.82
2484;26;35;13.504;11.56
2485;26;36;88.328;20.7
2486;26;36;70.045;11.04
2487;26;37;37.429;5.02
2488;26;37;34.139;16.07
2489;26;37;44.371;1.66
2490;26;38;97.238;9.85
2491;26;38;91.348;12.68
2492;26;38;83.917;22.74
2493;26;39;24.068;20.39
2494;26;39;24.654;15.1
2495;26;40;45.491;21.11
2496;26;41;51.87;7.94
2497;26;41;51.252;17.83
2498;26;42;58.954;21.1
2499;26;42;51.406;12.38
2500;26;42;53.348;13.78
2501;26;43;24.134;23.44
2502;26;44;59.369;2.76
2503;26;44;71.003;2.72
2504;26;44;67.436;11.5
2505;26;45;36.387;6.32
2506;26;45;32.527;17.74
2507;26;46;49.181;1.67
2508;26;47;51.859;18.31
2509;26;47;43.76;5.81
2510;26;47;53.052;2.49
2511;26;48;56.234;10.98
2512;26;48;68.126;17.75
2513;26;48;69.657;9.01
2514;26;49;26.702;4.53
2515;26;50;50.062;15.23
2516;26;50;42.094;0.81
2517;26;51;68.942;3.84
2518;26;51;63.596;4.13
2519;26;52;35.755;2.52
2520;26;52;40.608;16.97
2521;26;52;41.209;15.9
2522;26;53;18.045;7.88
2523;26;54;46.761;9.58
2524;26;55;26.387;19.34
2525;26;55;30.727;8.16
2526;26;55;22.178;9.09
2527;26;56;57.808;14.24
2528;26;56;71.476;16.59
2529;26;57;56.751;17.75
2530;26;57;56.053;21.43
2531;26;58;54.29;11.52
2532;26;59;49.508;24.02
2533;27;28;10.342;12.79
2534;27;28;12.338;2.41
2535;27;28;9.908;7.89
2536;27;29;14.514;4.27
2537;27;29;15.801;24.69
2538;27;30;26.038;4.61
2539;27;31;70.322;11.43
2540;27;32;49.405;6.82
2541;27;32;60.338;22.0
2542;27;32;59.381;15.66
2543;27;33;75.858;10.89
2544;27;34;10.358;8.47
2545;27;35;48.658;9.47
2546;27;35;57.43;11.35
2547;27;35;48.351;8.73
2548;27;36;71.292;11.38
2549;27;36;81.325;18.05
2550;27;37;28.942;20.71
2551;27;38;85.984;3.1
2552;27;39;29.347;22.14
2553;27;39;29.535;9.5
2554;27;40;28.372;21.31
2555;27;40;26.855;6.2
2556;27;41;22.231;19.24
2557;27;41;23.97;21.5
2558;27;41;21.96;24.11
2559;27;42;27.044;22.72
2560;27;42;33.101;20.94
2561;27;43;20.445;3.81
2562;27;43;21.353;24.66
2563;27;44;33.83;3.37
2564;27;44;39.42;16.61
2565;27;45;7.807;21.37
2566;27;46;33.342;17.98
2567;27;47;18.911;18.61
2568;27;47;19.52;20.34
2569;27;48;14.098;15.04
2570;27;48;13.611;15.12
2571;27;48;10.579;10.38
2572;27;49;21.956;18.3
2573;27;49;24.506;19.05
2574;27;50;18.747;12.59
2575;27;50;22.81;24.77
2576;27;50;18.506;8.23
2577;27;51;56.101;5.31
2578;27;51;51.96;16.48
2579;27;52;21.558;23.54
2580;27;53;33.349;4.04
2581;27;53;41.466;6.95
2582;27;54;11.976;4.64
2583;27;54;12.856;21.43
2584;27;54;10.243;20.13
2585;27;55;19.02;19.3
2586;27;55;22.515;12.57
2587;27;55;20.161;15.45
2588;27;56;29.628;12.87
2589;27;57;30.019;11.01
2590;27;57;23.369;9.7
2591;27;58;17.313;23.66
2592;27;58;19.13;16.76
2593;27;59;6.651;2.72
2594;27;59;8.271;14.81
2595;27;59;6.492;21.18
2596;28;29;14.928;16.37
2597;28;29;13.408;14.47
2598;28;30;32.982;2.39
2599;28;30;32.548;6.5
2600;28;30;27.438;13.91
2601;28;31;77.629;24.04
2602;28;31;77.31;9.22
2603;28;31;58.694;19.29
2604;28;32;46.577;7.21
2605;28;32;53.192;15.9
2606;28;33;73.727;18.1
2607;28;34;13.893;24.64
2608;28;35;58.104;2.89
2609;28;35;47.37;22.45
2610;28;35;50.877;2.15
2611;28;36;68.151;24.2
2612;28;37;33.609;18.25
2613;28;37;35.824;6.13
2614;28;38;83.829;1.35
2615;28;39;37.336;19.07
2616;28;39;43.828;18.38
2617;28;39;42.939;16.97
2618;28;40;34.669;1.88
2619;28;40;29.094;16.35
2620;28;41;20.622;12.03
2621;28;41;16.388;12.72
2622;28;41;24.204;5.12
2623;28;42;27.922;24.31
2624;28;43;30.089;19.56
2625;28;43;36.278;18.79
2626;28;43;30.794;13.89
2627;28;44;36.293;7.09
2628;28;44;27.277;13.4
2629;28;44;38.446;1.6
2630;28;45;17.517;13.23
2631;28;45;20.975;8.74
2632;28;46;39.06;11.01
2633;28;46;37.509;23.91
2634;28;47;16.63;23.78
2635;28;47;17.335;18.23
2636;28;48;5.327;14.16
2637;28;48;4.931;5.99
2638;28;49;30.354;22.1
2639;28;49;29.738;5.86
2640;28;49;28.785;6.84
2641;28;50;17.596;17.5
2642;28;50;18.661;2.72
2643;28;51;55.131;15.03
2644;28;52;27.113;4.99
2645;28;52;30.716;12.49
2646;28;52;31.826;20.62
2647;28;53;42.114;18.06
2648;28;53;40.291;4.35
2649;28;53;32.994;16.2
2650;28;54;12.698;15.03
2651;28;55;28.304;22.67
2652;28;56;31.76;1.15
2653;28;56;26.591;22.1
2654;28;56;33.53;13.45
2655;28;57;27.653;7.55
2656;28;58;12.744;11.13
2657;28;58;12.12;16.89
2658;28;59;7.648;24.56
2659;28;59;9.532;4.0
2660;28;59;7.306;1.23
2661;29;30;40.197;22.04
2662;29;31;64.413;15.37
2663;29;31;59.115;24.47
2664;29;31;62.304;15.63
2665;29;32;34.926;0.28
2666;29;32;28.047;2.94
2667;29;33;61.364;12.97
2668;29;34;4.963;24.31
2669;29;35;48.806;0.14
2670;29;35;45.568;17.3
2671;29;35;48.259;24.18
2672;29;36;56.809;1.54
2673;29;37;19.289;23.23
2674;29;37;18.867;9.47
2675;29;37;15.338;11.9
2676;29;38;71.494;10.96
2677;29;38;83.101;19.77
2678;29;39;26.162;20.35
2679;29;40;42.702;0.61
2680;29;40;46.548;22.37
2681;29;41;7.824;18.33
2682;29;42;40.704;12.11
2683;29;43;23.479;14.87
2684;29;43;28.242;10.62
2685;29;44;48.082;21.1
2686;29;44;45.287;2.91
2687;29;44;36.955;2.91
2688;29;45;14.952;15.5
2689;29;46;47.756;10.93
2690;29;47;5.314;12.5
2691;29;47;5.289;9.99
2692;29;47;6.107;7.29
2693;29;48;12.906;10.87
2694;29;48;11.515;1.23
2695;29;48;13.311;18.08
2696;29;49;20.682;16.91
2697;29;50;4.399;22.03
2698;29;51;41.765;11.82
2699;29;51;44.41;1.51
2700;29;51;36.955;8.43
2701;29;52;13.976;5.62
2702;29;52;15.658;7.76
2703;29;52;14.42;1.5
2704;29;53;31.968;12.01
2705;29;54;2.612;6.86
2706;29;54;2.089;10.98
2707;29;55;20.964;22.79
2708;29;55;18.258;22.3
2709;29;55;22.058;11.97
2710;29;56;43.755;20.98
2711;29;56;47.115;23.13
2712;29;56;33.024;7.34
2713;29;57;15.598;11.03
2714;29;57;17.452;10.85
2715;29;57;12.975;9.45
2716;29;58;7.314;17.31
2717;29;59;18.686;19.22
2718;30;31;80.577;15.26
2719;30;31;95.255;13.4
2720;30;31;99.621;14.8
2721;30;32;75.039;12.72
2722;30;32;82.288;3.28
2723;30;33;100.892;3.31
2724;30;34;35.485;1.18
2725;30;34;26.655;20.14
2726;30;34;29.686;11.81
2727;30;35;51.963;6.96
2728;30;35;56.537;20.13
2729;30;36;96.875;19.46
2730;30;36;101.489;13.23
2731;30;36;101.51;22.2
2732;30;37;49.387;12.02
2733;30;37;45.893;19.2
2734;30;38;110.95;4.29
2735;30;39;42.859;14.05
2736;30;40;3.195;5.06
2737;30;40;2.972;12.95
2738;30;41;48.019;10.12
2739;30;42;18.286;5.69
2740;30;42;17.911;21.67
2741;30;42;15.835;16.34
2742;30;43;30.687;7.17
2743;30;43;26.358;1.42
2744;30;43;31.777;0.16
2745;30;44;16.702;6.68
2746;30;44;18.584;22.35
2747;30;45;26.712;19.17
2748;30;45;29.077;18.9
2749;30;45;23.328;8.63
2750;30;46;8.326;20.35
2751;30;47;44.899;11.31
2752;30;48;38.17;5.83
2753;30;49;36.524;19.36
2754;30;50;44.56;6.31
2755;30;51;80.646;15.36
2756;30;52;42.132;12.35
2757;30;52;44.95;14.91
2758;30;53;43.122;1.97
2759;30;53;46.922;1.4
2760;30;54;37.8;19.98
2761;30;54;46.996;12.42
2762;30;54;29.083;2.58
2763;30;55;31.735;17.79
2764;30;55;31.807;12.39
2765;30;56;15.72;13.46
2766;30;56;16.452;5.3
2767;30;56;17.185;11.71
2768;30;57;55.794;1.34
2769;30;57;55.062;9.93
2770;30;57;51.442;0.29
2771;30;58;43.229;9.71
2772;30;58;44.046;3.35
2773;30;59;25.336;6.34
2774;30;59;21.582;19.28
2775;30;59;19.393;17.35
2776;31;32;65.697;2.26
2777;31;33;70.801;19.81
2778;31;33;60.934;12.94
2779;31;33;57.649;0.65
2780;31;34;63.818;2.82
2781;31;35;30.799;14.39
2782;31;35;35.719;23.46
2783;31;35;24.135;9.53
2784;31;36;74.772;23.52
2785;31;37;45.45;9.58
2786;31;37;45.651;21.57
2787;31;38;76.384;7.94
2788;31;38;89.524;8.27
2789;31;39;41.023;22.45
2790;31;39;44.589;16.26
2791;31;39;42.835;7.97
2792;31;40;83.699;12.33
2793;31;40;89.882;21.57
2794;31;40;100.39;4.11
2795;31;41;63.996;9.13
2796;31;41;78.863;16.69
2797;31;42;93.557;4.78
2798;31;42;90.954;5.97
2799;31;43;51.946;6.68
2800;31;44;96.476;12.07
2801;31;44;91.348;20.39
2802;31;45;62.912;10.82
2803;31;45;66.187;7.9
2804;31;46;88.185;24.58
2805;31;46;109.762;6.67
2806;31;46;108.103;7.85
2807;31;47;66.538;10.37
2808;31;47;51.884;21.58
2809;31;47;62.15;4.48
2810;31;48;77.149;5.02
2811;31;49;48.486;4.71
2812;31;49;52.279;1.52
2813;31;50;64.545;1.53
2814;31;50;74.487;17.58
2815;31;50;64.1;15.03
2816;31;51;57.561;4.09
2817;31;52;50.703;9.2
2818;31;52;45.965;14.16
2819;31;53;38.213;15.43
2820;31;53;33.426;6.44
2821;31;53;44.879;14.98
2822;31;54;65.785;13.42
2823;31;54;64.383;1.55
2824;31;55;52.257;12.52
2825;31;55;53.496;8.58
2826;31;56;93.842;24.38
2827;31;56;101.432;2.48
2828;31;56;113.712;19.89
2829;31;57;63.8;14.44
2830;31;57;70.903;19.01
2831;31;57;63.475;4.62
2832;31;58;70.959;11.0
2833;31;59;76.973;15.42
2834;31;59;59.138;24.54
2835;31;59;64.126;8.94
2836;32;33;27.216;19.41
2837;32;33;32.37;10.47
2838;32;33;23.364;12.92
2839;32;34;39.554;22.72
2840;32;35;66.473;5.71
2841;32;35;54.005;19.29
2842;32;36;21.887;11.24
2843;32;37;32.85;10.42
2844;32;37;26.753;1.06
2845;32;37;36.249;3.63
2846;32;38;37.277;5.87
2847;32;38;29.035;13.59
2848;32;39;46.214;21.91
2849;32;39;41.475;8.77
2850;32;39;43.447;23.3
2851;32;40;77.606;7.23
2852;32;40;91.821;6.79
2853;32;41;27.177;22.01
2854;32;41;30.465;21.16
2855;32;41;32.975;17.1
2856;32;42;74.411;22.49
2857;32;43;52.081;4.66
2858;32;43;39.336;17.87
2859;32;44;82.42;2.37
2860;32;45;48.81;13.94
2861;32;46;82.679;12.52
2862;32;46;94.771;2.88
2863;32;46;78.593;8.55
2864;32;47;30.721;17.16
2865;32;47;38.065;12.89
2866;32;47;28.591;17.46
2867;32;48;41.824;20.38
2868;32;48;32.859;18.89
2869;32;48;34.364;3.07
2870;32;49;46.23;8.99
2871;32;49;47.686;12.2
2872;32;50;30.661;6.42
2873;32;50;30.02;24.93
2874;32;51;12.158;20.34
2875;32;51;15.188;18.13
2876;32;51;14.941;3.15
2877;32;52;36.791;21.78
2878;32;52;31.287;9.6
2879;32;52;28.293;1.82
2880;32;53;52.084;6.4
2881;32;53;63.876;5.32
2882;32;53;43.928;17.04
2883;32;54;37.429;5.01
2884;32;54;38.965;14.49
2885;32;55;49.568;21.61
2886;32;56;77.963;5.51
2887;32;57;19.407;10.73
2888;32;57;15.358;11.46
2889;32;58;33.86;21.92
2890;32;58;27.854;5.35
2891;32;59;52.651;7.51
2892;33;34;65.684;16.75
2893;33;35;82.212;0.06
2894;33;36;8.891;15.81
2895;33;36;8.49;2.33
2896;33;37;54.228;21.19
2897;33;37;50.972;3.84
2898;33;37;49.968;0.17
2899;33;38;10.136;1.29
2900;33;39;66.402;15.62
2901;33;39;71.585;11.38
2902;33;39;74.388;17.82
2903;33;40;103.626;9.11
2904;33;40;125.235;4.29
2905;33;40;106.082;20.16
2906;33;41;53.844;1.69
2907;33;41;58.476;0.31
2908;33;41;61.195;15.41
2909;33;42;101.471;7.47
2910;33;42;94.511;7.97
2911;33;43;75.007;16.81
2912;33;43;77.019;9.32
2913;33;43;75.454;18.95
2914;33;44;109.307;18.08
2915;33;44;86.053;7.04
2916;33;45;74.236;3.65
2917;33;46;108.797;15.14
2918;33;46;110.396;18.38
2919;33;47;57.588;12.11
2920;33;48;69.031;23.11
2921;33;49;68.649;2.22
2922;33;50;57.287;11.13
2923;33;50;70.084;11.91
2924;33;50;47.974;19.67
2925;33;51;20.582;5.01
2926;33;51;21.366;14.53
2927;33;51;21.047;13.94
2928;33;52;60.128;11.98
2929;33;53;71.224;17.54
2930;33;53;86.057;19.28
2931;33;54;63.943;16.38
2932;33;54;77.421;16.32
2933;33;55;72.749;23.02
2934;33;55;76.083;14.83
2935;33;55;60.468;10.11
2936;33;56;104.895;19.13
2937;33;56;117.024;21.07
2938;33;57;46.244;13.89
2939;33;57;38.255;24.99
2940;33;57;44.495;15.02
2941;33;58;60.987;8.74
2942;33;58;71.778;6.9
2943;33;58;52.751;1.61
2944;33;59;79.572;11.75
2945;33;59;74.317;0.01
2946;34;35;46.029;4.07
2947;34;35;40.003;2.98
2948;34;36;61.402;10.52
2949;34;36;63.965;4.3
2950;34;37;19.896;13.97
2951;34;37;15.497;0.68
2952;34;38;75.795;21.55
2953;34;39;24.077;4.36
2954;34;39;21.689;19.29
2955;34;39;28.145;9.55
2956;34;40;38.072;11.15
2957;34;41;12.675;18.78
2958;34;41;14.811;9.32
2959;34;42;37.246;20.85
2960;34;42;30.291;17.86
2961;34;42;32.776;4.19
2962;34;43;19.469;23.3
2963;34;43;17.946;11.86
2964;34;43;17.858;0.13
2965;34;44;44.188;6.6
2966;34;44;52.67;17.23
2967;34;45;10.001;15.57
2968;34;45;11.417;7.79
2969;34;45;7.731;7.68
2970;34;46;43.184;6.09
2971;34;46;41.98;9.28
2972;34;47;10.218;1.02
2973;34;47;10.62;3.17
2974;34;47;9.75;2.24
2975;34;48;13.737;4.18
2976;34;48;11.534;13.3
2977;34;48;16.131;16.79
2978;34;49;17.717;1.06
2979;34;49;15.92;20.87
2980;34;50;9.332;4.72
2981;34;51;45.791;4.54
2982;34;51;55.709;19.43
2983;34;52;13.221;5.5
2984;34;53;29.42;16.74
2985;34;54;3.396;0.58
2986;34;55;17.098;7.13
2987;34;55;18.852;5.58
2988;34;56;39.972;16.2
2989;34;56;33.004;19.45
2990;34;57;20.371;15.77
2991;34;58;11.037;4.71
2992;34;59;15.608;0.22
2993;35;36;82.96;3.34
2994;35;36;92.081;17.09
2995;35;36;77.476;0.45
2996;35;37;35.147;8.99
2997;35;37;27.174;2.7
2998;35;38;90.383;21.47
2999;35;38;84.767;23.02
3000;35;38;111.477;19.4
3001;35;39;23.013;10.32
3002;35;40;54.926;23.84
3003;35;41;52.107;16.95
3004;35;42;67.153;5.03
3005;35;42;61.914;5.93
3006;35;43;28.214;12.26
3007;35;43;33.994;21.88
3008;35;44;68.492;14.89
3009;35;44;68.651;4.18
3010;35;45;40.877;18.39
3011;35;45;34.687;13.51
3012;35;46;58.959;6.24
3013;35;47;52.921;16.21
3014;35;48;59.555;19.01
3015;35;48;68.553;14.66
3016;35;49;28.316;23.98
3017;35;50;50.965;17.37
3018;35;51;63.534;6.78
3019;35;52;35.723;7.23
3020;35;52;36.468;1.87
3021;35;52;39.145;24.39
3022;35;53;16.878;16.74
3023;35;54;49.026;17.67
3024;35;55;29.806;13.95
3025;35;55;27.395;8.09
3026;35;55;34.171;15.29
3027;35;56;66.521;20.54
3028;35;56;74.652;4.61
3029;35;57;55.68;4.57
3030;35;58;56.12;12.52
3031;35;58;65.528;17.13
3032;35;58;68.349;1.0
3033;35;59;54.909;0.14
3034;35;59;47.684;4.85
3035;35;59;50.763;2.08
3036;36;37;52.388;11.5
3037;36;37;58.679;22.66
3038;36;38;17.006;19.15
3039;36;39;65.252;8.13
3040;36;39;59.035;4.45
3041;36;39;75.993;18.53
3042;36;40;99.47;7.46
3043;36;40;114.677;19.87
3044;36;40;99.769;2.95
3045;36;41;49.064;22.91
3046;36;42;96.061;12.01
3047;36;42;79.842;21.33
3048;36;43;72.712;1.65
3049;36;44;104.196;22.36
3050;36;44;101.788;4.57
3051;36;44;121.948;9.74
3052;36;45;70.502;2.22
3053;36;45;63.987;21.78
3054;36;45;83.601;7.53
3055;36;46;104.556;8.02
3056;36;46;107.763;8.81
3057;36;47;52.575;17.13
3058;36;47;63.292;20.65
3059;36;48;63.227;8.99
3060;36;48;51.793;11.97
3061;36;49;66.548;23.2
3062;36;49;66.376;3.47
3063;36;49;76.95;15.66
3064;36;50;52.548;20.03
3065;36;50;56.022;16.13
3066;36;51;19.446;24.68
3067;36;51;16.995;2.59
3068;36;52;57.499;2.01
3069;36;52;45.258;6.29
3070;36;53;70.559;19.61
3071;36;54;59.316;5.53
3072;36;55;70.31;13.62
3073;36;56;99.718;3.25
3074;36;56;96.024;17.66
3075;36;57;41.289;22.89
3076;36;57;45.537;22.93
3077;36;57;36.604;24.11
3078;36;58;55.522;10.41
3079;36;58;46.411;4.68
3080;36;59;74.442;7.29
3081;36;59;79.575;22.85
3082;37;38;63.847;16.88
3083;37;38;75.162;12.83
3084;37;38;69.229;4.01
3085;37;39;13.392;0.4
3086;37;40;52.438;7.96
3087;37;40;41.497;10.26
3088;37;40;60.536;16.7
3089;37;41;18.795;8.97
3090;37;41;17.657;20.39
3091;37;41;17.529;3.51
3092;37;42;55.681;16.67
3093;37;42;56.501;6.92
3094;37;42;42.24;7.55
3095;37;43;20.863;7.54
3096;37;44;61.476;9.85
3097;37;45;23.653;23.76
3098;37;45;19.745;4.31
3099;37;46;57.683;12.0
3100;37;46;46.614;5.56
3101;37;47;21.094;2.57
3102;37;47;21.884;6.34
3103;37;48;32.193;18.33
3104;37;48;39.106;17.91
3105;37;49;14.441;5.24
3106;37;49;14.481;14.55
3107;37;49;15.363;24.05
3108;37;50;19.096;21.51
3109;37;50;19.848;7.59
3110;37;50;19.784;7.38
3111;37;51;33.701;19.91
3112;37;51;40.436;16.34
3113;37;52;7.54;22.77
3114;37;52;7.136;17.63
3115;37;53;19.447;18.75
3116;37;54;21.048;9.9
3117;37;54;21.95;19.27
3118;37;54;23.344;5.37
3119;37;55;18.762;23.88
3120;37;55;23.306;11.01
3121;37;56;57.66;24.75
3122;37;56;70.432;18.44
3123;37;56;62.413;2.25
3124;37;57;20.709;2.8
3125;37;57;18.623;13.26
3126;37;58;25.527;22.85
3127;37;58;27.82;13.99
3128;37;58;21.804;3.15
3129;37;59;35.108;5.67
3130;37;59;34.022;22.99
3131;38;39;75.688;5.19
3132;38;40;113.702;4.63
3133;38;40;119.27;22.84
3134;38;40;119.604;15.62
3135;38;41;63.98;24.05
3136;38;41;58.968;19.43
3137;38;42;111.595;7.03
3138;38;43;84.689;19.57
3139;38;43;91.991;16.15
3140;38;43;70.249;12.18
3141;38;44;119.442;15.88
3142;38;44;90.475;6.7
3143;38;44;117.182;12.58
3144;38;45;84.272;19.51
3145;38;46;118.881;22.5
3146;38;46;140.743;13.66
3147;38;47;67.721;5.52
3148;38;47;60.921;9.76
3149;38;48;79.1;23.99
3150;38;48;89.105;1.92
3151;38;49;78.288;1.95
3152;38;49;91.271;14.03
3153;38;50;67.423;0.21
3154;38;50;72.103;13.74
3155;38;51;30.43;4.76
3156;38;51;29.372;22.2
3157;38;51;31.695;13.0
3158;38;52;69.957;0.4
3159;38;53;80.261;6.0
3160;38;53;87.868;11.75
3161;38;53;94.28;14.27
3162;38;54;74.075;8.42
3163;38;55;82.483;15.7
3164;38;55;89.705;21.8
3165;38;55;93.749;1.4
3166;38;56;115.03;17.26
3167;38;57;56.375;6.27
3168;38;58;71.094;9.5
3169;38;58;56.162;18.66
3170;38;58;71.094;12.82
3171;38;59;89.706;5.56
3172;38;59;81.194;24.1
3173;39;40;46.049;21.94
3174;39;40;41.492;6.52
3175;39;40;52.383;10.63
3176;39;41;29.097;10.91
3177;39;41;23.293;14.66
3178;39;42;53.239;1.63
3179;39;42;65.717;1.38
3180;39;42;51.359;18.8
3181;39;43;12.186;12.3
3182;39;43;12.093;21.84
3183;39;44;57.301;2.71
3184;39;44;48.773;15.13
3185;39;44;53.954;18.78
3186;39;45;21.891;9.38
3187;39;46;51.092;5.15
3188;39;46;46.24;11.62
3189;39;46;47.281;9.48
3190;39;47;29.993;5.78
3191;39;48;37.814;11.54
3192;39;48;44.328;19.25
3193;39;48;40.364;23.49
3194;39;49;7.472;15.35
3195;39;49;6.725;6.38
3196;39;50;28.013;9.44
3197;39;50;31.703;10.73
3198;39;51;46.157;18.36
3199;39;51;38.222;1.7
3200;39;51;40.645;21.89
3201;39;52;12.716;15.93
3202;39;52;15.891;15.67
3203;39;52;14.289;17.58
3204;39;53;6.31;23.39
3205;39;54;26.735;9.88
3206;39;54;27.948;21.58
3207;39;54;29.316;7.83
3208;39;55;11.653;15.42
3209;39;56;54.128;9.75
3210;39;56;55.197;10.93
3211;39;57;33.042;0.86
3212;39;58;33.433;11.76
3213;39;58;40.293;22.25
3214;39;59;35.994;2.51
3215;40;41;50.507;14.43
3216;40;42;17.006;21.24
3217;40;42;20.838;0.43
3218;40;42;18.715;6.97
3219;40;43;33.875;0.26
3220;40;43;31.863;22.32
3221;40;44;14.098;1.61
3222;40;45;29.559;8.2
3223;40;45;27.92;3.34
3224;40;45;35.525;24.96
3225;40;46;5.254;15.98
3226;40;46;4.656;16.37
3227;40;46;4.947;21.76
3228;40;47;47.281;6.95
3229;40;47;44.158;11.07
3230;40;48;39.932;0.31
3231;40;48;38.979;10.85
3232;40;48;35.024;17.14
3233;40;49;39.683;1.28
3234;40;49;47.359;16.9
3235;40;49;34.792;19.88
3236;40;50;47.033;0.32
3237;40;50;41.547;5.98
3238;40;51;83.447;14.92
3239;40;52;45.14;3.1
3240;40;52;34.681;14.05
3241;40;52;37.435;21.61
3242;40;53;46.305;13.5
3243;40;54;40.255;2.47
3244;40;55;34.897;7.21
3245;40;55;31.674;20.59
3246;40;56;13.782;9.64
3247;40;56;14.176;23.23
3248;40;57;58.295;2.63
3249;40;57;49.289;18.22
3250;40;58;45.391;7.24
3251;40;59;27.064;18.89
3252;40;59;27.643;16.6
3253;40;59;22.38;20.53
3254;41;42;47.772;19.59
3255;41;42;52.443;24.28
3256;41;43;29.299;22.0
3257;41;43;25.344;23.8
3258;41;43;22.981;6.15
3259;41;44;55.465;24.39
3260;41;44;67.444;14.83
3261;41;45;22.496;17.46
3262;41;45;19.369;5.96
3263;41;46;55.542;11.72
3264;41;46;55.175;20.55
3265;41;46;58.552;22.13
3266;41;47;4.0;0.18
3267;41;48;16.91;20.21
3268;41;48;18.485;4.77
3269;41;49;25.198;12.27
3270;41;49;25.283;1.53
3271;41;50;3.485;18.82
3272;41;51;34.642;14.54
3273;41;51;30.128;12.1
3274;41;52;16.414;16.79
3275;41;52;19.01;1.94
3276;41;53;35.319;19.9
3277;41;53;33.229;7.07
3278;41;53;30.958;11.68
3279;41;54;10.263;18.33
3280;41;55;26.675;5.55
3281;41;55;26.376;5.48
3282;41;56;51.068;4.83
3283;41;57;7.792;22.44
3284;41;58;8.545;8.02
3285;41;58;9.862;13.04
3286;41;58;6.542;21.17
3287;41;59;25.77;24.08
3288;41;59;23.654;23.83
3289;41;59;25.366;16.46
3290;42;43;41.641;23.84
3291;42;43;32.91;7.98
3292;42;43;31.556;21.02
3293;42;44;9.07;8.61
3294;42;44;9.192;19.52
3295;42;45;32.318;13.92
3296;42;46;17.929;7.3
3297;42;46;20.024;2.28
3298;42;46;15.077;10.25
3299;42;47;43.925;2.18
3300;42;47;41.523;14.51
3301;42;48;32.99;17.91
3302;42;48;40.668;3.98
3303;42;48;33.004;8.84
3304;42;49;45.931;15.42
3305;42;49;48.694;1.01
3306;42;49;52.226;10.81
3307;42;50;44.421;20.34
3308;42;50;48.796;10.43
3309;42;50;48.256;22.46
3310;42;51;82.373;21.79
3311;42;52;48.166;18.18
3312;42;52;53.545;2.82
3313;42;52;45.441;17.5
3314;42;53;55.344;22.1
3315;42;54;38.097;14.55
3316;42;54;37.924;18.68
3317;42;54;38.425;13.54
3318;42;55;41.611;17.29
3319;42;55;33.883;23.4
3320;42;56;4.826;23.04
3321;42;57;55.238;22.48
3322;42;58;40.559;11.57
3323;42;58;33.069;10.52
3324;42;59;22.042;19.61
3325;43;44;45.24;5.29
3326;43;45;12.681;18.17
3327;43;46;38.943;8.03
3328;43;46;42.251;10.28
3329;43;46;38.142;24.09
3330;43;47;28.531;16.97
3331;43;47;25.454;2.81
3332;43;47;33.303;23.71
3333;43;48;32.128;15.21
3334;43;48;26.5;20.96
3335;43;49;6.471;4.33
3336;43;49;7.92;23.46
3337;43;49;7.617;12.51
3338;43;50;26.925;0.3
3339;43;50;21.006;0.7
3340;43;50;32.731;22.85
3341;43;51;54.436;5.66
3342;43;51;55.73;14.9
3343;43;51;61.832;0.39
3344;43;52;15.297;12.33
3345;43;52;16.376;2.99
3346;43;53;13.78;20.27
3347;43;53;13.105;16.0
3348;43;53;11.29;20.11
3349;43;54;22.814;19.84
3350;43;54;18.423;6.94
3351;43;54;17.233;7.48
3352;43;55;2.635;21.83
3353;43;55;2.529;13.42
3354;43;56;42.212;6.8
3355;43;56;47.555;4.31
3356;43;56;40.079;23.36
3357;43;57;35.482;13.78
3358;43;57;28.132;14.5
3359;43;58;30.433;23.7
3360;43;58;33.836;0.43
3361;43;59;26.736;9.77
3362;43;59;30.129;16.33
3363;44;45;37.823;6.83
3364;44;45;39.508;15.05
3365;44;45;45.355;21.2
3366;44;46;12.275;5.81
3367;44;46;14.832;20.39
3368;44;46;13.227;1.64
3369;44;47;51.739;7.03
3370;44;48;41.496;1.51
3371;44;48;51.558;23.82
3372;44;49;50.322;11.49
3373;44;50;52.036;6.66
3374;44;51;89.842;12.36
3375;44;51;103.328;24.07
3376;44;52;53.945;13.03
3377;44;52;46.292;1.96
3378;44;52;54.89;23.66
3379;44;53;58.502;17.93
3380;44;54;45.475;19.73
3381;44;54;37.842;17.98
3382;44;55;45.707;1.22
3383;44;55;44.678;15.05
3384;44;55;41.275;11.09
3385;44;56;4.55;20.17
3386;44;56;3.928;15.08
3387;44;57;63.093;13.42
3388;44;58;48.704;4.14
3389;44;59;29.769;11.26
3390;45;46;34.795;8.38
3391;45;46;26.392;13.34
3392;45;46;34.193;10.93
3393;45;47;20.218;19.55
3394;45;48;20.129;5.46
3395;45;48;16.792;19.96
3396;45;49;14.427;5.6
3397;45;50;19.269;21.92
3398;45;50;20.009;23.7
3399;45;51;53.938;14.41
3400;45;52;16.124;18.76
3401;45;52;14.076;18.91
3402;45;53;25.596;11.78
3403;45;53;20.748;3.16
3404;45;53;23.786;24.68
3405;45;54;13.168;10.98
3406;45;54;13.979;18.66
3407;45;55;11.219;14.25
3408;45;55;9.155;13.67
3409;45;56;34.041;13.46
3410;45;56;32.234;4.14
3411;45;57;30.007;24.47
3412;45;57;31.9;24.83
3413;45;57;27.364;15.64
3414;45;58;20.46;9.79
3415;45;58;15.673;2.26
3416;45;59;14.3;0.59
3417;46;47;52.243;14.27
3418;46;48;44.368;22.49
3419;46;48;35.504;16.82
3420;46;49;44.836;16.1
3421;46;49;36.627;16.52
3422;46;50;52.061;3.84
3423;46;50;55.147;20.9
3424;46;50;45.824;14.46
3425;46;51;88.653;6.5
3426;46;51;88.224;15.4
3427;46;51;72.95;24.42
3428;46;52;50.394;3.15
3429;46;53;51.114;20.91
3430;46;53;60.561;20.25
3431;46;53;40.291;22.22
3432;46;54;45.28;24.29
3433;46;54;45.552;4.65
3434;46;55;40.045;22.12
3435;46;56;13.692;16.34
3436;46;56;11.929;20.1
3437;46;56;15.682;22.31
3438;46;57;63.333;9.49
3439;46;58;50.179;17.2
3440;46;59;31.553;1.25
3441;46;59;38.758;19.83
3442;47;48;12.966;5.43
3443;47;48;15.444;16.46
3444;47;49;25.21;4.5
3445;47;49;31.056;21.36
3446;47;50;2.034;16.48
3447;47;50;2.463;3.91
3448;47;50;2.439;6.99
3449;47;51;38.57;24.75
3450;47;51;43.721;16.93
3451;47;52;17.344;14.48
3452;47;52;17.962;9.08
3453;47;53;36.044;12.07
3454;47;54;7.219;9.29
3455;47;55;25.966;20.64
3456;47;55;31.883;9.39
3457;47;55;23.968;5.18
3458;47;56;47.311;16.07
3459;47;56;48.237;19.24
3460;47;56;43.955;2.61
3461;47;57;11.354;15.37
3462;47;57;12.327;23.44
3463;47;58;4.773;13.32
3464;47;58;4.51;14.36
3465;47;58;5.355;12.8
3466;47;59;21.985;9.07
3467;48;49;31.326;24.07
3468;48;49;27.87;16.39
3469;48;49;37.376;0.77
3470;48;50;14.37;19.07
3471;48;50;14.875;16.1
3472;48;50;15.052;1.7
3473;48;51;50.865;17.22
3474;48;51;50.902;16.43
3475;48;51;50.81;11.13
3476;48;52;26.47;7.03
3477;48;52;29.617;9.46
3478;48;53;43.092;12.97
3479;48;53;45.026;3.08
3480;48;53;40.302;19.64
3481;48;54;11.369;24.62
3482;48;54;10.227;15.63
3483;48;54;9.089;8.46
3484;48;55;30.047;18.28
3485;48;55;28.086;9.39
3486;48;56;36.952;6.2
3487;48;56;45.943;19.28
3488;48;56;35.564;6.98
3489;48;57;23.318;5.57
3490;48;57;17.647;2.31
3491;48;58;8.456;23.15
3492;48;59;12.868;23.29
3493;49;50;23.377;7.16
3494;49;50;24.352;7.68
3495;49;51;48.097;4.69
3496;49;51;36.727;1.16
3497;49;51;49.249;22.74
3498;49;52;9.624;23.8
3499;49;52;8.317;11.66
3500;49;52;10.534;20.61
3501;49;53;11.794;16.08
3502;49;54;20.727;6.24
3503;49;54;16.858;7.8
3504;49;55;4.793;11.91
3505;49;56;46.999;18.18
3506;49;56;40.97;10.25
3507;49;56;36.035;14.72
3508;49;57;30.574;5.27
3509;49;58;27.972;24.69
3510;49;59;28.59;2.66
3511;49;59;23.44;4.31
3512;50;51;37.954;7.62
3513;50;51;30.048;15.53
3514;50;52;15.341;4.37
3515;50;52;13.657;4.39
3516;50;53;34.092;24.12
3517;50;53;33.838;11.41
3518;50;54;6.781;3.49
3519;50;55;24.335;15.61
3520;50;55;19.804;14.62
3521;50;55;22.719;24.47
3522;50;56;47.654;4.31
3523;50;56;37.849;5.07
3524;50;57;11.274;20.95
3525;50;57;8.518;13.56
3526;50;57;10.201;8.79
3527;50;58;6.555;10.06
3528;50;58;7.331;23.19
3529;50;59;22.391;21.11
3530;51;52;39.556;1.17
3531;51;53;51.273;4.35
3532;51;53;46.389;11.09
3533;51;54;44.375;22.36
3534;51;54;35.886;24.42
3535;51;54;40.013;0.16
3536;51;55;52.168;1.93
3537;51;55;48.389;8.76
3538;51;55;49.342;6.93
3539;51;56;85.519;21.61
3540;51;56;89.939;3.3
3541;51;57;27.549;0.32
3542;51;58;42.495;18.33
3543;51;59;60.335;13.96
3544;52;53;18.906;7.83
3545;52;53;23.149;8.38
3546;52;53;16.976;19.49
3547;52;54;15.101;21.46
3548;52;54;18.463;21.71
3549;52;55;12.826;19.64
3550;52;56;50.12;18.18
3551;52;56;54.997;14.9
3552;52;56;44.231;12.79
3553;52;57;21.07;23.74
3554;52;57;20.909;12.46
3555;52;57;16.021;18.98
3556;52;58;21.054;20.44
3557;52;58;24.788;4.74
3558;52;59;27.874;4.04
3559;52;59;21.474;14.96
3560;52;59;34.15;20.08
3561;53;54;32.3;21.21
3562;53;55;14.447;9.59
3563;53;55;17.33;22.95
3564;53;56;55.703;11.11
3565;53;57;39.349;6.36
3566;53;58;39.277;13.31
3567;53;59;39.896;3.74
3568;53;59;41.336;2.91
3569;53;59;30.64;16.38
3570;54;55;20.406;8.34
3571;54;56;41.144;20.05
3572;54;56;47.196;20.42
3573;54;57;18.054;17.68
3574;54;58;7.645;1.65
3575;54;58;5.967;1.69
3576;54;58;6.014;24.48
3577;54;59;16.089;16.51
3578;54;59;12.836;23.49
3579;54;59;15.058;4.73
3580;55;56;42.482;23.45
3581;55;57;32.853;2.42
3582;55;57;37.522;17.88
3583;55;57;30.615;18.18
3584;55;58;27.992;2.04
3585;55;59;25.495;14.33
3586;56;57;58.663;4.85
3587;56;58;44.209;11.85
3588;56;59;25.327;19.1
3589;57;58;14.957;17.18
3590;57;58;15.071;15.94
3591;57;58;14.076;14.01
3592;57;59;33.336;21.26
3593;57;59;29.466;15.97
3594;58;59;19.04;13.57
3595;58;59;20.667;20.7
