VERTEX_COUNT 60
PATH_COUNT 1
BUDGET 600
<------------ VERTICES ------------>
0;START;41.374834;2.170055;0.0;0.0
1;Museu Nacional d’Art de Catalunya;41.36882;2.153347;45.0;89.87
2;Museu d’Història de Catalunya - MHC;41.380852;2.185799;45.0;80.32
3;Galeria d’Art Mar Grup Escolà;41.392349;2.167836;45.0;75.89
4;L’Aquàrium;41.376625;2.184117;45.0;75.87
5;Parc de Diagonal Mar;41.407215;2.214539;45.0;75.39
6;Platja de la Nova Mar Bella;41.40205;2.21529;45.0;70.86
7;Museu Picasso;41.385181;2.180863;45.0;69.29
8;Parc de la Ciutadella;41.389248;2.186548;45.0;65.07
9;Avinguda d’Icària;41.391556;2.197416;45.0;64.74
10;Museu Palmero;41.424667;2.139856;45.0;64.65
11;Platja de la Barceloneta;41.379158;2.192717;45.0;64.64
12;Basilica of Sants Just i Pastor;41.382812;2.178195;45.0;62.83
13;Museu Frederic Marès;41.384178;2.176819;45.0;62.56
14;Anella Olímpica(Olympic Park);41.364778;2.152575;45.0;61.05
15;La Colmena;41.383835;2.178294;45.0;60.09
16;Platja del Bogatell;41.394341;2.2066;45.0;59.9
17;Lorena Ruiz de Villa;41.397858;2.146705;45.0;59.61
18;Parc de la Creueta del Coll;41.41935;2.146432;45.0;59.22
19;90th Jean Bouin;41.373077;2.150465;45.0;58.75
20;Arts Santa Mònica;41.37722;2.176012;45.0;57.16
21;Basilica of the Sagrada Família;41.403568;2.174435;45.0;56.99
22;Museu de la Moto ;41.383327;2.174488;45.0;53.82
23;Despair;41.387653;2.188076;45.0;53.48
24;Passeig de Gràcia;41.390739;2.166672;45.0;52.96
25;Santa Eulàlia small schooner;41.376385;2.179861;45.0;52.9
26;Barcelona;41.389034;2.16137;45.0;52.35
27;Rambla del Raval;41.378681;2.169317;45.0;52.24
28;Turó de la Rovira viewing point;41.419388;2.161812;45.0;51.86
29;Casa Martí, Els Quatre Gats ;41.385775;2.173671;45.0;51.68
30;Palau Güell;41.378864;2.174117;45.0;51.53
31;Maeght;41.384689;2.181526;45.0;51.19
32;Barcelona Zoo;41.386299;2.187545;45.0;51.16
33;Plaça del Rei;41.384144;2.177409;45.0;50.94
34;El Born Centre Cultural;41.385818;2.183785;45.0;50.8
35;67th International Epiphany Hockey Tournament ;41.381253;2.114447;45.0;50.14
36;Museu d’Història de Barcelona;41.384144;2.177409;45.0;49.83
37;Plaça de Catalunya;41.387005;2.17003;45.0;49.58
38;Monument to Doctor Robert;41.394924;2.175599;45.0;49.53
39;Botanical Garden;41.364746;2.159382;45.0;49.49
40;Barcelona Head;41.380924;2.182465;45.0;49.43
41;49th Trofeu Joan Gamper Estrella Damm del FC Barcelona;41.380848;2.122819;45.0;49.06
42;Palau Sant Jordi;41.363441;2.152537;45.0;48.28
43;Poblenou Cemetery;41.394859;2.201189;45.0;47.99
44;Montjuïc Castle;41.363823;2.167096;45.0;47.78
45;Poble Espanyol;41.368679;2.147031;45.0;47.77
46;Mural de les Olles (Pots Mural);41.370934;2.157416;45.0;47.72
47;Royal Dockyards Museu Marítim ;41.375286;2.17598;45.0;47.61
48;Parc del Turó de la Peira;41.432961;2.165669;45.0;47.24
49;Antic Hospital de la Santa Creu;41.380573;2.170374;45.0;47.06
50;Platja de Sant Sebastià;41.373009;2.189541;45.0;46.42
51;Tibidabo Amusement Park;41.422001;2.119771;45.0;46.07
52;La Pedrera (Casa Milà);41.395271;2.161785;45.0;45.55
53;Mirador de Colom;41.375805;2.177753;45.0;45.25
54;Imaginart Gallery;41.393822;2.164627;45.0;44.28
55;Museu d’Art Contemporani de Barcelona (MACBA);41.382809;2.166729;45.0;44.27
56;Àmbit;41.389328;2.163531;45.0;43.82
57;Perfumeria Essència;41.38475;2.161571;45.0;43.63
58;Desigual;41.382489;2.176699;45.0;43.23
59;FINISH;41.374834;2.170055;0.0;0.0
<------------- EDGES -------------->
0;0;1;23.796;6.92
1;0;1;20.845;5.77
2;0;2;22.688;22.1
3;0;2;25.024;23.03
4;0;3;30.107;4.69
5;0;3;22.696;22.66
6;0;4;18.315;1.83
7;0;4;20.436;17.54
8;0;4;13.866;18.91
9;0;5;79.572;23.1
10;0;5;77.272;0.99
11;0;6;74.442;11.4
12;0;7;22.496;0.23
13;0;7;20.061;24.47
14;0;8;32.509;21.92
15;0;8;36.973;2.47
16;0;8;37.961;16.54
17;0;9;45.309;0.13
18;0;9;40.483;18.65
19;0;9;45.387;8.49
20;0;10;93.673;2.49
21;0;11;30.026;1.36
22;0;11;33.656;8.18
23;0;12;17.194;5.87
24;0;13;18.196;23.7
25;0;13;21.464;9.64
26;0;14;28.285;21.32
27;0;14;31.835;6.58
28;0;14;21.663;5.86
29;0;15;18.686;15.4
30;0;15;15.603;7.29
31;0;15;19.411;15.52
32;0;16;57.583;9.0
33;0;16;64.94;7.55
34;0;17;49.508;21.48
35;0;17;42.545;7.17
36;0;18;81.991;9.33
37;0;19;25.336;22.82
38;0;19;23.681;12.74
39;0;20;8.671;15.72
40;0;21;49.491;19.55
41;0;21;52.41;10.89
42;0;22;15.608;16.57
43;0;22;14.176;15.19
44;0;23;31.884;5.56
45;0;23;30.896;21.81
46;0;23;26.25;8.65
47;0;24;27.562;17.23
48;0;24;30.263;13.63
49;0;25;12.868;8.93
50;0;25;9.876;9.7
51;0;26;26.736;19.91
52;0;26;23.313;6.91
53;0;26;23.133;11.75
54;0;27;6.651;21.78
55;0;27;7.212;15.02
56;0;27;5.935;19.97
57;0;28;76.973;13.93
58;0;28;82.94;24.71
59;0;29;19.29;14.6
60;0;30;8.647;7.48
61;0;30;10.36;17.4
62;0;30;9.016;11.06
63;0;31;22.391;19.75
64;0;31;22.099;15.85
65;0;32;29.82;1.01
66;0;33;18.52;23.59
67;0;33;14.778;3.43
68;0;34;25.77;23.52
69;0;34;21.945;13.39
70;0;34;25.734;4.52
71;0;35;72.243;14.74
72;0;36;18.52;24.95
73;0;36;19.921;17.7
74;0;37;20.827;2.04
75;0;37;25.877;12.11
76;0;37;18.168;16.33
77;0;38;35.108;1.19
78;0;38;31.668;19.06
79;0;39;22.042;11.25
80;0;39;20.655;11.74
81;0;40;19.04;22.35
82;0;40;20.027;4.46
83;0;40;21.342;11.45
84;0;41;61.52;13.23
85;0;42;29.769;19.52
86;0;43;52.651;9.35
87;0;43;43.035;7.22
88;0;43;61.876;18.58
89;0;44;19.222;11.85
90;0;44;19.203;3.64
91;0;44;20.207;22.28
92;0;45;31.387;9.67
93;0;45;30.114;0.22
94;0;46;17.549;9.68
95;0;47;7.648;7.26
96;0;47;7.605;19.7
97;0;47;8.425;24.39
98;0;48;99.628;6.69
99;0;48;98.195;19.51
100;0;48;78.364;16.78
101;0;49;9.829;10.95
102;0;49;7.765;11.52
103;0;50;25.217;2.77
104;0;51;103.349;11.16
105;0;52;36.549;2.14
106;0;52;42.034;23.4
107;0;52;38.978;11.45
108;0;53;10.024;18.94
109;0;54;33.232;4.86
110;0;55;14.3;24.57
111;0;55;14.018;21.24
112;0;55;13.262;10.93
113;0;56;26.179;1.62
114;0;56;19.823;15.35
115;0;56;29.838;21.32
116;0;57;20.164;11.1
117;0;57;24.281;9.81
118;0;58;15.633;0.27
119;0;58;15.517;3.52
120;0;59;0.0;11.16
121;0;59;0.0;15.78
122;0;59;0.0;21.47
123;1;2;46.481;22.15
124;1;3;44.354;23.15
125;1;3;50.911;21.63
126;1;3;48.106;10.11
127;1;4;41.71;9.77
128;1;4;41.856;15.37
129;1;5;102.414;16.24
130;1;5;123.016;19.49
131;1;6;97.767;22.62
132;1;6;110.761;15.8
133;1;7;45.08;15.55
134;1;7;39.864;8.97
135;1;8;55.131;20.54
136;1;8;51.365;11.27
137;1;9;68.67;21.76
138;1;9;55.343;17.41
139;1;9;56.833;16.15
140;1;10;97.123;7.63
141;1;11;53.562;7.72
142;1;12;39.892;2.78
143;1;13;39.989;17.77
144;1;14;6.988;12.52
145;1;14;8.354;5.87
146;1;14;6.131;8.45
147;1;15;41.065;14.59
148;1;15;43.526;15.67
149;1;16;81.132;17.69
150;1;16;80.318;16.89
151;1;16;75.161;2.19
152;1;17;50.417;14.01
153;1;18;86.923;0.1
154;1;18;86.789;20.0
155;1;18;86.635;4.11
156;1;19;8.171;12.46
157;1;20;32.461;10.89
158;1;21;65.336;12.26
159;1;22;36.786;9.69
160;1;22;40.765;13.78
161;1;23;55.02;0.38
162;1;23;62.624;16.18
163;1;24;41.226;22.0
164;1;25;36.426;11.29
165;1;26;36.092;15.74
166;1;26;43.71;11.17
167;1;26;35.318;4.47
168;1;27;26.558;18.46
169;1;27;25.773;8.49
170;1;28;87.213;22.48
171;1;28;79.049;1.7
172;1;29;39.024;7.47
173;1;30;31.73;23.81
174;1;30;36.105;3.36
175;1;31;45.24;3.11
176;1;31;35.982;19.24
177;1;32;53.131;0.98
178;1;33;40.525;22.23
179;1;33;47.082;8.04
180;1;33;30.764;24.72
181;1;34;48.72;21.97
182;1;34;53.919;14.56
183;1;35;54.294;21.15
184;1;35;46.347;14.79
185;1;35;67.749;6.09
186;1;36;40.525;21.38
187;1;36;40.712;13.33
188;1;37;37.779;12.86
189;1;37;30.253;17.89
190;1;37;35.662;19.52
191;1;38;53.025;2.58
192;1;39;10.425;8.5
193;1;40;42.744;16.3
194;1;40;52.565;24.24
195;1;40;33.818;22.98
196;1;41;44.275;1.82
197;1;41;35.468;7.78
198;1;41;39.143;11.15
199;1;42;9.263;19.31
200;1;43;75.887;8.23
201;1;44;19.619;9.17
202;1;45;8.115;8.75
203;1;45;6.23;15.35
204;1;45;6.474;19.02
205;1;46;6.355;8.16
206;1;47;31.099;0.34
207;1;47;27.618;13.02
208;1;47;38.733;16.22
209;1;48;110.894;21.76
210;1;49;29.708;23.41
211;1;49;25.448;21.24
212;1;49;35.419;13.65
213;1;50;47.029;11.5
214;1;50;57.303;4.29
215;1;50;46.181;24.76
216;1;51;100.696;5.15
217;1;51;121.382;23.74
218;1;52;46.542;6.44
219;1;52;51.332;19.87
220;1;53;33.543;13.92
221;1;53;40.577;12.39
222;1;54;45.169;10.49
223;1;54;50.406;19.09
224;1;54;48.743;22.9
225;1;55;29.467;1.68
226;1;55;24.701;23.09
227;1;56;37.451;12.35
228;1;57;29.234;21.57
229;1;57;25.243;6.21
230;1;57;28.425;6.95
231;1;58;38.03;24.66
232;1;58;44.08;13.47
233;1;58;43.103;22.74
234;1;59;23.796;14.19
235;2;3;30.314;18.35
236;2;3;22.944;10.97
237;2;3;36.054;8.96
238;2;4;7.549;3.01
239;2;4;7.964;12.36
240;2;4;8.103;7.04
241;2;5;58.279;4.69
242;2;5;47.593;18.7
243;2;5;53.631;7.89
244;2;6;52.433;5.56
245;2;7;9.749;8.34
246;2;7;10.327;10.39
247;2;8;14.4;10.04
248;2;9;23.621;22.85
249;2;9;27.501;12.76
250;2;10;95.389;24.44
251;2;10;94.614;12.0
252;2;11;9.344;16.42
253;2;11;7.149;14.84
254;2;12;10.323;4.57
255;2;12;12.874;8.39
256;2;12;9.86;6.4
257;2;13;12.858;18.74
258;2;13;13.385;24.45
259;2;13;11.216;13.89
260;2;14;50.763;22.35
261;2;14;59.813;4.01
262;2;15;10.905;20.55
263;2;16;35.299;1.22
264;2;16;28.978;21.03
265;2;16;30.272;18.04
266;2;17;58.016;8.45
267;2;17;54.623;11.0
268;2;17;66.238;19.92
269;2;18;83.027;17.04
270;2;18;67.677;7.08
271;2;18;65.831;6.8
272;2;19;47.282;2.68
273;2;19;55.109;2.17
274;2;19;37.491;9.6
275;2;20;14.02;20.48
276;2;20;14.511;0.53
277;2;21;41.52;3.46
278;2;21;45.882;18.8
279;2;22;15.128;9.63
280;2;23;12.0;9.12
281;2;23;13.985;20.19
282;2;23;14.346;22.06
283;2;24;29.821;22.6
284;2;24;23.933;18.7
285;2;25;10.797;2.71
286;2;25;9.25;6.91
287;2;26;34.348;10.17
288;2;27;21.487;17.9
289;2;27;19.74;18.85
290;2;27;23.773;13.43
291;2;28;72.778;17.3
292;2;29;17.705;16.0
293;2;29;18.15;13.89
294;2;29;16.289;15.44
295;2;30;15.381;6.22
296;2;30;17.226;6.98
297;2;31;8.556;1.13
298;2;31;8.574;18.51
299;2;31;7.424;4.94
300;2;32;9.587;6.63
301;2;33;12.156;10.34
302;2;33;14.85;16.24
303;2;34;8.883;23.49
304;2;34;9.046;4.36
305;2;35;91.617;1.76
306;2;35;102.887;24.43
307;2;35;100.595;22.55
308;2;36;12.156;15.3
309;2;37;22.821;18.34
310;2;37;27.48;14.65
311;2;38;27.411;14.0
312;2;38;32.347;3.88
313;2;38;26.331;1.36
314;2;39;43.708;7.92
315;2;40;4.283;22.06
316;2;40;3.805;6.36
317;2;41;80.865;2.44
318;2;42;52.078;6.48
319;2;43;31.063;24.72
320;2;43;34.072;3.7
321;2;43;35.638;21.54
322;2;44;37.763;20.25
323;2;45;53.965;8.12
324;2;45;65.75;7.14
325;2;46;40.204;21.83
326;2;46;49.486;20.6
327;2;46;44.552;23.81
328;2;47;15.801;0.17
329;2;48;92.838;3.27
330;2;49;19.811;19.86
331;2;49;17.941;19.62
332;2;50;14.255;5.76
333;2;50;17.033;16.26
334;2;51;110.188;9.87
335;2;52;39.488;4.37
336;2;52;44.127;22.75
337;2;52;35.484;13.55
338;2;53;13.466;20.79
339;2;53;11.714;8.56
340;2;53;15.517;11.69
341;2;54;35.092;14.32
342;2;55;24.713;12.18
343;2;55;21.163;24.87
344;2;56;32.059;19.31
345;2;56;36.095;8.02
346;2;56;32.132;5.36
347;2;57;31.815;17.14
348;2;58;12.016;8.13
349;2;58;10.266;8.06
350;2;59;22.688;13.35
351;2;59;24.091;7.13
352;2;59;24.904;10.76
353;3;4;34.073;18.47
354;3;5;65.123;9.54
355;3;6;63.137;20.7
356;3;6;76.224;20.39
357;3;6;78.268;11.67
358;3;7;20.74;8.82
359;3;7;23.396;23.89
360;3;8;24.601;1.69
361;3;9;37.998;7.72
362;3;9;46.832;10.57
363;3;9;36.522;15.2
364;3;10;65.94;21.2
365;3;10;70.343;10.04
366;3;11;39.115;11.12
367;3;11;47.021;18.2
368;3;12;21.053;11.8
369;3;12;17.862;22.46
370;3;12;22.724;15.34
371;3;13;18.125;17.78
372;3;14;51.088;15.69
373;3;14;63.336;6.37
374;3;14;62.742;19.38
375;3;15;19.813;10.04
376;3;15;21.353;13.23
377;3;16;49.88;12.6
378;3;16;53.428;1.53
379;3;17;28.717;23.01
380;3;18;53.755;17.38
381;3;19;39.813;18.05
382;3;19;36.873;9.87
383;3;20;27.936;24.02
384;3;20;26.29;2.05
385;3;21;20.984;2.71
386;3;21;23.581;7.96
387;3;22;17.643;14.73
388;3;23;27.199;19.09
389;3;23;26.526;24.92
390;3;24;3.134;24.38
391;3;24;2.431;14.02
392;3;24;3.285;10.79
393;3;25;31.379;6.72
394;3;26;10.054;8.88
395;3;26;7.781;20.31
396;3;27;23.466;13.35
397;3;27;24.159;6.62
398;3;28;46.911;18.98
399;3;28;54.345;2.91
400;3;28;35.305;16.51
401;3;29;13.515;8.4
402;3;29;10.407;2.61
403;3;29;11.322;14.22
404;3;30;24.444;23.07
405;3;30;28.988;16.92
406;3;31;21.925;19.57
407;3;31;25.501;12.51
408;3;32;27.339;7.92
409;3;32;24.38;16.26
410;3;33;18.66;24.02
411;3;33;21.459;15.48
412;3;34;23.327;14.41
413;3;34;23.198;23.22
414;3;34;25.025;0.01
415;3;35;71.126;6.37
416;3;36;18.66;20.5
417;3;37;9.569;15.25
418;3;37;7.463;6.39
419;3;37;8.763;23.17
420;3;38;10.896;21.18
421;3;39;48.466;20.51
422;3;39;47.106;5.0
423;3;39;36.395;12.42
424;3;40;27.111;11.46
425;3;40;20.715;22.6
426;3;41;61.055;16.88
427;3;42;53.226;11.25
428;3;42;55.209;17.48
429;3;42;40.554;17.72
430;3;43;43.031;22.29
431;3;43;36.602;24.96
432;3;44;48.824;10.04
433;3;44;38.706;13.66
434;3;45;48.521;6.74
435;3;46;39.012;6.03
436;3;46;48.369;10.58
437;3;47;31.014;18.77
438;3;48;69.552;21.64
439;3;48;65.468;18.98
440;3;48;78.284;14.37
441;3;49;20.413;7.34
442;3;49;20.746;19.68
443;3;50;43.266;7.59
444;3;50;49.489;20.08
445;3;51;79.877;13.86
446;3;51;97.318;11.57
447;3;51;68.754;19.72
448;3;52;9.238;18.17
449;3;53;31.042;0.99
450;3;53;33.559;4.36
451;3;54;4.83;0.82
452;3;54;4.048;12.2
453;3;54;5.578;20.26
454;3;55;16.387;16.68
455;3;55;19.544;19.09
456;3;56;7.568;24.0
457;3;56;9.112;5.86
458;3;56;8.203;17.63
459;3;57;15.29;21.77
460;3;58;20.351;5.13
461;3;58;19.494;15.07
462;3;58;23.653;22.86
463;3;59;30.107;1.49
464;3;59;37.084;2.92
465;3;59;23.272;4.49
466;4;5;65.31;2.38
467;4;5;79.431;4.66
468;4;6;59.115;7.8
469;4;6;46.907;0.99
470;4;6;62.571;20.83
471;4;7;15.226;12.82
472;4;8;21.825;16.22
473;4;8;23.448;11.45
474;4;8;17.207;9.69
475;4;9;30.731;23.77
476;4;9;36.321;8.08
477;4;10;99.932;3.64
478;4;10;88.705;3.59
479;4;11;11.863;4.05
480;4;12;13.035;6.87
481;4;12;12.163;20.28
482;4;13;15.964;18.03
483;4;13;19.831;21.18
484;4;13;13.795;5.23
485;4;14;45.296;12.59
486;4;14;42.656;11.59
487;4;14;34.657;0.28
488;4;15;14.427;1.07
489;4;15;11.462;8.14
490;4;15;15.353;12.81
491;4;16;41.861;7.52
492;4;16;33.752;17.15
493;4;16;51.89;13.96
494;4;17;60.227;22.71
495;4;18;87.667;13.55
496;4;18;67.343;18.34
497;4;18;85.006;8.17
498;4;19;43.638;19.76
499;4;19;48.467;17.76
500;4;19;54.379;5.8
501;4;20;10.457;0.73
502;4;21;47.752;22.57
503;4;21;38.012;2.2
504;4;22;16.864;13.83
505;4;23;19.544;18.06
506;4;23;15.151;4.67
507;4;23;19.903;9.74
508;4;24;32.94;4.44
509;4;24;26.145;22.33
510;4;24;34.372;23.04
511;4;25;5.48;8.29
512;4;26;36.11;16.49
513;4;26;34.241;14.56
514;4;26;41.525;19.56
515;4;27;19.327;15.67
516;4;27;16.222;1.09
517;4;28;78.579;2.11
518;4;28;79.715;3.75
519;4;29;20.617;14.89
520;4;29;17.955;16.17
521;4;30;13.4;12.7
522;4;30;13.542;17.89
523;4;30;13.063;11.52
524;4;31;14.195;13.1
525;4;31;13.996;6.46
526;4;32;17.13;1.28
527;4;32;13.332;14.51
528;4;32;17.324;0.24
529;4;33;15.483;8.83
530;4;33;16.306;15.01
531;4;34;15.737;13.3
532;4;34;19.266;20.71
533;4;34;17.488;3.41
534;4;35;89.808;0.88
535;4;35;76.372;18.86
536;4;36;15.483;5.42
537;4;36;13.5;10.31
538;4;37;25.351;20.3
539;4;38;33.169;8.9
540;4;38;28.186;2.52
541;4;38;29.076;24.83
542;4;39;37.712;14.49
543;4;39;31.811;1.13
544;4;39;33.258;12.1
545;4;40;7.656;1.78
546;4;40;7.64;7.89
547;4;40;6.07;7.01
548;4;41;79.039;23.49
549;4;42;46.408;5.38
550;4;42;39.846;9.65
551;4;43;38.132;7.12
552;4;44;30.947;1.42
553;4;44;26.346;20.91
554;4;45;49.527;13.28
555;4;45;47.97;11.99
556;4;46;35.644;20.36
557;4;46;37.85;19.49
558;4;46;40.697;10.03
559;4;47;10.697;19.06
560;4;47;10.685;0.55
561;4;47;9.446;3.36
562;4;48;99.269;16.84
563;4;48;115.799;18.36
564;4;48;97.06;10.73
565;4;49;18.896;5.95
566;4;50;9.317;1.73
567;4;50;9.348;10.33
568;4;51;113.364;20.71
569;4;51;136.929;3.33
570;4;52;42.897;5.91
571;4;52;35.908;15.38
572;4;52;42.088;0.27
573;4;53;8.291;18.74
574;4;53;9.405;14.57
575;4;53;8.559;24.47
576;4;54;38.629;22.95
577;4;55;24.707;14.2
578;4;55;24.491;24.9
579;4;56;34.222;13.78
580;4;56;32.459;23.94
581;4;57;32.115;3.17
582;4;58;13.836;7.86
583;4;59;18.315;6.96
584;4;59;20.067;13.2
585;4;59;14.526;4.49
586;5;6;8.891;8.84
587;5;6;6.669;11.99
588;5;7;57.363;7.28
589;5;7;47.671;8.22
590;5;7;58.071;8.81
591;5;8;47.29;24.59
592;5;8;55.229;16.24
593;5;8;52.385;22.92
594;5;9;34.657;7.71
595;5;10;100.386;16.32
596;5;10;100.412;5.22
597;5;10;78.831;8.28
598;5;11;55.587;19.95
599;5;11;51.038;17.9
600;5;11;52.319;3.85
601;5;12;62.614;17.6
602;5;12;65.251;23.08
603;5;13;62.439;2.34
604;5;14;107.715;3.49
605;5;14;119.924;7.5
606;5;14;104.709;19.62
607;5;15;61.364;4.49
608;5;16;24.273;4.47
609;5;16;28.799;1.76
610;5;17;88.529;4.88
611;5;18;89.838;9.53
612;5;19;100.892;13.26
613;5;19;116.488;17.69
614;5;20;71.28;9.72
615;5;20;81.875;13.1
616;5;20;69.893;12.03
617;5;21;51.851;5.41
618;5;21;53.038;12.48
619;5;22;65.684;9.21
620;5;22;58.837;20.01
621;5;22;70.617;21.51
622;5;23;47.692;19.94
623;5;23;59.588;22.09
624;5;23;40.784;14.49
625;5;24;67.603;18.07
626;5;24;66.943;3.5
627;5;25;69.031;11.98
628;5;25;66.217;4.15
629;5;26;75.007;5.56
630;5;26;60.3;13.26
631;5;27;75.858;17.39
632;5;28;70.801;14.73
633;5;28;86.473;22.1
634;5;28;56.238;8.18
635;5;29;64.018;1.71
636;5;29;59.992;21.22
637;5;29;75.859;8.42
638;5;30;71.038;21.82
639;5;31;57.287;12.28
640;5;31;54.216;11.04
641;5;32;49.818;12.73
642;5;33;61.891;21.8
643;5;33;56.564;13.2
644;5;33;66.648;3.26
645;5;34;53.844;3.61
646;5;34;64.328;7.34
647;5;34;45.619;4.51
648;5;35;135.954;1.02
649;5;35;148.079;12.45
650;5;35;162.239;21.72
651;5;36;61.891;14.64
652;5;36;68.612;13.89
653;5;36;53.728;21.25
654;5;37;66.786;1.59
655;5;38;54.228;12.06
656;5;38;55.082;9.27
657;5;39;101.471;3.6
658;5;40;60.987;17.9
659;5;40;61.408;21.92
660;5;40;51.807;17.87
661;5;41;126.093;5.95
662;5;42;109.307;8.97
663;5;42;83.676;16.47
664;5;42;121.211;1.01
665;5;43;27.216;10.06
666;5;43;27.646;2.87
667;5;44;96.041;2.0
668;5;45;108.905;19.48
669;5;45;123.665;10.64
670;5;45;83.921;17.25
671;5;46;96.087;3.43
672;5;47;73.727;21.85
673;5;47;76.816;22.84
674;5;48;76.64;16.7
675;5;48;61.582;24.9
676;5;48;94.527;1.02
677;5;49;72.753;0.0
678;5;49;80.961;10.28
679;5;49;87.37;17.12
680;5;50;66.755;1.64
681;5;50;68.541;22.49
682;5;50;56.697;2.01
683;5;51;124.222;2.94
684;5;52;70.732;22.86
685;5;53;71.549;8.86
686;5;53;58.868;24.16
687;5;53;76.17;0.87
688;5;54;68.043;13.17
689;5;54;81.938;12.76
690;5;55;74.236;11.77
691;5;55;71.766;24.65
692;5;56;72.277;15.22
693;5;56;81.895;16.66
694;5;56;58.018;8.14
695;5;57;78.11;3.73
696;5;57;64.26;23.74
697;5;58;64.42;2.09
698;5;58;58.633;18.02
699;5;59;79.572;18.27
700;6;7;52.787;5.84
701;6;7;49.561;16.5
702;6;8;42.91;14.45
703;6;8;49.267;5.31
704;6;9;29.136;17.39
705;6;9;23.216;7.73
706;6;10;104.258;11.35
707;6;10;79.002;24.8
708;6;10;94.198;13.53
709;6;11;48.727;2.86
710;6;12;57.892;5.87
711;6;12;53.807;9.52
712;6;12;55.963;15.23
713;6;13;58.09;6.09
714;6;13;47.243;9.71
715;6;13;64.754;24.11
716;6;14;102.722;23.51
717;6;14;117.921;1.58
718;6;15;56.809;21.64
719;6;15;69.584;5.48
720;6;16;17.276;20.54
721;6;17;88.328;8.4
722;6;17;70.788;7.84
723;6;18;93.199;3.52
724;6;18;77.052;24.94
725;6;19;96.875;21.9
726;6;20;65.94;22.79
727;6;20;70.227;24.38
728;6;21;52.504;6.42
729;6;22;61.402;24.42
730;6;23;42.748;16.71
731;6;23;47.725;9.49
732;6;24;65.343;17.07
733;6;24;63.03;16.97
734;6;24;63.422;21.36
735;6;25;63.227;21.88
736;6;26;72.712;11.56
737;6;26;76.169;7.48
738;6;26;75.739;8.83
739;6;27;71.292;18.59
740;6;28;74.772;22.49
741;6;29;60.251;12.96
742;6;29;66.207;24.56
743;6;30;66.092;19.61
744;6;30;74.654;9.51
745;6;31;52.548;4.08
746;6;32;44.666;15.33
747;6;32;40.405;20.57
748;6;33;57.478;21.42
749;6;33;56.374;4.21
750;6;34;49.064;18.77
751;6;34;41.402;14.1
752;6;34;55.497;18.71
753;6;35;134.262;19.13
754;6;36;57.478;1.63
755;6;37;63.55;19.67
756;6;37;52.091;8.47
757;6;38;52.388;13.28
758;6;38;49.715;7.61
759;6;39;96.061;12.46
760;6;40;55.522;7.16
761;6;41;124.133;10.18
762;6;41;94.072;4.68
763;6;42;104.196;3.95
764;6;42;117.584;17.5
765;6;43;21.887;17.29
766;6;43;20.12;7.65
767;6;43;27.174;5.1
768;6;44;90.045;8.12
769;6;44;83.049;13.6
770;6;44;102.796;10.11
771;6;45;104.601;23.23
772;6;45;80.882;1.98
773;6;45;119.296;2.73
774;6;46;91.412;0.72
775;6;47;68.151;17.9
776;6;47;65.451;9.16
777;6;47;79.731;4.37
778;6;48;82.781;13.25
779;6;49;68.379;21.74
780;6;49;61.682;6.59
781;6;49;54.632;19.77
782;6;50;59.687;14.94
783;6;50;56.216;9.18
784;6;51;127.252;20.17
785;6;51;140.742;16.01
786;6;51;122.24;5.55
787;6;52;69.654;15.99
788;6;52;71.732;20.93
789;6;52;74.28;22.86
790;6;53;65.874;9.15
791;6;54;66.54;19.88
792;6;54;52.277;3.87
793;6;54;62.356;6.71
794;6;55;70.502;13.53
795;6;56;69.918;12.81
796;6;57;75.047;0.69
797;6;57;88.368;8.82
798;6;58;59.79;19.95
799;6;58;56.89;13.27
800;6;58;70.393;18.72
801;6;59;74.442;9.06
802;6;59;82.491;23.35
803;6;59;58.524;4.49
804;7;8;10.085;11.62
805;7;8;12.323;7.59
806;7;8;8.207;12.65
807;7;9;23.888;20.86
808;7;9;19.647;17.7
809;7;9;19.006;17.89
810;7;10;85.65;10.39
811;7;10;93.1;4.67
812;7;10;105.115;3.95
813;7;11;18.382;4.79
814;7;12;5.307;17.48
815;7;13;5.468;22.85
816;7;14;50.384;14.84
817;7;14;45.414;12.67
818;7;15;4.023;7.6
819;7;16;36.571;11.02
820;7;16;35.229;2.17
821;7;17;48.924;16.26
822;7;18;73.294;16.63
823;7;18;75.251;2.78
824;7;19;44.188;6.27
825;7;19;51.147;13.47
826;7;20;14.979;21.86
827;7;21;32.528;23.02
828;7;21;39.178;18.55
829;7;22;8.778;23.77
830;7;23;10.181;22.04
831;7;23;10.362;4.13
832;7;24;20.552;0.46
833;7;24;16.253;18.65
834;7;24;16.597;15.0
835;7;25;15.107;23.61
836;7;26;25.88;22.19
837;7;26;28.329;3.81
838;7;27;18.534;6.07
839;7;27;16.425;0.75
840;7;28;63.438;9.5
841;7;29;9.29;24.29
842;7;30;13.852;20.45
843;7;31;1.197;18.19
844;7;31;0.96;14.89
845;7;32;8.79;0.99
846;7;33;4.777;21.56
847;7;33;5.098;9.02
848;7;33;4.801;21.84
849;7;34;3.907;20.67
850;7;34;3.751;14.49
851;7;34;4.269;17.25
852;7;35;85.539;0.51
853;7;35;68.761;4.81
854;7;35;82.476;15.38
855;7;36;4.777;17.13
856;7;36;5.803;0.25
857;7;36;4.03;3.63
858;7;37;14.254;13.87
859;7;38;17.99;6.36
860;7;39;44.539;3.25
861;7;39;35.074;9.48
862;7;39;51.576;21.73
863;7;40;7.57;14.77
864;7;41;74.893;21.32
865;7;41;80.739;17.04
866;7;42;52.029;3.7
867;7;42;48.001;7.13
868;7;43;30.906;21.74
869;7;43;37.016;4.91
870;7;43;25.325;4.14
871;7;44;40.599;10.86
872;7;44;46.541;0.62
873;7;45;51.814;17.42
874;7;45;40.542;14.47
875;7;45;49.882;24.58
876;7;46;38.74;17.34
877;7;47;18.056;11.64
878;7;47;13.796;20.58
879;7;47;17.653;17.72
880;7;48;84.056;0.3
881;7;48;85.436;15.47
882;7;49;15.606;17.25
883;7;50;23.622;16.68
884;7;51;100.592;11.17
885;7;51;112.232;14.9
886;7;52;29.967;23.39
887;7;52;25.428;21.57
888;7;52;28.243;5.02
889;7;53;16.534;18.88
890;7;53;17.189;16.76
891;7;53;18.027;22.13
892;7;54;25.556;21.18
893;7;54;28.095;19.66
894;7;55;18.595;15.04
895;7;56;23.356;0.24
896;7;56;27.299;20.35
897;7;57;24.78;15.54
898;7;58;7.057;15.24
899;7;59;22.496;3.79
900;8;9;14.501;11.41
901;8;10;85.235;3.87
902;8;11;18.996;21.45
903;8;12;15.372;7.85
904;8;12;13.923;11.98
905;8;13;15.208;5.68
906;8;13;11.467;15.81
907;8;14;60.469;1.71
908;8;14;61.932;16.99
909;8;15;14.075;1.37
910;8;15;15.575;19.77
911;8;15;15.171;9.07
912;8;16;27.178;18.21
913;8;16;22.451;13.25
914;8;17;53.228;10.27
915;8;17;49.298;14.67
916;8;18;72.833;23.21
917;8;18;84.595;23.97
918;8;19;53.966;10.39
919;8;20;24.63;5.86
920;8;20;20.243;16.83
921;8;21;29.022;19.31
922;8;21;22.983;6.07
923;8;21;27.963;23.35
924;8;22;18.504;10.61
925;8;22;20.273;24.45
926;8;23;3.361;3.77
927;8;23;3.404;10.45
928;8;24;25.644;6.58
929;8;24;22.068;11.47
930;8;25;23.627;22.36
931;8;25;19.603;7.97
932;8;25;21.305;24.66
933;8;26;32.326;9.52
934;8;26;38.313;21.0
935;8;27;28.573;9.92
936;8;27;29.854;14.91
937;8;27;25.177;15.31
938;8;28;60.565;10.78
939;8;28;60.762;21.65
940;8;29;17.568;23.18
941;8;30;23.885;13.75
942;8;30;29.216;15.23
943;8;30;22.258;23.35
944;8;31;10.121;22.38
945;8;31;12.127;1.85
946;8;31;12.008;14.46
947;8;32;5.206;3.74
948;8;32;5.713;11.08
949;8;33;14.627;8.05
950;8;33;13.811;9.93
951;8;33;17.534;17.97
952;8;34;6.858;14.2
953;8;34;6.784;5.36
954;8;34;5.347;11.65
955;8;35;93.576;17.2
956;8;35;102.634;19.07
957;8;35;98.239;9.28
958;8;36;14.627;13.58
959;8;37;21.551;23.0
960;8;37;18.69;19.59
961;8;37;22.136;11.07
962;8;38;17.085;2.49
963;8;39;54.542;24.51
964;8;39;64.617;11.49
965;8;40;15.178;6.73
966;8;41;83.075;1.44
967;8;41;96.2;13.98
968;8;42;62.109;0.12
969;8;42;63.546;7.53
970;8;42;63.107;4.69
971;8;43;21.106;0.06
972;8;44;50.168;21.25
973;8;44;59.913;1.97
974;8;44;43.879;15.66
975;8;45;61.754;19.36
976;8;46;48.799;16.68
977;8;47;27.476;2.02
978;8;47;21.646;9.9
979;8;47;27.409;13.65
980;8;48;79.458;10.27
981;8;48;97.556;7.11
982;8;49;25.526;4.55
983;8;49;23.209;6.1
984;8;49;31.461;24.44
985;8;50;28.053;18.46
986;8;50;25.621;6.69
987;8;51;102.407;9.57
988;8;51;93.709;7.62
989;8;51;113.168;3.88
990;8;52;33.419;23.77
991;8;52;37.266;17.32
992;8;53;25.626;24.54
993;8;54;29.21;21.97
994;8;54;33.565;13.47
995;8;55;27.729;2.14
996;8;56;29.55;12.82
997;8;57;32.978;6.94
998;8;58;17.137;13.98
999;8;58;17.11;0.56
1000;8;58;12.942;1.98
1001;8;59;32.509;21.14
1002;9;10;93.102;15.63
1003;9;11;22.057;4.21
1004;9;11;25.975;10.8
1005;9;11;19.746;16.3
1006;9;12;28.859;10.19
1007;9;12;33.075;23.63
1008;9;13;29.303;13.79
1009;9;13;27.112;8.09
1010;9;13;33.912;1.74
1011;9;14;73.587;24.82
1012;9;14;71.577;15.88
1013;9;15;27.879;18.08
1014;9;16;12.717;21.46
1015;9;16;10.428;15.09
1016;9;17;65.986;3.83
1017;9;17;68.599;24.43
1018;9;17;51.735;10.01
1019;9;18;80.897;14.09
1020;9;19;68.074;22.64
1021;9;19;68.724;7.46
1022;9;20;36.838;21.78
1023;9;21;35.955;21.99
1024;9;21;40.649;12.9
1025;9;22;32.631;23.42
1026;9;22;29.738;17.5
1027;9;23;13.725;1.88
1028;9;23;15.311;2.07
1029;9;23;11.383;18.81
1030;9;24;39.493;16.95
1031;9;25;34.38;20.93
1032;9;25;38.048;3.17
1033;9;25;26.742;12.58
1034;9;26;46.477;12.55
1035;9;26;37.307;21.32
1036;9;26;58.059;21.65
1037;9;27;42.272;20.95
1038;9;27;48.213;23.19
1039;9;28;66.005;2.18
1040;9;28;65.53;22.28
1041;9;29;32.05;10.63
1042;9;29;26.547;10.74
1043;9;30;36.967;9.51
1044;9;31;23.543;15.14
1045;9;31;19.581;24.51
1046;9;31;21.445;14.22
1047;9;32;15.541;10.92
1048;9;33;28.647;6.89
1049;9;34;20.066;4.92
1050;9;34;17.883;13.62
1051;9;35;107.971;23.98
1052;9;35;86.597;7.59
1053;9;35;125.258;13.77
1054;9;36;28.647;14.31
1055;9;36;28.836;12.94
1056;9;37;36.011;8.84
1057;9;37;33.752;15.66
1058;9;37;36.323;4.49
1059;9;38;28.594;16.39
1060;9;39;67.007;15.89
1061;9;39;72.326;13.07
1062;9;40;26.448;2.12
1063;9;41;97.511;8.18
1064;9;41;118.375;10.99
1065;9;42;75.07;18.99
1066;9;42;61.578;14.98
1067;9;42;70.441;18.42
1068;9;43;7.444;14.04
1069;9;43;8.089;13.01
1070;9;44;61.384;23.39
1071;9;44;74.365;8.03
1072;9;45;75.617;11.89
1073;9;45;71.648;23.78
1074;9;46;62.314;11.02
1075;9;46;71.934;1.51
1076;9;46;76.017;11.21
1077;9;47;39.149;15.1
1078;9;48;81.733;0.85
1079;9;49;39.479;21.61
1080;9;50;33.31;19.4
1081;9;50;39.836;24.46
1082;9;51;112.452;1.4
1083;9;52;46.181;19.54
1084;9;52;34.727;20.61
1085;9;53;36.93;19.52
1086;9;53;34.679;15.44
1087;9;54;42.271;2.34
1088;9;54;32.96;3.2
1089;9;54;36.576;5.83
1090;9;55;42.145;20.05
1091;9;55;46.619;24.32
1092;9;55;33.385;20.72
1093;9;56;43.668;11.76
1094;9;56;52.525;8.21
1095;9;56;48.625;19.12
1096;9;57;47.47;3.78
1097;9;57;53.239;18.91
1098;9;58;30.793;17.12
1099;9;58;26.441;4.67
1100;9;59;45.309;7.96
1101;9;59;34.538;21.62
1102;10;11;103.288;2.89
1103;10;12;86.899;9.25
1104;10;12;74.548;11.83
1105;10;13;83.972;4.47
1106;10;13;95.135;11.47
1107;10;13;86.878;0.57
1108;10;14;103.777;13.08
1109;10;15;85.535;3.59
1110;10;15;74.406;12.59
1111;10;16;100.154;19.3
1112;10;16;112.328;12.7
1113;10;16;105.403;15.41
1114;10;17;46.711;19.27
1115;10;17;47.723;12.1
1116;10;18;12.409;21.6
1117;10;18;14.193;12.18
1118;10;18;9.33;7.91
1119;10;19;89.327;24.02
1120;10;20;93.521;19.43
1121;10;21;57.209;2.69
1122;10;21;59.237;22.48
1123;10;22;83.549;23.01
1124;10;22;92.233;9.16
1125;10;22;94.076;19.07
1126;10;23;88.556;9.06
1127;10;24;67.493;20.04
1128;10;24;72.557;17.65
1129;10;24;70.148;2.73
1130;10;25;97.279;17.71
1131;10;26;66.937;14.55
1132;10;26;61.072;23.15
1133;10;26;77.057;8.86
1134;10;27;87.307;17.03
1135;10;28;29.586;6.18
1136;10;28;29.651;0.14
1137;10;28;27.121;1.51
1138;10;29;79.454;12.98
1139;10;30;89.874;11.29
1140;10;31;86.837;15.79
1141;10;31;108.373;2.02
1142;10;32;89.762;7.77
1143;10;33;84.45;4.78
1144;10;33;81.941;1.36
1145;10;33;63.416;18.84
1146;10;34;87.17;15.97
1147;10;34;69.849;21.75
1148;10;34;104.04;8.63
1149;10;35;81.135;2.3
1150;10;35;84.509;19.1
1151;10;36;84.45;14.03
1152;10;37;75.189;7.0
1153;10;37;75.073;11.93
1154;10;37;88.425;21.67
1155;10;38;68.519;11.82
1156;10;38;70.811;4.1
1157;10;39;105.558;18.94
1158;10;40;92.705;7.21
1159;10;40;70.236;1.75
1160;10;41;78.109;12.28
1161;10;41;63.729;9.65
1162;10;42;106.029;21.62
1163;10;42;129.06;23.05
1164;10;42;95.871;8.1
1165;10;43;93.798;15.92
1166;10;43;82.698;21.41
1167;10;43;114.423;22.9
1168;10;44;109.833;5.37
1169;10;44;135.459;13.84
1170;10;45;96.25;22.93
1171;10;46;94.672;22.48
1172;10;46;74.739;1.19
1173;10;46;117.486;19.42
1174;10;47;96.388;10.73
1175;10;48;36.032;11.78
1176;10;48;40.872;3.35
1177;10;49;85.017;0.48
1178;10;49;93.98;23.34
1179;10;49;85.099;20.63
1180;10;50;109.004;14.8
1181;10;50;127.99;23.56
1182;10;50;127.212;19.91
1183;10;51;26.173;23.99
1184;10;51;28.841;16.55
1185;10;52;57.641;12.26
1186;10;53;96.735;7.07
1187;10;54;61.618;12.91
1188;10;54;76.372;14.19
1189;10;54;55.059;5.86
1190;10;55;79.501;10.87
1191;10;55;74.435;1.79
1192;10;55;89.252;16.2
1193;10;56;67.678;16.72
1194;10;56;70.389;17.93
1195;10;57;73.775;20.67
1196;10;57;91.184;0.09
1197;10;57;67.896;4.64
1198;10;58;86.288;5.96
1199;10;59;93.673;21.83
1200;11;12;19.667;23.18
1201;11;13;22.147;16.39
1202;11;13;27.657;1.0
1203;11;13;23.25;6.79
1204;11;14;57.121;10.04
1205;11;15;20.174;14.69
1206;11;15;24.752;14.59
1207;11;16;31.508;19.94
1208;11;16;32.33;15.55
1209;11;16;28.588;16.89
1210;11;17;67.183;11.37
1211;11;17;72.911;7.46
1212;11;18;90.886;18.31
1213;11;18;100.854;20.12
1214;11;19;55.244;20.68
1215;11;20;21.705;17.21
1216;11;20;24.382;13.24
1217;11;20;20.78;23.65
1218;11;21;47.913;1.46
1219;11;22;24.469;6.56
1220;11;22;22.53;17.57
1221;11;23;15.711;9.53
1222;11;23;16.98;6.7
1223;11;24;38.871;12.28
1224;11;24;37.941;2.34
1225;11;25;17.176;24.82
1226;11;25;20.494;15.67
1227;11;25;14.394;15.57
1228;11;26;43.651;9.35
1229;11;26;35.354;2.99
1230;11;27;30.057;11.5
1231;11;28;79.455;13.07
1232;11;29;26.949;12.49
1233;11;29;21.949;1.89
1234;11;30;23.888;20.26
1235;11;31;17.206;24.25
1236;11;31;19.404;3.66
1237;11;32;13.908;8.56
1238;11;32;14.372;1.75
1239;11;33;21.427;0.66
1240;11;33;26.283;17.02
1241;11;34;16.168;15.06
1242;11;34;13.285;13.19
1243;11;34;16.415;18.22
1244;11;35;100.562;10.29
1245;11;36;21.427;18.55
1246;11;37;32.075;19.01
1247;11;38;34.798;13.26
1248;11;38;29.905;5.22
1249;11;39;49.404;3.93
1250;11;39;54.963;2.77
1251;11;39;49.258;15.2
1252;11;40;13.506;1.16
1253;11;40;13.46;19.61
1254;11;40;10.226;19.31
1255;11;41;89.796;4.65
1256;11;41;108.758;5.82
1257;11;41;108.215;12.78
1258;11;42;58.187;1.25
1259;11;42;54.428;17.89
1260;11;42;57.68;10.95
1261;11;43;28.986;16.54
1262;11;43;27.581;10.84
1263;11;44;42.085;24.05
1264;11;44;41.756;13.05
1265;11;44;45.274;22.95
1266;11;45;61.346;18.97
1267;11;46;47.464;5.46
1268;11;46;40.106;15.44
1269;11;47;22.49;13.96
1270;11;48;98.397;7.67
1271;11;49;28.791;24.3
1272;11;50;11.285;3.89
1273;11;50;12.398;5.38
1274;11;51;118.921;4.88
1275;11;51;131.831;7.44
1276;11;51;133.356;12.07
1277;11;52;48.346;6.59
1278;11;52;50.086;5.22
1279;11;52;52.36;14.41
1280;11;53;20.053;24.52
1281;11;54;43.935;5.01
1282;11;55;33.948;8.71
1283;11;55;40.212;10.86
1284;11;55;29.61;14.66
1285;11;56;41.317;12.66
1286;11;56;38.498;11.92
1287;11;56;39.33;7.76
1288;11;57;41.119;5.77
1289;11;57;36.981;9.92
1290;11;57;32.121;0.87
1291;11;58;21.343;9.75
1292;11;59;30.026;11.06
1293;12;13;2.93;6.9
1294;12;13;3.047;18.58
1295;12;14;45.108;21.59
1296;12;15;1.755;1.97
1297;12;16;41.462;4.95
1298;12;16;36.959;11.64
1299;12;16;48.234;4.01
1300;12;17;47.93;19.36
1301;12;17;54.564;19.79
1302;12;17;42.653;9.54
1303;12;18;74.643;0.9
1304;12;18;89.512;16.11
1305;12;18;62.903;10.77
1306;12;19;39.311;17.22
1307;12;20;9.971;23.35
1308;12;20;8.218;20.75
1309;12;21;35.845;1.48
1310;12;21;41.589;21.71
1311;12;21;32.027;22.15
1312;12;22;4.84;19.12
1313;12;22;4.992;1.28
1314;12;23;15.151;10.44
1315;12;23;14.187;6.7
1316;12;24;20.072;4.16
1317;12;24;16.796;23.62
1318;12;25;11.204;13.89
1319;12;26;24.083;12.77
1320;12;26;20.251;22.73
1321;12;26;18.89;10.68
1322;12;27;13.413;5.23
1323;12;28;66.028;12.36
1324;12;28;80.5;3.81
1325;12;29;7.711;2.75
1326;12;29;9.091;23.16
1327;12;29;9.114;23.81
1328;12;30;8.547;10.89
1329;12;30;10.452;22.84
1330;12;30;8.838;17.62
1331;12;31;5.349;23.64
1332;12;32;13.406;10.0
1333;12;32;12.755;11.75
1334;12;33;2.493;3.76
1335;12;33;3.077;4.32
1336;12;34;8.83;7.62
1337;12;34;7.082;6.44
1338;12;34;8.362;4.52
1339;12;35;81.893;0.72
1340;12;36;2.493;5.15
1341;12;37;12.704;3.72
1342;12;38;20.993;19.74
1343;12;39;39.235;7.83
1344;12;40;6.364;15.53
1345;12;41;71.18;7.55
1346;12;42;46.738;17.46
1347;12;42;35.066;14.81
1348;12;42;54.363;4.52
1349;12;43;36.006;6.04
1350;12;44;35.483;21.77
1351;12;45;46.758;2.16
1352;12;45;41.884;23.27
1353;12;46;33.542;1.47
1354;12;46;29.035;24.81
1355;12;46;39.293;11.05
1356;12;47;13.189;14.09
1357;12;47;14.119;6.27
1358;12;47;10.917;13.9
1359;12;48;87.309;13.53
1360;12;48;92.983;24.2
1361;12;49;10.748;6.41
1362;12;49;12.459;4.58
1363;12;50;22.218;4.07
1364;12;50;17.534;13.49
1365;12;51;100.602;9.67
1366;12;52;29.973;17.87
1367;12;52;23.273;3.07
1368;12;53;12.004;8.93
1369;12;54;25.659;3.48
1370;12;54;23.783;18.83
1371;12;54;22.623;21.24
1372;12;55;14.722;24.76
1373;12;56;21.881;6.78
1374;12;56;25.313;9.69
1375;12;56;16.637;19.39
1376;12;57;21.6;17.67
1377;12;58;1.999;24.53
1378;12;58;1.641;23.61
1379;12;59;17.194;1.33
1380;13;14;45.512;11.13
1381;13;15;1.983;23.52
1382;13;16;42.003;1.04
1383;13;17;45.195;19.38
1384;13;17;49.931;15.84
1385;13;17;55.647;23.27
1386;13;18;71.72;18.45
1387;13;18;60.713;12.89
1388;13;18;67.11;8.39
1389;13;19;38.807;24.65
1390;13;20;11.952;12.03
1391;13;21;33.322;11.1
1392;13;21;38.834;18.13
1393;13;21;35.153;3.66
1394;13;22;3.328;3.72
1395;13;22;2.558;5.21
1396;13;23;15.628;19.84
1397;13;23;12.22;14.11
1398;13;23;19.323;23.04
1399;13;24;17.198;2.79
1400;13;24;15.65;14.04
1401;13;25;13.896;23.42
1402;13;25;15.275;6.59
1403;13;26;21.505;7.37
1404;13;26;20.812;1.14
1405;13;26;20.759;11.32
1406;13;27;13.464;9.66
1407;13;28;63.257;20.59
1408;13;28;65.139;6.55
1409;13;29;4.879;7.79
1410;13;29;4.913;7.49
1411;13;30;9.733;17.92
1412;13;30;8.751;7.3
1413;13;30;7.715;11.91
1414;13;31;6.106;13.51
1415;13;31;5.15;7.0
1416;13;31;6.301;21.17
1417;13;32;14.241;0.98
1418;13;32;10.74;16.41
1419;13;32;16.411;5.85
1420;13;33;0.76;4.12
1421;13;34;9.374;3.92
1422;13;34;11.259;15.23
1423;13;34;10.313;4.34
1424;13;35;80.239;22.7
1425;13;36;0.76;9.5
1426;13;36;0.798;11.37
1427;13;37;9.969;4.18
1428;13;37;10.448;17.48
1429;13;37;10.994;5.35
1430;13;38;18.455;18.18
1431;13;38;15.661;11.12
1432;13;39;40.089;12.88
1433;13;40;9.141;6.94
1434;13;40;10.033;13.9
1435;13;40;6.892;3.56
1436;13;41;69.567;0.98
1437;13;41;80.212;2.89
1438;13;42;47.239;4.41
1439;13;42;38.458;9.49
1440;13;43;36.234;2.33
1441;13;44;37.002;14.28
1442;13;44;46.024;0.06
1443;13;44;38.077;11.43
1444;13;45;46.546;3.61
1445;13;45;55.066;14.3
1446;13;46;33.68;1.3
1447;13;46;41.909;17.5
1448;13;46;32.311;22.5
1449;13;47;15.254;16.04
1450;13;48;84.697;22.71
1451;13;48;80.123;12.42
1452;13;49;10.322;24.92
1453;13;49;12.803;0.56
1454;13;49;8.29;3.91
1455;13;50;25.142;20.86
1456;13;50;21.681;12.98
1457;13;51;97.729;10.93
1458;13;51;91.235;22.98
1459;13;52;27.071;11.69
1460;13;53;14.378;24.92
1461;13;53;14.335;13.58
1462;13;53;11.976;9.05
1463;13;54;22.745;5.4
1464;13;55;13.165;17.2
1465;13;55;10.894;8.32
1466;13;55;10.466;13.35
1467;13;56;19.202;6.26
1468;13;56;15.659;10.55
1469;13;56;18.992;0.26
1470;13;57;19.602;23.4
1471;13;57;16.472;3.37
1472;13;58;2.894;14.06
1473;13;58;3.58;15.37
1474;13;59;18.196;16.82
1475;14;15;46.414;18.32
1476;14;16;85.857;16.02
1477;14;17;57.108;1.47
1478;14;17;52.849;1.92
1479;14;18;93.718;21.11
1480;14;18;115.917;14.5
1481;14;18;83.804;22.84
1482;14;19;14.458;22.52
1483;14;19;12.459;8.11
1484;14;19;14.026;13.49
1485;14;20;36.867;24.46
1486;14;20;45.517;5.31
1487;14;21;72.069;21.26
1488;14;21;72.19;13.84
1489;14;21;79.761;14.36
1490;14;22;42.419;24.08
1491;14;22;45.98;9.83
1492;14;23;60.087;3.96
1493;14;24;47.972;4.96
1494;14;24;46.048;15.96
1495;14;25;40.279;2.18
1496;14;25;43.395;22.68
1497;14;25;47.074;15.59
1498;14;26;43.017;0.73
1499;14;27;32.067;11.68
1500;14;27;27.422;17.83
1501;14;27;36.355;21.47
1502;14;28;94.2;3.05
1503;14;28;76.699;3.43
1504;14;29;44.999;16.48
1505;14;30;36.692;5.56
1506;14;30;36.078;10.44
1507;14;31;50.429;17.21
1508;14;32;58.075;9.73
1509;14;33;45.992;21.43
1510;14;33;56.44;8.58
1511;14;34;53.875;11.84
1512;14;35;56.499;21.5
1513;14;35;63.264;14.42
1514;14;35;70.54;17.66
1515;14;36;45.992;8.67
1516;14;37;44.149;21.66
1517;14;37;54.575;1.97
1518;14;37;39.871;15.94
1519;14;38;59.458;23.56
1520;14;39;8.742;8.3
1521;14;39;8.088;14.42
1522;14;39;7.368;6.71
1523;14;40;47.294;8.97
1524;14;41;47.077;11.13
1525;14;41;46.776;18.17
1526;14;41;46.502;4.9
1527;14;42;2.288;1.72
1528;14;42;1.85;22.94
1529;14;43;80.908;22.84
1530;14;43;94.721;3.47
1531;14;44;18.721;15.0
1532;14;45;9.76;6.83
1533;14;46;12.233;15.92
1534;14;47;35.025;21.53
1535;14;47;30.905;4.15
1536;14;48;117.882;6.9
1537;14;48;88.863;0.76
1538;14;49;35.398;2.56
1539;14;49;29.45;14.53
1540;14;49;28.727;8.7
1541;14;50;49.518;20.28
1542;14;51;106.594;22.53
1543;14;52;53.504;0.27
1544;14;52;42.655;13.12
1545;14;52;58.285;7.96
1546;14;53;37.437;4.25
1547;14;53;34.427;9.48
1548;14;53;29.686;18.52
1549;14;54;52.055;14.32
1550;14;54;61.853;13.51
1551;14;55;35.811;7.98
1552;14;55;37.007;2.91
1553;14;55;34.142;24.85
1554;14;56;44.304;6.0
1555;14;57;36.077;14.65
1556;14;58;43.339;11.42
1557;14;58;32.634;6.52
1558;14;59;28.285;8.17
1559;14;59;23.446;22.14
1560;14;59;28.496;8.67
1561;15;16;40.544;14.43
1562;15;16;49.599;6.71
1563;15;16;33.089;1.52
1564;15;17;47.122;20.16
1565;15;17;44.156;8.65
1566;15;18;73.254;13.64
1567;15;18;76.059;10.13
1568;15;18;68.626;17.02
1569;15;19;40.197;23.7
1570;15;19;48.054;8.67
1571;15;19;30.211;18.15
1572;15;20;11.693;0.99
1573;15;20;11.854;18.68
1574;15;21;34.129;15.04
1575;15;22;4.963;9.41
1576;15;22;5.691;10.5
1577;15;23;14.157;5.65
1578;15;24;19.032;22.55
1579;15;24;18.813;3.11
1580;15;25;12.906;9.35
1581;15;26;23.479;7.79
1582;15;27;14.514;5.35
1583;15;28;64.413;20.48
1584;15;28;78.041;12.56
1585;15;29;6.801;13.8
1586;15;30;10.056;6.41
1587;15;31;4.399;12.34
1588;15;32;12.604;20.7
1589;15;32;11.978;5.94
1590;15;32;10.786;1.18
1591;15;33;1.253;14.24
1592;15;33;1.143;16.4
1593;15;34;7.824;7.61
1594;15;34;6.325;3.1
1595;15;34;8.531;12.44
1596;15;35;82.095;10.53
1597;15;35;80.468;10.73
1598;15;36;1.253;12.06
1599;15;36;1.107;14.19
1600;15;37;11.916;9.99
1601;15;37;12.08;16.01
1602;15;38;19.289;5.47
1603;15;39;40.704;5.68
1604;15;39;31.463;5.62
1605;15;40;7.314;1.87
1606;15;41;71.411;23.43
1607;15;42;48.082;20.86
1608;15;42;44.879;3.16
1609;15;43;34.926;16.0
1610;15;44;37.142;22.73
1611;15;44;44.371;13.54
1612;15;44;31.414;10.6
1613;15;45;47.793;6.32
1614;15;45;48.328;1.71
1615;15;45;53.653;0.57
1616;15;46;34.729;7.78
1617;15;46;38.623;11.28
1618;15;46;38.767;8.08
1619;15;47;14.928;2.44
1620;15;48;85.613;17.95
1621;15;49;11.6;23.56
1622;15;49;13.09;9.66
1623;15;50;23.49;12.27
1624;15;51;99.54;8.63
1625;15;52;28.847;11.12
1626;15;52;22.605;16.54
1627;15;52;32.895;14.28
1628;15;53;13.759;12.01
1629;15;53;11.106;16.06
1630;15;53;14.657;8.13
1631;15;54;24.494;10.44
1632;15;54;29.599;11.04
1633;15;55;14.952;9.16
1634;15;55;15.33;21.15
1635;15;55;17.638;23.97
1636;15;56;21.157;23.86
1637;15;57;21.528;1.05
1638;15;58;3.082;4.57
1639;15;58;3.466;16.26
1640;15;59;18.686;9.6
1641;16;17;77.122;18.09
1642;16;17;79.799;18.98
1643;16;17;74.976;1.31
1644;16;18;88.29;14.51
1645;16;18;109.114;3.82
1646;16;19;80.739;21.61
1647;16;19;81.497;21.77
1648;16;19;67.013;14.03
1649;16;20;48.996;3.32
1650;16;21;44.204;8.07
1651;16;22;45.33;14.31
1652;16;22;50.293;17.11
1653;16;22;51.054;17.79
1654;16;23;26.392;0.53
1655;16;23;26.937;14.25
1656;16;23;25.798;4.37
1657;16;24;51.627;20.4
1658;16;25;46.073;5.01
1659;16;25;47.537;0.14
1660;16;25;53.807;0.27
1661;16;26;58.771;18.2
1662;16;26;67.697;4.71
1663;16;27;54.858;8.4
1664;16;28;71.704;15.84
1665;16;28;78.331;5.77
1666;16;28;59.034;8.28
1667;16;29;44.744;18.84
1668;16;29;46.021;3.17
1669;16;29;53.086;19.98
1670;16;30;49.403;6.17
1671;16;31;36.181;11.32
1672;16;31;34.941;11.72
1673;16;31;31.582;12.21
1674;16;32;28.068;8.46
1675;16;32;25.707;21.95
1676;16;33;41.339;9.77
1677;16;34;32.72;9.79
1678;16;34;37.045;24.54
1679;16;35;120.412;19.24
1680;16;35;143.804;14.14
1681;16;35;103.794;13.53
1682;16;36;41.339;9.23
1683;16;36;37.649;9.04
1684;16;37;48.598;8.69
1685;16;38;39.809;6.09
1686;16;39;78.998;5.04
1687;16;39;72.298;10.37
1688;16;39;62.261;4.16
1689;16;40;38.565;23.99
1690;16;40;29.388;16.86
1691;16;40;44.613;1.37
1692;16;41;110.013;15.53
1693;16;41;133.735;2.5
1694;16;41;124.744;16.52
1695;16;42;87.263;24.19
1696;16;42;96.525;16.98
1697;16;43;7.003;21.97
1698;16;43;6.417;22.42
1699;16;44;72.802;23.43
1700;16;44;65.672;21.84
1701;16;44;55.618;8.06
1702;16;45;88.195;15.71
1703;16;46;74.782;19.82
1704;16;46;76.266;13.81
1705;16;46;67.223;14.61
1706;16;47;51.076;15.49
1707;16;48;84.42;0.21
1708;16;48;85.077;20.11
1709;16;49;52.136;8.62
1710;16;49;39.842;23.9
1711;16;49;55.706;9.93
1712;16;50;42.571;5.4
1713;16;50;35.943;18.19
1714;16;50;45.799;5.41
1715;16;51;121.076;20.24
1716;16;52;57.552;21.27
1717;16;52;48.159;17.77
1718;16;53;48.763;5.6
1719;16;53;40.469;21.44
1720;16;54;53.889;16.66
1721;16;54;67.326;7.88
1722;16;54;55.319;14.56
1723;16;55;54.86;21.06
1724;16;55;63.092;6.79
1725;16;56;55.952;4.63
1726;16;57;60.094;6.84
1727;16;57;67.39;13.09
1728;16;57;52.607;23.08
1729;16;58;43.416;4.73
1730;16;58;46.554;16.55
1731;16;59;57.583;15.56
1732;16;59;51.723;16.86
1733;16;59;54.507;7.99
1734;17;18;36.779;6.95
1735;17;19;42.68;10.44
1736;17;19;32.391;2.31
1737;17;20;51.604;1.75
1738;17;20;51.307;6.29
1739;17;20;49.961;8.67
1740;17;21;36.911;11.7
1741;17;22;43.48;21.65
1742;17;22;42.006;0.43
1743;17;23;55.908;19.11
1744;17;24;28.38;17.88
1745;17;24;27.179;14.68
1746;17;24;31.384;3.9
1747;17;25;56.234;22.86
1748;17;25;56.621;2.24
1749;17;25;62.52;1.05
1750;17;26;24.134;9.88
1751;17;26;29.173;4.3
1752;17;27;43.814;15.76
1753;17;28;41.633;22.11
1754;17;28;32.546;24.13
1755;17;28;38.36;16.35
1756;17;29;40.323;12.4
1757;17;29;50.337;11.51
1758;17;30;47.906;24.83
1759;17;30;45.548;21.68
1760;17;30;51.92;11.5
1761;17;31;50.062;19.65
1762;17;31;46.717;15.63
1763;17;31;59.7;19.52
1764;17;32;56.036;10.66
1765;17;32;57.193;2.26
1766;17;33;45.875;16.12
1767;17;33;37.359;11.0
1768;17;34;51.87;5.07
1769;17;35;50.224;21.31
1770;17;35;42.202;18.1
1771;17;36;45.875;24.92
1772;17;37;35.236;7.53
1773;17;37;30.577;14.61
1774;17;38;37.429;7.42
1775;17;38;38.929;5.75
1776;17;38;37.578;19.97
1777;17;39;58.954;10.51
1778;17;39;50.144;3.08
1779;17;39;50.811;6.28
1780;17;40;54.29;0.4
1781;17;40;60.583;24.79
1782;17;40;43.695;3.24
1783;17;41;42.281;15.65
1784;17;42;59.369;1.68
1785;17;42;47.85;7.82
1786;17;43;70.128;13.69
1787;17;44;63.856;7.4
1788;17;44;61.017;1.56
1789;17;45;49.934;19.67
1790;17;46;48.082;14.26
1791;17;46;41.144;14.82
1792;17;46;58.98;1.71
1793;17;47;53.895;23.06
1794;17;47;66.898;12.57
1795;17;47;45.6;18.24
1796;17;48;64.812;15.33
1797;17;48;80.254;13.92
1798;17;48;51.393;11.03
1799;17;49;42.406;3.78
1800;17;50;69.519;7.14
1801;17;50;75.525;24.4
1802;17;50;80.486;11.28
1803;17;51;53.868;4.39
1804;17;51;65.619;0.83
1805;17;52;19.858;4.45
1806;17;52;18.685;17.66
1807;17;53;54.892;24.1
1808;17;53;65.491;6.24
1809;17;54;24.021;11.21
1810;17;54;20.721;9.36
1811;17;55;36.387;20.58
1812;17;56;26.07;7.36
1813;17;56;29.457;4.63
1814;17;56;30.945;14.11
1815;17;57;29.451;10.12
1816;17;57;26.611;18.4
1817;17;58;46.63;6.69
1818;17;58;39.392;8.24
1819;17;59;49.508;5.62
1820;17;59;37.482;13.88
1821;17;59;46.005;8.4
1822;18;19;79.353;14.2
1823;18;19;91.645;13.14
1824;18;20;81.482;13.11
1825;18;20;62.755;5.94
1826;18;21;44.955;18.79
1827;18;21;42.984;10.32
1828;18;22;71.392;19.51
1829;18;22;58.281;11.07
1830;18;23;76.152;24.08
1831;18;24;55.425;18.44
1832;18;25;85.129;7.8
1833;18;25;94.127;21.34
1834;18;26;55.307;9.9
1835;18;26;66.468;14.2
1836;18;26;61.651;9.64
1837;18;27;75.54;14.64
1838;18;27;88.071;3.98
1839;18;27;68.155;11.65
1840;18;28;19.736;0.37
1841;18;28;18.788;9.82
1842;18;28;18.651;18.82
1843;18;29;67.256;1.59
1844;18;29;71.478;4.16
1845;18;29;58.591;24.02
1846;18;30;77.863;23.68
1847;18;31;74.479;19.13
1848;18;31;65.753;16.99
1849;18;31;91.277;6.43
1850;18;32;77.353;18.29
1851;18;32;80.501;21.71
1852;18;32;67.514;0.25
1853;18;33;72.184;17.63
1854;18;33;64.451;14.55
1855;18;33;79.707;18.63
1856;18;34;74.775;3.77
1857;18;34;80.247;0.57
1858;18;34;79.474;5.22
1859;18;35;77.043;13.14
1860;18;35;87.86;0.98
1861;18;36;72.184;24.49
1862;18;36;67.522;21.69
1863;18;37;63.095;4.42
1864;18;38;56.111;21.87
1865;18;38;62.795;2.19
1866;18;39;94.907;19.88
1867;18;39;90.937;6.37
1868;18;40;80.393;8.82
1869;18;41;72.524;21.99
1870;18;42;95.994;18.21
1871;18;42;81.802;22.87
1872;18;42;103.452;1.45
1873;18;43;81.826;5.23
1874;18;43;66.324;0.18
1875;18;43;72.349;5.65
1876;18;44;98.653;1.6
1877;18;44;82.673;19.76
1878;18;44;111.657;1.68
1879;18;45;86.713;0.98
1880;18;46;84.042;13.44
1881;18;47;84.406;16.5
1882;18;47;87.211;22.98
1883;18;48;33.937;12.45
1884;18;48;38.869;11.7
1885;18;49;73.127;2.93
1886;18;50;96.7;17.81
1887;18;50;97.352;18.28
1888;18;50;100.884;23.27
1889;18;51;34.511;3.22
1890;18;51;35.841;9.42
1891;18;51;28.408;11.0
1892;18;52;45.674;22.49
1893;18;52;47.395;10.47
1894;18;52;37.297;2.16
1895;18;53;84.67;4.15
1896;18;53;86.03;16.84
1897;18;53;102.325;23.64
1898;18;54;49.535;6.29
1899;18;54;39.697;24.45
1900;18;55;67.74;16.08
1901;18;55;84.382;5.87
1902;18;55;56.538;10.9
1903;18;56;55.866;15.34
1904;18;56;47.054;20.08
1905;18;56;42.299;11.94
1906;18;57;62.316;5.79
1907;18;57;69.346;15.42
1908;18;57;56.69;22.43
1909;18;58;74.082;10.57
1910;18;59;81.991;21.16
1911;18;59;91.994;17.56
1912;19;20;33.563;10.22
1913;19;20;35.263;17.98
1914;19;20;30.784;0.87
1915;19;21;60.577;20.5
1916;19;21;50.994;24.97
1917;19;22;35.485;15.98
1918;19;23;54.354;15.22
1919;19;23;61.583;12.5
1920;19;24;36.695;1.88
1921;19;25;38.17;9.6
1922;19;25;40.886;21.65
1923;19;26;30.687;23.85
1924;19;26;28.075;20.34
1925;19;26;23.251;1.22
1926;19;27;26.038;19.44
1927;19;28;80.577;9.13
1928;19;28;98.31;5.29
1929;19;29;36.879;0.94
1930;19;30;31.945;15.1
1931;19;31;44.56;16.19
1932;19;31;49.308;9.55
1933;19;31;53.428;18.01
1934;19;32;52.714;7.54
1935;19;33;39.442;11.54
1936;19;33;46.274;24.54
1937;19;33;44.605;17.52
1938;19;34;48.019;23.62
1939;19;34;49.538;9.76
1940;19;34;39.546;5.93
1941;19;35;48.319;19.04
1942;19;36;39.442;17.88
1943;19;36;37.59;6.11
1944;19;36;44.301;7.56
1945;19;37;34.629;19.64
1946;19;37;26.065;15.47
1947;19;38;49.387;19.29
1948;19;39;18.286;19.42
1949;19;39;18.363;22.38
1950;19;39;18.969;20.83
1951;19;40;43.229;24.44
1952;19;41;37.907;12.27
1953;19;41;31.186;3.17
1954;19;41;35.289;14.76
1955;19;42;16.702;12.61
1956;19;42;18.235;9.4
1957;19;43;75.039;0.08
1958;19;44;26.588;11.9
1959;19;44;21.962;1.85
1960;19;44;22.866;18.83
1961;19;45;8.722;12.82
1962;19;45;8.992;3.05
1963;19;46;9.65;10.75
1964;19;46;10.824;20.58
1965;19;46;8.771;6.98
1966;19;47;32.982;14.5
1967;19;47;34.457;7.94
1968;19;48;104.317;23.94
1969;19;49;28.603;4.13
1970;19;49;33.683;20.79
1971;19;49;22.773;18.59
1972;19;50;50.18;3.03
1973;19;50;52.544;17.65
1974;19;51;92.528;9.32
1975;19;51;112.243;23.22
1976;19;52;40.666;10.49
1977;19;52;42.111;18.57
1978;19;53;35.351;19.91
1979;19;53;31.685;20.01
1980;19;54;39.886;10.42
1981;19;55;26.712;23.66
1982;19;55;28.702;11.24
1983;19;55;21.427;19.95
1984;19;56;32.478;7.6
1985;19;57;24.544;5.79
1986;19;57;22.213;9.07
1987;19;58;37.339;22.81
1988;19;59;25.336;21.05
1989;19;59;31.386;8.43
1990;19;59;28.333;7.14
1991;20;21;45.133;24.43
1992;20;21;50.858;9.69
1993;20;22;10.632;11.61
1994;20;22;8.947;5.58
1995;20;23;23.636;10.77
1996;20;23;24.06;1.49
1997;20;23;27.928;12.8
1998;20;24;26.057;24.71
1999;20;24;24.729;14.53
2000;20;25;5.145;8.06
2001;20;26;27.607;6.63
2002;20;26;30.525;11.19
2003;20;26;30.046;5.98
2004;20;27;8.953;13.15
2005;20;28;74.426;22.3
2006;20;28;79.213;8.04
2007;20;29;14.945;13.43
2008;20;29;17.327;20.73
2009;20;29;12.903;18.37
2010;20;30;3.72;2.68
2011;20;31;14.611;7.82
2012;20;31;17.966;22.57
2013;20;32;21.463;5.26
2014;20;33;11.984;10.45
2015;20;33;12.995;3.81
2016;20;33;12.962;4.67
2017;20;34;17.779;19.58
2018;20;34;14.388;17.49
2019;20;35;79.351;3.73
2020;20;35;60.394;14.47
2021;20;36;11.984;0.06
2022;20;37;18.422;1.0
2023;20;37;17.989;7.82
2024;20;37;18.093;1.61
2025;20;38;30.3;17.3
2026;20;38;25.179;21.92
2027;20;38;36.48;9.8
2028;20;39;30.195;14.53
2029;20;40;10.432;23.61
2030;20;40;12.125;3.61
2031;20;40;8.553;13.09
2032;20;41;68.582;0.0
2033;20;42;38.272;3.87
2034;20;43;44.226;16.93
2035;20;44;25.626;13.44
2036;20;44;28.837;18.61
2037;20;45;39.983;12.1
2038;20;45;30.523;13.46
2039;20;45;47.221;3.59
2040;20;46;26.19;24.43
2041;20;46;21.277;18.06
2042;20;46;27.07;5.0
2043;20;47;3.31;12.33
2044;20;47;3.034;9.43
2045;20;47;2.626;18.48
2046;20;48;96.305;8.72
2047;20;48;100.058;0.49
2048;20;48;76.434;17.75
2049;20;49;9.237;20.31
2050;20;50;18.808;9.44
2051;20;50;15.132;3.46
2052;20;51;105.28;24.33
2053;20;52;35.886;20.14
2054;20;52;36.537;5.88
2055;20;52;27.658;18.87
2056;20;53;3.296;24.84
2057;20;53;3.431;12.75
2058;20;54;31.95;10.52
2059;20;54;37.002;21.07
2060;20;55;15.282;17.22
2061;20;55;18.436;7.46
2062;20;55;18.186;21.14
2063;20;56;26.193;18.83
2064;20;56;22.749;12.26
2065;20;56;32.676;20.37
2066;20;57;22.58;11.48
2067;20;57;23.553;9.3
2068;20;58;9.06;6.34
2069;20;58;8.825;20.09
2070;20;59;8.671;0.67
2071;20;59;8.391;9.85
2072;20;59;10.453;11.59
2073;21;22;34.637;11.08
2074;21;23;32.378;21.43
2075;21;23;37.692;10.23
2076;21;23;26.983;23.17
2077;21;24;24.109;10.02
2078;21;24;27.27;10.61
2079;21;25;47.035;12.56
2080;21;26;29.997;4.2
2081;21;27;43.091;12.92
2082;21;27;37.577;5.49
2083;21;28;31.549;11.99
2084;21;29;30.463;14.28
2085;21;29;25.698;18.55
2086;21;30;42.276;7.92
2087;21;30;46.356;4.38
2088;21;30;52.824;2.95
2089;21;31;33.564;5.35
2090;21;32;34.007;23.43
2091;21;32;37.482;24.81
2092;21;32;38.645;20.87
2093;21;33;33.457;22.62
2094;21;33;41.624;20.34
2095;21;34;32.66;5.0
2096;21;34;30.814;23.52
2097;21;34;25.151;13.19
2098;21;35;85.958;17.33
2099;21;35;89.072;9.46
2100;21;35;83.219;19.21
2101;21;36;33.457;13.66
2102;21;36;37.604;2.36
2103;21;37;28.902;2.36
2104;21;37;32.262;17.4
2105;21;37;34.137;19.54
2106;21;38;14.867;10.7
2107;21;39;69.188;0.61
2108;21;39;57.042;12.14
2109;21;39;80.277;7.7
2110;21;40;40.097;7.14
2111;21;40;31.499;4.66
2112;21;40;34.548;13.92
2113;21;41;76.827;2.26
2114;21;41;64.092;22.11
2115;21;41;76.25;1.8
2116;21;42;74.2;8.18
2117;21;43;37.436;1.54
2118;21;43;41.402;11.5
2119;21;44;68.662;19.3
2120;21;44;57.269;4.23
2121;21;45;69.299;19.62
2122;21;46;59.967;7.97
2123;21;47;48.438;9.77
2124;21;47;42.254;3.41
2125;21;48;51.541;10.14
2126;21;48;39.098;22.97
2127;21;48;61.191;23.87
2128;21;49;39.694;24.15
2129;21;49;47.994;20.7
2130;21;49;40.132;18.72
2131;21;50;55.774;3.84
2132;21;51;76.919;6.44
2133;21;52;21.57;2.61
2134;21;52;21.422;10.98
2135;21;52;26.067;21.91
2136;21;53;47.699;14.12
2137;21;53;58.45;10.13
2138;21;53;47.136;1.87
2139;21;54;20.896;7.57
2140;21;55;36.875;8.76
2141;21;55;45.383;12.54
2142;21;55;33.837;9.73
2143;21;56;28.102;22.17
2144;21;57;36.189;10.98
2145;21;58;36.188;12.46
2146;21;58;27.536;14.24
2147;21;58;32.596;7.09
2148;21;59;49.491;22.55
2149;21;59;50.567;12.49
2150;21;59;41.301;3.04
2151;22;23;18.951;24.08
2152;22;24;16.173;7.62
2153;22;24;18.269;3.88
2154;22;24;19.488;4.5
2155;22;25;13.737;15.7
2156;22;25;15.579;6.35
2157;22;26;19.469;23.71
2158;22;27;10.358;3.83
2159;22;28;63.818;1.9
2160;22;29;4.319;15.35
2161;22;29;3.344;23.82
2162;22;29;4.66;18.7
2163;22;30;7.652;1.67
2164;22;30;5.935;17.63
2165;22;30;7.45;23.19
2166;22;31;9.332;17.87
2167;22;31;7.156;0.92
2168;22;31;8.812;18.28
2169;22;32;17.518;16.68
2170;22;32;15.934;4.28
2171;22;33;4.002;11.03
2172;22;33;4.113;10.2
2173;22;34;12.675;9.99
2174;22;34;12.238;7.01
2175;22;35;77.172;22.54
2176;22;36;4.002;21.2
2177;22;36;4.721;8.55
2178;22;37;8.507;18.11
2179;22;37;7.717;17.82
2180;22;38;19.896;0.78
2181;22;38;22.125;10.73
2182;22;38;17.04;11.96
2183;22;39;37.246;18.37
2184;22;39;43.337;7.8
2185;22;39;37.284;21.56
2186;22;40;11.037;19.88
2187;22;41;66.476;20.22
2188;22;41;67.145;8.19
2189;22;41;78.942;13.35
2190;22;42;44.188;22.93
2191;22;42;54.632;4.95
2192;22;43;39.554;3.44
2193;22;43;35.592;21.51
2194;22;43;44.15;16.81
2195;22;44;34.699;0.57
2196;22;44;31.634;15.35
2197;22;45;43.259;17.41
2198;22;45;37.085;9.66
2199;22;46;30.501;6.24
2200;22;47;13.893;1.0
2201;22;47;15.934;14.89
2202;22;48;85.686;16.24
2203;22;49;7.079;14.4
2204;22;49;6.156;23.25
2205;22;49;6.987;20.27
2206;22;50;26.179;15.57
2207;22;50;20.339;8.64
2208;22;51;96.501;21.69
2209;22;51;85.808;11.28
2210;22;52;26.148;0.38
2211;22;52;25.85;6.59
2212;22;52;27.479;2.58
2213;22;53;13.537;4.48
2214;22;54;21.973;21.63
2215;22;54;23.97;24.8
2216;22;55;10.001;3.53
2217;22;55;8.411;17.18
2218;22;56;17.417;20.4
2219;22;56;19.068;5.17
2220;22;57;16.762;15.13
2221;22;57;15.871;6.91
2222;22;58;3.18;8.37
2223;22;58;2.94;1.28
2224;22;58;3.63;12.96
2225;22;59;15.608;7.39
2226;23;24;27.982;7.3
2227;23;25;21.979;17.4
2228;23;25;20.549;8.84
2229;23;25;27.471;9.96
2230;23;26;34.368;22.23
2231;23;26;41.866;4.75
2232;23;26;40.097;10.76
2233;23;27;28.563;12.48
2234;23;28;63.918;4.23
2235;23;28;62.869;13.67
2236;23;28;56.668;10.09
2237;23;29;18.772;8.8
2238;23;30;23.397;9.13
2239;23;30;29.009;23.76
2240;23;31;9.821;23.08
2241;23;32;2.415;10.84
2242;23;32;2.18;8.24
2243;23;33;14.954;13.93
2244;23;33;15.207;13.03
2245;23;34;6.341;0.81
2246;23;34;4.878;12.93
2247;23;35;95.166;13.68
2248;23;35;99.646;11.96
2249;23;36;14.954;19.15
2250;23;36;16.704;13.22
2251;23;36;12.258;21.22
2252;23;37;23.195;2.23
2253;23;37;22.284;9.12
2254;23;38;20.283;4.0
2255;23;38;23.418;0.56
2256;23;38;19.11;6.08
2257;23;39;53.797;6.29
2258;23;40;13.583;5.09
2259;23;40;13.676;10.31
2260;23;40;16.73;1.15
2261;23;41;84.59;13.05
2262;23;41;101.428;1.46
2263;23;42;61.638;8.77
2264;23;42;62.199;22.26
2265;23;42;47.29;14.58
2266;23;43;20.867;14.7
2267;23;43;23.211;1.91
2268;23;43;19.957;0.63
2269;23;44;48.874;18.52
2270;23;44;40.401;0.67
2271;23;44;58.615;0.42
2272;23;45;61.902;6.38
2273;23;46;48.666;15.55
2274;23;46;42.416;12.49
2275;23;47;26.25;3.28
2276;23;47;29.077;11.83
2277;23;48;82.694;6.18
2278;23;48;68.83;22.62
2279;23;48;91.76;3.28
2280;23;49;25.756;3.67
2281;23;49;19.536;7.49
2282;23;49;23.089;13.37
2283;23;50;25.13;10.8
2284;23;50;25.008;2.62
2285;23;50;26.233;3.03
2286;23;51;105.55;6.0
2287;23;52;36.182;23.21
2288;23;53;24.223;24.98
2289;23;53;21.553;15.9
2290;23;53;28.491;21.81
2291;23;54;31.901;24.38
2292;23;55;28.634;24.9
2293;23;55;21.515;20.22
2294;23;56;31.642;19.44
2295;23;57;34.39;18.83
2296;23;58;17.072;0.88
2297;23;58;19.885;0.96
2298;23;58;16.599;24.83
2299;23;59;31.884;19.59
2300;23;59;35.218;20.79
2301;24;25;29.834;12.6
2302;24;26;7.406;18.73
2303;24;26;6.756;13.16
2304;24;26;8.699;4.35
2305;24;27;20.912;7.15
2306;24;27;16.853;5.48
2307;24;27;19.637;7.41
2308;24;28;49.42;17.3
2309;24;28;47.353;6.04
2310;24;28;51.072;9.74
2311;24;29;12.365;7.33
2312;24;30;22.457;7.49
2313;24;30;22.608;15.04
2314;24;30;21.636;12.63
2315;24;31;21.699;22.12
2316;24;31;24.7;22.71
2317;24;31;23.039;24.97
2318;24;32;27.854;2.36
2319;24;33;17.815;19.75
2320;24;34;23.529;4.94
2321;24;34;22.195;3.5
2322;24;35;68.988;16.01
2323;24;35;72.891;13.8
2324;24;36;17.815;1.53
2325;24;37;7.708;20.68
2326;24;38;13.514;13.38
2327;24;38;14.664;18.95
2328;24;38;10.347;23.16
2329;24;39;45.454;5.41
2330;24;40;26.329;15.64
2331;24;40;29.664;2.91
2332;24;41;58.791;8.75
2333;24;41;66.509;8.56
2334;24;41;69.199;2.39
2335;24;42;50.115;18.53
2336;24;42;39.729;13.01
2337;24;42;51.168;1.3
2338;24;43;44.869;24.99
2339;24;44;46.063;21.2
2340;24;44;42.315;0.47
2341;24;45;45.399;8.43
2342;24;45;45.402;19.71
2343;24;46;35.914;7.86
2344;24;47;29.019;18.01
2345;24;47;24.71;20.5
2346;24;47;23.164;12.51
2347;24;48;72.263;4.55
2348;24;48;73.421;1.72
2349;24;49;18.034;9.36
2350;24;50;42.222;15.05
2351;24;50;34.957;10.69
2352;24;51;80.533;8.91
2353;24;51;70.084;24.86
2354;24;51;71.291;4.18
2355;24;52;9.975;5.14
2356;24;53;29.249;0.61
2357;24;54;5.893;21.44
2358;24;55;13.57;11.59
2359;24;56;4.7;12.64
2360;24;56;4.809;24.14
2361;24;56;4.1;22.31
2362;24;57;12.162;21.71
2363;24;57;13.603;20.22
2364;24;57;13.018;13.85
2365;24;58;19.105;4.22
2366;24;58;15.534;16.67
2367;24;59;27.562;9.72
2368;25;26;32.128;9.83
2369;25;26;26.222;12.01
2370;25;27;14.098;3.43
2371;25;28;77.149;11.66
2372;25;28;76.731;21.84
2373;25;29;17.927;0.09
2374;25;29;21.497;2.69
2375;25;29;15.758;13.74
2376;25;30;8.509;20.19
2377;25;30;8.393;15.73
2378;25;31;14.37;3.08
2379;25;31;15.041;2.52
2380;25;31;11.334;10.16
2381;25;32;19.625;5.21
2382;25;32;16.393;7.54
2383;25;32;22.734;10.75
2384;25;33;13.646;10.38
2385;25;33;13.577;19.2
2386;25;33;15.237;1.55
2387;25;34;16.91;21.74
2388;25;35;84.405;15.52
2389;25;35;99.815;6.71
2390;25;35;76.726;13.39
2391;25;36;13.646;7.11
2392;25;36;16.794;8.82
2393;25;37;22.127;11.52
2394;25;37;21.05;5.36
2395;25;37;21.135;11.23
2396;25;38;32.193;4.24
2397;25;38;27.394;13.04
2398;25;38;28.105;17.37
2399;25;39;32.99;4.6
2400;25;39;38.001;23.31
2401;25;39;40.608;4.47
2402;25;40;8.456;12.26
2403;25;40;10.068;16.23
2404;25;41;73.64;17.92
2405;25;41;69.215;16.25
2406;25;42;41.496;13.16
2407;25;42;43.012;0.56
2408;25;42;36.541;11.82
2409;25;43;41.824;4.58
2410;25;43;49.405;3.53
2411;25;43;34.775;17.64
2412;25;44;27.034;6.84
2413;25;44;33.459;23.19
2414;25;44;33.533;15.39
2415;25;45;44.173;9.5
2416;25;45;39.651;22.99
2417;25;46;30.294;6.69
2418;25;46;35.565;11.08
2419;25;47;5.327;4.5
2420;25;47;4.548;13.33
2421;25;48;98.513;14.76
2422;25;49;14.133;10.69
2423;25;49;12.484;5.37
2424;25;50;13.707;14.43
2425;25;50;16.597;7.59
2426;25;51;109.74;14.91
2427;25;52;39.788;2.6
2428;25;53;2.883;10.88
2429;25;53;3.234;24.59
2430;25;53;2.706;23.71
2431;25;54;35.678;11.81
2432;25;54;29.233;21.22
2433;25;54;27.419;22.91
2434;25;55;20.129;24.34
2435;25;55;21.976;21.43
2436;25;55;22.438;10.43
2437;25;56;30.499;3.53
2438;25;56;37.554;14.38
2439;25;57;27.503;23.29
2440;25;57;25.506;4.64
2441;25;58;11.207;4.76
2442;25;58;12.422;15.4
2443;25;59;12.868;11.92
2444;26;27;20.445;22.38
2445;26;28;51.946;17.96
2446;26;28;63.363;8.35
2447;26;28;44.748;6.86
2448;26;29;16.748;21.37
2449;26;29;19.441;17.31
2450;26;30;23.89;23.09
2451;26;31;26.925;12.4
2452;26;31;23.359;13.42
2453;26;31;25.919;23.85
2454;26;32;33.929;16.55
2455;26;32;30.965;7.66
2456;26;33;22.227;23.62
2457;26;33;18.504;0.04
2458;26;34;29.299;23.53
2459;26;35;61.698;11.58
2460;26;35;76.673;10.73
2461;26;36;22.227;5.89
2462;26;36;18.381;24.61
2463;26;37;11.648;24.56
2464;26;37;11.053;4.49
2465;26;38;20.863;2.54
2466;26;38;17.169;18.6
2467;26;38;24.898;1.56
2468;26;39;41.641;19.79
2469;26;39;47.482;22.41
2470;26;40;30.433;8.91
2471;26;40;25.801;17.75
2472;26;40;31.43;5.25
2473;26;41;51.44;13.91
2474;26;41;60.982;8.76
2475;26;41;56.235;20.24
2476;26;42;45.24;10.83
2477;26;42;50.547;1.56
2478;26;43;52.081;19.0
2479;26;43;46.24;22.51
2480;26;43;62.661;2.78
2481;26;44;43.764;17.3
2482;26;44;52.467;5.29
2483;26;44;39.32;22.13
2484;26;45;39.399;23.47
2485;26;45;39.653;17.16
2486;26;45;37.433;12.22
2487;26;46;31.387;21.41
2488;26;47;30.089;20.82
2489;26;47;28.268;23.43
2490;26;48;75.371;16.25
2491;26;48;66.016;8.92
2492;26;48;82.393;24.52
2493;26;49;18.528;3.17
2494;26;50;45.391;8.63
2495;26;50;41.56;4.72
2496;26;50;34.644;14.69
2497;26;51;77.674;7.96
2498;26;51;96.232;22.53
2499;26;52;10.686;19.66
2500;26;52;13.148;22.94
2501;26;53;30.902;23.92
2502;26;53;24.104;0.42
2503;26;54;9.199;2.35
2504;26;55;12.681;13.32
2505;26;56;2.82;9.59
2506;26;56;2.506;1.09
2507;26;56;3.433;20.45
2508;26;57;7.335;4.25
2509;26;58;22.644;22.26
2510;26;58;26.643;15.32
2511;26;58;23.859;21.84
2512;26;59;26.736;23.45
2513;26;59;27.771;23.38
2514;26;59;29.043;7.56
2515;27;28;70.322;4.49
2516;27;28;72.802;1.88
2517;27;28;61.008;9.15
2518;27;29;13.365;1.49
2519;27;29;10.93;6.75
2520;27;30;6.171;0.08
2521;27;30;4.714;0.35
2522;27;31;18.747;8.33
2523;27;32;26.79;5.41
2524;27;32;22.753;19.17
2525;27;32;25.484;22.1
2526;27;33;13.977;21.27
2527;27;33;11.98;22.43
2528;27;34;22.231;14.41
2529;27;34;26.316;19.21
2530;27;34;27.52;21.84
2531;27;35;70.59;14.84
2532;27;35;67.78;24.32
2533;27;36;13.977;0.79
2534;27;36;17.226;9.47
2535;27;36;16.47;1.65
2536;27;37;14.274;22.98
2537;27;38;28.942;18.5
2538;27;39;27.044;16.61
2539;27;39;31.745;15.89
2540;27;39;29.72;22.44
2541;27;40;17.313;18.12
2542;27;41;59.819;12.37
2543;27;41;74.348;12.29
2544;27;41;73.6;2.09
2545;27;42;33.83;18.79
2546;27;42;40.968;12.97
2547;27;42;31.497;6.42
2548;27;43;49.405;5.63
2549;27;44;25.585;1.92
2550;27;44;20.362;16.28
2551;27;44;31.669;6.14
2552;27;45;33.346;8.59
2553;27;46;20.231;24.41
2554;27;46;15.767;2.92
2555;27;47;10.342;5.3
2556;27;47;7.872;14.81
2557;27;48;93.003;9.48
2558;27;48;76.294;1.97
2559;27;49;3.511;17.4
2560;27;50;27.724;23.53
2561;27;50;30.852;11.52
2562;27;51;97.673;18.6
2563;27;51;114.058;16.2
2564;27;52;29.991;11.21
2565;27;53;11.898;16.44
2566;27;53;13.158;21.09
2567;27;53;9.191;8.29
2568;27;54;26.6;16.42
2569;27;54;21.408;17.21
2570;27;55;7.807;12.6
2571;27;56;19.676;2.43
2572;27;56;18.338;24.02
2573;27;56;20.768;15.76
2574;27;57;14.38;16.46
2575;27;57;11.57;7.74
2576;27;58;11.502;7.29
2577;27;59;6.651;5.32
2578;28;29;59.499;3.6
2579;28;30;71.122;2.1
2580;28;30;82.598;6.66
2581;28;31;64.545;1.15
2582;28;31;58.273;5.01
2583;28;31;74.55;15.7
2584;28;32;65.552;23.89
2585;28;32;55.577;23.22
2586;28;32;57.406;20.74
2587;28;33;63.546;0.5
2588;28;34;63.996;5.95
2589;28;34;59.922;19.51
2590;28;34;53.433;19.05
2591;28;35;89.19;0.06
2592;28;35;99.45;15.29
2593;28;35;89.053;8.82
2594;28;36;63.546;21.12
2595;28;36;59.026;21.86
2596;28;37;56.41;18.54
2597;28;38;45.45;4.41
2598;28;38;46.109;7.1
2599;28;39;93.557;14.84
2600;28;39;105.548;10.08
2601;28;39;101.272;5.51
2602;28;40;70.959;9.15
2603;28;40;84.2;13.47
2604;28;40;59.443;0.13
2605;28;41;82.793;6.55
2606;28;41;69.592;16.7
2607;28;42;96.476;9.44
2608;28;43;65.697;5.46
2609;28;44;95.326;14.22
2610;28;45;88.825;1.26
2611;28;46;83.108;11.58
2612;28;46;77.677;20.01
2613;28;46;101.939;5.12
2614;28;47;77.629;12.34
2615;28;47;66.821;10.33
2616;28;48;23.748;11.66
2617;28;48;27.902;6.17
2618;28;48;21.291;16.48
2619;28;49;67.324;11.18
2620;28;49;67.832;13.43
2621;28;50;86.982;13.85
2622;28;50;72.714;15.99
2623;28;51;54.132;13.97
2624;28;51;56.711;3.31
2625;28;52;41.27;2.58
2626;28;52;40.428;9.88
2627;28;52;49.059;16.33
2628;28;53;77.337;7.64
2629;28;54;43.898;24.04
2630;28;54;49.312;21.88
2631;28;54;44.917;8.47
2632;28;55;62.912;12.95
2633;28;56;51.487;8.78
2634;28;57;59.274;23.28
2635;28;57;55.655;19.98
2636;28;57;49.648;21.79
2637;28;58;65.97;24.24
2638;28;58;71.18;17.74
2639;28;59;76.973;15.94
2640;29;30;11.84;22.61
2641;29;31;10.255;3.05
2642;29;31;11.164;14.78
2643;29;32;17.836;0.22
2644;29;32;19.573;9.95
2645;29;33;5.552;11.97
2646;29;34;12.986;24.02
2647;29;34;13.923;12.02
2648;29;35;76.432;14.29
2649;29;36;5.552;10.12
2650;29;36;5.541;8.87
2651;29;36;6.249;0.8
2652;29;37;5.126;3.4
2653;29;37;6.077;22.91
2654;29;38;15.85;16.6
2655;29;38;12.158;21.44
2656;29;39;40.393;4.87
2657;29;40;14.015;18.26
2658;29;41;65.832;2.2
2659;29;41;60.59;16.03
2660;29;41;61.171;19.77
2661;29;42;46.874;19.98
2662;29;43;38.597;2.05
2663;29;43;31.691;4.25
2664;29;44;38.502;22.93
2665;29;45;45.011;22.98
2666;29;45;47.473;1.72
2667;29;45;36.664;2.56
2668;29;46;32.873;23.51
2669;29;47;18.193;4.21
2670;29;47;19.152;24.38
2671;29;48;81.396;16.11
2672;29;48;92.045;9.29
2673;29;49;9.857;4.95
2674;29;49;11.296;16.21
2675;29;49;8.071;10.55
2676;29;50;29.875;21.58
2677;29;51;92.892;4.2
2678;29;51;80.423;2.47
2679;29;51;99.71;22.94
2680;29;52;22.291;21.06
2681;29;53;17.848;16.82
2682;29;53;21.973;9.64
2683;29;53;18.719;8.18
2684;29;54;18.012;1.81
2685;29;54;13.659;4.26
2686;29;54;19.588;17.8
2687;29;55;10.257;10.35
2688;29;56;14.368;17.02
2689;29;56;17.101;20.03
2690;29;57;15.634;9.9
2691;29;57;12.826;16.07
2692;29;57;15.929;10.22
2693;29;58;6.836;7.5
2694;29;58;6.957;4.76
2695;29;59;19.29;18.04
2696;29;59;23.737;23.98
2697;30;31;13.779;17.45
2698;30;31;15.948;23.43
2699;30;32;21.427;7.49
2700;30;32;16.632;4.45
2701;30;33;9.975;2.43
2702;30;33;10.24;13.52
2703;30;33;7.905;17.89
2704;30;34;17.196;15.2
2705;30;35;76.725;19.72
2706;30;35;70.645;9.86
2707;30;36;9.975;6.54
2708;30;37;14.887;24.07
2709;30;38;27.548;1.18
2710;30;38;31.707;5.29
2711;30;38;27.948;7.56
2712;30;39;30.687;22.55
2713;30;39;38.164;21.19
2714;30;39;29.763;17.28
2715;30;40;11.284;6.25
2716;30;40;11.501;0.66
2717;30;40;12.721;20.06
2718;30;41;65.954;22.85
2719;30;41;79.868;15.04
2720;30;42;38.269;17.81
2721;30;42;43.172;12.19
2722;30;43;44.241;16.28
2723;30;44;27.272;16.24
2724;30;44;30.121;23.4
2725;30;44;23.073;24.0
2726;30;45;38.904;12.45
2727;30;45;32.068;21.2
2728;30;46;25.379;21.11
2729;30;47;6.574;11.38
2730;30;47;5.279;0.7
2731;30;47;5.896;22.46
2732;30;48;93.205;11.78
2733;30;49;5.626;23.34
2734;30;50;22.196;16.8
2735;30;51;101.564;23.98
2736;30;51;110.509;17.99
2737;30;52;32.233;15.57
2738;30;52;33.484;3.42
2739;30;53;7.014;7.04
2740;30;53;8.374;6.65
2741;30;54;28.348;16.39
2742;30;55;11.643;18.94
2743;30;55;9.258;4.88
2744;30;56;22.48;4.8
2745;30;56;22.564;12.87
2746;30;56;23.991;11.05
2747;30;57;18.998;21.7
2748;30;57;17.852;4.81
2749;30;57;15.29;21.7
2750;30;58;7.034;12.35
2751;30;59;8.647;9.9
2752;30;59;9.792;1.01
2753;31;32;8.204;24.63
2754;31;32;8.233;12.83
2755;31;33;5.368;9.69
2756;31;34;3.485;19.41
2757;31;35;86.326;16.18
2758;31;35;101.004;20.88
2759;31;36;5.368;10.04
2760;31;37;15.282;0.6
2761;31;37;12.875;10.5
2762;31;37;13.126;3.08
2763;31;38;19.096;21.74
2764;31;38;19.064;16.59
2765;31;38;18.565;7.58
2766;31;39;44.421;8.84
2767;31;39;50.945;12.52
2768;31;40;6.555;7.3
2769;31;40;6.216;8.39
2770;31;41;75.663;22.71
2771;31;41;75.524;7.61
2772;31;41;67.509;13.8
2773;31;42;52.036;6.57
2774;31;43;30.661;8.22
2775;31;43;26.81;24.84
2776;31;44;40.228;15.51
2777;31;44;48.414;15.95
2778;31;45;52.082;15.2
2779;31;45;39.288;6.95
2780;31;45;49.889;6.28
2781;31;46;38.89;21.44
2782;31;46;48.478;21.0
2783;31;47;17.596;1.28
2784;31;47;17.926;9.86
2785;31;48;85.074;6.61
2786;31;48;74.517;20.81
2787;31;49;15.957;24.36
2788;31;49;19.89;5.29
2789;31;50;22.481;6.41
2790;31;51;101.783;20.26
2791;31;51;113.547;3.55
2792;31;51;90.099;8.28
2793;31;52;31.148;0.87
2794;31;52;31.543;9.35
2795;31;52;36.204;10.59
2796;31;53;15.956;17.53
2797;31;53;19.049;2.37
2798;31;53;19.27;23.38
2799;31;54;26.738;11.2
2800;31;54;24.459;22.3
2801;31;54;29.852;24.86
2802;31;55;19.269;4.05
2803;31;55;14.666;13.28
2804;31;56;24.429;19.27
2805;31;56;21.84;16.21
2806;31;56;27.442;11.86
2807;31;57;25.621;5.6
2808;31;57;23.323;8.81
2809;31;58;7.251;19.34
2810;31;58;9.008;1.02
2811;31;58;5.843;22.13
2812;31;59;22.391;12.54
2813;32;33;13.526;22.49
2814;32;33;11.637;10.78
2815;32;34;4.897;6.66
2816;32;34;5.03;12.14
2817;32;34;3.904;19.32
2818;32;35;94.249;21.07
2819;32;35;96.83;19.58
2820;32;35;92.71;9.93
2821;32;36;13.526;5.2
2822;32;36;11.247;17.7
2823;32;37;22.519;24.5
2824;32;38;21.285;15.38
2825;32;38;26.526;22.57
2826;32;39;51.654;16.65
2827;32;39;42.401;12.1
2828;32;39;52.94;10.46
2829;32;40;11.276;9.62
2830;32;40;13.335;8.95
2831;32;41;83.626;5.21
2832;32;42;59.589;22.79
2833;32;43;22.834;24.62
2834;32;43;25.465;3.6
2835;32;44;46.57;4.97
2836;32;44;50.678;15.17
2837;32;45;60.129;13.7
2838;32;46;46.776;3.86
2839;32;46;43.676;16.52
2840;32;46;36.928;0.56
2841;32;47;23.993;2.35
2842;32;47;18.078;13.6
2843;32;47;27.891;8.49
2844;32;48;84.642;23.97
2845;32;49;24.126;5.05
2846;32;49;23.213;16.06
2847;32;50;22.886;13.43
2848;32;50;21.252;21.76
2849;32;51;106.3;13.47
2850;32;51;110.844;12.56
2851;32;51;123.723;6.73
2852;32;52;36.461;22.15
2853;32;53;21.921;21.17
2854;32;54;32.115;3.37
2855;32;55;27.385;14.74
2856;32;56;31.263;2.23
2857;32;56;28.202;5.45
2858;32;57;33.453;4.09
2859;32;58;15.376;17.32
2860;32;59;29.82;21.91
2861;33;34;8.673;2.6
2862;33;34;7.721;9.48
2863;33;34;9.493;17.53
2864;33;35;80.991;15.36
2865;33;36;0.0;7.96
2866;33;36;0.0;21.13
2867;33;36;0.0;20.48
2868;33;37;10.664;3.59
2869;33;37;9.465;0.96
2870;33;38;18.593;10.9
2871;33;38;23.161;20.63
2872;33;39;40.469;17.83
2873;33;40;8.515;16.16
2874;33;40;7.757;10.39
2875;33;41;70.317;24.18
2876;33;42;47.699;17.73
2877;33;43;35.612;7.29
2878;33;43;31.691;2.7
2879;33;44;37.21;15.19
2880;33;45;47.138;12.83
2881;33;45;54.102;8.28
2882;33;45;54.565;15.17
2883;33;46;34.206;6.07
2884;33;46;34.886;21.62
2885;33;47;15.269;16.8
2886;33;47;15.707;4.4
2887;33;48;84.885;6.02
2888;33;48;94.208;22.78
2889;33;49;10.906;18.98
2890;33;50;24.612;6.03
2891;33;51;98.336;8.93
2892;33;52;27.657;2.97
2893;33;52;25.192;8.4
2894;33;53;14.277;23.14
2895;33;54;23.314;8.72
2896;33;55;13.901;23.25
2897;33;56;19.904;21.16
2898;33;57;20.361;6.49
2899;33;57;15.669;3.42
2900;33;58;2.975;17.22
2901;33;58;3.479;4.24
2902;33;59;18.52;22.39
2903;34;35;89.367;19.35
2904;34;36;8.673;22.78
2905;34;36;10.198;2.58
2906;34;37;17.776;24.13
2907;34;37;14.797;19.78
2908;34;37;14.539;5.02
2909;34;38;18.795;22.19
2910;34;38;16.387;21.04
2911;34;39;47.772;21.84
2912;34;39;40.379;15.99
2913;34;40;8.545;20.66
2914;34;41;78.737;19.02
2915;34;41;73.458;9.77
2916;34;42;55.465;8.21
2917;34;42;57.343;19.3
2918;34;43;27.177;1.82
2919;34;43;25.734;5.33
2920;34;44;43.312;5.31
2921;34;44;33.111;12.86
2922;34;45;55.565;24.42
2923;34;45;45.629;14.43
2924;34;45;43.485;20.63
2925;34;46;42.369;0.33
2926;34;47;20.622;21.55
2927;34;47;16.16;19.0
2928;34;47;16.109;5.61
2929;34;48;83.956;0.01
2930;34;48;85.476;20.8
2931;34;48;93.952;4.25
2932;34;49;19.418;9.84
2933;34;49;16.158;21.62
2934;34;50;23.132;1.75
2935;34;51;102.882;20.56
2936;34;51;99.896;24.33
2937;34;52;32.548;5.98
2938;34;52;39.566;9.85
2939;34;52;38.936;20.53
2940;34;53;18.804;8.36
2941;34;54;28.152;0.91
2942;34;54;34.081;21.25
2943;34;54;26.555;7.68
2944;34;55;22.496;0.57
2945;34;56;26.688;20.26
2946;34;57;28.579;7.8
2947;34;57;22.695;5.07
2948;34;57;22.022;2.41
2949;34;58;10.734;10.83
2950;34;59;25.77;10.65
2951;34;59;27.259;2.61
2952;34;59;30.15;5.62
2953;35;36;80.991;8.18
2954;35;37;72.04;18.04
2955;35;37;69.633;4.11
2956;35;37;64.732;23.19
2957;35;38;81.921;20.87
2958;35;38;88.314;20.56
2959;35;39;64.246;19.43
2960;35;40;87.336;18.17
2961;35;40;97.587;14.11
2962;35;40;85.538;15.28
2963;35;41;10.772;11.75
2964;35;41;11.168;4.4
2965;35;42;57.633;22.43
2966;35;42;54.764;10.87
2967;35;43;113.771;1.76
2968;35;43;117.456;23.93
2969;35;43;87.072;22.05
2970;35;44;73.896;3.95
2971;35;45;47.049;12.15
2972;35;46;57.932;13.12
2973;35;46;52.743;6.58
2974;35;46;55.588;6.82
2975;35;47;79.668;16.73
2976;35;47;97.988;0.88
2977;35;47;97.404;9.72
2978;35;48;110.233;15.88
2979;35;48;101.222;17.41
2980;35;49;71.819;4.75
2981;35;49;75.874;3.4
2982;35;49;54.939;14.78
2983;35;50;97.452;16.98
2984;35;51;70.063;14.23
2985;35;51;62.635;0.52
2986;35;51;77.113;14.93
2987;35;52;65.337;10.11
2988;35;52;79.882;0.38
2989;35;52;58.671;14.11
2990;35;53;81.82;14.01
2991;35;53;86.911;11.94
2992;35;53;101.018;1.67
2993;35;54;67.919;12.14
2994;35;54;52.07;18.26
2995;35;55;67.181;22.19
2996;35;56;64.516;14.4
2997;35;57;60.8;22.95
2998;35;57;74.376;5.01
2999;35;58;79.957;10.98
3000;35;58;84.505;18.44
3001;35;58;90.545;17.43
3002;35;59;72.243;8.28
3003;35;59;80.726;14.35
3004;35;59;68.452;9.26
3005;36;37;10.664;1.84
3006;36;38;18.593;3.77
3007;36;38;22.533;20.91
3008;36;38;16.96;3.97
3009;36;39;40.469;11.55
3010;36;39;30.99;5.35
3011;36;40;8.515;13.53
3012;36;41;70.317;3.47
3013;36;42;47.699;2.46
3014;36;42;47.808;8.81
3015;36;43;35.612;13.76
3016;36;44;37.21;19.94
3017;36;44;30.919;8.03
3018;36;44;42.134;23.62
3019;36;45;47.138;8.5
3020;36;46;34.206;20.11
3021;36;47;15.269;18.3
3022;36;47;17.121;19.86
3023;36;47;12.214;2.25
3024;36;48;84.885;2.83
3025;36;49;10.906;8.46
3026;36;50;24.612;16.71
3027;36;50;25.512;22.61
3028;36;50;22.709;21.74
3029;36;51;98.336;6.65
3030;36;51;89.57;8.67
3031;36;52;27.657;11.74
3032;36;52;20.755;14.26
3033;36;52;33.117;15.97
3034;36;53;14.277;7.78
3035;36;53;10.936;14.08
3036;36;54;23.314;18.78
3037;36;55;13.901;2.61
3038;36;55;14.199;17.89
3039;36;56;19.904;5.3
3040;36;56;22.416;12.09
3041;36;56;19.415;5.41
3042;36;57;20.361;19.25
3043;36;57;16.727;8.9
3044;36;57;16.153;17.49
3045;36;58;2.975;4.9
3046;36;58;3.474;6.36
3047;36;58;2.49;9.11
3048;36;59;18.52;3.43
3049;37;38;15.322;1.35
3050;37;38;14.391;17.91
3051;37;38;15.04;11.76
3052;37;39;40.47;22.92
3053;37;39;32.01;0.26
3054;37;40;19.057;4.88
3055;37;40;20.302;13.96
3056;37;41;61.524;24.86
3057;37;41;66.552;12.1
3058;37;42;46.158;12.83
3059;37;43;42.199;1.06
3060;37;43;52.134;21.32
3061;37;44;39.848;13.47
3062;37;44;33.621;10.21
3063;37;44;30.585;21.83
3064;37;45;43.076;1.82
3065;37;46;31.916;16.43
3066;37;47;21.46;8.08
3067;37;48;78.84;24.63
3068;37;48;95.533;21.43
3069;37;48;76.903;2.84
3070;37;49;11.015;22.0
3071;37;49;9.659;21.15
3072;37;50;34.659;22.72
3073;37;50;40.844;22.61
3074;37;50;38.336;22.95
3075;37;51;88.021;6.81
3076;37;51;78.726;4.57
3077;37;52;17.667;5.58
3078;37;53;21.579;9.64
3079;37;54;13.572;19.91
3080;37;54;11.982;6.75
3081;37;55;8.338;10.97
3082;37;56;9.242;18.47
3083;37;56;7.187;21.52
3084;37;56;10.012;5.38
3085;37;57;11.526;17.81
3086;37;58;11.534;3.15
3087;37;58;10.597;13.26
3088;37;59;20.827;17.92
3089;37;59;21.606;5.95
3090;37;59;17.313;13.69
3091;38;39;55.681;0.14
3092;38;39;54.776;23.05
3093;38;39;49.863;6.05
3094;38;40;25.527;23.89
3095;38;40;29.458;3.75
3096;38;40;22.362;16.73
3097;38;41;71.915;11.49
3098;38;41;89.422;2.64
3099;38;41;72.783;8.95
3100;38;42;61.476;4.09
3101;38;42;52.936;12.75
3102;38;42;61.912;7.05
3103;38;43;32.85;24.28
3104;38;43;28.735;17.3
3105;38;44;54.329;18.1
3106;38;45;57.987;19.92
3107;38;46;47.226;13.29
3108;38;47;33.609;15.59
3109;38;47;29.113;20.35
3110;38;48;66.326;8.1
3111;38;49;25.458;2.79
3112;38;49;27.616;3.98
3113;38;50;41.555;20.79
3114;38;50;31.285;23.51
3115;38;50;40.837;14.86
3116;38;51;85.328;10.39
3117;38;51;72.215;7.64
3118;38;51;73.661;5.03
3119;38;52;17.743;19.27
3120;38;52;14.902;22.12
3121;38;52;17.643;5.19
3122;38;53;32.834;2.22
3123;38;53;38.483;9.78
3124;38;54;14.211;10.32
3125;38;55;23.653;15.76
3126;38;55;28.679;6.74
3127;38;55;22.301;23.52
3128;38;56;18.213;0.98
3129;38;56;21.347;7.66
3130;38;57;25.049;1.94
3131;38;57;21.417;17.47
3132;38;57;24.826;6.73
3133;38;58;21.326;2.51
3134;38;58;26.489;16.82
3135;38;58;24.222;14.62
3136;38;59;35.108;8.7
3137;39;40;40.559;24.5
3138;39;40;33.213;21.01
3139;39;40;32.777;17.02
3140;39;41;54.44;2.59
3141;39;41;68.043;4.97
3142;39;41;53.387;22.4
3143;39;42;9.07;5.76
3144;39;43;74.411;7.86
3145;39;43;85.818;14.76
3146;39;44;10.032;13.42
3147;39;45;17.231;23.44
3148;39;46;10.886;21.55
3149;39;46;11.447;13.61
3150;39;47;27.922;0.17
3151;39;47;32.242;8.53
3152;39;48;117.01;10.58
3153;39;48;145.917;14.53
3154;39;48;98.175;17.32
3155;39;49;30.541;6.62
3156;39;49;26.443;4.41
3157;39;50;41.231;19.87
3158;39;51;110.386;19.38
3159;39;51;113.077;13.26
3160;39;51;121.211;15.76
3161;39;52;52.326;5.72
3162;39;52;46.043;17.96
3163;39;52;43.574;13.47
3164;39;53;30.244;8.33
3165;39;53;27.733;19.6
3166;39;53;27.452;18.06
3167;39;54;50.209;24.54
3168;39;54;59.967;16.53
3169;39;55;32.318;19.49
3170;39;55;36.85;17.4
3171;39;55;28.417;7.07
3172;39;56;42.401;15.67
3173;39;57;34.347;6.73
3174;39;57;28.628;24.33
3175;39;57;26.328;0.73
3176;39;58;37.635;13.86
3177;39;58;32.673;8.68
3178;39;58;37.102;24.52
3179;39;59;22.042;14.3
3180;40;41;76.585;24.61
3181;40;41;65.324;21.56
3182;40;41;89.674;9.78
3183;40;42;48.704;1.17
3184;40;42;57.389;3.24
3185;40;43;33.86;1.31
3186;40;43;39.883;21.05
3187;40;43;34.67;6.1
3188;40;44;35.297;17.81
3189;40;44;39.0;7.25
3190;40;44;30.117;14.48
3191;40;45;50.094;5.68
3192;40;46;36.426;10.69
3193;40;46;37.782;22.13
3194;40;47;12.744;1.5
3195;40;47;10.359;14.19
3196;40;47;15.328;7.07
3197;40;48;91.619;2.43
3198;40;49;15.536;9.1
3199;40;49;11.865;1.34
3200;40;49;19.407;0.71
3201;40;50;16.31;13.22
3202;40;50;19.908;22.55
3203;40;51;106.85;10.05
3204;40;51;90.099;8.7
3205;40;52;36.161;7.93
3206;40;52;36.8;14.4
3207;40;52;35.397;3.86
3208;40;53;10.646;17.93
3209;40;53;8.829;2.2
3210;40;54;31.806;7.97
3211;40;55;20.46;8.75
3212;40;55;19.232;21.54
3213;40;56;28.245;8.57
3214;40;56;29.398;6.48
3215;40;57;27.614;20.5
3216;40;58;7.873;14.63
3217;40;59;19.04;2.28
3218;41;42;48.411;11.64
3219;41;42;37.44;15.35
3220;41;43;103.432;9.48
3221;41;44;63.887;24.81
3222;41;44;77.824;5.03
3223;41;44;55.86;18.28
3224;41;45;37.419;15.71
3225;41;45;38.28;9.33
3226;41;46;47.554;13.08
3227;41;46;49.303;11.81
3228;41;47;68.921;19.37
3229;41;48;104.773;0.92
3230;41;49;61.062;17.79
3231;41;50;86.719;5.61
3232;41;51;70.532;23.76
3233;41;51;56.096;19.24
3234;41;51;60.448;8.37
3235;41;52;55.783;15.3
3236;41;52;59.527;16.76
3237;41;53;71.063;14.14
3238;41;54;58.086;21.33
3239;41;55;56.479;0.34
3240;41;55;62.576;14.0
3241;41;56;54.247;21.68
3242;41;56;61.485;13.9
3243;41;57;50.201;20.98
3244;41;57;38.225;10.42
3245;41;58;69.237;1.54
3246;41;58;53.266;6.57
3247;41;58;75.506;0.63
3248;41;59;61.52;21.88
3249;42;43;82.42;3.15
3250;42;43;74.4;5.22
3251;42;43;99.672;24.13
3252;42;44;18.71;0.46
3253;42;44;22.41;1.81
3254;42;44;17.165;11.64
3255;42;45;11.417;13.48
3256;42;45;12.267;2.14
3257;42;46;14.271;17.85
3258;42;47;36.293;20.15
3259;42;47;35.027;24.44
3260;42;48;120.153;23.07
3261;42;49;37.204;20.6
3262;42;50;50.263;7.04
3263;42;51;108.68;12.5
3264;42;51;125.956;15.38
3265;42;51;123.007;23.33
3266;42;52;55.748;11.63
3267;42;52;48.007;9.29
3268;42;52;69.672;10.31
3269;42;53;38.682;3.95
3270;42;53;41.111;23.6
3271;42;54;54.257;18.52
3272;42;54;55.458;16.25
3273;42;55;37.823;4.44
3274;42;55;44.382;4.17
3275;42;55;44.674;5.59
3276;42;56;46.494;17.07
3277;42;56;46.316;6.73
3278;42;57;38.265;8.85
3279;42;58;45.002;6.23
3280;42;59;29.769;21.61
3281;42;59;27.771;19.83
3282;42;59;33.833;24.7
3283;43;44;68.826;19.31
3284;43;44;69.527;15.27
3285;43;44;59.563;15.32
3286;43;45;82.719;8.27
3287;43;45;76.781;12.03
3288;43;46;69.533;10.27
3289;43;46;64.611;5.38
3290;43;46;74.214;6.91
3291;43;47;46.577;21.22
3292;43;47;44.238;18.1
3293;43;47;57.928;19.07
3294;43;48;79.556;19.33
3295;43;48;94.05;24.73
3296;43;48;75.108;8.4
3297;43;49;46.506;17.47
3298;43;49;57.293;23.71
3299;43;50;40.27;4.11
3300;43;50;36.345;17.92
3301;43;51;114.353;24.98
3302;43;51;91.421;17.13
3303;43;52;50.588;8.5
3304;43;52;44.428;20.88
3305;43;52;58.636;18.09
3306;43;53;44.368;23.18
3307;43;54;46.969;17.8
3308;43;55;48.81;7.05
3309;43;55;52.306;14.43
3310;43;55;57.683;19.13
3311;43;56;49.262;8.84
3312;43;56;44.634;2.46
3313;43;57;53.723;15.85
3314;43;57;62.443;15.77
3315;43;58;37.903;6.11
3316;43;58;35.385;6.28
3317;43;59;52.651;17.36
3318;43;59;52.046;5.62
3319;43;59;55.167;0.29
3320;44;45;27.076;3.51
3321;44;46;17.396;18.01
3322;44;47;22.692;14.12
3323;44;47;19.734;7.28
3324;44;48;118.325;0.89
3325;44;48;127.096;8.31
3326;44;49;28.971;7.88
3327;44;50;32.832;20.13
3328;44;51;116.629;1.86
3329;44;51;132.701;7.24
3330;44;51;102.837;0.33
3331;44;52;54.245;5.6
3332;44;53;24.652;18.76
3333;44;54;51.433;17.15
3334;44;54;64.083;20.82
3335;44;54;60.411;5.8
3336;44;55;32.493;10.35
3337;44;56;43.884;4.29
3338;44;56;33.991;11.74
3339;44;57;36.507;8.67
3340;44;57;31.8;18.65
3341;44;58;34.24;16.86
3342;44;59;19.222;3.79
3343;44;59;15.884;10.32
3344;44;59;24.007;6.45
3345;45;46;13.884;24.54
3346;45;47;38.857;12.44
3347;45;48;112.573;9.55
3348;45;48;109.483;21.7
3349;45;49;36.232;19.22
3350;45;49;41.661;22.52
3351;45;49;43.092;15.34
3352;45;50;55.091;9.69
3353;45;51;97.726;16.19
3354;45;51;110.986;19.66
3355;45;52;49.291;2.16
3356;45;52;49.387;1.88
3357;45;53;41.294;19.3
3358;45;54;48.597;17.13
3359;45;54;40.602;2.09
3360;45;55;34.992;8.96
3361;45;55;29.277;24.88
3362;45;56;41.2;19.31
3363;45;56;45.628;16.33
3364;45;57;33.24;18.15
3365;45;57;30.029;7.65
3366;45;58;44.831;20.21
3367;45;59;31.387;5.28
3368;45;59;32.553;14.38
3369;46;47;24.975;11.21
3370;46;47;30.279;4.71
3371;46;48;106.67;14.98
3372;46;48;96.832;24.56
3373;46;48;113.94;11.64
3374;46;49;23.429;1.76
3375;46;50;41.406;23.1
3376;46;51;99.859;14.92
3377;46;51;79.347;1.75
3378;46;51;103.085;0.02
3379;46;52;42.022;12.63
3380;46;53;27.413;23.86
3381;46;53;30.237;1.56
3382;46;53;27.404;9.59
3383;46;54;40.246;12.13
3384;46;55;23.578;1.3
3385;46;56;32.441;3.41
3386;46;56;38.221;15.0
3387;46;57;24.237;3.13
3388;46;57;24.811;19.69
3389;46;57;25.452;8.45
3390;46;58;31.687;19.28
3391;46;58;34.919;11.39
3392;46;59;17.549;14.24
3393;46;59;20.112;19.76
3394;46;59;14.525;9.69
3395;47;48;99.578;22.58
3396;47;49;11.562;24.95
3397;47;50;17.845;17.99
3398;47;50;16.753;1.6
3399;47;50;21.556;2.98
3400;47;51;107.686;8.11
3401;47;51;130.384;2.01
3402;47;51;106.748;4.92
3403;47;52;38.752;15.44
3404;47;53;2.444;10.44
3405;47;53;2.56;20.11
3406;47;53;2.949;19.45
3407;47;54;34.908;24.38
3408;47;54;41.138;2.04
3409;47;55;17.517;17.21
3410;47;55;13.735;12.51
3411;47;55;19.447;2.78
3412;47;56;28.86;11.39
3413;47;56;31.352;0.06
3414;47;57;24.588;19.67
3415;47;57;22.389;20.99
3416;47;58;12.361;20.31
3417;47;58;13.668;0.49
3418;47;59;7.648;19.05
3419;47;59;9.052;24.46
3420;48;49;89.851;23.11
3421;48;49;93.455;2.38
3422;48;49;105.484;22.71
3423;48;50;107.07;4.63
3424;48;50;84.695;4.98
3425;48;51;61.805;4.48
3426;48;51;59.693;18.24
3427;48;51;47.326;16.76
3428;48;52;64.689;8.6
3429;48;53;99.029;10.46
3430;48;53;79.174;5.56
3431;48;53;101.677;13.28
3432;48;54;66.989;5.51
3433;48;55;85.832;22.05
3434;48;55;98.594;20.83
3435;48;56;74.716;2.68
3436;48;56;67.837;9.94
3437;48;56;70.045;22.82
3438;48;57;82.668;14.88
3439;48;57;62.618;9.8
3440;48;57;71.146;15.21
3441;48;58;87.521;4.57
3442;48;58;89.05;9.19
3443;48;59;99.628;17.67
3444;49;50;27.808;0.51
3445;49;50;28.572;13.39
3446;49;51;96.149;19.1
3447;49;52;27.463;23.34
3448;49;52;25.974;3.52
3449;49;53;12.504;23.74
3450;49;54;23.842;6.81
3451;49;55;6.045;5.81
3452;49;56;17.368;8.41
3453;49;56;19.658;12.61
3454;49;57;13.373;1.49
3455;49;57;11.707;18.75
3456;49;58;8.758;19.89
3457;49;58;10.692;17.26
3458;49;59;9.829;1.07
3459;49;59;8.717;24.97
3460;49;59;12.056;17.44
3461;50;51;122.677;8.0
3462;50;51;118.607;4.12
3463;50;52;52.165;24.2
3464;50;52;64.216;17.09
3465;50;53;15.875;8.1
3466;50;53;19.066;22.93
3467;50;53;19.176;17.23
3468;50;54;47.872;22.55
3469;50;54;44.971;11.77
3470;50;55;33.753;17.02
3471;50;55;37.644;12.96
3472;50;56;43.533;7.96
3473;50;57;41.152;19.0
3474;50;57;36.297;9.0
3475;50;58;23.132;2.38
3476;50;59;25.217;21.75
3477;50;59;22.633;6.68
3478;50;59;22.49;22.51
3479;51;52;70.71;5.33
3480;51;52;78.092;18.65
3481;51;53;108.576;4.97
3482;51;53;117.376;1.39
3483;51;54;75.097;14.08
3484;51;55;90.171;0.15
3485;51;55;86.088;20.96
3486;51;55;108.26;22.72
3487;51;56;79.251;14.33
3488;51;56;63.62;3.05
3489;51;57;83.319;8.29
3490;51;57;78.374;8.21
3491;51;57;94.45;9.27
3492;51;58;99.554;6.72
3493;51;59;103.349;0.82
3494;52;53;39.114;13.29
3495;52;53;36.83;5.74
3496;52;54;4.411;9.83
3497;52;55;22.25;10.69
3498;52;55;26.93;1.74
3499;52;55;25.228;4.02
3500;52;56;10.414;15.16
3501;52;56;10.923;4.18
3502;52;57;18.006;13.95
3503;52;58;29.069;22.37
3504;52;58;27.396;16.74
3505;52;58;32.176;20.48
3506;52;59;36.549;6.19
3507;52;59;42.542;5.09
3508;53;54;35.136;24.5
3509;53;55;18.548;15.55
3510;53;55;22.013;8.89
3511;53;55;15.578;18.11
3512;53;56;29.478;3.43
3513;53;56;24.201;13.95
3514;53;57;25.807;9.47
3515;53;57;32.028;9.69
3516;53;58;11.518;18.35
3517;53;58;9.065;17.89
3518;53;58;11.114;8.29
3519;53;59;10.024;15.91
3520;54;55;19.038;11.17
3521;54;55;21.733;10.7
3522;54;55;17.486;6.86
3523;54;56;7.818;13.49
3524;54;57;16.012;7.13
3525;54;58;24.825;10.88
3526;54;59;33.232;6.09
3527;54;59;26.024;9.36
3528;55;56;11.887;20.29
3529;55;56;11.027;17.26
3530;55;57;7.409;13.66
3531;55;58;12.812;16.16
3532;55;58;14.003;17.34
3533;55;58;12.57;6.37
3534;55;59;14.3;20.36
3535;55;59;11.851;19.49
3536;55;59;16.427;9.36
3537;56;57;8.228;10.2
3538;56;57;8.314;21.02
3539;56;58;20.561;22.52
3540;56;59;26.179;17.5
3541;57;58;19.805;8.26
3542;57;58;15.173;22.52
3543;57;58;19.833;19.89
3544;57;59;20.164;11.19
3545;57;59;22.243;8.33
3546;58;59;15.633;21.42
3547;58;59;17.679;3.46
