VERTEX_COUNT 60
PATH_COUNT 1
BUDGET 240
<------------ VERTICES ------------>
0;START;41.374834;2.170055;0.0;0.0
1;Museu Nacional d’Art de Catalunya;41.36882;2.153347;45.0;100.0
2;Basilica of the Sagrada Família;41.403568;2.174435;45.0;90.98
3;Galeria d’Art Mar Grup Escolà;41.392349;2.167836;45.0;89.1
4;Imaginart Gallery;41.393822;2.164627;45.0;87.04
5;Lorena Ruiz de Villa;41.397858;2.146705;45.0;86.67
6;Barcelona;41.389034;2.16137;45.0;84.78
7;Museu d’Història de Catalunya - MHC;41.380852;2.185799;45.0;84.07
8;Atelier;41.407719;2.158233;45.0;82.04
9;Arts Santa Mònica;41.37722;2.176012;45.0;80.78
10;Museu Picasso;41.385181;2.180863;45.0;80.65
11;Contrast;41.387928;2.161469;45.0;78.8
12;Carles Taché;41.389851;2.164213;45.0;75.64
13;Galeria Mayoral;41.389542;2.163808;45.0;74.46
14;Piramidon Centre d’Art Contemporani;41.422626;2.209764;45.0;74.25
15;Parc de la Ciutadella;41.389248;2.186548;45.0;73.38
16;Museu Frederic Marès;41.384178;2.176819;45.0;73.24
17;Despair;41.387653;2.188076;45.0;72.0
18;Avinguda d’Icària;41.391556;2.197416;45.0;71.98
19;Anella Olímpica(Olympic Park);41.364778;2.152575;45.0;71.45
20;Basilica of Sants Just i Pastor;41.382812;2.178195;45.0;70.52
21;Palau Güell;41.378864;2.174117;45.0;69.75
22;Museu Palmero;41.424667;2.139856;45.0;67.87
23;Passeig de Gràcia;41.390739;2.166672;45.0;65.97
24;Poble Espanyol;41.368679;2.147031;45.0;65.64
25;Antic Hospital de la Santa Creu;41.380573;2.170374;45.0;64.87
26;La Pedrera (Casa Milà);41.395271;2.161785;45.0;64.64
27;Monument to Doctor Robert;41.394924;2.175599;45.0;64.5
28;La Colmena;41.383835;2.178294;45.0;64.0
29;A. Cortina;41.391098;2.161385;45.0;63.46
30;Galeria Ferran Cano;41.375816;2.177766;45.0;63.04
31;Parc de Diagonal Mar;41.407215;2.214539;45.0;62.7
32;Montjuïc Castle;41.363823;2.167096;45.0;62.3
33;Beaskoa;41.384792;2.181268;45.0;62.28
34;Galeria Miquel Alzueta;41.397125;2.156751;45.0;61.5
35;Àngels Barcelona;41.382534;2.169249;45.0;61.38
36;Plaça del Rei;41.384144;2.177409;45.0;61.31
37;Casa Martí, Els Quatre Gats ;41.385775;2.173671;45.0;61.04
38;Carmen Sallent;41.39637;2.153188;45.0;60.57
39;Plaça de Catalunya;41.387005;2.17003;45.0;60.48
40;90th Jean Bouin;41.373077;2.150465;45.0;60.23
41;Platja de la Nova Mar Bella;41.40205;2.21529;45.0;59.13
42;Artur Ramon Art;41.383682;2.17456;45.0;58.45
43;Rambla del Raval;41.378681;2.169317;45.0;57.35
44;Maeght;41.384689;2.181526;45.0;57.33
45;Fundació Fran Daurel;41.369118;2.146695;45.0;57.31
46;Museu d’Història de Barcelona;41.384144;2.177409;45.0;57.03
47;Museu de la Moto ;41.383327;2.174488;45.0;56.07
48;Pèrgamon Quatre Gràfica Quatre;41.382576;2.173292;45.0;55.33
49;Turó de la Rovira viewing point;41.419388;2.161812;45.0;55.13
50;Barcelona Head;41.380924;2.182465;45.0;54.85
51;Àmbit;41.389328;2.163531;45.0;54.74
52;Parc de la Creueta del Coll;41.41935;2.146432;45.0;54.42
53;Royal Dockyards Museu Marítim ;41.375286;2.17598;45.0;53.66
54;Poblenou Cemetery;41.394859;2.201189;45.0;53.64
55;Artevistas Gallery;41.381779;2.17652;45.0;52.78
56;Botanical Garden;41.364746;2.159382;45.0;51.13
57;El Born Centre Cultural;41.385818;2.183785;45.0;50.91
58;Santa Eulàlia small schooner;41.376385;2.179861;45.0;50.9
59;FINISH;41.374834;2.170055;0.0;0.0
<------------- EDGES -------------->
0;0;1;23.796;6.95
1;0;2;49.491;24.25
2;0;3;30.107;17.22
3;0;3;24.805;20.64
4;0;3;24.157;6.04
5;0;4;33.232;14.71
6;0;4;28.947;0.14
7;0;5;49.508;1.8
8;0;6;26.736;3.61
9;0;6;22.513;16.15
10;0;7;22.688;18.21
11;0;7;25.887;5.42
12;0;8;58.284;24.35
13;0;8;49.152;0.19
14;0;8;48.759;12.63
15;0;9;8.671;6.5
16;0;10;22.496;6.31
17;0;10;19.088;1.71
18;0;10;19.557;1.29
19;0;11;24.972;7.7
20;0;11;28.446;20.95
21;0;11;26.683;18.75
22;0;12;26.77;15.22
23;0;13;26.416;16.38
24;0;13;31.014;12.52
25;0;13;22.012;15.23
26;0;14;96.367;16.75
27;0;14;116.975;5.38
28;0;15;32.509;16.57
29;0;16;18.196;23.32
30;0;16;21.576;20.74
31;0;17;31.884;17.01
32;0;17;38.33;15.14
33;0;17;28.266;1.62
34;0;18;45.309;10.79
35;0;18;49.66;8.46
36;0;19;28.285;8.66
37;0;20;17.194;14.62
38;0;20;17.9;16.37
39;0;21;8.647;0.04
40;0;21;6.907;18.09
41;0;22;93.673;21.34
42;0;23;27.562;18.6
43;0;24;31.387;12.76
44;0;24;24.978;10.6
45;0;25;9.829;14.44
46;0;26;36.549;20.91
47;0;26;42.771;17.64
48;0;26;29.633;23.51
49;0;27;35.108;20.32
50;0;27;36.699;7.55
51;0;27;37.679;19.58
52;0;28;18.686;21.1
53;0;28;22.687;8.19
54;0;29;29.975;10.79
55;0;29;28.168;13.48
56;0;29;27.672;20.38
57;0;30;10.043;14.29
58;0;31;79.572;22.77
59;0;31;74.584;18.77
60;0;32;19.222;22.27
61;0;33;22.308;19.95
62;0;34;41.795;21.2
63;0;35;13.217;6.57
64;0;35;12.823;10.79
65;0;35;11.761;15.69
66;0;36;18.52;10.04
67;0;36;22.854;12.73
68;0;37;19.29;18.78
69;0;37;23.005;22.39
70;0;37;18.769;19.97
71;0;38;42.745;3.32
72;0;38;49.209;8.45
73;0;38;52.713;16.44
74;0;39;20.827;16.92
75;0;39;16.571;17.72
76;0;40;25.336;20.26
77;0;40;28.824;11.66
78;0;41;74.442;13.32
79;0;41;76.774;12.19
80;0;42;16.208;2.52
81;0;43;6.651;22.08
82;0;43;7.765;16.62
83;0;44;22.391;23.77
84;0;44;19.818;1.06
85;0;45;31.553;3.08
86;0;45;32.245;22.14
87;0;46;18.52;21.38
88;0;47;15.608;13.01
89;0;47;16.662;18.62
90;0;48;13.885;6.23
91;0;48;17.269;16.92
92;0;48;15.752;24.55
93;0;49;76.973;18.53
94;0;49;68.942;20.1
95;0;50;19.04;1.91
96;0;50;15.371;17.48
97;0;51;26.179;4.63
98;0;51;22.969;22.84
99;0;51;28.031;18.74
100;0;52;81.991;0.81
101;0;52;62.26;2.99
102;0;52;63.051;11.52
103;0;53;7.648;4.71
104;0;53;7.664;18.43
105;0;54;52.651;12.34
106;0;54;43.238;22.21
107;0;54;47.952;22.6
108;0;55;14.497;14.32
109;0;55;13.19;24.14
110;0;55;17.264;7.37
111;0;56;22.042;13.89
112;0;56;23.16;5.62
113;0;56;26.861;19.96
114;0;57;25.77;5.87
115;0;58;12.868;14.85
116;0;58;9.732;12.8
117;0;59;0.0;3.33
118;0;59;0.0;0.67
119;0;59;0.0;2.47
120;1;2;65.336;18.22
121;1;2;72.86;11.09
122;1;3;44.354;22.49
123;1;3;33.794;2.78
124;1;4;45.169;8.25
125;1;5;50.417;2.22
126;1;6;36.092;13.59
127;1;6;42.13;15.32
128;1;6;40.218;5.86
129;1;7;46.481;10.0
130;1;7;43.759;7.07
131;1;7;55.568;13.17
132;1;8;66.86;7.68
133;1;9;32.461;16.7
134;1;10;45.08;5.59
135;1;10;42.443;14.06
136;1;11;34.321;15.46
137;1;11;27.286;16.1
138;1;12;38.599;1.71
139;1;12;32.168;6.88
140;1;13;37.919;13.26
141;1;13;38.855;7.58
142;1;14;117.144;1.79
143;1;14;90.906;9.76
144;1;14;122.512;4.54
145;1;15;55.131;2.56
146;1;15;47.301;12.1
147;1;16;39.989;11.02
148;1;17;55.02;6.81
149;1;17;50.888;3.09
150;1;18;68.67;0.74
151;1;18;67.807;14.7
152;1;19;6.988;19.27
153;1;19;6.752;6.08
154;1;19;6.236;13.76
155;1;20;39.892;14.25
156;1;20;33.656;15.68
157;1;21;31.73;5.95
158;1;21;29.344;6.59
159;1;22;97.123;9.07
160;1;22;74.915;0.55
161;1;23;41.226;14.37
162;1;23;47.552;6.88
163;1;23;43.661;12.79
164;1;24;8.115;18.08
165;1;24;8.732;17.58
166;1;24;9.605;9.95
167;1;25;29.708;18.87
168;1;25;30.514;22.0
169;1;26;46.542;22.72
170;1;26;54.971;23.77
171;1;26;55.218;5.66
172;1;27;53.025;4.02
173;1;27;47.911;12.65
174;1;27;50.84;18.9
175;1;28;41.065;16.9
176;1;28;49.521;11.09
177;1;29;39.495;7.47
178;1;29;36.109;10.09
179;1;30;33.565;18.54
180;1;30;28.785;10.68
181;1;30;40.027;5.33
182;1;31;102.414;5.53
183;1;31;98.283;21.45
184;1;31;92.07;22.99
185;1;32;19.619;0.63
186;1;33;45.082;24.69
187;1;33;47.515;6.61
188;1;34;48.633;8.08
189;1;35;31.108;4.64
190;1;35;33.464;12.22
191;1;35;31.152;6.38
192;1;36;40.525;23.36
193;1;36;44.558;21.84
194;1;37;39.024;17.99
195;1;37;38.541;21.44
196;1;37;38.433;0.62
197;1;38;47.145;11.55
198;1;38;46.122;0.05
199;1;38;55.467;15.67
200;1;39;37.779;4.19
201;1;39;32.93;18.56
202;1;39;32.037;17.18
203;1;40;8.171;17.97
204;1;41;97.767;12.73
205;1;41;79.431;1.33
206;1;42;37.266;3.42
207;1;42;38.45;15.23
208;1;43;26.558;24.0
209;1;43;30.757;20.34
210;1;43;20.982;7.85
211;1;44;45.24;16.81
212;1;45;8.558;1.49
213;1;45;10.306;4.64
214;1;45;6.924;12.64
215;1;46;40.525;16.56
216;1;46;36.423;17.28
217;1;46;34.279;5.76
218;1;47;36.786;11.14
219;1;47;44.917;13.47
220;1;47;41.47;4.83
221;1;48;34.786;8.34
222;1;48;29.964;21.92
223;1;48;33.765;13.18
224;1;49;87.213;11.34
225;1;50;42.744;10.02
226;1;51;37.451;13.85
227;1;52;86.923;24.35
228;1;52;76.683;23.28
229;1;52;102.901;11.31
230;1;53;31.099;2.3
231;1;53;36.755;7.89
232;1;53;30.054;0.33
233;1;54;75.887;23.88
234;1;55;37.111;2.31
235;1;55;30.517;17.57
236;1;55;29.746;19.82
237;1;56;10.425;22.73
238;1;56;10.428;2.15
239;1;56;12.274;3.95
240;1;57;48.72;3.8
241;1;57;46.335;4.59
242;1;58;36.426;13.36
243;1;58;39.282;11.27
244;1;59;23.796;8.79
245;1;59;20.032;16.28
246;1;59;28.25;6.02
247;2;3;20.984;2.05
248;2;3;18.681;0.11
249;2;3;22.275;24.14
250;2;4;20.896;19.26
251;2;4;21.336;20.14
252;2;5;36.911;0.41
253;2;5;32.952;13.52
254;2;5;42.564;22.77
255;2;6;29.997;9.9
256;2;7;41.52;6.83
257;2;8;21.975;23.18
258;2;8;21.444;9.33
259;2;9;45.133;10.95
260;2;10;32.528;4.62
261;2;10;32.344;22.86
262;2;11;31.517;14.51
263;2;11;32.785;18.62
264;2;11;25.944;21.54
265;2;12;26.892;8.6
266;2;12;21.043;23.1
267;2;13;27.608;6.72
268;2;13;24.864;23.13
269;2;13;29.792;18.06
270;2;14;55.85;24.08
271;2;14;43.909;18.22
272;2;15;29.022;9.16
273;2;15;29.843;13.73
274;2;15;27.574;13.42
275;2;16;33.322;3.0
276;2;17;32.378;17.61
277;2;18;35.955;13.16
278;2;19;72.069;17.37
279;2;19;77.854;24.26
280;2;20;35.845;18.47
281;2;20;26.994;1.38
282;2;21;42.276;17.91
283;2;21;49.157;19.35
284;2;21;45.231;13.16
285;2;22;57.209;12.86
286;2;22;68.783;19.85
287;2;23;24.109;15.97
288;2;24;69.299;16.33
289;2;25;39.694;8.17
290;2;25;38.999;12.57
291;2;26;21.57;18.16
292;2;26;18.244;19.26
293;2;27;14.867;19.4
294;2;27;15.572;18.06
295;2;27;14.22;1.92
296;2;28;34.129;16.13
297;2;28;36.067;17.26
298;2;28;31.235;12.4
299;2;29;27.129;7.6
300;2;29;22.847;10.98
301;2;29;28.624;12.37
302;2;30;47.682;16.95
303;2;30;45.442;4.11
304;2;31;51.851;23.17
305;2;32;68.662;2.2
306;2;32;55.151;4.43
307;2;33;33.306;21.4
308;2;34;25.235;3.8
309;2;34;24.659;1.88
310;2;34;29.643;17.88
311;2;35;36.604;19.22
312;2;36;33.457;0.05
313;2;37;30.463;5.97
314;2;38;29.925;21.51
315;2;38;24.971;22.66
316;2;39;28.902;20.86
317;2;39;30.865;11.66
318;2;40;60.577;2.84
319;2;40;64.902;9.91
320;2;41;52.504;11.71
321;2;41;46.779;7.51
322;2;42;34.03;1.87
323;2;43;43.091;2.17
324;2;43;35.868;13.84
325;2;43;40.616;0.8
326;2;44;33.564;15.98
327;2;45;68.875;23.59
328;2;45;66.994;10.98
329;2;46;33.457;23.67
330;2;46;34.004;11.33
331;2;47;34.637;11.86
332;2;47;37.195;23.64
333;2;48;35.952;6.95
334;2;48;35.407;5.44
335;2;49;31.549;1.62
336;2;49;39.318;24.39
337;2;50;40.097;2.69
338;2;51;28.102;23.73
339;2;51;25.312;3.39
340;2;51;34.786;21.25
341;2;52;44.955;3.59
342;2;53;48.438;16.39
343;2;53;49.622;24.99
344;2;53;45.755;20.96
345;2;54;37.436;4.66
346;2;54;31.056;12.75
347;2;55;37.382;3.57
348;2;56;69.188;12.24
349;2;56;74.793;1.23
350;2;56;61.651;9.2
351;2;57;32.66;23.41
352;2;58;47.035;22.34
353;2;59;49.491;19.78
354;2;59;51.138;7.23
355;2;59;50.516;19.87
356;3;4;4.83;17.06
357;3;4;4.301;9.31
358;3;4;5.543;5.63
359;3;5;28.717;14.21
360;3;6;10.054;8.88
361;3;6;7.98;16.96
362;3;7;30.314;4.67
363;3;7;24.996;12.7
364;3;7;33.487;1.8
365;3;8;29.047;22.5
366;3;8;30.295;11.98
367;3;8;24.582;7.63
368;3;9;27.936;21.98
369;3;10;20.74;4.06
370;3;10;18.754;0.58
371;3;10;21.721;14.39
372;3;11;11.138;11.38
373;3;11;9.083;15.62
374;3;11;11.606;24.06
375;3;12;6.317;18.66
376;3;12;5.021;15.93
377;3;13;7.058;15.72
378;3;13;7.001;15.23
379;3;14;74.701;8.22
380;3;14;90.567;13.17
381;3;14;71.158;5.51
382;3;15;24.601;14.45
383;3;15;22.126;0.67
384;3;16;18.125;10.75
385;3;16;20.167;10.89
386;3;17;27.199;9.1
387;3;17;23.327;3.92
388;3;18;37.998;16.23
389;3;18;46.539;3.94
390;3;19;51.088;24.69
391;3;20;21.053;23.18
392;3;21;24.444;15.5
393;3;21;19.814;8.25
394;3;21;23.733;13.24
395;3;22;65.94;10.06
396;3;22;51.606;21.78
397;3;23;3.134;23.03
398;3;24;48.521;21.63
399;3;24;44.315;7.36
400;3;25;20.413;12.92
401;3;26;9.238;20.94
402;3;26;10.163;16.13
403;3;26;8.177;15.75
404;3;27;10.896;12.74
405;3;27;8.771;13.58
406;3;28;19.813;13.13
407;3;28;21.88;15.43
408;3;29;8.554;16.14
409;3;29;10.044;6.33
410;3;30;31.032;12.98
411;3;30;38.297;10.37
412;3;31;65.123;17.68
413;3;31;78.045;13.88
414;3;31;57.356;22.08
415;3;32;48.824;2.29
416;3;33;21.555;7.73
417;3;33;25.039;22.74
418;3;34;16.41;15.27
419;3;35;16.893;12.82
420;3;36;18.66;15.11
421;3;36;19.097;18.51
422;3;37;13.515;11.52
423;3;37;14.166;4.59
424;3;38;20.023;11.19
425;3;39;9.569;12.05
426;3;39;8.24;14.68
427;3;40;39.813;21.26
428;3;40;45.449;4.09
429;3;40;37.248;21.35
430;3;41;63.137;22.68
431;3;42;17.161;23.9
432;3;43;23.466;17.04
433;3;44;21.925;8.25
434;3;44;23.259;2.49
435;3;44;26.04;8.14
436;3;45;48.137;17.28
437;3;45;51.888;17.44
438;3;45;45.805;13.09
439;3;46;18.66;6.47
440;3;47;17.643;14.32
441;3;47;19.636;7.59
442;3;47;15.503;9.24
443;3;48;18.132;0.01
444;3;49;46.911;8.33
445;3;50;27.111;5.84
446;3;50;33.031;14.56
447;3;51;7.568;5.38
448;3;51;7.208;4.0
449;3;52;53.755;24.17
450;3;52;60.918;19.63
451;3;53;31.014;3.98
452;3;54;43.031;0.1
453;3;54;40.309;18.41
454;3;54;44.71;22.55
455;3;55;21.248;9.96
456;3;55;17.046;21.83
457;3;55;23.094;5.42
458;3;56;48.466;21.43
459;3;56;47.009;10.63
460;3;57;23.327;24.76
461;3;58;31.379;22.09
462;3;58;34.413;22.15
463;3;58;24.005;9.61
464;3;59;30.107;9.4
465;4;5;24.021;0.18
466;4;5;24.338;7.09
467;4;5;26.056;18.15
468;4;6;9.199;16.05
469;4;6;9.303;11.54
470;4;6;6.939;17.12
471;4;7;35.092;6.89
472;4;7;33.768;2.53
473;4;7;39.209;13.93
474;4;8;25.157;12.47
475;4;9;31.95;12.58
476;4;10;25.556;7.72
477;4;11;10.87;17.22
478;4;11;11.804;13.4
479;4;11;9.345;2.74
480;4;12;6.816;17.94
481;4;13;7.399;18.95
482;4;13;5.95;16.16
483;4;13;6.115;24.73
484;4;14;76.063;24.0
485;4;14;76.835;6.49
486;4;14;64.1;11.67
487;4;15;29.21;9.94
488;4;16;22.745;9.69
489;4;16;22.754;3.36
490;4;17;31.901;0.86
491;4;17;26.563;5.15
492;4;17;25.413;5.4
493;4;18;42.271;22.21
494;4;19;52.055;15.39
495;4;20;25.659;0.75
496;4;21;28.348;11.72
497;4;22;61.618;8.6
498;4;22;55.658;10.3
499;4;22;76.633;15.28
500;4;23;5.893;9.56
501;4;24;48.597;1.29
502;4;25;23.842;20.57
503;4;25;28.588;23.81
504;4;25;28.371;20.77
505;4;26;4.411;9.44
506;4;27;14.211;2.52
507;4;27;15.593;16.47
508;4;28;24.494;0.79
509;4;29;6.249;14.19
510;4;30;35.128;23.37
511;4;30;39.022;13.25
512;4;31;68.043;2.24
513;4;31;66.414;24.9
514;4;32;51.433;3.73
515;4;33;26.367;0.87
516;4;33;22.524;7.73
517;4;34;11.583;17.14
518;4;35;20.207;10.58
519;4;35;17.072;3.44
520;4;35;23.775;19.03
521;4;36;23.314;6.83
522;4;37;18.012;10.36
523;4;37;16.734;5.02
524;4;38;15.318;2.63
525;4;39;13.572;13.7
526;4;39;11.753;8.69
527;4;40;39.886;11.76
528;4;40;41.427;18.99
529;4;41;66.54;1.16
530;4;42;21.534;15.45
531;4;43;26.6;9.82
532;4;43;29.299;24.21
533;4;44;26.738;7.16
534;4;44;21.915;10.12
535;4;44;30.965;11.92
536;4;45;48.138;5.86
537;4;45;43.298;24.04
538;4;46;23.314;9.77
539;4;47;21.973;24.91
540;4;47;18.185;5.86
541;4;47;18.603;1.22
542;4;48;22.228;0.45
543;4;48;17.287;8.69
544;4;48;17.153;7.57
545;4;49;43.898;9.37
546;4;49;40.096;14.58
547;4;50;31.806;5.44
548;4;50;32.858;5.05
549;4;50;36.485;14.2
550;4;51;7.818;20.51
551;4;51;8.29;22.01
552;4;52;49.535;11.13
553;4;53;34.908;7.97
554;4;53;41.065;10.51
555;4;54;46.969;16.29
556;4;55;25.648;6.6
557;4;56;50.209;13.96
558;4;56;56.921;13.77
559;4;56;54.211;13.43
560;4;57;28.152;4.6
561;4;57;32.132;9.36
562;4;58;35.678;13.11
563;4;59;33.232;10.77
564;4;59;28.66;1.06
565;4;59;38.826;11.18
566;5;6;24.134;1.09
567;5;6;18.694;14.1
568;5;6;18.477;21.47
569;5;7;58.016;1.91
570;5;7;69.477;21.72
571;5;7;59.076;21.15
572;5;8;22.443;11.42
573;5;9;51.604;20.47
574;5;10;48.924;0.8
575;5;10;59.839;5.65
576;5;10;38.704;22.6
577;5;11;25.455;21.35
578;5;12;26.323;22.88
579;5;12;31.782;10.19
580;5;13;26.164;10.0
581;5;13;27.021;6.88
582;5;14;91.357;2.56
583;5;15;53.228;19.23
584;5;16;45.195;3.41
585;5;16;47.255;2.85
586;5;16;41.526;4.85
587;5;17;55.908;6.2
588;5;18;65.986;8.33
589;5;18;59.893;12.82
590;5;18;67.423;12.48
591;5;19;57.108;13.2
592;5;19;63.088;14.03
593;5;19;56.76;13.96
594;5;20;47.93;24.36
595;5;20;37.186;19.56
596;5;20;52.872;12.93
597;5;21;47.906;2.14
598;5;21;52.881;21.14
599;5;21;48.833;22.51
600;5;22;46.711;13.29
601;5;22;55.108;11.14
602;5;22;37.246;4.78
603;5;23;28.38;4.53
604;5;24;49.934;6.45
605;5;24;56.149;3.62
606;5;25;42.406;10.5
607;5;25;34.481;9.65
608;5;26;19.858;0.68
609;5;26;21.787;23.66
610;5;26;15.623;16.76
611;5;27;37.429;2.62
612;5;27;46.03;14.35
613;5;27;37.322;13.0
614;5;28;47.122;17.77
615;5;29;22.112;4.83
616;5;30;54.891;19.35
617;5;30;45.034;16.17
618;5;30;61.023;15.27
619;5;31;88.529;23.96
620;5;31;82.236;19.08
621;5;31;84.026;5.14
622;5;32;63.856;4.55
623;5;33;49.686;0.59
624;5;33;43.57;7.42
625;5;34;12.957;23.76
626;5;34;15.26;2.07
627;5;34;12.933;4.82
628;5;35;39.055;6.22
629;5;36;45.875;5.76
630;5;36;55.146;0.79
631;5;37;40.323;16.4
632;5;38;8.703;0.84
633;5;38;7.332;4.88
634;5;39;35.236;10.79
635;5;39;38.684;16.83
636;5;39;27.907;1.41
637;5;40;42.68;15.65
638;5;40;35.935;9.32
639;5;41;88.328;15.25
640;5;41;97.724;9.52
641;5;42;43.212;14.27
642;5;42;47.485;24.17
643;5;43;43.814;15.9
644;5;43;50.449;2.24
645;5;43;40.2;7.14
646;5;44;50.062;21.86
647;5;45;49.181;9.49
648;5;46;45.875;22.43
649;5;46;44.779;12.82
650;5;46;37.01;17.14
651;5;47;43.48;12.14
652;5;48;42.999;1.21
653;5;48;42.543;19.52
654;5;49;41.633;4.21
655;5;49;35.535;11.49
656;5;50;54.29;21.05
657;5;51;26.07;7.81
658;5;51;19.845;21.32
659;5;51;32.377;16.9
660;5;52;36.779;15.3
661;5;53;53.895;17.7
662;5;53;49.864;10.96
663;5;53;46.825;13.42
664;5;54;70.128;16.33
665;5;54;83.075;21.24
666;5;54;83.184;24.78
667;5;55;47.14;9.45
668;5;55;38.918;11.67
669;5;55;40.384;16.38
670;5;56;58.954;1.6
671;5;56;60.322;21.5
672;5;56;67.62;0.43
673;5;57;51.87;14.35
674;5;57;64.695;8.55
675;5;58;56.234;13.86
676;5;58;48.501;16.62
677;5;59;49.508;13.97
678;5;59;61.28;15.8
679;5;59;53.96;15.94
680;6;7;34.348;6.56
681;6;7;32.817;10.68
682;6;8;32.227;17.77
683;6;9;27.607;15.31
684;6;9;27.951;10.09
685;6;9;28.449;11.44
686;6;10;25.88;0.55
687;6;10;30.561;8.63
688;6;10;31.209;11.24
689;6;11;1.897;11.41
690;6;11;2.226;24.39
691;6;12;3.909;20.88
692;6;12;4.742;12.74
693;6;13;3.248;18.26
694;6;14;84.631;2.39
695;6;14;93.5;2.45
696;6;14;66.288;14.07
697;6;15;32.326;3.85
698;6;15;32.022;8.93
699;6;16;21.505;5.15
700;6;16;18.325;18.66
701;6;16;17.696;21.05
702;6;17;34.368;4.8
703;6;18;46.477;13.98
704;6;19;43.017;15.41
705;6;20;24.083;1.16
706;6;20;22.916;19.07
707;6;21;23.89;20.48
708;6;21;23.412;24.98
709;6;22;66.937;12.94
710;6;22;70.969;5.2
711;6;22;79.154;13.97
712;6;23;7.406;5.27
713;6;24;39.399;5.3
714;6;24;35.815;8.34
715;6;25;18.528;9.05
716;6;25;22.591;12.48
717;6;25;18.625;7.5
718;6;26;10.686;6.29
719;6;26;11.241;15.81
720;6;26;12.74;19.84
721;6;27;20.863;24.5
722;6;28;23.479;24.14
723;6;28;27.006;18.63
724;6;28;27.046;21.48
725;6;29;3.532;3.09
726;6;29;3.196;20.92
727;6;29;3.448;7.21
728;6;30;30.9;19.5
729;6;31;75.007;14.72
730;6;31;86.116;21.54
731;6;31;58.422;15.48
732;6;32;43.764;9.13
733;6;32;52.955;6.67
734;6;32;51.319;20.61
735;6;33;26.558;15.15
736;6;33;26.113;23.88
737;6;34;15.062;21.89
738;6;34;12.284;22.51
739;6;34;11.362;12.91
740;6;35;15.035;16.64
741;6;35;13.213;0.04
742;6;35;16.032;24.71
743;6;36;22.227;2.51
744;6;36;26.244;21.61
745;6;36;23.958;22.23
746;6;37;16.748;16.07
747;6;37;18.095;2.37
748;6;37;20.223;1.01
749;6;38;16.368;12.37
750;6;38;14.729;7.14
751;6;39;11.648;12.21
752;6;40;30.687;23.3
753;6;40;25.255;23.41
754;6;41;72.712;21.83
755;6;41;64.415;17.01
756;6;42;19.252;1.88
757;6;43;20.445;22.74
758;6;44;26.925;12.47
759;6;44;20.197;8.08
760;6;44;30.91;18.76
761;6;45;38.943;4.71
762;6;46;22.227;0.63
763;6;46;17.868;14.47
764;6;46;22.324;1.67
765;6;47;19.469;7.04
766;6;47;21.142;10.82
767;6;48;18.879;2.11
768;6;48;14.928;24.83
769;6;48;14.801;20.81
770;6;49;51.946;10.95
771;6;49;43.379;14.51
772;6;50;30.433;2.32
773;6;51;2.82;16.82
774;6;51;2.393;19.62
775;6;52;55.307;10.68
776;6;52;55.927;24.27
777;6;52;62.507;17.16
778;6;53;30.089;14.72
779;6;53;25.839;14.45
780;6;53;23.63;1.14
781;6;54;52.081;1.24
782;6;54;62.725;4.43
783;6;55;23.075;20.64
784;6;56;41.641;22.86
785;6;56;33.162;22.09
786;6;56;44.637;23.53
787;6;57;29.299;0.33
788;6;58;32.128;11.44
789;6;59;26.736;15.12
790;6;59;22.815;20.94
791;6;59;21.637;9.53
792;7;8;58.017;14.6
793;7;8;62.848;8.28
794;7;9;14.02;8.02
795;7;9;12.251;22.95
796;7;10;9.749;11.59
797;7;10;8.995;5.08
798;7;11;33.502;15.53
799;7;12;31.705;13.03
800;7;12;25.78;16.7
801;7;13;31.911;20.79
802;7;13;30.605;13.49
803;7;13;38.911;24.67
804;7;14;77.822;18.81
805;7;14;83.22;14.43
806;7;14;92.598;6.71
807;7;15;14.4;5.85
808;7;15;12.052;10.33
809;7;16;12.858;23.78
810;7;16;11.564;9.97
811;7;16;12.345;5.73
812;7;17;12.0;1.87
813;7;18;23.621;4.46
814;7;18;21.424;16.19
815;7;19;50.763;18.97
816;7;20;10.323;23.59
817;7;21;15.381;23.44
818;7;21;15.343;1.57
819;7;22;95.389;16.31
820;7;22;96.461;4.23
821;7;22;113.249;24.14
822;7;23;29.821;19.41
823;7;23;31.351;13.42
824;7;23;29.185;18.53
825;7;24;53.965;4.4
826;7;24;67.44;11.67
827;7;25;19.811;10.92
828;7;26;39.488;19.98
829;7;26;31.749;6.97
830;7;27;27.411;13.99
831;7;28;10.905;5.5
832;7;28;11.582;24.0
833;7;28;12.027;2.34
834;7;29;35.915;23.21
835;7;29;36.308;6.39
836;7;29;29.863;10.21
837;7;30;13.441;20.88
838;7;31;58.279;19.0
839;7;32;37.763;6.21
840;7;32;40.412;17.72
841;7;32;44.898;11.81
842;7;33;8.905;15.34
843;7;34;46.542;7.24
844;7;34;45.311;3.11
845;7;35;21.444;4.82
846;7;35;20.939;8.64
847;7;36;12.156;22.26
848;7;37;17.705;1.66
849;7;37;19.803;12.17
850;7;38;49.578;5.78
851;7;38;37.722;13.11
852;7;38;49.082;0.63
853;7;39;22.821;3.6
854;7;39;28.332;11.47
855;7;39;25.122;0.02
856;7;40;47.282;12.34
857;7;40;46.295;0.01
858;7;41;52.433;4.05
859;7;41;54.616;11.54
860;7;41;39.815;18.94
861;7;42;15.221;12.5
862;7;42;13.003;5.83
863;7;43;21.487;21.68
864;7;43;17.871;22.72
865;7;43;26.4;3.37
866;7;44;8.556;0.76
867;7;45;54.08;22.06
868;7;46;12.156;9.35
869;7;46;11.614;4.51
870;7;46;13.111;18.19
871;7;47;15.128;8.71
872;7;47;14.945;7.03
873;7;48;16.327;24.41
874;7;48;16.874;12.95
875;7;49;72.778;14.94
876;7;49;86.488;2.11
877;7;49;81.103;4.74
878;7;50;4.283;2.0
879;7;50;4.865;18.24
880;7;51;32.059;1.39
881;7;52;83.027;24.74
882;7;52;81.25;11.4
883;7;52;70.517;7.65
884;7;53;15.801;0.07
885;7;53;18.995;8.44
886;7;54;31.063;16.27
887;7;54;24.049;12.23
888;7;55;12.019;0.84
889;7;56;43.708;15.21
890;7;56;48.819;16.04
891;7;56;43.404;24.0
892;7;57;8.883;9.05
893;7;57;10.086;22.69
894;7;58;10.797;20.62
895;7;58;10.625;23.45
896;7;59;22.688;19.23
897;8;9;56.963;19.01
898;8;9;53.1;4.16
899;8;9;48.636;5.98
900;8;10;48.284;14.21
901;8;10;53.485;13.47
902;8;11;34.121;3.94
903;8;12;31.525;22.8
904;8;12;29.101;14.55
905;8;12;38.537;1.39
906;8;13;31.918;23.7
907;8;13;38.514;6.97
908;8;14;70.88;19.12
909;8;15;48.168;13.63
910;8;15;38.977;7.32
911;8;15;53.525;1.83
912;8;16;46.819;19.13
913;8;16;44.201;4.9
914;8;17;51.445;14.27
915;8;17;58.427;4.04
916;8;18;57.399;1.75
917;8;18;49.56;24.34
918;8;19;73.841;18.5
919;8;20;49.732;13.61
920;8;20;56.642;19.03
921;8;21;53.422;22.9
922;8;21;51.603;12.77
923;8;22;37.38;4.9
924;8;22;32.42;12.48
925;8;23;31.01;13.22
926;8;23;23.363;2.57
927;8;23;31.668;16.72
928;8;24;68.337;8.02
929;8;24;59.089;3.48
930;8;24;55.564;24.72
931;8;25;48.998;3.18
932;8;25;47.788;3.12
933;8;26;21.784;20.96
934;8;27;31.245;0.91
935;8;27;33.073;15.33
936;8;28;48.307;8.91
937;8;28;52.8;23.15
938;8;29;28.729;7.82
939;8;29;26.117;3.07
940;8;29;26.339;8.9
941;8;30;60.077;2.27
942;8;30;72.598;21.37
943;8;30;73.028;20.3
944;8;31;72.272;23.51
945;8;32;75.973;3.89
946;8;33;49.129;15.94
947;8;33;46.3;23.37
948;8;34;18.228;23.83
949;8;34;21.81;6.51
950;8;34;20.563;2.83
951;8;35;45.358;2.12
952;8;35;45.648;17.82
953;8;36;47.259;8.02
954;8;36;41.484;10.63
955;8;36;38.747;0.57
956;8;37;42.459;14.52
957;8;38;20.472;13.46
958;8;38;20.976;16.02
959;8;38;16.606;24.94
960;8;39;38.546;19.93
961;8;39;44.416;21.23
962;8;39;46.515;2.56
963;8;40;60.114;24.46
964;8;40;64.937;16.36
965;8;40;57.305;16.35
966;8;41;73.873;3.05
967;8;41;77.279;14.48
968;8;41;65.51;1.81
969;8;42;46.165;11.88
970;8;43;51.688;9.51
971;8;44;49.469;13.4
972;8;44;50.807;12.41
973;8;44;51.878;22.43
974;8;45;67.696;13.54
975;8;45;52.381;24.78
976;8;46;47.259;23.72
977;8;46;53.161;20.28
978;8;47;46.665;9.41
979;8;47;48.756;7.19
980;8;48;47.169;17.89
981;8;48;49.018;9.33
982;8;49;20.49;16.61
983;8;49;18.137;1.69
984;8;49;19.093;11.64
985;8;50;55.408;3.3
986;8;50;63.125;3.73
987;8;51;32.198;9.54
988;8;52;25.01;23.16
989;8;52;20.85;17.91
990;8;52;20.344;4.0
991;8;53;59.995;20.53
992;8;53;71.564;19.35
993;8;54;59.367;17.34
994;8;54;46.051;6.31
995;8;54;53.378;10.58
996;8;55;50.214;24.84
997;8;55;58.919;12.63
998;8;56;73.551;2.12
999;8;56;84.04;12.97
1000;8;57;49.804;23.4
1001;8;57;59.492;24.18
1002;8;58;60.382;16.49
1003;8;58;50.285;14.11
1004;8;58;71.414;22.66
1005;8;59;58.284;0.81
1006;9;10;14.979;17.63
1007;9;11;26.162;16.73
1008;9;11;25.277;20.29
1009;9;11;24.758;0.21
1010;9;12;26.395;11.79
1011;9;12;31.647;21.07
1012;9;12;26.925;0.2
1013;9;13;26.27;23.97
1014;9;13;26.681;4.72
1015;9;14;88.962;8.58
1016;9;14;70.341;8.21
1017;9;14;71.02;5.87
1018;9;15;24.63;19.02
1019;9;16;11.952;1.2
1020;9;17;23.636;17.47
1021;9;17;24.972;22.55
1022;9;18;36.838;11.65
1023;9;18;32.585;19.59
1024;9;18;40.685;15.22
1025;9;19;36.867;11.41
1026;9;20;9.971;12.24
1027;9;21;3.72;7.25
1028;9;21;4.126;17.86
1029;9;22;93.521;3.99
1030;9;23;26.057;23.79
1031;9;23;31.17;4.36
1032;9;24;39.983;12.83
1033;9;25;9.237;1.37
1034;9;26;35.886;22.51
1035;9;26;27.821;17.66
1036;9;26;37.885;4.07
1037;9;27;30.3;7.68
1038;9;28;11.693;5.28
1039;9;29;30.277;19.51
1040;9;29;29.573;0.99
1041;9;30;3.293;5.8
1042;9;31;71.28;10.31
1043;9;31;71.23;24.51
1044;9;32;25.626;3.32
1045;9;32;23.814;15.87
1046;9;33;14.61;5.43
1047;9;33;17.39;22.45
1048;9;34;42.092;13.02
1049;9;34;49.948;18.43
1050;9;35;12.574;20.05
1051;9;36;11.984;7.25
1052;9;36;9.168;19.08
1053;9;36;13.518;19.69
1054;9;37;14.945;12.59
1055;9;37;13.708;9.04
1056;9;37;15.367;22.79
1057;9;38;43.961;20.53
1058;9;38;33.485;11.78
1059;9;39;18.422;5.98
1060;9;39;19.072;1.56
1061;9;39;18.745;19.08
1062;9;40;33.563;17.32
1063;9;41;65.94;13.44
1064;9;41;55.958;21.16
1065;9;42;11.214;21.11
1066;9;42;11.082;8.12
1067;9;42;9.801;8.93
1068;9;43;8.953;15.1
1069;9;43;10.625;24.34
1070;9;43;11.103;6.7
1071;9;44;14.611;2.08
1072;9;44;17.624;1.24
1073;9;45;40.119;20.47
1074;9;45;40.191;2.61
1075;9;46;11.984;2.51
1076;9;47;10.632;2.9
1077;9;48;9.808;21.36
1078;9;48;11.893;18.27
1079;9;49;74.426;23.88
1080;9;49;73.559;8.36
1081;9;50;10.432;10.86
1082;9;51;26.193;13.81
1083;9;51;30.822;10.24
1084;9;52;81.482;5.97
1085;9;52;73.346;16.01
1086;9;53;3.31;11.91
1087;9;53;2.696;4.29
1088;9;54;44.226;4.38
1089;9;55;7.829;20.27
1090;9;55;6.393;18.98
1091;9;56;30.195;11.19
1092;9;56;32.978;16.99
1093;9;56;36.814;15.39
1094;9;57;17.779;14.42
1095;9;57;17.094;24.54
1096;9;58;5.145;23.23
1097;9;58;4.67;15.97
1098;9;59;8.671;22.15
1099;9;59;9.643;7.3
1100;10;11;25.339;3.74
1101;10;12;22.821;11.27
1102;10;13;23.133;12.99
1103;10;14;74.04;2.1
1104;10;14;78.446;9.37
1105;10;14;63.076;14.16
1106;10;15;10.085;2.68
1107;10;16;5.468;19.16
1108;10;17;10.181;5.19
1109;10;17;12.411;24.87
1110;10;17;11.009;16.14
1111;10;18;23.888;6.53
1112;10;18;25.897;15.26
1113;10;18;20.95;3.69
1114;10;19;50.384;18.7
1115;10;19;57.443;0.95
1116;10;19;60.379;5.57
1117;10;20;5.307;13.92
1118;10;20;5.535;8.72
1119;10;21;13.852;22.6
1120;10;21;15.146;4.7
1121;10;21;12.071;1.24
1122;10;22;85.65;14.99
1123;10;22;92.248;13.37
1124;10;22;79.59;16.85
1125;10;23;20.552;3.5
1126;10;24;51.814;21.37
1127;10;25;15.606;8.83
1128;10;25;17.911;9.06
1129;10;25;12.64;24.25
1130;10;26;29.967;5.36
1131;10;26;30.914;20.53
1132;10;27;17.99;15.49
1133;10;27;15.215;9.66
1134;10;28;4.023;4.99
1135;10;28;3.237;22.36
1136;10;29;26.979;9.18
1137;10;29;29.009;1.28
1138;10;30;16.512;18.48
1139;10;30;15.39;10.97
1140;10;31;57.363;18.19
1141;10;31;48.421;18.46
1142;10;31;56.606;23.16
1143;10;32;40.599;20.98
1144;10;32;46.71;1.8
1145;10;33;0.845;20.95
1146;10;33;0.651;9.79
1147;10;34;37.094;20.34
1148;10;34;41.605;13.98
1149;10;34;43.019;11.37
1150;10;35;15.584;5.73
1151;10;36;4.777;16.83
1152;10;36;4.37;11.46
1153;10;37;9.29;10.5
1154;10;38;40.36;19.68
1155;10;38;34.559;24.9
1156;10;38;36.079;12.14
1157;10;39;14.254;3.62
1158;10;39;16.0;15.72
1159;10;40;44.188;20.51
1160;10;40;48.03;2.46
1161;10;41;52.787;9.19
1162;10;41;45.664;21.56
1163;10;41;57.129;13.15
1164;10;42;8.489;14.7
1165;10;43;18.534;18.19
1166;10;44;1.197;22.94
1167;10;44;1.382;21.08
1168;10;45;51.773;17.36
1169;10;45;45.317;5.14
1170;10;46;4.777;1.17
1171;10;46;3.657;3.39
1172;10;47;8.778;4.17
1173;10;48;10.694;23.61
1174;10;49;63.438;4.56
1175;10;49;62.657;0.95
1176;10;50;7.57;17.67
1177;10;50;7.247;19.39
1178;10;50;7.863;3.64
1179;10;51;23.356;4.45
1180;10;51;27.135;24.6
1181;10;52;73.294;4.82
1182;10;53;18.056;3.44
1183;10;53;20.409;21.02
1184;10;53;15.977;13.41
1185;10;54;30.906;11.87
1186;10;54;33.179;3.2
1187;10;54;26.716;21.69
1188;10;55;8.061;21.4
1189;10;55;8.339;7.14
1190;10;55;8.584;10.95
1191;10;56;44.539;22.07
1192;10;56;34.852;12.6
1193;10;57;3.907;16.97
1194;10;57;3.491;4.19
1195;10;57;4.486;10.34
1196;10;58;15.107;11.64
1197;10;58;14.702;2.0
1198;10;58;11.519;5.67
1199;10;59;22.496;24.89
1200;10;59;27.618;7.8
1201;10;59;22.022;3.94
1202;11;12;4.821;2.95
1203;11;12;5.238;8.12
1204;11;12;4.42;18.62
1205;11;13;4.08;20.24
1206;11;14;85.837;23.8
1207;11;14;78.94;18.41
1208;11;15;32.276;18.13
1209;11;15;28.656;3.64
1210;11;15;37.336;6.48
1211;11;16;20.726;1.88
1212;11;16;25.777;21.02
1213;11;16;19.408;14.83
1214;11;17;34.163;17.9
1215;11;17;39.673;24.15
1216;11;17;40.706;21.03
1217;11;18;46.565;19.29
1218;11;18;54.204;17.88
1219;11;19;41.229;16.67
1220;11;19;32.736;12.49
1221;11;19;31.663;10.29
1222;11;20;23.19;21.17
1223;11;21;22.456;9.63
1224;11;22;68.717;8.65
1225;11;22;73.779;2.08
1226;11;22;80.647;24.56
1227;11;23;8.231;13.53
1228;11;24;37.798;6.01
1229;11;24;42.804;15.32
1230;11;24;31.165;24.52
1231;11;25;17.004;14.33
1232;11;25;20.548;1.05
1233;11;26;12.572;21.77
1234;11;27;21.734;3.96
1235;11;27;22.554;24.26
1236;11;28;22.709;24.55
1237;11;28;27.865;1.25
1238;11;28;21.251;0.5
1239;11;29;5.426;12.8
1240;11;29;5.938;7.03
1241;11;29;5.86;20.23
1242;11;30;29.452;16.83
1243;11;30;24.826;21.16
1244;11;31;75.698;4.35
1245;11;31;70.578;13.23
1246;11;31;86.087;23.2
1247;11;32;41.877;10.94
1248;11;32;45.352;11.47
1249;11;33;25.98;11.88
1250;11;33;24.551;8.0
1251;11;34;16.863;1.89
1252;11;35;13.601;4.14
1253;11;35;12.171;3.45
1254;11;36;21.465;1.83
1255;11;36;26.738;18.21
1256;11;37;16.093;20.68
1257;11;38;17.936;19.4
1258;11;38;17.96;19.56
1259;11;38;16.683;18.31
1260;11;39;11.104;18.17
1261;11;39;12.069;11.81
1262;11;40;29.078;9.04
1263;11;41;73.195;12.81
1264;11;42;18.311;5.86
1265;11;43;18.76;8.0
1266;11;43;17.709;3.3
1267;11;44;26.341;9.1
1268;11;45;37.362;2.79
1269;11;45;34.172;8.35
1270;11;46;21.465;16.43
1271;11;46;19.192;17.87
1272;11;46;24.641;11.96
1273;11;47;18.477;2.6
1274;11;48;17.728;2.49
1275;11;48;20.47;15.33
1276;11;48;19.741;11.11
1277;11;49;53.837;12.65
1278;11;49;59.693;9.36
1279;11;49;46.01;9.39
1280;11;50;29.502;5.95
1281;11;50;32.782;1.44
1282;11;50;25.984;2.8
1283;11;51;3.57;20.7
1284;11;51;2.71;9.58
1285;11;51;3.454;20.68
1286;11;52;57.129;18.04
1287;11;52;70.098;17.65
1288;11;52;51.479;9.61
1289;11;53;28.551;17.32
1290;11;54;52.353;6.36
1291;11;55;22.003;0.07
1292;11;56;39.76;20.4
1293;11;57;28.877;23.76
1294;11;57;22.57;24.4
1295;11;58;30.787;14.62
1296;11;58;37.96;6.74
1297;11;59;24.972;11.08
1298;12;13;0.742;24.47
1299;12;13;0.818;17.43
1300;12;14;81.016;21.89
1301;12;14;78.52;24.77
1302;12;15;28.693;5.33
1303;12;15;35.055;13.88
1304;12;16;18.873;24.49
1305;12;16;22.924;21.81
1306;12;17;30.866;22.7
1307;12;17;31.202;17.84
1308;12;17;28.762;11.64
1309;12;18;42.726;15.49
1310;12;19;45.434;21.89
1311;12;19;55.169;21.08
1312;12;20;21.618;18.79
1313;12;21;22.698;10.36
1314;12;22;67.282;17.67
1315;12;22;64.302;11.63
1316;12;23;3.504;22.73
1317;12;24;42.419;15.41
1318;12;24;47.154;12.83
1319;12;25;17.738;21.58
1320;12;25;15.012;5.34
1321;12;26;9.785;1.41
1322;12;26;10.681;6.34
1323;12;26;11.384;3.51
1324;12;27;17.0;8.27
1325;12;28;20.804;14.74
1326;12;28;18.266;1.26
1327;12;29;4.211;16.32
1328;12;30;29.659;9.47
1329;12;30;27.034;16.71
1330;12;30;25.855;19.01
1331;12;31;71.106;22.28
1332;12;32;44.693;2.23
1333;12;32;53.087;2.28
1334;12;32;55.188;1.58
1335;12;33;23.546;23.34
1336;12;34;15.707;16.55
1337;12;35;14.092;16.51
1338;12;35;11.17;3.14
1339;12;35;13.903;5.0
1340;12;36;19.555;6.65
1341;12;36;24.369;24.92
1342;12;36;18.078;4.02
1343;12;37;14.003;4.58
1344;12;38;18.021;12.24
1345;12;39;8.916;1.37
1346;12;40;33.698;17.0
1347;12;40;28.063;19.82
1348;12;40;40.909;13.77
1349;12;41;68.81;21.71
1350;12;41;57.193;21.28
1351;12;42;16.968;20.12
1352;12;42;18.635;0.89
1353;12;42;15.695;21.37
1354;12;43;20.207;24.43
1355;12;43;23.449;19.47
1356;12;43;23.987;19.8
1357;12;44;23.918;14.75
1358;12;45;42.008;13.03
1359;12;45;51.416;10.1
1360;12;46;19.555;4.16
1361;12;47;17.282;15.36
1362;12;47;16.004;4.05
1363;12;48;17.054;6.58
1364;12;49;50.638;21.09
1365;12;49;49.29;9.19
1366;12;50;27.973;5.45
1367;12;50;25.423;21.71
1368;12;50;22.153;0.54
1369;12;51;1.252;4.34
1370;12;51;1.123;2.52
1371;12;51;1.177;7.77
1372;12;52;55.399;7.87
1373;12;52;44.673;16.21
1374;12;53;29.146;21.5
1375;12;53;27.019;9.79
1376;12;53;35.801;10.71
1377;12;54;48.236;12.92
1378;12;54;59.807;8.45
1379;12;54;57.488;4.51
1380;12;55;20.987;10.51
1381;12;55;21.377;6.88
1382;12;55;18.509;7.04
1383;12;56;43.406;15.2
1384;12;56;46.331;16.37
1385;12;57;26.058;0.13
1386;12;57;31.0;20.62
1387;12;58;30.572;0.96
1388;12;59;26.77;10.18
1389;12;59;32.3;18.63
1390;13;14;81.758;16.61
1391;13;14;71.245;11.24
1392;13;15;29.198;3.09
1393;13;16;19.06;0.76
1394;13;17;31.323;5.76
1395;13;17;29.214;21.32
1396;13;18;43.283;8.23
1397;13;18;43.572;3.93
1398;13;19;44.765;12.02
1399;13;19;46.586;4.43
1400;13;20;21.767;10.27
1401;13;21;22.563;7.61
1402;13;21;17.686;16.76
1403;13;22;67.512;24.81
1404;13;23;4.209;18.42
1405;13;23;3.621;7.09
1406;13;23;4.151;23.16
1407;13;24;41.697;6.92
1408;13;25;17.511;17.44
1409;13;26;10.142;15.33
1410;13;27;17.719;22.16
1411;13;27;16.115;6.85
1412;13;28;21.006;11.83
1413;13;29;4.095;11.81
1414;13;29;4.102;14.35
1415;13;30;29.545;10.41
1416;13;30;36.044;11.04
1417;13;31;71.8;22.34
1418;13;31;89.525;24.16
1419;13;32;44.213;2.26
1420;13;32;43.166;6.44
1421;13;32;41.789;5.51
1422;13;33;23.844;22.35
1423;13;33;24.053;1.42
1424;13;33;19.119;9.28
1425;13;34;15.826;23.45
1426;13;35;13.879;23.28
1427;13;36;19.755;10.06
1428;13;37;14.209;1.83
1429;13;37;17.471;4.14
1430;13;38;17.955;15.23
1431;13;38;18.542;24.41
1432;13;39;9.092;10.65
1433;13;40;32.976;2.94
1434;13;40;39.907;1.65
1435;13;40;34.114;17.46
1436;13;41;69.467;2.72
1437;13;41;77.396;11.22
1438;13;41;65.012;2.79
1439;13;42;17.062;21.27
1440;13;42;18.555;8.71
1441;13;43;19.886;19.76
1442;13;43;17.09;8.85
1443;13;43;17.983;12.1
1444;13;44;24.216;19.19
1445;13;44;18.891;22.33
1446;13;44;27.599;12.25
1447;13;45;41.284;4.55
1448;13;45;43.508;23.85
1449;13;45;39.954;8.21
1450;13;46;19.755;24.81
1451;13;46;15.976;12.11
1452;13;46;19.361;22.31
1453;13;47;17.353;17.11
1454;13;47;18.869;18.76
1455;13;48;17.04;23.45
1456;13;48;15.153;1.29
1457;13;49;51.138;21.17
1458;13;49;60.379;23.49
1459;13;49;48.248;6.67
1460;13;50;28.129;22.67
1461;13;50;22.701;6.02
1462;13;51;0.51;13.15
1463;13;51;0.611;15.23
1464;13;52;55.671;6.22
1465;13;52;65.397;10.31
1466;13;53;28.972;22.39
1467;13;53;27.777;13.29
1468;13;53;33.035;5.2
1469;13;54;48.843;18.22
1470;13;54;46.218;2.49
1471;13;54;44.934;11.81
1472;13;55;21.044;14.98
1473;13;56;42.811;9.42
1474;13;57;26.427;21.59
1475;13;57;25.238;12.86
1476;13;57;24.157;22.55
1477;13;58;30.524;23.55
1478;13;58;32.215;13.9
1479;13;58;25.98;21.16
1480;13;59;26.416;17.73
1481;13;59;22.194;24.86
1482;13;59;29.559;12.07
1483;14;15;64.423;6.46
1484;14;15;49.693;13.34
1485;14;15;60.226;14.18
1486;14;16;78.211;1.96
1487;14;16;97.587;15.43
1488;14;16;63.352;24.43
1489;14;17;66.004;22.86
1490;14;18;55.48;3.76
1491;14;18;67.823;21.01
1492;14;19;123.244;0.86
1493;14;19;105.667;0.66
1494;14;19;105.726;13.33
1495;14;20;79.27;15.57
1496;14;20;98.065;8.84
1497;14;21;87.759;18.59
1498;14;21;106.243;3.23
1499;14;21;89.4;5.3
1500;14;22;89.77;18.49
1501;14;22;101.591;9.72
1502;14;23;77.694;17.03
1503;14;23;65.234;18.77
1504;14;24;122.504;10.82
1505;14;24;122.45;2.88
1506;14;25;87.948;9.02
1507;14;25;107.623;10.18
1508;14;25;88.214;23.28
1509;14;26;77.35;14.89
1510;14;26;83.598;24.92
1511;14;27;64.575;5.12
1512;14;28;77.704;13.96
1513;14;28;66.863;4.65
1514;14;28;85.843;18.76
1515;14;29;82.258;16.32
1516;14;30;90.019;13.59
1517;14;30;79.211;12.19
1518;14;31;27.074;21.5
1519;14;31;29.601;17.86
1520;14;31;29.896;9.22
1521;14;32;114.568;20.68
1522;14;32;91.06;1.19
1523;14;32;114.311;23.6
1524;14;33;74.36;0.42
1525;14;34;80.83;3.68
1526;14;34;84.379;23.7
1527;14;35;86.088;20.3
1528;14;35;96.262;15.78
1529;14;36;77.853;22.9
1530;14;36;62.929;6.15
1531;14;36;89.557;5.4
1532;14;37;78.248;22.78
1533;14;38;85.388;8.96
1534;14;39;79.476;0.86
1535;14;40;113.946;20.12
1536;14;40;136.914;21.68
1537;14;40;124.855;7.46
1538;14;41;35.917;14.77
1539;14;42;80.517;2.32
1540;14;42;95.929;8.03
1541;14;43;91.381;20.0
1542;14;44;74.351;15.38
1543;14;44;86.224;7.1
1544;14;44;90.712;17.23
1545;14;45;122.224;13.19
1546;14;45;96.717;9.33
1547;14;45;151.515;19.38
1548;14;46;77.853;6.95
1549;14;46;89.841;22.12
1550;14;47;81.072;23.26
1551;14;47;68.566;1.61
1552;14;48;82.997;5.67
1553;14;48;91.317;2.65
1554;14;49;61.781;9.53
1555;14;49;77.165;18.71
1556;14;49;75.966;23.08
1557;14;50;79.5;13.61
1558;14;51;82.268;22.82
1559;14;51;82.679;21.48
1560;14;51;90.636;16.25
1561;14;52;81.461;18.02
1562;14;53;91.887;19.28
1563;14;53;73.719;10.09
1564;14;53;80.881;21.82
1565;14;54;48.774;14.49
1566;14;55;81.894;23.68
1567;14;55;79.173;8.67
1568;14;55;78.304;24.46
1569;14;56;118.293;4.32
1570;14;57;71.269;22.67
1571;14;57;74.258;12.9
1572;14;57;63.854;5.48
1573;14;58;87.947;11.93
1574;14;59;96.367;22.85
1575;14;59;120.069;17.8
1576;14;59;116.611;13.97
1577;15;16;15.208;14.54
1578;15;16;17.431;23.2
1579;15;16;17.884;13.25
1580;15;17;3.361;7.68
1581;15;17;4.148;22.11
1582;15;17;2.974;6.24
1583;15;18;14.501;23.12
1584;15;18;15.663;9.48
1585;15;19;60.469;15.07
1586;15;20;15.372;10.41
1587;15;20;14.612;7.07
1588;15;21;23.885;2.47
1589;15;21;20.4;12.11
1590;15;22;85.235;11.86
1591;15;22;105.252;6.49
1592;15;22;99.184;17.82
1593;15;23;25.644;12.08
1594;15;23;31.362;17.07
1595;15;24;61.754;16.27
1596;15;25;25.526;8.62
1597;15;25;24.324;3.01
1598;15;25;24.065;24.65
1599;15;26;33.419;3.89
1600;15;27;17.085;4.89
1601;15;28;14.075;10.5
1602;15;29;32.459;21.09
1603;15;29;31.362;5.9
1604;15;29;40.288;3.06
1605;15;30;25.602;22.48
1606;15;30;24.715;21.39
1607;15;31;47.29;1.49
1608;15;31;52.844;13.75
1609;15;32;50.168;10.34
1610;15;32;62.351;1.96
1611;15;33;10.203;8.88
1612;15;33;9.569;5.05
1613;15;33;9.273;11.26
1614;15;34;40.557;14.97
1615;15;34;32.062;13.73
1616;15;34;33.343;4.66
1617;15;35;25.006;1.04
1618;15;36;14.627;7.53
1619;15;36;16.697;22.11
1620;15;37;17.568;20.49
1621;15;38;44.526;4.35
1622;15;39;21.551;11.94
1623;15;39;17.137;22.7
1624;15;39;24.738;10.85
1625;15;40;53.966;17.05
1626;15;40;58.731;23.76
1627;15;41;42.91;18.99
1628;15;42;18.1;16.03
1629;15;42;16.956;16.32
1630;15;43;28.573;10.34
1631;15;44;10.121;20.92
1632;15;44;8.496;24.23
1633;15;45;61.686;3.09
1634;15;45;46.488;12.02
1635;15;46;14.627;0.2
1636;15;46;13.189;20.79
1637;15;46;11.603;10.05
1638;15;47;18.504;21.68
1639;15;47;14.491;0.71
1640;15;47;21.796;15.36
1641;15;48;20.494;5.08
1642;15;48;19.204;14.29
1643;15;48;18.603;6.46
1644;15;49;60.565;11.69
1645;15;49;71.842;24.22
1646;15;50;15.178;5.83
1647;15;50;15.136;9.59
1648;15;50;11.83;1.83
1649;15;51;29.55;19.93
1650;15;51;26.012;4.6
1651;15;51;30.954;4.35
1652;15;52;72.833;13.26
1653;15;52;81.855;18.08
1654;15;52;80.419;17.2
1655;15;53;27.476;8.09
1656;15;53;24.078;9.72
1657;15;53;28.081;20.37
1658;15;54;21.106;16.83
1659;15;55;18.142;13.88
1660;15;55;20.068;24.57
1661;15;56;54.542;18.29
1662;15;56;57.02;14.01
1663;15;57;6.858;9.3
1664;15;57;5.614;23.42
1665;15;57;6.653;21.9
1666;15;58;23.627;22.49
1667;15;58;27.955;17.42
1668;15;59;32.509;5.58
1669;16;17;15.628;24.69
1670;16;17;14.425;23.65
1671;16;17;17.524;18.61
1672;16;18;29.303;20.94
1673;16;19;45.512;4.18
1674;16;19;52.534;3.99
1675;16;20;2.93;4.87
1676;16;20;2.518;13.47
1677;16;21;9.733;5.6
1678;16;22;83.972;5.25
1679;16;23;17.198;15.8
1680;16;23;13.889;7.97
1681;16;24;46.546;11.1
1682;16;25;10.322;11.29
1683;16;25;11.802;11.82
1684;16;25;12.803;13.06
1685;16;26;27.071;16.43
1686;16;27;18.455;5.27
1687;16;27;14.752;10.01
1688;16;28;1.983;0.3
1689;16;29;23.084;8.07
1690;16;29;21.998;9.51
1691;16;30;14.361;19.75
1692;16;31;62.439;11.47
1693;16;31;59.365;10.22
1694;16;32;37.002;6.09
1695;16;33;5.808;10.54
1696;16;33;6.711;0.48
1697;16;34;33.979;3.83
1698;16;34;30.88;6.43
1699;16;34;34.826;14.97
1700;16;35;10.118;13.17
1701;16;36;0.76;11.27
1702;16;36;0.939;13.87
1703;16;36;0.588;17.58
1704;16;37;4.879;3.97
1705;16;37;4.796;12.86
1706;16;38;36.819;13.31
1707;16;38;32.773;13.9
1708;16;39;9.969;23.39
1709;16;39;8.709;22.83
1710;16;39;10.135;18.44
1711;16;40;38.807;0.95
1712;16;40;31.733;8.02
1713;16;40;30.096;19.44
1714;16;41;58.09;0.4
1715;16;41;51.744;23.38
1716;16;42;3.022;6.92
1717;16;42;3.647;24.5
1718;16;42;3.722;1.33
1719;16;43;13.464;13.83
1720;16;44;6.106;17.4
1721;16;44;6.53;9.42
1722;16;44;5.873;21.87
1723;16;45;46.48;5.84
1724;16;46;0.76;5.2
1725;16;47;3.328;1.65
1726;16;48;5.294;0.3
1727;16;48;5.525;0.23
1728;16;49;63.257;9.99
1729;16;50;9.141;18.6
1730;16;50;10.539;22.83
1731;16;50;8.987;18.61
1732;16;51;19.202;18.7
1733;16;51;19.006;8.07
1734;16;52;71.72;20.22
1735;16;52;62.322;6.04
1736;16;52;83.353;9.17
1737;16;53;15.254;7.41
1738;16;53;11.811;11.37
1739;16;53;15.875;24.51
1740;16;54;36.234;13.53
1741;16;54;39.249;10.78
1742;16;55;4.123;5.0
1743;16;55;3.711;3.87
1744;16;56;40.089;16.84
1745;16;57;9.374;15.0
1746;16;57;7.582;1.44
1747;16;58;13.896;6.73
1748;16;58;14.655;24.09
1749;16;59;18.196;7.04
1750;17;18;13.725;13.62
1751;17;19;60.087;11.34
1752;17;20;15.151;15.66
1753;17;20;16.715;17.0
1754;17;21;23.397;15.16
1755;17;21;20.455;1.25
1756;17;21;20.002;19.0
1757;17;22;88.556;16.48
1758;17;22;95.797;13.03
1759;17;22;88.751;5.27
1760;17;23;27.982;23.24
1761;17;23;34.208;17.48
1762;17;23;22.885;17.79
1763;17;24;61.902;20.77
1764;17;24;51.097;23.73
1765;17;24;68.112;9.34
1766;17;25;25.756;13.96
1767;17;25;25.758;13.89
1768;17;26;36.182;16.85
1769;17;27;20.283;0.21
1770;17;28;14.157;4.95
1771;17;28;17.301;5.92
1772;17;28;17.447;7.71
1773;17;29;34.77;23.93
1774;17;29;27.34;9.57
1775;17;29;38.5;11.41
1776;17;30;24.198;23.89
1777;17;30;19.367;17.65
1778;17;30;18.326;5.48
1779;17;31;47.692;22.64
1780;17;32;48.874;1.1
1781;17;32;48.162;18.82
1782;17;33;10.018;16.99
1783;17;33;9.036;19.29
1784;17;33;8.064;6.83
1785;17;34;43.358;22.39
1786;17;34;34.485;6.2
1787;17;35;25.71;14.0
1788;17;35;23.446;10.23
1789;17;36;14.954;10.41
1790;17;36;14.007;17.49
1791;17;36;15.445;0.5
1792;17;37;18.772;1.48
1793;17;37;15.505;16.87
1794;17;38;47.207;23.32
1795;17;38;37.971;21.95
1796;17;39;23.195;8.62
1797;17;39;18.059;13.34
1798;17;40;54.354;24.27
1799;17;41;42.748;11.56
1800;17;42;18.636;14.11
1801;17;42;14.231;7.1
1802;17;42;20.425;10.75
1803;17;43;28.563;19.82
1804;17;43;22.25;19.13
1805;17;44;9.821;23.81
1806;17;44;11.377;15.49
1807;17;44;8.041;11.56
1808;17;45;61.881;5.58
1809;17;46;14.954;24.34
1810;17;46;13.227;22.29
1811;17;46;12.929;13.71
1812;17;47;18.951;9.86
1813;17;48;20.875;12.55
1814;17;49;63.918;8.55
1815;17;49;72.122;17.61
1816;17;50;13.583;10.08
1817;17;50;13.7;18.5
1818;17;51;31.642;11.33
1819;17;51;25.431;2.0
1820;17;51;33.133;16.48
1821;17;52;76.152;16.22
1822;17;52;63.697;19.71
1823;17;52;72.41;23.56
1824;17;53;26.25;6.73
1825;17;54;20.867;14.19
1826;17;55;17.921;3.41
1827;17;56;53.797;20.08
1828;17;56;55.728;8.91
1829;17;57;6.341;8.2
1830;17;57;7.4;9.7
1831;17;58;21.979;14.36
1832;17;58;19.296;14.97
1833;17;59;31.884;18.61
1834;17;59;28.148;0.84
1835;17;59;29.181;24.04
1836;18;19;73.587;12.15
1837;18;19;70.521;10.3
1838;18;19;91.129;14.48
1839;18;20;28.859;15.88
1840;18;20;31.136;0.32
1841;18;20;30.737;21.68
1842;18;21;36.967;21.1
1843;18;22;93.102;22.13
1844;18;22;75.702;7.06
1845;18;22;95.254;20.7
1846;18;23;39.493;15.04
1847;18;24;75.617;7.94
1848;18;24;70.107;10.46
1849;18;25;39.479;9.14
1850;18;26;46.181;14.74
1851;18;27;28.594;7.82
1852;18;28;27.879;12.31
1853;18;28;30.385;15.47
1854;18;29;46.263;18.22
1855;18;29;36.588;10.47
1856;18;30;36.905;19.32
1857;18;30;33.889;4.41
1858;18;30;40.062;16.16
1859;18;31;34.657;9.75
1860;18;32;61.384;23.79
1861;18;33;23.744;12.33
1862;18;33;22.765;0.33
1863;18;33;20.951;2.56
1864;18;34;53.065;4.04
1865;18;34;59.123;24.82
1866;18;34;50.164;13.37
1867;18;35;39.32;21.58
1868;18;35;30.16;3.16
1869;18;35;48.1;1.86
1870;18;36;28.647;9.33
1871;18;36;30.946;6.2
1872;18;36;32.98;5.29
1873;18;37;32.05;6.42
1874;18;37;29.597;22.58
1875;18;38;57.371;4.33
1876;18;38;52.436;7.46
1877;18;39;36.011;10.05
1878;18;39;30.473;6.29
1879;18;39;39.678;13.28
1880;18;40;68.074;14.53
1881;18;40;58.083;8.56
1882;18;41;29.136;9.66
1883;18;41;25.046;17.19
1884;18;42;32.29;24.82
1885;18;43;42.272;23.09
1886;18;43;36.622;12.51
1887;18;43;32.053;10.65
1888;18;44;23.543;6.75
1889;18;44;21.662;4.17
1890;18;45;75.602;21.26
1891;18;46;28.647;24.82
1892;18;46;35.402;17.74
1893;18;47;32.631;3.7
1894;18;48;34.575;10.61
1895;18;49;66.005;16.73
1896;18;50;26.448;16.02
1897;18;50;27.14;22.08
1898;18;51;43.668;3.53
1899;18;51;45.628;1.03
1900;18;51;50.138;10.06
1901;18;52;80.897;7.01
1902;18;52;75.636;11.34
1903;18;53;39.149;22.94
1904;18;53;30.955;14.21
1905;18;54;7.444;14.34
1906;18;54;8.17;6.89
1907;18;54;6.569;22.03
1908;18;55;31.617;14.51
1909;18;55;36.906;6.76
1910;18;55;29.148;10.42
1911;18;56;67.007;23.47
1912;18;56;74.13;17.18
1913;18;57;20.066;24.95
1914;18;58;34.38;24.79
1915;18;59;45.309;10.37
1916;18;59;35.448;22.61
1917;19;20;45.108;22.59
1918;19;20;45.458;22.96
1919;19;21;36.692;11.47
1920;19;21;35.978;24.84
1921;19;22;103.777;4.88
1922;19;23;47.972;2.82
1923;19;23;39.703;11.15
1924;19;23;38.223;24.83
1925;19;24;9.76;19.82
1926;19;24;11.144;14.55
1927;19;25;35.398;11.26
1928;19;25;39.405;17.17
1929;19;25;40.819;11.92
1930;19;26;53.504;1.96
1931;19;27;59.458;12.96
1932;19;27;45.205;6.73
1933;19;28;46.414;0.43
1934;19;29;46.439;5.4
1935;19;29;48.968;22.69
1936;19;30;37.461;17.17
1937;19;30;29.09;3.39
1938;19;30;31.716;9.1
1939;19;31;107.715;10.14
1940;19;31;96.205;23.92
1941;19;31;84.985;2.64
1942;19;32;18.721;3.79
1943;19;32;17.637;18.23
1944;19;33;50.305;10.31
1945;19;33;53.653;2.94
1946;19;34;55.613;18.48
1947;19;34;48.456;24.24
1948;19;35;37.171;23.01
1949;19;35;39.41;12.94
1950;19;36;45.992;1.19
1951;19;37;44.999;16.93
1952;19;37;44.502;22.04
1953;19;37;50.225;16.88
1954;19;38;54.067;19.72
1955;19;38;46.256;22.06
1956;19;39;44.149;11.71
1957;19;40;14.458;0.02
1958;19;40;12.103;4.78
1959;19;41;102.722;14.94
1960;19;41;122.166;15.93
1961;19;42;42.936;21.85
1962;19;42;35.542;23.35
1963;19;42;32.558;10.56
1964;19;43;32.067;15.67
1965;19;44;50.429;22.98
1966;19;44;56.488;19.47
1967;19;44;61.544;17.24
1968;19;45;10.592;18.34
1969;19;46;45.992;14.71
1970;19;46;35.869;22.3
1971;19;46;51.699;3.45
1972;19;47;42.419;2.13
1973;19;48;40.44;19.68
1974;19;49;94.2;20.31
1975;19;49;108.439;24.9
1976;19;50;47.294;22.27
1977;19;50;55.112;22.8
1978;19;51;44.304;24.97
1979;19;52;93.718;3.01
1980;19;52;98.364;18.5
1981;19;52;107.989;5.07
1982;19;53;35.025;12.91
1983;19;53;34.364;2.63
1984;19;53;34.896;23.86
1985;19;54;80.908;16.19
1986;19;54;97.644;17.09
1987;19;55;42.331;13.6
1988;19;55;32.441;17.38
1989;19;56;8.742;9.1
1990;19;56;7.884;6.82
1991;19;57;53.875;24.98
1992;19;58;40.279;1.18
1993;19;58;36.414;9.39
1994;19;58;40.247;5.4
1995;19;59;28.285;2.7
1996;19;59;29.423;18.43
1997;20;21;8.547;18.42
1998;20;21;8.198;23.73
1999;20;22;86.899;4.0
2000;20;23;20.072;20.72
2001;20;23;15.429;10.78
2002;20;24;46.758;5.4
2003;20;24;47.764;13.72
2004;20;25;10.748;24.12
2005;20;25;9.488;16.99
2006;20;26;29.973;10.34
2007;20;26;26.631;5.35
2008;20;27;20.993;7.0
2009;20;27;26.076;13.75
2010;20;28;1.755;8.05
2011;20;29;25.823;8.69
2012;20;30;11.984;1.28
2013;20;30;9.223;14.3
2014;20;31;62.614;13.37
2015;20;31;50.916;5.77
2016;20;32;35.483;7.68
2017;20;33;5.201;22.07
2018;20;33;5.714;15.3
2019;20;34;36.848;24.87
2020;20;34;30.34;3.52
2021;20;35;11.496;1.03
2022;20;36;2.493;14.2
2023;20;36;2.344;17.58
2024;20;36;2.515;3.09
2025;20;37;7.711;16.28
2026;20;38;39.61;11.95
2027;20;39;12.704;4.65
2028;20;40;39.311;2.33
2029;20;41;57.892;15.6
2030;20;41;52.648;6.51
2031;20;41;50.345;6.36
2032;20;42;4.899;1.22
2033;20;42;3.926;4.2
2034;20;43;13.413;15.46
2035;20;44;5.349;12.05
2036;20;45;46.746;6.78
2037;20;45;53.009;5.93
2038;20;45;48.656;19.1
2039;20;46;2.493;24.64
2040;20;47;4.84;12.7
2041;20;47;4.103;5.67
2042;20;48;6.308;22.61
2043;20;48;7.221;3.74
2044;20;49;66.028;17.03
2045;20;49;56.258;1.17
2046;20;50;6.364;14.55
2047;20;50;5.198;13.4
2048;20;50;7.059;10.4
2049;20;51;21.881;0.8
2050;20;52;74.643;18.19
2051;20;52;64.054;21.23
2052;20;53;13.189;16.22
2053;20;54;36.006;5.4
2054;20;55;2.784;10.18
2055;20;56;39.235;5.34
2056;20;56;46.569;24.04
2057;20;56;46.44;3.37
2058;20;57;8.83;0.4
2059;20;57;9.28;14.36
2060;20;58;11.204;15.28
2061;20;58;10.131;5.92
2062;20;58;13.056;8.86
2063;20;59;17.194;23.32
2064;20;59;20.466;0.69
2065;20;59;14.745;14.12
2066;21;22;89.874;23.33
2067;21;23;22.457;18.98
2068;21;23;20.435;22.14
2069;21;24;38.904;0.18
2070;21;24;31.596;1.17
2071;21;24;48.086;4.2
2072;21;25;5.626;11.56
2073;21;26;32.233;9.84
2074;21;26;27.883;8.8
2075;21;27;27.548;16.75
2076;21;27;22.618;14.32
2077;21;28;10.056;23.48
2078;21;29;26.561;13.91
2079;21;29;32.105;19.29
2080;21;29;31.361;18.89
2081;21;30;7.011;1.58
2082;21;30;8.165;2.67
2083;21;31;71.038;5.33
2084;21;31;65.067;14.76
2085;21;31;66.89;22.88
2086;21;32;27.272;2.72
2087;21;32;23.168;6.27
2088;21;32;29.164;2.15
2089;21;33;13.682;6.89
2090;21;33;13.679;10.39
2091;21;33;11.605;23.14
2092;21;34;38.387;0.99
2093;21;35;8.861;15.74
2094;21;35;10.741;6.67
2095;21;35;9.175;15.67
2096;21;36;9.975;11.09
2097;21;36;8.002;7.18
2098;21;37;11.84;24.61
2099;21;37;13.943;14.53
2100;21;38;40.242;22.73
2101;21;38;33.904;9.35
2102;21;38;36.395;17.31
2103;21;39;14.887;7.19
2104;21;39;13.218;17.81
2105;21;39;13.062;1.9
2106;21;40;31.945;9.92
2107;21;40;36.62;19.34
2108;21;40;33.675;11.98
2109;21;41;66.092;3.84
2110;21;41;67.822;22.1
2111;21;42;8.264;16.42
2112;21;42;8.997;21.21
2113;21;43;6.171;16.0
2114;21;43;7.545;4.04
2115;21;43;7.139;3.36
2116;21;44;13.779;23.87
2117;21;45;38.963;15.87
2118;21;46;9.975;18.75
2119;21;46;11.95;7.48
2120;21;47;7.652;21.05
2121;21;48;6.44;16.32
2122;21;48;5.869;1.75
2123;21;48;7.66;0.93
2124;21;49;71.122;13.25
2125;21;50;11.284;5.68
2126;21;51;22.48;2.75
2127;21;52;77.863;11.47
2128;21;52;61.8;19.73
2129;21;53;6.574;7.15
2130;21;53;5.105;5.6
2131;21;53;7.609;1.87
2132;21;54;44.241;21.81
2133;21;54;54.472;3.96
2134;21;55;5.865;2.81
2135;21;56;30.687;21.98
2136;21;56;30.037;5.47
2137;21;57;17.196;2.52
2138;21;57;19.745;5.6
2139;21;57;18.154;11.82
2140;21;58;8.509;0.32
2141;21;58;8.719;13.96
2142;21;58;8.309;8.99
2143;21;59;8.647;8.15
2144;22;23;67.493;14.77
2145;22;24;96.25;20.72
2146;22;24;74.739;20.44
2147;22;25;85.017;4.57
2148;22;25;90.887;5.25
2149;22;25;67.547;19.02
2150;22;26;57.641;14.69
2151;22;27;68.519;8.15
2152;22;28;85.535;16.26
2153;22;29;63.744;23.62
2154;22;30;96.727;14.42
2155;22;30;117.404;1.03
2156;22;30;84.443;3.79
2157;22;31;100.386;8.16
2158;22;31;110.434;5.03
2159;22;32;109.833;16.52
2160;22;32;128.114;18.25
2161;22;32;88.983;1.04
2162;22;33;86.494;7.5
2163;22;33;72.677;10.12
2164;22;33;101.745;6.62
2165;22;34;51.879;10.16
2166;22;34;54.344;5.73
2167;22;34;51.299;20.14
2168;22;35;81.373;10.67
2169;22;36;84.45;18.69
2170;22;36;101.303;13.32
2171;22;36;97.464;19.85
2172;22;37;79.454;7.67
2173;22;37;81.65;7.51
2174;22;38;51.357;20.32
2175;22;38;53.276;6.91
2176;22;39;75.189;10.51
2177;22;39;86.036;15.57
2178;22;39;91.335;6.56
2179;22;40;89.327;0.26
2180;22;40;92.815;17.53
2181;22;41;104.258;17.67
2182;22;42;83.084;7.68
2183;22;42;98.662;20.89
2184;22;43;87.307;0.32
2185;22;44;86.837;6.95
2186;22;44;85.129;21.21
2187;22;45;95.462;8.66
2188;22;45;75.697;18.6
2189;22;45;105.458;23.52
2190;22;46;84.45;3.76
2191;22;46;89.167;7.86
2192;22;47;83.549;22.01
2193;22;47;101.56;18.41
2194;22;47;89.951;22.33
2195;22;48;83.844;20.04
2196;22;48;72.084;20.39
2197;22;49;29.586;6.19
2198;22;50;92.705;7.93
2199;22;50;70.981;4.09
2200;22;50;95.892;1.27
2201;22;51;67.678;23.07
2202;22;51;69.667;10.54
2203;22;51;75.524;21.25
2204;22;52;12.409;18.39
2205;22;53;96.388;0.69
2206;22;54;93.798;2.02
2207;22;54;101.0;16.66
2208;22;55;87.183;13.13
2209;22;55;94.626;23.45
2210;22;55;74.625;21.75
2211;22;56;105.558;23.83
2212;22;56;121.465;12.08
2213;22;57;87.17;7.91
2214;22;57;105.276;20.76
2215;22;57;93.984;11.28
2216;22;58;97.279;13.36
2217;22;58;81.509;23.7
2218;22;59;93.673;14.54
2219;22;59;98.534;6.99
2220;22;59;106.945;23.72
2221;23;24;45.399;4.41
2222;23;25;18.034;17.44
2223;23;25;17.144;3.98
2224;23;26;9.975;24.54
2225;23;26;7.862;15.8
2226;23;27;13.514;20.82
2227;23;28;19.032;12.7
2228;23;28;23.497;18.97
2229;23;29;6.815;12.06
2230;23;30;29.241;0.8
2231;23;30;35.665;5.28
2232;23;31;67.603;21.58
2233;23;31;71.375;15.34
2234;23;31;57.37;14.1
2235;23;32;46.063;17.34
2236;23;32;55.537;11.46
2237;23;32;51.524;20.95
2238;23;33;21.324;4.68
2239;23;33;20.679;20.16
2240;23;34;16.782;13.33
2241;23;34;14.909;21.7
2242;23;34;19.183;11.83
2243;23;35;14.425;13.19
2244;23;35;17.621;3.85
2245;23;35;16.683;3.48
2246;23;36;17.815;11.15
2247;23;36;16.497;12.36
2248;23;37;12.365;12.29
2249;23;37;9.512;5.5
2250;23;37;13.855;4.63
2251;23;38;19.811;6.79
2252;23;38;16.115;0.8
2253;23;39;7.708;24.83
2254;23;39;6.493;10.0
2255;23;40;36.695;2.27
2256;23;40;34.562;11.98
2257;23;41;65.343;0.42
2258;23;42;15.76;23.92
2259;23;43;20.912;0.66
2260;23;43;19.024;11.47
2261;23;44;21.699;21.39
2262;23;45;45.02;15.64
2263;23;45;41.727;23.31
2264;23;45;36.326;0.03
2265;23;46;17.815;20.34
2266;23;47;16.173;2.21
2267;23;47;16.965;19.26
2268;23;47;15.184;5.46
2269;23;48;16.351;13.5
2270;23;49;49.42;0.0
2271;23;50;26.329;0.68
2272;23;50;29.721;10.48
2273;23;51;4.7;15.01
2274;23;51;5.75;16.35
2275;23;51;3.941;20.06
2276;23;52;55.425;1.62
2277;23;53;29.019;17.52
2278;23;53;30.749;9.64
2279;23;54;44.869;22.22
2280;23;55;19.873;20.38
2281;23;55;17.868;2.76
2282;23;56;45.454;22.82
2283;23;56;43.535;1.28
2284;23;56;39.657;0.19
2285;23;57;23.529;17.69
2286;23;57;20.34;19.93
2287;23;57;22.629;20.2
2288;23;58;29.834;4.2
2289;23;58;22.997;11.34
2290;23;59;27.562;19.73
2291;24;25;36.232;11.67
2292;24;25;31.476;17.05
2293;24;26;49.291;20.39
2294;24;26;52.719;18.95
2295;24;27;57.987;5.73
2296;24;27;59.754;18.42
2297;24;27;47.105;22.89
2298;24;28;47.793;8.98
2299;24;29;42.562;17.85
2300;24;30;41.315;3.27
2301;24;31;108.905;11.22
2302;24;32;27.076;18.2
2303;24;33;51.894;21.97
2304;24;34;50.252;23.68
2305;24;35;37.096;11.7
2306;24;35;34.717;4.57
2307;24;36;47.138;13.34
2308;24;36;53.577;6.99
2309;24;36;36.644;14.83
2310;24;37;45.011;23.01
2311;24;38;48.041;8.78
2312;24;39;43.076;1.92
2313;24;39;42.433;9.8
2314;24;39;49.274;14.42
2315;24;40;8.722;11.0
2316;24;40;8.643;3.17
2317;24;40;10.793;2.77
2318;24;41;104.601;8.38
2319;24;41;88.5;23.68
2320;24;42;43.689;3.56
2321;24;42;51.259;23.48
2322;24;43;33.346;2.0
2323;24;44;52.082;0.1
2324;24;44;54.828;15.66
2325;24;44;50.968;20.25
2326;24;45;0.866;22.34
2327;24;45;1.063;10.98
2328;24;46;47.138;22.85
2329;24;46;41.544;7.82
2330;24;47;43.259;13.26
2331;24;48;41.263;16.8
2332;24;48;50.098;14.79
2333;24;48;45.428;3.92
2334;24;49;88.825;18.94
2335;24;49;97.02;22.45
2336;24;49;93.99;8.14
2337;24;50;50.094;10.45
2338;24;50;58.438;14.11
2339;24;50;48.793;2.48
2340;24;51;41.2;0.52
2341;24;51;46.464;16.73
2342;24;52;86.713;14.72
2343;24;53;38.857;16.5
2344;24;53;37.614;10.65
2345;24;53;43.9;20.09
2346;24;54;82.719;0.07
2347;24;54;67.035;7.58
2348;24;55;44.005;23.23
2349;24;56;17.231;2.78
2350;24;57;55.565;15.16
2351;24;57;66.188;22.54
2352;24;57;63.147;7.02
2353;24;58;44.173;10.15
2354;24;58;42.857;17.18
2355;24;58;47.465;6.22
2356;24;59;31.387;21.37
2357;25;26;27.463;22.08
2358;25;27;25.458;16.17
2359;25;27;31.264;5.81
2360;25;27;26.142;21.19
2361;25;28;11.6;10.68
2362;25;28;11.288;20.92
2363;25;28;11.545;11.61
2364;25;29;21.391;22.01
2365;25;29;22.688;12.53
2366;25;30;12.504;23.0
2367;25;30;10.461;14.21
2368;25;30;10.653;10.48
2369;25;31;72.753;3.71
2370;25;31;69.69;16.23
2371;25;31;54.83;0.63
2372;25;32;28.971;10.96
2373;25;32;26.357;4.47
2374;25;33;15.741;10.12
2375;25;33;18.863;6.47
2376;25;33;16.427;20.54
2377;25;34;33.289;21.44
2378;25;34;35.754;16.39
2379;25;34;33.206;17.4
2380;25;35;3.653;20.52
2381;25;36;10.906;7.46
2382;25;37;9.857;16.29
2383;25;38;34.894;17.64
2384;25;39;11.015;4.13
2385;25;39;11.79;12.08
2386;25;39;10.84;11.99
2387;25;40;28.603;13.78
2388;25;41;68.379;12.33
2389;25;41;67.741;23.44
2390;25;42;7.563;8.04
2391;25;43;3.511;0.04
2392;25;43;3.944;5.57
2393;25;44;15.957;5.75
2394;25;45;36.177;1.28
2395;25;46;10.906;16.12
2396;25;46;11.5;9.67
2397;25;46;10.195;1.61
2398;25;47;7.079;6.78
2399;25;47;5.846;17.13
2400;25;48;5.078;4.66
2401;25;48;4.477;10.2
2402;25;49;67.324;13.27
2403;25;50;15.536;11.76
2404;25;51;17.368;9.66
2405;25;51;16.389;6.73
2406;25;52;73.127;13.87
2407;25;52;72.271;2.29
2408;25;53;11.562;9.3
2409;25;53;11.139;19.95
2410;25;54;46.506;8.61
2411;25;55;8.157;22.64
2412;25;55;8.01;3.71
2413;25;56;30.541;0.05
2414;25;56;27.197;21.05
2415;25;57;19.418;2.98
2416;25;58;14.133;23.33
2417;25;59;9.829;8.48
2418;25;59;7.975;16.2
2419;26;27;17.743;12.97
2420;26;28;28.847;1.16
2421;26;28;24.577;8.8
2422;26;29;7.159;21.76
2423;26;30;39.107;16.03
2424;26;31;70.732;23.38
2425;26;32;54.245;23.37
2426;26;32;49.153;9.18
2427;26;32;64.302;11.77
2428;26;33;30.776;10.35
2429;26;33;30.037;21.74
2430;26;33;35.45;21.83
2431;26;34;7.199;6.16
2432;26;34;6.698;9.66
2433;26;35;23.809;15.76
2434;26;35;20.061;0.9
2435;26;35;20.796;9.2
2436;26;36;27.657;17.72
2437;26;37;22.291;19.5
2438;26;37;25.817;23.33
2439;26;38;11.195;21.37
2440;26;38;9.826;8.38
2441;26;38;10.114;5.99
2442;26;39;17.667;17.76
2443;26;40;40.666;13.71
2444;26;41;69.654;9.75
2445;26;42;25.735;21.99
2446;26;42;29.938;24.65
2447;26;42;31.191;21.18
2448;26;43;29.991;16.55
2449;26;43;24.605;21.55
2450;26;43;31.108;0.0
2451;26;44;31.148;12.12
2452;26;45;48.768;18.41
2453;26;46;27.657;17.59
2454;26;46;27.644;8.61
2455;26;46;31.199;11.52
2456;26;47;26.148;12.95
2457;26;48;26.271;2.87
2458;26;48;31.114;0.17
2459;26;48;21.813;1.93
2460;26;49;41.27;6.01
2461;26;49;31.271;3.96
2462;26;49;34.076;7.49
2463;26;50;36.161;4.27
2464;26;50;29.027;6.5
2465;26;50;42.205;3.3
2466;26;51;10.414;8.1
2467;26;52;45.674;7.77
2468;26;52;41.492;17.04
2469;26;53;38.752;22.41
2470;26;53;42.911;7.17
2471;26;54;50.588;6.51
2472;26;55;29.848;1.86
2473;26;55;25.779;19.85
2474;26;55;25.937;11.96
2475;26;56;52.326;17.6
2476;26;56;56.231;3.26
2477;26;57;32.548;1.74
2478;26;58;39.788;24.9
2479;26;58;34.645;21.81
2480;26;59;36.549;12.37
2481;26;59;30.564;9.6
2482;27;28;19.289;21.12
2483;27;28;22.275;5.72
2484;27;28;23.088;7.96
2485;27;29;19.386;19.21
2486;27;30;32.816;3.23
2487;27;31;54.228;8.04
2488;27;31;61.78;22.07
2489;27;31;60.699;15.27
2490;27;32;54.329;9.42
2491;27;32;63.639;15.35
2492;27;32;50.871;5.36
2493;27;33;18.804;7.45
2494;27;33;15.916;6.53
2495;27;33;19.695;12.55
2496;27;34;24.486;13.72
2497;27;35;22.715;17.36
2498;27;35;17.089;14.66
2499;27;35;17.081;16.4
2500;27;36;18.593;8.54
2501;27;36;22.67;2.03
2502;27;37;15.85;4.8
2503;27;37;13.054;0.76
2504;27;38;28.875;3.13
2505;27;39;15.322;11.14
2506;27;39;16.531;4.43
2507;27;39;17.225;19.82
2508;27;40;49.387;11.52
2509;27;40;53.596;3.15
2510;27;41;52.388;2.54
2511;27;41;63.625;6.45
2512;27;41;63.348;2.53
2513;27;42;19.284;11.83
2514;27;43;28.942;15.92
2515;27;43;26.64;19.51
2516;27;44;19.096;12.18
2517;27;44;17.032;10.47
2518;27;45;57.683;0.43
2519;27;45;54.175;13.2
2520;27;46;18.593;5.74
2521;27;46;21.909;16.92
2522;27;47;19.896;23.0
2523;27;47;15.301;1.47
2524;27;48;21.337;6.95
2525;27;49;45.45;10.35
2526;27;49;37.518;2.77
2527;27;50;25.527;15.41
2528;27;50;30.479;14.03
2529;27;50;29.341;2.26
2530;27;51;18.213;13.67
2531;27;52;56.111;7.71
2532;27;53;33.609;12.68
2533;27;54;32.85;19.37
2534;27;54;34.82;8.58
2535;27;55;22.525;9.24
2536;27;55;23.788;19.08
2537;27;55;22.526;14.09
2538;27;56;55.681;6.95
2539;27;56;47.046;10.67
2540;27;56;49.571;16.12
2541;27;57;18.795;20.85
2542;27;58;32.193;20.2
2543;27;59;35.108;23.46
2544;28;29;25.015;3.97
2545;28;29;28.054;1.13
2546;28;29;20.213;11.96
2547;28;30;13.739;2.74
2548;28;30;13.466;23.31
2549;28;30;13.386;24.31
2550;28;31;61.364;23.0
2551;28;31;70.524;9.86
2552;28;32;37.142;10.67
2553;28;32;30.52;11.05
2554;28;32;28.497;18.28
2555;28;33;4.155;12.45
2556;28;34;35.807;8.45
2557;28;34;41.788;12.97
2558;28;34;28.927;16.23
2559;28;35;11.825;16.61
2560;28;35;14.678;23.98
2561;28;36;1.253;14.33
2562;28;37;6.801;0.39
2563;28;38;38.716;5.2
2564;28;38;40.911;13.45
2565;28;38;35.628;19.4
2566;28;39;11.916;17.45
2567;28;40;40.197;16.34
2568;28;40;34.962;5.11
2569;28;40;36.29;18.15
2570;28;41;56.809;18.12
2571;28;41;54.549;22.42
2572;28;42;4.801;0.67
2573;28;42;4.195;0.53
2574;28;42;4.011;5.85
2575;28;43;14.514;8.08
2576;28;43;17.392;6.27
2577;28;44;4.399;6.11
2578;28;45;47.756;4.34
2579;28;46;1.253;3.96
2580;28;46;1.374;13.88
2581;28;47;4.963;6.48
2582;28;47;4.963;9.5
2583;28;47;4.003;21.77
2584;28;48;6.774;6.3
2585;28;48;6.088;22.45
2586;28;49;64.413;1.25
2587;28;50;7.314;16.96
2588;28;50;8.687;23.57
2589;28;50;8.731;14.94
2590;28;51;21.157;13.06
2591;28;52;73.254;7.46
2592;28;53;14.928;5.64
2593;28;54;34.926;7.71
2594;28;55;4.191;2.97
2595;28;55;5.207;2.56
2596;28;56;40.704;18.44
2597;28;56;42.512;12.01
2598;28;56;38.103;4.72
2599;28;57;7.824;13.95
2600;28;58;12.906;5.23
2601;28;58;15.876;3.75
2602;28;58;9.733;13.76
2603;28;59;18.686;8.7
2604;29;30;33.559;18.8
2605;29;30;25.779;12.34
2606;29;31;73.593;24.37
2607;29;31;67.6;7.21
2608;29;31;60.884;21.84
2609;29;32;47.246;23.34
2610;29;33;27.714;10.17
2611;29;34;11.906;16.11
2612;29;35;17.796;20.6
2613;29;35;21.836;1.62
2614;29;36;23.766;18.22
2615;29;36;20.103;22.48
2616;29;37;18.214;22.46
2617;29;38;13.861;5.31
2618;29;39;13.124;7.38
2619;29;39;10.1;1.05
2620;29;39;11.523;24.04
2621;29;40;33.876;18.66
2622;29;40;26.742;14.91
2623;29;41;71.69;2.57
2624;29;42;21.146;9.44
2625;29;43;23.563;21.02
2626;29;44;28.088;13.69
2627;29;45;42.077;18.8
2628;29;45;36.994;1.35
2629;29;46;23.766;3.65
2630;29;46;18.335;16.21
2631;29;46;18.017;9.06
2632;29;47;21.444;9.67
2633;29;48;21.127;1.52
2634;29;49;48.414;18.78
2635;29;49;37.384;14.33
2636;29;50;32.181;0.45
2637;29;50;30.187;18.34
2638;29;51;4.094;11.67
2639;29;51;3.157;17.71
2640;29;52;52.016;6.96
2641;29;53;32.913;18.84
2642;29;53;38.719;21.31
2643;29;54;51.502;7.57
2644;29;54;43.915;9.53
2645;29;55;25.137;0.47
2646;29;55;26.525;10.86
2647;29;55;30.928;9.91
2648;29;56;45.168;13.4
2649;29;56;41.109;7.64
2650;29;57;30.144;2.08
2651;29;57;34.996;15.51
2652;29;57;36.93;19.16
2653;29;58;34.592;23.5
2654;29;58;32.282;21.17
2655;29;58;33.587;14.42
2656;29;59;29.975;4.72
2657;29;59;35.587;20.72
2658;29;59;35.586;21.53
2659;30;31;71.524;9.94
2660;30;31;87.013;7.69
2661;30;32;24.677;6.06
2662;30;32;24.259;0.56
2663;30;33;16.005;2.64
2664;30;33;17.145;11.71
2665;30;33;14.599;21.23
2666;30;34;45.361;23.7
2667;30;35;15.867;16.7
2668;30;36;14.258;11.83
2669;30;36;13.836;19.26
2670;30;37;17.835;18.51
2671;30;37;16.363;1.76
2672;30;38;47.253;10.41
2673;30;38;56.316;4.86
2674;30;38;42.963;0.26
2675;30;39;21.57;4.96
2676;30;39;17.527;19.34
2677;30;39;19.513;14.53
2678;30;40;35.37;9.95
2679;30;41;65.849;9.04
2680;30;41;77.844;12.45
2681;30;41;60.895;16.4
2682;30;42;14.076;10.06
2683;30;42;16.237;0.35
2684;30;43;11.905;1.32
2685;30;43;12.987;23.78
2686;30;43;12.548;5.63
2687;30;44;15.933;14.41
2688;30;45;41.514;1.56
2689;30;45;40.666;20.99
2690;30;46;14.258;8.92
2691;30;46;17.192;6.88
2692;30;46;16.846;0.89
2693;30;47;13.525;17.36
2694;30;48;12.916;3.51
2695;30;48;15.797;16.28
2696;30;49;77.323;20.36
2697;30;49;82.676;9.7
2698;30;49;76.164;1.02
2699;30;50;10.621;14.46
2700;30;51;29.473;17.39
2701;30;51;33.812;8.09
2702;30;51;24.584;13.87
2703;30;52;84.661;22.97
2704;30;52;101.775;4.23
2705;30;53;2.466;5.23
2706;30;54;44.343;8.28
2707;30;55;10.329;2.85
2708;30;55;11.744;24.35
2709;30;55;11.727;12.86
2710;30;56;30.269;8.08
2711;30;56;35.922;10.12
2712;30;56;29.169;24.94
2713;30;57;18.78;20.94
2714;30;57;15.798;2.06
2715;30;58;2.861;11.96
2716;30;58;3.31;16.39
2717;30;59;10.043;9.68
2718;31;32;96.041;14.77
2719;31;32;79.056;21.65
2720;31;33;57.415;20.38
2721;31;33;57.424;20.92
2722;31;34;76.158;18.57
2723;31;34;59.644;17.05
2724;31;34;58.264;1.76
2725;31;35;71.861;23.17
2726;31;35;56.659;2.49
2727;31;36;61.891;9.53
2728;31;37;64.018;3.29
2729;31;38;80.906;6.16
2730;31;38;89.951;11.03
2731;31;38;69.825;15.49
2732;31;39;66.786;5.92
2733;31;39;72.601;12.42
2734;31;39;58.179;2.67
2735;31;40;100.892;20.99
2736;31;41;8.891;11.38
2737;31;41;6.963;10.35
2738;31;42;65.235;3.6
2739;31;42;63.039;15.55
2740;31;42;81.463;13.75
2741;31;43;75.858;9.51
2742;31;43;85.233;3.81
2743;31;43;58.613;16.54
2744;31;44;57.287;2.24
2745;31;44;57.334;18.27
2746;31;45;108.797;6.16
2747;31;45;106.848;12.85
2748;31;45;100.328;3.17
2749;31;46;61.891;5.79
2750;31;47;65.684;22.27
2751;31;47;53.172;21.07
2752;31;47;66.928;7.28
2753;31;48;67.686;17.49
2754;31;48;53.174;14.27
2755;31;49;70.801;2.09
2756;31;49;60.689;5.24
2757;31;49;73.734;12.08
2758;31;50;60.987;5.83
2759;31;50;74.786;11.44
2760;31;51;72.277;6.35
2761;31;52;89.838;9.36
2762;31;52;104.26;12.51
2763;31;52;91.46;24.76
2764;31;53;73.727;8.25
2765;31;53;60.141;10.09
2766;31;53;68.189;9.56
2767;31;54;27.216;22.06
2768;31;54;21.225;15.65
2769;31;54;24.744;19.9
2770;31;55;65.396;16.07
2771;31;56;101.471;11.4
2772;31;56;80.259;20.36
2773;31;56;93.908;20.74
2774;31;57;53.844;22.13
2775;31;57;65.275;1.77
2776;31;57;52.227;22.76
2777;31;58;69.031;0.32
2778;31;59;79.572;8.5
2779;32;33;40.234;8.82
2780;32;33;50.219;19.34
2781;32;33;31.377;15.63
2782;32;34;58.515;17.89
2783;32;34;65.911;12.75
2784;32;34;66.283;16.79
2785;32;35;32.138;21.57
2786;32;35;30.829;22.53
2787;32;36;37.21;12.57
2788;32;36;34.164;8.04
2789;32;37;38.502;22.32
2790;32;38;58.488;1.13
2791;32;38;49.791;0.84
2792;32;39;39.848;11.2
2793;32;39;40.464;12.08
2794;32;39;34.68;21.34
2795;32;40;26.588;21.88
2796;32;40;23.134;8.07
2797;32;41;90.045;20.95
2798;32;41;84.558;2.93
2799;32;41;105.948;20.9
2800;32;42;35.309;5.26
2801;32;43;25.585;5.65
2802;32;44;40.228;14.43
2803;32;44;48.029;12.66
2804;32;44;49.675;23.18
2805;32;45;27.723;11.82
2806;32;45;23.708;6.91
2807;32;45;26.087;19.72
2808;32;46;37.21;5.19
2809;32;46;28.447;6.81
2810;32;47;34.699;10.02
2811;32;47;32.763;7.86
2812;32;47;41.45;16.08
2813;32;48;33.062;12.09
2814;32;49;95.326;18.61
2815;32;49;89.097;16.08
2816;32;49;84.169;4.28
2817;32;50;35.297;4.12
2818;32;51;43.884;19.68
2819;32;52;98.653;12.36
2820;32;52;94.451;6.12
2821;32;52;84.582;12.07
2822;32;53;22.692;12.95
2823;32;54;68.826;7.71
2824;32;55;33.024;12.57
2825;32;55;39.273;7.37
2826;32;56;10.032;2.44
2827;32;56;8.187;6.01
2828;32;56;10.972;20.06
2829;32;57;43.312;22.65
2830;32;57;39.467;17.37
2831;32;57;35.449;0.72
2832;32;58;27.034;23.33
2833;32;59;19.222;24.07
2834;32;59;21.712;15.71
2835;33;34;37.895;22.69
2836;33;34;36.787;24.3
2837;33;34;44.458;7.76
2838;33;35;15.908;0.71
2839;33;35;18.248;18.08
2840;33;35;17.99;8.69
2841;33;36;5.077;10.72
2842;33;36;5.803;11.31
2843;33;36;5.73;10.1
2844;33;37;9.898;9.78
2845;33;37;10.836;24.21
2846;33;37;8.065;23.04
2847;33;38;41.135;7.38
2848;33;38;36.311;16.92
2849;33;38;49.492;14.72
2850;33;39;14.917;12.37
2851;33;40;44.343;9.17
2852;33;40;38.804;5.13
2853;33;40;39.184;15.84
2854;33;41;52.723;24.48
2855;33;41;49.119;11.31
2856;33;42;8.82;20.86
2857;33;42;9.102;2.88
2858;33;42;9.996;22.38
2859;33;43;18.569;9.34
2860;33;43;21.473;24.72
2861;33;44;0.375;10.41
2862;33;44;0.304;1.76
2863;33;45;51.868;20.76
2864;33;45;45.614;13.65
2865;33;46;5.077;5.41
2866;33;46;5.39;5.26
2867;33;46;5.188;10.72
2868;33;47;9.059;24.63
2869;33;48;10.92;21.13
2870;33;48;9.412;21.2
2871;33;48;9.916;20.96
2872;33;49;64.253;14.4
2873;33;49;61.889;11.89
2874;33;50;6.795;9.38
2875;33;51;24.059;8.89
2876;33;51;27.896;19.47
2877;33;51;22.086;0.05
2878;33;52;74.139;12.35
2879;33;52;58.355;11.9
2880;33;53;17.627;20.88
2881;33;53;14.911;5.97
2882;33;53;15.37;10.06
2883;33;54;30.836;23.48
2884;33;55;7.984;0.72
2885;33;55;6.985;4.2
2886;33;55;9.305;10.15
2887;33;56;44.346;8.75
2888;33;57;3.678;10.09
2889;33;58;14.499;10.69
2890;33;59;22.308;22.29
2891;33;59;19.491;10.17
2892;34;35;29.679;4.56
2893;34;35;23.748;24.23
2894;34;35;33.611;19.79
2895;34;36;34.595;14.62
2896;34;37;29.138;15.37
2897;34;38;4.753;1.89
2898;34;39;24.3;16.71
2899;34;40;41.936;21.13
2900;34;40;50.449;6.29
2901;34;40;39.365;5.68
2902;34;41;75.613;4.53
2903;34;41;86.594;16.22
2904;34;41;74.193;24.04
2905;34;42;32.433;9.74
2906;34;42;38.945;12.08
2907;34;42;27.561;22.98
2908;34;43;35.446;20.7
2909;34;43;29.602;22.44
2910;34;43;35.212;7.94
2911;34;44;38.269;10.2
2912;34;44;35.664;12.87
2913;34;45;49.635;21.14
2914;34;45;43.186;19.27
2915;34;45;37.787;10.38
2916;34;46;34.595;19.85
2917;34;46;27.926;7.93
2918;34;47;32.803;22.48
2919;34;47;39.721;24.67
2920;34;48;32.723;19.52
2921;34;49;38.647;21.9
2922;34;49;39.383;16.67
2923;34;49;47.908;16.13
2924;34;50;43.109;11.81
2925;34;50;50.444;4.63
2926;34;50;51.95;11.73
2927;34;51;15.93;9.59
2928;34;51;18.466;20.12
2929;34;51;12.399;20.5
2930;34;52;40.272;24.69
2931;34;52;31.848;21.02
2932;34;52;38.847;1.98
2933;34;53;44.79;20.06
2934;34;54;57.176;8.57
2935;34;55;36.521;19.03
2936;34;56;55.511;16.68
2937;34;56;65.827;3.85
2938;34;56;45.422;9.36
2939;34;57;39.735;6.52
2940;34;57;35.962;20.13
2941;34;57;45.116;1.98
2942;34;58;46.259;6.82
2943;34;58;57.693;12.94
2944;34;59;41.795;3.37
2945;34;59;46.082;22.44
2946;34;59;34.299;17.98
2947;35;36;10.833;18.71
2948;35;37;7.937;9.78
2949;35;37;6.219;16.9
2950;35;38;31.396;15.31
2951;35;39;7.716;14.73
2952;35;40;29.046;12.23
2953;35;41;67.888;7.86
2954;35;41;54.645;14.05
2955;35;42;7.096;18.68
2956;35;42;7.986;0.12
2957;35;42;8.395;18.61
2958;35;43;6.594;0.95
2959;35;43;5.145;24.91
2960;35;44;16.188;19.79
2961;35;44;19.423;23.5
2962;35;45;36.957;17.3
2963;35;46;10.833;16.22
2964;35;46;9.732;13.88
2965;35;47;6.862;24.45
2966;35;47;6.746;12.85
2967;35;47;8.54;24.14
2968;35;48;5.192;24.58
2969;35;48;5.473;4.71
2970;35;49;63.784;5.55
2971;35;49;64.962;3.48
2972;35;49;68.033;1.52
2973;35;50;17.191;11.88
2974;35;51;13.75;2.64
2975;35;51;15.006;16.46
2976;35;51;14.024;10.51
2977;35;52;69.475;1.72
2978;35;52;57.332;20.53
2979;35;53;15.117;1.53
2980;35;53;14.897;23.78
2981;35;54;46.112;18.66
2982;35;54;55.122;12.52
2983;35;54;53.743;22.4
2984;35;55;9.425;18.22
2985;35;55;7.377;4.89
2986;35;55;7.418;13.44
2987;35;56;32.971;18.79
2988;35;57;19.491;0.19
2989;35;58;17.216;2.45
2990;35;59;13.217;17.62
2991;35;59;14.062;5.91
2992;36;37;5.552;0.1
2993;36;37;6.621;23.83
2994;36;37;5.698;12.38
2995;36;38;37.478;13.21
2996;36;38;38.667;4.83
2997;36;39;10.664;16.25
2998;36;39;11.16;19.87
2999;36;39;9.053;24.23
3000;36;40;39.442;4.37
3001;36;40;34.444;18.91
3002;36;40;33.754;7.02
3003;36;41;57.478;15.94
3004;36;42;3.742;9.07
3005;36;42;4.585;24.02
3006;36;43;13.977;5.96
3007;36;44;5.368;1.44
3008;36;44;5.112;5.33
3009;36;44;5.532;6.59
3010;36;45;47.081;17.41
3011;36;45;39.99;11.37
3012;36;46;0.0;17.98
3013;36;46;0.0;15.01
3014;36;46;0.0;2.04
3015;36;47;4.002;18.25
3016;36;47;4.802;14.56
3017;36;48;5.928;19.19
3018;36;48;7.229;23.67
3019;36;49;63.546;22.11
3020;36;50;8.515;0.4
3021;36;51;19.904;22.35
3022;36;52;72.184;19.04
3023;36;52;67.974;18.15
3024;36;52;60.707;5.86
3025;36;53;15.269;16.79
3026;36;53;16.492;3.86
3027;36;54;35.612;12.51
3028;36;54;39.661;4.86
3029;36;55;4.205;17.9
3030;36;55;4.668;21.25
3031;36;56;40.469;10.68
3032;36;56;31.479;5.2
3033;36;57;8.673;14.43
3034;36;57;7.597;19.8
3035;36;58;13.646;2.72
3036;36;58;12.252;12.65
3037;36;59;18.52;2.19
3038;36;59;16.175;12.8
3039;36;59;21.488;12.09
3040;37;38;31.94;16.5
3041;37;38;35.193;24.25
3042;37;39;5.126;16.69
3043;37;39;4.545;24.58
3044;37;39;4.511;23.52
3045;37;40;36.879;19.88
3046;37;40;38.483;21.09
3047;37;40;34.375;7.62
3048;37;41;60.251;16.91
3049;37;42;3.759;18.68
3050;37;42;3.354;9.94
3051;37;43;13.365;14.95
3052;37;44;10.255;5.37
3053;37;44;12.586;10.25
3054;37;44;10.709;24.89
3055;37;45;44.859;13.8
3056;37;45;49.011;16.81
3057;37;46;5.552;23.18
3058;37;46;5.534;8.76
3059;37;47;4.319;20.65
3060;37;48;5.496;1.86
3061;37;48;6.13;14.15
3062;37;48;5.16;5.94
3063;37;49;59.499;19.51
3064;37;49;67.719;15.62
3065;37;49;73.111;8.71
3066;37;50;14.015;8.87
3067;37;50;10.729;0.99
3068;37;51;14.368;1.32
3069;37;51;16.228;0.47
3070;37;51;12.231;10.22
3071;37;52;67.256;14.96
3072;37;52;71.46;4.5
3073;37;53;18.193;4.64
3074;37;53;16.247;14.23
3075;37;53;16.066;8.49
3076;37;54;38.597;21.77
3077;37;55;7.755;11.81
3078;37;55;9.18;8.72
3079;37;56;40.393;9.2
3080;37;56;40.476;16.68
3081;37;56;37.845;15.57
3082;37;57;12.986;3.14
3083;37;57;12.29;9.53
3084;37;57;16.066;12.54
3085;37;58;17.927;1.77
3086;37;58;16.332;12.15
3087;37;59;19.29;23.77
3088;37;59;17.06;11.81
3089;38;39;26.913;9.54
3090;38;39;29.239;22.22
3091;38;40;40.013;20.95
3092;38;41;80.306;18.71
3093;38;42;34.989;17.67
3094;38;42;34.374;19.28
3095;38;43;36.675;16.0
3096;38;43;38.032;19.68
3097;38;43;42.989;1.34
3098;38;44;41.51;19.32
3099;38;44;34.185;21.73
3100;38;44;36.078;2.5
3101;38;45;47.374;21.54
3102;38;46;37.478;18.28
3103;38;47;35.298;6.97
3104;38;47;27.485;18.1
3105;38;48;34.976;22.06
3106;38;48;33.891;11.42
3107;38;48;29.016;14.11
3108;38;49;40.915;1.98
3109;38;49;41.078;17.59
3110;38;50;45.95;23.59
3111;38;50;42.562;24.64
3112;38;51;17.931;22.69
3113;38;52;40.269;18.88
3114;38;52;36.241;17.46
3115;38;53;46.455;9.12
3116;38;53;52.52;10.3
3117;38;53;50.403;11.91
3118;38;54;61.673;18.17
3119;38;54;74.704;15.64
3120;38;55;38.996;21.75
3121;38;55;38.797;24.43
3122;38;55;30.775;21.15
3123;38;56;54.697;16.15
3124;38;56;59.408;24.68
3125;38;56;57.213;7.57
3126;38;57;43.232;4.89
3127;38;58;48.397;3.25
3128;38;58;57.36;14.61
3129;38;58;57.188;13.83
3130;38;59;42.745;14.37
3131;38;59;36.077;9.88
3132;39;40;34.629;13.65
3133;39;40;40.501;19.4
3134;39;41;63.55;9.67
3135;39;42;8.134;14.18
3136;39;42;7.053;20.68
3137;39;43;14.274;17.46
3138;39;43;14.351;12.61
3139;39;43;14.562;9.28
3140;39;44;15.282;16.42
3141;39;44;18.296;11.32
3142;39;45;42.833;3.99
3143;39;45;44.448;3.82
3144;39;46;10.664;8.85
3145;39;46;8.648;5.74
3146;39;46;11.963;3.59
3147;39;47;8.507;9.96
3148;39;48;8.659;4.0
3149;39;49;56.41;8.94
3150;39;49;52.847;12.16
3151;39;50;19.057;9.6
3152;39;50;14.974;23.09
3153;39;51;9.242;17.15
3154;39;52;63.095;22.46
3155;39;52;66.575;11.9
3156;39;53;21.46;17.7
3157;39;53;18.112;8.0
3158;39;54;42.199;24.82
3159;39;54;42.188;0.33
3160;39;54;49.326;12.74
3161;39;55;12.223;14.73
3162;39;56;40.47;5.64
3163;39;56;37.164;16.31
3164;39;57;17.776;19.36
3165;39;57;19.732;23.9
3166;39;57;20.856;24.33
3167;39;58;22.127;22.19
3168;39;59;20.827;21.26
3169;39;59;25.658;1.81
3170;40;41;96.875;7.55
3171;40;42;35.869;22.1
3172;40;42;30.578;14.92
3173;40;42;41.681;23.52
3174;40;43;26.038;24.84
3175;40;43;25.444;16.5
3176;40;44;44.56;5.58
3177;40;44;43.476;9.47
3178;40;45;8.326;14.5
3179;40;45;8.875;11.22
3180;40;45;6.746;5.43
3181;40;46;39.442;21.37
3182;40;47;35.485;1.78
3183;40;48;33.517;14.31
3184;40;49;80.577;17.06
3185;40;49;80.115;21.66
3186;40;49;94.74;21.08
3187;40;50;43.229;20.05
3188;40;50;38.59;1.16
3189;40;50;41.637;20.26
3190;40;51;32.478;0.19
3191;40;51;27.486;7.67
3192;40;52;79.353;15.86
3193;40;52;98.744;10.71
3194;40;53;32.982;1.27
3195;40;53;41.089;18.38
3196;40;54;75.039;2.23
3197;40;54;90.409;18.13
3198;40;55;36.621;15.96
3199;40;56;18.286;14.04
3200;40;56;21.777;7.41
3201;40;57;48.019;24.48
3202;40;57;38.511;2.86
3203;40;58;38.17;17.45
3204;40;58;43.19;13.02
3205;40;59;25.336;13.42
3206;40;59;21.029;2.72
3207;40;59;22.282;17.87
3208;41;42;61.007;13.4
3209;41;43;71.292;20.42
3210;41;43;78.835;7.98
3211;41;44;52.548;17.69
3212;41;44;45.697;17.58
3213;41;45;104.556;12.98
3214;41;45;98.556;17.52
3215;41;46;57.478;3.62
3216;41;47;61.402;14.54
3217;41;47;48.975;17.06
3218;41;47;65.959;3.54
3219;41;48;63.383;19.85
3220;41;49;74.772;19.93
3221;41;49;61.042;8.73
3222;41;50;55.522;20.37
3223;41;51;69.918;8.0
3224;41;51;84.475;4.75
3225;41;51;87.121;16.41
3226;41;52;93.199;5.03
3227;41;52;97.117;1.48
3228;41;53;68.151;14.2
3229;41;54;21.887;8.72
3230;41;54;18.986;2.25
3231;41;54;26.021;4.34
3232;41;55;60.667;21.03
3233;41;55;61.649;23.2
3234;41;55;59.846;6.86
3235;41;56;96.061;5.24
3236;41;56;103.777;16.98
3237;41;57;49.064;15.11
3238;41;57;47.202;18.03
3239;41;57;52.952;13.44
3240;41;58;63.227;4.86
3241;41;59;74.442;8.25
3242;41;59;81.679;17.73
3243;42;43;10.888;6.59
3244;42;44;9.108;15.87
3245;42;44;9.283;5.53
3246;42;44;7.185;1.28
3247;42;45;43.605;3.15
3248;42;46;3.742;13.7
3249;42;47;0.614;5.8
3250;42;47;0.582;22.94
3251;42;47;0.726;3.42
3252;42;48;2.497;14.63
3253;42;48;2.257;9.94
3254;42;49;63.254;21.01
3255;42;49;68.542;1.17
3256;42;49;77.255;19.04
3257;42;50;11.193;8.49
3258;42;50;9.804;21.36
3259;42;51;17.142;8.4
3260;42;51;12.963;20.5
3261;42;51;20.622;0.41
3262;42;52;70.915;19.72
3263;42;53;14.483;20.59
3264;42;53;17.039;13.97
3265;42;54;39.174;10.66
3266;42;54;31.65;6.65
3267;42;54;33.206;21.57
3268;42;55;4.116;10.85
3269;42;56;37.814;15.68
3270;42;56;45.097;6.5
3271;42;57;12.395;9.95
3272;42;57;13.32;24.45
3273;42;57;13.745;0.78
3274;42;58;14.221;0.08
3275;42;59;16.208;11.0
3276;42;59;18.631;12.75
3277;43;44;18.747;4.91
3278;43;44;19.857;14.75
3279;43;44;16.773;1.91
3280;43;45;33.342;7.57
3281;43;45;29.997;7.5
3282;43;46;13.977;23.11
3283;43;46;12.049;15.58
3284;43;46;11.689;13.18
3285;43;47;10.358;23.42
3286;43;47;10.958;10.84
3287;43;48;8.395;3.7
3288;43;48;10.409;24.14
3289;43;48;9.332;3.09
3290;43;49;70.322;4.78
3291;43;50;17.313;21.81
3292;43;51;19.676;17.75
3293;43;51;17.786;8.01
3294;43;51;21.818;5.62
3295;43;52;75.54;13.44
3296;43;52;77.198;20.92
3297;43;53;10.342;10.71
3298;43;54;49.405;18.85
3299;43;54;44.185;22.5
3300;43;55;10.66;9.3
3301;43;56;27.044;19.69
3302;43;57;22.231;5.34
3303;43;58;14.098;19.89
3304;43;59;6.651;1.68
3305;43;59;6.684;0.07
3306;44;45;52.061;5.94
3307;44;45;49.492;14.91
3308;44;46;5.368;22.74
3309;44;46;4.318;7.02
3310;44;47;9.332;16.27
3311;44;47;8.432;21.51
3312;44;48;11.173;5.74
3313;44;49;64.545;19.33
3314;44;49;74.901;13.73
3315;44;49;77.287;22.79
3316;44;50;6.555;15.36
3317;44;51;24.429;16.83
3318;44;52;74.479;4.4
3319;44;52;60.929;19.32
3320;44;52;88.596;5.47
3321;44;53;17.596;14.49
3322;44;54;30.661;8.85
3323;44;54;36.369;24.12
3324;44;55;8.131;19.12
3325;44;55;9.444;20.05
3326;44;55;8.678;23.55
3327;44;56;44.421;22.84
3328;44;57;3.485;11.01
3329;44;57;2.82;6.32
3330;44;58;14.37;1.7
3331;44;58;13.091;11.76
3332;44;59;22.391;14.72
3333;44;59;25.198;18.32
3334;45;46;47.081;19.42
3335;45;46;51.937;17.77
3336;45;47;43.184;11.2
3337;45;47;39.492;0.78
3338;45;47;33.9;19.69
3339;45;48;41.192;6.17
3340;45;48;33.645;19.34
3341;45;49;88.185;4.94
3342;45;49;108.445;3.87
3343;45;49;69.344;22.07
3344;45;50;50.179;15.05
3345;45;50;48.176;9.43
3346;45;50;41.489;4.77
3347;45;51;40.785;15.84
3348;45;51;36.241;1.0
3349;45;52;85.959;9.31
3350;45;52;92.524;19.54
3351;45;52;70.389;12.15
3352;45;53;39.06;21.5
3353;45;53;29.306;7.72
3354;45;54;82.679;24.97
3355;45;55;44.002;4.86
3356;45;55;35.601;12.91
3357;45;55;37.328;8.5
3358;45;56;17.929;17.58
3359;45;56;16.615;23.07
3360;45;57;55.542;10.86
3361;45;58;44.368;2.05
3362;45;58;39.62;18.12
3363;45;58;36.355;24.47
3364;45;59;31.553;15.98
3365;45;59;35.881;18.16
3366;46;47;4.002;16.19
3367;46;48;5.928;1.55
3368;46;48;7.041;15.51
3369;46;48;6.756;22.22
3370;46;49;63.546;15.01
3371;46;49;62.892;21.0
3372;46;49;68.75;23.86
3373;46;50;8.515;17.47
3374;46;50;6.457;7.77
3375;46;50;8.732;15.67
3376;46;51;19.904;16.68
3377;46;51;19.061;15.58
3378;46;52;72.184;20.56
3379;46;52;74.848;2.35
3380;46;53;15.269;17.6
3381;46;53;17.35;0.76
3382;46;53;13.113;20.52
3383;46;54;35.612;13.56
3384;46;54;40.608;12.97
3385;46;54;39.711;15.65
3386;46;55;4.205;13.32
3387;46;55;5.226;1.4
3388;46;56;40.469;0.19
3389;46;57;8.673;24.38
3390;46;57;9.363;20.35
3391;46;58;13.646;5.72
3392;46;58;13.161;4.31
3393;46;59;18.52;7.62
3394;47;48;2.002;15.9
3395;47;49;63.818;11.47
3396;47;49;60.456;13.59
3397;47;49;64.698;10.4
3398;47;50;11.037;6.13
3399;47;51;17.417;12.36
3400;47;52;71.392;3.21
3401;47;52;56.969;7.78
3402;47;53;13.893;2.91
3403;47;53;15.132;15.69
3404;47;53;11.282;6.31
3405;47;54;39.554;23.53
3406;47;55;3.718;10.7
3407;47;56;37.246;22.77
3408;47;56;37.66;8.86
3409;47;57;12.675;19.03
3410;47;58;13.737;1.15
3411;47;58;15.667;22.88
3412;47;59;15.608;14.72
3413;48;49;64.694;19.65
3414;48;49;69.457;17.67
3415;48;49;49.524;9.62
3416;48;50;12.112;3.29
3417;48;50;14.698;6.69
3418;48;51;17.046;8.48
3419;48;51;17.069;17.7
3420;48;52;71.754;6.74
3421;48;53;12.944;7.93
3422;48;53;12.899;24.12
3423;48;53;16.165;19.97
3424;48;54;41.527;19.95
3425;48;54;34.45;21.59
3426;48;54;34.022;9.2
3427;48;55;4.363;11.12
3428;48;55;5.372;12.55
3429;48;55;4.416;2.01
3430;48;56;35.355;17.89
3431;48;57;14.57;6.05
3432;48;58;13.542;24.01
3433;48;58;11.366;1.73
3434;48;59;13.885;24.56
3435;48;59;16.217;19.9
3436;48;59;15.257;1.78
3437;49;50;70.959;15.79
3438;49;51;51.487;0.66
3439;49;51;60.206;17.01
3440;49;52;19.736;0.91
3441;49;52;16.395;17.72
3442;49;52;19.793;13.0
3443;49;53;77.629;5.49
3444;49;53;96.593;15.76
3445;49;53;78.789;19.86
3446;49;54;65.697;8.69
3447;49;54;53.326;24.03
3448;49;55;67.07;7.2
3449;49;56;93.557;0.92
3450;49;56;87.758;20.66
3451;49;56;112.317;19.45
3452;49;57;63.996;1.93
3453;49;57;54.725;2.99
3454;49;58;77.149;15.3
3455;49;59;76.973;14.97
3456;49;59;84.149;4.21
3457;49;59;88.777;8.2
3458;50;51;28.245;1.61
3459;50;52;80.393;2.92
3460;50;53;12.744;0.24
3461;50;53;11.582;11.27
3462;50;53;14.347;13.01
3463;50;54;33.86;5.41
3464;50;54;35.413;6.95
3465;50;54;38.765;12.25
3466;50;55;7.772;13.84
3467;50;55;8.848;18.66
3468;50;56;40.559;5.48
3469;50;57;8.545;16.25
3470;50;58;8.456;7.82
3471;50;58;6.493;7.57
3472;50;59;19.04;18.91
3473;50;59;14.557;20.04
3474;50;59;21.92;20.99
3475;51;52;55.866;23.0
3476;51;53;28.86;22.4
3477;51;53;30.478;23.47
3478;51;53;32.84;15.75
3479;51;54;49.262;0.81
3480;51;54;39.921;20.18
3481;51;55;21.095;15.85
3482;51;55;17.371;10.63
3483;51;56;42.401;21.37
3484;51;56;46.305;2.41
3485;51;56;38.617;19.52
3486;51;57;26.688;2.24
3487;51;57;24.205;17.43
3488;51;58;30.499;10.32
3489;51;58;36.509;14.6
3490;51;58;30.219;2.04
3491;51;59;26.179;24.02
3492;52;53;84.406;13.97
3493;52;54;81.826;19.86
3494;52;54;78.478;17.88
3495;52;55;75.001;21.61
3496;52;55;68.898;18.02
3497;52;56;94.907;6.84
3498;52;56;95.31;22.99
3499;52;56;71.623;18.04
3500;52;57;74.775;18.45
3501;52;57;66.244;19.37
3502;52;57;90.28;6.98
3503;52;58;85.129;12.41
3504;52;59;81.991;0.51
3505;52;59;95.811;23.67
3506;52;59;91.866;4.29
3507;53;54;46.577;4.71
3508;53;55;11.133;18.76
3509;53;56;27.922;23.77
3510;53;56;26.322;7.53
3511;53;57;20.622;18.22
3512;53;58;5.327;23.82
3513;53;58;6.224;13.61
3514;53;59;7.648;0.5
3515;54;55;38.782;2.76
3516;54;55;38.518;3.85
3517;54;55;40.469;8.37
3518;54;56;74.411;8.91
3519;54;56;86.548;13.47
3520;54;56;83.958;20.84
3521;54;57;27.177;8.56
3522;54;58;41.824;15.82
3523;54;58;38.034;13.54
3524;54;59;52.651;2.05
3525;55;56;36.523;15.49
3526;55;57;11.609;0.8
3527;55;58;10.179;10.99
3528;55;59;14.497;1.47
3529;55;59;13.136;17.02
3530;55;59;17.059;22.89
3531;56;57;47.772;5.19
3532;56;58;32.99;18.94
3533;56;59;22.042;14.32
3534;57;58;16.91;18.19
3535;57;59;25.77;17.33
3536;57;59;26.122;1.09
3537;57;59;30.529;0.28
3538;58;59;12.868;23.45
