VERTEX_COUNT 60
PATH_COUNT 1
BUDGET 480
<------------ VERTICES ------------>
0;START;41.374834;2.170055;0.0;0.0
1;Basilica of the Sagrada Família;41.403568;2.174435;45.0;96.83
2;Galeria d’Art Mar Grup Escolà;41.392349;2.167836;45.0;88.45
3;Lorena Ruiz de Villa;41.397858;2.146705;45.0;84.52
4;Anella Olímpica(Olympic Park);41.364778;2.152575;45.0;84.38
5;Palau Güell;41.378864;2.174117;45.0;84.29
6;Museu Nacional d’Art de Catalunya;41.36882;2.153347;45.0;80.65
7;La Pedrera (Casa Milà);41.395271;2.161785;45.0;80.3
8;Imaginart Gallery;41.393822;2.164627;45.0;79.9
9;Barcelona;41.389034;2.16137;45.0;79.89
10;Arts Santa Mònica;41.37722;2.176012;45.0;79.59
11;Avinguda d’Icària;41.391556;2.197416;45.0;78.77
12;Parc de la Ciutadella;41.389248;2.186548;45.0;78.36
13;Museu d’Història de Catalunya - MHC;41.380852;2.185799;45.0;78.27
14;Basilica of Sants Just i Pastor;41.382812;2.178195;45.0;78.19
15;Atelier;41.407719;2.158233;45.0;74.46
16;Poble Espanyol;41.368679;2.147031;45.0;73.24
17;Montjuïc Castle;41.363823;2.167096;45.0;72.85
18;Contrast;41.387928;2.161469;45.0;72.42
19;Parc de Diagonal Mar;41.407215;2.214539;45.0;72.38
20;Passeig de Gràcia;41.390739;2.166672;45.0;71.52
21;Carles Taché;41.389851;2.164213;45.0;69.85
22;Despair;41.387653;2.188076;45.0;69.47
23;Galeria Mayoral;41.389542;2.163808;45.0;68.6
24;Museu Frederic Marès;41.384178;2.176819;45.0;68.23
25;Platja de la Nova Mar Bella;41.40205;2.21529;45.0;67.83
26;Museu Palmero;41.424667;2.139856;45.0;67.45
27;La Colmena;41.383835;2.178294;45.0;65.6
28;Antic Hospital de la Santa Creu;41.380573;2.170374;45.0;64.99
29;Piramidon Centre d’Art Contemporani;41.422626;2.209764;45.0;64.89
30;Park Güell;41.414249;2.151926;45.0;64.49
31;Plaça de Catalunya;41.387005;2.17003;45.0;64.1
32;Monument to Doctor Robert;41.394924;2.175599;45.0;63.76
33;Casa Martí, Els Quatre Gats ;41.385775;2.173671;45.0;63.21
34;L’Aquàrium;41.376625;2.184117;45.0;62.93
35;Plaça del Rei;41.384144;2.177409;45.0;62.15
36;90th Jean Bouin;41.373077;2.150465;45.0;62.11
37;Rambla del Raval;41.378681;2.169317;45.0;61.67
38;Museu Picasso;41.385181;2.180863;45.0;60.82
39;Turó de la Rovira viewing point;41.419388;2.161812;45.0;60.23
40;Parc de la Creueta del Coll;41.41935;2.146432;45.0;59.87
41;Casa Batlló;41.391758;2.164961;45.0;59.2
42;Poblenou Cemetery;41.394859;2.201189;45.0;58.65
43;Basilica of Santa Maria del Mar;41.383518;2.1818;45.0;58.45
44;Royal Dockyards Museu Marítim ;41.375286;2.17598;45.0;58.24
45;Barcelona Head;41.380924;2.182465;45.0;57.93
46;A. Cortina;41.391098;2.161385;45.0;57.66
47;Galeria Ferran Cano;41.375816;2.177766;45.0;57.47
48;Maeght;41.384689;2.181526;45.0;57.32
49;Palau Sant Jordi;41.363441;2.152537;45.0;56.53
50;Àngels Barcelona;41.382534;2.169249;45.0;56.32
51;Platja de la Barceloneta;41.379158;2.192717;45.0;56.17
52;Beaskoa;41.384792;2.181268;45.0;55.91
53;Àmbit;41.389328;2.163531;45.0;55.54
54;Carmen Sallent;41.39637;2.153188;45.0;55.49
55;Palau Montaner;41.39555;2.1652;45.0;54.62
56;Galeria Miquel Alzueta;41.397125;2.156751;45.0;54.37
57;Platja del Bogatell;41.394341;2.2066;45.0;53.79
58;Museu de la Moto ;41.383327;2.174488;45.0;53.71
59;FINISH;41.374834;2.170055;0.0;0.0
<------------- EDGES -------------->
0;0;1;49.491;10.97
1;0;2;30.107;7.96
2;0;3;49.508;2.4
3;0;3;44.287;22.27
4;0;4;28.285;17.8
5;0;4;22.467;3.92
6;0;5;8.647;2.21
7;0;5;7.376;0.28
8;0;6;23.796;7.34
9;0;6;20.522;3.24
10;0;7;36.549;21.19
11;0;8;33.232;22.41
12;0;8;34.252;15.28
13;0;8;39.92;7.21
14;0;9;26.736;2.39
15;0;9;21.632;12.37
16;0;9;20.753;14.3
17;0;10;8.671;9.04
18;0;10;9.719;14.93
19;0;11;45.309;17.21
20;0;12;32.509;9.74
21;0;13;22.688;3.27
22;0;14;17.194;15.43
23;0;14;15.131;1.95
24;0;14;13.177;23.24
25;0;15;58.284;2.45
26;0;15;71.835;0.74
27;0;15;69.973;0.45
28;0;16;31.387;22.47
29;0;16;29.825;3.31
30;0;16;27.35;19.9
31;0;17;19.222;2.72
32;0;18;24.972;0.16
33;0;19;79.572;6.76
34;0;19;89.899;7.49
35;0;20;27.562;19.67
36;0;20;32.472;17.4
37;0;20;28.979;5.86
38;0;21;26.77;16.19
39;0;22;31.884;23.84
40;0;22;37.208;21.25
41;0;22;37.037;3.15
42;0;23;26.416;12.66
43;0;23;32.543;15.01
44;0;24;18.196;21.28
45;0;24;22.059;2.49
46;0;25;74.442;7.44
47;0;25;89.913;1.18
48;0;26;93.673;1.5
49;0;26;98.714;10.26
50;0;26;109.506;5.16
51;0;27;18.686;12.1
52;0;28;9.829;10.16
53;0;29;96.367;8.44
54;0;29;113.815;15.27
55;0;29;97.071;0.88
56;0;30;71.35;0.47
57;0;31;20.827;12.86
58;0;31;24.311;6.72
59;0;31;22.777;14.35
60;0;32;35.108;16.59
61;0;33;19.29;21.76
62;0;34;18.315;21.91
63;0;34;14.664;3.36
64;0;35;18.52;21.26
65;0;35;21.134;0.88
66;0;36;25.336;15.77
67;0;37;6.651;21.78
68;0;37;5.767;5.57
69;0;38;22.496;10.09
70;0;39;76.973;20.54
71;0;40;81.991;18.33
72;0;41;29.69;24.35
73;0;41;28.491;3.08
74;0;42;52.651;8.36
75;0;42;64.093;23.99
76;0;43;21.172;13.45
77;0;43;16.82;3.59
78;0;43;21.017;13.75
79;0;44;7.648;17.44
80;0;44;6.588;18.22
81;0;45;19.04;7.48
82;0;46;29.975;11.68
83;0;46;26.35;2.25
84;0;46;33.895;3.12
85;0;47;10.043;17.65
86;0;48;22.391;21.33
87;0;48;17.693;10.77
88;0;48;26.69;12.81
89;0;49;29.769;18.91
90;0;49;27.148;2.4
91;0;50;13.217;13.73
92;0;50;15.16;24.89
93;0;50;12.395;6.11
94;0;51;30.026;1.96
95;0;52;22.308;9.18
96;0;52;21.021;0.38
97;0;52;18.949;16.27
98;0;53;26.179;20.72
99;0;53;21.558;14.07
100;0;53;22.391;11.15
101;0;54;42.745;21.62
102;0;55;35.994;21.87
103;0;55;32.534;5.09
104;0;56;41.795;9.02
105;0;56;43.25;5.95
106;0;56;44.353;5.9
107;0;57;57.583;4.53
108;0;57;47.105;13.12
109;0;57;67.336;15.34
110;0;58;15.608;8.53
111;0;58;13.23;8.72
112;0;58;12.868;13.72
113;0;59;0.0;13.78
114;0;59;0.0;22.42
115;1;2;20.984;4.25
116;1;2;24.912;7.44
117;1;3;36.911;24.48
118;1;4;72.069;4.02
119;1;4;84.107;1.47
120;1;5;42.276;11.4
121;1;6;65.336;20.8
122;1;6;51.528;1.69
123;1;6;69.162;5.57
124;1;7;21.57;4.44
125;1;8;20.896;4.28
126;1;9;29.997;6.6
127;1;9;29.73;7.74
128;1;9;36.474;8.5
129;1;10;45.133;9.31
130;1;10;42.458;21.66
131;1;11;35.955;21.25
132;1;11;39.112;23.18
133;1;12;29.022;11.65
134;1;12;27.414;5.86
135;1;13;41.52;23.14
136;1;13;48.051;12.29
137;1;13;36.315;20.16
138;1;14;35.845;21.1
139;1;14;38.217;17.4
140;1;15;21.975;24.86
141;1;15;19.466;8.41
142;1;16;69.299;8.15
143;1;17;68.662;22.52
144;1;18;31.517;12.89
145;1;19;51.851;21.6
146;1;19;49.405;16.95
147;1;20;24.109;12.44
148;1;20;24.376;2.14
149;1;21;26.892;4.68
150;1;22;32.378;5.58
151;1;22;29.595;10.39
152;1;23;27.608;5.19
153;1;23;24.315;1.73
154;1;23;25.987;21.96
155;1;24;33.322;24.82
156;1;25;52.504;1.59
157;1;25;53.235;12.59
158;1;26;57.209;14.82
159;1;26;53.523;0.21
160;1;27;34.129;9.88
161;1;27;33.025;9.45
162;1;28;39.694;12.3
163;1;28;33.295;21.42
164;1;28;32.775;16.15
165;1;29;55.85;22.76
166;1;30;34.185;7.74
167;1;31;28.902;1.72
168;1;31;29.489;22.61
169;1;32;14.867;24.93
170;1;32;17.417;18.05
171;1;32;11.839;2.51
172;1;33;30.463;8.52
173;1;33;32.554;22.66
174;1;33;29.504;2.53
175;1;34;47.752;13.19
176;1;34;47.678;5.51
177;1;34;59.078;17.14
178;1;35;33.457;17.31
179;1;35;29.148;6.55
180;1;35;31.04;4.06
181;1;36;60.577;5.18
182;1;37;43.091;3.41
183;1;37;45.107;22.78
184;1;38;32.528;13.86
185;1;39;31.549;12.98
186;1;39;33.401;2.0
187;1;39;29.048;13.47
188;1;40;44.955;20.91
189;1;40;35.707;19.64
190;1;40;42.218;17.59
191;1;41;23.587;24.99
192;1;42;37.436;5.14
193;1;42;43.822;12.61
194;1;42;40.448;2.15
195;1;43;35.589;5.69
196;1;43;28.174;24.29
197;1;44;48.438;2.58
198;1;44;54.746;18.41
199;1;45;40.097;17.04
200;1;45;33.325;16.05
201;1;46;27.129;4.63
202;1;46;31.923;14.71
203;1;47;47.682;6.12
204;1;47;44.953;8.39
205;1;48;33.564;12.67
206;1;48;38.281;8.52
207;1;49;74.2;20.34
208;1;49;78.076;9.47
209;1;49;67.971;4.1
210;1;50;36.604;14.19
211;1;50;30.042;22.54
212;1;51;47.913;17.04
213;1;51;46.357;15.91
214;1;52;33.306;13.59
215;1;52;30.292;8.65
216;1;52;30.831;10.36
217;1;53;28.102;11.91
218;1;54;29.925;21.61
219;1;54;22.484;20.63
220;1;54;22.484;5.66
221;1;55;18.132;22.82
222;1;55;20.503;24.51
223;1;55;22.111;8.6
224;1;56;25.235;22.55
225;1;57;44.204;17.18
226;1;57;36.537;16.89
227;1;58;34.637;15.41
228;1;59;49.491;9.17
229;1;59;42.208;12.82
230;2;3;28.717;23.32
231;2;3;27.132;20.71
232;2;4;51.088;17.96
233;2;5;24.444;5.05
234;2;5;24.011;21.32
235;2;6;44.354;1.73
236;2;6;36.684;13.63
237;2;7;9.238;1.11
238;2;7;9.113;3.9
239;2;7;8.018;8.46
240;2;8;4.83;22.47
241;2;8;4.808;19.18
242;2;8;4.457;22.92
243;2;9;10.054;2.11
244;2;9;11.47;5.59
245;2;9;9.172;1.79
246;2;10;27.936;17.02
247;2;10;22.239;15.78
248;2;11;37.998;7.2
249;2;11;33.427;19.98
250;2;12;24.601;23.81
251;2;12;22.519;4.58
252;2;13;30.314;23.0
253;2;13;29.732;16.29
254;2;14;21.053;1.74
255;2;14;22.264;13.8
256;2;15;29.047;18.15
257;2;16;48.521;19.84
258;2;16;45.373;9.65
259;2;17;48.824;6.76
260;2;17;51.965;15.73
261;2;17;58.296;23.69
262;2;18;11.138;11.66
263;2;18;11.984;5.58
264;2;19;65.123;16.79
265;2;20;3.134;24.04
266;2;21;6.317;6.6
267;2;21;7.369;18.09
268;2;22;27.199;15.65
269;2;23;7.058;4.91
270;2;23;6.995;7.18
271;2;23;6.626;8.4
272;2;24;18.125;15.96
273;2;24;21.258;10.43
274;2;25;63.137;10.95
275;2;26;65.94;10.16
276;2;26;64.49;21.2
277;2;26;64.074;10.7
278;2;27;19.813;19.13
279;2;27;20.185;19.26
280;2;27;19.81;9.64
281;2;28;20.413;4.95
282;2;28;22.681;13.31
283;2;29;74.701;8.11
284;2;29;73.672;19.42
285;2;30;42.679;11.15
286;2;30;47.053;24.54
287;2;30;34.073;16.71
288;2;31;9.569;7.64
289;2;31;11.082;24.91
290;2;31;10.708;6.64
291;2;32;10.896;21.8
292;2;32;12.951;0.53
293;2;32;9.007;24.45
294;2;33;13.515;2.3
295;2;33;13.236;3.56
296;2;33;14.542;15.8
297;2;34;34.073;13.14
298;2;34;30.041;18.47
299;2;35;18.66;15.38
300;2;35;18.263;3.24
301;2;36;39.813;13.96
302;2;36;47.262;14.04
303;2;36;38.673;18.35
304;2;37;23.466;17.39
305;2;38;20.74;4.19
306;2;39;46.911;11.78
307;2;39;54.319;7.72
308;2;40;53.755;21.57
309;2;40;46.825;21.57
310;2;41;3.827;16.85
311;2;41;4.616;3.57
312;2;42;43.031;20.71
313;2;42;33.98;23.51
314;2;43;23.447;0.8
315;2;44;31.014;10.36
316;2;45;27.111;19.08
317;2;46;8.554;2.49
318;2;46;10.64;16.66
319;2;47;31.032;5.66
320;2;47;26.494;2.57
321;2;48;21.925;1.27
322;2;48;18.112;21.66
323;2;48;24.744;10.59
324;2;49;53.226;22.74
325;2;50;16.893;3.58
326;2;51;39.115;16.28
327;2;51;30.141;13.7
328;2;51;35.387;3.62
329;2;52;21.555;18.92
330;2;53;7.568;15.06
331;2;53;8.888;19.45
332;2;53;7.144;0.52
333;2;54;20.023;16.33
334;2;55;6.439;7.58
335;2;55;6.92;4.02
336;2;55;6.092;17.59
337;2;56;16.41;4.55
338;2;56;17.02;2.32
339;2;57;49.88;22.6
340;2;57;51.172;0.28
341;2;57;60.344;22.92
342;2;58;17.643;24.59
343;2;58;19.247;9.54
344;2;59;30.107;10.56
345;2;59;36.148;17.27
346;2;59;33.149;22.59
347;3;4;57.108;6.1
348;3;4;51.708;15.91
349;3;5;47.906;18.71
350;3;5;50.899;1.93
351;3;6;50.417;9.1
352;3;6;54.238;12.09
353;3;6;54.977;24.96
354;3;7;19.858;15.3
355;3;8;24.021;5.98
356;3;9;24.134;16.0
357;3;9;28.073;16.22
358;3;9;28.435;16.81
359;3;10;51.604;18.81
360;3;10;43.186;21.83
361;3;11;65.986;6.33
362;3;11;54.802;21.76
363;3;11;77.998;5.75
364;3;12;53.228;17.47
365;3;12;56.31;21.8
366;3;13;58.016;1.81
367;3;13;68.226;10.03
368;3;13;52.357;8.63
369;3;14;47.93;3.85
370;3;15;22.443;24.71
371;3;15;23.08;10.04
372;3;16;49.934;15.97
373;3;17;63.856;21.68
374;3;18;25.455;23.96
375;3;19;88.529;17.8
376;3;19;105.467;21.15
377;3;19;73.367;12.7
378;3;20;28.38;15.82
379;3;20;28.051;3.62
380;3;20;27.34;1.64
381;3;21;26.323;21.13
382;3;22;55.908;19.32
383;3;22;69.527;18.1
384;3;22;63.605;18.67
385;3;23;26.164;14.02
386;3;24;45.195;15.03
387;3;24;51.728;14.81
388;3;25;88.328;22.12
389;3;25;81.438;18.26
390;3;26;46.711;7.12
391;3;26;42.662;16.19
392;3;26;52.805;14.47
393;3;27;47.122;6.59
394;3;28;42.406;5.93
395;3;29;91.357;22.92
396;3;29;76.238;15.05
397;3;29;71.319;24.69
398;3;30;28.838;9.32
399;3;31;35.236;24.73
400;3;31;41.628;0.25
401;3;31;39.008;6.91
402;3;32;37.429;7.99
403;3;32;28.145;5.12
404;3;32;29.762;9.42
405;3;33;40.323;9.96
406;3;33;44.571;9.3
407;3;34;60.227;15.8
408;3;34;52.452;6.44
409;3;34;54.484;6.25
410;3;35;45.875;8.11
411;3;35;38.454;20.79
412;3;35;35.365;23.57
413;3;36;42.68;13.91
414;3;37;43.814;6.67
415;3;37;50.327;7.63
416;3;37;48.098;2.15
417;3;38;48.924;20.38
418;3;38;59.701;12.82
419;3;39;41.633;20.36
420;3;40;36.779;11.88
421;3;40;28.008;5.96
422;3;40;34.635;13.61
423;3;41;25.655;3.65
424;3;42;70.128;9.81
425;3;42;87.117;16.93
426;3;42;67.134;6.21
427;3;43;51.304;6.45
428;3;43;54.001;7.58
429;3;44;53.895;18.2
430;3;44;53.113;24.83
431;3;44;60.502;14.92
432;3;45;54.29;8.13
433;3;46;22.112;18.54
434;3;46;23.222;23.74
435;3;47;54.891;21.57
436;3;47;62.7;15.34
437;3;47;45.853;12.62
438;3;48;50.062;14.56
439;3;48;43.467;11.93
440;3;49;59.369;11.01
441;3;49;63.303;1.75
442;3;49;50.525;4.98
443;3;50;39.055;3.05
444;3;50;46.037;21.51
445;3;51;67.183;17.87
446;3;51;72.759;21.09
447;3;52;49.686;13.46
448;3;52;45.088;2.39
449;3;53;26.07;3.63
450;3;53;19.768;14.07
451;3;53;19.995;8.57
452;3;54;8.703;19.28
453;3;54;10.813;4.34
454;3;54;9.498;16.03
455;3;55;24.068;20.88
456;3;55;19.407;11.55
457;3;55;29.893;1.52
458;3;56;12.957;18.19
459;3;57;77.122;8.3
460;3;57;79.35;6.73
461;3;57;69.576;4.53
462;3;58;43.48;13.69
463;3;58;35.752;18.35
464;3;59;49.508;17.01
465;3;59;57.027;11.29
466;3;59;50.507;21.39
467;4;5;36.692;19.91
468;4;5;34.278;6.68
469;4;5;45.533;17.79
470;4;6;6.988;2.52
471;4;6;7.654;21.2
472;4;7;53.504;0.84
473;4;7;43.198;16.18
474;4;8;52.055;1.6
475;4;8;53.899;7.98
476;4;8;42.281;10.66
477;4;9;43.017;10.79
478;4;9;39.13;14.32
479;4;9;41.48;15.47
480;4;10;36.867;12.39
481;4;11;73.587;11.58
482;4;11;63.706;21.82
483;4;11;73.917;2.6
484;4;12;60.469;5.16
485;4;13;50.763;4.99
486;4;14;45.108;18.03
487;4;15;73.841;20.34
488;4;15;72.388;20.74
489;4;16;9.76;22.52
490;4;17;18.721;14.6
491;4;17;22.07;13.95
492;4;18;41.229;20.42
493;4;18;40.755;1.52
494;4;19;107.715;23.05
495;4;19;113.551;16.51
496;4;19;122.853;23.77
497;4;20;47.972;21.94
498;4;21;45.434;2.25
499;4;21;35.946;22.46
500;4;21;56.073;10.86
501;4;22;60.087;6.76
502;4;22;46.218;15.39
503;4;23;44.765;3.38
504;4;23;45.608;8.72
505;4;23;50.015;23.85
506;4;24;45.512;18.29
507;4;24;56.58;14.39
508;4;25;102.722;8.06
509;4;25;88.339;18.24
510;4;25;125.214;6.7
511;4;26;103.777;18.93
512;4;27;46.414;5.37
513;4;28;35.398;22.65
514;4;29;123.244;5.99
515;4;30;84.661;6.29
516;4;31;44.149;4.25
517;4;31;40.446;19.18
518;4;31;38.668;1.98
519;4;32;59.458;9.56
520;4;32;45.996;6.7
521;4;33;44.999;14.22
522;4;33;39.441;18.14
523;4;33;34.469;0.01
524;4;34;45.296;12.88
525;4;34;48.386;3.28
526;4;34;45.298;11.49
527;4;35;45.992;21.97
528;4;35;38.791;0.86
529;4;35;51.806;22.45
530;4;36;14.458;12.8
531;4;37;32.067;12.25
532;4;37;29.758;4.55
533;4;38;50.384;15.14
534;4;39;94.2;13.61
535;4;40;93.718;16.5
536;4;40;92.243;3.93
537;4;41;48.832;14.42
538;4;41;41.61;1.46
539;4;42;80.908;20.11
540;4;42;97.521;1.17
541;4;43;49.364;12.49
542;4;44;35.025;19.7
543;4;45;47.294;10.45
544;4;45;53.355;18.98
545;4;45;35.68;20.49
546;4;46;46.439;1.58
547;4;47;37.461;6.94
548;4;47;46.826;1.99
549;4;47;46.193;11.04
550;4;48;50.429;22.08
551;4;49;2.288;18.93
552;4;49;2.146;7.78
553;4;50;37.171;4.72
554;4;50;44.77;10.35
555;4;50;41.937;20.99
556;4;51;57.121;8.81
557;4;52;50.305;22.67
558;4;53;44.304;15.71
559;4;53;40.609;9.3
560;4;54;54.067;19.47
561;4;54;53.931;4.55
562;4;55;55.097;8.89
563;4;56;55.613;4.44
564;4;57;85.857;21.47
565;4;57;101.572;13.72
566;4;57;89.396;18.46
567;4;58;42.419;4.12
568;4;58;38.274;16.02
569;4;59;28.285;9.22
570;4;59;28.332;23.96
571;5;6;31.73;19.14
572;5;6;29.997;22.01
573;5;7;32.233;15.61
574;5;7;26.802;2.29
575;5;7;24.192;6.11
576;5;8;28.348;21.2
577;5;9;23.89;11.98
578;5;9;24.861;9.52
579;5;10;3.72;17.71
580;5;11;36.967;12.46
581;5;12;23.885;20.26
582;5;12;24.404;22.72
583;5;12;29.298;19.22
584;5;13;15.381;22.37
585;5;13;11.991;8.32
586;5;13;14.926;4.03
587;5;14;8.547;9.99
588;5;14;10.599;18.75
589;5;14;10.342;2.58
590;5;15;53.422;21.03
591;5;15;44.312;17.3
592;5;16;38.904;20.73
593;5;17;27.272;9.81
594;5;17;25.593;15.06
595;5;17;23.378;21.88
596;5;18;22.456;16.11
597;5;18;25.483;21.57
598;5;19;71.038;2.55
599;5;20;22.457;7.37
600;5;20;21.488;10.06
601;5;20;19.399;22.04
602;5;21;22.698;1.4
603;5;21;18.291;4.49
604;5;22;23.397;24.52
605;5;23;22.563;20.79
606;5;23;21.977;19.78
607;5;23;20.769;18.42
608;5;24;9.733;17.97
609;5;24;10.868;4.59
610;5;24;9.2;5.31
611;5;25;66.092;5.15
612;5;26;89.874;13.93
613;5;26;72.91;16.95
614;5;26;94.864;20.03
615;5;27;10.056;8.59
616;5;28;5.626;20.14
617;5;28;4.635;23.78
618;5;28;5.919;0.77
619;5;29;87.759;10.47
620;5;29;69.848;3.29
621;5;30;66.918;18.06
622;5;30;57.964;20.64
623;5;30;70.453;11.92
624;5;31;14.887;23.33
625;5;31;14.74;12.63
626;5;31;15.292;15.54
627;5;32;27.548;2.86
628;5;32;26.741;18.01
629;5;33;11.84;21.7
630;5;33;11.188;13.38
631;5;33;13.078;9.34
632;5;34;13.4;13.29
633;5;34;16.652;17.77
634;5;35;9.975;18.43
635;5;35;8.529;21.73
636;5;35;9.741;22.77
637;5;36;31.945;19.7
638;5;37;6.171;0.81
639;5;37;5.611;10.52
640;5;37;6.675;24.2
641;5;38;13.852;5.04
642;5;39;71.122;0.86
643;5;39;86.364;0.17
644;5;40;77.863;0.57
645;5;41;25.001;19.76
646;5;42;44.241;2.72
647;5;42;46.109;6.28
648;5;42;53.754;7.87
649;5;43;12.678;2.36
650;5;44;6.574;8.2
651;5;44;7.111;20.07
652;5;45;11.284;7.63
653;5;45;8.945;13.59
654;5;46;26.561;12.85
655;5;47;7.011;18.12
656;5;47;7.965;12.49
657;5;47;8.156;14.07
658;5;48;13.779;16.77
659;5;48;16.088;10.79
660;5;49;38.269;21.71
661;5;49;33.038;15.06
662;5;50;8.861;18.14
663;5;50;7.47;14.57
664;5;51;23.888;24.7
665;5;51;25.195;20.44
666;5;52;13.682;2.16
667;5;52;11.41;6.06
668;5;53;22.48;13.16
669;5;53;21.606;4.66
670;5;53;25.38;20.66
671;5;54;40.242;18.36
672;5;55;30.763;10.56
673;5;56;38.387;23.99
674;5;57;49.403;13.94
675;5;57;38.127;1.65
676;5;57;54.021;19.55
677;5;58;7.652;16.43
678;5;58;6.016;23.49
679;5;59;8.647;13.89
680;6;7;46.542;18.16
681;6;7;47.224;19.77
682;6;8;45.169;4.16
683;6;8;44.331;22.56
684;6;9;36.092;21.41
685;6;9;41.892;0.31
686;6;10;32.461;9.4
687;6;11;68.67;6.0
688;6;12;55.131;18.83
689;6;12;50.568;21.78
690;6;13;46.481;23.02
691;6;14;39.892;5.48
692;6;14;40.097;0.75
693;6;15;66.86;13.54
694;6;15;55.0;2.6
695;6;16;8.115;5.61
696;6;16;6.993;22.22
697;6;16;6.539;5.56
698;6;17;19.619;15.16
699;6;18;34.321;15.27
700;6;18;30.316;12.3
701;6;19;102.414;8.95
702;6;20;41.226;3.39
703;6;20;31.64;20.61
704;6;20;51.253;3.16
705;6;21;38.599;17.35
706;6;21;31.46;5.08
707;6;21;38.71;22.58
708;6;22;55.02;11.33
709;6;22;67.977;17.99
710;6;23;37.919;18.65
711;6;23;32.184;14.94
712;6;23;36.92;19.93
713;6;24;39.989;23.8
714;6;24;42.635;15.7
715;6;24;43.981;5.56
716;6;25;97.767;20.86
717;6;25;95.976;9.23
718;6;25;90.269;18.76
719;6;26;97.123;11.65
720;6;26;94.309;23.2
721;6;27;41.065;11.75
722;6;27;50.888;6.0
723;6;28;29.708;24.17
724;6;29;117.144;13.61
725;6;29;128.926;6.7
726;6;30;77.761;0.83
727;6;31;37.779;15.68
728;6;31;28.363;16.58
729;6;32;53.025;14.39
730;6;33;39.024;21.94
731;6;33;43.718;11.19
732;6;34;41.71;6.61
733;6;34;43.959;2.72
734;6;34;32.813;0.23
735;6;35;40.525;5.82
736;6;35;39.217;20.76
737;6;35;34.347;7.54
738;6;36;8.171;21.86
739;6;37;26.558;24.02
740;6;37;28.564;1.35
741;6;37;33.114;23.55
742;6;38;45.08;3.94
743;6;39;87.213;13.94
744;6;39;82.816;3.83
745;6;40;86.923;12.7
746;6;41;41.989;19.48
747;6;41;33.1;10.15
748;6;42;75.887;16.01
749;6;43;44.356;15.48
750;6;44;31.099;22.41
751;6;44;37.476;7.96
752;6;45;42.744;15.51
753;6;45;49.362;6.33
754;6;45;47.002;12.67
755;6;46;39.495;9.32
756;6;46;31.051;24.8
757;6;46;41.237;12.2
758;6;47;33.565;21.43
759;6;47;35.145;17.95
760;6;48;45.24;1.52
761;6;49;9.263;11.97
762;6;49;9.232;4.93
763;6;50;31.108;18.01
764;6;50;31.671;16.61
765;6;50;26.978;4.21
766;6;51;53.562;19.59
767;6;51;55.634;4.15
768;6;51;48.001;14.23
769;6;52;45.082;1.31
770;6;53;37.451;18.63
771;6;54;47.145;21.01
772;6;55;48.206;20.06
773;6;56;48.633;11.85
774;6;56;46.248;23.69
775;6;56;57.709;9.11
776;6;57;81.132;18.26
777;6;58;36.786;1.36
778;6;59;23.796;16.15
779;6;59;19.758;9.88
780;6;59;25.688;18.7
781;7;8;4.411;20.59
782;7;8;5.346;19.31
783;7;8;5.292;19.09
784;7;9;10.686;15.16
785;7;10;35.886;22.9
786;7;10;35.538;3.75
787;7;11;46.181;18.11
788;7;12;33.419;2.01
789;7;12;33.761;19.7
790;7;12;33.652;23.56
791;7;13;39.488;3.76
792;7;13;48.402;10.54
793;7;14;29.973;8.41
794;7;14;27.039;7.99
795;7;15;21.784;13.09
796;7;15;16.416;21.77
797;7;15;20.98;3.86
798;7;16;49.291;3.26
799;7;16;48.305;14.31
800;7;16;53.065;16.48
801;7;17;54.245;15.23
802;7;17;43.061;23.68
803;7;18;12.572;19.56
804;7;19;70.732;0.8
805;7;19;87.995;21.11
806;7;19;66.968;7.84
807;7;20;9.975;24.13
808;7;21;9.785;23.08
809;7;21;9.57;16.88
810;7;21;7.418;23.73
811;7;22;36.182;1.76
812;7;22;44.677;15.23
813;7;23;10.142;12.44
814;7;23;11.322;15.38
815;7;24;27.071;14.42
816;7;24;24.56;10.52
817;7;25;69.654;23.56
818;7;26;57.641;7.91
819;7;26;51.006;18.2
820;7;27;28.847;13.11
821;7;28;27.463;9.13
822;7;28;27.649;10.64
823;7;28;29.149;14.71
824;7;29;77.35;14.01
825;7;29;94.478;3.59
826;7;29;78.622;1.38
827;7;30;34.854;16.99
828;7;31;17.667;21.05
829;7;31;14.061;9.94
830;7;31;16.46;12.02
831;7;32;17.743;5.73
832;7;32;13.894;18.01
833;7;33;22.291;11.5
834;7;34;42.897;23.01
835;7;34;53.451;15.49
836;7;35;27.657;1.38
837;7;35;29.238;6.52
838;7;35;23.962;8.41
839;7;36;40.666;24.06
840;7;37;29.991;0.5
841;7;37;31.49;3.18
842;7;38;29.967;24.24
843;7;39;41.27;20.32
844;7;39;48.276;9.48
845;7;39;34.201;9.56
846;7;40;45.674;20.58
847;7;40;56.469;15.89
848;7;40;56.977;8.32
849;7;41;7.264;2.19
850;7;41;6.882;20.05
851;7;41;6.501;1.96
852;7;42;50.588;3.41
853;7;43;32.631;12.54
854;7;43;34.538;3.07
855;7;44;38.752;21.25
856;7;44;44.591;12.13
857;7;45;36.161;20.16
858;7;45;37.102;14.73
859;7;46;7.159;3.42
860;7;46;8.2;16.54
861;7;46;6.942;10.46
862;7;47;39.107;23.78
863;7;48;31.148;8.31
864;7;48;29.432;7.9
865;7;48;35.261;4.04
866;7;49;55.748;24.04
867;7;50;23.809;14.91
868;7;50;25.172;4.63
869;7;51;48.346;4.61
870;7;52;30.776;16.1
871;7;53;10.414;1.48
872;7;53;11.115;20.72
873;7;54;11.195;17.42
874;7;55;4.41;21.84
875;7;55;3.627;7.53
876;7;55;5.304;15.19
877;7;56;7.199;11.76
878;7;57;57.552;5.41
879;7;58;26.148;12.22
880;7;58;30.726;23.27
881;7;59;36.549;6.72
882;8;9;9.199;16.67
883;8;10;31.95;3.77
884;8;10;34.813;17.42
885;8;11;42.271;10.39
886;8;11;40.51;3.75
887;8;12;29.21;12.08
888;8;12;28.48;4.25
889;8;12;23.622;15.1
890;8;13;35.092;13.42
891;8;14;25.659;14.6
892;8;14;20.367;17.81
893;8;15;25.157;2.67
894;8;15;30.987;19.62
895;8;16;48.597;1.93
896;8;17;51.433;19.56
897;8;17;63.036;1.33
898;8;18;10.87;2.59
899;8;18;12.636;12.02
900;8;18;10.877;15.62
901;8;19;68.043;0.71
902;8;19;83.651;0.5
903;8;20;5.893;11.41
904;8;21;6.816;14.41
905;8;22;31.901;9.64
906;8;22;36.778;18.32
907;8;23;7.399;15.83
908;8;24;22.745;3.72
909;8;24;22.596;23.42
910;8;24;27.821;8.36
911;8;25;66.54;7.27
912;8;25;67.332;22.85
913;8;25;64.632;22.42
914;8;26;61.618;23.75
915;8;26;58.058;9.6
916;8;27;24.494;12.52
917;8;27;29.948;19.49
918;8;28;23.842;3.82
919;8;28;23.823;7.83
920;8;29;76.063;3.74
921;8;29;63.896;3.43
922;8;30;38.57;8.67
923;8;30;42.839;3.74
924;8;30;46.1;22.82
925;8;31;13.572;17.22
926;8;31;15.29;8.49
927;8;31;12.185;17.33
928;8;32;14.211;22.25
929;8;33;18.012;2.23
930;8;34;38.629;7.94
931;8;34;34.485;6.5
932;8;34;36.313;22.06
933;8;35;23.314;21.35
934;8;35;17.721;1.37
935;8;35;18.752;17.89
936;8;36;39.886;7.74
937;8;37;26.6;7.56
938;8;37;33.107;1.79
939;8;37;31.801;1.99
940;8;38;25.556;19.85
941;8;38;22.75;10.98
942;8;39;43.898;4.2
943;8;40;49.535;24.07
944;8;40;50.162;8.96
945;8;40;41.401;7.15
946;8;41;3.558;1.05
947;8;41;4.427;7.84
948;8;41;3.763;20.35
949;8;42;46.969;9.03
950;8;42;36.719;24.1
951;8;43;28.231;23.45
952;8;43;33.424;13.88
953;8;43;28.855;10.83
954;8;44;34.908;20.28
955;8;44;42.604;24.46
956;8;45;31.806;22.12
957;8;45;34.546;3.71
958;8;45;28.727;4.96
959;8;46;6.249;4.02
960;8;47;35.128;13.31
961;8;47;37.111;5.01
962;8;48;26.738;21.92
963;8;48;24.033;16.56
964;8;49;54.257;18.15
965;8;49;43.192;3.7
966;8;49;56.131;7.07
967;8;50;20.207;24.7
968;8;51;43.935;18.5
969;8;51;44.048;22.56
970;8;52;26.367;18.9
971;8;52;24.66;18.11
972;8;53;7.818;22.06
973;8;53;9.407;19.0
974;8;54;15.318;3.65
975;8;55;3.047;0.41
976;8;55;3.245;14.99
977;8;56;11.583;23.71
978;8;56;9.572;8.27
979;8;56;13.399;1.26
980;8;57;53.889;10.95
981;8;58;21.973;3.73
982;8;58;26.913;7.43
983;8;58;16.576;7.98
984;8;59;33.232;4.5
985;9;10;27.607;15.85
986;9;10;24.647;24.52
987;9;10;21.347;15.09
988;9;11;46.477;6.46
989;9;11;40.427;7.37
990;9;12;32.326;15.04
991;9;12;38.659;11.77
992;9;12;29.821;6.46
993;9;13;34.348;18.28
994;9;14;24.083;21.98
995;9;15;32.227;5.19
996;9;15;26.92;10.64
997;9;16;39.399;12.78
998;9;16;30.588;10.54
999;9;16;46.574;5.38
1000;9;17;43.764;24.61
1001;9;17;35.586;14.59
1002;9;18;1.897;7.39
1003;9;19;75.007;1.93
1004;9;19;79.985;14.24
1005;9;20;7.406;3.81
1006;9;20;8.048;15.93
1007;9;20;7.312;0.05
1008;9;21;3.909;4.98
1009;9;21;3.272;24.15
1010;9;22;34.368;0.05
1011;9;23;3.248;5.79
1012;9;23;3.132;7.14
1013;9;24;21.505;19.73
1014;9;24;17.451;2.57
1015;9;25;72.712;16.0
1016;9;25;83.054;18.98
1017;9;25;64.464;7.16
1018;9;26;66.937;21.59
1019;9;27;23.479;9.13
1020;9;27;20.202;7.93
1021;9;27;21.864;2.8
1022;9;28;18.528;14.61
1023;9;29;84.631;4.53
1024;9;29;75.672;2.84
1025;9;29;102.28;6.12
1026;9;30;44.819;11.33
1027;9;31;11.648;14.45
1028;9;31;13.415;17.79
1029;9;32;20.863;13.45
1030;9;32;21.889;14.93
1031;9;33;16.748;0.29
1032;9;33;19.9;8.23
1033;9;33;16.593;21.68
1034;9;34;36.11;15.55
1035;9;35;22.227;22.07
1036;9;35;27.426;17.5
1037;9;36;30.687;21.28
1038;9;36;26.925;20.29
1039;9;37;20.445;17.89
1040;9;37;21.577;24.85
1041;9;37;19.219;8.84
1042;9;38;25.88;2.43
1043;9;38;26.415;2.2
1044;9;38;20.777;5.05
1045;9;39;51.946;20.6
1046;9;39;41.817;1.35
1047;9;39;39.796;15.32
1048;9;40;55.307;20.52
1049;9;40;50.898;10.84
1050;9;41;6.556;7.27
1051;9;41;6.563;20.4
1052;9;42;52.081;24.17
1053;9;42;56.047;8.08
1054;9;42;44.305;9.37
1055;9;43;27.876;24.58
1056;9;44;30.089;4.68
1057;9;44;27.334;13.56
1058;9;44;22.843;4.45
1059;9;45;30.433;23.58
1060;9;45;34.805;12.09
1061;9;45;35.677;17.18
1062;9;46;3.532;17.75
1063;9;47;30.9;14.73
1064;9;47;38.012;19.72
1065;9;48;26.925;23.1
1066;9;49;45.24;8.72
1067;9;49;38.859;20.41
1068;9;50;15.035;20.58
1069;9;50;16.091;24.28
1070;9;51;43.651;4.87
1071;9;51;39.767;11.16
1072;9;52;26.558;0.91
1073;9;53;2.82;18.72
1074;9;53;3.461;16.62
1075;9;54;16.368;20.99
1076;9;54;18.091;17.49
1077;9;55;12.186;12.37
1078;9;56;15.062;3.93
1079;9;56;18.589;2.28
1080;9;57;58.771;12.11
1081;9;57;52.824;23.89
1082;9;58;19.469;22.72
1083;9;59;26.736;7.11
1084;9;59;28.329;19.05
1085;10;11;36.838;8.82
1086;10;11;30.457;4.02
1087;10;11;45.03;14.55
1088;10;12;24.63;24.06
1089;10;12;18.931;6.88
1090;10;12;28.542;18.99
1091;10;13;14.02;20.09
1092;10;14;9.971;10.6
1093;10;15;56.963;11.96
1094;10;15;57.62;6.53
1095;10;16;39.983;23.65
1096;10;16;43.304;10.05
1097;10;17;25.626;10.71
1098;10;18;26.162;6.23
1099;10;18;21.056;11.01
1100;10;19;71.28;14.63
1101;10;19;75.186;2.05
1102;10;19;62.558;1.87
1103;10;20;26.057;18.49
1104;10;20;32.004;8.64
1105;10;21;26.395;5.71
1106;10;21;29.934;15.64
1107;10;22;23.636;9.97
1108;10;22;24.8;17.73
1109;10;22;20.974;15.17
1110;10;23;26.27;11.4
1111;10;23;19.839;1.6
1112;10;23;27.063;22.49
1113;10;24;11.952;16.78
1114;10;24;10.795;4.75
1115;10;24;11.675;21.76
1116;10;25;65.94;2.23
1117;10;26;93.521;0.33
1118;10;27;11.693;5.94
1119;10;28;9.237;22.17
1120;10;28;10.926;13.63
1121;10;29;88.962;11.54
1122;10;29;79.263;21.41
1123;10;30;70.506;4.43
1124;10;30;70.348;14.96
1125;10;31;18.422;16.6
1126;10;31;18.01;3.69
1127;10;32;30.3;18.07
1128;10;33;14.945;24.25
1129;10;33;13.899;18.07
1130;10;34;10.457;12.22
1131;10;34;11.66;21.34
1132;10;35;11.984;20.35
1133;10;35;9.032;0.44
1134;10;36;33.563;12.22
1135;10;37;8.953;17.76
1136;10;38;14.979;6.51
1137;10;39;74.426;1.19
1138;10;40;81.482;0.61
1139;10;40;90.611;6.95
1140;10;41;28.64;14.62
1141;10;42;44.226;7.28
1142;10;43;13.091;13.14
1143;10;43;11.387;3.91
1144;10;43;15.589;20.2
1145;10;44;3.31;12.19
1146;10;44;3.706;14.37
1147;10;44;3.97;11.17
1148;10;45;10.432;7.98
1149;10;45;11.774;18.66
1150;10;45;9.836;11.33
1151;10;46;30.277;15.29
1152;10;46;37.351;21.25
1153;10;47;3.293;10.09
1154;10;47;3.712;12.48
1155;10;48;14.611;24.16
1156;10;49;38.272;13.1
1157;10;50;12.574;13.88
1158;10;51;21.705;14.25
1159;10;51;26.865;19.11
1160;10;51;24.034;24.94
1161;10;52;14.61;20.9
1162;10;53;26.193;1.12
1163;10;53;31.97;23.48
1164;10;54;43.961;8.23
1165;10;54;43.355;5.32
1166;10;55;34.301;1.74
1167;10;56;42.092;19.87
1168;10;57;48.996;9.1
1169;10;58;10.632;18.0
1170;10;58;10.134;8.44
1171;10;59;8.671;17.02
1172;10;59;7.694;1.52
1173;10;59;9.968;21.08
1174;11;12;14.501;20.9
1175;11;12;11.4;7.88
1176;11;12;11.343;8.52
1177;11;13;23.621;9.66
1178;11;13;27.707;18.1
1179;11;14;28.859;20.59
1180;11;14;25.444;6.15
1181;11;15;57.399;4.18
1182;11;15;50.673;24.41
1183;11;15;61.655;21.52
1184;11;16;75.617;24.56
1185;11;16;74.965;9.87
1186;11;17;61.384;16.6
1187;11;18;46.565;13.2
1188;11;19;34.657;21.58
1189;11;19;31.926;3.74
1190;11;20;39.493;10.61
1191;11;20;34.598;15.7
1192;11;21;42.726;0.71
1193;11;21;42.599;17.25
1194;11;21;35.145;21.97
1195;11;22;13.725;18.14
1196;11;23;43.283;17.75
1197;11;23;47.495;2.1
1198;11;24;29.303;13.55
1199;11;24;24.025;13.27
1200;11;24;30.557;0.44
1201;11;25;29.136;8.07
1202;11;25;25.218;14.64
1203;11;25;30.88;6.14
1204;11;26;93.102;16.39
1205;11;26;100.738;4.78
1206;11;27;27.879;16.71
1207;11;28;39.479;14.26
1208;11;28;47.754;1.45
1209;11;29;55.48;8.33
1210;11;29;47.602;6.37
1211;11;30;70.123;4.21
1212;11;31;36.011;24.12
1213;11;32;28.594;24.18
1214;11;32;31.291;5.13
1215;11;32;27.654;16.39
1216;11;33;32.05;7.63
1217;11;33;30.02;18.36
1218;11;33;40.039;24.62
1219;11;34;30.731;8.73
1220;11;34;34.003;12.09
1221;11;34;37.18;1.27
1222;11;35;28.647;4.12
1223;11;36;68.074;3.65
1224;11;36;65.771;2.28
1225;11;37;42.272;3.33
1226;11;37;43.764;20.08
1227;11;38;23.888;14.85
1228;11;38;23.423;24.82
1229;11;38;26.836;10.47
1230;11;39;66.005;2.09
1231;11;40;80.897;16.67
1232;11;41;41.666;17.21
1233;11;42;7.444;7.68
1234;11;43;24.314;19.62
1235;11;43;29.542;3.47
1236;11;44;39.149;2.3
1237;11;45;26.448;19.95
1238;11;45;31.704;16.54
1239;11;45;32.641;10.19
1240;11;46;46.263;0.92
1241;11;46;37.384;4.1
1242;11;47;36.905;22.94
1243;11;47;41.676;13.75
1244;11;47;29.325;23.82
1245;11;48;23.543;15.8
1246;11;48;22.983;11.66
1247;11;48;24.784;12.69
1248;11;49;75.07;16.68
1249;11;49;66.659;4.48
1250;11;50;39.32;7.62
1251;11;51;22.057;13.86
1252;11;51;22.833;13.73
1253;11;52;23.744;13.5
1254;11;52;22.538;9.47
1255;11;52;21.711;13.0
1256;11;53;43.668;2.19
1257;11;53;48.375;14.36
1258;11;54;57.371;12.14
1259;11;55;41.918;24.03
1260;11;55;36.696;11.95
1261;11;56;53.065;12.77
1262;11;57;12.717;9.48
1263;11;57;12.736;19.68
1264;11;57;11.914;19.0
1265;11;58;32.631;23.72
1266;11;58;31.954;21.18
1267;11;59;45.309;19.44
1268;12;13;14.4;7.76
1269;12;13;13.187;2.17
1270;12;14;15.372;20.88
1271;12;14;11.969;2.05
1272;12;15;48.168;24.49
1273;12;15;54.527;20.65
1274;12;16;61.754;2.54
1275;12;16;55.282;12.55
1276;12;17;50.168;20.9
1277;12;18;32.276;17.56
1278;12;18;35.415;22.43
1279;12;19;47.29;13.86
1280;12;19;40.154;6.03
1281;12;20;25.644;9.52
1282;12;21;28.693;23.51
1283;12;22;3.361;4.33
1284;12;22;3.16;20.02
1285;12;23;29.198;22.97
1286;12;24;15.208;19.88
1287;12;25;42.91;12.5
1288;12;26;85.235;17.44
1289;12;26;72.354;6.64
1290;12;26;104.213;16.57
1291;12;27;14.075;19.95
1292;12;27;12.707;8.99
1293;12;27;10.798;10.41
1294;12;28;25.526;2.51
1295;12;29;64.423;21.85
1296;12;29;52.844;19.24
1297;12;29;56.413;11.6
1298;12;30;61.687;6.73
1299;12;30;51.92;19.44
1300;12;31;21.551;8.46
1301;12;31;17.912;10.25
1302;12;31;25.445;22.73
1303;12;32;17.085;4.23
1304;12;33;17.568;19.73
1305;12;33;18.516;17.57
1306;12;33;17.275;14.88
1307;12;34;21.825;1.04
1308;12;35;14.627;9.13
1309;12;35;11.594;2.12
1310;12;35;17.069;14.08
1311;12;36;53.966;14.88
1312;12;36;47.335;9.15
1313;12;37;28.573;16.77
1314;12;38;10.085;2.38
1315;12;39;60.565;22.83
1316;12;39;53.584;17.93
1317;12;39;60.635;1.06
1318;12;40;72.833;20.72
1319;12;41;28.044;6.88
1320;12;41;34.392;7.23
1321;12;42;21.106;15.35
1322;12;42;23.799;2.05
1323;12;42;25.962;20.77
1324;12;43;11.546;8.53
1325;12;43;12.812;8.97
1326;12;44;27.476;17.72
1327;12;45;15.178;13.72
1328;12;46;32.459;1.23
1329;12;47;25.602;20.58
1330;12;48;10.121;4.44
1331;12;48;7.857;23.34
1332;12;49;62.109;21.29
1333;12;49;70.473;3.13
1334;12;50;25.006;8.13
1335;12;51;18.996;1.02
1336;12;51;16.276;7.64
1337;12;52;10.203;4.19
1338;12;52;10.115;15.18
1339;12;53;29.55;2.17
1340;12;53;23.464;17.59
1341;12;53;36.387;24.02
1342;12;54;44.526;19.65
1343;12;54;48.695;17.91
1344;12;54;54.533;15.18
1345;12;55;29.451;20.66
1346;12;56;40.557;19.29
1347;12;57;27.178;6.7
1348;12;57;28.084;17.24
1349;12;58;18.504;9.3
1350;12;59;32.509;10.57
1351;12;59;34.935;1.14
1352;13;14;10.323;14.96
1353;13;15;58.017;23.43
1354;13;15;53.661;5.87
1355;13;15;46.57;16.78
1356;13;16;53.965;24.24
1357;13;16;57.18;24.84
1358;13;17;37.763;23.97
1359;13;18;33.502;16.49
1360;13;18;33.948;11.45
1361;13;18;39.247;9.87
1362;13;19;58.279;22.03
1363;13;19;66.538;11.03
1364;13;20;29.821;18.16
1365;13;20;22.529;13.49
1366;13;20;35.777;19.61
1367;13;21;31.705;11.75
1368;13;22;12.0;24.51
1369;13;22;12.387;0.0
1370;13;23;31.911;1.76
1371;13;23;28.477;15.35
1372;13;23;28.208;15.52
1373;13;24;12.858;16.26
1374;13;25;52.433;7.02
1375;13;26;95.389;3.91
1376;13;27;10.905;13.11
1377;13;27;11.246;21.41
1378;13;28;19.811;9.09
1379;13;28;20.57;12.08
1380;13;29;77.822;24.36
1381;13;30;71.81;4.36
1382;13;30;73.388;15.1
1383;13;31;22.821;0.88
1384;13;31;19.839;9.7
1385;13;31;24.02;21.81
1386;13;32;27.411;17.72
1387;13;32;29.889;2.57
1388;13;32;21.105;14.59
1389;13;33;17.705;24.66
1390;13;34;7.549;23.54
1391;13;34;7.168;4.46
1392;13;34;8.769;4.3
1393;13;35;12.156;24.4
1394;13;35;11.421;24.19
1395;13;36;47.282;24.87
1396;13;36;46.479;0.2
1397;13;37;21.487;17.76
1398;13;37;20.27;13.64
1399;13;38;9.749;20.27
1400;13;39;72.778;4.06
1401;13;39;55.793;7.89
1402;13;40;83.027;10.88
1403;13;41;32.62;21.57
1404;13;42;31.063;20.74
1405;13;42;35.121;10.84
1406;13;42;37.203;21.98
1407;13;43;6.869;21.32
1408;13;43;5.178;18.85
1409;13;43;7.691;14.69
1410;13;44;15.801;1.87
1411;13;44;16.965;22.85
1412;13;45;4.283;16.73
1413;13;46;35.915;16.14
1414;13;46;31.745;14.13
1415;13;47;13.441;4.8
1416;13;47;11.899;1.7
1417;13;47;10.742;1.07
1418;13;48;8.556;2.76
1419;13;48;9.241;17.31
1420;13;49;52.078;14.56
1421;13;49;46.807;0.06
1422;13;50;21.444;24.16
1423;13;50;19.67;13.99
1424;13;51;9.344;14.72
1425;13;51;7.046;17.52
1426;13;51;8.32;24.05
1427;13;52;8.905;6.61
1428;13;52;9.325;11.65
1429;13;53;32.059;12.85
1430;13;53;26.706;4.87
1431;13;54;49.578;14.89
1432;13;54;45.249;5.77
1433;13;55;36.496;9.24
1434;13;55;42.671;15.4
1435;13;56;46.542;13.43
1436;13;56;37.793;13.41
1437;13;56;56.239;12.54
1438;13;57;35.299;14.18
1439;13;58;15.128;8.95
1440;13;58;14.304;13.25
1441;13;58;14.653;21.45
1442;13;59;22.688;3.91
1443;14;15;49.732;9.24
1444;14;16;46.758;1.2
1445;14;16;44.257;10.19
1446;14;16;51.737;6.14
1447;14;17;35.483;8.0
1448;14;18;23.19;18.7
1449;14;18;19.066;9.99
1450;14;18;22.135;2.27
1451;14;19;62.614;13.37
1452;14;19;63.541;23.82
1453;14;20;20.072;18.04
1454;14;20;21.385;16.01
1455;14;20;15.447;9.21
1456;14;21;21.618;15.24
1457;14;22;15.151;9.79
1458;14;22;11.692;15.9
1459;14;23;21.767;11.15
1460;14;23;20.3;12.04
1461;14;24;2.93;16.92
1462;14;25;57.892;8.86
1463;14;25;56.036;18.79
1464;14;25;48.024;21.99
1465;14;26;86.899;22.95
1466;14;26;70.841;18.87
1467;14;27;1.755;14.64
1468;14;28;10.748;5.73
1469;14;28;13.277;7.53
1470;14;29;79.27;19.09
1471;14;29;87.179;17.94
1472;14;30;63.49;10.19
1473;14;30;61.447;0.1
1474;14;31;12.704;14.25
1475;14;31;14.117;2.71
1476;14;31;13.222;6.89
1477;14;32;20.993;13.39
1478;14;32;20.777;9.92
1479;14;32;19.772;19.7
1480;14;33;7.711;12.3
1481;14;34;13.035;24.51
1482;14;34;15.081;13.87
1483;14;34;10.226;3.66
1484;14;35;2.493;10.6
1485;14;35;2.426;9.27
1486;14;36;39.311;17.96
1487;14;36;35.73;7.72
1488;14;37;13.413;13.59
1489;14;37;13.748;8.32
1490;14;38;5.307;16.46
1491;14;38;5.683;2.13
1492;14;38;5.808;19.17
1493;14;39;66.028;4.66
1494;14;40;74.643;13.34
1495;14;40;77.64;23.04
1496;14;40;66.643;24.17
1497;14;41;22.87;12.38
1498;14;41;27.95;0.36
1499;14;42;36.006;23.95
1500;14;42;32.629;15.85
1501;14;43;4.784;4.78
1502;14;44;13.189;11.19
1503;14;44;12.325;4.05
1504;14;44;14.65;13.4
1505;14;45;6.364;1.79
1506;14;45;6.04;10.39
1507;14;46;25.823;6.91
1508;14;46;23.437;21.29
1509;14;47;11.984;22.55
1510;14;47;9.25;20.95
1511;14;48;5.349;15.91
1512;14;48;4.768;6.22
1513;14;49;46.738;24.81
1514;14;50;11.496;1.69
1515;14;50;11.822;22.56
1516;14;51;19.667;21.32
1517;14;51;15.808;14.78
1518;14;51;16.052;22.18
1519;14;52;5.201;11.5
1520;14;52;4.892;2.84
1521;14;53;21.881;9.04
1522;14;53;22.494;2.6
1523;14;53;21.37;17.89
1524;14;54;39.61;18.59
1525;14;54;38.288;8.79
1526;14;54;38.957;1.3
1527;14;55;27.449;8.08
1528;14;55;23.875;15.75
1529;14;56;36.848;7.82
1530;14;56;30.334;13.85
1531;14;57;41.462;0.47
1532;14;58;4.84;14.47
1533;14;58;4.553;21.83
1534;14;59;17.194;19.99
1535;15;16;68.337;4.56
1536;15;17;75.973;1.12
1537;15;17;58.004;15.39
1538;15;17;63.228;16.62
1539;15;18;34.121;9.25
1540;15;18;28.66;8.07
1541;15;19;72.272;21.95
1542;15;19;63.743;10.31
1543;15;19;86.2;1.46
1544;15;20;31.01;9.84
1545;15;20;28.155;1.38
1546;15;20;31.889;3.8
1547;15;21;31.525;1.61
1548;15;22;51.445;11.37
1549;15;23;31.918;8.3
1550;15;23;38.853;7.02
1551;15;24;46.819;12.65
1552;15;24;49.715;23.5
1553;15;25;73.873;6.06
1554;15;25;75.078;8.51
1555;15;25;82.527;17.04
1556;15;26;37.38;19.17
1557;15;26;43.314;12.95
1558;15;27;48.307;17.31
1559;15;27;41.209;0.95
1560;15;28;48.998;6.88
1561;15;29;70.88;17.71
1562;15;29;54.277;17.16
1563;15;30;13.798;20.11
1564;15;30;10.851;9.49
1565;15;31;38.546;14.94
1566;15;32;31.245;19.79
1567;15;32;35.33;17.8
1568;15;33;42.459;4.02
1569;15;33;32.547;1.45
1570;15;33;34.999;9.1
1571;15;34;62.732;0.74
1572;15;34;75.79;21.6
1573;15;35;47.259;20.68
1574;15;35;56.894;15.36
1575;15;35;51.411;0.93
1576;15;36;60.114;9.03
1577;15;37;51.688;12.68
1578;15;37;57.086;23.95
1579;15;38;48.284;13.55
1580;15;38;46.192;0.39
1581;15;39;20.49;12.87
1582;15;40;25.01;4.18
1583;15;40;23.717;4.66
1584;15;41;28.646;23.58
1585;15;41;25.483;14.04
1586;15;41;31.412;20.66
1587;15;42;59.367;0.63
1588;15;43;51.287;1.71
1589;15;43;47.313;18.9
1590;15;44;59.995;20.38
1591;15;44;60.152;7.4
1592;15;44;65.027;20.17
1593;15;45;55.408;23.24
1594;15;46;28.729;6.15
1595;15;46;33.613;5.23
1596;15;47;60.077;24.34
1597;15;48;49.469;12.12
1598;15;48;61.268;16.04
1599;15;48;37.336;19.54
1600;15;49;76.122;20.72
1601;15;50;45.358;23.23
1602;15;50;38.006;20.98
1603;15;50;35.674;20.84
1604;15;51;65.942;13.06
1605;15;51;70.997;21.09
1606;15;51;80.166;11.18
1607;15;52;49.129;8.69
1608;15;53;32.198;17.15
1609;15;54;20.472;5.69
1610;15;55;22.663;6.22
1611;15;55;22.077;9.13
1612;15;55;18.21;14.61
1613;15;56;18.228;23.04
1614;15;57;66.17;24.16
1615;15;57;61.337;7.89
1616;15;58;46.665;22.91
1617;15;58;46.03;14.04
1618;15;58;35.144;7.05
1619;15;59;58.284;24.54
1620;15;59;57.554;9.01
1621;15;59;59.171;5.7
1622;16;17;27.076;12.13
1623;16;17;23.072;20.12
1624;16;18;37.798;22.19
1625;16;18;41.34;11.3
1626;16;18;33.351;2.93
1627;16;19;108.905;19.93
1628;16;20;45.399;17.66
1629;16;21;42.419;11.03
1630;16;21;40.427;2.04
1631;16;21;48.54;3.68
1632;16;22;61.902;14.73
1633;16;22;50.881;2.34
1634;16;22;65.783;3.27
1635;16;23;41.697;5.18
1636;16;23;45.439;16.85
1637;16;24;46.546;11.3
1638;16;25;104.601;24.91
1639;16;25;94.934;6.47
1640;16;25;88.403;5.89
1641;16;26;96.25;10.01
1642;16;27;47.793;19.65
1643;16;27;44.044;21.16
1644;16;28;36.232;0.2
1645;16;28;42.013;2.44
1646;16;29;122.504;14.2
1647;16;30;78.233;19.9
1648;16;31;43.076;16.39
1649;16;31;43.857;8.48
1650;16;31;51.286;6.01
1651;16;32;57.987;8.83
1652;16;32;59.369;4.94
1653;16;32;68.519;20.13
1654;16;33;45.011;8.8
1655;16;34;49.527;9.97
1656;16;34;47.808;12.46
1657;16;35;47.138;20.49
1658;16;36;8.722;22.35
1659;16;36;9.713;23.22
1660;16;36;8.435;7.76
1661;16;37;33.346;20.77
1662;16;37;28.699;15.2
1663;16;38;51.814;2.13
1664;16;38;49.619;6.16
1665;16;38;42.582;3.56
1666;16;39;88.825;0.54
1667;16;39;82.075;14.43
1668;16;40;86.713;2.98
1669;16;41;45.714;23.87
1670;16;41;35.969;2.04
1671;16;42;82.719;23.28
1672;16;42;66.501;10.01
1673;16;43;51.362;19.17
1674;16;43;59.554;17.49
1675;16;44;38.857;5.33
1676;16;45;50.094;13.89
1677;16;45;56.712;1.8
1678;16;46;42.562;9.64
1679;16;46;35.587;14.47
1680;16;46;48.518;11.09
1681;16;47;41.315;18.27
1682;16;47;34.985;13.84
1683;16;48;52.082;3.96
1684;16;49;11.417;10.02
1685;16;49;9.802;23.73
1686;16;50;37.096;23.77
1687;16;50;45.32;0.83
1688;16;51;61.346;10.7
1689;16;51;70.442;21.8
1690;16;51;60.497;24.23
1691;16;52;51.894;15.35
1692;16;52;60.734;17.31
1693;16;52;48.961;4.97
1694;16;53;41.2;5.85
1695;16;53;40.36;12.63
1696;16;54;48.041;22.0
1697;16;54;51.982;12.45
1698;16;55;51.562;2.25
1699;16;56;50.252;22.62
1700;16;56;42.431;4.66
1701;16;57;88.195;6.41
1702;16;57;75.878;7.08
1703;16;57;105.276;9.41
1704;16;58;43.259;21.46
1705;16;58;35.563;0.22
1706;16;59;31.387;20.29
1707;17;18;41.877;15.81
1708;17;18;37.03;6.37
1709;17;19;96.041;11.88
1710;17;20;46.063;9.32
1711;17;20;39.672;12.52
1712;17;20;53.581;4.25
1713;17;21;44.693;14.26
1714;17;21;49.241;14.35
1715;17;21;41.605;24.02
1716;17;22;48.874;22.37
1717;17;22;39.122;16.94
1718;17;23;44.213;20.87
1719;17;23;39.005;13.16
1720;17;23;55.127;5.63
1721;17;24;37.002;7.13
1722;17;25;90.045;5.41
1723;17;25;107.999;18.21
1724;17;25;104.359;17.24
1725;17;26;109.833;14.44
1726;17;27;37.142;22.4
1727;17;27;28.454;1.08
1728;17;27;37.212;18.36
1729;17;28;28.971;8.2
1730;17;28;34.729;13.65
1731;17;28;26.711;10.49
1732;17;29;114.568;11.91
1733;17;29;132.309;8.88
1734;17;30;88.461;24.39
1735;17;30;75.015;11.72
1736;17;30;103.82;6.46
1737;17;31;39.848;0.43
1738;17;31;37.799;4.0
1739;17;31;44.689;4.18
1740;17;32;54.329;16.73
1741;17;32;66.057;4.22
1742;17;32;59.11;2.48
1743;17;33;38.502;10.8
1744;17;33;43.742;22.83
1745;17;33;34.125;9.83
1746;17;34;30.947;8.28
1747;17;34;29.459;4.81
1748;17;34;35.684;3.82
1749;17;35;37.21;11.6
1750;17;36;26.588;6.31
1751;17;37;25.585;13.4
1752;17;38;40.599;16.93
1753;17;38;40.853;3.1
1754;17;38;49.515;24.66
1755;17;39;95.326;5.3
1756;17;40;98.653;18.79
1757;17;40;105.258;11.6
1758;17;41;47.882;23.1
1759;17;42;68.826;24.39
1760;17;42;53.979;3.19
1761;17;42;83.514;5.06
1762;17;43;38.631;14.62
1763;17;43;36.553;22.61
1764;17;43;35.63;10.87
1765;17;44;22.692;24.62
1766;17;45;35.297;23.52
1767;17;45;38.448;22.17
1768;17;45;32.895;23.93
1769;17;46;47.246;20.82
1770;17;46;45.542;21.13
1771;17;46;36.861;18.31
1772;17;47;24.677;2.55
1773;17;48;40.228;4.34
1774;17;48;38.276;8.52
1775;17;49;18.71;16.88
1776;17;49;20.421;20.82
1777;17;49;21.73;15.68
1778;17;50;32.138;0.93
1779;17;50;39.473;3.61
1780;17;50;34.619;2.63
1781;17;51;42.085;8.08
1782;17;52;40.234;3.16
1783;17;53;43.884;17.91
1784;17;54;58.488;24.85
1785;17;55;54.347;0.49
1786;17;55;47.568;13.16
1787;17;55;59.61;16.26
1788;17;56;58.515;3.59
1789;17;57;72.802;1.69
1790;17;57;73.901;0.64
1791;17;58;34.699;17.43
1792;17;58;35.111;3.22
1793;17;58;43.03;0.66
1794;17;59;19.222;18.86
1795;18;19;75.698;15.77
1796;18;20;8.231;17.7
1797;18;20;8.436;2.93
1798;18;20;7.913;0.76
1799;18;21;4.821;17.11
1800;18;21;5.008;21.08
1801;18;22;34.163;4.64
1802;18;22;35.014;3.34
1803;18;22;38.269;6.88
1804;18;23;4.08;20.93
1805;18;23;4.511;13.05
1806;18;24;20.726;22.29
1807;18;25;73.195;9.22
1808;18;25;58.023;23.13
1809;18;26;68.717;13.93
1810;18;26;82.816;2.5
1811;18;26;83.285;11.6
1812;18;27;22.709;7.92
1813;18;27;19.397;24.87
1814;18;27;28.215;19.29
1815;18;28;17.004;8.34
1816;18;29;85.837;9.52
1817;18;29;103.087;10.94
1818;18;29;101.05;8.16
1819;18;30;46.677;0.77
1820;18;31;11.104;17.21
1821;18;31;8.465;17.46
1822;18;32;21.734;19.35
1823;18;33;16.093;20.71
1824;18;34;34.924;9.39
1825;18;34;39.713;17.4
1826;18;35;21.465;7.03
1827;18;35;18.702;16.81
1828;18;36;29.078;21.94
1829;18;37;18.76;15.01
1830;18;38;25.339;21.67
1831;18;38;19.599;3.18
1832;18;38;22.535;8.79
1833;18;39;53.837;1.9
1834;18;40;57.129;3.52
1835;18;40;57.68;2.1
1836;18;41;7.941;1.12
1837;18;41;6.302;10.77
1838;18;41;6.281;3.71
1839;18;42;52.353;23.0
1840;18;42;54.671;22.91
1841;18;42;62.694;6.6
1842;18;43;27.172;23.49
1843;18;43;21.519;17.2
1844;18;44;28.551;5.6
1845;18;45;29.502;16.27
1846;18;45;29.313;10.38
1847;18;45;30.57;3.33
1848;18;46;5.426;22.02
1849;18;46;4.13;22.85
1850;18;47;29.452;11.24
1851;18;47;29.164;16.4
1852;18;47;35.816;7.26
1853;18;48;26.341;13.25
1854;18;49;43.444;11.57
1855;18;50;13.601;2.44
1856;18;51;42.835;12.85
1857;18;51;47.495;1.96
1858;18;52;25.98;6.13
1859;18;52;25.549;5.68
1860;18;52;19.76;16.13
1861;18;53;3.57;17.41
1862;18;53;4.29;20.42
1863;18;54;17.936;7.95
1864;18;55;13.895;0.77
1865;18;56;16.863;21.08
1866;18;57;58.969;12.29
1867;18;57;62.967;13.49
1868;18;58;18.477;5.98
1869;18;59;24.972;6.4
1870;18;59;27.972;6.29
1871;18;59;25.68;8.69
1872;19;20;67.603;6.71
1873;19;21;71.106;10.02
1874;19;21;66.487;21.27
1875;19;22;47.692;2.91
1876;19;23;71.8;8.78
1877;19;23;88.233;6.99
1878;19;24;62.439;0.74
1879;19;24;52.37;5.9
1880;19;24;56.182;13.17
1881;19;25;8.891;13.75
1882;19;25;9.44;18.74
1883;19;25;10.613;19.56
1884;19;26;100.386;23.7
1885;19;27;61.364;23.19
1886;19;27;64.499;6.11
1887;19;27;70.479;8.77
1888;19;28;72.753;13.38
1889;19;28;59.904;3.19
1890;19;28;55.578;6.01
1891;19;29;27.074;23.51
1892;19;30;81.254;9.87
1893;19;30;101.469;5.08
1894;19;31;66.786;17.17
1895;19;31;63.85;17.15
1896;19;31;50.961;14.1
1897;19;32;54.228;14.29
1898;19;32;63.009;16.03
1899;19;32;46.666;3.91
1900;19;33;64.018;17.33
1901;19;34;65.31;21.4
1902;19;35;61.891;9.26
1903;19;35;55.036;21.19
1904;19;36;100.892;1.63
1905;19;36;97.823;14.97
1906;19;36;122.263;16.3
1907;19;37;75.858;1.0
1908;19;38;57.363;9.64
1909;19;38;56.037;21.55
1910;19;39;70.801;12.23
1911;19;39;71.519;8.65
1912;19;40;89.838;2.01
1913;19;41;68.917;16.13
1914;19;41;61.876;23.2
1915;19;41;78.048;21.26
1916;19;42;27.216;7.12
1917;19;42;33.636;7.84
1918;19;43;58.401;19.57
1919;19;44;73.727;16.89
1920;19;44;72.123;10.06
1921;19;45;60.987;19.8
1922;19;45;76.015;1.53
1923;19;45;50.956;13.79
1924;19;46;73.593;15.24
1925;19;46;57.757;21.42
1926;19;46;66.883;25.0
1927;19;47;71.524;1.88
1928;19;47;63.082;8.7
1929;19;47;74.794;5.5
1930;19;48;57.287;14.44
1931;19;48;63.99;24.66
1932;19;48;67.068;23.87
1933;19;49;109.307;15.69
1934;19;49;109.742;18.77
1935;19;49;93.234;20.16
1936;19;50;71.861;3.51
1937;19;51;55.587;4.37
1938;19;51;64.34;7.98
1939;19;52;57.415;8.29
1940;19;52;47.973;15.43
1941;19;53;72.277;18.73
1942;19;54;80.906;12.4
1943;19;54;89.89;15.74
1944;19;54;76.752;3.99
1945;19;55;66.402;24.73
1946;19;55;75.374;8.37
1947;19;55;71.097;17.32
1948;19;56;76.158;13.44
1949;19;56;68.751;12.86
1950;19;57;24.273;23.17
1951;19;58;65.684;21.9
1952;19;58;50.513;19.98
1953;19;58;56.383;4.3
1954;19;59;79.572;9.2
1955;20;21;3.504;9.06
1956;20;22;27.982;6.87
1957;20;22;23.362;19.25
1958;20;22;28.786;16.23
1959;20;23;4.209;21.09
1960;20;23;4.585;2.88
1961;20;24;17.198;8.2
1962;20;25;65.343;22.49
1963;20;25;72.75;10.99
1964;20;26;67.493;20.15
1965;20;26;59.64;15.45
1966;20;27;19.032;5.23
1967;20;28;18.034;11.8
1968;20;28;16.476;23.53
1969;20;28;21.675;18.57
1970;20;29;77.694;11.6
1971;20;29;73.898;17.89
1972;20;29;90.838;19.22
1973;20;30;44.461;13.04
1974;20;30;46.733;13.17
1975;20;30;49.954;20.69
1976;20;31;7.708;9.74
1977;20;31;8.895;16.92
1978;20;32;13.514;6.24
1979;20;32;15.202;9.78
1980;20;32;12.947;9.23
1981;20;33;12.365;7.16
1982;20;33;11.399;14.61
1983;20;33;14.068;10.44
1984;20;34;32.94;24.05
1985;20;34;25.868;12.64
1986;20;34;33.241;6.24
1987;20;35;17.815;23.81
1988;20;35;20.903;12.25
1989;20;35;21.896;9.67
1990;20;36;36.695;2.62
1991;20;36;27.922;3.76
1992;20;37;20.912;16.18
1993;20;38;20.552;3.9
1994;20;39;49.42;13.46
1995;20;39;54.34;7.46
1996;20;39;42.75;3.03
1997;20;40;55.425;3.35
1998;20;40;44.856;7.37
1999;20;41;2.805;24.05
2000;20;42;44.869;17.4
2001;20;42;50.939;20.67
2002;20;42;41.365;15.24
2003;20;43;23.02;4.12
2004;20;44;29.019;10.03
2005;20;45;26.329;18.81
2006;20;45;24.003;6.86
2007;20;45;30.307;9.49
2008;20;46;6.815;3.78
2009;20;46;6.524;18.83
2010;20;47;29.241;15.57
2011;20;47;25.932;4.59
2012;20;47;28.838;5.84
2013;20;48;21.699;1.16
2014;20;48;25.039;17.1
2015;20;48;23.123;6.9
2016;20;49;50.115;11.35
2017;20;49;43.519;24.7
2018;20;50;14.425;2.26
2019;20;51;38.871;21.83
2020;20;51;38.009;10.98
2021;20;52;21.324;18.02
2022;20;53;4.7;24.85
2023;20;53;4.593;13.04
2024;20;53;4.701;12.24
2025;20;54;19.811;24.77
2026;20;55;8.447;7.8
2027;20;55;9.139;5.36
2028;20;56;16.782;7.75
2029;20;56;15.573;7.63
2030;20;56;16.739;4.56
2031;20;57;51.627;15.11
2032;20;57;53.458;23.79
2033;20;57;40.585;8.08
2034;20;58;16.173;22.23
2035;20;59;27.562;4.42
2036;20;59;32.753;1.09
2037;21;22;30.866;11.85
2038;21;23;0.742;6.46
2039;21;23;0.761;16.77
2040;21;23;0.72;2.41
2041;21;24;18.873;8.59
2042;21;24;18.494;9.73
2043;21;25;68.81;17.71
2044;21;26;67.282;24.8
2045;21;26;54.816;1.38
2046;21;27;20.804;19.39
2047;21;27;19.764;18.32
2048;21;28;17.738;4.22
2049;21;28;16.738;8.58
2050;21;29;81.016;23.0
2051;21;29;62.465;19.12
2052;21;29;61.353;13.45
2053;21;30;44.63;0.46
2054;21;30;49.012;24.5
2055;21;31;8.916;8.63
2056;21;32;17.0;3.89
2057;21;32;20.182;0.4
2058;21;32;13.85;2.63
2059;21;33;14.003;9.57
2060;21;33;11.916;2.35
2061;21;34;34.137;20.67
2062;21;34;25.798;11.42
2063;21;35;19.555;9.14
2064;21;35;24.025;23.69
2065;21;35;16.957;6.26
2066;21;36;33.698;11.44
2067;21;37;20.207;22.59
2068;21;37;20.639;10.56
2069;21;38;22.821;22.58
2070;21;38;25.089;24.12
2071;21;39;50.638;8.4
2072;21;39;51.18;12.09
2073;21;39;48.918;1.88
2074;21;40;55.399;21.0
2075;21;40;63.478;9.46
2076;21;40;57.843;14.31
2077;21;41;3.402;23.99
2078;21;41;4.202;23.95
2079;21;41;2.988;15.74
2080;21;42;48.236;24.47
2081;21;43;25.046;12.32
2082;21;44;29.146;9.29
2083;21;44;23.564;17.42
2084;21;44;30.644;1.08
2085;21;45;27.973;10.68
2086;21;45;25.813;8.92
2087;21;45;26.294;18.25
2088;21;46;4.211;12.37
2089;21;46;4.209;22.01
2090;21;46;4.149;4.68
2091;21;47;29.659;11.82
2092;21;48;23.918;11.49
2093;21;49;47.616;21.58
2094;21;49;39.838;15.76
2095;21;50;14.092;17.19
2096;21;50;16.323;21.1
2097;21;50;17.013;1.71
2098;21;51;40.916;18.11
2099;21;51;40.997;5.75
2100;21;51;49.583;3.95
2101;21;52;23.546;18.29
2102;21;52;24.623;2.69
2103;21;52;29.354;8.7
2104;21;53;1.252;20.81
2105;21;53;1.142;22.73
2106;21;54;18.021;12.4
2107;21;55;9.834;17.32
2108;21;55;11.084;9.39
2109;21;56;15.707;3.24
2110;21;57;54.955;21.27
2111;21;57;60.608;8.75
2112;21;58;17.282;9.12
2113;21;58;18.818;13.3
2114;21;58;20.067;6.95
2115;21;59;26.77;5.57
2116;21;59;21.452;7.4
2117;21;59;31.544;10.69
2118;22;23;31.323;1.26
2119;22;24;15.628;23.8
2120;22;24;16.504;22.1
2121;22;24;19.398;5.36
2122;22;25;42.748;14.78
2123;22;25;42.765;4.07
2124;22;26;88.556;10.63
2125;22;26;103.078;2.98
2126;22;26;74.281;12.99
2127;22;27;14.157;17.21
2128;22;28;25.756;8.79
2129;22;28;26.821;6.97
2130;22;29;66.004;17.24
2131;22;30;64.996;6.42
2132;22;30;49.948;21.87
2133;22;31;23.195;2.4
2134;22;31;20.877;18.91
2135;22;31;25.026;12.56
2136;22;32;20.283;22.71
2137;22;33;18.772;14.14
2138;22;33;20.972;22.34
2139;22;33;17.443;16.23
2140;22;34;19.544;9.27
2141;22;35;14.954;6.47
2142;22;35;12.604;19.92
2143;22;36;54.354;0.77
2144;22;37;28.563;16.2
2145;22;38;10.181;10.99
2146;22;39;63.918;3.64
2147;22;39;60.13;18.48
2148;22;40;76.152;1.14
2149;22;41;30.495;7.98
2150;22;42;20.867;13.79
2151;22;43;10.724;12.32
2152;22;44;26.25;14.88
2153;22;44;23.677;2.71
2154;22;44;28.776;21.66
2155;22;45;13.583;14.36
2156;22;46;34.77;15.48
2157;22;46;31.805;18.62
2158;22;46;42.048;10.28
2159;22;47;24.198;6.2
2160;22;47;28.289;15.27
2161;22;47;19.046;5.74
2162;22;48;9.821;7.77
2163;22;49;61.638;10.9
2164;22;49;54.008;7.43
2165;22;49;73.948;23.4
2166;22;50;25.71;17.41
2167;22;51;15.711;3.59
2168;22;51;16.318;8.64
2169;22;52;10.018;12.34
2170;22;52;7.939;5.45
2171;22;52;12.165;14.6
2172;22;53;31.642;3.67
2173;22;54;47.207;18.16
2174;22;54;56.88;16.39
2175;22;55;32.328;8.91
2176;22;56;43.358;24.45
2177;22;56;53.877;21.96
2178;22;56;32.582;1.5
2179;22;57;26.392;1.52
2180;22;57;22.204;23.9
2181;22;58;18.951;0.19
2182;22;58;14.457;15.95
2183;22;58;19.508;14.55
2184;22;59;31.884;4.37
2185;22;59;30.593;7.13
2186;23;24;19.06;8.5
2187;23;24;22.339;5.37
2188;23;24;17.564;7.42
2189;23;25;69.467;16.22
2190;23;25;56.272;13.16
2191;23;25;75.518;10.82
2192;23;26;67.512;2.51
2193;23;27;21.006;12.97
2194;23;27;18.027;22.66
2195;23;27;18.654;21.14
2196;23;28;17.511;8.27
2197;23;28;16.139;17.09
2198;23;29;81.758;10.26
2199;23;30;44.946;22.8
2200;23;30;53.113;9.38
2201;23;30;50.547;6.63
2202;23;31;9.092;13.34
2203;23;31;8.541;9.61
2204;23;31;8.041;6.32
2205;23;32;17.719;24.22
2206;23;33;14.209;13.22
2207;23;33;13.363;1.43
2208;23;34;34.184;0.16
2209;23;34;42.604;3.52
2210;23;34;27.374;17.82
2211;23;35;19.755;3.7
2212;23;36;32.976;19.11
2213;23;37;19.886;12.67
2214;23;37;24.446;12.57
2215;23;37;20.307;4.22
2216;23;38;23.133;13.1
2217;23;38;19.822;14.28
2218;23;38;20.71;19.35
2219;23;39;51.138;24.42
2220;23;39;61.182;12.1
2221;23;39;60.413;4.54
2222;23;40;55.671;13.4
2223;23;40;65.487;11.49
2224;23;41;4.071;11.19
2225;23;41;4.146;13.35
2226;23;42;48.843;11.94
2227;23;42;57.206;19.86
2228;23;42;47.784;15.8
2229;23;43;25.295;9.82
2230;23;43;28.191;16.73
2231;23;43;30.421;11.36
2232;23;44;28.972;20.77
2233;23;45;28.129;14.68
2234;23;45;26.968;21.44
2235;23;45;26.729;22.21
2236;23;46;4.095;12.19
2237;23;47;29.545;3.06
2238;23;47;32.689;16.14
2239;23;48;24.216;6.92
2240;23;48;24.546;24.26
2241;23;49;46.951;5.61
2242;23;50;13.879;1.04
2243;23;50;15.7;7.38
2244;23;50;10.784;21.17
2245;23;51;41.151;1.44
2246;23;51;50.348;3.44
2247;23;51;43.174;8.75
2248;23;52;23.844;22.57
2249;23;52;19.92;23.96
2250;23;52;27.928;5.22
2251;23;53;0.51;1.79
2252;23;54;17.955;9.78
2253;23;54;19.34;7.9
2254;23;54;19.043;8.36
2255;23;55;10.435;5.52
2256;23;55;8.04;11.41
2257;23;55;8.585;15.63
2258;23;56;15.826;5.64
2259;23;56;13.286;21.58
2260;23;56;17.062;13.34
2261;23;57;55.546;4.94
2262;23;57;58.078;20.59
2263;23;57;60.782;6.01
2264;23;58;17.353;7.31
2265;23;58;20.276;13.97
2266;23;58;17.763;0.04
2267;23;59;26.416;13.58
2268;23;59;21.005;8.61
2269;24;25;58.09;15.72
2270;24;26;83.972;2.07
2271;24;26;74.238;0.66
2272;24;26;88.677;2.72
2273;24;27;1.983;9.15
2274;24;27;1.942;10.3
2275;24;27;1.58;20.99
2276;24;28;10.322;18.08
2277;24;29;78.211;11.16
2278;24;30;60.572;15.3
2279;24;30;49.599;14.41
2280;24;31;9.969;3.02
2281;24;31;11.187;8.59
2282;24;31;8.62;1.11
2283;24;32;18.455;8.4
2284;24;32;19.568;20.7
2285;24;33;4.879;23.56
2286;24;33;5.01;0.14
2287;24;34;15.964;10.67
2288;24;35;0.76;22.55
2289;24;35;0.686;7.07
2290;24;36;38.807;3.56
2291;24;36;42.11;4.84
2292;24;36;36.768;5.9
2293;24;37;13.464;21.55
2294;24;37;10.966;18.91
2295;24;38;5.468;14.97
2296;24;38;4.844;0.05
2297;24;39;63.257;0.46
2298;24;39;69.319;8.5
2299;24;39;60.937;23.51
2300;24;40;71.72;15.53
2301;24;40;65.042;19.14
2302;24;41;20.0;10.37
2303;24;41;15.401;18.81
2304;24;41;22.465;19.66
2305;24;42;36.234;1.35
2306;24;42;37.297;13.39
2307;24;43;6.494;3.15
2308;24;43;7.616;12.75
2309;24;44;15.254;19.64
2310;24;44;15.439;2.76
2311;24;45;9.141;7.53
2312;24;46;23.084;23.44
2313;24;46;24.084;10.72
2314;24;47;14.361;23.32
2315;24;48;6.106;14.21
2316;24;48;4.814;23.83
2317;24;48;6.138;22.88
2318;24;49;47.239;20.71
2319;24;49;57.134;2.23
2320;24;50;10.118;0.2
2321;24;50;12.586;8.66
2322;24;50;9.284;9.84
2323;24;51;22.147;12.31
2324;24;52;5.808;18.57
2325;24;52;5.435;13.46
2326;24;52;4.535;24.96
2327;24;53;19.202;13.85
2328;24;54;36.819;17.75
2329;24;54;39.524;9.0
2330;24;54;32.101;5.17
2331;24;55;24.519;7.73
2332;24;55;29.93;24.16
2333;24;56;33.979;9.17
2334;24;56;36.021;3.69
2335;24;57;42.003;8.38
2336;24;57;32.043;4.78
2337;24;58;3.328;0.47
2338;24;58;3.034;11.8
2339;24;58;4.065;9.16
2340;24;59;18.196;15.6
2341;25;26;104.258;12.92
2342;25;26;80.072;13.52
2343;25;27;56.809;23.16
2344;25;27;51.094;12.1
2345;25;28;68.379;23.84
2346;25;29;35.917;11.54
2347;25;29;41.276;16.96
2348;25;29;32.943;11.42
2349;25;30;83.961;11.31
2350;25;30;82.849;11.94
2351;25;31;63.55;13.86
2352;25;31;70.68;19.36
2353;25;32;52.388;18.38
2354;25;32;47.094;7.35
2355;25;33;60.251;7.75
2356;25;33;55.0;3.42
2357;25;34;59.115;7.14
2358;25;35;57.478;1.13
2359;25;35;56.799;3.17
2360;25;36;96.875;24.79
2361;25;36;99.082;10.62
2362;25;37;71.292;20.37
2363;25;37;85.236;22.07
2364;25;37;88.27;18.32
2365;25;38;52.787;19.9
2366;25;38;47.024;2.19
2367;25;38;52.35;0.46
2368;25;39;74.772;22.98
2369;25;39;62.805;7.13
2370;25;39;82.261;22.74
2371;25;40;93.199;16.92
2372;25;41;66.963;20.78
2373;25;41;61.655;20.8
2374;25;41;65.438;12.2
2375;25;42;21.887;11.58
2376;25;42;20.081;11.97
2377;25;42;20.858;9.27
2378;25;43;53.424;5.39
2379;25;44;68.151;21.65
2380;25;44;76.789;8.26
2381;25;44;70.043;3.83
2382;25;45;55.522;1.98
2383;25;45;60.451;9.12
2384;25;45;42.846;17.05
2385;25;46;71.69;21.03
2386;25;46;87.781;3.64
2387;25;47;65.849;9.11
2388;25;47;75.595;21.22
2389;25;48;52.548;11.75
2390;25;48;65.57;14.09
2391;25;49;104.196;21.28
2392;25;50;67.888;19.84
2393;25;50;80.225;4.68
2394;25;50;70.305;23.62
2395;25;51;48.727;11.23
2396;25;51;56.609;11.39
2397;25;51;39.554;9.83
2398;25;52;52.723;10.52
2399;25;53;69.918;9.22
2400;25;53;73.592;17.56
2401;25;54;80.306;10.71
2402;25;54;92.691;15.07
2403;25;54;80.765;22.48
2404;25;55;65.252;2.61
2405;25;55;54.486;13.42
2406;25;55;56.753;11.64
2407;25;56;75.613;21.16
2408;25;56;76.352;21.81
2409;25;57;17.276;0.28
2410;25;58;61.402;17.32
2411;25;58;74.379;0.66
2412;25;58;57.036;11.94
2413;25;59;74.442;19.06
2414;25;59;81.153;12.52
2415;26;27;85.535;18.79
2416;26;28;85.017;8.14
2417;26;28;95.791;7.04
2418;26;28;84.489;17.1
2419;26;29;89.77;10.4
2420;26;30;23.616;24.62
2421;26;30;18.161;14.23
2422;26;31;75.189;8.72
2423;26;31;82.37;2.23
2424;26;32;68.519;24.48
2425;26;32;80.436;20.46
2426;26;33;79.454;16.9
2427;26;33;96.457;13.93
2428;26;34;99.932;6.76
2429;26;35;84.45;15.68
2430;26;36;89.327;10.95
2431;26;36;92.678;24.86
2432;26;36;100.523;20.2
2433;26;37;87.307;2.12
2434;26;38;85.65;12.35
2435;26;39;29.586;18.34
2436;26;39;24.344;8.11
2437;26;40;12.409;4.4
2438;26;40;13.64;1.99
2439;26;41;64.881;9.4
2440;26;41;69.107;16.59
2441;26;41;51.486;24.31
2442;26;42;93.798;3.32
2443;26;42;116.816;0.88
2444;26;43;88.638;23.33
2445;26;44;96.388;20.18
2446;26;44;104.185;5.93
2447;26;44;84.627;24.26
2448;26;45;92.705;3.05
2449;26;46;63.744;12.62
2450;26;46;58.751;6.29
2451;26;47;96.727;10.59
2452;26;47;116.541;19.69
2453;26;47;79.981;9.85
2454;26;48;86.837;16.25
2455;26;48;68.357;15.61
2456;26;48;96.922;9.45
2457;26;49;106.029;14.1
2458;26;49;85.446;19.75
2459;26;49;99.613;1.96
2460;26;50;81.373;24.2
2461;26;50;82.886;23.49
2462;26;50;95.385;0.9
2463;26;51;103.288;23.55
2464;26;52;86.494;12.22
2465;26;53;67.678;16.97
2466;26;53;83.848;17.57
2467;26;54;51.357;7.7
2468;26;55;59.503;20.41
2469;26;55;44.786;13.24
2470;26;56;51.879;1.46
2471;26;56;47.89;23.6
2472;26;57;100.154;9.12
2473;26;57;86.736;8.51
2474;26;58;83.549;13.99
2475;26;58;96.942;3.4
2476;26;58;72.285;11.99
2477;26;59;93.673;15.91
2478;26;59;88.774;15.75
2479;27;28;11.6;0.41
2480;27;28;11.184;7.05
2481;27;28;13.946;10.11
2482;27;29;77.704;15.04
2483;27;29;90.101;14.2
2484;27;30;62.083;16.2
2485;27;30;57.886;2.27
2486;27;31;11.916;5.43
2487;27;31;11.504;14.89
2488;27;32;19.289;11.89
2489;27;32;14.672;21.11
2490;27;32;16.115;16.85
2491;27;33;6.801;16.37
2492;27;33;5.847;10.11
2493;27;33;6.091;17.21
2494;27;34;14.427;3.91
2495;27;34;16.926;13.52
2496;27;35;1.253;8.17
2497;27;36;40.197;5.97
2498;27;36;42.903;8.58
2499;27;36;46.73;18.83
2500;27;37;14.514;19.9
2501;27;38;4.023;6.81
2502;27;39;64.413;14.42
2503;27;39;70.529;23.13
2504;27;40;73.254;3.9
2505;27;40;84.642;2.24
2506;27;41;21.837;5.62
2507;27;42;34.926;12.28
2508;27;42;32.014;2.56
2509;27;42;43.047;10.89
2510;27;43;4.534;15.76
2511;27;43;3.413;9.45
2512;27;44;14.928;23.69
2513;27;44;13.322;7.99
2514;27;44;11.864;16.61
2515;27;45;7.314;2.46
2516;27;46;25.015;5.37
2517;27;46;23.477;8.91
2518;27;46;22.497;3.65
2519;27;47;13.739;5.21
2520;27;47;13.985;18.1
2521;27;48;4.399;0.52
2522;27;48;4.959;7.41
2523;27;49;48.082;21.23
2524;27;49;45.371;5.74
2525;27;50;11.825;10.1
2526;27;51;20.174;12.2
2527;27;52;4.155;2.76
2528;27;52;4.745;5.93
2529;27;53;21.157;10.34
2530;27;53;24.509;8.51
2531;27;53;21.727;20.09
2532;27;54;38.716;23.78
2533;27;54;30.39;11.15
2534;27;55;26.162;4.95
2535;27;55;29.988;2.48
2536;27;55;22.906;12.28
2537;27;56;35.807;21.56
2538;27;56;38.756;20.61
2539;27;56;38.785;8.03
2540;27;57;40.544;22.78
2541;27;57;47.494;11.91
2542;27;58;4.963;11.31
2543;27;58;3.838;1.47
2544;27;58;6.198;19.06
2545;27;59;18.686;5.38
2546;28;29;87.948;23.53
2547;28;30;62.303;19.2
2548;28;30;71.435;4.38
2549;28;30;67.626;6.69
2550;28;31;11.015;7.66
2551;28;31;9.018;0.54
2552;28;31;13.111;13.32
2553;28;32;25.458;0.83
2554;28;32;19.964;11.48
2555;28;33;9.857;20.51
2556;28;33;10.047;7.24
2557;28;33;9.932;20.68
2558;28;34;18.896;6.08
2559;28;35;10.906;9.28
2560;28;35;8.99;22.55
2561;28;35;11.072;15.04
2562;28;36;28.603;9.01
2563;28;37;3.511;9.31
2564;28;38;15.606;3.83
2565;28;38;18.042;14.35
2566;28;39;67.324;24.36
2567;28;39;73.924;2.28
2568;28;39;62.201;12.12
2569;28;40;73.127;19.69
2570;28;40;70.636;16.61
2571;28;40;68.73;2.26
2572;28;41;20.363;0.53
2573;28;41;19.606;3.27
2574;28;41;17.841;4.17
2575;28;42;46.506;19.45
2576;28;42;51.913;16.69
2577;28;43;15.512;4.28
2578;28;43;14.672;16.99
2579;28;44;11.562;17.83
2580;28;45;15.536;2.53
2581;28;45;14.967;6.28
2582;28;46;21.391;3.68
2583;28;47;12.504;14.75
2584;28;47;10.789;20.94
2585;28;48;15.957;16.74
2586;28;48;14.564;8.23
2587;28;48;15.921;14.28
2588;28;49;37.204;10.09
2589;28;49;29.336;19.22
2590;28;50;3.653;10.85
2591;28;50;4.285;2.89
2592;28;51;28.791;10.59
2593;28;51;34.582;2.66
2594;28;51;30.212;8.63
2595;28;52;15.741;12.61
2596;28;53;17.368;20.3
2597;28;53;20.962;14.08
2598;28;53;19.293;9.18
2599;28;54;34.894;13.17
2600;28;54;26.782;14.05
2601;28;55;26.476;21.95
2602;28;55;23.369;4.8
2603;28;55;27.824;6.06
2604;28;56;33.289;18.86
2605;28;57;52.136;16.18
2606;28;57;60.686;21.12
2607;28;57;52.765;19.22
2608;28;58;7.079;13.24
2609;28;59;9.829;14.2
2610;28;59;8.409;1.58
2611;29;30;75.592;16.69
2612;29;30;65.721;4.36
2613;29;30;65.29;4.58
2614;29;31;79.476;6.58
2615;29;32;64.575;2.3
2616;29;32;48.776;6.1
2617;29;32;54.306;7.55
2618;29;33;78.248;14.75
2619;29;34;85.325;10.35
2620;29;34;97.347;1.9
2621;29;35;77.853;14.58
2622;29;36;113.946;13.37
2623;29;37;91.381;20.1
2624;29;37;97.481;0.59
2625;29;38;74.04;10.6
2626;29;39;61.781;9.53
2627;29;40;81.461;4.44
2628;29;41;78.082;15.3
2629;29;41;67.555;9.17
2630;29;42;48.774;10.54
2631;29;42;56.141;19.92
2632;29;42;57.44;4.49
2633;29;43;75.941;3.4
2634;29;43;75.267;18.25
2635;29;44;91.887;14.87
2636;29;44;107.806;11.0
2637;29;45;79.5;23.16
2638;29;46;82.258;21.48
2639;29;46;77.657;8.63
2640;29;47;90.019;9.39
2641;29;48;74.351;14.07
2642;29;48;71.707;6.99
2643;29;48;80.812;11.58
2644;29;49;125.118;11.04
2645;29;49;137.431;14.14
2646;29;49;155.358;2.66
2647;29;50;86.088;12.19
2648;29;51;77.535;23.13
2649;29;51;68.262;0.03
2650;29;52;74.36;2.49
2651;29;52;83.626;17.64
2652;29;52;92.133;13.62
2653;29;53;82.268;4.16
2654;29;54;85.388;5.69
2655;29;54;78.854;15.73
2656;29;55;73.607;3.66
2657;29;56;80.83;22.44
2658;29;56;79.108;7.95
2659;29;56;67.808;5.29
2660;29;57;48.572;4.18
2661;29;57;49.43;15.36
2662;29;57;39.588;17.38
2663;29;58;81.072;18.17
2664;29;58;65.504;20.27
2665;29;58;84.645;22.69
2666;29;59;96.367;23.79
2667;29;59;117.054;12.89
2668;30;31;52.091;1.37
2669;30;32;44.909;19.81
2670;30;32;48.613;2.29
2671;30;32;48.804;24.93
2672;30;33;56.153;6.68
2673;30;33;67.152;13.45
2674;30;33;43.926;24.87
2675;30;34;76.504;17.14
2676;30;35;61.024;13.36
2677;30;36;70.48;5.75
2678;30;36;85.307;20.88
2679;30;36;79.199;7.47
2680;30;37;64.83;9.83
2681;30;37;66.925;7.84
2682;30;38;62.08;24.07
2683;30;39;15.436;16.22
2684;30;39;14.936;7.61
2685;30;40;11.221;20.79
2686;30;40;10.659;15.83
2687;30;41;41.967;23.19
2688;30;41;36.934;7.19
2689;30;41;45.266;16.63
2690;30;42;71.407;1.41
2691;30;43;65.084;2.11
2692;30;43;66.909;4.4
2693;30;43;81.135;23.72
2694;30;44;73.478;3.95
2695;30;44;82.235;10.48
2696;30;45;69.201;6.61
2697;30;46;41.435;2.22
2698;30;46;39.904;12.03
2699;30;47;73.659;0.34
2700;30;47;84.855;13.53
2701;30;47;60.736;24.98
2702;30;48;63.264;15.5
2703;30;49;86.948;19.03
2704;30;49;74.851;18.94
2705;30;50;58.65;4.35
2706;30;51;79.672;5.75
2707;30;51;79.076;12.18
2708;30;51;81.538;7.84
2709;30;52;62.925;19.56
2710;30;53;45.172;8.51
2711;30;53;47.239;21.07
2712;30;54;30.638;0.78
2713;30;54;24.372;13.92
2714;30;55;36.251;17.3
2715;30;55;41.094;23.46
2716;30;55;28.832;22.17
2717;30;56;29.95;13.8
2718;30;56;34.249;22.14
2719;30;57;78.008;23.28
2720;30;57;88.667;4.64
2721;30;58;60.322;19.15
2722;30;58;60.757;3.23
2723;30;58;63.463;24.11
2724;30;59;71.35;11.03
2725;30;59;79.729;1.26
2726;30;59;84.385;2.14
2727;31;32;15.322;12.55
2728;31;33;5.126;12.99
2729;31;33;5.287;17.04
2730;31;34;25.351;12.52
2731;31;34;24.831;9.11
2732;31;34;22.722;1.78
2733;31;35;10.664;18.41
2734;31;36;34.629;4.75
2735;31;36;35.055;8.15
2736;31;36;29.832;20.32
2737;31;37;14.274;11.59
2738;31;37;12.998;8.91
2739;31;38;14.254;3.62
2740;31;39;56.41;15.94
2741;31;39;63.296;11.81
2742;31;40;63.095;10.13
2743;31;40;58.902;21.69
2744;31;41;10.416;13.24
2745;31;42;42.199;5.63
2746;31;43;16.247;22.8
2747;31;44;21.46;11.07
2748;31;44;25.472;19.12
2749;31;44;25.206;24.98
2750;31;45;19.057;10.1
2751;31;45;21.18;24.35
2752;31;45;21.946;1.59
2753;31;46;13.124;12.76
2754;31;46;16.087;21.18
2755;31;47;21.57;21.24
2756;31;47;25.801;10.26
2757;31;48;15.282;19.96
2758;31;48;14.606;12.32
2759;31;48;14.33;5.12
2760;31;49;46.158;7.73
2761;31;49;43.717;3.96
2762;31;50;7.716;14.96
2763;31;51;32.075;14.75
2764;31;51;27.531;8.67
2765;31;51;29.308;14.42
2766;31;52;14.917;15.06
2767;31;52;11.49;10.46
2768;31;53;9.242;21.89
2769;31;54;26.913;22.88
2770;31;54;29.196;9.96
2771;31;54;30.646;16.2
2772;31;55;15.883;19.84
2773;31;55;12.073;21.31
2774;31;56;24.3;5.85
2775;31;57;48.598;19.16
2776;31;57;58.559;21.94
2777;31;57;39.982;16.57
2778;31;58;8.507;6.44
2779;31;59;20.827;0.59
2780;31;59;17.535;18.8
2781;32;33;15.85;12.78
2782;32;33;16.151;12.07
2783;32;33;15.357;3.64
2784;32;34;33.169;0.51
2785;32;34;37.638;15.73
2786;32;35;18.593;23.06
2787;32;36;49.387;2.37
2788;32;36;53.988;21.54
2789;32;37;28.942;1.24
2790;32;37;21.781;9.1
2791;32;38;17.99;0.62
2792;32;38;18.825;20.19
2793;32;39;45.45;22.9
2794;32;39;38.218;5.2
2795;32;40;56.111;18.53
2796;32;40;68.951;13.66
2797;32;40;68.573;5.68
2798;32;41;14.692;16.12
2799;32;41;14.585;3.16
2800;32;41;17.436;5.43
2801;32;42;32.85;13.92
2802;32;42;31.847;23.68
2803;32;43;21.079;8.03
2804;32;43;26.185;16.29
2805;32;44;33.609;14.48
2806;32;44;30.451;13.92
2807;32;44;40.822;17.47
2808;32;45;25.527;18.38
2809;32;45;25.826;16.25
2810;32;46;19.386;1.15
2811;32;46;18.782;21.07
2812;32;46;14.846;14.49
2813;32;47;32.816;17.03
2814;32;47;31.227;11.75
2815;32;47;34.58;20.24
2816;32;48;19.096;6.07
2817;32;48;18.296;4.35
2818;32;49;61.476;16.59
2819;32;49;68.225;20.86
2820;32;50;22.715;8.57
2821;32;51;34.798;23.19
2822;32;51;42.304;11.8
2823;32;51;28.423;10.22
2824;32;52;18.804;8.39
2825;32;53;18.213;18.07
2826;32;54;28.875;10.81
2827;32;55;13.392;0.95
2828;32;55;14.577;1.63
2829;32;56;24.486;22.53
2830;32;56;27.209;11.78
2831;32;56;29.612;12.14
2832;32;57;39.809;6.72
2833;32;58;19.896;20.43
2834;32;59;35.108;14.82
2835;33;34;20.617;22.76
2836;33;34;22.751;19.97
2837;33;34;15.686;22.86
2838;33;35;5.552;21.54
2839;33;35;4.481;24.02
2840;33;36;36.879;8.15
2841;33;37;13.365;6.65
2842;33;37;14.378;10.19
2843;33;37;12.367;20.24
2844;33;38;9.29;24.39
2845;33;39;59.499;9.21
2846;33;40;67.256;9.69
2847;33;40;73.336;9.38
2848;33;41;15.161;17.93
2849;33;41;11.433;20.67
2850;33;41;17.106;18.15
2851;33;42;38.597;15.39
2852;33;43;11.129;13.81
2853;33;44;18.193;12.17
2854;33;44;22.501;6.96
2855;33;45;14.015;15.1
2856;33;45;13.718;3.85
2857;33;46;18.214;21.61
2858;33;46;17.66;4.54
2859;33;46;16.524;13.04
2860;33;47;17.835;5.86
2861;33;47;19.326;0.02
2862;33;47;20.055;3.55
2863;33;48;10.255;3.48
2864;33;48;11.874;14.28
2865;33;48;8.734;10.36
2866;33;49;46.874;14.94
2867;33;49;53.456;18.38
2868;33;49;56.136;11.44
2869;33;50;7.937;23.35
2870;33;50;9.909;16.81
2871;33;51;26.949;9.01
2872;33;51;26.477;9.36
2873;33;52;9.898;18.27
2874;33;52;10.629;13.45
2875;33;53;14.368;0.13
2876;33;53;11.837;24.86
2877;33;53;14.856;15.86
2878;33;54;31.94;6.19
2879;33;55;19.951;19.26
2880;33;56;29.138;9.28
2881;33;56;34.111;16.69
2882;33;56;31.411;3.11
2883;33;57;44.744;20.5
2884;33;57;48.708;13.03
2885;33;57;51.306;2.66
2886;33;58;4.319;20.62
2887;33;59;19.29;7.13
2888;34;35;15.483;20.51
2889;34;36;43.638;10.45
2890;34;36;44.967;18.92
2891;34;37;19.327;14.62
2892;34;38;15.226;9.71
2893;34;39;78.579;21.6
2894;34;39;62.063;1.2
2895;34;40;87.667;19.49
2896;34;40;95.258;2.73
2897;34;40;95.78;20.23
2898;34;41;35.714;20.09
2899;34;41;31.392;23.4
2900;34;42;38.132;2.87
2901;34;42;34.478;23.69
2902;34;42;32.33;0.79
2903;34;43;12.165;20.09
2904;34;44;10.697;0.16
2905;34;44;9.211;2.75
2906;34;45;7.656;4.29
2907;34;46;38.278;2.2
2908;34;47;8.272;15.45
2909;34;47;9.863;9.55
2910;34;47;8.783;10.79
2911;34;48;14.195;22.96
2912;34;49;46.408;15.82
2913;34;49;53.451;0.47
2914;34;49;57.398;3.41
2915;34;50;21.603;4.08
2916;34;51;11.863;11.75
2917;34;51;10.156;4.36
2918;34;52;14.446;11.6
2919;34;53;34.222;17.39
2920;34;53;27.12;18.76
2921;34;54;52.139;7.61
2922;34;54;64.134;10.1
2923;34;54;47.634;20.22
2924;34;55;40.48;1.75
2925;34;55;50.372;14.5
2926;34;56;49.649;0.25
2927;34;57;41.861;19.97
2928;34;57;39.709;1.54
2929;34;57;31.452;18.9
2930;34;58;16.864;3.47
2931;34;58;14.815;16.3
2932;34;59;18.315;18.35
2933;34;59;19.551;24.36
2934;35;36;39.442;7.7
2935;35;36;36.137;20.73
2936;35;36;47.203;24.8
2937;35;37;13.977;10.18
2938;35;37;16.049;18.17
2939;35;37;13.702;0.39
2940;35;38;4.777;1.18
2941;35;39;63.546;19.64
2942;35;39;58.252;5.01
2943;35;40;72.184;15.95
2944;35;40;75.03;2.94
2945;35;41;20.62;7.38
2946;35;42;35.612;14.79
2947;35;42;31.938;24.99
2948;35;42;33.49;11.19
2949;35;43;5.739;23.92
2950;35;43;6.895;2.15
2951;35;44;15.269;15.97
2952;35;44;18.702;8.76
2953;35;44;15.742;23.01
2954;35;45;8.515;6.17
2955;35;45;10.523;14.86
2956;35;45;8.747;1.29
2957;35;46;23.766;11.36
2958;35;47;14.258;7.88
2959;35;47;13.056;1.27
2960;35;48;5.368;12.32
2961;35;49;47.699;21.88
2962;35;49;46.93;18.92
2963;35;50;10.833;19.85
2964;35;50;11.724;12.54
2965;35;50;11.062;10.91
2966;35;51;21.427;4.87
2967;35;51;18.937;4.55
2968;35;52;5.077;12.87
2969;35;52;6.087;24.33
2970;35;52;4.149;0.47
2971;35;53;19.904;18.66
2972;35;54;37.478;14.58
2973;35;54;31.129;23.34
2974;35;55;25.033;19.69
2975;35;55;27.722;1.13
2976;35;56;34.595;22.31
2977;35;57;41.339;9.01
2978;35;57;35.543;11.54
2979;35;57;33.352;14.49
2980;35;58;4.002;13.5
2981;35;58;4.919;22.18
2982;35;59;18.52;7.31
2983;36;37;26.038;20.41
2984;36;38;44.188;21.35
2985;36;38;41.661;1.54
2986;36;39;80.577;9.64
2987;36;40;79.353;3.32
2988;36;40;79.783;0.95
2989;36;41;36.992;5.4
2990;36;42;75.039;9.9
2991;36;42;59.739;10.3
2992;36;43;44.025;6.5
2993;36;44;32.982;3.61
2994;36;45;43.229;19.27
2995;36;45;41.999;17.44
2996;36;46;33.876;22.68
2997;36;46;34.434;22.39
2998;36;46;28.631;11.78
2999;36;47;35.37;7.7
3000;36;47;30.997;19.95
3001;36;48;44.56;8.71
3002;36;48;41.376;10.19
3003;36;49;16.702;14.36
3004;36;49;15.075;23.13
3005;36;49;18.869;24.5
3006;36;50;29.046;23.54
3007;36;50;22.558;11.46
3008;36;51;55.244;15.23
3009;36;52;44.343;7.25
3010;36;53;32.478;19.72
3011;36;54;40.013;9.22
3012;36;54;40.337;17.96
3013;36;54;41.532;23.95
3014;36;55;42.859;1.8
3015;36;55;44.796;12.57
3016;36;56;41.936;0.05
3017;36;56;49.466;18.26
3018;36;56;33.719;11.19
3019;36;57;80.739;14.21
3020;36;57;80.036;10.63
3021;36;57;73.551;11.24
3022;36;58;35.485;24.64
3023;36;59;25.336;6.81
3024;36;59;27.295;10.33
3025;36;59;19.714;8.62
3026;37;38;18.534;18.1
3027;37;38;15.299;13.54
3028;37;38;20.967;9.5
3029;37;39;70.322;12.99
3030;37;39;84.499;12.44
3031;37;40;75.54;11.91
3032;37;40;81.776;13.18
3033;37;40;83.891;17.57
3034;37;41;23.066;16.83
3035;37;42;49.405;0.22
3036;37;42;54.723;23.01
3037;37;43;18.039;17.5
3038;37;44;10.342;10.4
3039;37;45;17.313;3.87
3040;37;45;16.936;2.28
3041;37;46;23.563;11.45
3042;37;47;11.905;4.14
3043;37;48;18.747;17.69
3044;37;49;33.83;1.28
3045;37;49;29.729;21.34
3046;37;50;6.594;8.71
3047;37;50;6.845;7.57
3048;37;50;5.398;19.82
3049;37;51;30.057;19.85
3050;37;51;33.827;18.4
3051;37;51;25.806;21.81
3052;37;52;18.569;8.04
3053;37;52;17.63;4.67
3054;37;52;17.162;5.6
3055;37;53;19.676;8.83
3056;37;53;20.678;12.43
3057;37;54;36.675;2.73
3058;37;54;38.077;14.94
3059;37;54;30.029;12.35
3060;37;55;29.347;2.77
3061;37;55;27.415;3.97
3062;37;56;35.446;5.36
3063;37;56;38.766;24.61
3064;37;56;31.187;4.41
3065;37;57;54.858;8.9
3066;37;57;66.214;19.57
3067;37;58;10.358;8.5
3068;37;58;8.2;1.85
3069;37;59;6.651;19.16
3070;38;39;63.438;10.14
3071;38;40;73.294;14.37
3072;38;41;23.312;14.09
3073;38;42;30.906;3.56
3074;38;43;3.09;19.37
3075;38;43;3.413;19.78
3076;38;44;18.056;7.83
3077;38;44;17.026;18.01
3078;38;44;21.506;6.79
3079;38;45;7.57;20.52
3080;38;45;6.682;3.95
3081;38;46;26.979;11.3
3082;38;46;24.068;17.23
3083;38;46;25.283;3.9
3084;38;47;16.512;17.84
3085;38;47;14.448;5.53
3086;38;47;12.853;13.06
3087;38;48;1.197;21.44
3088;38;48;1.237;18.99
3089;38;49;52.029;8.64
3090;38;50;15.584;13.69
3091;38;50;17.995;3.93
3092;38;51;18.382;23.6
3093;38;51;20.781;1.41
3094;38;51;18.732;4.42
3095;38;52;0.845;22.66
3096;38;52;0.646;0.83
3097;38;53;23.356;11.09
3098;38;53;19.022;23.23
3099;38;54;40.36;10.42
3100;38;55;26.818;10.07
3101;38;56;37.094;18.57
3102;38;56;36.287;6.37
3103;38;56;44.713;12.76
3104;38;57;36.571;24.54
3105;38;57;40.218;15.78
3106;38;57;37.157;16.45
3107;38;58;8.778;13.15
3108;38;58;7.595;1.56
3109;38;58;9.74;10.66
3110;38;59;22.496;2.23
3111;38;59;16.914;16.3
3112;39;40;19.736;13.1
3113;39;41;47.454;6.42
3114;39;41;45.021;14.6
3115;39;41;45.685;0.71
3116;39;42;65.697;10.95
3117;39;43;66.528;6.61
3118;39;43;71.934;22.85
3119;39;43;76.724;6.15
3120;39;44;77.629;19.83
3121;39;45;70.959;8.05
3122;39;46;48.414;24.92
3123;39;46;51.503;0.12
3124;39;47;77.323;17.17
3125;39;48;64.545;2.35
3126;39;48;77.409;5.28
3127;39;49;96.476;18.15
3128;39;49;108.821;11.41
3129;39;49;108.222;2.22
3130;39;50;63.784;22.84
3131;39;51;79.455;3.98
3132;39;51;85.152;3.96
3133;39;52;64.253;1.31
3134;39;53;51.487;4.42
3135;39;53;53.313;19.83
3136;39;53;50.451;10.79
3137;39;54;40.915;10.16
3138;39;54;41.656;4.08
3139;39;55;41.023;5.0
3140;39;56;38.647;1.09
3141;39;56;41.109;2.98
3142;39;57;71.704;19.16
3143;39;57;81.454;6.05
3144;39;57;56.48;21.11
3145;39;58;63.818;0.73
3146;39;58;64.425;8.45
3147;39;59;76.973;12.09
3148;39;59;70.469;11.58
3149;39;59;83.216;23.63
3150;40;41;52.867;7.83
3151;40;41;54.102;1.58
3152;40;42;81.826;2.32
3153;40;42;96.496;7.84
3154;40;43;76.293;11.17
3155;40;43;68.95;21.38
3156;40;43;59.81;16.56
3157;40;44;84.406;4.35
3158;40;45;80.393;2.28
3159;40;46;52.016;14.87
3160;40;46;56.705;10.64
3161;40;46;59.682;13.72
3162;40;47;84.661;0.11
3163;40;48;74.479;8.84
3164;40;48;60.082;2.41
3165;40;48;59.663;6.46
3166;40;49;95.994;13.6
3167;40;50;69.475;8.3
3168;40;50;75.972;19.77
3169;40;50;63.356;16.19
3170;40;51;90.886;21.42
3171;40;52;74.139;4.45
3172;40;53;55.866;14.8
3173;40;54;40.269;23.14
3174;40;55;47.317;9.43
3175;40;55;51.823;24.3
3176;40;55;44.561;17.41
3177;40;56;40.272;2.0
3178;40;56;31.636;8.01
3179;40;56;33.594;5.95
3180;40;57;88.29;16.18
3181;40;58;71.392;2.44
3182;40;59;81.991;15.51
3183;41;42;46.809;24.6
3184;41;43;25.811;17.27
3185;41;43;30.078;24.07
3186;41;44;31.539;9.9
3187;41;44;35.328;17.61
3188;41;44;33.159;24.89
3189;41;45;29.133;22.26
3190;41;45;29.898;20.11
3191;41;45;23.867;15.17
3192;41;46;4.728;9.62
3193;41;46;3.698;9.43
3194;41;46;4.864;16.06
3195;41;47;31.852;14.04
3196;41;48;24.466;22.67
3197;41;48;25.205;10.64
3198;41;48;19.851;17.12
3199;41;49;51.015;1.63
3200;41;49;48.472;22.94
3201;41;49;58.891;9.31
3202;41;50;16.717;14.05
3203;41;50;13.531;11.57
3204;41;50;20.048;5.49
3205;41;51;41.651;6.47
3206;41;51;39.232;21.31
3207;41;52;24.091;8.05
3208;41;53;4.546;20.54
3209;41;53;4.757;10.71
3210;41;53;5.351;19.71
3211;41;54;17.05;20.02
3212;41;54;14.405;14.12
3213;41;54;16.917;2.79
3214;41;55;6.496;3.8
3215;41;56;13.98;13.86
3216;41;56;12.316;13.26
3217;41;57;53.636;10.54
3218;41;58;18.914;19.86
3219;41;58;15.371;8.54
3220;41;58;16.545;9.26
3221;41;59;29.69;19.21
3222;42;43;31.563;11.52
3223;42;43;32.985;8.55
3224;42;44;46.577;4.34
3225;42;45;33.86;17.44
3226;42;45;41.132;3.62
3227;42;46;51.502;20.11
3228;42;46;55.8;10.69
3229;42;46;60.266;19.99
3230;42;47;44.343;15.41
3231;42;47;46.478;13.62
3232;42;47;45.683;0.82
3233;42;48;30.661;17.17
3234;42;49;82.42;16.81
3235;42;49;65.688;5.07
3236;42;49;67.747;16.47
3237;42;50;46.112;12.62
3238;42;51;28.986;10.28
3239;42;52;30.836;4.75
3240;42;52;27.89;24.22
3241;42;52;31.31;11.65
3242;42;53;49.262;0.7
3243;42;53;45.558;22.82
3244;42;53;59.08;0.25
3245;42;54;61.673;11.63
3246;42;54;53.147;22.25
3247;42;55;46.214;2.51
3248;42;55;53.016;0.0
3249;42;56;57.176;18.47
3250;42;57;7.003;10.57
3251;42;57;5.785;24.64
3252;42;57;5.704;15.06
3253;42;58;39.554;8.72
3254;42;58;45.034;7.7
3255;42;58;34.476;15.41
3256;42;59;52.651;5.93
3257;42;59;52.223;10.02
3258;43;44;15.946;9.96
3259;43;44;17.044;19.94
3260;43;45;4.52;8.41
3261;43;45;3.433;13.06
3262;43;46;29.244;12.59
3263;43;47;14.161;13.48
3264;43;47;13.458;2.12
3265;43;47;12.859;3.16
3266;43;48;2.034;4.13
3267;43;48;1.6;7.33
3268;43;48;1.969;3.15
3269;43;49;50.916;16.59
3270;43;49;55.904;8.24
3271;43;50;16.203;12.01
3272;43;50;14.731;18.89
3273;43;50;13.335;16.11
3274;43;51;15.879;20.84
3275;43;51;13.445;8.58
3276;43;52;2.285;2.76
3277;43;52;2.57;4.21
3278;43;52;2.719;15.34
3279;43;53;25.475;22.62
3280;43;53;23.584;19.66
3281;43;53;28.109;13.28
3282;43;54;42.813;13.98
3283;43;54;53.195;24.96
3284;43;54;40.693;18.23
3285;43;55;29.633;16.6
3286;43;56;39.703;7.07
3287;43;57;36.834;7.95
3288;43;57;38.645;15.12
3289;43;57;36.58;16.22
3290;43;58;9.394;4.19
3291;43;58;8.804;19.57
3292;43;59;21.172;20.19
3293;43;59;19.323;20.94
3294;44;45;12.744;21.23
3295;44;45;13.176;22.31
3296;44;45;11.008;21.26
3297;44;46;32.913;23.03
3298;44;46;38.035;9.94
3299;44;46;31.225;24.34
3300;44;47;2.466;9.29
3301;44;48;17.596;9.8
3302;44;48;18.655;22.99
3303;44;48;16.188;14.98
3304;44;49;36.293;21.95
3305;44;50;15.117;6.99
3306;44;50;13.09;3.7
3307;44;51;22.49;11.37
3308;44;52;17.627;20.71
3309;44;53;28.86;8.23
3310;44;53;24.016;15.97
3311;44;53;23.97;10.35
3312;44;54;46.455;22.83
3313;44;54;37.845;16.91
3314;44;54;39.449;15.77
3315;44;55;37.336;2.46
3316;44;55;36.336;9.34
3317;44;55;39.879;13.0
3318;44;56;44.79;2.21
3319;44;56;47.255;4.56
3320;44;56;48.5;18.27
3321;44;57;51.076;15.55
3322;44;57;42.529;21.15
3323;44;57;51.376;17.96
3324;44;58;13.893;5.06
3325;44;59;7.648;1.22
3326;45;46;32.181;15.08
3327;45;46;24.442;7.56
3328;45;46;37.883;9.38
3329;45;47;10.621;10.0
3330;45;48;6.555;6.12
3331;45;49;48.704;16.3
3332;45;50;17.191;16.3
3333;45;51;13.506;14.79
3334;45;51;14.777;9.54
3335;45;51;15.049;17.77
3336;45;52;6.795;24.78
3337;45;52;5.45;23.99
3338;45;52;5.549;11.73
3339;45;53;28.245;0.29
3340;45;53;28.944;0.09
3341;45;53;24.718;22.22
3342;45;54;45.95;17.01
3343;45;55;33.433;17.92
3344;45;55;35.646;7.95
3345;45;56;43.109;8.16
3346;45;57;38.565;21.66
3347;45;57;41.014;13.18
3348;45;58;11.037;24.44
3349;45;58;11.825;13.11
3350;45;58;11.545;5.43
3351;45;59;19.04;14.72
3352;45;59;14.355;17.5
3353;46;47;33.559;20.25
3354;46;47;30.968;15.22
3355;46;47;26.719;16.54
3356;46;48;28.088;6.15
3357;46;49;48.672;7.5
3358;46;50;17.796;1.18
3359;46;51;45.119;20.78
3360;46;51;46.414;17.39
3361;46;52;27.714;24.55
3362;46;52;32.142;17.03
3363;46;53;4.094;15.4
3364;46;53;4.228;15.09
3365;46;54;13.861;20.61
3366;46;54;11.206;13.3
3367;46;55;9.057;13.1
3368;46;55;9.91;14.04
3369;46;56;11.906;1.11
3370;46;56;14.797;0.16
3371;46;57;58.31;23.09
3372;46;58;21.444;10.9
3373;46;58;20.723;4.13
3374;46;58;22.398;21.54
3375;46;59;29.975;20.71
3376;47;48;15.933;2.24
3377;47;49;38.706;13.5
3378;47;49;31.277;0.82
3379;47;49;29.499;0.95
3380;47;50;15.867;18.38
3381;47;51;20.032;22.56
3382;47;51;18.639;8.21
3383;47;52;16.005;5.66
3384;47;52;15.324;16.39
3385;47;52;16.287;11.58
3386;47;53;29.473;20.38
3387;47;54;47.253;19.29
3388;47;54;57.246;1.91
3389;47;55;37.425;9.85
3390;47;56;45.361;24.01
3391;47;56;44.377;2.19
3392;47;57;48.738;13.49
3393;47;58;13.525;12.23
3394;47;58;10.578;4.88
3395;47;59;10.043;15.32
3396;47;59;10.499;15.27
3397;48;49;52.036;10.84
3398;48;49;49.927;24.05
3399;48;50;16.188;13.77
3400;48;50;12.369;5.53
3401;48;51;17.206;0.16
3402;48;51;13.353;18.01
3403;48;51;17.745;9.79
3404;48;52;0.375;13.58
3405;48;53;24.429;10.31
3406;48;53;25.985;13.25
3407;48;54;41.51;13.0
3408;48;54;35.669;24.35
3409;48;55;28.013;7.03
3410;48;56;38.269;6.53
3411;48;57;36.181;10.84
3412;48;58;9.332;10.97
3413;48;58;7.726;16.48
3414;48;59;22.391;0.23
3415;48;59;19.141;12.61
3416;48;59;22.675;14.33
3417;49;50;39.09;16.04
3418;49;50;32.493;8.9
3419;49;50;35.044;0.3
3420;49;51;58.187;14.73
3421;49;51;56.859;12.84
3422;49;51;50.167;20.59
3423;49;52;51.924;5.78
3424;49;52;63.581;10.45
3425;49;53;46.494;2.21
3426;49;54;56.355;9.62
3427;49;55;57.301;5.36
3428;49;56;57.894;15.93
3429;49;56;57.332;13.05
3430;49;56;44.015;15.86
3431;49;57;87.263;22.72
3432;49;58;44.188;23.15
3433;49;58;46.412;17.05
3434;49;59;29.769;19.03
3435;49;59;35.133;2.94
3436;49;59;22.413;10.8
3437;50;51;30.681;2.99
3438;50;51;24.005;8.85
3439;50;51;32.39;4.32
3440;50;52;15.908;0.86
3441;50;52;15.459;0.17
3442;50;52;18.788;17.05
3443;50;53;13.75;21.1
3444;50;54;31.396;17.32
3445;50;55;22.872;8.2
3446;50;55;26.296;6.81
3447;50;56;29.679;8.91
3448;50;56;25.511;21.51
3449;50;56;35.567;18.67
3450;50;57;52.035;4.08
3451;50;57;41.755;3.93
3452;50;57;53.187;14.01
3453;50;58;6.862;23.73
3454;50;58;6.227;6.74
3455;50;58;8.374;9.29
3456;50;59;13.217;13.86
3457;51;52;17.58;20.95
3458;51;53;41.317;5.86
3459;51;53;32.389;14.54
3460;51;54;58.677;24.37
3461;51;54;72.92;11.62
3462;51;55;45.11;17.15
3463;51;56;55.474;16.3
3464;51;56;49.262;24.52
3465;51;57;31.508;3.89
3466;51;57;35.072;8.51
3467;51;57;34.552;15.9
3468;51;58;24.469;19.64
3469;51;58;26.511;2.74
3470;51;59;30.026;22.58
3471;51;59;36.214;19.53
3472;51;59;30.005;15.96
3473;52;53;24.059;0.78
3474;52;54;41.135;22.24
3475;52;54;32.567;13.15
3476;52;55;27.648;13.53
3477;52;55;32.365;0.18
3478;52;56;37.895;9.21
3479;52;56;32.341;23.77
3480;52;57;36.396;2.19
3481;52;58;9.059;21.9
3482;52;58;8.495;0.49
3483;52;59;22.308;24.51
3484;52;59;20.47;0.41
3485;53;54;17.931;7.01
3486;53;55;10.861;2.58
3487;53;55;8.269;7.01
3488;53;56;15.93;18.43
3489;53;56;13.723;12.42
3490;53;56;16.269;21.29
3491;53;57;55.952;5.96
3492;53;58;17.417;20.3
3493;53;58;15.967;5.15
3494;53;58;15.22;14.0
3495;53;59;26.179;8.37
3496;54;55;15.483;15.28
3497;54;55;18.533;22.22
3498;54;56;4.753;16.34
3499;54;56;5.371;18.06
3500;54;56;4.357;3.59
3501;54;57;68.653;23.11
3502;54;57;78.668;23.5
3503;54;57;56.243;0.85
3504;54;58;35.298;23.11
3505;54;58;36.569;21.63
3506;54;58;32.785;13.52
3507;54;59;42.745;3.24
3508;54;59;32.945;5.69
3509;54;59;40.63;13.54
3510;55;56;11.176;5.37
3511;55;56;11.872;17.51
3512;55;56;10.948;18.72
3513;55;57;53.186;17.91
3514;55;58;24.077;15.15
3515;55;58;22.853;15.98
3516;55;59;35.994;1.42
3517;55;59;35.477;21.76
3518;56;57;64.168;0.12
3519;56;57;63.753;5.07
3520;56;58;32.803;8.53
3521;56;58;30.432;10.13
3522;56;58;40.613;9.23
3523;56;59;41.795;13.66
3524;56;59;38.394;20.48
3525;56;59;41.568;5.18
3526;57;58;45.33;20.36
3527;57;58;36.724;10.27
3528;57;59;57.583;16.44
3529;58;59;15.608;7.55
