VERTEX_COUNT 60
PATH_COUNT 1
BUDGET 600
<------------ VERTICES ------------>
0;START;41.374834;2.170055;0.0;0.0
1;Museu Nacional d’Art de Catalunya;41.36882;2.153347;45.0;100.0
2;Museu d’Història de Catalunya - MHC;41.380852;2.185799;45.0;83.29
3;Museu Picasso;41.385181;2.180863;45.0;77.25
4;Galeria d’Art Mar Grup Escolà;41.392349;2.167836;45.0;71.03
5;Parc de Diagonal Mar;41.407215;2.214539;45.0;68.94
6;L’Aquàrium;41.376625;2.184117;45.0;66.88
7;Platja de la Nova Mar Bella;41.40205;2.21529;45.0;65.09
8;Parc de la Ciutadella;41.389248;2.186548;45.0;64.33
9;Museu Palmero;41.424667;2.139856;45.0;64.15
10;Museu Frederic Marès;41.384178;2.176819;45.0;62.83
11;Avinguda d’Icària;41.391556;2.197416;45.0;62.5
12;Basilica of Sants Just i Pastor;41.382812;2.178195;45.0;61.46
13;Anella Olímpica(Olympic Park);41.364778;2.152575;45.0;59.79
14;Platja de la Barceloneta;41.379158;2.192717;45.0;57.39
15;La Colmena;41.383835;2.178294;45.0;56.29
16;90th Jean Bouin;41.373077;2.150465;45.0;56.26
17;Basilica of the Sagrada Família;41.403568;2.174435;45.0;55.5
18;Museu d’Història de Barcelona;41.384144;2.177409;45.0;55.3
19;Museu de la Moto ;41.383327;2.174488;45.0;54.65
20;Passeig de Gràcia;41.390739;2.166672;45.0;53.33
21;Santa Eulàlia small schooner;41.376385;2.179861;45.0;53.06
22;El Born Centre Cultural;41.385818;2.183785;45.0;53.03
23;Platja del Bogatell;41.394341;2.2066;45.0;52.88
24;Parc de la Creueta del Coll;41.41935;2.146432;45.0;52.56
25;Plaça del Rei;41.384144;2.177409;45.0;51.38
26;Museu d’Art Contemporani de Barcelona (MACBA);41.382809;2.166729;45.0;51.25
27;Botanical Garden;41.364746;2.159382;45.0;50.75
28;Rambla del Raval;41.378681;2.169317;45.0;50.63
29;Palau Güell;41.378864;2.174117;45.0;50.16
30;Turó de la Rovira viewing point;41.419388;2.161812;45.0;50.12
31;Museu Blau - Fòrum Building;41.41124;2.220333;45.0;49.69
32;Casa Martí, Els Quatre Gats ;41.385775;2.173671;45.0;49.34
33;Antic Hospital de la Santa Creu;41.380573;2.170374;45.0;48.74
34;Poble Espanyol;41.368679;2.147031;45.0;48.19
35;Plaça de Catalunya;41.387005;2.17003;45.0;47.8
36;Montjuïc Castle;41.363823;2.167096;45.0;47.73
37;Royal Dockyards Museu Marítim ;41.375286;2.17598;45.0;47.54
38;Despair;41.387653;2.188076;45.0;47.45
39;CaixaForum;41.371357;2.149495;45.0;47.34
40;Poblenou Cemetery;41.394859;2.201189;45.0;46.68
41;67th International Epiphany Hockey Tournament ;41.381253;2.114447;45.0;46.33
42;Maeght;41.384689;2.181526;45.0;46.24
43;Museu de la Xocolata;41.387253;2.181838;45.0;45.53
44;49th Trofeu Joan Gamper Estrella Damm del FC Barcelona;41.380848;2.122819;45.0;45.44
45;Palau Sant Jordi;41.363441;2.152537;45.0;45.23
46;La Pedrera (Casa Milà);41.395271;2.161785;45.0;44.4
47;Lorena Ruiz de Villa;41.397858;2.146705;45.0;44.21
48;Barcelona Zoo;41.386299;2.187545;45.0;43.89
49;Museu del Modernisme Català;41.388874;2.163411;45.0;43.81
50;CosmoCaixa;41.41317;2.130886;45.0;42.86
51;Barcelona Head;41.380924;2.182465;45.0;42.82
52;Monument to Doctor Robert;41.394924;2.175599;45.0;42.54
53;Tibidabo Amusement Park;41.422001;2.119771;45.0;41.67
54;Museum of FC Barcelona;41.380562;2.121622;45.0;41.36
55;Mirador de Colom;41.375805;2.177753;45.0;41.32
56;Parc del Turó de la Peira;41.432961;2.165669;45.0;41.17
57;Platja de Sant Sebastià;41.373009;2.189541;45.0;40.42
58;Casa Comalat;41.397072;2.160723;45.0;40.35
59;FINISH;41.374834;2.170055;0.0;0.0
<------------- EDGES -------------->
0;0;1;23.796;7.03
1;0;1;28.368;21.66
2;0;2;22.688;19.66
3;0;2;22.669;1.17
4;0;2;24.129;2.43
5;0;3;22.496;5.79
6;0;3;22.919;17.25
7;0;4;30.107;24.28
8;0;5;79.572;11.54
9;0;5;78.061;11.07
10;0;5;71.646;13.51
11;0;6;18.315;20.2
12;0;6;16.395;17.08
13;0;7;74.442;11.76
14;0;7;75.921;16.4
15;0;7;90.135;8.4
16;0;8;32.509;17.91
17;0;8;40.16;14.28
18;0;9;93.673;4.01
19;0;10;18.196;3.29
20;0;10;20.894;10.98
21;0;10;17.214;22.25
22;0;11;45.309;4.15
23;0;12;17.194;14.51
24;0;13;28.285;22.56
25;0;14;30.026;5.09
26;0;15;18.686;4.16
27;0;16;25.336;8.34
28;0;17;49.491;16.2
29;0;17;46.729;8.47
30;0;17;54.908;9.26
31;0;18;18.52;10.32
32;0;18;19.942;19.97
33;0;19;15.608;20.54
34;0;19;15.534;6.09
35;0;19;14.693;12.72
36;0;20;27.562;13.51
37;0;21;12.868;24.5
38;0;21;9.929;7.15
39;0;22;25.77;2.79
40;0;22;27.633;3.3
41;0;23;57.583;15.02
42;0;24;81.991;19.09
43;0;24;100.222;21.61
44;0;24;76.208;15.23
45;0;25;18.52;12.22
46;0;25;20.358;10.21
47;0;25;16.029;18.57
48;0;26;14.3;5.51
49;0;26;12.697;12.8
50;0;26;13.343;1.94
51;0;27;22.042;23.96
52;0;27;26.621;12.0
53;0;28;6.651;7.63
54;0;29;8.647;21.73
55;0;29;10.587;23.93
56;0;29;8.458;17.62
57;0;30;76.973;3.44
58;0;31;89.706;6.32
59;0;31;90.555;6.46
60;0;31;71.687;20.16
61;0;32;19.29;23.89
62;0;32;21.97;12.79
63;0;32;15.168;4.6
64;0;33;9.829;3.59
65;0;34;31.387;8.59
66;0;34;33.455;21.57
67;0;34;32.073;23.31
68;0;35;20.827;15.66
69;0;35;17.688;12.84
70;0;35;25.531;14.21
71;0;36;19.222;12.09
72;0;36;16.642;4.46
73;0;37;7.648;20.8
74;0;38;31.884;16.74
75;0;39;27.064;2.76
76;0;39;23.674;3.4
77;0;39;22.494;2.41
78;0;40;52.651;24.93
79;0;40;56.906;15.86
80;0;41;72.243;0.19
81;0;41;61.069;17.89
82;0;42;22.391;14.09
83;0;42;24.338;7.24
84;0;43;26.087;6.47
85;0;43;27.195;24.98
86;0;43;32.537;7.66
87;0;44;61.52;17.35
88;0;44;55.253;20.4
89;0;45;29.769;9.54
90;0;45;35.713;17.84
91;0;45;29.975;4.53
92;0;46;36.549;0.6
93;0;46;37.246;18.2
94;0;46;40.004;24.59
95;0;47;49.508;11.17
96;0;48;29.82;1.93
97;0;49;25.495;3.47
98;0;49;23.954;21.9
99;0;49;25.287;8.95
100;0;50;82.655;16.8
101;0;50;68.418;13.63
102;0;51;19.04;20.32
103;0;51;20.907;16.85
104;0;52;35.108;21.96
105;0;52;38.081;1.66
106;0;53;103.349;13.84
107;0;53;118.829;11.77
108;0;54;62.958;18.8
109;0;55;10.024;9.44
110;0;55;8.367;20.58
111;0;56;99.628;18.54
112;0;57;25.217;10.73
113;0;57;21.448;18.69
114;0;58;39.896;0.56
115;0;58;48.943;19.69
116;0;58;39.546;16.05
117;0;59;0.0;15.17
118;0;59;0.0;10.68
119;0;59;0.0;21.95
120;1;2;46.481;23.47
121;1;2;38.365;13.96
122;1;3;45.08;10.49
123;1;4;44.354;12.24
124;1;4;36.365;6.41
125;1;5;102.414;23.98
126;1;5;98.407;10.76
127;1;5;126.504;15.23
128;1;6;41.71;22.53
129;1;6;47.267;15.36
130;1;7;97.767;15.84
131;1;7;90.082;10.8
132;1;7;102.19;21.51
133;1;8;55.131;7.09
134;1;9;97.123;0.45
135;1;9;113.003;16.98
136;1;10;39.989;13.87
137;1;10;32.668;14.22
138;1;11;68.67;1.52
139;1;11;61.425;9.91
140;1;11;63.315;20.04
141;1;12;39.892;20.74
142;1;12;35.289;10.86
143;1;12;41.581;21.39
144;1;13;6.988;11.64
145;1;13;6.749;12.11
146;1;13;7.03;10.34
147;1;14;53.562;20.94
148;1;14;58.233;5.92
149;1;14;61.742;23.24
150;1;15;41.065;4.62
151;1;16;8.171;6.77
152;1;16;6.638;14.54
153;1;16;9.077;18.06
154;1;17;65.336;24.99
155;1;18;40.525;16.47
156;1;18;46.897;3.62
157;1;19;36.786;14.42
158;1;19;40.904;2.98
159;1;20;41.226;7.13
160;1;20;37.699;17.87
161;1;21;36.426;3.7
162;1;21;40.93;0.37
163;1;21;28.451;16.5
164;1;22;48.72;3.43
165;1;22;55.29;6.93
166;1;23;81.132;23.23
167;1;23;70.454;16.49
168;1;24;86.923;4.33
169;1;25;40.525;6.18
170;1;25;43.289;13.59
171;1;26;29.467;5.91
172;1;26;27.033;16.46
173;1;27;10.425;19.01
174;1;28;26.558;8.18
175;1;29;31.73;24.73
176;1;29;33.527;5.27
177;1;30;87.213;8.21
178;1;30;73.363;17.93
179;1;30;94.149;22.75
180;1;31;112.538;19.41
181;1;32;39.024;21.72
182;1;33;29.708;15.46
183;1;33;27.314;6.33
184;1;34;8.115;17.31
185;1;34;9.111;10.25
186;1;35;37.779;21.36
187;1;35;41.463;16.23
188;1;36;19.619;2.02
189;1;37;31.099;18.51
190;1;37;35.485;19.65
191;1;38;55.02;3.54
192;1;38;45.984;16.52
193;1;38;47.984;16.33
194;1;39;6.582;9.34
195;1;39;6.605;12.18
196;1;40;75.887;12.52
197;1;41;54.294;1.46
198;1;42;45.24;14.21
199;1;42;34.674;3.41
200;1;43;48.305;19.83
201;1;43;42.352;11.51
202;1;44;44.275;10.59
203;1;44;45.655;8.21
204;1;45;9.263;10.6
205;1;45;9.265;11.84
206;1;45;8.562;1.18
207;1;46;46.542;11.74
208;1;46;54.209;19.74
209;1;47;50.417;22.29
210;1;48;53.131;10.86
211;1;49;36.669;19.94
212;1;50;81.186;4.02
213;1;50;69.397;14.37
214;1;51;42.744;4.28
215;1;51;43.233;1.93
216;1;52;53.025;2.86
217;1;52;47.902;11.32
218;1;53;100.696;22.36
219;1;54;45.424;3.43
220;1;55;33.543;6.98
221;1;55;37.37;14.3
222;1;55;25.819;8.02
223;1;56;110.894;13.0
224;1;57;47.029;6.76
225;1;57;58.267;13.54
226;1;57;45.295;15.39
227;1;58;49.264;19.64
228;1;58;56.294;6.22
229;1;58;51.605;6.41
230;1;59;23.796;4.45
231;2;3;9.749;9.77
232;2;3;8.573;20.91
233;2;4;30.314;5.12
234;2;4;36.688;19.08
235;2;5;58.279;19.05
236;2;6;7.549;14.47
237;2;7;52.433;15.95
238;2;7;61.089;23.87
239;2;7;56.137;0.99
240;2;8;14.4;17.51
241;2;8;17.948;24.25
242;2;8;13.302;22.03
243;2;9;95.389;7.02
244;2;9;114.447;24.91
245;2;9;117.197;8.88
246;2;10;12.858;4.41
247;2;10;11.233;9.54
248;2;10;15.967;23.94
249;2;11;23.621;21.12
250;2;12;10.323;16.55
251;2;13;50.763;5.39
252;2;13;39.337;4.05
253;2;14;9.344;19.0
254;2;14;10.187;0.61
255;2;14;7.877;24.36
256;2;15;10.905;22.09
257;2;15;11.409;20.66
258;2;16;47.282;24.72
259;2;16;36.695;1.57
260;2;16;48.676;6.08
261;2;17;41.52;12.55
262;2;18;12.156;15.57
263;2;18;12.954;10.76
264;2;19;15.128;13.33
265;2;19;12.654;0.96
266;2;19;14.44;7.5
267;2;20;29.821;17.1
268;2;21;10.797;15.02
269;2;22;8.883;14.89
270;2;22;8.834;1.38
271;2;22;9.629;11.69
272;2;23;35.299;0.6
273;2;24;83.027;21.59
274;2;24;79.685;24.99
275;2;24;102.719;24.81
276;2;25;12.156;1.16
277;2;25;11.542;18.86
278;2;26;24.713;5.22
279;2;26;18.907;22.07
280;2;26;22.868;10.8
281;2;27;43.708;17.31
282;2;27;42.216;5.62
283;2;28;21.487;16.27
284;2;29;15.381;4.64
285;2;30;72.778;14.68
286;2;30;74.915;8.58
287;2;31;68.332;24.6
288;2;31;84.514;1.27
289;2;32;17.705;2.7
290;2;32;20.701;17.4
291;2;32;14.684;6.73
292;2;33;19.811;5.63
293;2;33;23.331;20.24
294;2;34;53.965;8.62
295;2;34;42.558;19.34
296;2;34;59.253;11.37
297;2;35;22.821;14.52
298;2;35;20.82;9.18
299;2;36;37.763;15.96
300;2;36;39.47;0.53
301;2;36;30.751;17.79
302;2;37;15.801;1.04
303;2;38;12.0;18.68
304;2;39;49.368;18.11
305;2;39;39.032;13.9
306;2;39;46.255;21.84
307;2;40;31.063;1.42
308;2;40;25.417;14.46
309;2;40;34.666;22.35
310;2;41;91.617;1.94
311;2;42;8.556;23.64
312;2;42;7.923;20.08
313;2;42;7.86;2.25
314;2;43;12.077;20.3
315;2;43;13.005;7.32
316;2;43;12.141;21.42
317;2;44;80.865;19.08
318;2;44;88.91;3.72
319;2;45;52.078;24.21
320;2;46;39.488;14.12
321;2;46;43.373;0.99
322;2;46;38.428;18.84
323;2;47;58.016;17.59
324;2;47;54.407;6.82
325;2;48;9.587;16.25
326;2;48;8.444;18.64
327;2;48;7.865;20.45
328;2;49;31.854;3.76
329;2;50;89.595;22.21
330;2;50;72.193;16.17
331;2;51;4.283;18.52
332;2;51;4.189;13.83
333;2;51;4.921;2.66
334;2;52;27.411;9.94
335;2;53;110.188;23.45
336;2;53;120.613;15.85
337;2;54;82.404;24.86
338;2;54;63.08;15.47
339;2;55;13.466;9.93
340;2;56;92.838;17.36
341;2;57;14.255;7.07
342;2;57;17.536;0.39
343;2;58;42.507;24.5
344;2;59;22.688;20.52
345;2;59;27.695;24.4
346;3;4;20.74;13.2
347;3;4;24.584;17.93
348;3;4;24.634;2.16
349;3;5;57.363;1.64
350;3;5;63.882;23.77
351;3;6;15.226;3.6
352;3;6;11.845;7.05
353;3;7;52.787;18.84
354;3;7;41.64;14.4
355;3;8;10.085;7.46
356;3;9;85.65;19.69
357;3;9;89.496;13.21
358;3;9;92.644;16.55
359;3;10;5.468;17.54
360;3;11;23.888;24.04
361;3;11;26.235;20.99
362;3;11;25.307;13.63
363;3;12;5.307;18.06
364;3;13;50.384;0.53
365;3;14;18.382;4.86
366;3;14;22.415;10.97
367;3;15;4.023;3.38
368;3;16;44.188;12.96
369;3;16;37.565;3.3
370;3;16;42.023;17.1
371;3;17;32.528;20.58
372;3;17;37.471;14.59
373;3;17;38.536;19.57
374;3;18;4.777;11.36
375;3;18;4.484;16.58
376;3;19;8.778;21.16
377;3;19;9.195;11.61
378;3;20;20.552;2.41
379;3;20;23.858;19.96
380;3;21;15.107;20.86
381;3;22;3.907;20.76
382;3;22;3.557;12.28
383;3;23;36.571;16.92
384;3;24;73.294;4.71
385;3;24;78.406;16.43
386;3;24;75.741;16.69
387;3;25;4.777;9.12
388;3;25;4.996;6.22
389;3;25;4.899;2.9
390;3;26;18.595;5.91
391;3;26;21.922;9.57
392;3;27;44.539;7.49
393;3;28;18.534;18.34
394;3;28;19.68;21.74
395;3;29;13.852;21.08
396;3;29;14.908;6.19
397;3;29;12.307;20.49
398;3;30;63.438;10.07
399;3;30;53.5;6.87
400;3;30;67.264;9.81
401;3;31;67.495;19.33
402;3;31;58.082;4.8
403;3;31;75.875;20.19
404;3;32;9.29;4.97
405;3;33;15.606;4.37
406;3;33;19.406;4.88
407;3;33;14.662;24.81
408;3;34;51.814;20.25
409;3;34;40.185;5.8
410;3;35;14.254;12.29
411;3;35;16.816;4.0
412;3;35;16.022;2.31
413;3;36;40.599;13.5
414;3;36;33.732;14.25
415;3;37;18.056;8.12
416;3;37;13.893;21.97
417;3;37;16.517;4.16
418;3;38;10.181;24.13
419;3;38;10.03;23.4
420;3;38;7.851;8.8
421;3;39;46.711;19.91
422;3;39;55.444;16.1
423;3;40;30.906;15.99
424;3;40;35.602;22.94
425;3;40;23.933;22.55
426;3;41;85.539;22.0
427;3;41;101.373;9.64
428;3;41;67.141;23.92
429;3;42;1.197;22.59
430;3;42;1.452;19.36
431;3;42;1.483;4.98
432;3;43;3.76;8.19
433;3;43;3.905;13.12
434;3;43;4.666;9.83
435;3;44;74.893;18.92
436;3;44;62.489;12.12
437;3;45;52.029;20.7
438;3;45;56.173;12.82
439;3;46;29.967;22.89
440;3;46;34.287;23.5
441;3;46;34.493;16.48
442;3;47;48.924;6.08
443;3;48;8.79;12.24
444;3;48;8.046;12.89
445;3;48;10.817;5.18
446;3;49;23.28;3.52
447;3;50;80.059;20.71
448;3;50;86.743;0.32
449;3;50;73.868;14.16
450;3;51;7.57;10.11
451;3;51;8.964;14.17
452;3;52;17.99;22.69
453;3;52;14.71;0.82
454;3;53;100.592;14.28
455;3;54;76.472;13.06
456;3;54;80.318;1.79
457;3;54;63.712;23.2
458;3;55;16.534;21.7
459;3;55;15.658;21.36
460;3;55;13.219;17.81
461;3;56;84.056;1.86
462;3;56;94.753;12.21
463;3;57;23.622;24.78
464;3;57;21.622;17.49
465;3;58;32.902;4.89
466;3;58;28.439;22.61
467;3;59;22.496;16.73
468;3;59;17.452;11.16
469;3;59;21.914;4.24
470;4;5;65.123;20.88
471;4;6;34.073;0.6
472;4;6;35.251;16.07
473;4;7;63.137;17.44
474;4;8;24.601;12.31
475;4;8;25.366;14.83
476;4;9;65.94;10.26
477;4;9;54.899;3.52
478;4;9;58.71;5.01
479;4;10;18.125;3.94
480;4;10;19.496;16.76
481;4;10;21.683;4.28
482;4;11;37.998;4.09
483;4;11;42.942;13.05
484;4;12;21.053;0.47
485;4;13;51.088;6.44
486;4;14;39.115;13.84
487;4;14;42.43;1.66
488;4;14;44.117;14.5
489;4;15;19.813;18.26
490;4;15;19.135;21.09
491;4;16;39.813;20.27
492;4;16;35.362;22.08
493;4;17;20.984;6.03
494;4;17;17.049;11.24
495;4;17;25.433;9.86
496;4;18;18.66;17.33
497;4;18;20.171;15.04
498;4;18;20.722;15.06
499;4;19;17.643;3.98
500;4;19;16.527;10.24
501;4;20;3.134;22.32
502;4;21;31.379;8.32
503;4;21;28.206;22.25
504;4;22;23.327;20.22
505;4;22;28.134;9.23
506;4;23;49.88;18.41
507;4;24;53.755;12.58
508;4;24;45.564;20.42
509;4;25;18.66;24.22
510;4;26;16.387;14.82
511;4;26;18.277;22.67
512;4;27;48.466;7.93
513;4;27;36.893;6.44
514;4;28;23.466;1.44
515;4;29;24.444;1.28
516;4;30;46.911;3.47
517;4;31;74.737;4.72
518;4;32;13.515;10.51
519;4;32;11.158;15.98
520;4;32;15.544;6.76
521;4;33;20.413;12.94
522;4;33;24.596;3.64
523;4;34;48.521;1.04
524;4;34;54.341;18.19
525;4;34;49.716;8.87
526;4;35;9.569;17.0
527;4;35;8.347;1.91
528;4;35;11.666;7.91
529;4;36;48.824;20.27
530;4;36;45.75;17.31
531;4;37;31.014;24.96
532;4;37;23.493;19.42
533;4;38;27.199;2.69
534;4;38;22.682;21.58
535;4;38;28.33;4.0
536;4;39;42.953;7.45
537;4;40;43.031;14.2
538;4;40;38.56;17.25
539;4;40;53.549;9.41
540;4;41;71.126;24.71
541;4;42;21.925;15.26
542;4;42;26.301;15.45
543;4;42;17.576;1.48
544;4;43;19.979;14.2
545;4;43;21.972;21.31
546;4;43;20.443;17.59
547;4;44;61.055;14.43
548;4;44;60.989;19.94
549;4;45;53.226;3.01
550;4;45;54.132;4.56
551;4;45;53.953;2.77
552;4;46;9.238;23.92
553;4;46;11.11;11.37
554;4;47;28.717;21.52
555;4;48;27.339;3.49
556;4;49;8.224;13.27
557;4;50;59.32;3.23
558;4;50;44.83;24.25
559;4;51;27.111;4.16
560;4;51;33.784;3.92
561;4;51;20.497;13.08
562;4;52;10.896;22.29
563;4;52;12.458;18.12
564;4;52;9.152;4.34
565;4;53;79.877;13.38
566;4;54;62.668;11.36
567;4;55;31.042;9.63
568;4;56;69.552;0.79
569;4;56;73.884;17.76
570;4;56;54.375;24.89
571;4;57;43.266;10.45
572;4;57;39.495;11.27
573;4;58;12.194;22.95
574;4;58;10.446;10.85
575;4;58;10.144;15.9
576;4;59;30.107;10.0
577;4;59;27.609;5.41
578;5;6;65.31;14.32
579;5;6;72.856;11.31
580;5;7;8.891;20.44
581;5;8;47.29;3.03
582;5;8;58.965;18.24
583;5;8;42.063;18.21
584;5;9;100.386;3.09
585;5;10;62.439;9.82
586;5;10;68.454;11.29
587;5;10;58.699;1.97
588;5;11;34.657;15.13
589;5;11;28.32;4.08
590;5;12;62.614;6.15
591;5;12;73.278;7.41
592;5;12;48.236;10.96
593;5;13;107.715;23.06
594;5;13;89.091;1.54
595;5;13;97.153;19.34
596;5;14;55.587;21.44
597;5;14;58.301;14.46
598;5;15;61.364;16.26
599;5;15;63.808;7.96
600;5;16;100.892;24.58
601;5;16;111.124;5.0
602;5;16;119.818;3.81
603;5;17;51.851;14.96
604;5;17;57.132;10.04
605;5;17;48.962;7.8
606;5;18;61.891;23.74
607;5;19;65.684;1.34
608;5;20;67.603;0.16
609;5;20;71.525;17.61
610;5;20;67.914;9.14
611;5;21;69.031;6.33
612;5;21;69.853;22.45
613;5;21;52.697;13.29
614;5;22;53.844;19.26
615;5;23;24.273;11.81
616;5;23;28.535;15.26
617;5;24;89.838;11.75
618;5;24;96.403;2.22
619;5;25;61.891;24.32
620;5;25;61.422;22.0
621;5;25;69.089;1.61
622;5;26;74.236;7.85
623;5;26;73.522;18.97
624;5;27;101.471;6.95
625;5;28;75.858;2.0
626;5;28;76.062;22.32
627;5;29;71.038;22.81
628;5;29;73.891;14.9
629;5;30;70.801;10.13
630;5;31;10.136;8.76
631;5;31;9.377;11.08
632;5;31;9.673;24.51
633;5;32;64.018;20.44
634;5;32;69.092;14.54
635;5;33;72.753;20.96
636;5;34;108.905;3.85
637;5;34;128.612;15.11
638;5;35;66.786;21.42
639;5;35;75.896;24.87
640;5;35;50.339;18.25
641;5;36;96.041;2.65
642;5;36;93.064;13.28
643;5;36;101.259;21.01
644;5;37;73.727;4.57
645;5;38;47.692;19.11
646;5;38;59.188;13.8
647;5;39;103.626;13.02
648;5;40;27.216;3.7
649;5;40;28.434;8.63
650;5;41;135.954;22.0
651;5;41;107.658;15.68
652;5;42;57.287;13.91
653;5;43;54.12;18.23
654;5;44;126.093;9.04
655;5;45;109.307;16.39
656;5;45;97.603;16.41
657;5;46;70.732;5.78
658;5;46;88.058;7.57
659;5;46;64.12;13.43
660;5;47;88.529;5.43
661;5;47;94.709;2.53
662;5;48;49.818;10.5
663;5;48;58.833;19.44
664;5;49;72.749;6.42
665;5;49;90.174;5.64
666;5;50;107.844;21.59
667;5;50;107.436;11.0
668;5;50;126.096;20.09
669;5;51;60.987;1.24
670;5;52;54.228;15.13
671;5;52;53.271;5.79
672;5;53;124.222;15.58
673;5;53;114.197;12.93
674;5;53;128.135;19.07
675;5;54;127.703;14.59
676;5;54;154.169;9.71
677;5;55;71.549;18.54
678;5;55;86.487;18.54
679;5;56;76.64;16.49
680;5;56;58.596;8.13
681;5;56;76.547;22.42
682;5;57;66.755;5.09
683;5;57;50.18;24.84
684;5;57;51.312;24.99
685;5;58;71.224;20.35
686;5;58;60.672;13.37
687;5;59;79.572;7.81
688;6;7;59.115;22.21
689;6;8;21.825;5.67
690;6;8;19.302;18.07
691;6;8;26.29;19.97
692;6;9;99.932;20.2
693;6;9;115.493;21.46
694;6;9;109.724;12.34
695;6;10;15.964;19.08
696;6;10;18.792;14.69
697;6;11;30.731;22.59
698;6;11;29.299;14.91
699;6;12;13.035;23.75
700;6;12;14.252;20.58
701;6;13;45.296;21.46
702;6;13;46.279;14.94
703;6;14;11.863;24.69
704;6;15;14.427;24.83
705;6;15;15.662;22.89
706;6;15;16.035;21.08
707;6;16;43.638;18.19
708;6;16;33.536;8.2
709;6;17;47.752;13.77
710;6;17;46.301;17.35
711;6;18;15.483;19.83
712;6;18;14.884;14.99
713;6;19;16.864;23.39
714;6;20;32.94;5.91
715;6;21;5.48;1.55
716;6;22;15.737;4.96
717;6;22;14.117;5.59
718;6;23;41.861;14.89
719;6;23;33.879;21.09
720;6;23;37.771;24.99
721;6;24;87.667;7.28
722;6;24;99.453;10.38
723;6;25;15.483;20.69
724;6;25;13.921;24.66
725;6;25;19.335;11.14
726;6;26;24.707;4.17
727;6;27;37.712;24.56
728;6;28;19.327;5.2
729;6;28;23.499;24.95
730;6;29;13.4;7.59
731;6;29;16.703;12.53
732;6;29;14.679;9.49
733;6;30;78.579;5.81
734;6;30;77.954;10.8
735;6;30;95.211;13.95
736;6;31;75.3;16.44
737;6;31;57.175;6.09
738;6;31;69.99;1.53
739;6;32;20.617;23.26
740;6;32;17.336;20.41
741;6;32;25.517;15.71
742;6;33;18.896;8.52
743;6;33;17.87;5.17
744;6;34;49.527;10.18
745;6;35;25.351;20.28
746;6;35;28.616;14.92
747;6;35;19.153;13.08
748;6;36;30.947;6.61
749;6;37;10.697;11.32
750;6;37;8.921;21.33
751;6;38;19.544;9.86
752;6;38;22.635;0.02
753;6;39;45.364;20.73
754;6;39;50.314;5.34
755;6;39;56.628;18.09
756;6;40;38.132;19.16
757;6;40;36.058;0.29
758;6;40;30.207;14.53
759;6;41;89.808;14.39
760;6;42;14.195;6.69
761;6;42;14.61;16.45
762;6;42;11.487;9.59
763;6;43;18.421;24.14
764;6;43;20.42;22.37
765;6;44;79.039;6.64
766;6;45;46.408;20.39
767;6;45;48.26;7.15
768;6;46;42.897;20.47
769;6;46;43.287;15.41
770;6;46;47.203;6.43
771;6;47;60.227;0.99
772;6;47;49.171;15.06
773;6;48;17.13;5.21
774;6;49;33.855;21.78
775;6;49;30.577;21.86
776;6;50;92.63;6.86
777;6;51;7.656;24.38
778;6;52;33.169;19.55
779;6;53;113.364;23.97
780;6;53;97.984;20.35
781;6;54;80.528;18.59
782;6;55;8.291;3.93
783;6;55;8.381;6.79
784;6;56;99.269;15.52
785;6;56;111.511;23.38
786;6;57;9.317;19.73
787;6;58;46.112;6.7
788;6;58;41.848;9.85
789;6;59;18.315;0.32
790;7;8;42.91;18.28
791;7;8;39.199;12.45
792;7;8;53.036;3.53
793;7;9;104.258;19.36
794;7;10;58.09;6.55
795;7;10;65.624;14.1
796;7;11;29.136;4.36
797;7;11;32.353;23.51
798;7;11;29.303;20.79
799;7;12;57.892;17.52
800;7;13;102.722;17.39
801;7;13;81.679;19.95
802;7;14;48.727;10.71
803;7;15;56.809;11.09
804;7;15;55.373;17.86
805;7;15;57.476;7.97
806;7;16;96.875;1.02
807;7;16;99.091;9.94
808;7;17;52.504;12.08
809;7;17;57.337;19.94
810;7;17;44.802;3.57
811;7;18;57.478;11.71
812;7;18;61.323;14.24
813;7;19;61.402;2.48
814;7;19;69.885;22.48
815;7;20;65.343;11.55
816;7;20;79.201;3.23
817;7;21;63.227;19.03
818;7;21;69.068;12.2
819;7;22;49.064;14.88
820;7;22;54.037;23.05
821;7;23;17.276;6.36
822;7;23;15.901;19.09
823;7;24;93.199;16.28
824;7;25;57.478;11.8
825;7;25;45.274;23.0
826;7;26;70.502;19.75
827;7;26;80.084;23.67
828;7;26;68.17;7.7
829;7;27;96.061;24.3
830;7;28;71.292;23.74
831;7;28;71.944;19.23
832;7;28;83.117;20.52
833;7;29;66.092;21.54
834;7;30;74.772;9.16
835;7;30;81.006;16.07
836;7;30;58.102;2.86
837;7;31;17.006;11.48
838;7;31;20.315;11.71
839;7;31;14.281;16.5
840;7;32;60.251;11.54
841;7;32;72.366;15.73
842;7;33;68.379;16.37
843;7;33;71.93;23.09
844;7;33;58.388;9.23
845;7;34;104.601;5.68
846;7;34;84.342;10.35
847;7;35;63.55;5.45
848;7;36;90.045;8.4
849;7;36;83.528;18.8
850;7;37;68.151;8.98
851;7;38;42.748;0.31
852;7;38;42.952;1.91
853;7;38;49.659;11.72
854;7;39;99.47;21.04
855;7;40;21.887;18.8
856;7;41;134.262;7.12
857;7;41;158.687;16.78
858;7;42;52.548;13.4
859;7;42;62.502;6.37
860;7;43;49.852;24.98
861;7;43;54.426;11.32
862;7;43;42.47;23.73
863;7;44;124.133;22.74
864;7;44;137.827;16.97
865;7;45;104.196;0.7
866;7;45;128.796;21.67
867;7;45;87.517;23.83
868;7;46;69.654;15.89
869;7;46;64.889;1.87
870;7;47;88.328;18.87
871;7;47;99.807;3.69
872;7;48;44.666;8.49
873;7;48;36.109;10.81
874;7;48;47.359;2.01
875;7;49;70.31;20.95
876;7;49;73.17;9.88
877;7;49;80.494;6.09
878;7;50;109.988;3.55
879;7;50;84.58;16.96
880;7;50;102.555;13.99
881;7;51;55.522;18.85
882;7;52;52.388;3.4
883;7;52;46.251;4.17
884;7;53;127.252;6.98
885;7;53;112.178;19.84
886;7;53;151.155;5.73
887;7;54;125.746;9.63
888;7;54;139.378;11.97
889;7;54;114.365;1.32
890;7;55;65.874;19.0
891;7;55;57.653;4.76
892;7;55;69.256;9.39
893;7;56;82.781;19.26
894;7;56;80.257;7.85
895;7;56;70.435;23.91
896;7;57;59.687;14.15
897;7;57;69.998;5.52
898;7;58;70.559;2.74
899;7;58;56.999;0.62
900;7;58;66.788;19.56
901;7;59;74.442;19.78
902;7;59;58.216;4.02
903;7;59;87.383;13.85
904;8;9;85.235;21.62
905;8;10;15.208;10.88
906;8;10;13.871;22.05
907;8;11;14.501;14.62
908;8;11;13.855;13.87
909;8;12;15.372;17.05
910;8;12;18.836;19.12
911;8;13;60.469;7.57
912;8;14;18.996;19.73
913;8;14;17.074;13.26
914;8;15;14.075;1.26
915;8;16;53.966;12.67
916;8;16;51.742;20.12
917;8;16;55.639;20.88
918;8;17;29.022;15.33
919;8;17;29.2;5.92
920;8;18;14.627;9.92
921;8;18;15.798;16.1
922;8;19;18.504;2.56
923;8;19;19.841;10.59
924;8;20;25.644;3.61
925;8;20;24.94;11.64
926;8;20;27.121;0.77
927;8;21;23.627;10.84
928;8;21;24.722;7.19
929;8;22;6.858;6.68
930;8;23;27.178;15.6
931;8;23;24.201;7.3
932;8;23;33.736;18.25
933;8;24;72.833;8.21
934;8;24;81.671;7.01
935;8;25;14.627;2.34
936;8;25;14.505;2.96
937;8;25;13.731;22.07
938;8;26;27.729;1.71
939;8;26;23.958;24.48
940;8;27;54.542;14.65
941;8;28;28.573;4.3
942;8;29;23.885;11.3
943;8;30;60.565;16.37
944;8;30;54.979;10.88
945;8;30;58.061;19.7
946;8;31;57.419;4.81
947;8;31;58.331;1.39
948;8;31;61.675;15.49
949;8;32;17.568;11.71
950;8;32;19.005;23.51
951;8;33;25.526;4.24
952;8;33;22.222;12.41
953;8;33;23.007;1.78
954;8;34;61.754;20.43
955;8;34;47.867;5.01
956;8;34;66.584;21.93
957;8;35;21.551;9.84
958;8;35;19.602;22.98
959;8;36;50.168;20.34
960;8;36;50.329;9.07
961;8;36;51.981;3.95
962;8;37;27.476;1.01
963;8;37;29.461;4.81
964;8;37;28.512;21.59
965;8;38;3.361;22.76
966;8;38;3.534;21.27
967;8;38;3.842;24.05
968;8;39;56.576;18.68
969;8;39;57.128;5.0
970;8;40;21.106;4.44
971;8;41;93.576;8.3
972;8;41;89.803;14.55
973;8;42;10.121;18.31
974;8;42;7.661;21.87
975;8;42;8.435;4.85
976;8;43;6.944;11.49
977;8;43;6.208;17.84
978;8;43;5.276;12.14
979;8;44;83.075;19.44
980;8;45;62.109;17.73
981;8;45;55.928;2.74
982;8;46;33.419;6.2
983;8;46;34.111;4.75
984;8;47;53.228;4.83
985;8;47;40.636;3.73
986;8;47;56.468;23.33
987;8;48;5.206;8.09
988;8;48;5.387;14.25
989;8;49;29.711;4.81
990;8;50;82.343;5.29
991;8;51;15.178;21.26
992;8;51;17.326;15.83
993;8;52;17.085;24.63
994;8;52;18.47;8.49
995;8;52;18.236;7.81
996;8;53;102.407;17.15
997;8;53;112.86;10.92
998;8;54;84.674;6.51
999;8;55;25.626;0.75
1000;8;55;28.944;12.88
1001;8;55;21.168;15.72
1002;8;56;79.458;12.02
1003;8;57;28.053;8.1
1004;8;58;35.754;10.64
1005;8;58;27.766;13.02
1006;8;59;32.509;9.73
1007;8;59;25.195;23.36
1008;9;10;83.972;24.79
1009;9;11;93.102;18.35
1010;9;11;70.743;13.35
1011;9;12;86.899;3.56
1012;9;12;83.133;23.55
1013;9;13;103.777;21.81
1014;9;13;86.524;15.26
1015;9;14;103.288;11.79
1016;9;14;95.192;21.88
1017;9;15;85.535;11.78
1018;9;15;67.114;6.19
1019;9;15;73.605;1.15
1020;9;16;89.327;19.62
1021;9;16;85.474;4.52
1022;9;16;92.607;16.61
1023;9;17;57.209;15.66
1024;9;17;55.35;3.85
1025;9;18;84.45;19.19
1026;9;18;63.358;3.5
1027;9;19;83.549;15.37
1028;9;20;67.493;7.3
1029;9;21;97.279;17.45
1030;9;21;120.869;3.36
1031;9;21;116.637;15.28
1032;9;22;87.17;18.42
1033;9;22;85.302;21.37
1034;9;22;103.693;18.13
1035;9;23;100.154;8.38
1036;9;23;108.371;19.88
1037;9;23;100.327;1.14
1038;9;24;12.409;18.15
1039;9;25;84.45;17.91
1040;9;25;93.808;23.86
1041;9;25;83.718;5.47
1042;9;26;79.501;13.0
1043;9;26;83.731;6.96
1044;9;26;65.973;5.1
1045;9;27;105.558;16.95
1046;9;28;87.307;16.82
1047;9;29;89.874;13.54
1048;9;29;77.45;16.57
1049;9;29;85.56;12.6
1050;9;30;29.586;13.97
1051;9;31;105.798;23.69
1052;9;31;110.213;2.69
1053;9;32;79.454;15.25
1054;9;32;82.998;1.73
1055;9;33;85.017;5.35
1056;9;33;65.556;6.47
1057;9;34;96.25;13.27
1058;9;35;75.189;15.43
1059;9;35;73.636;22.2
1060;9;36;109.833;24.45
1061;9;36;109.618;19.56
1062;9;36;122.684;14.08
1063;9;37;96.388;4.01
1064;9;37;82.69;24.85
1065;9;37;85.039;24.6
1066;9;38;88.556;1.59
1067;9;39;92.061;12.06
1068;9;39;104.889;4.61
1069;9;39;83.928;7.15
1070;9;40;93.798;1.23
1071;9;40;90.295;8.01
1072;9;41;81.135;5.04
1073;9;42;86.837;12.13
1074;9;42;78.685;18.97
1075;9;43;83.681;14.49
1076;9;43;85.238;0.52
1077;9;43;63.299;3.85
1078;9;44;78.109;16.94
1079;9;45;106.029;13.83
1080;9;46;57.641;8.59
1081;9;46;54.253;8.7
1082;9;46;48.057;12.66
1083;9;47;46.711;22.05
1084;9;47;52.205;13.19
1085;9;47;49.03;4.96
1086;9;48;89.762;0.24
1087;9;48;86.352;22.1
1088;9;49;68.305;15.87
1089;9;49;71.256;15.17
1090;9;50;22.794;5.45
1091;9;50;27.041;15.46
1092;9;51;92.705;23.24
1093;9;51;100.021;21.13
1094;9;51;101.456;15.91
1095;9;52;68.519;6.43
1096;9;52;56.187;1.13
1097;9;53;26.173;10.37
1098;9;54;79.019;5.77
1099;9;55;96.735;7.27
1100;9;55;105.887;6.29
1101;9;56;36.032;2.95
1102;9;57;109.004;19.39
1103;9;57;97.742;12.18
1104;9;58;54.287;16.07
1105;9;58;64.193;7.6
1106;9;59;93.673;10.76
1107;10;11;29.303;7.73
1108;10;11;32.557;11.88
1109;10;11;24.892;18.9
1110;10;12;2.93;13.58
1111;10;12;2.638;9.71
1112;10;13;45.512;12.55
1113;10;13;55.113;13.66
1114;10;13;39.443;6.53
1115;10;14;22.147;10.64
1116;10;14;16.678;14.48
1117;10;15;1.983;16.44
1118;10;15;1.961;10.64
1119;10;15;2.236;1.71
1120;10;16;38.807;18.32
1121;10;16;43.626;0.1
1122;10;17;33.322;15.85
1123;10;18;0.76;2.2
1124;10;19;3.328;1.44
1125;10;19;3.305;23.72
1126;10;20;17.198;3.02
1127;10;20;13.158;12.06
1128;10;20;15.961;0.01
1129;10;21;13.896;1.02
1130;10;21;16.951;3.46
1131;10;21;16.309;2.45
1132;10;22;9.374;11.92
1133;10;23;42.003;23.24
1134;10;23;35.816;22.08
1135;10;23;34.952;14.29
1136;10;24;71.72;17.26
1137;10;24;61.741;4.82
1138;10;25;0.76;11.49
1139;10;26;13.165;23.29
1140;10;26;12.637;24.92
1141;10;26;12.233;8.73
1142;10;27;40.089;20.75
1143;10;28;13.464;18.03
1144;10;29;9.733;20.68
1145;10;29;7.66;24.67
1146;10;30;63.257;20.91
1147;10;30;77.152;0.15
1148;10;30;66.307;9.6
1149;10;31;72.557;14.3
1150;10;31;65.655;0.09
1151;10;31;77.587;7.03
1152;10;32;4.879;2.83
1153;10;32;3.791;1.75
1154;10;33;10.322;6.88
1155;10;33;7.852;5.37
1156;10;34;46.546;18.32
1157;10;34;57.902;5.91
1158;10;34;40.614;6.21
1159;10;35;9.969;16.4
1160;10;36;37.002;11.66
1161;10;36;43.126;21.39
1162;10;36;38.092;15.47
1163;10;37;15.254;4.33
1164;10;37;14.167;7.26
1165;10;38;15.628;12.4
1166;10;39;41.38;17.96
1167;10;39;50.42;14.98
1168;10;39;45.561;15.19
1169;10;40;36.234;10.35
1170;10;41;80.239;1.1
1171;10;41;72.819;20.61
1172;10;41;92.176;7.23
1173;10;42;6.106;23.05
1174;10;42;5.869;10.09
1175;10;42;7.484;18.31
1176;10;43;8.319;5.79
1177;10;44;69.567;8.86
1178;10;44;58.577;5.41
1179;10;44;71.412;6.03
1180;10;45;47.239;10.25
1181;10;45;41.267;21.44
1182;10;46;27.071;11.79
1183;10;46;27.218;11.26
1184;10;46;29.985;11.52
1185;10;47;45.195;8.37
1186;10;48;14.241;21.91
1187;10;49;18.998;1.69
1188;10;49;18.163;8.66
1189;10;50;77.057;16.83
1190;10;50;58.451;5.21
1191;10;50;86.472;15.11
1192;10;51;9.141;5.41
1193;10;51;7.45;7.95
1194;10;51;11.396;24.43
1195;10;52;18.455;20.93
1196;10;52;16.004;17.58
1197;10;53;97.729;13.73
1198;10;53;77.308;4.63
1199;10;53;121.602;3.66
1200;10;54;71.14;6.48
1201;10;54;60.869;10.93
1202;10;54;74.521;19.23
1203;10;55;14.378;5.61
1204;10;56;84.697;4.81
1205;10;57;25.142;18.96
1206;10;58;30.23;6.28
1207;10;58;24.578;23.94
1208;10;58;31.241;12.68
1209;10;59;18.196;0.71
1210;11;12;28.859;2.33
1211;11;12;27.823;10.61
1212;11;13;73.587;15.43
1213;11;13;73.249;12.07
1214;11;14;22.057;7.11
1215;11;14;26.791;15.0
1216;11;14;21.961;8.96
1217;11;15;27.879;3.88
1218;11;15;33.044;2.65
1219;11;16;68.074;16.95
1220;11;16;83.029;16.49
1221;11;17;35.955;21.84
1222;11;17;36.357;10.36
1223;11;17;32.596;12.16
1224;11;18;28.647;12.57
1225;11;18;25.857;8.95
1226;11;19;32.631;19.66
1227;11;19;30.637;13.71
1228;11;20;39.493;2.61
1229;11;21;34.38;8.61
1230;11;21;30.882;0.19
1231;11;22;20.066;4.6
1232;11;22;19.436;18.01
1233;11;22;18.551;4.63
1234;11;23;12.717;9.83
1235;11;23;12.933;10.08
1236;11;24;80.897;0.67
1237;11;24;62.091;23.77
1238;11;25;28.647;16.32
1239;11;25;25.842;9.32
1240;11;26;42.145;19.96
1241;11;27;67.007;10.45
1242;11;27;70.918;9.5
1243;11;28;42.272;11.55
1244;11;28;35.95;12.64
1245;11;29;36.967;13.55
1246;11;29;29.018;17.1
1247;11;30;66.005;24.3
1248;11;31;44.72;13.29
1249;11;31;44.992;17.04
1250;11;31;49.292;16.34
1251;11;32;32.05;2.81
1252;11;32;38.065;2.4
1253;11;33;39.479;16.69
1254;11;33;38.482;4.07
1255;11;33;33.89;17.02
1256;11;34;75.617;14.05
1257;11;35;36.011;15.56
1258;11;35;43.362;19.34
1259;11;36;61.384;6.44
1260;11;36;68.475;20.43
1261;11;36;48.578;3.68
1262;11;37;39.149;23.88
1263;11;37;38.406;8.78
1264;11;37;43.998;11.73
1265;11;38;13.725;5.8
1266;11;38;10.375;24.87
1267;11;39;70.574;20.38
1268;11;40;7.444;24.22
1269;11;40;7.731;9.88
1270;11;40;8.34;13.4
1271;11;41;107.971;0.83
1272;11;41;83.011;5.99
1273;11;42;23.543;9.25
1274;11;43;21.312;10.38
1275;11;43;20.254;12.55
1276;11;43;16.01;20.45
1277;11;44;97.511;17.0
1278;11;44;84.792;2.88
1279;11;44;119.318;4.82
1280;11;45;75.07;11.24
1281;11;45;70.271;20.92
1282;11;45;61.938;17.79
1283;11;46;46.181;10.89
1284;11;46;39.376;10.98
1285;11;46;43.341;4.79
1286;11;47;65.986;0.49
1287;11;48;15.541;13.8
1288;11;48;14.462;15.36
1289;11;49;43.896;13.26
1290;11;50;93.061;19.3
1291;11;51;26.448;2.87
1292;11;52;28.594;6.0
1293;11;53;112.452;6.11
1294;11;54;99.113;21.05
1295;11;54;82.103;2.72
1296;11;55;36.93;19.83
1297;11;55;31.692;21.64
1298;11;56;81.733;2.54
1299;11;56;69.725;6.68
1300;11;57;33.31;4.45
1301;11;57;26.357;22.93
1302;11;57;29.383;5.33
1303;11;58;48.04;15.13
1304;11;58;59.036;2.53
1305;11;58;49.156;13.15
1306;11;59;45.309;19.63
1307;12;13;45.108;23.45
1308;12;14;19.667;5.48
1309;12;14;21.555;20.83
1310;12;14;19.402;10.4
1311;12;15;1.755;12.87
1312;12;16;39.311;0.2
1313;12;16;47.286;7.41
1314;12;16;38.019;18.93
1315;12;17;35.845;13.01
1316;12;17;36.909;16.92
1317;12;18;2.493;21.12
1318;12;18;1.879;0.47
1319;12;18;2.092;16.97
1320;12;19;4.84;24.87
1321;12;19;3.714;9.66
1322;12;19;5.926;6.39
1323;12;20;20.072;0.49
1324;12;20;15.648;9.32
1325;12;21;11.204;17.37
1326;12;22;8.83;20.11
1327;12;23;41.462;1.15
1328;12;24;74.643;20.51
1329;12;24;83.534;23.94
1330;12;25;2.493;2.16
1331;12;25;2.99;1.63
1332;12;25;2.727;2.05
1333;12;26;14.722;24.56
1334;12;26;13.981;24.18
1335;12;26;13.203;24.26
1336;12;27;39.235;14.54
1337;12;27;34.802;18.34
1338;12;27;36.213;9.9
1339;12;28;13.413;2.18
1340;12;28;11.454;4.31
1341;12;29;8.547;20.99
1342;12;29;8.184;9.49
1343;12;29;7.39;4.58
1344;12;30;66.028;12.73
1345;12;31;72.749;22.87
1346;12;31;67.439;21.15
1347;12;31;69.766;5.85
1348;12;32;7.711;7.37
1349;12;33;10.748;8.05
1350;12;33;8.994;22.56
1351;12;34;46.758;4.98
1352;12;34;50.675;23.25
1353;12;34;52.741;0.23
1354;12;35;12.704;5.15
1355;12;35;13.188;3.5
1356;12;35;10.406;1.41
1357;12;36;35.483;13.19
1358;12;36;29.074;18.68
1359;12;36;40.307;4.49
1360;12;37;13.189;3.61
1361;12;38;15.151;4.52
1362;12;39;41.742;24.26
1363;12;39;46.164;8.93
1364;12;40;36.006;6.35
1365;12;41;81.893;0.91
1366;12;41;85.295;5.13
1367;12;41;101.602;17.88
1368;12;42;5.349;9.1
1369;12;42;5.885;12.0
1370;12;43;8.924;9.07
1371;12;43;10.191;3.95
1372;12;43;9.637;20.07
1373;12;44;71.18;7.89
1374;12;44;63.96;20.52
1375;12;44;83.312;21.0
1376;12;45;46.738;1.24
1377;12;45;36.939;3.6
1378;12;46;29.973;7.32
1379;12;47;47.93;13.72
1380;12;47;47.245;9.13
1381;12;47;50.877;2.27
1382;12;48;13.406;17.66
1383;12;48;12.594;22.12
1384;12;48;15.348;5.01
1385;12;49;21.631;13.99
1386;12;50;79.917;20.7
1387;12;51;6.364;0.58
1388;12;51;7.578;13.95
1389;12;51;6.9;9.67
1390;12;52;20.993;14.18
1391;12;52;22.318;2.06
1392;12;52;18.695;19.04
1393;12;53;100.602;24.07
1394;12;53;87.48;4.65
1395;12;53;122.632;12.76
1396;12;54;72.74;1.14
1397;12;54;68.759;4.41
1398;12;54;81.94;8.23
1399;12;55;12.004;3.15
1400;12;55;10.892;6.69
1401;12;55;9.917;20.8
1402;12;56;87.309;10.95
1403;12;56;77.287;15.87
1404;12;56;72.342;0.58
1405;12;57;22.218;14.5
1406;12;58;33.145;4.59
1407;12;58;39.354;23.45
1408;12;59;17.194;7.88
1409;13;14;57.121;17.59
1410;13;15;46.414;1.17
1411;13;15;48.153;20.52
1412;13;15;41.806;12.52
1413;13;16;14.458;9.4
1414;13;17;72.069;5.59
1415;13;17;61.724;6.48
1416;13;17;60.791;7.25
1417;13;18;45.992;23.43
1418;13;19;42.419;20.7
1419;13;20;47.972;1.44
1420;13;21;40.279;5.41
1421;13;21;34.42;23.8
1422;13;21;44.698;2.15
1423;13;22;53.875;11.08
1424;13;23;85.857;22.92
1425;13;23;98.034;5.77
1426;13;24;93.718;9.45
1427;13;24;93.679;24.37
1428;13;24;89.761;5.91
1429;13;25;45.992;1.91
1430;13;25;57.076;4.99
1431;13;25;45.894;17.03
1432;13;26;35.811;13.4
1433;13;27;8.742;19.99
1434;13;28;32.067;24.64
1435;13;28;25.997;14.8
1436;13;29;36.692;22.1
1437;13;30;94.2;12.08
1438;13;31;117.851;18.83
1439;13;31;89.047;0.6
1440;13;32;44.999;21.72
1441;13;32;35.068;6.27
1442;13;33;35.398;6.55
1443;13;34;9.76;10.7
1444;13;35;44.149;0.55
1445;13;35;34.166;6.4
1446;13;36;18.721;11.8
1447;13;36;16.269;15.22
1448;13;36;22.056;6.21
1449;13;37;35.025;20.0
1450;13;38;60.087;0.95
1451;13;38;49.815;6.87
1452;13;39;11.933;4.95
1453;13;39;12.61;7.61
1454;13;39;9.765;0.92
1455;13;40;80.908;13.98
1456;13;41;56.499;13.48
1457;13;41;69.973;4.09
1458;13;41;50.908;9.13
1459;13;42;50.429;2.28
1460;13;43;53.77;11.25
1461;13;43;53.342;13.14
1462;13;44;47.077;19.09
1463;13;44;58.412;13.22
1464;13;44;57.746;24.5
1465;13;45;2.288;7.88
1466;13;46;53.504;12.89
1467;13;46;54.985;18.47
1468;13;46;50.797;3.95
1469;13;47;57.108;3.74
1470;13;48;58.075;14.3
1471;13;48;63.893;8.54
1472;13;49;43.519;8.82
1473;13;50;87.366;13.7
1474;13;50;101.111;4.53
1475;13;51;47.294;19.28
1476;13;51;44.231;9.7
1477;13;51;52.259;12.92
1478;13;52;59.458;8.44
1479;13;52;63.153;22.3
1480;13;53;106.594;6.68
1481;13;53;117.429;20.43
1482;13;54;48.057;24.79
1483;13;54;46.912;23.09
1484;13;55;37.437;24.03
1485;13;55;35.479;14.9
1486;13;55;34.006;24.54
1487;13;56;117.882;17.04
1488;13;57;49.518;11.52
1489;13;57;40.131;9.23
1490;13;57;42.695;10.48
1491;13;58;56.245;19.97
1492;13;58;62.415;21.63
1493;13;58;47.517;18.88
1494;13;59;28.285;12.5
1495;14;15;20.174;15.62
1496;14;16;55.244;10.6
1497;14;16;67.779;4.39
1498;14;16;51.088;21.04
1499;14;17;47.913;8.48
1500;14;18;21.427;19.2
1501;14;19;24.469;11.22
1502;14;19;22.766;5.04
1503;14;19;29.608;14.53
1504;14;20;38.871;3.2
1505;14;20;41.402;0.12
1506;14;21;17.176;21.68
1507;14;21;21.462;22.95
1508;14;22;16.168;20.39
1509;14;22;19.171;21.63
1510;14;23;31.508;2.03
1511;14;24;90.886;9.29
1512;14;25;21.427;3.81
1513;14;26;33.948;18.6
1514;14;27;49.404;10.66
1515;14;28;30.057;18.27
1516;14;28;36.953;9.99
1517;14;29;23.888;24.39
1518;14;30;79.455;0.05
1519;14;31;65.351;10.36
1520;14;31;65.709;6.99
1521;14;31;61.774;23.83
1522;14;32;26.949;0.91
1523;14;32;20.859;4.85
1524;14;33;28.791;6.5
1525;14;34;61.346;7.71
1526;14;34;66.256;11.82
1527;14;34;46.553;15.6
1528;14;35;32.075;23.97
1529;14;35;24.896;14.12
1530;14;36;42.085;11.3
1531;14;37;22.49;10.08
1532;14;38;15.711;8.06
1533;14;38;18.732;23.46
1534;14;38;12.324;4.28
1535;14;39;57.084;5.47
1536;14;39;65.226;7.95
1537;14;39;62.737;16.17
1538;14;40;28.986;24.35
1539;14;40;33.657;4.91
1540;14;40;28.556;7.99
1541;14;41;100.562;12.93
1542;14;42;17.206;7.23
1543;14;43;19.672;10.62
1544;14;43;19.94;2.65
1545;14;44;89.796;10.54
1546;14;44;70.829;1.27
1547;14;45;58.187;15.27
1548;14;45;46.727;17.68
1549;14;46;48.346;24.96
1550;14;46;40.57;15.88
1551;14;46;39.617;24.46
1552;14;47;67.183;21.7
1553;14;47;79.966;0.98
1554;14;47;58.52;4.46
1555;14;48;13.908;2.2
1556;14;49;41.136;1.64
1557;14;49;44.831;13.74
1558;14;50;98.424;20.55
1559;14;50;94.792;20.08
1560;14;50;115.751;2.71
1561;14;51;13.506;16.65
1562;14;52;34.798;14.85
1563;14;52;40.035;14.03
1564;14;52;35.216;20.2
1565;14;53;118.921;2.81
1566;14;54;91.318;14.62
1567;14;55;20.053;7.19
1568;14;55;20.558;10.91
1569;14;56;98.397;1.97
1570;14;56;95.967;6.79
1571;14;57;11.285;23.32
1572;14;58;51.253;11.99
1573;14;58;43.78;11.09
1574;14;58;52.078;9.65
1575;14;59;30.026;24.4
1576;15;16;40.197;19.84
1577;15;16;38.5;20.16
1578;15;17;34.129;10.86
1579;15;18;1.253;6.38
1580;15;18;1.564;13.78
1581;15;18;1.167;22.64
1582;15;19;4.963;9.45
1583;15;19;4.485;0.01
1584;15;19;5.778;3.7
1585;15;20;19.032;5.72
1586;15;20;21.44;20.01
1587;15;21;12.906;7.02
1588;15;21;15.326;15.94
1589;15;22;7.824;24.31
1590;15;23;40.544;14.07
1591;15;23;49.04;16.56
1592;15;24;73.254;3.9
1593;15;24;82.41;10.04
1594;15;24;86.861;1.62
1595;15;25;1.253;20.94
1596;15;25;1.27;23.02
1597;15;25;1.181;1.27
1598;15;26;14.952;18.26
1599;15;26;15.143;14.18
1600;15;26;11.721;16.71
1601;15;27;40.704;17.15
1602;15;27;48.856;3.57
1603;15;28;14.514;14.91
1604;15;29;10.056;10.98
1605;15;29;8.885;8.84
1606;15;29;9.702;24.73
1607;15;30;64.413;6.2
1608;15;30;52.301;9.06
1609;15;31;71.494;11.96
1610;15;32;6.801;23.32
1611;15;33;11.6;14.7
1612;15;33;10.358;3.29
1613;15;33;10.245;3.2
1614;15;34;47.793;24.43
1615;15;34;49.026;12.9
1616;15;35;11.916;17.92
1617;15;35;14.553;17.37
1618;15;35;12.011;23.92
1619;15;36;37.142;8.58
1620;15;36;32.488;4.43
1621;15;36;30.862;0.53
1622;15;37;14.928;23.2
1623;15;37;14.152;22.59
1624;15;38;14.157;21.7
1625;15;39;42.702;15.26
1626;15;39;50.23;10.49
1627;15;40;34.926;2.71
1628;15;40;40.761;18.85
1629;15;41;82.095;2.4
1630;15;41;65.411;6.1
1631;15;41;71.588;13.67
1632;15;42;4.399;13.63
1633;15;42;5.334;10.08
1634;15;43;7.41;6.89
1635;15;43;7.807;20.62
1636;15;44;71.411;5.49
1637;15;44;67.362;20.32
1638;15;44;82.253;6.73
1639;15;45;48.082;5.4
1640;15;46;28.847;16.12
1641;15;46;34.145;12.62
1642;15;46;33.206;2.32
1643;15;47;47.122;15.32
1644;15;47;53.181;24.68
1645;15;47;46.148;17.11
1646;15;48;12.604;11.55
1647;15;48;13.022;18.82
1648;15;49;20.964;6.84
1649;15;49;15.908;15.2
1650;15;49;22.938;0.22
1651;15;50;78.888;0.54
1652;15;50;90.135;0.68
1653;15;51;7.314;4.4
1654;15;52;19.289;18.2
1655;15;52;18.949;18.77
1656;15;52;14.742;1.72
1657;15;53;99.54;10.84
1658;15;53;84.766;16.17
1659;15;54;72.98;21.02
1660;15;54;88.444;0.44
1661;15;54;77.703;18.15
1662;15;55;13.759;21.56
1663;15;55;14.703;8.97
1664;15;55;15.581;2.87
1665;15;56;85.613;18.49
1666;15;57;23.49;24.88
1667;15;57;20.972;13.11
1668;15;58;31.968;10.0
1669;15;58;32.714;9.46
1670;15;58;26.569;16.64
1671;15;59;18.686;17.71
1672;16;17;60.577;13.63
1673;16;18;39.442;14.34
1674;16;18;45.332;23.2
1675;16;18;48.596;10.58
1676;16;19;35.485;13.46
1677;16;19;27.011;13.59
1678;16;20;36.695;19.69
1679;16;20;35.723;3.6
1680;16;20;29.202;22.36
1681;16;21;38.17;21.98
1682;16;21;29.289;14.27
1683;16;21;41.36;13.74
1684;16;22;48.019;6.22
1685;16;22;49.074;20.89
1686;16;22;37.916;2.56
1687;16;23;80.739;13.59
1688;16;23;91.921;23.76
1689;16;24;79.353;4.93
1690;16;24;93.872;19.5
1691;16;24;90.415;16.55
1692;16;25;39.442;18.07
1693;16;25;32.023;24.14
1694;16;26;26.712;22.59
1695;16;27;18.286;10.53
1696;16;27;17.994;7.27
1697;16;28;26.038;1.11
1698;16;29;31.945;0.55
1699;16;30;80.577;6.61
1700;16;30;81.791;5.42
1701;16;31;110.95;5.09
1702;16;32;36.879;10.12
1703;16;32;44.567;22.34
1704;16;32;29.528;16.32
1705;16;33;28.603;4.68
1706;16;33;31.794;6.0
1707;16;33;24.247;3.78
1708;16;34;8.722;2.37
1709;16;35;34.629;21.37
1710;16;35;30.1;11.55
1711;16;35;37.077;19.81
1712;16;36;26.588;14.27
1713;16;37;32.982;19.89
1714;16;37;38.709;1.62
1715;16;37;36.487;11.0
1716;16;38;54.354;10.79
1717;16;38;51.255;16.79
1718;16;38;52.86;24.97
1719;16;39;3.195;3.87
1720;16;40;75.039;11.53
1721;16;40;65.795;18.88
1722;16;40;79.569;15.24
1723;16;41;48.319;18.48
1724;16;42;44.56;18.17
1725;16;42;40.434;5.9
1726;16;43;47.024;4.84
1727;16;44;37.907;4.63
1728;16;44;47.216;12.25
1729;16;45;16.702;16.11
1730;16;45;16.463;8.77
1731;16;46;40.666;18.06
1732;16;47;42.68;9.61
1733;16;48;52.714;16.76
1734;16;49;31.735;21.29
1735;16;50;73.068;14.89
1736;16;50;82.517;12.26
1737;16;51;43.229;6.42
1738;16;51;52.645;13.51
1739;16;52;49.387;18.51
1740;16;52;58.468;20.3
1741;16;52;50.137;6.33
1742;16;53;92.528;20.57
1743;16;53;89.495;24.33
1744;16;54;39.188;8.99
1745;16;54;31.601;20.31
1746;16;55;35.351;17.94
1747;16;55;33.414;21.95
1748;16;55;38.515;10.17
1749;16;56;104.317;24.6
1750;16;56;83.81;1.34
1751;16;57;50.18;23.75
1752;16;58;43.122;15.67
1753;16;58;40.301;24.96
1754;16;59;25.336;14.97
1755;16;59;26.826;6.61
1756;16;59;19.234;23.87
1757;17;18;33.457;16.57
1758;17;18;38.219;1.17
1759;17;18;26.899;0.61
1760;17;19;34.637;22.99
1761;17;19;30.892;13.81
1762;17;19;40.449;21.29
1763;17;20;24.109;16.42
1764;17;21;47.035;20.2
1765;17;21;37.527;4.6
1766;17;21;46.23;11.66
1767;17;22;32.66;1.69
1768;17;22;30.687;1.56
1769;17;22;39.831;12.19
1770;17;23;44.204;5.64
1771;17;24;44.955;9.07
1772;17;24;44.383;19.42
1773;17;25;33.457;7.25
1774;17;25;41.561;19.72
1775;17;26;36.875;12.84
1776;17;27;69.188;17.07
1777;17;28;43.091;22.91
1778;17;28;34.397;3.3
1779;17;29;42.276;22.9
1780;17;29;42.268;8.75
1781;17;30;31.549;4.38
1782;17;31;60.354;9.73
1783;17;31;68.429;11.62
1784;17;32;30.463;10.27
1785;17;32;32.984;16.53
1786;17;32;31.955;5.53
1787;17;33;39.694;4.04
1788;17;33;44.368;19.92
1789;17;33;40.282;16.9
1790;17;34;69.299;4.19
1791;17;35;28.902;19.32
1792;17;35;33.51;24.94
1793;17;36;68.662;22.57
1794;17;37;48.438;8.2
1795;17;38;32.378;20.08
1796;17;39;63.746;8.23
1797;17;39;76.581;12.66
1798;17;40;37.436;0.73
1799;17;40;34.186;19.27
1800;17;41;85.958;3.98
1801;17;41;74.662;1.35
1802;17;42;33.564;12.91
1803;17;43;29.492;14.72
1804;17;43;36.68;24.28
1805;17;44;76.827;3.56
1806;17;44;91.056;3.61
1807;17;45;74.2;6.52
1808;17;45;89.787;7.68
1809;17;45;74.093;14.83
1810;17;46;21.57;17.88
1811;17;47;36.911;18.29
1812;17;47;46.134;7.59
1813;17;47;40.138;17.11
1814;17;48;34.007;7.89
1815;17;48;27.476;8.24
1816;17;48;37.205;3.74
1817;17;49;28.853;20.32
1818;17;49;29.134;9.41
1819;17;49;33.332;5.65
1820;17;50;58.258;21.07
1821;17;50;65.392;17.96
1822;17;51;40.097;17.77
1823;17;51;33.558;11.48
1824;17;51;43.335;6.57
1825;17;52;14.867;1.25
1826;17;52;16.323;11.93
1827;17;52;18.091;21.49
1828;17;53;76.919;14.37
1829;17;53;91.5;16.41
1830;17;53;95.487;20.46
1831;17;54;78.401;11.56
1832;17;54;83.0;13.69
1833;17;54;91.177;5.31
1834;17;55;47.699;17.67
1835;17;56;51.541;23.06
1836;17;57;55.774;20.59
1837;17;57;50.09;24.07
1838;17;57;56.196;19.07
1839;17;58;20.817;3.67
1840;17;58;15.788;11.16
1841;17;59;49.491;5.03
1842;17;59;49.01;8.99
1843;18;19;4.002;16.57
1844;18;19;4.048;20.61
1845;18;19;4.482;16.2
1846;18;20;17.815;15.88
1847;18;21;13.646;24.03
1848;18;21;13.177;23.92
1849;18;22;8.673;17.58
1850;18;22;7.795;2.89
1851;18;23;41.339;2.37
1852;18;23;41.207;22.59
1853;18;24;72.184;8.51
1854;18;24;57.271;22.35
1855;18;24;84.212;11.59
1856;18;25;0.0;19.71
1857;18;25;0.0;23.77
1858;18;26;13.901;0.33
1859;18;26;16.046;13.6
1860;18;27;40.469;2.08
1861;18;28;13.977;11.65
1862;18;28;13.139;14.6
1863;18;29;9.975;19.25
1864;18;29;12.025;24.56
1865;18;29;8.503;1.69
1866;18;30;63.546;4.14
1867;18;31;72.013;17.9
1868;18;31;57.904;24.04
1869;18;32;5.552;16.61
1870;18;32;6.452;20.05
1871;18;32;6.351;11.66
1872;18;33;10.906;23.75
1873;18;33;11.56;12.24
1874;18;34;47.138;19.07
1875;18;34;49.551;10.83
1876;18;34;40.444;18.85
1877;18;35;10.664;14.64
1878;18;35;8.042;22.43
1879;18;36;37.21;1.75
1880;18;36;44.019;17.25
1881;18;36;33.135;14.9
1882;18;37;15.269;20.65
1883;18;38;14.954;13.21
1884;18;38;15.22;20.43
1885;18;38;11.527;19.31
1886;18;39;41.994;13.28
1887;18;40;35.612;20.54
1888;18;41;80.991;18.03
1889;18;42;5.368;14.53
1890;18;42;5.822;9.96
1891;18;42;6.435;7.55
1892;18;43;7.787;22.12
1893;18;43;6.492;21.52
1894;18;44;70.317;21.86
1895;18;45;47.699;22.16
1896;18;46;27.657;17.7
1897;18;47;45.875;15.99
1898;18;47;47.19;3.65
1899;18;47;34.751;4.01
1900;18;48;13.526;13.63
1901;18;49;19.71;24.64
1902;18;49;21.815;1.26
1903;18;49;18.606;0.08
1904;18;50;77.675;8.08
1905;18;50;68.801;21.54
1906;18;50;60.462;17.7
1907;18;51;8.515;6.33
1908;18;51;8.099;3.22
1909;18;52;18.593;14.69
1910;18;53;98.336;1.44
1911;18;53;91.084;17.62
1912;18;53;82.69;11.89
1913;18;54;71.89;7.45
1914;18;54;55.678;0.66
1915;18;55;14.277;2.38
1916;18;55;13.677;21.31
1917;18;56;84.885;22.31
1918;18;57;24.612;10.63
1919;18;58;30.794;4.22
1920;18;58;31.634;3.47
1921;18;58;34.525;19.58
1922;18;59;18.52;24.55
1923;18;59;15.242;21.45
1924;19;20;16.173;3.11
1925;19;21;13.737;16.0
1926;19;22;12.675;24.8
1927;19;22;9.921;11.72
1928;19;23;45.33;20.46
1929;19;23;49.9;10.9
1930;19;23;40.717;3.24
1931;19;24;71.392;6.59
1932;19;24;84.416;15.69
1933;19;25;4.002;2.7
1934;19;26;10.001;6.51
1935;19;27;37.246;1.65
1936;19;28;10.358;11.45
1937;19;29;7.652;4.17
1938;19;29;6.033;24.42
1939;19;30;63.818;21.86
1940;19;31;75.795;2.56
1941;19;31;70.664;12.25
1942;19;32;4.319;9.26
1943;19;32;4.411;16.23
1944;19;32;4.89;8.09
1945;19;33;7.079;19.78
1946;19;33;7.347;15.96
1947;19;34;43.259;11.17
1948;19;34;52.847;14.08
1949;19;35;8.507;0.39
1950;19;35;9.818;19.14
1951;19;36;34.699;15.73
1952;19;36;26.449;21.59
1953;19;37;13.893;13.81
1954;19;38;18.951;15.23
1955;19;38;17.067;7.81
1956;19;39;38.072;1.64
1957;19;39;47.395;21.36
1958;19;39;31.178;6.96
1959;19;40;39.554;21.65
1960;19;40;36.136;11.0
1961;19;41;77.172;18.97
1962;19;41;73.033;11.88
1963;19;42;9.332;20.02
1964;19;43;11.584;8.17
1965;19;43;9.412;9.86
1966;19;44;66.476;16.76
1967;19;44;51.22;22.65
1968;19;44;82.242;16.31
1969;19;45;44.188;19.95
1970;19;45;33.354;22.92
1971;19;45;48.854;2.62
1972;19;46;26.148;2.52
1973;19;46;25.724;21.38
1974;19;47;43.48;15.51
1975;19;47;41.749;13.94
1976;19;48;17.518;4.18
1977;19;48;14.366;10.0
1978;19;48;18.377;23.17
1979;19;49;17.098;19.05
1980;19;49;14.256;21.59
1981;19;49;13.258;17.14
1982;19;50;75.766;18.03
1983;19;51;11.037;20.03
1984;19;51;10.77;19.09
1985;19;52;19.896;9.46
1986;19;52;20.039;0.1
1987;19;52;22.085;8.41
1988;19;53;96.501;0.08
1989;19;54;68.043;24.35
1990;19;54;55.142;15.78
1991;19;55;13.537;20.04
1992;19;56;85.686;11.3
1993;19;57;26.179;5.32
1994;19;57;22.129;19.86
1995;19;58;29.42;4.36
1996;19;58;35.932;18.29
1997;19;58;30.803;11.1
1998;19;59;15.608;20.49
1999;20;21;29.834;5.98
2000;20;21;35.327;8.48
2001;20;21;28.687;22.34
2002;20;22;23.529;23.07
2003;20;23;51.627;15.74
2004;20;23;48.301;13.38
2005;20;24;55.425;22.47
2006;20;24;46.145;20.29
2007;20;25;17.815;11.23
2008;20;25;14.416;8.83
2009;20;25;20.153;8.12
2010;20;26;13.57;11.03
2011;20;26;15.051;16.71
2012;20;27;45.454;5.99
2013;20;27;53.672;19.86
2014;20;27;55.674;4.47
2015;20;28;20.912;0.26
2016;20;29;22.457;16.55
2017;20;29;20.434;3.67
2018;20;30;49.42;8.56
2019;20;30;50.695;1.34
2020;20;31;77.298;7.88
2021;20;32;12.365;21.76
2022;20;32;13.661;3.9
2023;20;33;18.034;15.97
2024;20;33;17.882;2.94
2025;20;34;45.399;20.08
2026;20;34;35.891;18.77
2027;20;35;7.708;9.15
2028;20;36;46.063;2.47
2029;20;36;37.927;2.86
2030;20;37;29.019;11.04
2031;20;37;27.937;18.84
2032;20;38;27.982;6.27
2033;20;38;27.455;20.17
2034;20;38;29.826;22.09
2035;20;39;39.831;16.98
2036;20;40;44.869;12.3
2037;20;41;68.988;18.16
2038;20;42;21.699;18.12
2039;20;42;25.723;8.84
2040;20;43;20.364;5.54
2041;20;43;23.595;3.26
2042;20;44;58.791;14.81
2043;20;45;50.115;16.45
2044;20;45;42.627;5.21
2045;20;46;9.975;19.02
2046;20;46;8.661;11.24
2047;20;46;10.936;2.42
2048;20;47;28.38;1.94
2049;20;48;27.854;6.76
2050;20;49;5.264;1.37
2051;20;50;59.861;7.62
2052;20;51;26.329;8.7
2053;20;51;31.787;4.95
2054;20;52;13.514;12.91
2055;20;52;14.568;5.79
2056;20;53;80.533;4.73
2057;20;53;99.234;23.02
2058;20;54;60.404;4.46
2059;20;54;72.499;15.7
2060;20;54;51.566;3.85
2061;20;55;29.249;11.37
2062;20;56;72.263;3.16
2063;20;56;84.93;14.71
2064;20;56;70.216;5.92
2065;20;57;42.222;17.73
2066;20;58;13.258;17.35
2067;20;59;27.562;20.84
2068;20;59;32.928;8.26
2069;21;22;16.91;21.59
2070;21;22;20.389;20.01
2071;21;23;46.073;2.63
2072;21;24;85.129;2.29
2073;21;25;13.646;16.39
2074;21;25;16.064;0.04
2075;21;25;16.167;23.55
2076;21;26;20.129;5.3
2077;21;26;17.333;6.53
2078;21;26;22.882;0.72
2079;21;27;32.99;10.87
2080;21;27;30.433;6.1
2081;21;27;37.012;17.1
2082;21;28;14.098;21.56
2083;21;29;8.509;11.09
2084;21;29;10.425;20.76
2085;21;30;77.149;11.38
2086;21;30;66.982;5.67
2087;21;30;80.285;7.5
2088;21;31;79.1;10.41
2089;21;32;17.927;0.63
2090;21;32;20.256;17.55
2091;21;32;21.874;18.49
2092;21;33;14.133;11.94
2093;21;33;16.919;3.71
2094;21;34;44.173;5.13
2095;21;34;38.93;13.78
2096;21;35;22.127;10.78
2097;21;36;27.034;21.38
2098;21;37;5.327;9.77
2099;21;38;21.979;9.9
2100;21;38;25.89;20.62
2101;21;38;21.896;19.98
2102;21;39;39.932;5.06
2103;21;39;44.26;8.92
2104;21;39;40.593;11.45
2105;21;40;41.824;1.34
2106;21;40;51.601;10.67
2107;21;41;84.405;8.38
2108;21;41;81.733;21.47
2109;21;42;14.37;6.98
2110;21;42;13.954;15.45
2111;21;43;18.77;20.3
2112;21;44;73.64;11.52
2113;21;44;73.765;9.55
2114;21;45;41.496;16.45
2115;21;45;35.652;6.95
2116;21;46;39.788;3.9
2117;21;46;39.051;5.63
2118;21;47;56.234;24.72
2119;21;47;60.424;19.15
2120;21;48;19.625;4.61
2121;21;49;30.047;11.34
2122;21;49;25.364;13.84
2123;21;49;36.15;24.28
2124;21;50;88.966;7.46
2125;21;51;8.456;10.36
2126;21;51;6.399;12.55
2127;21;52;32.193;15.29
2128;21;53;109.74;6.3
2129;21;53;89.148;9.93
2130;21;53;129.478;18.56
2131;21;54;75.122;4.98
2132;21;54;67.189;3.68
2133;21;55;2.883;23.56
2134;21;55;3.455;23.3
2135;21;56;98.513;7.85
2136;21;57;13.707;17.06
2137;21;57;14.176;11.27
2138;21;58;43.092;11.4
2139;21;58;42.938;4.74
2140;21;59;12.868;20.3
2141;21;59;14.529;7.42
2142;22;23;32.72;6.24
2143;22;23;24.859;13.34
2144;22;24;74.775;0.21
2145;22;24;64.71;10.8
2146;22;25;8.673;11.9
2147;22;25;7.522;10.42
2148;22;25;9.679;14.58
2149;22;26;22.496;14.51
2150;22;26;26.381;8.86
2151;22;26;19.99;7.71
2152;22;27;47.772;23.96
2153;22;28;22.231;14.75
2154;22;28;24.788;13.73
2155;22;29;17.196;6.69
2156;22;29;13.104;5.18
2157;22;30;63.996;14.67
2158;22;31;63.98;0.66
2159;22;31;66.859;4.49
2160;22;32;12.986;1.52
2161;22;32;15.64;1.29
2162;22;32;12.999;22.66
2163;22;33;19.418;7.31
2164;22;33;22.975;22.73
2165;22;34;55.565;14.63
2166;22;34;57.045;20.58
2167;22;35;17.776;0.53
2168;22;35;15.774;19.82
2169;22;35;21.551;4.07
2170;22;36;43.312;17.1
2171;22;37;20.622;22.75
2172;22;37;25.045;12.03
2173;22;37;22.946;23.67
2174;22;38;6.341;10.01
2175;22;39;50.507;8.71
2176;22;40;27.177;5.71
2177;22;40;21.619;8.77
2178;22;40;31.267;23.9
2179;22;41;89.367;8.83
2180;22;41;111.217;9.26
2181;22;42;3.485;10.97
2182;22;42;3.52;7.62
2183;22;42;3.083;1.37
2184;22;43;3.504;21.36
2185;22;43;3.528;18.92
2186;22;44;78.737;21.92
2187;22;44;90.048;0.05
2188;22;44;90.068;22.98
2189;22;45;55.465;15.46
2190;22;45;55.16;3.98
2191;22;46;32.548;9.87
2192;22;47;51.87;22.25
2193;22;47;41.318;13.23
2194;22;47;51.228;0.26
2195;22;48;4.897;22.58
2196;22;49;26.675;10.48
2197;22;49;32.608;12.21
2198;22;49;31.423;3.93
2199;22;50;82.471;13.27
2200;22;50;64.247;20.02
2201;22;50;64.954;23.08
2202;22;51;8.545;8.2
2203;22;51;6.716;24.12
2204;22;51;9.482;4.14
2205;22;52;18.795;16.18
2206;22;52;14.49;14.98
2207;22;52;18.817;3.72
2208;22;53;102.882;0.85
2209;22;53;88.473;14.85
2210;22;54;80.319;13.51
2211;22;55;18.804;4.36
2212;22;55;18.887;5.05
2213;22;56;83.956;22.59
2214;22;56;65.155;13.25
2215;22;56;91.42;13.41
2216;22;57;23.132;6.66
2217;22;57;26.329;15.02
2218;22;57;20.375;14.33
2219;22;58;35.319;0.45
2220;22;58;31.235;9.23
2221;22;59;25.77;21.27
2222;22;59;22.764;3.41
2223;23;24;88.29;1.61
2224;23;24;82.402;13.72
2225;23;24;70.311;3.64
2226;23;25;41.339;9.99
2227;23;25;47.245;20.83
2228;23;26;54.86;15.8
2229;23;26;42.185;2.29
2230;23;26;61.556;15.78
2231;23;27;78.998;4.94
2232;23;27;98.42;3.53
2233;23;27;78.413;15.08
2234;23;28;54.858;7.0
2235;23;28;62.45;5.49
2236;23;28;48.352;1.76
2237;23;29;49.403;2.05
2238;23;30;71.704;14.14
2239;23;31;33.867;3.81
2240;23;32;44.744;8.86
2241;23;32;41.281;22.1
2242;23;32;55.626;11.67
2243;23;33;52.136;24.79
2244;23;34;88.195;9.92
2245;23;34;72.109;16.43
2246;23;34;67.449;14.71
2247;23;35;48.598;15.4
2248;23;35;58.126;7.34
2249;23;35;36.85;16.5
2250;23;36;72.802;8.93
2251;23;36;62.398;6.05
2252;23;37;51.076;6.46
2253;23;37;61.718;16.03
2254;23;37;42.096;24.98
2255;23;38;26.392;22.62
2256;23;39;83.203;15.42
2257;23;39;94.928;23.02
2258;23;40;7.003;5.02
2259;23;40;6.752;19.16
2260;23;40;8.332;3.12
2261;23;41;120.412;22.88
2262;23;41;127.12;15.25
2263;23;42;36.181;11.6
2264;23;42;35.661;3.8
2265;23;42;40.338;13.92
2266;23;43;34.025;7.86
2267;23;43;41.076;10.99
2268;23;43;40.266;7.16
2269;23;44;110.013;14.79
2270;23;45;87.263;13.93
2271;23;45;80.632;22.88
2272;23;46;57.552;13.79
2273;23;47;77.122;15.68
2274;23;47;78.825;2.09
2275;23;48;28.068;16.19
2276;23;49;56.229;22.31
2277;23;49;57.318;21.06
2278;23;49;69.787;2.7
2279;23;50;102.384;16.61
2280;23;50;109.884;4.26
2281;23;50;121.866;16.58
2282;23;51;38.565;11.32
2283;23;51;47.867;15.91
2284;23;51;36.824;0.65
2285;23;52;39.809;4.06
2286;23;52;42.025;16.06
2287;23;52;37.591;21.64
2288;23;53;121.076;11.52
2289;23;53;99.835;4.38
2290;23;53;101.381;4.92
2291;23;54;111.619;8.07
2292;23;54;135.981;23.22
2293;23;54;137.012;5.84
2294;23;55;48.763;16.03
2295;23;55;41.116;3.65
2296;23;56;84.42;5.69
2297;23;56;82.493;8.66
2298;23;56;65.522;17.86
2299;23;57;42.571;22.92
2300;23;58;59.077;8.49
2301;23;58;67.032;3.03
2302;23;59;57.583;19.38
2303;23;59;59.059;8.33
2304;23;59;71.292;17.23
2305;24;25;72.184;13.11
2306;24;26;67.74;3.29
2307;24;26;64.984;5.62
2308;24;26;68.239;18.13
2309;24;27;94.907;0.4
2310;24;27;82.779;8.06
2311;24;28;75.54;13.63
2312;24;29;77.863;10.4
2313;24;29;95.149;21.36
2314;24;29;60.792;12.97
2315;24;30;19.736;23.27
2316;24;30;16.565;23.15
2317;24;31;95.848;8.34
2318;24;32;67.256;3.97
2319;24;32;76.804;6.99
2320;24;32;69.07;22.18
2321;24;33;73.127;23.47
2322;24;33;78.487;7.29
2323;24;33;67.533;16.88
2324;24;34;86.713;6.59
2325;24;35;63.095;9.54
2326;24;36;98.653;0.43
2327;24;36;107.836;21.73
2328;24;37;84.406;1.47
2329;24;38;76.152;22.38
2330;24;38;95.112;8.76
2331;24;39;82.221;13.92
2332;24;39;86.792;9.01
2333;24;40;81.826;7.53
2334;24;40;85.706;15.78
2335;24;40;101.217;21.74
2336;24;41;77.043;1.83
2337;24;41;81.699;9.78
2338;24;41;73.9;20.04
2339;24;42;74.479;13.38
2340;24;42;63.016;14.6
2341;24;43;71.289;21.59
2342;24;43;66.471;14.82
2343;24;44;72.524;3.82
2344;24;44;66.011;16.81
2345;24;45;95.994;12.53
2346;24;45;73.493;21.71
2347;24;45;105.08;15.06
2348;24;46;45.674;18.74
2349;24;46;45.217;1.17
2350;24;47;36.779;0.65
2351;24;47;36.296;14.64
2352;24;47;33.473;8.64
2353;24;48;77.353;8.21
2354;24;49;56.522;14.64
2355;24;49;61.197;21.43
2356;24;50;22.58;24.51
2357;24;50;27.805;5.2
2358;24;51;80.393;1.48
2359;24;51;71.76;20.07
2360;24;52;56.111;11.94
2361;24;52;57.183;12.33
2362;24;52;53.698;17.11
2363;24;53;34.511;19.76
2364;24;53;37.694;14.66
2365;24;53;28.341;19.23
2366;24;54;73.62;20.76
2367;24;54;83.513;6.5
2368;24;55;84.67;7.11
2369;24;56;33.937;2.93
2370;24;56;32.29;22.7
2371;24;56;27.623;11.44
2372;24;57;96.7;10.92
2373;24;57;82.957;8.24
2374;24;58;42.306;21.79
2375;24;59;81.991;13.31
2376;25;26;13.901;5.65
2377;25;27;40.469;14.62
2378;25;27;43.531;18.74
2379;25;27;30.536;19.1
2380;25;28;13.977;14.64
2381;25;28;15.356;6.58
2382;25;28;17.431;3.33
2383;25;29;9.975;20.4
2384;25;29;10.949;16.33
2385;25;29;9.85;21.95
2386;25;30;63.546;8.74
2387;25;31;72.013;13.14
2388;25;31;76.556;17.83
2389;25;32;5.552;9.15
2390;25;33;10.906;18.91
2391;25;34;47.138;10.72
2392;25;34;42.275;3.81
2393;25;35;10.664;9.1
2394;25;35;12.994;1.59
2395;25;36;37.21;3.08
2396;25;36;34.286;16.27
2397;25;37;15.269;4.09
2398;25;37;14.314;13.93
2399;25;38;14.954;9.29
2400;25;38;12.25;8.26
2401;25;39;41.994;19.06
2402;25;39;47.269;8.11
2403;25;40;35.612;12.81
2404;25;41;80.991;7.16
2405;25;42;5.368;21.71
2406;25;42;6.402;12.9
2407;25;42;5.188;16.47
2408;25;43;7.787;11.01
2409;25;44;70.317;24.21
2410;25;44;74.721;18.46
2411;25;45;47.699;6.22
2412;25;45;55.425;23.7
2413;25;46;27.657;13.41
2414;25;46;22.249;5.97
2415;25;46;27.497;8.95
2416;25;47;45.875;14.14
2417;25;47;54.52;15.83
2418;25;48;13.526;4.76
2419;25;48;12.823;4.34
2420;25;48;13.635;13.37
2421;25;49;19.71;3.21
2422;25;49;22.393;2.96
2423;25;49;19.471;13.28
2424;25;50;77.675;6.79
2425;25;50;62.308;8.72
2426;25;51;8.515;8.61
2427;25;51;9.905;8.12
2428;25;51;8.305;1.38
2429;25;52;18.593;8.69
2430;25;53;98.336;22.25
2431;25;53;74.567;2.39
2432;25;54;71.89;13.22
2433;25;55;14.277;4.67
2434;25;56;84.885;3.4
2435;25;56;82.031;6.38
2436;25;57;24.612;3.67
2437;25;57;27.55;6.54
2438;25;58;30.794;0.14
2439;25;59;18.52;9.56
2440;25;59;14.066;10.86
2441;26;27;32.318;12.69
2442;26;27;39.493;20.2
2443;26;28;7.807;13.34
2444;26;28;8.87;15.03
2445;26;28;8.277;6.28
2446;26;29;11.643;14.44
2447;26;29;13.791;11.86
2448;26;30;62.912;11.51
2449;26;30;69.119;12.49
2450;26;31;84.272;8.85
2451;26;32;10.257;6.34
2452;26;33;6.045;24.27
2453;26;33;5.451;24.77
2454;26;33;4.61;9.31
2455;26;34;34.992;9.77
2456;26;34;27.338;24.52
2457;26;34;43.692;3.55
2458;26;35;8.338;17.76
2459;26;36;32.493;14.65
2460;26;37;17.517;13.93
2461;26;37;13.729;17.97
2462;26;37;21.852;24.43
2463;26;38;28.634;4.6
2464;26;38;27.08;5.81
2465;26;38;27.913;16.51
2466;26;39;29.559;23.14
2467;26;39;27.583;17.26
2468;26;40;48.81;15.55
2469;26;40;50.721;9.2
2470;26;41;67.181;23.52
2471;26;41;79.085;15.6
2472;26;42;19.269;10.64
2473;26;43;20.836;20.77
2474;26;43;16.329;3.8
2475;26;43;17.486;9.14
2476;26;44;56.479;0.01
2477;26;44;44.779;4.16
2478;26;45;37.823;22.34
2479;26;45;41.631;16.48
2480;26;46;22.25;4.68
2481;26;47;36.387;16.03
2482;26;47;34.96;12.84
2483;26;48;27.385;12.63
2484;26;48;30.248;9.67
2485;26;48;28.149;15.29
2486;26;49;11.219;20.88
2487;26;49;8.644;22.92
2488;26;49;10.391;13.94
2489;26;50;69.399;9.46
2490;26;50;53.599;13.04
2491;26;51;20.46;21.55
2492;26;51;20.358;2.15
2493;26;51;18.163;18.17
2494;26;52;23.653;17.9
2495;26;53;90.171;18.84
2496;26;53;82.572;21.8
2497;26;53;84.966;12.59
2498;26;54;58.044;10.35
2499;26;54;50.698;20.82
2500;26;54;71.644;19.74
2501;26;55;18.548;22.13
2502;26;55;23.005;8.86
2503;26;56;85.832;10.35
2504;26;57;33.753;17.55
2505;26;58;25.596;18.08
2506;26;58;28.192;22.12
2507;26;58;25.896;17.63
2508;26;59;14.3;1.57
2509;26;59;16.257;2.05
2510;27;28;27.044;15.73
2511;27;29;30.687;6.15
2512;27;29;29.358;23.75
2513;27;29;23.756;23.73
2514;27;30;93.557;21.41
2515;27;31;111.595;7.56
2516;27;31;91.83;21.07
2517;27;31;118.72;11.99
2518;27;32;40.393;4.92
2519;27;33;30.541;0.46
2520;27;34;17.231;10.85
2521;27;34;14.88;17.1
2522;27;34;19.677;6.55
2523;27;35;40.47;24.31
2524;27;35;45.594;22.14
2525;27;36;10.032;24.24
2526;27;36;11.429;2.26
2527;27;36;9.611;20.35
2528;27;37;27.922;19.98
2529;27;38;53.797;23.96
2530;27;38;60.614;21.14
2531;27;38;59.225;19.67
2532;27;39;17.006;23.25
2533;27;39;19.884;8.96
2534;27;39;13.285;8.63
2535;27;40;74.411;11.46
2536;27;40;65.125;8.42
2537;27;41;64.246;22.24
2538;27;42;44.421;13.11
2539;27;42;41.597;1.41
2540;27;43;48.113;7.65
2541;27;43;42.883;11.06
2542;27;44;54.44;20.17
2543;27;45;9.07;14.23
2544;27;45;11.093;17.63
2545;27;46;52.326;24.36
2546;27;47;58.954;3.77
2547;27;47;54.537;21.22
2548;27;47;62.939;3.98
2549;27;48;51.654;5.83
2550;27;48;55.357;18.07
2551;27;48;52.515;14.94
2552;27;49;41.611;0.05
2553;27;49;42.548;5.39
2554;27;50;90.581;19.88
2555;27;50;100.047;11.64
2556;27;50;107.945;3.58
2557;27;51;40.559;21.4
2558;27;52;55.681;14.84
2559;27;52;51.482;0.97
2560;27;53;110.386;17.24
2561;27;54;55.531;16.72
2562;27;54;50.682;8.11
2563;27;55;30.244;1.89
2564;27;55;30.329;12.05
2565;27;55;34.288;17.85
2566;27;56;117.01;21.24
2567;27;56;112.669;10.6
2568;27;56;116.205;20.59
2569;27;57;41.231;22.18
2570;27;58;55.344;5.51
2571;27;58;64.295;16.89
2572;27;58;53.933;3.29
2573;27;59;22.042;5.07
2574;27;59;27.251;5.22
2575;28;29;6.171;10.0
2576;28;30;70.322;1.7
2577;28;30;54.591;22.8
2578;28;30;67.716;9.38
2579;28;31;85.984;12.14
2580;28;31;71.317;7.31
2581;28;31;97.436;10.82
2582;28;32;13.365;13.01
2583;28;32;10.933;11.82
2584;28;32;12.426;10.27
2585;28;33;3.511;17.25
2586;28;33;3.629;12.44
2587;28;33;3.165;8.1
2588;28;34;33.346;19.04
2589;28;35;14.274;18.58
2590;28;36;25.585;24.07
2591;28;36;21.554;8.8
2592;28;37;10.342;22.24
2593;28;38;28.563;22.18
2594;28;39;28.372;4.09
2595;28;39;32.159;0.01
2596;28;39;23.566;3.63
2597;28;40;49.405;15.32
2598;28;40;42.257;17.55
2599;28;40;38.354;23.09
2600;28;41;70.59;14.23
2601;28;42;18.747;14.36
2602;28;43;21.763;21.24
2603;28;43;23.59;20.28
2604;28;44;59.819;12.91
2605;28;44;60.918;15.66
2606;28;45;33.83;2.24
2607;28;46;29.991;18.96
2608;28;46;28.502;8.36
2609;28;46;30.925;0.17
2610;28;47;43.814;20.84
2611;28;47;50.024;5.81
2612;28;48;26.79;6.58
2613;28;48;24.827;13.95
2614;28;48;24.637;11.95
2615;28;49;19.02;15.63
2616;28;49;19.425;14.09
2617;28;49;21.794;16.99
2618;28;50;76.922;18.73
2619;28;51;17.313;3.83
2620;28;51;15.697;24.79
2621;28;52;28.942;18.67
2622;28;53;97.673;2.16
2623;28;53;87.059;5.21
2624;28;54;61.326;15.33
2625;28;55;11.898;23.41
2626;28;55;14.247;19.27
2627;28;56;93.003;10.11
2628;28;56;101.65;11.56
2629;28;56;84.507;6.01
2630;28;57;27.724;12.9
2631;28;57;34.514;24.33
2632;28;58;33.349;16.01
2633;28;58;37.911;13.27
2634;28;59;6.651;1.88
2635;28;59;8.057;6.66
2636;29;30;71.122;13.12
2637;29;30;77.851;21.81
2638;29;30;61.186;22.27
2639;29;31;81.174;15.68
2640;29;31;82.904;15.57
2641;29;32;11.84;24.56
2642;29;32;10.866;7.72
2643;29;32;11.834;9.53
2644;29;33;5.626;20.11
2645;29;34;38.904;5.6
2646;29;34;44.81;5.01
2647;29;35;14.887;2.63
2648;29;35;12.645;19.53
2649;29;36;27.272;7.84
2650;29;37;6.574;21.08
2651;29;37;5.897;23.75
2652;29;37;7.12;15.95
2653;29;38;23.397;3.12
2654;29;38;23.492;24.56
2655;29;38;24.661;12.93
2656;29;39;34.127;24.73
2657;29;39;26.324;14.06
2658;29;39;30.791;24.7
2659;29;40;44.241;1.24
2660;29;41;76.725;9.71
2661;29;41;73.355;12.65
2662;29;42;13.779;21.42
2663;29;42;15.512;21.62
2664;29;42;12.618;1.18
2665;29;43;17.446;15.86
2666;29;43;13.873;15.98
2667;29;43;16.643;2.09
2668;29;44;65.954;10.32
2669;29;44;52.572;15.29
2670;29;44;61.956;6.82
2671;29;45;38.269;9.62
2672;29;46;32.233;6.76
2673;29;46;27.927;0.52
2674;29;46;38.605;11.65
2675;29;47;47.906;15.48
2676;29;47;52.475;17.43
2677;29;48;21.427;6.29
2678;29;49;21.963;17.5
2679;29;49;25.366;8.86
2680;29;50;80.784;2.59
2681;29;51;11.284;13.86
2682;29;51;8.668;0.99
2683;29;51;11.342;22.28
2684;29;52;27.548;14.78
2685;29;52;23.803;14.05
2686;29;53;101.564;11.3
2687;29;53;91.566;2.87
2688;29;54;67.467;15.84
2689;29;55;7.014;5.3
2690;29;55;8.577;1.65
2691;29;56;93.205;4.06
2692;29;56;74.937;15.37
2693;29;57;22.196;8.43
2694;29;57;26.263;16.71
2695;29;58;35.588;9.34
2696;29;58;37.982;11.5
2697;29;59;8.647;20.56
2698;29;59;8.008;10.46
2699;29;59;6.613;7.53
2700;30;31;76.384;16.59
2701;30;31;60.5;1.45
2702;30;31;77.23;0.18
2703;30;32;59.499;16.65
2704;30;32;63.048;10.66
2705;30;33;67.324;10.92
2706;30;33;78.353;23.26
2707;30;33;81.919;1.56
2708;30;34;88.825;17.95
2709;30;34;84.113;4.56
2710;30;34;72.429;3.82
2711;30;35;56.41;24.16
2712;30;35;50.887;21.58
2713;30;35;60.012;0.98
2714;30;36;95.326;0.28
2715;30;36;117.924;9.61
2716;30;36;71.925;23.37
2717;30;37;77.629;13.91
2718;30;38;63.918;16.78
2719;30;38;62.688;2.66
2720;30;39;83.699;9.08
2721;30;40;65.697;0.35
2722;30;40;53.238;7.64
2723;30;40;67.106;3.05
2724;30;41;89.19;2.1
2725;30;41;76.868;7.11
2726;30;42;64.545;17.37
2727;30;42;73.122;14.34
2728;30;42;76.274;0.24
2729;30;43;60.701;10.77
2730;30;43;71.426;2.81
2731;30;44;82.793;0.39
2732;30;44;96.187;19.15
2733;30;44;75.024;1.64
2734;30;45;96.476;17.35
2735;30;45;80.481;13.46
2736;30;45;103.101;16.07
2737;30;46;41.27;9.88
2738;30;47;41.633;4.73
2739;30;48;65.552;6.51
2740;30;49;52.257;12.8
2741;30;50;41.089;5.85
2742;30;51;70.959;6.25
2743;30;52;45.45;17.87
2744;30;52;49.567;16.92
2745;30;52;38.785;2.06
2746;30;53;54.132;5.22
2747;30;54;84.117;6.6
2748;30;55;77.337;16.39
2749;30;55;94.089;9.64
2750;30;55;68.988;3.24
2751;30;56;23.748;0.62
2752;30;57;86.982;23.02
2753;30;58;38.213;21.3
2754;30;59;76.973;23.69
2755;30;59;87.779;18.18
2756;31;32;74.072;5.11
2757;31;32;78.196;21.94
2758;31;32;56.735;18.71
2759;31;33;82.867;21.74
2760;31;34;118.997;4.55
2761;31;35;76.741;19.29
2762;31;36;106.092;1.23
2763;31;36;131.598;11.83
2764;31;37;83.829;0.54
2765;31;37;94.516;17.18
2766;31;38;57.824;0.21
2767;31;39;113.702;3.1
2768;31;40;37.277;7.14
2769;31;40;35.08;17.68
2770;31;40;43.165;1.26
2771;31;41;145.288;3.82
2772;31;42;67.423;18.0
2773;31;42;72.253;10.58
2774;31;42;78.776;4.1
2775;31;43;64.238;19.16
2776;31;44;135.552;3.57
2777;31;45;119.442;20.04
2778;31;45;90.74;20.96
2779;31;46;79.963;9.51
2780;31;46;94.35;17.33
2781;31;47;97.238;11.85
2782;31;48;59.941;3.83
2783;31;49;82.483;6.61
2784;31;49;91.467;0.27
2785;31;50;114.841;22.04
2786;31;50;141.886;11.95
2787;31;50;137.353;18.9
2788;31;51;71.094;19.78
2789;31;51;86.558;11.78
2790;31;52;63.847;7.81
2791;31;52;63.181;16.94
2792;31;53;130.357;12.59
2793;31;54;137.159;5.55
2794;31;54;154.201;1.87
2795;31;54;150.022;7.31
2796;31;55;81.638;6.2
2797;31;55;63.018;0.41
2798;31;55;87.616;21.97
2799;31;56;79.383;24.35
2800;31;56;64.806;10.85
2801;31;56;78.938;2.49
2802;31;57;76.437;12.88
2803;31;57;93.755;19.45
2804;31;58;80.261;18.28
2805;31;58;62.447;0.31
2806;31;59;89.706;0.98
2807;32;33;9.857;0.68
2808;32;33;7.609;23.81
2809;32;34;45.011;19.46
2810;32;34;55.529;22.58
2811;32;34;47.776;7.91
2812;32;35;5.126;2.03
2813;32;35;4.003;15.42
2814;32;36;38.502;16.89
2815;32;37;18.193;17.81
2816;32;37;15.995;9.57
2817;32;38;18.772;17.78
2818;32;38;15.82;16.77
2819;32;39;39.653;23.11
2820;32;39;38.104;19.66
2821;32;40;38.597;10.95
2822;32;40;35.944;2.6
2823;32;40;42.95;5.62
2824;32;41;76.432;13.05
2825;32;41;85.755;20.65
2826;32;41;71.668;23.98
2827;32;42;10.255;3.66
2828;32;43;10.786;21.12
2829;32;43;12.693;6.44
2830;32;43;10.375;22.1
2831;32;44;65.832;5.72
2832;32;44;55.387;17.81
2833;32;45;46.874;16.03
2834;32;45;36.565;12.0
2835;32;46;22.291;22.75
2836;32;46;25.661;18.66
2837;32;47;40.323;6.13
2838;32;48;17.836;7.52
2839;32;49;14.199;19.1
2840;32;50;72.206;2.05
2841;32;50;80.74;10.21
2842;32;50;88.374;10.34
2843;32;51;14.015;8.89
2844;32;52;15.85;15.71
2845;32;52;15.15;6.28
2846;32;52;13.092;5.87
2847;32;53;92.892;13.11
2848;32;54;67.42;6.15
2849;32;55;17.848;24.51
2850;32;56;81.396;22.05
2851;32;56;72.624;13.91
2852;32;56;101.451;1.94
2853;32;57;29.875;14.08
2854;32;57;33.955;6.49
2855;32;57;36.429;5.22
2856;32;58;25.495;0.07
2857;32;58;22.607;23.47
2858;32;59;19.29;21.91
2859;32;59;14.838;10.2
2860;33;34;36.232;17.5
2861;33;34;30.973;3.47
2862;33;35;11.015;0.66
2863;33;35;11.816;12.16
2864;33;35;8.766;19.27
2865;33;36;28.971;2.49
2866;33;37;11.562;20.78
2867;33;38;25.756;19.93
2868;33;38;27.907;14.24
2869;33;39;31.105;16.33
2870;33;39;32.813;22.6
2871;33;39;35.049;0.62
2872;33;40;46.506;17.3
2873;33;40;43.577;20.29
2874;33;40;40.68;14.96
2875;33;41;71.819;12.71
2876;33;41;71.277;6.78
2877;33;42;15.957;11.33
2878;33;42;13.363;24.8
2879;33;42;14.175;24.53
2880;33;43;18.636;21.23
2881;33;44;61.062;14.53
2882;33;45;37.204;0.81
2883;33;45;40.518;6.84
2884;33;46;27.463;13.88
2885;33;47;42.406;9.18
2886;33;47;47.135;24.67
2887;33;48;24.126;8.13
2888;33;48;20.803;12.88
2889;33;48;19.108;12.96
2890;33;49;16.784;13.53
2891;33;49;14.967;4.67
2892;33;50;75.372;4.63
2893;33;50;87.818;12.56
2894;33;51;15.536;15.19
2895;33;51;13.359;1.16
2896;33;51;14.944;12.92
2897;33;52;25.458;21.99
2898;33;53;96.149;13.09
2899;33;53;101.79;2.31
2900;33;54;62.597;10.14
2901;33;54;69.932;22.32
2902;33;55;12.504;8.05
2903;33;55;13.397;16.18
2904;33;55;9.499;17.29
2905;33;56;89.851;11.52
2906;33;57;27.808;11.63
2907;33;57;31.135;0.35
2908;33;58;30.833;21.04
2909;33;58;25.67;5.47
2910;33;59;9.829;0.34
2911;33;59;9.758;10.7
2912;33;59;10.778;10.69
2913;34;35;43.076;7.4
2914;34;36;27.076;21.91
2915;34;37;38.857;9.5
2916;34;37;40.077;7.41
2917;34;37;44.371;8.33
2918;34;38;61.902;15.95
2919;34;38;58.679;18.1
2920;34;39;5.569;19.24
2921;34;39;5.214;13.25
2922;34;40;82.719;15.99
2923;34;40;63.861;2.06
2924;34;41;47.049;15.47
2925;34;41;45.598;10.95
2926;34;41;41.64;17.49
2927;34;42;52.082;10.38
2928;34;43;54.843;7.72
2929;34;44;37.419;0.5
2930;34;45;11.417;8.14
2931;34;45;10.239;10.32
2932;34;45;9.508;0.5
2933;34;46;49.291;5.87
2934;34;46;58.47;13.39
2935;34;46;57.765;6.71
2936;34;47;49.934;12.29
2937;34;48;60.129;16.0
2938;34;48;66.781;14.41
2939;34;48;62.41;7.45
2940;34;49;40.455;13.12
2941;34;49;32.356;6.21
2942;34;49;41.317;12.68
2943;34;50;78.905;3.28
2944;34;50;97.768;3.07
2945;34;50;80.336;17.0
2946;34;51;50.094;11.17
2947;34;52;57.987;0.63
2948;34;52;66.655;19.2
2949;34;53;97.726;11.19
2950;34;53;112.805;18.39
2951;34;53;88.253;13.2
2952;34;54;38.446;17.62
2953;34;54;47.577;11.79
2954;34;55;41.294;18.99
2955;34;55;35.098;18.4
2956;34;56;112.573;6.03
2957;34;57;55.091;3.02
2958;34;58;51.67;12.17
2959;34;58;55.441;12.34
2960;34;59;31.387;18.63
2961;34;59;24.432;20.9
2962;34;59;34.393;21.43
2963;35;36;39.848;3.52
2964;35;36;37.765;5.3
2965;35;37;21.46;8.49
2966;35;37;17.177;22.79
2967;35;38;23.195;16.27
2968;35;38;26.336;17.98
2969;35;39;37.58;6.67
2970;35;40;42.199;14.05
2971;35;40;32.522;23.16
2972;35;40;42.242;4.78
2973;35;41;72.04;1.68
2974;35;41;79.537;5.07
2975;35;41;83.655;18.0
2976;35;42;15.282;2.96
2977;35;42;12.81;8.75
2978;35;43;15.166;11.84
2979;35;43;18.94;0.06
2980;35;44;61.524;11.0
2981;35;45;46.158;22.24
2982;35;45;35.905;24.41
2983;35;45;53.903;0.6
2984;35;46;17.667;11.95
2985;35;46;16.225;15.09
2986;35;47;35.236;8.77
2987;35;48;22.519;11.33
2988;35;48;26.901;19.41
2989;35;48;22.461;16.94
2990;35;49;9.08;10.66
2991;35;49;9.596;0.67
2992;35;49;9.091;11.73
2993;35;50;67.301;4.72
2994;35;50;65.479;5.18
2995;35;50;61.176;16.9
2996;35;51;19.057;11.17
2997;35;52;15.322;22.66
2998;35;52;13.721;7.84
2999;35;53;88.021;2.54
3000;35;54;63.123;12.78
3001;35;54;49.109;10.1
3002;35;55;21.579;22.02
3003;35;56;78.84;3.35
3004;35;57;34.659;6.29
3005;35;58;20.965;1.59
3006;35;58;25.175;17.39
3007;35;59;20.827;3.17
3008;36;37;22.692;13.86
3009;36;38;48.874;13.44
3010;36;38;42.601;20.24
3011;36;38;48.196;19.48
3012;36;39;26.022;14.87
3013;36;39;19.749;1.11
3014;36;39;26.796;3.51
3015;36;40;68.826;8.01
3016;36;40;57.137;2.99
3017;36;41;73.896;0.48
3018;36;41;77.277;4.82
3019;36;41;76.965;5.73
3020;36;42;40.228;0.01
3021;36;43;44.338;6.7
3022;36;43;39.924;23.33
3023;36;44;63.887;23.24
3024;36;44;75.744;14.8
3025;36;45;18.71;21.21
3026;36;45;14.203;1.57
3027;36;46;54.245;12.03
3028;36;46;42.94;4.07
3029;36;47;63.856;14.41
3030;36;47;51.403;12.58
3031;36;48;46.57;19.53
3032;36;48;42.366;10.55
3033;36;48;57.215;11.77
3034;36;49;43.128;1.69
3035;36;49;39.667;10.38
3036;36;50;96.394;21.15
3037;36;50;111.574;10.5
3038;36;51;35.297;12.62
3039;36;51;36.902;1.39
3040;36;52;54.329;14.41
3041;36;52;49.269;7.92
3042;36;52;65.531;23.54
3043;36;53;116.629;23.95
3044;36;53;145.553;7.39
3045;36;54;65.043;5.5
3046;36;54;56.643;4.35
3047;36;54;76.083;19.1
3048;36;55;24.652;24.0
3049;36;55;25.832;17.07
3050;36;56;118.325;17.38
3051;36;57;32.832;22.17
3052;36;58;57.482;0.8
3053;36;58;63.44;0.48
3054;36;59;19.222;20.31
3055;37;38;26.25;22.0
3056;37;38;30.302;15.43
3057;37;39;34.669;10.82
3058;37;39;28.286;0.79
3059;37;39;30.968;11.03
3060;37;40;46.577;20.03
3061;37;40;36.228;2.6
3062;37;40;35.087;22.99
3063;37;41;79.668;20.49
3064;37;41;97.08;5.82
3065;37;41;77.561;0.16
3066;37;42;17.596;14.47
3067;37;43;21.816;21.26
3068;37;43;19.959;14.8
3069;37;43;17.388;11.15
3070;37;44;68.921;10.5
3071;37;45;36.293;10.48
3072;37;45;32.983;10.43
3073;37;45;41.125;17.95
3074;37;46;38.752;22.72
3075;37;46;46.755;17.23
3076;37;46;38.996;24.7
3077;37;47;53.895;24.62
3078;37;47;43.463;19.26
3079;37;47;45.029;4.18
3080;37;48;23.993;20.87
3081;37;48;20.681;6.12
3082;37;48;29.621;20.81
3083;37;49;28.304;20.09
3084;37;50;86.912;6.38
3085;37;50;91.333;13.74
3086;37;51;12.744;11.37
3087;37;52;33.609;24.07
3088;37;53;107.686;15.79
3089;37;54;70.38;20.93
3090;37;54;62.77;6.24
3091;37;54;59.872;8.52
3092;37;55;2.444;19.39
3093;37;56;99.578;16.8
3094;37;56;88.274;17.92
3095;37;56;122.525;3.17
3096;37;57;17.845;10.14
3097;37;57;16.962;17.71
3098;37;58;42.114;13.56
3099;37;58;49.777;22.82
3100;37;58;34.648;2.24
3101;37;59;7.648;2.32
3102;37;59;7.442;18.56
3103;37;59;8.801;24.29
3104;38;39;56.848;18.12
3105;38;40;20.867;0.47
3106;38;40;15.778;10.07
3107;38;41;95.166;9.38
3108;38;42;9.821;2.97
3109;38;43;8.038;18.36
3110;38;43;9.521;10.5
3111;38;44;84.59;15.58
3112;38;45;61.638;23.29
3113;38;46;36.182;19.09
3114;38;46;32.97;24.7
3115;38;46;29.831;2.38
3116;38;47;55.908;9.04
3117;38;47;54.004;15.72
3118;38;48;2.415;15.75
3119;38;48;2.738;1.64
3120;38;48;2.385;14.83
3121;38;49;31.735;10.26
3122;38;49;27.064;23.51
3123;38;49;25.503;8.01
3124;38;50;85.414;11.68
3125;38;51;13.583;2.41
3126;38;52;20.283;4.85
3127;38;52;23.358;8.72
3128;38;52;16.364;4.51
3129;38;53;105.55;24.72
3130;38;53;87.694;5.17
3131;38;53;103.89;11.27
3132;38;54;86.18;15.49
3133;38;54;102.745;23.31
3134;38;54;91.086;20.12
3135;38;55;24.223;20.03
3136;38;55;23.143;13.64
3137;38;56;82.694;24.54
3138;38;57;25.13;15.18
3139;38;57;29.341;18.6
3140;38;57;21.379;4.7
3141;38;58;38.637;6.31
3142;38;58;42.32;19.33
3143;38;58;38.644;23.18
3144;38;59;31.884;5.04
3145;38;59;31.921;15.0
3146;39;40;77.606;5.52
3147;39;40;75.41;1.22
3148;39;40;76.157;18.4
3149;39;41;48.085;2.86
3150;39;41;44.89;11.96
3151;39;41;38.611;20.06
3152;39;42;47.033;11.82
3153;39;42;57.983;2.58
3154;39;43;49.645;17.85
3155;39;43;51.207;15.82
3156;39;44;37.909;22.0
3157;39;44;46.873;15.55
3158;39;45;14.098;24.7
3159;39;45;16.661;7.23
3160;39;45;16.225;24.26
3161;39;46;43.859;24.36
3162;39;47;45.491;9.99
3163;39;48;55.144;11.11
3164;39;49;34.897;10.78
3165;39;49;30.991;4.95
3166;39;50;75.434;24.34
3167;39;51;45.391;5.09
3168;39;51;42.113;16.71
3169;39;51;44.877;8.32
3170;39;52;52.438;15.47
3171;39;52;41.085;6.32
3172;39;52;58.933;0.5
3173;39;53;94.691;11.21
3174;39;53;101.203;1.89
3175;39;54;39.104;14.15
3176;39;54;47.453;7.56
3177;39;54;31.23;11.0
3178;39;55;37.077;0.59
3179;39;56;107.443;19.81
3180;39;57;51.503;3.66
3181;39;57;41.67;8.58
3182;39;57;57.674;8.4
3183;39;58;46.305;12.95
3184;39;58;37.87;20.9
3185;39;59;27.064;8.46
3186;39;59;22.162;0.57
3187;40;41;113.771;14.83
3188;40;41;97.023;9.65
3189;40;42;30.661;6.44
3190;40;42;28.127;24.68
3191;40;42;37.749;11.7
3192;40;43;28.046;4.54
3193;40;43;23.794;21.07
3194;40;43;28.282;16.44
3195;40;44;103.432;8.11
3196;40;45;82.42;20.75
3197;40;46;50.588;19.26
3198;40;46;59.072;10.81
3199;40;46;40.271;1.23
3200;40;47;70.128;12.24
3201;40;47;82.435;23.82
3202;40;48;22.834;1.43
3203;40;49;49.568;23.46
3204;40;49;48.273;21.76
3205;40;49;60.77;5.91
3206;40;50;95.522;23.91
3207;40;51;33.86;7.73
3208;40;52;32.85;12.27
3209;40;53;114.353;17.9
3210;40;53;86.519;8.48
3211;40;54;105.041;6.99
3212;40;55;44.368;12.74
3213;40;56;79.556;11.82
3214;40;56;90.641;4.12
3215;40;57;40.27;0.36
3216;40;57;30.77;15.55
3217;40;58;52.084;0.38
3218;40;58;41.047;0.93
3219;40;58;47.376;5.15
3220;40;59;52.651;10.1
3221;41;42;86.326;23.7
3222;41;42;105.361;23.21
3223;41;43;87.132;3.84
3224;41;44;10.772;15.92
3225;41;45;57.633;22.73
3226;41;45;49.233;1.36
3227;41;45;61.346;3.26
3228;41;46;65.337;13.49
3229;41;47;50.224;14.94
3230;41;47;48.05;22.04
3231;41;48;94.249;15.52
3232;41;48;103.477;19.05
3233;41;48;110.706;17.78
3234;41;49;64.203;23.15
3235;41;49;51.989;11.3
3236;41;49;79.654;3.18
3237;41;50;58.552;23.17
3238;41;51;87.336;5.17
3239;41;51;71.39;11.74
3240;41;51;71.778;7.97
3241;41;52;81.921;3.76
3242;41;53;70.063;13.18
3243;41;54;9.288;23.85
3244;41;55;81.82;10.2
3245;41;56;110.233;20.63
3246;41;56;102.243;3.46
3247;41;57;97.452;18.21
3248;41;57;104.259;13.9
3249;41;57;118.819;23.18
3250;41;58;65.286;1.92
3251;41;58;70.352;17.06
3252;41;59;72.243;22.6
3253;42;43;4.406;23.78
3254;42;44;75.663;19.22
3255;42;45;52.036;3.06
3256;42;45;47.047;6.62
3257;42;45;47.758;6.57
3258;42;46;31.148;15.06
3259;42;47;50.062;9.77
3260;42;47;60.785;1.65
3261;42;48;8.204;7.99
3262;42;48;9.26;7.86
3263;42;48;6.464;15.35
3264;42;49;24.335;13.4
3265;42;49;30.056;4.9
3266;42;50;81.245;6.83
3267;42;51;6.555;0.73
3268;42;51;6.652;11.46
3269;42;52;19.096;10.14
3270;42;52;22.436;14.04
3271;42;52;16.165;20.82
3272;42;53;101.783;0.23
3273;42;53;110.516;7.77
3274;42;54;77.238;2.05
3275;42;54;91.555;21.5
3276;42;54;63.598;6.37
3277;42;55;15.956;17.76
3278;42;55;14.958;15.74
3279;42;55;15.166;14.9
3280;42;56;85.074;21.31
3281;42;56;75.542;2.29
3282;42;56;91.442;9.18
3283;42;57;22.481;15.69
3284;42;58;34.092;19.94
3285;42;58;34.595;2.18
3286;42;58;40.241;5.4
3287;42;59;22.391;2.46
3288;43;44;76.564;15.45
3289;43;44;83.24;3.25
3290;43;45;55.462;3.16
3291;43;45;64.845;19.13
3292;43;45;67.762;3.3
3293;43;46;29.172;14.23
3294;43;47;48.616;20.28
3295;43;47;54.302;6.74
3296;43;48;7.507;8.7
3297;43;49;23.82;5.08
3298;43;49;28.442;22.29
3299;43;49;23.694;21.98
3300;43;50;79.021;14.56
3301;43;50;81.712;1.5
3302;43;50;80.216;15.82
3303;43;51;10.86;18.85
3304;43;51;8.157;0.86
3305;43;51;12.63;20.44
3306;43;52;15.377;1.46
3307;43;52;16.344;23.92
3308;43;52;13.073;22.76
3309;43;53;99.409;12.36
3310;43;53;123.085;0.06
3311;43;53;98.118;13.12
3312;43;54;78.156;4.24
3313;43;54;86.294;21.9
3314;43;54;78.76;20.76
3315;43;55;20.28;8.11
3316;43;55;16.811;2.77
3317;43;55;18.837;10.46
3318;43;56;80.923;25.0
3319;43;57;26.305;24.4
3320;43;58;31.892;9.24
3321;43;58;37.716;24.54
3322;43;58;28.011;2.98
3323;43;59;26.087;7.34
3324;43;59;21.178;16.97
3325;43;59;30.754;22.99
3326;44;45;48.411;3.91
3327;44;46;55.783;0.34
3328;44;46;55.58;5.01
3329;44;47;42.281;23.44
3330;44;47;50.613;7.77
3331;44;47;39.483;9.58
3332;44;48;83.626;17.96
3333;44;48;100.121;9.82
3334;44;49;53.896;0.07
3335;44;50;56.272;21.46
3336;44;51;76.585;18.08
3337;44;51;71.352;24.48
3338;44;51;84.207;14.74
3339;44;52;71.915;14.7
3340;44;52;81.57;20.16
3341;44;53;70.532;19.73
3342;44;53;75.778;0.17
3343;44;54;1.613;11.65
3344;44;54;1.474;19.53
3345;44;54;1.675;14.17
3346;44;55;71.063;24.55
3347;44;55;79.966;6.44
3348;44;56;104.773;7.52
3349;44;56;129.173;8.42
3350;44;56;98.687;17.61
3351;44;57;86.719;10.16
3352;44;57;81.575;5.78
3353;44;57;80.159;18.35
3354;44;58;56.025;24.91
3355;44;58;61.747;15.1
3356;44;58;67.312;20.35
3357;44;59;61.52;11.33
3358;44;59;62.794;14.66
3359;44;59;67.61;16.74
3360;45;46;55.748;19.01
3361;45;46;55.606;16.56
3362;45;47;59.369;10.45
3363;45;48;59.589;3.56
3364;45;48;63.583;23.96
3365;45;49;45.707;3.31
3366;45;50;89.522;20.36
3367;45;50;111.679;16.32
3368;45;51;48.704;13.04
3369;45;52;61.476;13.25
3370;45;52;72.314;10.33
3371;45;52;51.572;12.06
3372;45;53;108.68;22.5
3373;45;53;126.879;12.29
3374;45;53;98.311;16.32
3375;45;54;49.34;21.84
3376;45;55;38.682;7.13
3377;45;55;36.766;2.7
3378;45;55;33.801;4.07
3379;45;56;120.153;4.16
3380;45;56;138.705;21.54
3381;45;57;50.263;10.7
3382;45;57;56.633;4.97
3383;45;58;58.502;1.87
3384;45;58;59.876;1.67
3385;45;58;46.544;14.48
3386;45;59;29.769;13.98
3387;46;47;19.858;8.82
3388;46;47;24.06;15.1
3389;46;47;22.897;11.85
3390;46;48;36.461;11.25
3391;46;48;38.487;0.69
3392;46;49;11.144;11.31
3393;46;49;10.936;8.01
3394;46;49;12.293;14.68
3395;46;50;50.11;7.23
3396;46;51;36.161;7.92
3397;46;51;39.111;14.3
3398;46;52;17.743;2.17
3399;46;53;70.71;20.5
3400;46;54;57.379;2.56
3401;46;55;39.114;21.16
3402;46;55;43.7;17.66
3403;46;56;64.689;16.23
3404;46;56;71.363;2.69
3405;46;57;52.165;17.27
3406;46;58;3.37;11.87
3407;46;58;2.712;8.64
3408;46;59;36.549;15.0
3409;46;59;29.407;23.35
3410;47;48;56.036;2.98
3411;47;48;63.989;16.77
3412;47;49;26.387;7.29
3413;47;49;30.927;5.52
3414;47;50;33.148;17.87
3415;47;50;27.102;16.0
3416;47;51;54.29;6.39
3417;47;51;54.141;24.32
3418;47;51;48.559;18.84
3419;47;52;37.429;22.27
3420;47;52;39.413;14.42
3421;47;52;28.166;16.1
3422;47;53;53.868;2.85
3423;47;54;43.738;20.47
3424;47;55;54.892;7.58
3425;47;55;63.545;11.41
3426;47;56;64.812;22.79
3427;47;56;66.043;6.31
3428;47;57;69.519;3.5
3429;47;58;18.045;20.6
3430;47;58;15.133;2.09
3431;47;58;20.353;7.55
3432;47;59;49.508;22.51
3433;48;49;31.296;11.88
3434;48;50;86.045;1.13
3435;48;50;81.735;3.17
3436;48;50;89.042;2.11
3437;48;51;11.276;3.2
3438;48;51;9.947;12.64
3439;48;52;21.285;18.52
3440;48;53;106.3;8.75
3441;48;54;85.209;21.69
3442;48;54;89.614;8.23
3443;48;54;79.296;24.69
3444;48;55;21.921;23.0
3445;48;56;84.642;15.65
3446;48;56;69.342;18.36
3447;48;56;90.777;7.33
3448;48;57;22.886;23.69
3449;48;57;17.365;17.38
3450;48;58;39.058;1.16
3451;48;58;32.44;14.24
3452;48;59;29.82;8.4
3453;48;59;29.277;8.89
3454;48;59;26.804;12.9
3455;49;50;58.92;14.95
3456;49;50;51.193;17.63
3457;49;51;27.992;13.12
3458;49;51;22.907;2.75
3459;49;52;18.762;3.72
3460;49;53;79.692;18.15
3461;49;53;90.853;10.72
3462;49;54;55.507;20.94
3463;49;55;28.97;20.75
3464;49;55;33.623;5.96
3465;49;55;30.243;11.0
3466;49;56;75.499;4.86
3467;49;56;70.039;21.82
3468;49;56;70.205;13.33
3469;49;57;43.159;11.49
3470;49;57;32.917;1.01
3471;49;58;14.447;12.13
3472;49;58;17.282;7.15
3473;49;59;25.495;9.24
3474;49;59;26.61;20.52
3475;49;59;19.336;17.87
3476;50;51;86.19;17.49
3477;50;52;65.334;6.72
3478;50;52;56.4;15.78
3479;50;53;20.78;14.59
3480;50;53;21.708;9.78
3481;50;53;20.256;1.79
3482;50;54;57.053;1.59
3483;50;54;69.328;8.57
3484;50;55;87.795;7.3
3485;50;55;69.573;0.17
3486;50;55;77.255;7.64
3487;50;56;56.027;16.51
3488;50;56;50.027;22.1
3489;50;56;60.826;15.82
3490;50;57;101.946;7.79
3491;50;58;47.175;20.53
3492;50;59;82.655;18.1
3493;50;59;87.351;22.56
3494;51;52;25.527;21.35
3495;51;53;106.85;18.33
3496;51;53;95.199;15.15
3497;51;54;78.124;13.89
3498;51;54;66.152;19.07
3499;51;55;10.646;5.48
3500;51;56;91.619;22.08
3501;51;56;86.23;16.33
3502;51;57;16.31;3.61
3503;51;57;15.849;18.7
3504;51;57;18.491;1.14
3505;51;58;39.277;20.66
3506;51;59;19.04;20.83
3507;52;53;85.328;5.14
3508;52;53;104.405;5.49
3509;52;53;104.822;11.65
3510;52;54;73.528;10.6
3511;52;55;32.834;17.85
3512;52;56;66.326;10.98
3513;52;56;53.709;5.5
3514;52;57;41.555;12.35
3515;52;58;19.447;16.35
3516;52;59;35.108;20.34
3517;52;59;36.983;22.24
3518;53;54;70.951;9.05
3519;53;54;62.257;11.18
3520;53;54;86.337;3.33
3521;53;55;108.576;20.75
3522;53;55;135.112;16.88
3523;53;55;119.796;16.02
3524;53;56;61.805;16.12
3525;53;57;122.677;21.23
3526;53;57;104.821;6.44
3527;53;58;67.692;2.74
3528;53;58;58.605;21.62
3529;53;59;103.349;12.82
3530;53;59;119.621;19.53
3531;54;55;72.533;3.28
3532;54;55;73.179;15.83
3533;54;56;106.001;11.81
3534;54;57;88.165;22.74
3535;54;57;85.319;10.06
3536;54;58;57.603;20.58
3537;54;58;44.942;15.41
3538;54;58;44.05;6.28
3539;54;59;62.958;24.61
3540;54;59;71.851;20.13
3541;54;59;59.762;18.57
3542;55;56;99.029;1.46
3543;55;57;15.875;24.21
3544;55;57;13.164;16.87
3545;55;57;16.272;22.76
3546;55;58;42.456;6.28
3547;55;58;52.883;18.31
3548;55;58;40.946;22.57
3549;55;59;10.024;15.31
3550;56;57;107.07;15.54
3551;56;58;61.741;3.74
3552;56;58;56.036;5.67
3553;56;59;99.628;5.8
3554;56;59;117.622;9.79
3555;56;59;102.969;17.35
3556;57;58;55.358;14.94
3557;57;58;64.78;17.29
3558;57;58;66.416;19.57
3559;57;59;25.217;17.52
3560;57;59;24.699;24.46
3561;57;59;28.855;9.35
3562;58;59;39.896;12.74
3563;58;59;33.447;10.09
3564;58;59;43.456;19.67
