VERTEX_COUNT 60
PATH_COUNT 1
BUDGET 300
<------------ VERTICES ------------>
0;START;41.374834;2.170055;0.0;0.0
1;Basilica of the Sagrada Família;41.403568;2.174435;45.0;100.0
2;La Pedrera (Casa Milà);41.395271;2.161785;45.0;95.38
3;Palau Güell;41.378864;2.174117;45.0;95.01
4;Anella Olímpica(Olympic Park);41.364778;2.152575;45.0;86.75
5;Casa Batlló;41.391758;2.164961;45.0;81.58
6;Montjuïc Castle;41.363823;2.167096;45.0;80.49
7;Poble Espanyol;41.368679;2.147031;45.0;79.24
8;Park Güell;41.414249;2.151926;45.0;78.76
9;Basilica of Santa Maria del Mar;41.383518;2.1818;45.0;71.62
10;Basilica of Sants Just i Pastor;41.382812;2.178195;45.0;70.87
11;Passeig de Gràcia;41.390739;2.166672;45.0;70.73
12;Parc de la Ciutadella;41.389248;2.186548;45.0;68.32
13;Casa Vicens;41.403442;2.150684;45.0;67.34
14;Avinguda d’Icària;41.391556;2.197416;45.0;67.22
15;Antic Hospital de la Santa Creu;41.380573;2.170374;45.0;63.44
16;Galeria d’Art Mar Grup Escolà;41.392349;2.167836;45.0;58.91
17;Museu Nacional d’Art de Catalunya;41.36882;2.153347;45.0;55.73
18;Museu d’Història de Catalunya - MHC;41.380852;2.185799;45.0;55.24
19;Plaça de Catalunya;41.387005;2.17003;45.0;55.2
20;Plaça del Rei;41.384144;2.177409;45.0;54.08
21;Magic Fountain of Montjuïc;41.37117;2.151732;45.0;53.52
22;Royal Dockyards Museu Marítim ;41.375286;2.17598;45.0;53.42
23;Palau Montaner;41.39555;2.1652;45.0;52.61
24;Barcelona Cathedral;41.384285;2.176208;45.0;51.96
25;Poblenou Cemetery;41.394859;2.201189;45.0;51.08
26;Rambla del Raval;41.378681;2.169317;45.0;50.83
27;Casa Martí, Els Quatre Gats ;41.385775;2.173671;45.0;49.5
28;Turó de la Rovira viewing point;41.419388;2.161812;45.0;49.5
29;Museu Palmero;41.424667;2.139856;45.0;47.98
30;Museu Frederic Marès;41.384178;2.176819;45.0;47.94
31;Rambla del Poblenou;41.40192;2.200141;45.0;46.05
32;Plaça de Sant Jaume;41.382668;2.176983;45.0;45.99
33;El Fossar de les Moreres;41.383713;2.18243;45.0;45.57
34;Casa Calvet;41.390972;2.173002;45.0;45.04
35;Palau Sant Jordi;41.363441;2.152537;45.0;44.85
36;Casa Lleó Morera;41.39119;2.165511;45.0;44.37
37;Casa Comalat;41.397072;2.160723;45.0;43.36
38;Despair;41.387653;2.188076;45.0;43.23
39;Parc de Diagonal Mar;41.407215;2.214539;45.0;42.54
40;La Colmena;41.383835;2.178294;45.0;42.5
41;Old centre of the Vila de Sarrià;41.399937;2.121871;45.0;42.37
42;90th Jean Bouin;41.373077;2.150465;45.0;42.02
43;Olympic Stadium Lluís Companys;41.364746;2.155624;45.0;41.64
44;Platja de la Nova Mar Bella;41.40205;2.21529;45.0;40.02
45;Museu d’Història de Barcelona;41.384144;2.177409;45.0;39.82
46;Recinte Modernista de Sant Pau;41.411728;2.174341;45.0;39.2
47;Fountain in the Plaça Espanya;41.375027;2.149131;45.0;39.1
48;Museu de la Moto ;41.383327;2.174488;45.0;37.51
49;Lorena Ruiz de Villa;41.397858;2.146705;45.0;37.43
50;Monument to Doctor Robert;41.394924;2.175599;45.0;37.28
51;Palau de la Generalitat;41.382858;2.176741;45.0;37.2
52;Port Olímpic;41.387707;2.19939;45.0;36.47
53;Museu Picasso;41.385181;2.180863;45.0;36.38
54;Parlament de Catalunya;41.388168;2.188983;45.0;35.81
55;Casa Amatller;41.391624;2.165079;45.0;35.47
56;Torre de Bellesguard;41.40913;2.126614;45.0;35.35
57;Carrer Montcada;41.384682;2.181516;45.0;35.05
58;Plaça Reial ;41.380093;2.175269;45.0;33.88
59;FINISH;41.374834;2.170055;0.0;0.0
<------------- EDGES -------------->
0;0;1;49.491;4.02
1;0;2;36.549;10.86
2;0;2;39.789;10.79
3;0;2;45.207;18.22
4;0;3;8.647;21.56
5;0;3;8.023;8.94
6;0;3;7.088;14.71
7;0;4;28.285;19.78
8;0;5;29.69;18.72
9;0;5;32.285;20.47
10;0;6;19.222;2.37
11;0;7;31.387;3.82
12;0;8;71.35;19.09
13;0;9;21.172;23.13
14;0;9;21.068;5.1
15;0;9;23.184;18.39
16;0;10;17.194;1.62
17;0;11;27.562;11.28
18;0;11;29.737;7.91
19;0;12;32.509;16.79
20;0;13;54.909;9.01
21;0;13;52.846;13.92
22;0;13;50.961;24.29
23;0;14;45.309;12.27
24;0;14;40.176;5.24
25;0;15;9.829;14.61
26;0;15;9.168;12.65
27;0;16;30.107;19.17
28;0;16;33.122;3.25
29;0;17;23.796;3.35
30;0;17;21.061;2.46
31;0;18;22.688;7.95
32;0;18;24.51;18.29
33;0;19;20.827;3.47
34;0;19;22.368;16.34
35;0;20;18.52;3.11
36;0;20;15.65;10.78
37;0;20;19.777;18.86
38;0;21;24.35;6.7
39;0;22;7.648;4.71
40;0;22;6.57;20.72
41;0;23;35.994;16.92
42;0;23;37.454;3.58
43;0;23;30.195;7.61
44;0;24;17.999;23.21
45;0;24;21.392;18.28
46;0;25;52.651;20.76
47;0;25;41.286;0.13
48;0;26;6.651;11.05
49;0;26;7.423;5.62
50;0;27;19.29;5.85
51;0;27;23.412;18.91
52;0;28;76.973;1.24
53;0;29;93.673;8.06
54;0;30;18.196;9.24
55;0;31;60.335;5.07
56;0;32;16.089;13.44
57;0;32;14.143;12.26
58;0;32;17.276;1.33
59;0;33;21.985;14.85
60;0;33;18.206;16.5
61;0;33;26.99;21.34
62;0;34;27.874;19.14
63;0;35;29.769;5.76
64;0;36;28.59;8.22
65;0;37;39.896;0.44
66;0;37;40.815;10.25
67;0;38;31.884;6.8
68;0;38;26.831;17.84
69;0;38;29.633;10.95
70;0;39;79.572;4.76
71;0;39;70.685;22.0
72;0;39;91.848;0.05
73;0;40;18.686;3.19
74;0;41;75.314;10.48
75;0;41;67.651;7.17
76;0;42;25.336;4.55
77;0;43;25.327;7.85
78;0;43;25.004;10.62
79;0;43;26.172;18.22
80;0;44;74.442;3.68
81;0;45;18.52;1.21
82;0;45;20.907;7.39
83;0;46;63.373;12.7
84;0;46;51.577;22.19
85;0;46;66.576;24.18
86;0;47;26.871;24.53
87;0;48;15.608;17.8
88;0;49;49.508;21.47
89;0;49;60.902;18.58
90;0;49;52.288;1.0
91;0;50;35.108;4.91
92;0;50;37.908;6.03
93;0;50;41.441;13.47
94;0;51;16.194;15.8
95;0;51;17.674;6.2
96;0;52;43.634;21.34
97;0;52;49.031;16.42
98;0;52;39.572;20.61
99;0;53;22.496;0.5
100;0;54;33.336;7.66
101;0;55;29.433;9.93
102;0;55;30.493;18.47
103;0;55;25.151;12.16
104;0;56;80.959;7.84
105;0;56;61.49;4.27
106;0;57;22.373;23.83
107;0;57;22.807;7.6
108;0;57;26.541;4.26
109;0;58;11.217;4.97
110;0;58;13.918;7.53
111;0;59;0.0;17.57
112;1;2;21.57;18.64
113;1;3;42.276;5.16
114;1;3;42.079;0.67
115;1;4;72.069;19.45
116;1;4;63.721;6.14
117;1;4;61.153;4.73
118;1;5;23.587;18.99
119;1;5;21.757;16.4
120;1;6;68.662;0.98
121;1;6;61.714;3.21
122;1;7;69.299;17.84
123;1;7;76.176;4.98
124;1;8;34.185;22.77
125;1;9;35.589;20.02
126;1;10;35.845;21.14
127;1;10;41.888;7.73
128;1;10;40.255;6.72
129;1;11;24.109;23.22
130;1;11;27.463;10.42
131;1;12;29.022;20.73
132;1;12;30.332;16.94
133;1;12;35.029;6.78
134;1;13;30.486;19.99
135;1;13;31.51;9.92
136;1;13;31.855;2.86
137;1;14;35.955;9.99
138;1;14;27.228;21.29
139;1;15;39.694;20.41
140;1;16;20.984;20.07
141;1;17;65.336;1.32
142;1;17;61.83;11.76
143;1;17;57.44;0.11
144;1;18;41.52;1.72
145;1;18;47.585;12.91
146;1;18;49.753;23.59
147;1;19;28.902;3.84
148;1;19;28.077;5.25
149;1;19;31.374;22.88
150;1;20;33.457;14.29
151;1;20;33.708;16.76
152;1;20;33.15;18.57
153;1;21;62.636;13.22
154;1;21;72.77;3.34
155;1;22;48.438;12.06
156;1;22;51.363;0.01
157;1;23;18.132;12.87
158;1;24;33.076;4.22
159;1;24;36.377;22.84
160;1;24;31.653;14.4
161;1;25;37.436;22.87
162;1;26;43.091;7.35
163;1;26;45.854;4.92
164;1;26;42.95;14.93
165;1;27;30.463;12.02
166;1;27;35.974;22.66
167;1;28;31.549;11.28
168;1;29;57.209;20.08
169;1;29;64.281;9.64
170;1;30;33.322;18.94
171;1;30;32.858;2.65
172;1;31;33.115;10.17
173;1;32;35.914;16.73
174;1;32;36.299;0.58
175;1;32;34.954;1.88
176;1;33;35.493;0.54
177;1;33;35.144;21.46
178;1;33;36.075;16.08
179;1;34;21.633;23.24
180;1;35;74.2;2.96
181;1;35;61.334;16.06
182;1;36;24.081;12.75
183;1;36;19.74;1.61
184;1;37;20.817;20.55
185;1;37;18.331;22.04
186;1;38;32.378;23.44
187;1;39;51.851;11.11
188;1;39;63.252;0.08
189;1;39;42.69;17.11
190;1;40;34.129;18.51
191;1;41;67.755;19.77
192;1;41;72.238;0.44
193;1;42;60.577;17.91
194;1;43;70.687;1.36
195;1;44;52.504;19.49
196;1;44;44.119;4.41
197;1;44;46.71;13.61
198;1;45;33.457;20.67
199;1;46;13.964;12.72
200;1;46;13.713;6.3
201;1;47;58.657;14.3
202;1;47;61.754;24.7
203;1;47;51.976;7.51
204;1;48;34.637;14.44
205;1;48;35.034;19.04
206;1;48;41.028;15.36
207;1;49;36.911;13.74
208;1;50;14.867;13.99
209;1;50;11.346;1.24
210;1;50;15.918;13.35
211;1;51;35.563;17.1
212;1;51;37.049;21.08
213;1;51;39.712;9.93
214;1;52;41.987;22.89
215;1;52;47.264;14.35
216;1;52;44.359;22.3
217;1;53;32.528;7.71
218;1;53;27.259;11.77
219;1;53;26.549;10.03
220;1;54;32.299;9.85
221;1;54;36.699;12.8
222;1;55;23.706;24.97
223;1;55;28.428;2.37
224;1;55;23.307;21.66
225;1;56;62.111;21.29
226;1;56;50.394;10.73
227;1;57;33.572;11.27
228;1;58;40.185;8.28
229;1;58;39.408;3.14
230;1;58;33.273;23.89
231;1;59;49.491;3.56
232;2;3;32.233;7.61
233;2;3;29.365;19.07
234;2;4;53.504;11.07
235;2;4;63.221;8.64
236;2;5;7.264;16.46
237;2;5;7.334;2.02
238;2;5;5.743;0.71
239;2;6;54.245;12.53
240;2;7;49.291;9.41
241;2;7;59.324;13.03
242;2;8;34.854;9.87
243;2;8;33.823;18.22
244;2;9;32.631;24.39
245;2;9;28.451;18.17
246;2;10;29.973;3.91
247;2;11;9.975;4.64
248;2;11;11.658;2.56
249;2;12;33.419;16.35
250;2;12;31.134;19.61
251;2;13;19.964;11.92
252;2;13;19.173;17.01
253;2;13;24.034;11.01
254;2;14;46.181;14.29
255;2;14;36.554;18.26
256;2;14;50.262;19.99
257;2;15;27.463;3.97
258;2;15;26.401;23.46
259;2;16;9.238;15.07
260;2;16;10.326;9.99
261;2;17;46.542;23.59
262;2;17;46.621;24.7
263;2;18;39.488;20.49
264;2;18;48.52;14.57
265;2;18;39.773;23.11
266;2;19;17.667;9.0
267;2;19;18.703;22.86
268;2;20;27.657;19.08
269;2;21;43.215;8.98
270;2;22;38.752;8.99
271;2;23;4.41;14.26
272;2;23;4.649;7.45
273;2;23;5.502;11.62
274;2;24;26.387;6.91
275;2;24;25.493;3.48
276;2;25;50.588;1.23
277;2;25;54.112;18.55
278;2;25;43.555;5.69
279;2;26;29.991;1.15
280;2;27;22.291;11.86
281;2;27;22.758;6.36
282;2;27;24.552;23.97
283;2;28;41.27;13.1
284;2;28;44.648;16.65
285;2;29;57.641;7.88
286;2;30;27.071;6.47
287;2;30;21.291;5.69
288;2;31;50.533;20.02
289;2;32;29.083;8.89
290;2;33;33.071;16.9
291;2;33;30.5;8.96
292;2;34;16.17;3.38
293;2;35;55.748;23.49
294;2;35;45.728;12.13
295;2;35;47.68;7.76
296;2;36;8.465;2.85
297;2;36;8.074;0.88
298;2;36;7.274;14.2
299;2;37;3.37;11.76
300;2;37;3.093;7.02
301;2;38;36.182;2.91
302;2;39;70.732;4.36
303;2;39;67.5;6.96
304;2;39;57.795;12.43
305;2;40;28.847;7.58
306;2;41;51.854;24.59
307;2;41;63.381;15.16
308;2;41;62.749;23.7
309;2;42;40.666;23.48
310;2;43;52.831;5.62
311;2;44;69.654;21.16
312;2;44;61.619;23.31
313;2;44;55.743;15.25
314;2;45;27.657;17.1
315;2;45;29.367;11.01
316;2;46;32.447;15.83
317;2;46;35.33;9.66
318;2;46;37.016;8.82
319;2;47;38.263;8.21
320;2;47;44.61;8.76
321;2;48;26.148;16.69
322;2;49;19.858;22.22
323;2;49;22.041;12.06
324;2;50;17.743;21.91
325;2;51;28.633;2.38
326;2;51;28.977;13.42
327;2;52;49.982;13.23
328;2;53;29.967;20.97
329;2;54;36.971;15.3
330;2;55;7.539;16.66
331;2;55;6.162;22.36
332;2;56;50.995;21.94
333;2;56;54.689;4.49
334;2;57;31.145;20.22
335;2;58;31.214;24.83
336;2;59;36.549;5.86
337;2;59;39.335;10.23
338;2;59;36.89;20.35
339;3;4;36.692;11.1
340;3;4;40.023;2.37
341;3;4;42.506;10.62
342;3;5;25.001;2.62
343;3;6;27.272;7.15
344;3;6;27.036;22.11
345;3;7;38.904;22.64
346;3;7;37.116;7.02
347;3;7;34.127;19.24
348;3;8;66.918;17.91
349;3;8;70.225;2.62
350;3;8;56.816;2.8
351;3;9;12.678;22.04
352;3;9;14.078;19.93
353;3;9;15.292;0.27
354;3;10;8.547;12.39
355;3;10;9.104;4.55
356;3;11;22.457;17.08
357;3;11;18.488;13.49
358;3;11;18.363;1.21
359;3;12;23.885;14.74
360;3;12;24.805;0.24
361;3;13;51.71;21.8
362;3;13;46.037;23.85
363;3;13;53.806;1.69
364;3;14;36.967;15.26
365;3;15;5.626;23.86
366;3;15;5.775;11.89
367;3;15;5.508;5.74
368;3;16;24.444;18.92
369;3;16;24.355;22.98
370;3;17;31.73;24.08
371;3;17;37.107;19.27
372;3;18;15.381;10.41
373;3;19;14.887;23.98
374;3;20;9.975;13.62
375;3;21;31.617;7.65
376;3;21;26.814;4.6
377;3;22;6.574;12.64
378;3;22;6.924;13.6
379;3;23;30.763;23.55
380;3;24;9.657;11.73
381;3;24;7.28;0.63
382;3;25;44.241;1.56
383;3;25;46.048;16.84
384;3;25;48.251;1.91
385;3;26;6.171;8.0
386;3;26;5.854;16.75
387;3;26;6.065;15.38
388;3;27;11.84;5.37
389;3;27;9.705;24.68
390;3;27;14.328;9.81
391;3;28;71.122;4.37
392;3;28;67.408;3.97
393;3;29;89.874;19.8
394;3;30;9.733;14.99
395;3;30;8.584;1.63
396;3;31;51.699;3.62
397;3;31;41.862;6.12
398;3;31;64.07;3.32
399;3;32;7.478;14.53
400;3;32;6.424;10.04
401;3;32;7.393;2.0
402;3;33;13.52;14.65
403;3;33;15.595;22.41
404;3;33;14.269;22.54
405;3;34;20.769;16.79
406;3;35;38.269;4.89
407;3;35;36.238;14.18
408;3;36;23.811;17.3
409;3;37;35.588;6.49
410;3;37;29.38;4.19
411;3;38;23.397;4.41
412;3;39;71.038;19.77
413;3;39;76.48;15.55
414;3;39;62.486;0.37
415;3;40;10.056;23.03
416;3;40;11.001;20.17
417;3;40;10.63;7.39
418;3;41;76.154;23.86
419;3;41;92.79;18.89
420;3;42;31.945;10.75
421;3;43;33.877;7.57
422;3;43;37.658;19.9
423;3;43;33.309;17.44
424;3;44;66.092;20.37
425;3;44;65.322;23.34
426;3;44;71.304;10.53
427;3;45;9.975;9.8
428;3;45;11.534;0.34
429;3;45;8.012;12.7
430;3;46;56.239;11.21
431;3;46;62.463;3.25
432;3;47;32.749;13.5
433;3;48;7.652;3.06
434;3;48;8.935;7.32
435;3;49;47.906;15.51
436;3;49;59.636;21.64
437;3;49;48.752;0.51
438;3;50;27.548;11.2
439;3;51;7.62;17.9
440;3;52;35.804;20.48
441;3;53;13.852;16.67
442;3;53;14.421;21.92
443;3;54;24.856;6.12
444;3;54;30.453;14.35
445;3;54;26.942;2.34
446;3;55;24.727;4.97
447;3;56;80.007;8.75
448;3;56;82.984;2.82
449;3;57;13.761;23.51
450;3;58;2.571;19.75
451;3;58;2.382;4.82
452;3;59;8.647;9.7
453;3;59;8.188;13.83
454;3;59;8.651;1.51
455;4;5;48.832;23.19
456;4;6;18.721;22.8
457;4;6;21.603;5.65
458;4;6;17.782;10.28
459;4;7;9.76;12.15
460;4;7;10.572;12.41
461;4;8;84.661;20.73
462;4;9;49.364;5.42
463;4;10;45.108;1.92
464;4;11;47.972;8.39
465;4;11;43.537;9.63
466;4;12;60.469;2.39
467;4;13;66.208;17.77
468;4;14;73.587;17.07
469;4;15;35.398;3.65
470;4;15;41.61;3.16
471;4;16;51.088;3.68
472;4;16;49.473;10.44
473;4;16;45.944;8.3
474;4;17;6.988;15.54
475;4;18;50.763;8.61
476;4;18;57.762;9.29
477;4;18;40.997;22.39
478;4;19;44.149;1.42
479;4;19;51.878;7.95
480;4;19;39.162;8.04
481;4;20;45.992;9.58
482;4;21;10.992;6.23
483;4;22;35.025;18.3
484;4;22;30.407;13.22
485;4;22;38.42;17.7
486;4;23;55.097;20.82
487;4;23;60.912;17.84
488;4;24;45.114;11.7
489;4;24;49.819;23.12
490;4;25;80.908;0.89
491;4;25;72.913;4.54
492;4;25;69.913;10.75
493;4;26;32.067;21.91
494;4;26;34.416;1.58
495;4;26;35.749;14.32
496;4;27;44.999;17.43
497;4;28;94.2;16.53
498;4;28;102.977;19.0
499;4;29;103.777;7.86
500;4;29;83.518;19.17
501;4;29;118.782;5.68
502;4;30;45.512;10.45
503;4;31;88.145;11.61
504;4;32;43.814;13.06
505;4;32;43.757;19.12
506;4;32;51.888;2.73
507;4;33;50.197;14.21
508;4;33;37.777;22.05
509;4;33;50.416;17.67
510;4;34;51.935;10.1
511;4;35;2.288;1.15
512;4;36;48.153;7.88
513;4;36;42.209;10.85
514;4;36;37.474;8.02
515;4;37;56.245;0.16
516;4;37;49.969;2.03
517;4;37;49.985;16.95
518;4;38;60.087;10.59
519;4;39;107.715;17.13
520;4;40;46.414;12.9
521;4;40;57.871;23.16
522;4;40;54.033;15.23
523;4;41;71.931;0.39
524;4;41;86.502;10.08
525;4;42;14.458;20.18
526;4;43;3.916;18.69
527;4;43;3.42;12.4
528;4;43;3.877;22.08
529;4;44;102.722;17.14
530;4;45;45.992;19.61
531;4;45;48.795;10.23
532;4;46;85.064;4.37
533;4;46;103.625;4.88
534;4;47;18.088;1.39
535;4;47;20.575;6.18
536;4;47;17.511;16.09
537;4;48;42.419;13.02
538;4;48;38.216;12.04
539;4;49;57.108;2.98
540;4;49;48.609;15.92
541;4;49;46.681;22.05
542;4;50;59.458;11.48
543;4;50;55.951;7.85
544;4;50;61.75;7.72
545;4;51;43.821;18.64
546;4;52;71.786;15.2
547;4;53;50.384;8.01
548;4;54;61.544;19.92
549;4;55;48.665;22.85
550;4;55;49.467;8.99
551;4;56;82.893;13.7
552;4;57;50.411;20.75
553;4;57;60.426;3.43
554;4;58;39.194;22.0
555;4;59;28.285;13.77
556;4;59;29.211;23.61
557;5;6;47.882;2.42
558;5;6;42.31;12.74
559;5;6;39.241;13.89
560;5;7;45.714;22.03
561;5;8;41.967;9.86
562;5;8;43.001;15.82
563;5;8;50.31;12.18
564;5;9;25.811;21.55
565;5;9;23.288;11.61
566;5;9;21.758;19.24
567;5;10;22.87;4.18
568;5;10;25.247;6.65
569;5;11;2.805;18.17
570;5;12;28.044;14.08
571;5;12;29.577;6.05
572;5;12;28.983;24.48
573;5;13;27.123;20.68
574;5;14;41.666;1.02
575;5;14;43.498;3.49
576;5;15;20.363;7.47
577;5;15;21.165;15.7
578;5;16;3.827;4.06
579;5;16;3.581;9.34
580;5;16;4.733;23.11
581;5;17;41.989;19.52
582;5;18;32.62;19.12
583;5;19;10.416;5.33
584;5;19;10.69;12.77
585;5;20;20.62;11.4
586;5;21;39.112;2.62
587;5;21;39.142;19.16
588;5;22;31.539;24.59
589;5;22;36.897;1.61
590;5;22;27.922;17.43
591;5;23;6.496;14.23
592;5;23;5.152;6.98
593;5;23;4.958;9.81
594;5;24;19.288;16.56
595;5;24;14.83;19.18
596;5;24;21.022;4.33
597;5;25;46.809;1.84
598;5;25;40.796;9.72
599;5;26;23.066;20.68
600;5;27;15.161;21.17
601;5;28;47.454;23.55
602;5;28;54.959;9.23
603;5;28;39.201;17.14
604;5;29;64.881;5.34
605;5;29;60.9;0.73
606;5;30;20.0;19.4
607;5;30;18.398;4.43
608;5;30;23.104;18.42
609;5;31;48.392;19.03
610;5;31;59.356;20.54
611;5;31;57.917;19.64
612;5;32;21.913;14.39
613;5;32;20.485;20.06
614;5;33;26.316;7.05
615;5;33;31.526;17.17
616;5;34;10.41;4.93
617;5;34;11.573;12.18
618;5;34;11.825;20.64
619;5;35;51.015;21.25
620;5;35;55.648;3.68
621;5;35;55.282;7.78
622;5;36;1.201;7.49
623;5;37;10.597;2.81
624;5;38;30.495;21.3
625;5;39;68.917;22.16
626;5;39;68.899;0.95
627;5;40;21.837;14.1
628;5;40;27.009;21.5
629;5;40;16.777;5.08
630;5;41;57.058;2.03
631;5;41;49.429;5.66
632;5;42;36.992;9.91
633;5;42;27.797;18.13
634;5;43;47.753;13.56
635;5;43;58.669;16.03
636;5;43;41.528;10.78
637;5;44;66.963;7.58
638;5;45;20.62;17.99
639;5;46;36.232;0.93
640;5;46;27.501;9.25
641;5;46;28.965;11.38
642;5;47;35.111;2.58
643;5;47;31.707;16.76
644;5;48;18.914;8.23
645;5;48;21.008;4.77
646;5;48;15.831;23.35
647;5;49;25.655;5.6
648;5;49;26.801;20.68
649;5;50;14.692;6.61
650;5;50;17.295;0.91
651;5;50;17.978;5.93
652;5;51;21.464;17.09
653;5;51;19.839;10.48
654;5;52;44.741;16.43
655;5;53;23.312;4.43
656;5;53;17.558;17.35
657;5;53;17.866;15.59
658;5;54;31.446;23.59
659;5;54;26.65;8.0
660;5;55;0.275;17.91
661;5;56;57.503;2.33
662;5;56;67.181;20.81
663;5;56;46.06;14.63
664;5;57;24.461;22.57
665;5;57;28.885;16.31
666;5;57;24.645;19.81
667;5;58;23.95;2.7
668;5;58;20.529;24.03
669;5;59;29.69;6.87
670;5;59;29.499;4.94
671;6;7;27.076;21.55
672;6;8;88.461;16.26
673;6;9;38.631;14.11
674;6;9;32.009;11.99
675;6;10;35.483;2.06
676;6;10;43.596;2.65
677;6;10;28.428;22.15
678;6;11;46.063;8.53
679;6;12;50.168;20.16
680;6;12;60.572;3.35
681;6;13;70.996;24.39
682;6;13;86.204;3.38
683;6;13;60.695;14.74
684;6;14;61.384;3.88
685;6;14;53.366;17.3
686;6;15;28.971;10.84
687;6;15;33.448;11.98
688;6;16;48.824;1.29
689;6;17;19.619;17.15
690;6;18;37.763;13.98
691;6;19;39.848;20.96
692;6;20;37.21;1.77
693;6;20;39.44;10.18
694;6;21;23.396;15.61
695;6;21;20.978;10.79
696;6;22;22.692;17.73
697;6;22;18.422;23.94
698;6;22;28.011;8.32
699;6;23;54.347;16.42
700;6;23;44.95;4.32
701;6;23;49.889;10.73
702;6;24;36.918;10.03
703;6;24;33.47;7.44
704;6;25;68.826;4.09
705;6;25;61.193;24.9
706;6;26;25.585;4.85
707;6;27;38.502;8.52
708;6;27;40.739;24.62
709;6;28;95.326;22.57
710;6;28;99.743;13.37
711;6;29;109.833;6.02
712;6;29;109.876;17.12
713;6;29;113.659;17.39
714;6;30;37.002;24.81
715;6;31;77.783;5.61
716;6;31;71.389;19.35
717;6;32;34.657;3.0
718;6;32;41.294;12.78
719;6;32;28.536;24.6
720;6;33;39.322;3.23
721;6;34;47.073;25.0
722;6;34;58.194;7.78
723;6;34;46.797;8.53
724;6;35;18.71;19.76
725;6;35;20.236;3.99
726;6;35;19.703;15.08
727;6;36;46.875;19.4
728;6;36;49.173;7.58
729;6;36;58.518;12.9
730;6;37;57.482;5.21
731;6;38;48.874;19.67
732;6;38;52.689;24.0
733;6;38;59.654;13.27
734;6;39;96.041;0.42
735;6;40;37.142;11.32
736;6;40;41.135;2.66
737;6;40;28.005;16.49
738;6;41;84.8;18.94
739;6;41;91.926;1.33
740;6;41;66.885;10.22
741;6;42;26.588;4.4
742;6;42;24.345;9.31
743;6;42;26.91;4.98
744;6;43;14.818;16.22
745;6;43;16.975;18.36
746;6;44;90.045;11.95
747;6;44;88.666;10.65
748;6;45;37.21;7.52
749;6;46;82.502;14.63
750;6;47;29.998;17.73
751;6;47;31.083;18.19
752;6;48;34.699;14.62
753;6;48;29.71;20.49
754;6;49;63.856;13.64
755;6;49;75.156;17.04
756;6;50;54.329;8.69
757;6;51;34.848;11.3
758;6;51;36.392;1.74
759;6;52;58.224;17.0
760;6;52;46.453;13.16
761;6;53;40.599;8.79
762;6;53;35.345;8.75
763;6;54;50.254;9.24
764;6;54;60.108;8.51
765;6;54;60.128;24.08
766;6;55;47.644;3.83
767;6;55;43.998;18.48
768;6;56;93.34;12.98
769;6;56;89.636;7.52
770;6;57;40.212;5.33
771;6;57;47.041;15.78
772;6;58;29.754;20.57
773;6;58;28.409;19.58
774;6;59;19.222;7.98
775;6;59;21.093;9.08
776;7;8;78.233;5.65
777;7;8;89.485;1.38
778;7;8;83.572;13.31
779;7;9;51.362;22.96
780;7;10;46.758;23.95
781;7;11;45.399;9.54
782;7;11;54.444;14.8
783;7;11;44.856;24.06
784;7;12;61.754;4.24
785;7;12;68.944;0.96
786;7;12;48.99;0.41
787;7;13;59.672;19.15
788;7;13;57.28;11.7
789;7;13;52.534;14.69
790;7;14;75.617;5.73
791;7;15;36.232;21.91
792;7;16;48.521;18.13
793;7;16;59.047;11.4
794;7;17;8.115;6.71
795;7;18;53.965;7.79
796;7;18;45.931;18.55
797;7;18;52.934;8.71
798;7;19;43.076;12.66
799;7;20;47.138;19.28
800;7;20;37.519;6.44
801;7;21;7.39;8.39
802;7;21;8.188;11.3
803;7;22;38.857;10.08
804;7;22;41.497;6.04
805;7;22;46.385;1.48
806;7;23;51.562;24.88
807;7;24;46.009;0.22
808;7;24;55.286;20.83
809;7;25;82.719;16.55
810;7;25;62.453;14.88
811;7;26;33.346;13.8
812;7;26;26.258;3.68
813;7;26;26.838;16.21
814;7;27;45.011;17.83
815;7;27;51.063;10.36
816;7;28;88.825;1.26
817;7;28;79.217;5.03
818;7;29;96.25;3.02
819;7;29;73.488;10.42
820;7;30;46.546;10.36
821;7;30;52.411;6.2
822;7;31;88.799;22.96
823;7;31;87.022;8.61
824;7;31;78.627;22.97
825;7;32;45.302;2.34
826;7;32;41.562;0.7
827;7;32;38.437;0.96
828;7;33;52.231;21.79
829;7;33;57.79;16.68
830;7;33;63.495;6.75
831;7;34;50.669;16.38
832;7;34;57.465;17.42
833;7;34;53.869;14.87
834;7;35;11.417;14.46
835;7;35;10.5;22.69
836;7;35;9.082;4.45
837;7;36;45.243;14.58
838;7;36;55.224;22.81
839;7;36;54.849;2.59
840;7;37;51.67;19.16
841;7;38;61.902;8.71
842;7;38;54.829;12.95
843;7;38;52.547;9.85
844;7;39;108.905;12.92
845;7;40;47.793;8.74
846;7;40;46.089;20.34
847;7;40;47.109;19.86
848;7;41;62.487;4.41
849;7;41;57.0;19.78
850;7;41;50.219;18.11
851;7;42;8.722;0.0
852;7;42;8.044;5.09
853;7;43;12.926;4.83
854;7;43;14.188;4.33
855;7;44;104.601;13.87
856;7;44;95.924;15.81
857;7;44;92.165;21.56
858;7;45;47.138;0.4
859;7;46;81.584;14.19
860;7;46;70.001;17.48
861;7;46;66.741;20.01
862;7;47;11.193;0.91
863;7;48;43.259;24.85
864;7;48;45.864;3.59
865;7;48;48.621;18.47
866;7;49;49.934;3.23
867;7;49;41.364;21.2
868;7;50;57.987;20.32
869;7;50;71.416;22.22
870;7;51;45.212;11.58
871;7;51;48.86;19.2
872;7;51;54.572;9.27
873;7;52;74.701;22.07
874;7;52;62.219;14.21
875;7;53;51.814;18.05
876;7;53;57.656;7.93
877;7;53;61.43;6.79
878;7;54;63.356;12.43
879;7;54;64.549;9.83
880;7;54;57.552;22.07
881;7;55;45.593;16.32
882;7;56;74.018;17.32
883;7;57;52.065;3.8
884;7;58;41.187;18.15
885;7;58;39.85;23.77
886;7;58;33.49;13.81
887;7;59;31.387;3.45
888;7;59;29.993;23.22
889;7;59;30.981;11.59
890;8;9;65.084;11.6
891;8;9;58.335;5.74
892;8;9;69.871;24.43
893;8;10;63.49;19.39
894;8;10;49.291;2.31
895;8;10;57.7;2.33
896;8;11;44.461;5.02
897;8;11;36.326;20.57
898;8;12;61.687;21.63
899;8;12;54.999;0.04
900;8;12;48.893;11.15
901;8;13;18.562;24.51
902;8;13;22.899;19.93
903;8;13;19.049;22.81
904;8;14;70.123;20.68
905;8;15;62.303;8.58
906;8;15;61.315;6.99
907;8;15;68.167;3.51
908;8;16;42.679;15.01
909;8;16;39.5;7.36
910;8;17;77.761;14.48
911;8;17;94.047;5.97
912;8;18;71.81;15.6
913;8;18;63.406;20.6
914;8;19;52.091;12.86
915;8;19;57.878;9.81
916;8;19;63.769;16.14
917;8;20;61.024;23.98
918;8;20;69.458;16.26
919;8;21;73.718;4.76
920;8;21;56.152;10.53
921;8;21;76.107;14.22
922;8;22;73.478;20.83
923;8;22;81.152;19.33
924;8;23;36.251;0.74
925;8;24;60.005;15.05
926;8;24;66.528;9.85
927;8;24;63.37;22.62
928;8;25;71.407;15.09
929;8;25;79.354;1.12
930;8;26;64.83;21.49
931;8;27;56.153;15.0
932;8;27;43.864;20.24
933;8;28;15.436;5.1
934;8;28;18.94;4.83
935;8;28;12.569;7.03
936;8;29;23.616;9.73
937;8;29;22.781;6.47
938;8;29;27.182;12.09
939;8;30;60.572;1.69
940;8;30;71.469;24.81
941;8;30;66.936;1.06
942;8;31;65.379;23.72
943;8;31;74.621;5.29
944;8;32;62.89;4.43
945;8;32;57.893;5.58
946;8;32;51.129;4.95
947;8;33;65.297;13.13
948;8;33;68.053;11.9
949;8;34;48.15;24.81
950;8;35;86.948;24.57
951;8;35;69.167;20.51
952;8;36;43.14;19.68
953;8;36;37.453;4.58
954;8;36;32.859;11.65
955;8;37;31.488;17.31
956;8;37;36.743;6.61
957;8;38;64.996;23.69
958;8;38;59.532;21.51
959;8;39;81.254;1.01
960;8;40;62.083;19.28
961;8;40;50.065;7.26
962;8;40;68.293;23.37
963;8;41;45.693;10.25
964;8;42;70.48;7.27
965;8;42;72.842;22.29
966;8;42;83.462;4.12
967;8;43;84.844;3.85
968;8;44;83.961;23.85
969;8;44;102.917;10.49
970;8;44;74.443;0.69
971;8;45;61.024;16.04
972;8;46;29.088;12.29
973;8;46;34.878;4.99
974;8;46;23.277;17.46
975;8;47;67.214;15.28
976;8;47;56.38;7.87
977;8;47;81.203;20.83
978;8;48;60.322;6.3
979;8;48;59.725;14.92
980;8;49;28.838;1.08
981;8;49;30.946;8.59
982;8;50;44.909;6.26
983;8;51;62.451;0.27
984;8;51;75.776;20.49
985;8;52;75.991;12.62
986;8;52;76.621;18.56
987;8;52;76.119;24.33
988;8;53;62.08;2.27
989;8;53;53.088;17.09
990;8;54;65.226;14.95
991;8;54;80.826;3.15
992;8;55;42.237;15.4
993;8;55;43.554;18.98
994;8;56;33.645;5.47
995;8;56;28.48;12.44
996;8;56;26.985;23.1
997;8;57;63.266;4.76
998;8;57;76.658;17.95
999;8;57;68.041;9.9
1000;8;58;65.682;24.78
1001;8;58;64.743;15.85
1002;8;58;64.999;2.94
1003;8;59;71.35;8.84
1004;9;10;4.784;15.18
1005;9;11;23.02;12.34
1006;9;11;19.687;21.06
1007;9;11;20.074;12.19
1008;9;12;11.546;10.19
1009;9;13;52.517;14.94
1010;9;13;41.97;8.16
1011;9;14;24.314;18.86
1012;9;14;27.339;19.68
1013;9;15;15.512;3.48
1014;9;15;19.032;15.15
1015;9;15;14.741;13.48
1016;9;16;23.447;8.17
1017;9;16;26.634;17.17
1018;9;16;18.714;18.16
1019;9;17;44.356;5.82
1020;9;18;6.869;5.3
1021;9;18;7.007;21.23
1022;9;19;16.247;13.74
1023;9;19;15.241;4.72
1024;9;20;5.739;6.97
1025;9;20;5.192;4.01
1026;9;20;5.383;7.98
1027;9;21;44.013;0.1
1028;9;22;15.946;14.1
1029;9;22;14.148;0.03
1030;9;22;16.274;4.14
1031;9;23;29.633;12.99
1032;9;23;22.575;22.58
1033;9;23;25.914;9.19
1034;9;24;7.299;8.43
1035;9;24;7.662;13.44
1036;9;24;6.342;9.55
1037;9;25;31.563;19.38
1038;9;25;31.77;6.68
1039;9;25;26.587;13.08
1040;9;26;18.039;12.75
1041;9;26;20.474;17.14
1042;9;26;18.926;20.43
1043;9;27;11.129;20.5
1044;9;28;66.528;14.66
1045;9;28;69.817;13.64
1046;9;29;88.638;11.89
1047;9;29;73.266;17.57
1048;9;29;81.756;20.57
1049;9;30;6.494;10.66
1050;9;30;7.839;12.83
1051;9;31;39.319;18.13
1052;9;32;6.354;0.25
1053;9;33;0.875;24.19
1054;9;33;0.741;21.82
1055;9;34;17.038;23.81
1056;9;34;14.315;7.11
1057;9;35;50.916;22.27
1058;9;36;24.692;11.69
1059;9;36;26.905;24.74
1060;9;36;25.377;16.33
1061;9;37;35.639;15.53
1062;9;38;10.724;5.85
1063;9;39;58.401;1.32
1064;9;39;60.065;24.1
1065;9;40;4.534;1.69
1066;9;40;5.522;14.04
1067;9;40;3.749;3.61
1068;9;41;81.905;6.27
1069;9;42;44.025;21.87
1070;9;42;41.32;3.54
1071;9;42;34.66;19.42
1072;9;43;46.495;8.53
1073;9;43;45.493;10.94
1074;9;43;46.414;20.09
1075;9;44;53.424;14.15
1076;9;44;55.927;17.29
1077;9;45;5.739;20.3
1078;9;45;6.655;0.84
1079;9;46;49.214;20.43
1080;9;47;44.393;6.84
1081;9;47;46.378;1.73
1082;9;48;9.394;11.24
1083;9;48;9.625;8.09
1084;9;49;51.304;6.64
1085;9;49;60.392;22.68
1086;9;49;57.06;15.99
1087;9;50;21.079;21.74
1088;9;51;6.593;1.51
1089;9;51;5.138;13.68
1090;9;52;23.694;14.73
1091;9;53;3.09;22.98
1092;9;54;12.181;7.02
1093;9;54;9.814;6.27
1094;9;54;9.499;10.45
1095;9;55;25.559;22.85
1096;9;55;19.626;24.23
1097;9;56;83.303;8.04
1098;9;57;2.025;14.35
1099;9;57;2.511;22.94
1100;9;57;1.954;18.89
1101;9;58;10.231;19.46
1102;9;59;21.172;14.9
1103;9;59;22.244;2.31
1104;9;59;24.179;18.4
1105;10;11;20.072;7.96
1106;10;12;15.372;13.97
1107;10;13;49.936;0.81
1108;10;13;56.468;20.05
1109;10;14;28.859;0.2
1110;10;14;27.538;2.37
1111;10;15;10.748;20.08
1112;10;16;21.053;15.05
1113;10;17;39.892;1.55
1114;10;17;35.184;2.54
1115;10;18;10.323;14.76
1116;10;18;11.025;0.8
1117;10;19;12.704;21.43
1118;10;19;11.083;0.21
1119;10;20;2.493;4.88
1120;10;21;39.39;14.87
1121;10;21;48.348;24.75
1122;10;21;42.481;7.68
1123;10;22;13.189;12.8
1124;10;22;11.334;0.4
1125;10;22;15.026;12.18
1126;10;23;27.449;19.21
1127;10;23;30.634;2.07
1128;10;24;3.586;17.3
1129;10;25;36.006;17.45
1130;10;25;41.623;2.69
1131;10;26;13.413;17.93
1132;10;27;7.711;1.95
1133;10;28;66.028;16.99
1134;10;28;77.811;21.19
1135;10;29;86.899;6.97
1136;10;29;81.653;21.95
1137;10;30;2.93;24.94
1138;10;31;43.161;2.1
1139;10;31;53.423;6.24
1140;10;31;41.748;11.83
1141;10;32;1.576;22.14
1142;10;32;1.916;12.36
1143;10;32;1.819;0.59
1144;10;33;5.652;2.21
1145;10;33;4.699;15.57
1146;10;34;15.474;19.23
1147;10;34;18.054;15.87
1148;10;35;46.738;15.34
1149;10;36;21.696;21.69
1150;10;36;20.307;11.8
1151;10;37;33.145;4.66
1152;10;37;39.616;8.42
1153;10;37;27.291;18.08
1154;10;38;15.151;11.25
1155;10;39;62.614;2.99
1156;10;39;74.691;13.45
1157;10;40;1.755;17.91
1158;10;40;1.493;0.7
1159;10;40;1.878;19.44
1160;10;41;78.02;2.8
1161;10;41;73.315;11.43
1162;10;42;39.311;3.5
1163;10;42;29.531;12.21
1164;10;43;42.377;5.14
1165;10;43;50.177;9.46
1166;10;44;57.892;17.71
1167;10;44;67.963;19.31
1168;10;45;2.493;16.23
1169;10;45;2.732;4.26
1170;10;45;2.234;1.38
1171;10;46;49.729;14.66
1172;10;47;39.625;6.37
1173;10;47;44.048;0.71
1174;10;47;44.628;10.47
1175;10;48;4.84;2.66
1176;10;48;5.771;7.64
1177;10;48;5.513;13.22
1178;10;49;47.93;16.03
1179;10;49;46.108;5.11
1180;10;50;20.993;21.26
1181;10;51;1.869;9.13
1182;10;51;1.829;1.97
1183;10;51;2.103;10.09
1184;10;52;28.472;20.25
1185;10;53;5.307;11.88
1186;10;54;16.609;20.72
1187;10;54;15.998;9.33
1188;10;54;19.474;0.89
1189;10;55;22.604;3.7
1190;10;56;80.078;7.24
1191;10;57;5.331;14.84
1192;10;57;5.163;1.32
1193;10;57;6.641;18.0
1194;10;58;5.98;8.91
1195;10;59;17.194;5.17
1196;11;12;25.644;24.78
1197;11;12;20.247;6.25
1198;11;13;29.895;10.29
1199;11;13;22.85;21.76
1200;11;14;39.493;13.55
1201;11;15;18.034;16.36
1202;11;15;14.481;13.71
1203;11;16;3.134;8.31
1204;11;16;3.395;10.11
1205;11;16;3.576;24.59
1206;11;17;41.226;1.65
1207;11;18;29.821;9.73
1208;11;18;24.675;12.23
1209;11;18;29.632;9.34
1210;11;19;7.708;0.5
1211;11;19;9.225;6.81
1212;11;19;7.647;7.49
1213;11;20;17.815;9.57
1214;11;20;18.785;5.08
1215;11;21;38.592;13.03
1216;11;21;36.96;0.79
1217;11;22;29.019;0.33
1218;11;23;8.447;19.82
1219;11;23;6.799;0.87
1220;11;24;16.488;23.22
1221;11;25;44.869;20.45
1222;11;26;20.912;17.98
1223;11;26;20.108;7.1
1224;11;26;22.0;3.52
1225;11;27;12.365;3.56
1226;11;27;15.013;17.48
1227;11;28;49.42;21.52
1228;11;28;55.671;20.87
1229;11;28;59.803;21.59
1230;11;29;67.493;16.51
1231;11;30;17.198;20.86
1232;11;30;18.253;24.78
1233;11;31;47.031;20.14
1234;11;31;49.315;19.36
1235;11;31;43.93;12.96
1236;11;32;19.131;22.64
1237;11;33;23.534;1.18
1238;11;34;8.136;12.26
1239;11;35;50.115;0.51
1240;11;36;1.678;2.46
1241;11;36;1.436;6.08
1242;11;37;13.258;23.87
1243;11;38;27.982;22.24
1244;11;38;27.103;14.34
1245;11;39;67.603;3.31
1246;11;39;82.312;24.36
1247;11;40;19.032;7.03
1248;11;40;20.999;23.57
1249;11;41;59.626;0.24
1250;11;42;36.695;13.38
1251;11;43;46.687;24.71
1252;11;44;65.343;22.66
1253;11;44;80.748;20.16
1254;11;45;17.815;7.15
1255;11;45;16.13;4.44
1256;11;46;37.242;20.2
1257;11;47;35.073;10.88
1258;11;47;37.621;7.15
1259;11;48;16.173;6.95
1260;11;48;17.673;11.38
1261;11;48;20.08;20.76
1262;11;49;28.38;5.11
1263;11;49;30.806;3.97
1264;11;50;13.514;13.02
1265;11;50;10.157;16.6
1266;11;51;18.681;17.71
1267;11;51;15.081;0.94
1268;11;52;42.323;21.76
1269;11;52;45.981;5.65
1270;11;52;31.972;16.66
1271;11;53;20.552;15.52
1272;11;54;28.979;22.38
1273;11;54;29.946;12.52
1274;11;54;27.081;0.33
1275;11;55;2.545;14.43
1276;11;55;2.7;23.95
1277;11;56;60.286;15.74
1278;11;56;67.347;6.05
1279;11;57;21.694;23.32
1280;11;57;18.999;24.92
1281;11;57;24.327;6.72
1282;11;58;21.301;3.18
1283;11;58;19.612;5.61
1284;11;59;27.562;7.44
1285;11;59;29.654;14.93
1286;12;13;52.053;6.99
1287;12;13;63.073;16.81
1288;12;13;40.009;24.9
1289;12;14;14.501;18.43
1290;12;14;14.772;0.77
1291;12;14;11.649;0.66
1292;12;15;25.526;10.44
1293;12;15;30.362;0.9
1294;12;16;24.601;22.65
1295;12;16;20.988;11.6
1296;12;17;55.131;13.77
1297;12;18;14.4;11.88
1298;12;19;21.551;24.29
1299;12;19;25.134;14.82
1300;12;19;19.12;2.44
1301;12;20;14.627;24.28
1302;12;20;15.281;6.19
1303;12;20;17.384;14.57
1304;12;21;54.364;5.23
1305;12;21;49.158;16.4
1306;12;21;52.653;13.85
1307;12;22;27.476;12.38
1308;12;23;29.451;9.4
1309;12;23;27.169;15.06
1310;12;24;15.759;7.2
1311;12;24;12.183;14.21
1312;12;25;21.106;4.67
1313;12;25;18.542;0.61
1314;12;26;28.573;10.1
1315;12;26;27.611;17.86
1316;12;26;34.725;1.69
1317;12;27;17.568;6.7
1318;12;27;20.96;8.33
1319;12;28;60.565;13.06
1320;12;28;51.534;23.06
1321;12;28;69.406;21.08
1322;12;29;85.235;21.75
1323;12;29;73.95;18.73
1324;12;30;15.208;20.94
1325;12;30;12.263;9.36
1326;12;30;14.227;7.95
1327;12;31;27.834;18.23
1328;12;31;33.752;1.21
1329;12;32;16.661;2.55
1330;12;33;10.847;5.28
1331;12;33;8.242;15.05
1332;12;34;17.639;19.48
1333;12;34;14.303;23.91
1334;12;34;14.095;12.78
1335;12;35;62.109;13.09
1336;12;35;49.297;4.93
1337;12;36;27.211;8.33
1338;12;36;20.52;23.34
1339;12;37;35.754;17.92
1340;12;37;42.87;5.68
1341;12;37;33.927;16.46
1342;12;38;3.361;7.1
1343;12;39;47.29;13.45
1344;12;39;47.708;2.52
1345;12;40;14.075;21.26
1346;12;40;17.31;17.02
1347;12;41;85.018;23.87
1348;12;42;53.966;11.73
1349;12;42;50.843;15.39
1350;12;43;57.747;3.48
1351;12;43;67.964;7.78
1352;12;43;61.171;3.5
1353;12;44;42.91;9.31
1354;12;45;14.627;2.53
1355;12;45;15.952;12.64
1356;12;45;14.899;13.68
1357;12;46;41.537;2.73
1358;12;46;42.782;2.98
1359;12;47;53.854;18.64
1360;12;47;61.301;17.87
1361;12;47;41.108;13.24
1362;12;48;18.504;17.41
1363;12;48;18.011;17.08
1364;12;48;21.808;11.76
1365;12;49;53.228;8.41
1366;12;49;63.827;4.06
1367;12;50;17.085;23.42
1368;12;50;21.065;11.84
1369;12;51;16.676;7.44
1370;12;52;16.697;11.48
1371;12;52;16.348;6.78
1372;12;53;10.085;2.23
1373;12;54;3.632;1.06
1374;12;55;27.86;11.82
1375;12;56;84.12;8.82
1376;12;57;10.138;20.77
1377;12;57;9.206;14.17
1378;12;58;21.334;6.25
1379;12;59;32.509;9.64
1380;13;14;63.342;3.86
1381;13;14;64.042;5.53
1382;13;15;46.588;1.93
1383;13;15;47.543;6.07
1384;13;15;44.598;23.9
1385;13;16;29.071;8.25
1386;13;17;59.345;3.77
1387;13;18;59.384;2.58
1388;13;19;37.522;10.35
1389;13;19;36.958;10.94
1390;13;19;37.613;8.58
1391;13;20;47.619;20.44
1392;13;20;49.653;1.58
1393;13;20;46.654;22.93
1394;13;21;55.241;15.91
1395;13;22;58.104;15.49
1396;13;22;52.202;6.97
1397;13;23;23.013;17.03
1398;13;24;46.349;6.72
1399;13;24;40.836;10.45
1400;13;25;66.473;12.95
1401;13;25;55.053;8.31
1402;13;26;48.658;18.59
1403;13;27;42.246;23.85
1404;13;28;30.799;17.34
1405;13;29;38.888;3.66
1406;13;30;47.035;1.63
1407;13;30;53.802;8.32
1408;13;30;37.937;0.38
1409;13;31;63.534;10.86
1410;13;31;68.735;17.79
1411;13;31;72.057;0.7
1412;13;32;49.026;8.41
1413;13;32;43.332;5.54
1414;13;32;50.204;10.02
1415;13;33;52.921;2.94
1416;13;34;35.723;12.71
1417;13;34;27.469;16.87
1418;13;35;68.492;20.22
1419;13;36;28.316;5.91
1420;13;37;16.878;10.24
1421;13;38;55.082;12.59
1422;13;39;82.212;23.7
1423;13;39;63.331;23.3
1424;13;40;48.806;4.59
1425;13;40;56.508;22.28
1426;13;41;37.467;6.66
1427;13;41;41.505;14.42
1428;13;42;51.963;21.79
1429;13;43;66.521;6.7
1430;13;43;58.51;1.96
1431;13;43;72.209;2.74
1432;13;44;82.96;17.21
1433;13;45;47.619;4.67
1434;13;46;33.51;13.19
1435;13;46;26.5;3.73
1436;13;47;48.665;7.44
1437;13;47;41.474;0.87
1438;13;47;58.603;12.17
1439;13;48;46.029;13.57
1440;13;48;52.728;22.33
1441;13;48;54.375;7.79
1442;13;49;10.835;6.1
1443;13;49;9.662;15.78
1444;13;50;35.147;7.79
1445;13;50;26.878;10.76
1446;13;50;40.533;22.61
1447;13;51;48.576;8.41
1448;13;51;48.974;7.15
1449;13;51;56.374;16.89
1450;13;52;68.075;20.43
1451;13;53;49.773;4.12
1452;13;54;55.68;8.9
1453;13;54;60.667;0.97
1454;13;55;27.394;18.41
1455;13;56;32.391;0.81
1456;13;56;32.147;11.52
1457;13;57;50.962;11.71
1458;13;58;50.917;19.19
1459;13;58;56.891;0.58
1460;13;58;53.815;10.54
1461;13;59;54.909;5.14
1462;13;59;66.309;9.03
1463;14;15;39.479;11.69
1464;14;15;43.002;11.8
1465;14;15;34.56;8.37
1466;14;16;37.998;4.84
1467;14;17;68.67;17.93
1468;14;17;68.227;10.93
1469;14;18;23.621;13.66
1470;14;19;36.011;23.71
1471;14;20;28.647;24.11
1472;14;21;68.247;23.79
1473;14;21;60.043;2.62
1474;14;21;76.847;23.18
1475;14;22;39.149;2.01
1476;14;23;41.918;4.1
1477;14;23;52.185;9.06
1478;14;23;44.065;7.88
1479;14;24;29.936;21.49
1480;14;24;36.791;24.57
1481;14;25;7.444;5.33
1482;14;25;8.528;9.98
1483;14;26;42.272;5.98
1484;14;26;38.455;18.32
1485;14;26;44.511;24.7
1486;14;27;32.05;1.22
1487;14;27;38.901;20.4
1488;14;28;66.005;17.69
1489;14;28;57.243;6.26
1490;14;29;93.102;2.33
1491;14;29;79.299;8.38
1492;14;30;29.303;13.82
1493;14;31;18.077;16.01
1494;14;32;30.323;17.67
1495;14;32;28.939;12.78
1496;14;33;23.458;17.52
1497;14;34;31.358;16.49
1498;14;34;33.226;2.12
1499;14;34;38.457;10.93
1500;14;35;75.07;23.81
1501;14;35;59.441;6.08
1502;14;35;70.144;14.28
1503;14;36;40.964;16.24
1504;14;36;48.113;4.78
1505;14;37;48.04;15.81
1506;14;37;54.642;7.27
1507;14;37;58.833;21.97
1508;14;38;13.725;15.2
1509;14;38;16.533;4.13
1510;14;38;15.91;10.27
1511;14;39;34.657;8.99
1512;14;40;27.879;23.27
1513;14;41;98.032;21.81
1514;14;41;100.268;13.04
1515;14;42;68.074;3.79
1516;14;42;68.289;20.32
1517;14;43;70.601;24.95
1518;14;43;86.136;6.46
1519;14;44;29.136;17.97
1520;14;44;23.601;23.01
1521;14;45;28.647;6.4
1522;14;45;25.208;23.54
1523;14;46;45.484;10.5
1524;14;47;68.143;24.49
1525;14;48;32.631;7.38
1526;14;49;65.986;14.08
1527;14;50;28.594;24.01
1528;14;50;29.755;10.58
1529;14;50;30.058;10.04
1530;14;51;30.432;0.0
1531;14;51;31.337;13.95
1532;14;51;24.19;13.86
1533;14;52;7.057;7.33
1534;14;53;23.888;13.46
1535;14;53;18.515;4.61
1536;14;53;18.231;20.74
1537;14;54;12.281;2.75
1538;14;54;11.634;9.99
1539;14;55;41.514;11.96
1540;14;55;45.942;3.4
1541;14;55;45.806;14.41
1542;14;56;95.728;5.12
1543;14;57;23.56;8.65
1544;14;57;25.079;20.37
1545;14;58;34.544;20.16
1546;14;59;45.309;7.88
1547;14;59;43.961;5.85
1548;15;16;20.413;2.46
1549;15;16;22.979;1.4
1550;15;17;29.708;2.51
1551;15;17;31.323;8.79
1552;15;17;35.913;24.89
1553;15;18;19.811;18.81
1554;15;19;11.015;9.3
1555;15;20;10.906;8.49
1556;15;21;28.843;12.85
1557;15;22;11.562;6.61
1558;15;23;26.476;5.77
1559;15;23;22.578;3.46
1560;15;24;9.821;10.11
1561;15;24;7.888;13.08
1562;15;25;46.506;7.57
1563;15;25;49.773;7.38
1564;15;26;3.511;18.82
1565;15;26;3.45;14.71
1566;15;26;4.166;6.52
1567;15;27;9.857;13.32
1568;15;27;8.994;10.35
1569;15;27;10.658;4.68
1570;15;28;67.324;21.88
1571;15;29;85.017;22.01
1572;15;29;71.467;17.67
1573;15;29;68.72;19.14
1574;15;30;10.322;15.28
1575;15;30;11.143;16.76
1576;15;31;52.865;22.22
1577;15;31;63.501;22.73
1578;15;31;42.839;6.78
1579;15;32;9.212;15.88
1580;15;32;10.253;20.13
1581;15;32;9.544;1.77
1582;15;33;16.386;4.1
1583;15;34;18.112;12.8
1584;15;34;18.504;0.56
1585;15;35;37.204;15.96
1586;15;36;19.211;15.81
1587;15;36;17.3;1.76
1588;15;36;18.5;3.41
1589;15;37;30.833;2.77
1590;15;37;30.633;10.12
1591;15;38;25.756;0.73
1592;15;39;72.753;11.1
1593;15;39;88.195;20.85
1594;15;40;11.6;21.79
1595;15;40;12.818;2.36
1596;15;41;70.536;21.35
1597;15;41;59.825;5.0
1598;15;41;67.702;14.78
1599;15;42;28.603;9.24
1600;15;42;23.902;20.8
1601;15;42;30.182;23.05
1602;15;43;33.05;7.79
1603;15;44;68.379;8.61
1604;15;44;66.411;19.09
1605;15;44;60.839;6.33
1606;15;45;10.906;18.16
1607;15;45;13.581;20.01
1608;15;45;8.256;22.75
1609;15;46;53.556;13.42
1610;15;46;44.906;2.41
1611;15;46;49.545;22.17
1612;15;47;28.881;24.29
1613;15;47;34.069;19.23
1614;15;47;34.739;3.47
1615;15;48;7.079;21.16
1616;15;48;7.263;18.48
1617;15;48;5.6;19.28
1618;15;49;42.406;19.71
1619;15;50;25.458;10.21
1620;15;51;9.062;22.62
1621;15;51;9.479;7.04
1622;15;52;39.204;13.32
1623;15;53;15.606;16.47
1624;15;53;16.466;3.19
1625;15;54;27.199;18.24
1626;15;54;27.848;8.6
1627;15;54;31.51;20.74
1628;15;55;20.096;9.04
1629;15;55;16.103;22.93
1630;15;55;20.652;6.89
1631;15;56;74.456;3.04
1632;15;57;15.94;12.48
1633;15;58;6.339;2.65
1634;15;59;9.829;21.9
1635;15;59;8.581;22.72
1636;15;59;9.905;21.66
1637;16;17;44.354;20.41
1638;16;17;47.992;10.44
1639;16;18;30.314;18.91
1640;16;18;24.214;15.97
1641;16;19;9.569;19.37
1642;16;20;18.66;5.52
1643;16;20;19.264;2.74
1644;16;20;20.874;6.39
1645;16;21;41.726;3.06
1646;16;22;31.014;22.34
1647;16;22;31.462;11.68
1648;16;22;32.845;6.95
1649;16;23;6.439;0.25
1650;16;23;7.259;4.43
1651;16;24;17.491;22.22
1652;16;24;19.064;8.5
1653;16;25;43.031;19.29
1654;16;25;41.871;2.72
1655;16;26;23.466;11.75
1656;16;26;27.666;0.22
1657;16;27;13.515;21.0
1658;16;27;11.596;13.72
1659;16;28;46.911;13.81
1660;16;28;41.219;20.09
1661;16;29;65.94;10.34
1662;16;29;71.438;1.95
1663;16;29;78.969;20.07
1664;16;30;18.125;1.69
1665;16;31;44.586;22.84
1666;16;31;48.841;14.86
1667;16;31;53.602;8.54
1668;16;32;20.307;2.18
1669;16;32;19.866;9.38
1670;16;33;23.863;7.95
1671;16;33;27.952;24.18
1672;16;33;28.837;13.75
1673;16;34;7.038;5.99
1674;16;35;53.226;19.47
1675;16;35;55.186;17.63
1676;16;36;3.584;16.27
1677;16;36;4.288;18.67
1678;16;36;2.718;19.96
1679;16;37;12.194;2.34
1680;16;38;27.199;16.04
1681;16;38;21.305;24.29
1682;16;38;23.975;1.25
1683;16;39;65.123;18.2
1684;16;40;19.813;19.11
1685;16;40;23.512;13.25
1686;16;41;60.417;6.12
1687;16;41;60.67;19.05
1688;16;42;39.813;9.95
1689;16;43;49.77;13.36
1690;16;43;61.19;8.44
1691;16;43;58.59;2.42
1692;16;44;63.137;12.11
1693;16;44;68.643;19.72
1694;16;45;18.66;13.39
1695;16;45;16.643;14.45
1696;16;45;17.083;17.83
1697;16;46;34.197;24.92
1698;16;47;38.15;7.65
1699;16;47;33.854;12.16
1700;16;48;17.643;2.96
1701;16;49;28.717;7.46
1702;16;49;31.629;1.59
1703;16;49;31.177;1.23
1704;16;50;10.896;20.34
1705;16;50;9.143;10.02
1706;16;50;11.667;19.71
1707;16;51;19.862;1.03
1708;16;51;15.356;9.68
1709;16;51;17.047;14.17
1710;16;52;41.281;10.81
1711;16;53;20.74;22.92
1712;16;53;22.919;6.1
1713;16;54;28.076;24.4
1714;16;54;34.667;17.46
1715;16;55;3.75;17.94
1716;16;56;60.202;21.34
1717;16;56;51.804;17.44
1718;16;56;68.948;3.35
1719;16;57;21.922;1.19
1720;16;57;21.28;9.59
1721;16;57;21.488;4.78
1722;16;58;23.042;19.12
1723;16;58;19.484;22.58
1724;16;58;24.298;15.21
1725;16;59;30.107;19.76
1726;17;18;46.481;2.14
1727;17;19;37.779;13.41
1728;17;19;45.176;12.57
1729;17;19;38.761;15.85
1730;17;20;40.525;0.44
1731;17;20;34.177;2.46
1732;17;21;4.525;11.44
1733;17;21;3.551;2.95
1734;17;21;4.595;3.05
1735;17;22;31.099;10.23
1736;17;22;26.011;10.32
1737;17;22;37.784;7.96
1738;17;23;48.206;5.53
1739;17;23;57.756;13.7
1740;17;23;50.096;14.45
1741;17;24;39.523;16.99
1742;17;25;75.887;22.01
1743;17;26;26.558;16.77
1744;17;27;39.024;11.6
1745;17;27;42.429;16.71
1746;17;28;87.213;22.63
1747;17;28;96.729;3.71
1748;17;28;81.753;22.99
1749;17;29;97.123;10.14
1750;17;29;100.239;1.43
1751;17;30;39.989;10.45
1752;17;30;34.733;9.18
1753;17;31;82.57;24.12
1754;17;31;64.766;24.68
1755;17;31;70.631;23.92
1756;17;32;38.506;9.08
1757;17;33;45.212;11.24
1758;17;34;45.54;2.78
1759;17;35;9.263;11.46
1760;17;35;9.728;12.13
1761;17;36;41.344;9.7
1762;17;37;49.264;20.95
1763;17;38;55.02;5.26
1764;17;38;66.649;11.36
1765;17;38;64.285;6.54
1766;17;39;102.414;15.12
1767;17;39;100.117;18.78
1768;17;39;117.577;19.59
1769;17;40;41.065;23.35
1770;17;40;46.826;22.4
1771;17;40;33.031;5.3
1772;17;41;66.847;16.91
1773;17;42;8.171;17.35
1774;17;43;7.56;23.69
1775;17;44;97.767;24.93
1776;17;45;40.525;0.82
1777;17;45;30.501;14.6
1778;17;45;44.231;6.81
1779;17;46;78.216;2.67
1780;17;47;11.922;3.72
1781;17;47;13.666;18.09
1782;17;48;36.786;4.25
1783;17;49;50.417;21.65
1784;17;49;42.222;9.57
1785;17;49;57.201;15.7
1786;17;50;53.025;1.93
1787;17;50;43.071;10.75
1788;17;51;38.464;24.91
1789;17;52;67.379;2.47
1790;17;52;66.166;5.3
1791;17;53;45.08;14.66
1792;17;53;52.62;14.38
1793;17;53;45.856;11.96
1794;17;54;56.48;4.4
1795;17;55;41.829;18.0
1796;17;55;38.687;8.42
1797;17;56;77.046;4.04
1798;17;56;84.977;13.6
1799;17;57;45.223;18.01
1800;17;57;39.847;4.31
1801;17;58;34.126;12.67
1802;17;58;27.002;9.52
1803;17;58;32.632;21.21
1804;17;59;23.796;7.27
1805;18;19;22.821;2.5
1806;18;19;21.741;8.62
1807;18;20;12.156;1.94
1808;18;21;46.777;7.89
1809;18;21;42.086;0.94
1810;18;22;15.801;6.73
1811;18;22;16.769;12.15
1812;18;23;36.496;9.08
1813;18;23;32.049;2.83
1814;18;24;13.644;9.12
1815;18;24;13.82;17.56
1816;18;24;16.695;1.11
1817;18;25;31.063;7.65
1818;18;25;33.91;14.02
1819;18;26;21.487;1.68
1820;18;26;22.084;9.14
1821;18;27;17.705;12.74
1822;18;27;14.162;7.27
1823;18;27;18.385;2.53
1824;18;28;72.778;14.86
1825;18;29;95.389;18.48
1826;18;29;88.306;19.98
1827;18;29;110.349;7.18
1828;18;30;12.858;4.06
1829;18;30;12.84;13.98
1830;18;30;10.847;5.9
1831;18;31;40.482;3.75
1832;18;31;36.778;15.68
1833;18;31;38.474;20.41
1834;18;32;11.738;19.45
1835;18;32;11.43;23.57
1836;18;32;9.743;8.36
1837;18;33;6.533;7.57
1838;18;33;6.466;13.85
1839;18;34;23.871;8.92
1840;18;34;22.072;23.0
1841;18;34;28.893;20.5
1842;18;35;52.078;14.12
1843;18;36;31.487;7.29
1844;18;36;33.301;1.38
1845;18;37;42.507;24.96
1846;18;37;47.887;6.8
1847;18;37;40.645;9.57
1848;18;38;12.0;16.55
1849;18;39;58.279;9.38
1850;18;39;45.422;24.67
1851;18;39;63.156;1.89
1852;18;40;10.905;11.23
1853;18;41;88.33;2.59
1854;18;42;47.282;19.46
1855;18;42;54.787;13.7
1856;18;42;50.693;20.92
1857;18;43;47.551;17.67
1858;18;44;52.433;15.77
1859;18;44;59.299;8.8
1860;18;45;12.156;2.1
1861;18;45;14.701;19.12
1862;18;46;54.845;23.94
1863;18;47;48.127;2.44
1864;18;48;15.128;14.91
1865;18;48;17.541;12.38
1866;18;48;15.393;10.87
1867;18;49;58.016;10.13
1868;18;49;46.622;7.82
1869;18;49;63.392;16.76
1870;18;50;27.411;4.01
1871;18;50;26.511;17.0
1872;18;50;31.937;7.79
1873;18;51;12.126;0.22
1874;18;51;14.638;7.83
1875;18;52;21.026;14.66
1876;18;53;9.749;21.11
1877;18;53;9.646;22.07
1878;18;53;10.942;19.88
1879;18;54;13.17;1.43
1880;18;54;15.482;16.42
1881;18;54;10.233;1.07
1882;18;55;32.364;15.13
1883;18;56;90.078;5.45
1884;18;57;8.555;13.24
1885;18;57;9.21;2.53
1886;18;58;13.583;0.16
1887;18;58;10.589;4.39
1888;18;59;22.688;13.91
1889;18;59;21.464;11.25
1890;18;59;19.453;3.78
1891;19;20;10.664;19.63
1892;19;20;12.893;15.06
1893;19;20;11.479;15.76
1894;19;21;35.865;1.32
1895;19;21;34.031;9.76
1896;19;21;35.724;9.44
1897;19;22;21.46;17.65
1898;19;23;15.883;21.98
1899;19;23;15.077;2.61
1900;19;24;9.197;8.09
1901;19;25;42.199;22.65
1902;19;25;34.677;21.39
1903;19;25;47.033;6.06
1904;19;26;14.274;20.06
1905;19;26;16.419;13.86
1906;19;27;5.126;0.04
1907;19;28;56.41;9.78
1908;19;28;55.459;22.94
1909;19;28;51.667;9.61
1910;19;29;75.189;19.62
1911;19;29;56.446;23.18
1912;19;29;76.421;8.01
1913;19;30;9.969;23.56
1914;19;30;8.168;1.45
1915;19;30;11.135;3.01
1916;19;31;46.32;15.89
1917;19;31;55.522;15.07
1918;19;32;11.609;6.03
1919;19;32;10.675;1.09
1920;19;33;16.888;13.63
1921;19;33;20.589;12.62
1922;19;34;7.787;19.03
1923;19;35;46.158;14.23
1924;19;35;54.859;0.84
1925;19;35;35.365;10.23
1926;19;36;9.217;18.14
1927;19;37;20.965;2.11
1928;19;37;23.562;15.5
1929;19;38;23.195;7.57
1930;19;38;22.632;3.22
1931;19;38;27.18;21.77
1932;19;39;66.786;10.72
1933;19;39;76.883;23.26
1934;19;40;11.916;11.35
1935;19;41;65.665;6.36
1936;19;42;34.629;13.95
1937;19;42;30.893;12.16
1938;19;42;34.778;12.25
1939;19;43;42.345;16.04
1940;19;43;51.934;1.54
1941;19;44;63.55;24.68
1942;19;44;77.847;6.7
1943;19;44;70.493;8.32
1944;19;45;10.664;9.52
1945;19;45;12.835;14.27
1946;19;45;10.918;12.45
1947;19;46;42.667;4.66
1948;19;46;52.705;4.03
1949;19;46;39.574;24.22
1950;19;47;33.767;0.2
1951;19;47;33.264;7.45
1952;19;47;32.996;14.05
1953;19;48;8.507;1.58
1954;19;48;9.356;13.57
1955;19;48;8.479;15.55
1956;19;49;35.236;0.12
1957;19;49;31.044;5.89
1958;19;50;15.322;0.51
1959;19;51;11.162;20.13
1960;19;51;10.235;9.14
1961;19;51;9.624;15.33
1962;19;52;37.713;19.69
1963;19;52;33.69;11.18
1964;19;53;14.254;16.07
1965;19;53;13.817;4.59
1966;19;53;15.249;19.07
1967;19;54;24.414;5.94
1968;19;54;25.683;12.57
1969;19;55;10.143;23.88
1970;19;56;67.375;9.26
1971;19;57;15.273;10.72
1972;19;58;13.607;14.35
1973;19;59;20.827;2.08
1974;20;21;39.749;2.02
1975;20;22;15.269;23.58
1976;20;22;18.064;23.88
1977;20;23;25.033;3.01
1978;20;24;1.561;2.0
1979;20;24;1.731;14.26
1980;20;25;35.612;2.76
1981;20;26;13.977;14.26
1982;20;26;15.135;11.56
1983;20;27;5.552;19.16
1984;20;28;63.546;3.31
1985;20;28;55.914;6.21
1986;20;28;65.844;8.23
1987;20;29;84.45;15.05
1988;20;29;104.92;1.89
1989;20;30;0.76;17.06
1990;20;31;42.153;8.42
1991;20;31;36.824;18.87
1992;20;32;2.584;4.08
1993;20;32;3.206;18.33
1994;20;32;3.054;20.48
1995;20;33;6.489;6.49
1996;20;33;5.808;1.99
1997;20;33;6.487;0.17
1998;20;34;12.982;3.68
1999;20;35;47.699;3.76
2000;20;35;49.138;3.12
2001;20;36;19.461;3.4
2002;20;36;18.935;6.61
2003;20;36;16.694;2.85
2004;20;37;30.794;19.63
2005;20;37;35.838;15.61
2006;20;37;30.566;12.59
2007;20;38;14.954;7.55
2008;20;38;14.924;3.94
2009;20;39;61.891;16.45
2010;20;40;1.253;13.11
2011;20;40;1.266;7.92
2012;20;40;1.434;4.92
2013;20;41;76.248;19.53
2014;20;42;39.442;18.32
2015;20;43;43.41;16.79
2016;20;43;48.189;22.14
2017;20;43;35.062;13.09
2018;20;44;57.478;1.77
2019;20;44;52.223;1.41
2020;20;45;0.0;21.85
2021;20;45;0.0;21.18
2022;20;46;47.367;15.86
2023;20;47;39.519;24.9
2024;20;47;43.311;8.94
2025;20;47;37.202;20.01
2026;20;48;4.002;2.33
2027;20;48;3.334;6.69
2028;20;48;3.648;1.5
2029;20;49;45.875;9.04
2030;20;50;18.593;24.96
2031;20;50;15.552;12.59
2032;20;50;19.29;24.56
2033;20;51;2.362;2.78
2034;20;51;2.512;10.27
2035;20;52;28.872;3.06
2036;20;52;28.52;6.36
2037;20;53;4.777;0.78
2038;20;54;16.378;4.88
2039;20;54;16.717;18.75
2040;20;55;20.357;4.1
2041;20;56;77.973;5.32
2042;20;57;5.353;6.29
2043;20;57;4.585;2.22
2044;20;58;7.457;20.11
2045;20;59;18.52;21.54
2046;20;59;17.91;3.88
2047;20;59;19.457;24.28
2048;21;22;31.925;4.0
2049;21;22;27.353;3.71
2050;21;22;30.73;21.5
2051;21;23;45.161;21.37
2052;21;24;38.619;20.23
2053;21;24;37.165;15.05
2054;21;24;43.518;16.05
2055;21;25;75.336;7.06
2056;21;25;70.828;8.74
2057;21;26;25.983;15.69
2058;21;26;22.632;16.17
2059;21;27;37.659;8.46
2060;21;27;30.518;5.38
2061;21;28;83.52;19.44
2062;21;28;100.934;3.1
2063;21;28;74.954;23.99
2064;21;29;92.806;23.04
2065;21;29;79.074;7.91
2066;21;30;39.156;10.34
2067;21;30;40.804;15.42
2068;21;30;40.672;0.48
2069;21;31;81.435;7.22
2070;21;32;37.927;6.45
2071;21;32;38.162;1.88
2072;21;32;46.418;10.14
2073;21;33;44.883;15.57
2074;21;33;42.46;0.44
2075;21;34;43.521;21.78
2076;21;34;43.65;19.48
2077;21;35;13.266;22.68
2078;21;36;38.557;4.0
2079;21;37;45.803;2.22
2080;21;37;35.311;2.2
2081;21;38;54.528;0.25
2082;21;38;66.826;6.55
2083;21;38;55.705;21.87
2084;21;39;101.52;10.41
2085;21;40;40.41;15.22
2086;21;40;40.161;23.73
2087;21;41;62.395;2.31
2088;21;42;3.646;19.01
2089;21;42;3.822;5.38
2090;21;42;4.35;0.91
2091;21;43;12.076;9.75
2092;21;43;11.55;7.1
2093;21;44;97.216;17.71
2094;21;45;39.749;17.45
2095;21;45;42.42;17.94
2096;21;45;39.259;11.07
2097;21;46;75.229;0.88
2098;21;46;73.088;3.09
2099;21;47;7.397;23.42
2100;21;48;35.869;5.69
2101;21;49;46.123;17.68
2102;21;50;50.905;22.28
2103;21;51;37.832;23.07
2104;21;51;39.235;18.26
2105;21;52;67.42;11.89
2106;21;53;44.43;17.53
2107;21;53;54.807;9.34
2108;21;53;38.518;5.79
2109;21;54;55.981;20.15
2110;21;55;38.972;2.54
2111;21;56;72.522;15.98
2112;21;56;67.845;13.62
2113;21;57;44.69;20.92
2114;21;57;46.797;16.37
2115;21;57;39.907;24.27
2116;21;58;33.862;13.88
2117;21;59;24.35;22.54
2118;22;23;37.336;6.59
2119;22;24;15.402;4.7
2120;22;25;46.577;3.43
2121;22;25;47.55;19.99
2122;22;25;48.564;9.85
2123;22;26;10.342;18.19
2124;22;26;11.373;11.85
2125;22;26;9.668;23.68
2126;22;27;18.193;15.08
2127;22;27;15.731;5.33
2128;22;28;77.629;19.93
2129;22;28;76.965;23.26
2130;22;29;96.388;13.37
2131;22;29;92.276;13.5
2132;22;30;15.254;14.49
2133;22;30;13.933;9.78
2134;22;30;16.52;0.11
2135;22;31;55.131;0.82
2136;22;32;12.698;3.46
2137;22;33;16.63;23.92
2138;22;34;27.113;20.72
2139;22;35;36.293;19.07
2140;22;35;37.403;3.73
2141;22;35;41.435;18.91
2142;22;36;30.354;12.03
2143;22;36;29.37;2.14
2144;22;37;42.114;3.82
2145;22;37;38.775;13.99
2146;22;37;47.607;17.91
2147;22;38;26.25;9.08
2148;22;39;73.727;16.95
2149;22;39;84.278;2.21
2150;22;39;80.65;22.58
2151;22;40;14.928;5.63
2152;22;40;12.932;21.88
2153;22;41;81.273;0.98
2154;22;41;78.841;22.06
2155;22;42;32.982;10.54
2156;22;42;25.682;17.05
2157;22;43;31.76;23.15
2158;22;43;37.258;24.23
2159;22;44;68.151;17.74
2160;22;44;59.82;19.92
2161;22;44;73.456;1.58
2162;22;45;15.269;6.87
2163;22;45;12.219;12.05
2164;22;45;16.85;17.63
2165;22;46;62.396;19.43
2166;22;46;52.379;9.59
2167;22;47;34.48;20.61
2168;22;47;36.564;18.37
2169;22;48;13.893;24.36
2170;22;49;53.895;21.17
2171;22;49;64.539;23.33
2172;22;50;33.609;11.05
2173;22;50;28.307;6.74
2174;22;51;12.994;6.52
2175;22;51;13.999;2.69
2176;22;51;13.944;13.37
2177;22;52;36.814;6.61
2178;22;53;18.056;16.42
2179;22;54;27.653;8.6
2180;22;54;23.451;24.92
2181;22;55;31.266;10.18
2182;22;56;85.851;15.43
2183;22;57;17.58;5.93
2184;22;58;8.276;10.33
2185;22;59;7.648;10.42
2186;23;24;23.902;1.09
2187;23;24;19.541;3.79
2188;23;25;46.214;5.27
2189;23;25;51.93;21.61
2190;23;26;29.347;11.53
2191;23;26;30.643;12.0
2192;23;27;19.951;7.94
2193;23;27;22.594;4.54
2194;23;28;41.023;17.29
2195;23;28;34.556;16.0
2196;23;28;48.716;12.63
2197;23;29;59.503;3.54
2198;23;29;49.086;24.25
2199;23;30;24.519;11.14
2200;23;30;26.36;24.17
2201;23;31;46.157;4.15
2202;23;31;48.704;7.87
2203;23;31;44.102;17.54
2204;23;32;26.735;21.1
2205;23;32;25.142;10.96
2206;23;32;20.66;1.66
2207;23;33;29.993;1.41
2208;23;34;12.716;4.24
2209;23;35;57.301;17.92
2210;23;36;7.472;6.36
2211;23;37;6.31;19.06
2212;23;37;5.743;8.51
2213;23;37;7.109;6.55
2214;23;38;32.328;22.18
2215;23;39;66.402;24.11
2216;23;40;26.162;1.77
2217;23;41;56.124;4.51
2218;23;41;43.27;4.51
2219;23;42;42.859;12.11
2220;23;43;54.128;14.9
2221;23;44;65.252;3.62
2222;23;44;74.043;2.38
2223;23;44;66.736;19.36
2224;23;45;25.033;20.92
2225;23;46;30.068;7.12
2226;23;47;40.731;21.12
2227;23;47;41.949;3.16
2228;23;48;24.077;20.24
2229;23;49;24.068;14.51
2230;23;49;22.271;2.05
2231;23;49;18.655;7.99
2232;23;50;13.392;23.68
2233;23;50;12.441;9.46
2234;23;50;13.888;11.54
2235;23;51;26.292;17.74
2236;23;51;29.474;9.7
2237;23;52;45.898;5.28
2238;23;53;26.818;9.65
2239;23;53;22.287;5.83
2240;23;53;30.793;24.44
2241;23;54;33.042;19.19
2242;23;54;26.237;4.63
2243;23;54;28.235;20.43
2244;23;55;6.72;22.28
2245;23;55;7.02;7.35
2246;23;55;5.909;7.38
2247;23;56;54.708;3.49
2248;23;56;52.706;24.58
2249;23;56;53.726;3.62
2250;23;57;28.011;6.7
2251;23;57;29.111;1.24
2252;23;58;29.44;15.67
2253;23;58;36.353;7.99
2254;23;59;35.994;2.62
2255;23;59;33.89;15.28
2256;24;25;36.823;16.41
2257;24;26;13.048;2.82
2258;24;27;4.137;19.5
2259;24;28;62.847;4.19
2260;24;28;48.052;4.33
2261;24;28;61.975;24.63
2262;24;29;83.38;10.06
2263;24;29;65.984;0.86
2264;24;30;0.806;24.24
2265;24;30;0.695;17.34
2266;24;31;43.066;5.26
2267;24;31;46.436;21.8
2268;24;31;40.203;4.16
2269;24;32;2.941;24.0
2270;24;32;2.839;21.1
2271;24;32;2.68;22.81
2272;24;33;8.048;15.74
2273;24;33;9.133;1.13
2274;24;34;12.161;16.91
2275;24;34;10.896;20.22
2276;24;35;46.864;14.24
2277;24;35;48.5;7.49
2278;24;35;44.404;11.37
2279;24;36;18.117;17.92
2280;24;36;20.936;2.19
2281;24;37;29.563;9.06
2282;24;37;24.892;3.67
2283;24;38;16.291;12.94
2284;24;38;13.094;2.68
2285;24;39;62.935;15.04
2286;24;39;57.223;21.93
2287;24;39;49.025;22.06
2288;24;40;2.787;9.8
2289;24;40;2.281;23.86
2290;24;41;74.721;1.84
2291;24;41;79.022;21.69
2292;24;41;68.025;4.91
2293;24;42;38.217;21.52
2294;24;42;44.503;21.7
2295;24;43;42.622;4.97
2296;24;43;43.816;24.74
2297;24;43;46.549;3.35
2298;24;44;58.663;17.91
2299;24;44;49.826;20.51
2300;24;45;1.561;12.1
2301;24;45;1.342;13.75
2302;24;45;1.428;6.48
2303;24;46;47.022;2.92
2304;24;46;37.112;22.7
2305;24;46;56.533;21.8
2306;24;47;38.207;6.21
2307;24;47;42.137;4.51
2308;24;47;31.156;16.91
2309;24;48;2.75;24.36
2310;24;48;3.347;0.08
2311;24;49;44.43;22.64
2312;24;50;18.223;0.37
2313;24;50;18.083;11.27
2314;24;50;13.799;9.75
2315;24;51;2.536;15.72
2316;24;51;2.624;4.5
2317;24;52;30.334;14.64
2318;24;53;6.17;12.12
2319;24;54;17.696;22.77
2320;24;55;19.023;5.98
2321;24;55;15.091;3.94
2322;24;55;17.467;10.92
2323;24;56;76.554;24.28
2324;24;57;6.849;7.04
2325;24;58;7.274;8.57
2326;24;59;17.999;6.27
2327;24;59;18.061;18.25
2328;25;26;49.405;22.55
2329;25;26;56.733;4.83
2330;25;27;38.597;9.02
2331;25;27;30.987;10.63
2332;25;28;65.697;8.65
2333;25;29;93.798;7.06
2334;25;30;36.234;22.06
2335;25;30;30.93;7.54
2336;25;30;41.16;5.3
2337;25;31;12.158;21.39
2338;25;31;11.127;4.03
2339;25;31;10.516;2.18
2340;25;32;37.429;0.79
2341;25;32;40.391;18.06
2342;25;32;42.652;10.08
2343;25;33;30.721;23.92
2344;25;33;36.897;4.85
2345;25;33;27.806;13.3
2346;25;34;36.791;11.57
2347;25;34;45.152;12.38
2348;25;34;45.547;9.77
2349;25;35;82.42;7.58
2350;25;35;71.901;18.94
2351;25;35;79.621;18.75
2352;25;36;46.23;22.49
2353;25;36;39.833;4.32
2354;25;37;52.084;11.15
2355;25;37;39.448;20.53
2356;25;37;41.662;9.44
2357;25;38;20.867;14.5
2358;25;39;27.216;23.91
2359;25;39;20.58;12.76
2360;25;40;34.926;7.19
2361;25;40;29.734;11.85
2362;25;41;102.188;0.03
2363;25;41;122.085;4.99
2364;25;41;92.953;22.89
2365;25;42;75.039;1.38
2366;25;42;81.51;3.6
2367;25;43;77.963;6.26
2368;25;44;21.887;13.06
2369;25;44;21.809;24.44
2370;25;44;22.372;17.14
2371;25;45;35.612;13.11
2372;25;45;30.595;4.47
2373;25;45;28.132;16.51
2374;25;46;44.954;5.64
2375;25;47;74.96;1.98
2376;25;47;69.399;21.37
2377;25;47;59.418;23.94
2378;25;48;39.554;7.89
2379;25;48;45.341;8.05
2380;25;49;70.128;6.71
2381;25;50;32.85;16.04
2382;25;51;37.509;4.33
2383;25;51;44.915;18.71
2384;25;52;12.455;10.66
2385;25;53;30.906;17.87
2386;25;53;36.173;23.27
2387;25;53;30.986;5.07
2388;25;54;19.407;8.1
2389;25;54;18.937;18.18
2390;25;55;46.685;14.33
2391;25;55;42.619;9.52
2392;25;55;49.129;20.53
2393;25;56;98.788;13.44
2394;25;56;114.545;9.77
2395;25;57;30.679;4.4
2396;25;58;41.784;0.96
2397;25;59;52.651;14.43
2398;26;27;13.365;23.97
2399;26;28;70.322;18.08
2400;26;28;55.033;24.68
2401;26;29;87.307;2.68
2402;26;29;70.601;9.69
2403;26;29;100.495;9.06
2404;26;30;13.464;24.97
2405;26;31;56.101;21.45
2406;26;31;68.336;6.3
2407;26;32;11.976;19.54
2408;26;32;9.026;11.04
2409;26;33;18.911;1.57
2410;26;33;19.947;10.93
2411;26;33;14.69;6.65
2412;26;34;21.558;1.87
2413;26;34;20.152;2.88
2414;26;34;20.51;3.78
2415;26;35;33.83;23.36
2416;26;35;33.399;6.94
2417;26;35;30.616;13.85
2418;26;36;21.956;21.35
2419;26;36;24.142;24.58
2420;26;37;33.349;20.21
2421;26;37;25.105;15.54
2422;26;38;28.563;4.2
2423;26;38;22.749;11.43
2424;26;38;33.802;20.86
2425;26;39;75.858;11.06
2426;26;39;89.38;18.31
2427;26;40;14.514;16.4
2428;26;40;12.939;5.45
2429;26;40;15.056;14.2
2430;26;41;70.946;21.82
2431;26;42;26.038;17.35
2432;26;43;29.628;1.4
2433;26;43;28.956;8.44
2434;26;44;71.292;14.82
2435;26;45;13.977;5.63
2436;26;46;56.918;22.39
2437;26;46;44.398;9.68
2438;26;47;26.664;11.53
2439;26;48;10.358;3.49
2440;26;48;9.916;18.58
2441;26;48;10.753;18.75
2442;26;49;43.814;18.71
2443;26;49;51.388;17.32
2444;26;49;42.424;20.8
2445;26;50;28.942;23.86
2446;26;50;31.116;10.99
2447;26;51;11.915;9.05
2448;26;52;41.587;4.72
2449;26;52;39.353;5.24
2450;26;53;18.534;18.83
2451;26;54;30.019;6.8
2452;26;54;35.088;5.49
2453;26;54;24.696;0.54
2454;26;55;22.807;7.53
2455;26;55;21.58;11.2
2456;26;55;24.169;5.46
2457;26;56;75.631;7.71
2458;26;56;87.485;3.3
2459;26;56;67.006;9.51
2460;26;57;18.729;4.23
2461;26;57;15.29;15.19
2462;26;57;16.913;12.12
2463;26;58;8.015;10.41
2464;26;59;6.651;6.44
2465;27;28;59.499;10.91
2466;27;28;73.929;5.7
2467;27;28;55.035;12.74
2468;27;29;79.454;17.18
2469;27;29;70.209;24.87
2470;27;29;89.034;2.49
2471;27;30;4.879;4.16
2472;27;31;43.795;6.32
2473;27;31;51.376;0.95
2474;27;31;51.52;24.88
2475;27;32;6.809;1.13
2476;27;32;5.731;0.22
2477;27;33;11.787;9.76
2478;27;33;13.821;13.63
2479;27;34;8.934;13.63
2480;27;34;8.323;24.7
2481;27;34;10.732;23.41
2482;27;35;46.874;19.12
2483;27;35;57.236;22.2
2484;27;36;13.986;12.59
2485;27;36;12.65;1.9
2486;27;36;11.051;23.79
2487;27;37;25.495;21.81
2488;27;37;23.439;0.65
2489;27;37;23.83;10.74
2490;27;38;18.772;16.43
2491;27;38;20.859;4.24
2492;27;38;14.636;25.0
2493;27;39;64.018;20.53
2494;27;39;60.981;7.79
2495;27;40;6.801;3.89
2496;27;40;6.268;24.79
2497;27;40;6.524;12.82
2498;27;41;70.776;19.37
2499;27;41;84.108;17.32
2500;27;41;66.563;22.61
2501;27;42;36.879;19.19
2502;27;42;34.409;18.7
2503;27;43;42.802;22.06
2504;27;44;60.251;17.53
2505;27;44;52.932;18.61
2506;27;44;61.373;19.6
2507;27;45;5.552;9.08
2508;27;45;5.187;8.15
2509;27;46;44.42;4.61
2510;27;47;36.484;10.36
2511;27;48;4.319;24.41
2512;27;48;4.376;24.51
2513;27;48;3.349;24.23
2514;27;49;40.323;8.39
2515;27;50;15.85;22.91
2516;27;51;6.361;14.33
2517;27;52;33.185;0.49
2518;27;53;9.29;2.28
2519;27;53;10.486;16.66
2520;27;53;11.172;23.34
2521;27;54;20.081;20.13
2522;27;55;14.894;16.51
2523;27;55;15.637;3.46
2524;27;55;16.19;8.97
2525;27;56;72.429;23.33
2526;27;56;64.889;17.74
2527;27;57;10.245;23.3
2528;27;57;10.498;18.84
2529;27;57;10.928;12.97
2530;27;58;9.938;4.5
2531;27;58;8.646;12.22
2532;27;59;19.29;10.12
2533;27;59;21.613;16.63
2534;27;59;14.562;14.04
2535;28;29;29.586;22.64
2536;28;29;26.92;1.67
2537;28;30;63.257;17.86
2538;28;30;60.706;17.13
2539;28;30;64.918;16.56
2540;28;31;57.561;3.02
2541;28;31;47.545;3.81
2542;28;31;65.418;24.55
2543;28;32;65.785;6.09
2544;28;33;66.538;5.85
2545;28;33;65.367;3.71
2546;28;34;50.703;16.11
2547;28;35;96.476;24.54
2548;28;36;48.486;17.68
2549;28;37;38.213;9.53
2550;28;38;63.918;14.31
2551;28;38;59.849;24.33
2552;28;39;70.801;11.17
2553;28;39;68.015;19.63
2554;28;40;64.413;1.22
2555;28;40;70.002;6.3
2556;28;40;50.319;9.23
2557;28;41;61.12;9.9
2558;28;41;73.048;2.45
2559;28;41;56.9;13.25
2560;28;42;80.577;4.95
2561;28;42;74.969;1.76
2562;28;42;62.061;0.57
2563;28;43;93.842;19.06
2564;28;43;106.791;24.83
2565;28;43;97.302;21.02
2566;28;44;74.772;3.3
2567;28;44;66.729;17.48
2568;28;44;65.138;12.11
2569;28;45;63.546;0.16
2570;28;45;55.213;20.92
2571;28;45;66.09;23.43
2572;28;46;20.745;7.81
2573;28;46;22.953;9.06
2574;28;47;77.637;11.95
2575;28;47;96.455;10.5
2576;28;48;63.818;12.36
2577;28;48;53.494;8.3
2578;28;49;41.633;7.2
2579;28;49;44.382;9.07
2580;28;49;35.822;16.07
2581;28;50;45.45;14.37
2582;28;51;65.382;14.18
2583;28;52;72.564;6.32
2584;28;53;63.438;5.64
2585;28;53;76.663;20.9
2586;28;54;63.8;11.78
2587;28;54;69.353;7.97
2588;28;54;79.088;11.98
2589;28;55;47.695;22.93
2590;28;56;48.462;15.39
2591;28;56;51.345;22.08
2592;28;57;64.551;16.46
2593;28;57;52.284;10.08
2594;28;58;69.426;18.03
2595;28;58;67.357;0.84
2596;28;59;76.973;7.79
2597;29;30;83.972;1.97
2598;29;30;90.79;24.8
2599;29;30;66.383;13.64
2600;29;31;86.607;21.46
2601;29;31;71.467;6.56
2602;29;32;86.233;5.34
2603;29;33;88.868;23.1
2604;29;33;77.341;21.65
2605;29;33;99.819;5.92
2606;29;34;71.655;16.32
2607;29;34;88.749;24.62
2608;29;34;81.031;12.44
2609;29;35;106.029;16.39
2610;29;35;115.333;10.35
2611;29;36;66.075;13.4
2612;29;36;76.716;20.75
2613;29;36;71.587;1.64
2614;29;37;54.287;15.19
2615;29;37;44.6;1.95
2616;29;37;50.235;22.11
2617;29;38;88.556;16.5
2618;29;39;100.386;2.29
2619;29;39;105.498;3.56
2620;29;39;89.146;9.75
2621;29;40;85.535;1.73
2622;29;40;86.996;3.81
2623;29;40;79.855;6.7
2624;29;41;48.204;24.31
2625;29;41;50.456;11.75
2626;29;42;89.327;9.44
2627;29;42;74.933;19.03
2628;29;42;74.599;21.7
2629;29;43;104.517;18.13
2630;29;43;119.374;8.9
2631;29;43;111.025;17.28
2632;29;44;104.258;7.51
2633;29;44;97.509;5.32
2634;29;44;91.332;2.46
2635;29;45;84.45;14.67
2636;29;45;76.683;8.52
2637;29;45;75.416;16.8
2638;29;46;49.483;13.61
2639;29;46;44.752;11.1
2640;29;47;85.776;16.98
2641;29;48;83.549;2.22
2642;29;49;46.711;17.52
2643;29;49;45.406;1.98
2644;29;50;68.519;7.05
2645;29;51;85.791;10.15
2646;29;51;80.61;20.75
2647;29;52;99.191;23.6
2648;29;53;85.65;22.07
2649;29;53;66.738;22.19
2650;29;53;94.91;4.95
2651;29;54;88.751;13.05
2652;29;55;65.155;8.07
2653;29;55;69.265;8.27
2654;29;55;53.784;3.17
2655;29;56;31.554;8.64
2656;29;56;33.523;5.82
2657;29;57;86.839;17.51
2658;29;57;100.537;6.93
2659;29;57;65.765;7.16
2660;29;58;88.793;0.31
2661;29;58;75.543;4.5
2662;29;58;104.689;10.15
2663;29;59;93.673;20.31
2664;30;31;42.64;22.93
2665;30;32;2.593;3.53
2666;30;32;2.897;1.71
2667;30;33;7.248;7.48
2668;30;33;7.509;2.36
2669;30;33;7.502;20.08
2670;30;34;12.617;10.34
2671;30;34;14.901;8.98
2672;30;34;14.309;7.42
2673;30;35;47.239;20.76
2674;30;35;54.485;3.92
2675;30;36;18.835;17.28
2676;30;37;30.23;8.22
2677;30;38;15.628;5.76
2678;30;39;62.439;14.99
2679;30;39;62.373;18.41
2680;30;40;1.983;13.46
2681;30;40;1.625;21.93
2682;30;40;2.208;16.83
2683;30;41;75.519;21.7
2684;30;42;38.807;3.47
2685;30;42;30.063;18.53
2686;30;43;42.971;4.87
2687;30;43;45.634;23.76
2688;30;44;58.09;7.29
2689;30;44;55.894;5.22
2690;30;45;0.76;9.14
2691;30;46;47.252;0.34
2692;30;46;54.887;14.73
2693;30;46;57.447;22.91
2694;30;47;38.848;23.31
2695;30;47;30.922;0.88
2696;30;47;36.223;21.52
2697;30;48;3.328;1.22
2698;30;48;3.473;11.91
2699;30;48;3.735;23.44
2700;30;49;45.195;2.18
2701;30;50;18.455;14.59
2702;30;50;16.561;7.4
2703;30;51;2.261;23.08
2704;30;51;2.44;14.29
2705;30;51;2.261;17.45
2706;30;52;29.601;19.66
2707;30;53;5.468;23.96
2708;30;53;5.047;3.66
2709;30;53;5.231;17.93
2710;30;54;17.044;11.32
2711;30;54;19.884;9.45
2712;30;55;19.737;15.86
2713;30;55;18.715;3.87
2714;30;55;24.009;19.16
2715;30;56;77.308;8.36
2716;30;56;87.917;8.51
2717;30;57;6.092;19.0
2718;30;57;4.824;15.1
2719;30;57;4.683;11.83
2720;30;58;7.268;21.44
2721;30;58;7.082;20.82
2722;30;58;9.035;18.4
2723;30;59;18.196;7.41
2724;30;59;14.604;0.21
2725;31;32;44.375;6.23
2726;31;32;40.804;0.24
2727;31;33;38.57;4.67
2728;31;34;39.556;23.71
2729;31;34;31.848;6.14
2730;31;34;38.44;9.77
2731;31;35;89.842;13.59
2732;31;35;107.292;2.09
2733;31;36;48.097;15.89
2734;31;37;51.273;7.68
2735;31;37;51.433;23.64
2736;31;37;48.279;4.49
2737;31;38;28.912;13.42
2738;31;39;20.582;22.86
2739;31;39;17.433;16.86
2740;31;40;41.765;20.05
2741;31;40;41.924;17.92
2742;31;41;100.524;7.54
2743;31;41;122.508;21.95
2744;31;42;80.646;17.53
2745;31;42;81.529;2.78
2746;31;43;85.519;21.28
2747;31;43;68.243;17.71
2748;31;43;81.353;6.59
2749;31;44;19.446;4.02
2750;31;44;23.238;6.94
2751;31;45;42.153;11.2
2752;31;45;45.235;21.56
2753;31;46;37.124;24.33
2754;31;47;80.041;6.38
2755;31;47;62.441;9.51
2756;31;47;76.949;13.1
2757;31;48;45.791;7.1
2758;31;48;49.152;22.17
2759;31;48;47.738;19.71
2760;31;49;68.942;20.86
2761;31;49;80.075;18.35
2762;31;50;33.701;21.86
2763;31;50;28.168;0.14
2764;31;51;44.344;5.07
2765;31;51;39.773;10.4
2766;31;52;24.341;22.03
2767;31;52;30.362;19.19
2768;31;52;25.727;21.16
2769;31;53;37.854;23.4
2770;31;53;45.688;7.94
2771;31;53;28.495;16.26
2772;31;54;27.549;3.59
2773;31;55;48.334;17.8
2774;31;56;95.175;15.48
2775;31;56;102.91;18.86
2776;31;56;117.703;19.47
2777;31;57;37.971;3.74
2778;31;57;28.522;2.52
2779;31;57;46.591;5.07
2780;31;58;49.139;2.11
2781;31;58;54.19;18.45
2782;31;59;60.335;16.39
2783;31;59;63.849;21.0
2784;32;33;7.219;18.32
2785;32;33;8.248;0.15
2786;32;34;15.101;1.63
2787;32;34;13.735;16.19
2788;32;35;45.475;3.2
2789;32;35;43.189;24.46
2790;32;35;40.539;22.54
2791;32;36;20.727;1.6
2792;32;36;17.822;8.47
2793;32;37;32.3;8.12
2794;32;37;24.561;10.61
2795;32;37;26.327;9.16
2796;32;38;16.602;9.0
2797;32;38;20.543;11.44
2798;32;39;63.943;22.78
2799;32;40;2.612;10.82
2800;32;41;76.675;3.49
2801;32;41;80.868;19.59
2802;32;41;68.905;24.07
2803;32;42;37.8;3.74
2804;32;43;41.144;0.35
2805;32;43;37.098;1.4
2806;32;44;59.316;2.16
2807;32;45;2.584;0.29
2808;32;45;2.755;22.87
2809;32;46;49.844;20.47
2810;32;46;42.288;9.94
2811;32;46;61.89;20.52
2812;32;47;38.078;9.97
2813;32;47;41.88;16.04
2814;32;48;3.396;15.1
2815;32;48;4.097;15.11
2816;32;49;46.761;10.46
2817;32;50;21.048;12.44
2818;32;50;24.764;5.6
2819;32;50;23.636;1.9
2820;32;51;0.45;9.39
2821;32;51;0.553;19.88
2822;32;51;0.354;21.31
2823;32;52;30.033;17.08
2824;32;52;26.696;8.44
2825;32;53;6.581;23.53
2826;32;53;6.922;14.48
2827;32;54;18.054;12.56
2828;32;55;21.644;14.85
2829;32;56;78.938;12.97
2830;32;56;98.425;16.39
2831;32;57;6.764;13.49
2832;32;58;4.925;20.18
2833;32;58;6.14;7.22
2834;32;59;16.089;6.15
2835;32;59;14.27;4.22
2836;32;59;16.919;11.81
2837;33;34;17.344;24.75
2838;33;34;13.873;11.32
2839;33;34;16.834;11.77
2840;33;35;51.739;10.45
2841;33;36;25.21;0.36
2842;33;37;36.044;24.03
2843;33;37;38.679;20.41
2844;33;37;27.751;16.54
2845;33;38;9.9;8.56
2846;33;38;9.546;11.47
2847;33;39;57.588;2.46
2848;33;39;52.016;17.53
2849;33;39;52.315;4.73
2850;33;40;5.314;5.15
2851;33;41;82.552;21.23
2852;33;41;83.801;24.11
2853;33;42;44.899;15.23
2854;33;42;48.78;15.83
2855;33;43;47.311;23.32
2856;33;43;43.326;11.06
2857;33;43;39.072;14.52
2858;33;44;52.575;2.07
2859;33;44;65.194;18.94
2860;33;44;40.884;19.8
2861;33;45;6.489;1.04
2862;33;46;49.052;1.53
2863;33;47;45.266;7.19
2864;33;47;55.956;20.29
2865;33;48;10.218;22.27
2866;33;48;11.814;10.12
2867;33;49;51.859;5.29
2868;33;49;53.064;19.03
2869;33;49;57.677;21.04
2870;33;50;21.094;13.85
2871;33;50;19.979;14.4
2872;33;50;18.468;12.33
2873;33;51;7.449;23.05
2874;33;52;22.822;9.56
2875;33;52;18.474;4.37
2876;33;53;3.218;14.14
2877;33;53;3.48;3.3
2878;33;53;3.744;12.59
2879;33;54;11.354;4.28
2880;33;54;9.177;17.62
2881;33;55;26.067;20.44
2882;33;56;83.818;10.24
2883;33;57;2.031;22.0
2884;33;57;1.865;17.96
2885;33;58;11.087;18.1
2886;33;59;21.985;1.51
2887;33;59;18.296;5.09
2888;34;35;53.945;17.6
2889;34;36;9.624;2.93
2890;34;36;9.535;18.81
2891;34;37;18.906;19.03
2892;34;37;19.625;5.44
2893;34;38;20.169;8.38
2894;34;39;60.128;2.63
2895;34;40;13.976;0.34
2896;34;40;11.314;14.37
2897;34;41;67.406;12.67
2898;34;41;56.912;0.56
2899;34;41;69.525;15.78
2900;34;42;42.132;19.32
2901;34;42;42.823;21.13
2902;34;42;43.166;0.9
2903;34;43;50.12;0.33
2904;34;43;48.073;4.07
2905;34;43;43.194;16.0
2906;34;44;57.499;9.94
2907;34;44;58.29;9.95
2908;34;44;59.708;11.03
2909;34;45;12.982;12.03
2910;34;45;11.756;4.29
2911;34;46;35.56;14.87
2912;34;46;38.24;16.98
2913;34;46;42.353;7.66
2914;34;47;41.035;23.57
2915;34;48;13.221;11.25
2916;34;49;35.755;4.99
2917;34;49;27.836;24.99
2918;34;50;7.54;6.63
2919;34;50;8.134;5.11
2920;34;50;7.414;14.19
2921;34;51;14.691;18.15
2922;34;51;11.585;7.38
2923;34;52;34.335;6.7
2924;34;52;42.786;12.07
2925;34;52;42.91;14.35
2926;34;53;14.144;13.83
2927;34;53;13.391;23.24
2928;34;54;21.07;4.0
2929;34;54;22.075;18.55
2930;34;54;23.875;2.38
2931;34;55;10.232;10.25
2932;34;56;67.164;8.94
2933;34;57;15.341;14.73
2934;34;57;17.618;11.57
2935;34;57;12.933;10.27
2936;34;58;18.843;19.37
2937;34;58;18.477;23.93
2938;34;58;17.821;11.77
2939;34;59;27.874;10.82
2940;34;59;21.49;23.47
2941;34;59;26.248;8.65
2942;35;36;50.322;18.59
2943;35;37;58.502;6.9
2944;35;37;65.042;5.76
2945;35;38;61.638;20.6
2946;35;38;63.614;8.73
2947;35;39;109.307;14.75
2948;35;39;134.723;15.11
2949;35;39;115.705;6.34
2950;35;40;48.082;18.36
2951;35;41;73.829;23.09
2952;35;42;16.702;12.16
2953;35;42;15.475;21.75
2954;35;42;19.317;13.72
2955;35;43;4.55;12.71
2956;35;44;104.196;5.66
2957;35;44;114.775;6.48
2958;35;45;47.699;7.17
2959;35;46;87.243;22.72
2960;35;46;83.514;11.4
2961;35;47;20.303;24.52
2962;35;47;24.058;10.52
2963;35;47;24.081;15.72
2964;35;48;44.188;1.48
2965;35;49;59.369;11.11
2966;35;49;73.897;3.87
2967;35;49;61.882;22.35
2968;35;50;61.476;14.32
2969;35;50;54.653;23.64
2970;35;50;52.88;3.41
2971;35;51;45.498;21.58
2972;35;51;44.405;24.72
2973;35;51;50.259;12.3
2974;35;52;73.102;14.72
2975;35;52;81.26;4.44
2976;35;53;52.029;17.43
2977;35;53;48.797;17.51
2978;35;53;49.852;12.56
2979;35;54;63.093;23.77
2980;35;54;51.713;9.82
2981;35;54;78.345;1.55
2982;35;55;50.845;9.73
2983;35;56;84.973;11.68
2984;35;56;75.84;22.71
2985;35;57;52.019;24.33
2986;35;57;39.567;14.57
2987;35;58;40.794;0.99
2988;35;59;29.769;2.18
2989;35;59;31.781;16.86
2990;35;59;34.839;1.86
2991;36;37;11.794;15.08
2992;36;37;10.198;4.01
2993;36;38;29.595;13.37
2994;36;38;33.508;19.91
2995;36;38;31.678;10.64
2996;36;39;68.649;19.15
2997;36;40;20.682;6.41
2998;36;41;57.986;6.41
2999;36;42;36.524;2.65
3000;36;42;36.895;11.32
3001;36;42;41.788;6.6
3002;36;43;46.999;22.53
3003;36;44;66.548;22.32
3004;36;44;51.742;0.71
3005;36;44;70.679;14.17
3006;36;45;19.461;20.66
3007;36;45;20.187;2.72
3008;36;46;36.928;16.03
3009;36;46;33.256;5.82
3010;36;46;42.019;8.53
3011;36;47;34.746;21.39
3012;36;47;28.133;7.87
3013;36;47;27.914;19.26
3014;36;48;17.717;21.13
3015;36;49;26.702;21.71
3016;36;49;28.638;2.09
3017;36;50;14.441;20.24
3018;36;50;14.055;23.07
3019;36;50;11.004;23.82
3020;36;51;20.277;5.23
3021;36;52;43.901;10.14
3022;36;52;39.389;14.69
3023;36;53;22.231;2.72
3024;36;54;30.574;1.71
3025;36;54;29.092;14.01
3026;36;54;33.571;19.47
3027;36;55;0.927;22.56
3028;36;55;0.8;16.65
3029;36;55;0.705;21.35
3030;36;56;58.612;13.86
3031;36;57;23.372;21.27
3032;36;57;22.418;14.02
3033;36;58;22.75;14.42
3034;36;58;19.742;19.73
3035;36;58;23.186;8.97
3036;36;59;28.59;16.7
3037;36;59;24.389;12.25
3038;37;38;38.637;12.37
3039;37;39;71.224;15.29
3040;37;39;88.693;0.06
3041;37;39;73.562;6.41
3042;37;40;31.968;1.57
3043;37;40;37.23;22.7
3044;37;41;50.112;10.82
3045;37;41;39.362;12.32
3046;37;42;43.122;12.86
3047;37;43;55.703;17.23
3048;37;43;47.138;13.73
3049;37;44;70.559;13.45
3050;37;44;54.985;20.03
3051;37;44;63.721;7.27
3052;37;45;30.794;24.87
3053;37;45;27.288;13.41
3054;37;45;36.539;21.58
3055;37;46;30.57;20.77
3056;37;46;35.6;8.14
3057;37;46;37.054;20.22
3058;37;47;40.554;3.22
3059;37;47;35.119;16.85
3060;37;48;29.42;21.69
3061;37;49;18.045;13.86
3062;37;50;19.447;6.45
3063;37;50;16.413;15.83
3064;37;50;16.277;20.73
3065;37;51;31.851;5.35
3066;37;52;52.162;7.4
3067;37;52;43.343;2.88
3068;37;52;50.614;7.07
3069;37;53;32.902;22.7
3070;37;54;39.349;4.02
3071;37;54;33.455;21.09
3072;37;54;42.49;16.93
3073;37;55;10.871;6.6
3074;37;55;8.598;22.64
3075;37;55;9.902;14.79
3076;37;56;48.399;0.36
3077;37;57;34.089;23.76
3078;37;57;38.745;0.56
3079;37;58;34.539;21.85
3080;37;58;33.237;6.94
3081;37;59;39.896;6.78
3082;37;59;31.425;8.31
3083;38;39;47.692;20.05
3084;38;39;56.048;1.12
3085;38;40;14.157;3.83
3086;38;41;87.551;14.56
3087;38;41;91.748;2.54
3088;38;42;54.354;15.6
3089;38;42;41.216;15.8
3090;38;42;45.318;8.69
3091;38;43;57.211;13.91
3092;38;43;56.673;21.06
3093;38;43;65.09;13.83
3094;38;44;42.748;23.93
3095;38;45;14.954;20.99
3096;38;46;44.812;1.27
3097;38;46;40.966;10.5
3098;38;47;54.473;24.98
3099;38;48;18.951;9.56
3100;38;49;55.908;3.85
3101;38;49;47.833;21.67
3102;38;50;20.283;2.84
3103;38;50;15.998;12.92
3104;38;51;16.707;12.58
3105;38;52;14.526;24.68
3106;38;53;10.181;9.68
3107;38;53;9.593;17.91
3108;38;53;11.59;14.84
3109;38;54;1.46;8.76
3110;38;55;30.296;12.71
3111;38;56;87.035;5.86
3112;38;56;81.396;23.42
3113;38;57;9.838;7.55
3114;38;57;9.795;3.12
3115;38;57;8.965;13.76
3116;38;58;20.922;3.62
3117;38;59;31.884;21.61
3118;38;59;27.698;4.1
3119;38;59;36.0;21.43
3120;39;40;61.364;20.44
3121;39;40;59.444;15.91
3122;39;40;55.774;22.87
3123;39;41;119.593;17.59
3124;39;42;100.892;14.61
3125;39;42;81.712;22.05
3126;39;43;104.895;9.08
3127;39;43;121.852;20.29
3128;39;44;8.891;16.95
3129;39;44;10.959;19.65
3130;39;45;61.891;22.47
3131;39;46;52.166;1.59
3132;39;46;54.518;24.39
3133;39;47;100.423;12.67
3134;39;47;119.425;8.51
3135;39;48;65.684;23.65
3136;39;48;76.934;14.32
3137;39;48;62.469;8.2
3138;39;49;88.529;10.12
3139;39;49;101.858;18.22
3140;39;50;54.228;13.23
3141;39;51;63.966;20.53
3142;39;51;62.153;17.39
3143;39;52;38.634;3.54
3144;39;53;57.363;12.49
3145;39;54;46.244;13.83
3146;39;54;45.339;6.98
3147;39;54;45.212;10.01
3148;39;55;68.866;21.35
3149;39;56;112.895;3.44
3150;39;56;134.06;21.3
3151;39;57;57.305;22.61
3152;39;57;65.106;12.28
3153;39;57;48.199;6.55
3154;39;58;68.524;0.9
3155;39;58;79.01;15.01
3156;39;59;79.572;23.5
3157;40;41;77.498;10.52
3158;40;42;40.197;8.9
3159;40;42;33.044;4.98
3160;40;43;43.755;15.52
3161;40;44;56.809;14.88
3162;40;44;44.364;17.78
3163;40;45;1.253;22.48
3164;40;46;48.0;7.26
3165;40;46;48.971;13.52
3166;40;46;46.413;14.05
3167;40;47;40.365;12.41
3168;40;47;46.354;19.92
3169;40;48;4.963;23.39
3170;40;48;6.029;16.44
3171;40;48;5.993;23.21
3172;40;49;47.122;12.95
3173;40;49;43.944;13.65
3174;40;49;55.936;5.94
3175;40;50;19.289;3.52
3176;40;50;21.943;21.48
3177;40;50;16.384;4.04
3178;40;51;2.602;0.44
3179;40;51;2.43;19.8
3180;40;51;3.159;16.88
3181;40;52;27.884;9.39
3182;40;53;4.023;9.56
3183;40;54;15.598;17.26
3184;40;55;21.576;18.94
3185;40;55;23.248;6.3
3186;40;56;79.213;15.37
3187;40;56;85.2;18.34
3188;40;57;4.383;14.08
3189;40;58;7.489;1.43
3190;40;58;7.806;17.18
3191;40;59;18.686;3.03
3192;40;59;16.756;19.71
3193;41;42;58.825;3.88
3194;41;42;58.502;21.83
3195;41;42;51.982;18.47
3196;41;43;74.193;20.59
3197;41;44;119.966;24.59
3198;41;44;128.188;24.48
3199;41;44;119.605;10.78
3200;41;45;76.248;10.71
3201;41;46;70.303;17.25
3202;41;46;76.179;16.85
3203;41;46;81.959;21.68
3204;41;47;55.153;21.58
3205;41;47;58.0;22.9
3206;41;47;62.87;9.32
3207;41;48;73.285;7.54
3208;41;48;88.871;18.63
3209;41;49;32.076;18.28
3210;41;49;31.771;19.41
3211;41;50;69.5;0.3
3212;41;50;78.907;18.48
3213;41;50;67.526;12.74
3214;41;51;76.263;23.43
3215;41;51;92.073;16.12
3216;41;52;101.691;0.18
3217;41;52;104.722;11.63
3218;41;52;93.744;1.02
3219;41;53;79.83;3.99
3220;41;54;88.476;1.27
3221;41;55;57.261;11.7
3222;41;55;54.843;16.11
3223;41;55;52.476;20.6
3224;41;56;16.868;10.87
3225;41;56;19.608;21.92
3226;41;56;19.686;3.11
3227;41;57;80.898;17.34
3228;41;57;75.419;20.22
3229;41;57;100.809;24.26
3230;41;58;76.502;22.46
3231;41;59;75.314;1.77
3232;41;59;84.787;5.89
3233;42;43;15.72;4.22
3234;42;43;15.313;16.58
3235;42;43;17.369;21.1
3236;42;44;96.875;17.38
3237;42;45;39.442;4.17
3238;42;46;72.898;5.41
3239;42;46;72.915;17.53
3240;42;46;76.063;22.51
3241;42;47;3.751;2.34
3242;42;48;35.485;18.11
3243;42;48;34.526;10.23
3244;42;48;36.681;20.03
3245;42;49;42.68;7.15
3246;42;49;33.2;4.46
3247;42;49;35.998;7.15
3248;42;50;49.387;0.46
3249;42;50;44.626;6.32
3250;42;51;37.664;22.97
3251;42;51;34.539;11.36
3252;42;51;33.413;2.04
3253;42;52;67.625;13.47
3254;42;52;61.025;7.98
3255;42;52;74.882;10.41
3256;42;53;44.188;14.62
3257;42;53;33.744;4.98
3258;42;54;55.794;15.48
3259;42;54;69.627;14.0
3260;42;54;46.527;19.58
3261;42;55;36.871;22.14
3262;42;55;28.941;9.84
3263;42;56;68.876;14.0
3264;42;56;62.057;14.48
3265;42;57;44.543;17.92
3266;42;58;34.038;11.03
3267;42;58;33.792;16.97
3268;42;58;36.886;22.14
3269;42;59;25.336;8.64
3270;43;44;99.718;12.77
3271;43;45;43.41;15.06
3272;43;45;48.101;18.73
3273;43;46;83.911;14.39
3274;43;46;75.953;15.24
3275;43;46;92.33;19.02
3276;43;47;19.469;19.2
3277;43;48;39.972;23.53
3278;43;49;57.808;20.67
3279;43;49;68.74;6.59
3280;43;50;57.66;9.84
3281;43;51;41.182;4.9
3282;43;51;44.671;2.08
3283;43;52;68.572;21.87
3284;43;52;79.248;0.41
3285;43;53;47.678;0.11
3286;43;54;58.663;22.81
3287;43;54;63.089;15.28
3288;43;55;47.57;12.92
3289;43;55;48.51;22.79
3290;43;55;42.591;9.3
3291;43;56;84.592;23.78
3292;43;56;71.796;8.43
3293;43;56;88.114;14.38
3294;43;57;47.637;0.03
3295;43;57;47.681;9.91
3296;43;57;41.04;4.81
3297;43;58;36.416;16.44
3298;43;59;25.327;15.87
3299;43;59;19.478;10.29
3300;43;59;25.231;4.71
3301;44;45;57.478;19.85
3302;44;46;55.105;19.49
3303;44;47;96.71;6.87
3304;44;47;72.777;23.35
3305;44;47;103.262;22.09
3306;44;48;61.402;1.73
3307;44;48;66.467;20.33
3308;44;49;88.328;9.6
3309;44;49;107.94;10.63
3310;44;49;68.432;15.96
3311;44;50;52.388;15.19
3312;44;50;44.099;16.42
3313;44;51;59.394;6.04
3314;44;51;46.154;9.52
3315;44;51;60.435;4.3
3316;44;52;31.922;9.99
3317;44;52;37.418;7.87
3318;44;52;26.307;20.16
3319;44;53;52.787;22.46
3320;44;53;58.749;0.04
3321;44;54;41.289;22.53
3322;44;55;66.878;3.05
3323;44;55;61.904;5.2
3324;44;55;57.557;13.66
3325;44;56;114.459;23.73
3326;44;56;103.777;20.05
3327;44;56;114.247;8.61
3328;44;57;52.566;18.07
3329;44;57;65.413;9.0
3330;44;57;44.571;1.29
3331;44;58;63.651;13.42
3332;44;58;75.361;11.22
3333;44;59;74.442;0.26
3334;44;59;73.23;23.78
3335;44;59;90.785;19.85
3336;45;46;47.367;18.33
3337;45;46;46.42;10.81
3338;45;46;36.69;4.22
3339;45;47;39.519;1.75
3340;45;48;4.002;16.8
3341;45;48;4.275;0.94
3342;45;48;3.889;22.3
3343;45;49;45.875;4.24
3344;45;50;18.593;7.5
3345;45;50;18.317;20.35
3346;45;51;2.362;8.0
3347;45;51;1.809;22.87
3348;45;51;2.451;21.09
3349;45;52;28.872;12.99
3350;45;53;4.777;18.06
3351;45;53;5.14;18.44
3352;45;54;16.378;17.04
3353;45;54;14.49;4.77
3354;45;54;16.028;2.69
3355;45;55;20.357;10.95
3356;45;56;77.973;14.86
3357;45;56;80.073;20.58
3358;45;56;89.319;22.12
3359;45;57;5.353;12.62
3360;45;57;6.023;22.38
3361;45;58;7.457;5.62
3362;45;59;18.52;10.13
3363;46;47;70.652;21.94
3364;46;47;86.367;7.06
3365;46;48;48.601;3.78
3366;46;48;37.688;12.12
3367;46;48;58.406;22.03
3368;46;49;42.68;3.75
3369;46;49;45.755;23.64
3370;46;50;28.801;22.64
3371;46;51;49.499;12.06
3372;46;52;52.187;12.3
3373;46;52;56.987;0.81
3374;46;53;46.193;20.3
3375;46;53;36.628;21.34
3376;46;53;45.356;14.0
3377;46;54;44.482;16.83
3378;46;55;36.399;14.04
3379;46;55;28.874;13.2
3380;46;55;35.548;16.26
3381;46;56;61.414;14.08
3382;46;57;47.189;14.02
3383;46;57;48.133;23.61
3384;46;58;54.148;21.02
3385;46;58;54.844;18.2
3386;46;58;54.346;23.33
3387;46;59;63.373;24.42
3388;46;59;54.84;16.97
3389;46;59;71.857;17.55
3390;47;48;35.522;22.25
3391;47;48;37.538;6.11
3392;47;49;39.193;6.81
3393;47;49;47.826;15.81
3394;47;50;48.105;0.05
3395;47;50;41.471;11.41
3396;47;50;42.648;8.48
3397;47;51;37.9;6.64
3398;47;51;37.832;15.13
3399;47;51;41.933;9.97
3400;47;52;68.082;22.28
3401;47;53;44.294;3.4
3402;47;53;48.939;23.97
3403;47;53;38.007;20.19
3404;47;54;55.892;4.53
3405;47;54;67.921;15.66
3406;47;55;35.013;14.05
3407;47;55;29.82;3.15
3408;47;55;32.446;3.99
3409;47;56;65.125;9.59
3410;47;57;44.745;22.77
3411;47;58;34.664;13.36
3412;47;58;29.936;19.98
3413;47;59;26.871;14.25
3414;47;59;25.984;8.33
3415;47;59;29.688;24.76
3416;48;49;43.48;12.77
3417;48;50;19.896;14.01
3418;48;51;3.002;17.13
3419;48;51;2.306;1.32
3420;48;51;3.52;22.8
3421;48;52;32.838;18.93
3422;48;52;28.472;18.78
3423;48;53;8.778;22.14
3424;48;53;6.842;24.59
3425;48;53;9.013;6.21
3426;48;54;20.371;6.42
3427;48;55;18.642;16.01
3428;48;55;14.894;10.0
3429;48;56;75.673;21.98
3430;48;57;9.317;22.6
3431;48;57;7.668;13.83
3432;48;57;10.273;23.05
3433;48;58;5.624;9.16
3434;48;58;4.265;1.1
3435;48;59;15.608;13.01
3436;48;59;13.581;15.37
3437;48;59;19.092;18.19
3438;49;50;37.429;14.8
3439;49;51;46.322;22.06
3440;49;52;69.83;14.35
3441;49;52;68.259;17.54
3442;49;52;56.473;3.57
3443;49;53;48.924;11.67
3444;49;53;41.463;24.28
3445;49;54;56.751;0.1
3446;49;55;25.887;15.59
3447;49;55;21.531;7.62
3448;49;55;22.765;18.97
3449;49;56;32.204;12.15
3450;49;57;50.055;1.76
3451;49;57;61.33;0.66
3452;49;58;47.633;15.29
3453;49;58;47.657;1.32
3454;49;58;58.495;17.38
3455;49;59;49.508;13.39
3456;50;51;20.7;2.66
3457;50;51;17.953;23.91
3458;50;51;25.301;9.53
3459;50;52;32.945;23.75
3460;50;52;28.427;15.6
3461;50;53;17.99;18.61
3462;50;53;20.657;24.22
3463;50;53;18.613;23.9
3464;50;54;20.709;15.58
3465;50;54;16.45;24.92
3466;50;54;19.374;10.45
3467;50;55;14.638;14.11
3468;50;55;16.999;12.65
3469;50;56;67.412;12.65
3470;50;56;51.733;10.31
3471;50;56;72.512;15.08
3472;50;57;19.102;23.02
3473;50;57;18.963;6.07
3474;50;57;15.073;14.6
3475;50;58;25.383;19.11
3476;50;58;30.808;16.05
3477;50;58;27.152;15.03
3478;50;59;35.108;19.08
3479;50;59;28.783;16.39
3480;51;52;30.24;2.54
3481;51;52;25.279;10.44
3482;51;52;37.576;14.9
3483;51;53;6.619;7.5
3484;51;54;18.155;1.27
3485;51;54;16.064;24.52
3486;51;55;21.194;5.64
3487;51;56;78.497;1.76
3488;51;56;83.193;14.98
3489;51;56;89.825;2.72
3490;51;57;6.88;12.18
3491;51;57;5.313;7.74
3492;51;57;6.33;21.41
3493;51;58;5.095;3.56
3494;51;59;16.194;17.87
3495;51;59;16.991;1.68
3496;52;53;24.176;21.52
3497;52;54;13.384;10.15
3498;52;54;15.29;22.37
3499;52;54;13.03;5.88
3500;52;55;44.556;19.3
3501;52;55;37.624;18.27
3502;52;55;46.315;9.25
3503;52;56;100.354;3.27
3504;52;56;87.782;7.82
3505;52;56;107.629;8.71
3506;52;57;23.525;23.38
3507;52;57;27.771;23.46
3508;52;58;33.599;9.97
3509;52;58;27.677;23.25
3510;52;58;35.612;5.18
3511;52;59;43.634;17.15
3512;52;59;41.581;17.15
3513;53;54;11.611;0.09
3514;53;54;13.847;6.02
3515;53;54;9.097;17.86
3516;53;55;23.069;4.97
3517;53;55;26.248;16.77
3518;53;55;20.399;23.65
3519;53;56;80.802;3.01
3520;53;56;91.084;12.94
3521;53;56;83.774;11.56
3522;53;57;1.197;18.26
3523;53;57;1.486;8.42
3524;53;57;0.953;21.65
3525;53;58;11.287;4.18
3526;53;59;22.496;9.84
3527;53;59;24.695;21.68
3528;53;59;21.566;1.14
3529;54;55;31.253;1.45
3530;54;55;34.654;0.32
3531;54;55;31.901;9.41
3532;54;56;87.728;12.12
3533;54;56;65.84;21.46
3534;54;57;11.291;14.9
3535;54;57;12.183;2.9
3536;54;57;10.51;13.21
3537;54;58;22.382;2.71
3538;54;58;21.227;4.2
3539;54;58;21.649;0.01
3540;54;59;33.336;11.06
3541;55;56;57.751;19.51
3542;55;56;54.183;15.56
3543;55;56;62.545;8.55
3544;55;57;24.216;24.5
3545;55;58;23.675;1.54
3546;55;58;18.884;14.27
3547;55;59;29.433;20.57
3548;55;59;28.435;17.69
3549;56;57;81.958;12.9
3550;56;57;85.668;7.35
3551;56;57;66.198;9.29
3552;56;58;79.813;14.2
3553;56;58;80.332;13.65
3554;56;58;81.844;10.16
3555;56;59;80.959;18.4
3556;56;59;90.826;5.11
3557;56;59;95.053;18.26
3558;57;58;11.225;10.48
3559;57;58;13.661;8.25
3560;57;58;12.785;2.06
3561;57;59;22.373;18.94
3562;57;59;21.035;3.99
3563;58;59;11.217;22.32
3564;58;59;8.686;18.01
3565;58;59;13.203;12.68
