VERTEX_COUNT 60
PATH_COUNT 1
BUDGET 480
<------------ VERTICES ------------>
0;START;41.374834;2.170055;0.0;0.0
1;Basilica of the Sagrada Família;41.403568;2.174435;45.0;100.0
2;Palau Güell;41.378864;2.174117;45.0;79.78
3;Museu Nacional d’Art de Catalunya;41.36882;2.153347;45.0;77.85
4;La Pedrera (Casa Milà);41.395271;2.161785;45.0;77.75
5;Anella Olímpica(Olympic Park);41.364778;2.152575;45.0;73.83
6;Galeria d’Art Mar Grup Escolà;41.392349;2.167836;45.0;73.35
7;Poble Espanyol;41.368679;2.147031;45.0;71.79
8;Lorena Ruiz de Villa;41.397858;2.146705;45.0;69.53
9;Imaginart Gallery;41.393822;2.164627;45.0;69.05
10;Montjuïc Castle;41.363823;2.167096;45.0;68.92
11;Parc de la Ciutadella;41.389248;2.186548;45.0;66.96
12;Barcelona;41.389034;2.16137;45.0;66.61
13;Passeig de Gràcia;41.390739;2.166672;45.0;66.45
14;Basilica of Sants Just i Pastor;41.382812;2.178195;45.0;66.09
15;Atelier;41.407719;2.158233;45.0;65.76
16;Museu d’Història de Catalunya - MHC;41.380852;2.185799;45.0;65.72
17;Antic Hospital de la Santa Creu;41.380573;2.170374;45.0;65.58
18;Avinguda d’Icària;41.391556;2.197416;45.0;65.16
19;Contrast;41.387928;2.161469;45.0;62.62
20;Casa Batlló;41.391758;2.164961;45.0;62.05
21;Park Güell;41.414249;2.151926;45.0;61.59
22;Despair;41.387653;2.188076;45.0;61.14
23;Museu Picasso;41.385181;2.180863;45.0;61.07
24;Museu Frederic Marès;41.384178;2.176819;45.0;60.47
25;Galeria Mayoral;41.389542;2.163808;45.0;59.91
26;Carles Taché;41.389851;2.164213;45.0;59.3
27;Piramidon Centre d’Art Contemporani;41.422626;2.209764;45.0;58.7
28;Arts Santa Mònica;41.37722;2.176012;45.0;58.6
29;Basilica of Santa Maria del Mar;41.383518;2.1818;45.0;57.69
30;Plaça de Catalunya;41.387005;2.17003;45.0;56.57
31;Plaça del Rei;41.384144;2.177409;45.0;56.56
32;Museu Palmero;41.424667;2.139856;45.0;54.11
33;Casa Martí, Els Quatre Gats ;41.385775;2.173671;45.0;53.93
34;Monument to Doctor Robert;41.394924;2.175599;45.0;53.28
35;Casa Vicens;41.403442;2.150684;45.0;51.79
36;A. Cortina;41.391098;2.161385;45.0;50.93
37;Galeria Ferran Cano;41.375816;2.177766;45.0;50.9
38;Rambla del Raval;41.378681;2.169317;45.0;50.59
39;Royal Dockyards Museu Marítim ;41.375286;2.17598;45.0;50.3
40;Galeria Miquel Alzueta;41.397125;2.156751;45.0;50.17
41;Palau Montaner;41.39555;2.1652;45.0;50.16
42;La Colmena;41.383835;2.178294;45.0;50.05
43;Beaskoa;41.384792;2.181268;45.0;49.94
44;Àngels Barcelona;41.382534;2.169249;45.0;49.39
45;Poblenou Cemetery;41.394859;2.201189;45.0;49.09
46;Carmen Sallent;41.39637;2.153188;45.0;48.87
47;Turó de la Rovira viewing point;41.419388;2.161812;45.0;48.08
48;Museu d’Història de Barcelona;41.384144;2.177409;45.0;48.06
49;Fundació Fran Daurel;41.369118;2.146695;45.0;47.1
50;Artur Ramon Art;41.383682;2.17456;45.0;47.06
51;90th Jean Bouin;41.373077;2.150465;45.0;46.93
52;Casa Lleó Morera;41.39119;2.165511;45.0;46.54
53;Pèrgamon Quatre Gràfica Quatre;41.382576;2.173292;45.0;44.33
54;Maeght;41.384689;2.181526;45.0;43.88
55;Museu de la Moto ;41.383327;2.174488;45.0;43.84
56;El Fossar de les Moreres;41.383713;2.18243;45.0;43.44
57;Rambla del Poblenou;41.40192;2.200141;45.0;43.13
58;Palau Sant Jordi;41.363441;2.152537;45.0;42.99
59;FINISH;41.374834;2.170055;0.0;0.0
<------------- EDGES -------------->
0;0;1;49.491;18.98
1;0;2;8.647;24.44
2;0;3;23.796;23.04
3;0;3;25.11;21.05
4;0;3;21.943;20.87
5;0;4;36.549;22.67
6;0;4;30.854;4.83
7;0;5;28.285;22.91
8;0;6;30.107;11.86
9;0;7;31.387;10.41
10;0;7;23.739;20.54
11;0;7;26.871;23.78
12;0;8;49.508;21.97
13;0;8;50.514;11.86
14;0;9;33.232;7.01
15;0;9;36.826;1.76
16;0;9;26.681;19.45
17;0;10;19.222;6.27
18;0;10;17.966;16.7
19;0;10;21.578;9.8
20;0;11;32.509;24.6
21;0;12;26.736;6.34
22;0;13;27.562;0.84
23;0;14;17.194;20.35
24;0;14;16.961;2.09
25;0;15;58.284;1.73
26;0;15;51.081;1.35
27;0;16;22.688;10.42
28;0;16;21.955;3.79
29;0;16;22.713;19.2
30;0;17;9.829;22.94
31;0;18;45.309;5.86
32;0;18;42.161;1.03
33;0;18;48.707;4.5
34;0;19;24.972;13.31
35;0;20;29.69;19.33
36;0;20;30.043;3.83
37;0;20;23.676;6.52
38;0;21;71.35;12.52
39;0;21;55.027;11.87
40;0;21;80.487;20.16
41;0;22;31.884;16.05
42;0;22;39.308;23.52
43;0;22;37.055;20.12
44;0;23;22.496;19.15
45;0;23;20.094;5.2
46;0;24;18.196;21.23
47;0;25;26.416;24.85
48;0;25;30.238;18.6
49;0;25;24.224;15.94
50;0;26;26.77;12.43
51;0;27;96.367;21.53
52;0;28;8.671;4.58
53;0;29;21.172;15.13
54;0;29;22.636;12.8
55;0;29;16.347;0.68
56;0;30;20.827;11.82
57;0;30;25.902;3.53
58;0;31;18.52;16.31
59;0;31;14.906;11.3
60;0;31;18.175;2.85
61;0;32;93.673;6.09
62;0;33;19.29;11.86
63;0;34;35.108;23.75
64;0;34;29.053;11.56
65;0;34;29.619;14.78
66;0;35;54.909;3.87
67;0;35;57.439;22.67
68;0;35;48.363;17.82
69;0;36;29.975;15.63
70;0;36;35.615;7.94
71;0;37;10.043;10.07
72;0;37;10.249;20.31
73;0;37;12.24;13.67
74;0;38;6.651;2.87
75;0;38;7.347;19.08
76;0;39;7.648;14.85
77;0;40;41.795;2.59
78;0;40;32.639;11.05
79;0;41;35.994;0.63
80;0;41;40.381;13.2
81;0;41;40.707;1.8
82;0;42;18.686;19.04
83;0;42;15.717;16.64
84;0;42;15.331;1.21
85;0;43;22.308;13.7
86;0;43;19.33;12.67
87;0;43;18.201;18.53
88;0;44;13.217;18.67
89;0;44;16.511;19.59
90;0;45;52.651;6.56
91;0;45;42.838;13.62
92;0;45;44.71;3.28
93;0;46;42.745;15.63
94;0;47;76.973;6.18
95;0;47;86.575;15.97
96;0;47;87.284;7.65
97;0;48;18.52;15.78
98;0;48;19.694;16.57
99;0;49;31.553;10.37
100;0;50;16.208;14.35
101;0;50;19.972;14.7
102;0;51;25.336;8.96
103;0;51;23.442;18.43
104;0;52;28.59;13.43
105;0;52;23.547;1.61
106;0;52;27.121;23.28
107;0;53;13.885;17.68
108;0;54;22.391;12.28
109;0;54;24.969;14.81
110;0;54;23.817;20.57
111;0;55;15.608;20.59
112;0;55;12.103;1.63
113;0;56;21.985;15.1
114;0;56;17.863;1.0
115;0;56;18.108;14.36
116;0;57;60.335;15.17
117;0;58;29.769;15.64
118;0;59;0.0;19.5
119;0;59;0.0;24.91
120;1;2;42.276;16.86
121;1;3;65.336;8.21
122;1;3;50.716;3.0
123;1;3;77.464;13.69
124;1;4;21.57;1.5
125;1;5;72.069;8.86
126;1;5;86.924;23.67
127;1;6;20.984;6.92
128;1;7;69.299;19.8
129;1;7;84.742;5.57
130;1;8;36.911;23.11
131;1;9;20.896;7.3
132;1;10;68.662;21.72
133;1;10;59.405;9.03
134;1;11;29.022;3.09
135;1;12;29.997;2.39
136;1;12;24.862;10.74
137;1;12;29.315;18.36
138;1;13;24.109;10.38
139;1;13;21.245;11.08
140;1;14;35.845;17.06
141;1;15;21.975;3.92
142;1;15;25.907;24.47
143;1;15;22.11;14.31
144;1;16;41.52;8.34
145;1;16;46.078;8.58
146;1;17;39.694;19.61
147;1;18;35.955;2.32
148;1;19;31.517;8.93
149;1;19;36.023;10.26
150;1;19;32.299;21.79
151;1;20;23.587;0.85
152;1;20;20.986;4.23
153;1;20;22.387;13.91
154;1;21;34.185;10.88
155;1;22;32.378;23.01
156;1;22;37.016;11.94
157;1;22;26.363;17.36
158;1;23;32.528;8.08
159;1;23;33.851;22.74
160;1;23;40.546;14.42
161;1;24;33.322;7.55
162;1;24;29.919;13.23
163;1;25;27.608;23.24
164;1;26;26.892;17.94
165;1;26;26.025;9.67
166;1;27;55.85;19.97
167;1;27;56.557;5.53
168;1;27;57.009;7.09
169;1;28;45.133;5.49
170;1;28;49.285;10.55
171;1;28;39.111;14.03
172;1;29;35.589;7.13
173;1;29;34.591;16.68
174;1;29;44.161;9.36
175;1;30;28.902;24.03
176;1;30;32.725;0.92
177;1;31;33.457;24.41
178;1;31;41.31;4.33
179;1;31;33.799;23.14
180;1;32;57.209;9.05
181;1;32;60.162;13.22
182;1;32;64.925;9.79
183;1;33;30.463;18.02
184;1;33;36.147;17.03
185;1;33;27.554;9.35
186;1;34;14.867;6.89
187;1;35;30.486;15.45
188;1;35;34.865;19.11
189;1;36;27.129;0.91
190;1;36;20.793;4.15
191;1;36;22.514;6.47
192;1;37;47.682;15.82
193;1;38;43.091;4.71
194;1;39;48.438;4.23
195;1;40;25.235;14.33
196;1;40;30.289;23.75
197;1;41;18.132;12.47
198;1;42;34.129;19.64
199;1;43;33.306;24.25
200;1;44;36.604;11.46
201;1;45;37.436;4.08
202;1;45;29.72;22.04
203;1;45;44.6;3.37
204;1;46;29.925;14.93
205;1;47;31.549;6.36
206;1;47;32.009;8.22
207;1;48;33.457;22.47
208;1;48;32.817;16.47
209;1;49;68.875;17.77
210;1;50;34.03;0.85
211;1;50;35.105;9.89
212;1;50;35.493;0.57
213;1;51;60.577;12.46
214;1;52;24.081;20.75
215;1;52;26.713;1.33
216;1;52;23.764;10.17
217;1;53;35.952;14.13
218;1;54;33.564;5.64
219;1;54;37.705;22.6
220;1;55;34.637;3.56
221;1;55;38.855;17.09
222;1;55;28.539;18.38
223;1;56;35.493;17.99
224;1;57;33.115;16.56
225;1;57;28.517;15.01
226;1;58;74.2;14.19
227;1;58;61.505;0.55
228;1;58;64.14;21.07
229;1;59;49.491;14.89
230;1;59;56.424;15.54
231;2;3;31.73;4.19
232;2;3;28.681;22.5
233;2;3;37.761;0.45
234;2;4;32.233;6.69
235;2;4;36.958;1.82
236;2;5;36.692;8.19
237;2;6;24.444;19.07
238;2;7;38.904;2.13
239;2;7;41.073;13.37
240;2;7;40.716;3.49
241;2;8;47.906;5.53
242;2;8;59.274;9.43
243;2;8;55.025;20.23
244;2;9;28.348;23.66
245;2;10;27.272;5.33
246;2;11;23.885;12.34
247;2;11;28.202;22.3
248;2;11;23.704;13.58
249;2;12;23.89;19.28
250;2;12;26.517;13.74
251;2;12;25.289;3.79
252;2;13;22.457;12.61
253;2;14;8.547;0.95
254;2;15;53.422;8.68
255;2;15;59.558;21.59
256;2;16;15.381;0.47
257;2;17;5.626;4.46
258;2;18;36.967;5.34
259;2;18;46.044;3.87
260;2;19;22.456;6.76
261;2;19;19.343;8.66
262;2;19;25.905;5.51
263;2;20;25.001;20.35
264;2;21;66.918;21.55
265;2;22;23.397;13.35
266;2;22;23.189;18.48
267;2;22;23.23;11.05
268;2;23;13.852;13.14
269;2;23;15.603;3.04
270;2;24;9.733;11.35
271;2;24;11.853;18.0
272;2;24;10.961;24.1
273;2;25;22.563;19.6
274;2;25;26.287;0.27
275;2;26;22.698;3.53
276;2;27;87.759;0.61
277;2;27;72.506;23.93
278;2;27;101.572;19.59
279;2;28;3.72;6.98
280;2;29;12.678;14.02
281;2;30;14.887;8.94
282;2;31;9.975;0.26
283;2;31;9.798;4.5
284;2;32;89.874;3.03
285;2;32;106.626;20.56
286;2;32;67.795;16.31
287;2;33;11.84;15.57
288;2;33;14.209;5.38
289;2;33;13.151;6.82
290;2;34;27.548;13.27
291;2;34;27.33;7.38
292;2;34;27.778;14.93
293;2;35;51.71;3.71
294;2;35;39.122;21.49
295;2;35;59.972;10.09
296;2;36;26.561;6.9
297;2;36;29.014;23.64
298;2;36;21.034;23.93
299;2;37;7.011;1.84
300;2;38;6.171;7.09
301;2;38;4.945;22.51
302;2;38;5.523;8.89
303;2;39;6.574;5.63
304;2;39;7.792;5.92
305;2;39;6.595;2.51
306;2;40;38.387;16.27
307;2;41;30.763;2.46
308;2;41;32.468;24.33
309;2;41;28.149;4.68
310;2;42;10.056;12.87
311;2;42;8.757;18.2
312;2;43;13.682;19.36
313;2;44;8.861;21.05
314;2;45;44.241;24.9
315;2;45;43.81;8.98
316;2;46;40.242;21.42
317;2;46;38.436;2.86
318;2;46;42.44;10.51
319;2;47;71.122;14.55
320;2;47;78.084;3.39
321;2;47;61.505;24.16
322;2;48;9.975;13.83
323;2;48;12.193;18.76
324;2;49;38.963;9.38
325;2;49;40.86;14.99
326;2;49;36.994;11.47
327;2;50;8.264;13.99
328;2;51;31.945;20.38
329;2;52;23.811;22.75
330;2;52;22.21;24.84
331;2;53;6.44;22.9
332;2;53;6.803;2.08
333;2;53;7.156;16.84
334;2;54;13.779;5.19
335;2;55;7.652;20.64
336;2;55;7.916;19.77
337;2;56;13.52;19.79
338;2;56;10.251;9.89
339;2;56;11.689;22.26
340;2;57;51.699;21.62
341;2;58;38.269;0.08
342;2;58;41.16;0.78
343;2;58;38.02;24.94
344;2;59;8.647;9.53
345;3;4;46.542;6.52
346;3;5;6.988;23.78
347;3;5;5.746;4.85
348;3;6;44.354;23.71
349;3;6;41.127;9.51
350;3;6;35.415;4.94
351;3;7;8.115;19.55
352;3;8;50.417;3.37
353;3;8;41.504;4.84
354;3;8;38.7;11.19
355;3;9;45.169;2.62
356;3;10;19.619;7.61
357;3;10;17.287;1.98
358;3;10;19.415;3.16
359;3;11;55.131;6.4
360;3;11;53.592;9.07
361;3;12;36.092;14.02
362;3;12;39.725;20.52
363;3;13;41.226;18.01
364;3;13;44.761;1.18
365;3;13;35.379;13.37
366;3;14;39.892;21.61
367;3;14;44.029;3.16
368;3;15;66.86;16.5
369;3;16;46.481;13.79
370;3;16;41.056;12.39
371;3;17;29.708;17.72
372;3;17;32.268;11.98
373;3;17;29.49;24.05
374;3;18;68.67;24.02
375;3;18;58.8;8.35
376;3;18;81.545;0.56
377;3;19;34.321;3.12
378;3;20;41.989;5.96
379;3;20;39.885;3.45
380;3;20;43.321;17.06
381;3;21;77.761;7.46
382;3;22;55.02;4.63
383;3;22;45.958;2.55
384;3;22;58.007;11.9
385;3;23;45.08;23.81
386;3;24;39.989;16.08
387;3;24;44.285;20.1
388;3;24;33.293;19.87
389;3;25;37.919;13.25
390;3;26;38.599;13.25
391;3;27;117.144;17.51
392;3;27;144.0;17.23
393;3;28;32.461;13.53
394;3;29;44.356;6.43
395;3;29;35.407;13.08
396;3;29;40.254;16.41
397;3;30;37.779;20.76
398;3;30;35.364;18.22
399;3;31;40.525;17.87
400;3;31;48.925;20.06
401;3;32;97.123;20.65
402;3;32;108.112;7.18
403;3;32;85.805;6.11
404;3;33;39.024;17.66
405;3;34;53.025;18.08
406;3;34;41.411;0.3
407;3;34;54.479;23.56
408;3;35;59.345;7.63
409;3;35;58.014;16.04
410;3;36;39.495;15.02
411;3;36;32.201;3.73
412;3;36;30.485;5.51
413;3;37;33.565;22.72
414;3;38;26.558;16.79
415;3;38;30.498;24.37
416;3;38;24.003;24.87
417;3;39;31.099;21.72
418;3;39;35.02;24.57
419;3;39;27.497;1.56
420;3;40;48.633;12.14
421;3;41;48.206;2.68
422;3;41;52.698;1.23
423;3;41;53.441;20.03
424;3;42;41.065;12.45
425;3;43;45.082;7.9
426;3;43;40.335;20.15
427;3;44;31.108;19.71
428;3;44;27.993;1.32
429;3;44;34.863;8.63
430;3;45;75.887;22.32
431;3;46;47.145;7.23
432;3;47;87.213;3.94
433;3;47;73.437;2.47
434;3;47;70.626;3.35
435;3;48;40.525;16.83
436;3;49;8.558;2.87
437;3;50;37.266;1.01
438;3;51;8.171;2.89
439;3;51;7.345;16.7
440;3;51;6.37;16.15
441;3;52;41.344;3.46
442;3;52;40.19;3.79
443;3;52;49.807;12.8
444;3;53;34.786;17.37
445;3;53;36.585;9.64
446;3;54;45.24;19.43
447;3;55;36.786;5.34
448;3;55;44.207;10.42
449;3;56;45.212;12.64
450;3;56;46.543;22.67
451;3;56;49.814;11.83
452;3;57;82.57;3.28
453;3;58;9.263;24.62
454;3;59;23.796;24.65
455;3;59;23.583;14.39
456;3;59;25.316;4.83
457;4;5;53.504;20.91
458;4;5;43.225;15.87
459;4;6;9.238;18.29
460;4;7;49.291;8.55
461;4;8;19.858;4.9
462;4;9;4.411;6.94
463;4;9;4.775;20.51
464;4;9;5.101;11.98
465;4;10;54.245;20.82
466;4;10;47.476;13.85
467;4;10;62.301;22.01
468;4;11;33.419;9.09
469;4;12;10.686;21.38
470;4;12;8.763;21.55
471;4;12;10.386;16.55
472;4;13;9.975;23.54
473;4;13;10.88;16.56
474;4;13;9.076;7.12
475;4;14;29.973;18.09
476;4;14;35.426;8.78
477;4;15;21.784;11.52
478;4;16;39.488;7.63
479;4;17;27.463;17.16
480;4;17;33.431;20.01
481;4;18;46.181;23.56
482;4;18;51.656;8.15
483;4;18;41.122;5.77
484;4;19;12.572;2.75
485;4;20;7.264;5.64
486;4;20;7.681;6.96
487;4;20;5.458;7.55
488;4;21;34.854;7.24
489;4;21;30.52;9.75
490;4;21;42.903;15.54
491;4;22;36.182;6.86
492;4;22;43.316;4.67
493;4;22;28.436;23.12
494;4;23;29.967;8.32
495;4;24;27.071;0.6
496;4;24;29.974;24.73
497;4;25;10.142;12.95
498;4;26;9.785;19.44
499;4;26;11.23;21.18
500;4;26;8.749;18.98
501;4;27;77.35;4.61
502;4;27;82.635;1.47
503;4;28;35.886;11.47
504;4;28;30.327;10.3
505;4;28;27.121;0.77
506;4;29;32.631;23.44
507;4;29;35.546;3.77
508;4;30;17.667;19.01
509;4;31;27.657;20.27
510;4;31;24.061;14.19
511;4;31;32.456;16.81
512;4;32;57.641;24.51
513;4;33;22.291;14.21
514;4;34;17.743;16.36
515;4;34;17.185;16.82
516;4;34;21.338;1.98
517;4;35;19.964;4.68
518;4;36;7.159;19.07
519;4;37;39.107;16.81
520;4;37;36.878;1.39
521;4;37;38.968;2.0
522;4;38;29.991;24.11
523;4;38;27.724;14.44
524;4;39;38.752;16.15
525;4;40;7.199;12.25
526;4;40;7.88;10.8
527;4;40;5.838;13.06
528;4;41;4.41;18.77
529;4;42;28.847;5.01
530;4;43;30.776;8.2
531;4;43;27.607;14.28
532;4;44;23.809;4.3
533;4;44;25.397;24.23
534;4;44;27.597;5.36
535;4;45;50.588;23.42
536;4;45;45.364;19.21
537;4;46;11.195;3.48
538;4;46;11.879;10.25
539;4;47;41.27;10.68
540;4;48;27.657;5.25
541;4;49;48.768;18.32
542;4;50;25.735;1.71
543;4;50;28.911;19.84
544;4;51;40.666;14.27
545;4;52;8.465;14.03
546;4;52;7.329;18.22
547;4;53;26.271;6.45
548;4;54;31.148;5.32
549;4;54;32.529;2.2
550;4;54;37.095;13.59
551;4;55;26.148;6.95
552;4;56;33.071;10.37
553;4;56;27.096;9.58
554;4;57;50.533;22.21
555;4;57;41.677;11.15
556;4;57;48.478;21.28
557;4;58;55.748;18.51
558;4;59;36.549;15.66
559;5;6;51.088;6.8
560;5;7;9.76;16.14
561;5;7;9.141;5.28
562;5;8;57.108;16.97
563;5;9;52.055;7.14
564;5;9;64.823;9.29
565;5;10;18.721;6.74
566;5;10;17.017;6.54
567;5;11;60.469;12.24
568;5;11;51.614;4.05
569;5;11;69.459;24.08
570;5;12;43.017;4.25
571;5;13;47.972;20.97
572;5;13;55.08;16.09
573;5;14;45.108;3.37
574;5;15;73.841;0.27
575;5;16;50.763;1.9
576;5;16;50.67;14.79
577;5;17;35.398;9.01
578;5;18;73.587;7.28
579;5;18;61.459;3.89
580;5;18;62.83;7.97
581;5;19;41.229;7.12
582;5;19;32.229;24.38
583;5;19;47.336;11.08
584;5;20;48.832;1.48
585;5;21;84.661;22.85
586;5;21;90.948;20.0
587;5;21;102.281;4.4
588;5;22;60.087;24.68
589;5;22;53.644;10.79
590;5;23;50.384;17.6
591;5;23;62.425;20.34
592;5;24;45.512;22.82
593;5;24;34.578;24.71
594;5;24;40.36;2.97
595;5;25;44.765;8.56
596;5;26;45.434;13.23
597;5;27;123.244;16.16
598;5;27;104.964;1.9
599;5;27;119.743;0.0
600;5;28;36.867;14.84
601;5;28;41.261;13.29
602;5;29;49.364;19.32
603;5;29;48.165;18.25
604;5;30;44.149;24.86
605;5;30;41.455;2.74
606;5;31;45.992;10.33
607;5;32;103.777;5.6
608;5;32;108.186;12.47
609;5;33;44.999;8.27
610;5;33;46.102;3.52
611;5;33;41.02;8.92
612;5;34;59.458;23.59
613;5;34;51.128;24.27
614;5;34;53.63;15.48
615;5;35;66.208;23.81
616;5;35;59.603;0.95
617;5;36;46.439;15.45
618;5;36;46.739;5.63
619;5;37;37.461;11.21
620;5;38;32.067;17.67
621;5;38;38.744;3.08
622;5;38;25.666;4.84
623;5;39;35.025;2.73
624;5;40;55.613;10.14
625;5;40;69.419;11.33
626;5;41;55.097;13.38
627;5;42;46.414;15.42
628;5;42;54.554;13.33
629;5;42;47.417;0.34
630;5;43;50.305;16.14
631;5;43;38.833;15.74
632;5;44;37.171;22.41
633;5;45;80.908;11.32
634;5;46;54.067;11.89
635;5;46;43.553;14.38
636;5;47;94.2;0.24
637;5;48;45.992;8.67
638;5;48;42.31;21.45
639;5;48;49.601;8.53
640;5;49;10.592;14.59
641;5;49;8.467;23.11
642;5;50;42.936;13.71
643;5;50;49.777;14.32
644;5;51;14.458;10.45
645;5;51;12.28;12.83
646;5;51;11.483;14.96
647;5;52;48.153;16.71
648;5;52;46.843;19.46
649;5;52;54.528;4.02
650;5;53;40.44;11.29
651;5;53;33.301;20.58
652;5;54;50.429;2.62
653;5;54;48.23;6.9
654;5;55;42.419;11.15
655;5;56;50.197;24.79
656;5;56;51.775;24.11
657;5;57;88.145;3.97
658;5;58;2.288;16.45
659;5;58;2.66;1.08
660;5;58;2.761;12.25
661;5;59;28.285;21.58
662;6;7;48.521;12.56
663;6;7;57.776;8.98
664;6;7;37.8;18.53
665;6;8;28.717;15.16
666;6;9;4.83;1.22
667;6;10;48.824;9.76
668;6;10;58.703;5.61
669;6;10;44.297;21.1
670;6;11;24.601;23.77
671;6;12;10.054;16.1
672;6;12;9.235;19.85
673;6;12;9.372;5.39
674;6;13;3.134;13.48
675;6;14;21.053;17.2
676;6;14;23.549;21.69
677;6;14;19.713;9.56
678;6;15;29.047;20.87
679;6;15;35.252;3.1
680;6;16;30.314;21.56
681;6;16;23.625;1.39
682;6;16;25.503;5.8
683;6;17;20.413;8.19
684;6;17;17.464;14.53
685;6;18;37.998;3.01
686;6;18;42.353;19.12
687;6;18;36.572;21.85
688;6;19;11.138;3.01
689;6;19;12.161;23.92
690;6;20;3.827;2.52
691;6;20;4.24;23.78
692;6;21;42.679;23.09
693;6;21;39.375;18.29
694;6;22;27.199;6.17
695;6;23;20.74;16.87
696;6;24;18.125;12.29
697;6;24;14.779;20.98
698;6;25;7.058;18.37
699;6;26;6.317;7.87
700;6;26;6.788;24.57
701;6;27;74.701;20.64
702;6;27;88.239;19.02
703;6;28;27.936;10.62
704;6;28;25.345;3.67
705;6;29;23.447;23.55
706;6;29;21.384;21.65
707;6;30;9.569;9.85
708;6;30;8.216;19.58
709;6;31;18.66;12.61
710;6;31;15.846;18.76
711;6;32;65.94;9.78
712;6;33;13.515;3.4
713;6;33;16.643;10.27
714;6;33;12.616;11.05
715;6;34;10.896;11.58
716;6;34;11.058;9.85
717;6;34;9.104;11.26
718;6;35;29.071;7.38
719;6;36;8.554;9.42
720;6;36;8.111;3.29
721;6;37;31.032;11.32
722;6;38;23.466;5.55
723;6;39;31.014;23.13
724;6;39;34.429;1.46
725;6;40;16.41;9.14
726;6;40;15.899;6.85
727;6;41;6.439;2.79
728;6;41;7.912;8.67
729;6;42;19.813;10.17
730;6;43;21.555;19.54
731;6;44;16.893;8.89
732;6;44;18.742;0.26
733;6;45;43.031;1.54
734;6;45;46.778;10.86
735;6;46;20.023;17.56
736;6;47;46.911;14.81
737;6;47;50.161;17.34
738;6;48;18.66;15.66
739;6;49;48.137;16.11
740;6;50;17.161;18.74
741;6;50;15.169;19.9
742;6;50;15.785;3.75
743;6;51;39.813;17.89
744;6;51;34.093;16.34
745;6;51;43.235;17.42
746;6;52;3.584;23.99
747;6;52;3.128;8.16
748;6;52;3.636;7.24
749;6;53;18.132;8.99
750;6;53;19.625;8.94
751;6;54;21.925;9.3
752;6;54;23.997;2.01
753;6;54;25.285;8.92
754;6;55;17.643;9.51
755;6;55;20.086;3.5
756;6;55;19.005;19.9
757;6;56;23.863;7.88
758;6;56;19.073;15.97
759;6;56;28.575;15.24
760;6;57;44.586;2.97
761;6;57;53.766;21.33
762;6;57;44.748;11.15
763;6;58;53.226;21.84
764;6;58;49.53;5.86
765;6;58;51.256;15.1
766;6;59;30.107;3.32
767;6;59;31.374;14.15
768;7;8;49.934;0.21
769;7;8;46.564;3.12
770;7;9;48.597;22.78
771;7;9;45.323;20.75
772;7;10;27.076;0.22
773;7;10;24.022;18.54
774;7;10;23.831;9.09
775;7;11;61.754;1.67
776;7;11;57.592;19.87
777;7;11;69.898;20.29
778;7;12;39.399;15.4
779;7;12;44.166;12.45
780;7;12;42.116;13.56
781;7;13;45.399;3.23
782;7;13;52.23;9.86
783;7;14;46.758;5.47
784;7;15;68.337;6.9
785;7;15;79.107;17.83
786;7;16;53.965;6.02
787;7;17;36.232;3.77
788;7;17;34.043;21.14
789;7;17;31.623;22.91
790;7;18;75.617;20.01
791;7;18;74.466;6.67
792;7;18;86.841;23.92
793;7;19;37.798;15.07
794;7;19;45.642;13.76
795;7;20;45.714;14.59
796;7;20;38.863;16.93
797;7;21;78.233;12.28
798;7;22;61.902;18.77
799;7;23;51.814;0.21
800;7;24;46.546;6.49
801;7;24;41.657;20.82
802;7;24;49.885;11.13
803;7;25;41.697;20.27
804;7;25;45.616;9.14
805;7;25;35.965;7.06
806;7;26;42.419;19.75
807;7;26;38.177;23.26
808;7;27;122.504;9.39
809;7;28;39.983;4.1
810;7;28;38.192;1.64
811;7;28;40.254;24.52
812;7;29;51.362;10.46
813;7;30;43.076;23.26
814;7;30;40.851;12.6
815;7;31;47.138;5.21
816;7;32;96.25;16.91
817;7;33;45.011;5.5
818;7;34;57.987;13.85
819;7;34;71.932;16.52
820;7;35;59.672;11.84
821;7;35;45.514;18.82
822;7;36;42.562;3.35
823;7;37;41.315;15.88
824;7;38;33.346;9.53
825;7;38;40.038;3.15
826;7;38;39.901;17.94
827;7;39;38.857;13.0
828;7;40;50.252;17.11
829;7;40;55.631;8.26
830;7;41;51.562;8.89
831;7;41;57.708;15.43
832;7;41;60.081;2.76
833;7;42;47.793;9.78
834;7;42;47.584;11.09
835;7;43;51.894;22.36
836;7;44;37.096;22.83
837;7;45;82.719;10.24
838;7;46;48.041;22.41
839;7;46;59.318;19.38
840;7;46;57.622;1.25
841;7;47;88.825;24.61
842;7;47;77.564;8.87
843;7;47;92.4;20.5
844;7;48;47.138;3.94
845;7;48;42.314;6.32
846;7;49;0.866;1.17
847;7;49;0.843;13.64
848;7;49;1.043;14.83
849;7;50;43.689;22.59
850;7;51;8.722;2.35
851;7;51;8.565;19.22
852;7;52;45.243;23.89
853;7;52;50.131;21.38
854;7;53;41.263;23.96
855;7;54;52.082;0.09
856;7;54;42.849;22.4
857;7;55;43.259;15.12
858;7;55;44.99;12.96
859;7;56;52.231;8.16
860;7;57;88.799;20.09
861;7;57;73.956;2.91
862;7;57;72.605;0.37
863;7;58;11.417;1.2
864;7;58;14.109;9.22
865;7;58;10.097;23.41
866;7;59;31.387;6.58
867;8;9;24.021;10.49
868;8;9;26.096;22.64
869;8;10;63.856;0.36
870;8;10;48.314;6.98
871;8;10;67.513;1.09
872;8;11;53.228;21.19
873;8;12;24.134;15.67
874;8;12;19.831;13.1
875;8;12;19.292;16.95
876;8;13;28.38;17.3
877;8;13;22.065;19.79
878;8;13;31.197;13.13
879;8;14;47.93;2.98
880;8;15;22.443;20.07
881;8;16;58.016;22.42
882;8;16;43.887;13.79
883;8;16;50.266;15.84
884;8;17;42.406;9.88
885;8;17;33.029;22.21
886;8;18;65.986;8.0
887;8;18;64.277;0.92
888;8;19;25.455;4.48
889;8;19;25.725;24.54
890;8;19;21.84;7.8
891;8;20;25.655;21.48
892;8;21;28.838;22.19
893;8;22;55.908;13.68
894;8;22;59.839;23.23
895;8;23;48.924;12.37
896;8;23;41.395;4.45
897;8;24;45.195;20.39
898;8;24;41.349;10.13
899;8;25;26.164;6.33
900;8;25;32.081;19.33
901;8;26;26.323;1.42
902;8;26;22.98;6.54
903;8;27;91.357;4.29
904;8;27;103.185;22.09
905;8;27;89.104;13.9
906;8;28;51.604;10.76
907;8;29;51.304;16.86
908;8;29;45.835;16.35
909;8;29;41.424;6.02
910;8;30;35.236;7.12
911;8;30;30.953;22.23
912;8;31;45.875;15.33
913;8;31;53.253;10.25
914;8;31;40.839;9.85
915;8;32;46.711;14.11
916;8;32;45.684;17.03
917;8;32;56.497;0.2
918;8;33;40.323;11.5
919;8;33;39.108;16.54
920;8;34;37.429;15.67
921;8;34;44.771;2.83
922;8;34;38.061;3.84
923;8;35;10.835;9.89
924;8;36;22.112;0.17
925;8;37;54.891;10.27
926;8;38;43.814;17.19
927;8;38;33.245;10.41
928;8;38;45.742;17.08
929;8;39;53.895;5.77
930;8;39;65.794;16.04
931;8;40;12.957;23.0
932;8;41;24.068;14.27
933;8;41;22.672;19.04
934;8;42;47.122;12.66
935;8;42;57.642;3.03
936;8;42;40.352;6.29
937;8;43;49.686;7.1
938;8;44;39.055;13.31
939;8;44;40.816;12.74
940;8;44;31.327;3.94
941;8;45;70.128;18.05
942;8;46;8.703;10.97
943;8;46;9.007;7.58
944;8;46;7.348;24.18
945;8;47;41.633;22.76
946;8;47;44.382;11.82
947;8;47;49.96;9.75
948;8;48;45.875;8.4
949;8;49;49.181;16.38
950;8;49;55.693;6.84
951;8;50;43.212;18.69
952;8;50;40.676;14.88
953;8;51;42.68;11.96
954;8;52;26.702;19.15
955;8;52;28.561;10.41
956;8;52;20.147;19.14
957;8;53;42.999;24.09
958;8;53;37.81;8.35
959;8;53;48.738;24.09
960;8;54;50.062;12.05
961;8;54;42.299;12.42
962;8;54;41.419;9.1
963;8;55;43.48;11.14
964;8;55;38.623;17.83
965;8;55;35.34;13.17
966;8;56;51.859;9.64
967;8;57;68.942;22.08
968;8;57;84.431;11.17
969;8;58;59.369;7.55
970;8;58;55.636;20.69
971;8;58;73.789;6.11
972;8;59;49.508;5.04
973;9;10;51.433;6.04
974;9;10;44.136;1.72
975;9;11;29.21;0.46
976;9;12;9.199;14.07
977;9;12;10.856;8.23
978;9;12;8.111;18.43
979;9;13;5.893;23.14
980;9;13;6.198;6.07
981;9;14;25.659;21.28
982;9;15;25.157;12.7
983;9;16;35.092;4.58
984;9;16;36.986;15.26
985;9;17;23.842;17.57
986;9;17;18.681;14.59
987;9;17;28.684;10.96
988;9;18;42.271;9.36
989;9;18;42.487;9.13
990;9;18;44.715;3.79
991;9;19;10.87;21.23
992;9;19;13.292;10.3
993;9;19;8.288;10.87
994;9;20;3.558;19.81
995;9;21;38.57;2.33
996;9;21;43.401;16.51
997;9;22;31.901;10.21
998;9;22;28.868;7.79
999;9;22;25.74;10.23
1000;9;23;25.556;8.98
1001;9;24;22.745;20.86
1002;9;24;20.161;15.62
1003;9;25;7.399;24.17
1004;9;26;6.816;5.45
1005;9;26;6.936;21.39
1006;9;27;76.063;7.59
1007;9;28;31.95;2.03
1008;9;28;24.253;2.39
1009;9;28;27.339;14.68
1010;9;29;28.231;17.33
1011;9;30;13.572;4.82
1012;9;30;15.166;23.96
1013;9;31;23.314;18.44
1014;9;31;22.683;15.79
1015;9;32;61.618;12.64
1016;9;33;18.012;10.12
1017;9;33;20.379;21.81
1018;9;33;22.199;9.97
1019;9;34;14.211;19.18
1020;9;34;16.173;21.39
1021;9;35;24.317;11.96
1022;9;36;6.249;12.67
1023;9;36;6.62;21.15
1024;9;37;35.128;23.3
1025;9;38;26.6;8.03
1026;9;39;34.908;14.6
1027;9;40;11.583;11.51
1028;9;40;10.89;19.31
1029;9;40;9.224;8.99
1030;9;41;3.047;13.98
1031;9;41;2.905;7.42
1032;9;42;24.494;8.79
1033;9;42;25.34;17.27
1034;9;42;30.574;21.74
1035;9;43;26.367;11.54
1036;9;43;23.996;16.14
1037;9;43;24.366;12.1
1038;9;44;20.207;22.05
1039;9;44;19.405;8.81
1040;9;45;46.969;7.9
1041;9;45;41.732;8.57
1042;9;46;15.318;17.03
1043;9;46;16.408;14.52
1044;9;47;43.898;17.96
1045;9;47;48.825;2.6
1046;9;47;36.858;24.73
1047;9;48;23.314;2.0
1048;9;48;20.792;7.52
1049;9;49;48.138;0.16
1050;9;49;49.106;19.16
1051;9;49;41.333;10.89
1052;9;50;21.534;22.4
1053;9;50;22.611;16.06
1054;9;50;22.95;4.96
1055;9;51;39.886;21.12
1056;9;51;30.896;2.42
1057;9;51;41.139;17.88
1058;9;52;4.645;5.72
1059;9;52;5.724;16.33
1060;9;53;22.228;22.21
1061;9;53;26.89;20.07
1062;9;53;23.629;22.11
1063;9;54;26.738;12.32
1064;9;55;21.973;1.12
1065;9;55;25.363;3.91
1066;9;56;28.664;23.38
1067;9;56;32.131;23.68
1068;9;57;47.647;0.79
1069;9;58;54.257;9.08
1070;9;58;56.008;1.58
1071;9;58;55.339;12.47
1072;9;59;33.232;19.91
1073;9;59;24.963;18.31
1074;10;11;50.168;16.91
1075;10;12;43.764;12.03
1076;10;12;51.874;8.49
1077;10;13;46.063;9.22
1078;10;13;45.79;17.09
1079;10;13;39.305;19.12
1080;10;14;35.483;15.95
1081;10;14;33.815;13.71
1082;10;15;75.973;6.12
1083;10;15;59.722;24.73
1084;10;15;60.536;5.58
1085;10;16;37.763;19.95
1086;10;16;42.513;10.97
1087;10;16;36.436;22.95
1088;10;17;28.971;11.7
1089;10;17;32.125;15.62
1090;10;18;61.384;18.5
1091;10;19;41.877;9.67
1092;10;19;50.499;21.42
1093;10;20;47.882;4.93
1094;10;21;88.461;19.57
1095;10;21;104.029;9.09
1096;10;22;48.874;6.49
1097;10;22;43.66;7.22
1098;10;22;58.69;14.25
1099;10;23;40.599;2.61
1100;10;23;41.78;4.72
1101;10;23;42.844;17.85
1102;10;24;37.002;23.8
1103;10;24;30.53;20.58
1104;10;25;44.213;2.8
1105;10;25;42.141;9.64
1106;10;25;45.45;9.5
1107;10;26;44.693;6.43
1108;10;26;43.898;20.1
1109;10;27;114.568;12.63
1110;10;28;25.626;19.3
1111;10;28;31.715;1.56
1112;10;28;25.043;22.84
1113;10;29;38.631;19.75
1114;10;29;34.659;3.53
1115;10;29;41.811;5.93
1116;10;30;39.848;22.99
1117;10;31;37.21;6.74
1118;10;31;42.857;2.07
1119;10;31;30.77;8.55
1120;10;32;109.833;17.45
1121;10;32;93.095;11.43
1122;10;33;38.502;19.56
1123;10;33;43.187;6.41
1124;10;34;54.329;21.04
1125;10;34;62.076;8.75
1126;10;34;66.626;11.76
1127;10;35;70.996;0.76
1128;10;36;47.246;11.11
1129;10;36;36.442;17.03
1130;10;36;52.803;8.06
1131;10;37;24.677;6.69
1132;10;37;26.224;20.09
1133;10;37;28.465;12.91
1134;10;38;25.585;10.32
1135;10;38;20.204;18.94
1136;10;38;31.124;22.41
1137;10;39;22.692;7.76
1138;10;39;24.465;24.61
1139;10;39;25.26;24.59
1140;10;40;58.515;6.08
1141;10;40;55.998;19.09
1142;10;41;54.347;14.83
1143;10;41;60.542;15.4
1144;10;41;54.054;11.63
1145;10;42;37.142;8.72
1146;10;42;38.824;20.8
1147;10;43;40.234;10.93
1148;10;44;32.138;1.61
1149;10;44;28.44;14.5
1150;10;44;29.422;22.82
1151;10;45;68.826;21.08
1152;10;45;82.907;11.47
1153;10;45;67.681;18.85
1154;10;46;58.488;22.0
1155;10;47;95.326;8.03
1156;10;48;37.21;16.7
1157;10;49;27.723;18.65
1158;10;49;24.191;5.47
1159;10;49;31.521;3.89
1160;10;50;35.309;16.42
1161;10;51;26.588;14.87
1162;10;52;46.875;21.57
1163;10;52;36.703;22.33
1164;10;53;33.062;9.57
1165;10;53;30.761;20.0
1166;10;54;40.228;11.81
1167;10;55;34.699;15.36
1168;10;55;35.989;24.23
1169;10;56;39.322;21.23
1170;10;57;77.783;18.32
1171;10;57;86.195;22.31
1172;10;57;92.585;15.09
1173;10;58;18.71;0.3
1174;10;59;19.222;16.19
1175;11;12;32.326;5.55
1176;11;12;36.02;7.1
1177;11;13;25.644;5.53
1178;11;14;15.372;16.18
1179;11;14;15.517;5.96
1180;11;14;12.684;24.23
1181;11;15;48.168;16.78
1182;11;15;41.122;3.13
1183;11;16;14.4;4.91
1184;11;16;13.935;7.35
1185;11;17;25.526;14.93
1186;11;18;14.501;15.18
1187;11;19;32.276;24.16
1188;11;19;34.559;17.95
1189;11;19;27.751;18.14
1190;11;20;28.044;18.3
1191;11;21;61.687;12.45
1192;11;21;48.318;4.17
1193;11;22;3.361;16.8
1194;11;22;3.015;1.56
1195;11;22;3.073;8.37
1196;11;23;10.085;19.82
1197;11;23;9.498;11.77
1198;11;24;15.208;22.2
1199;11;24;18.376;12.62
1200;11;24;15.048;3.35
1201;11;25;29.198;19.29
1202;11;26;28.693;17.59
1203;11;26;29.573;2.96
1204;11;26;30.148;3.94
1205;11;27;64.423;3.52
1206;11;28;24.63;2.67
1207;11;28;30.442;19.5
1208;11;29;11.546;4.84
1209;11;30;21.551;2.37
1210;11;30;25.441;3.37
1211;11;30;19.278;9.08
1212;11;31;14.627;3.76
1213;11;31;15.025;9.79
1214;11;32;85.235;2.63
1215;11;32;87.315;17.33
1216;11;32;87.357;23.38
1217;11;33;17.568;15.31
1218;11;34;17.085;6.79
1219;11;35;52.053;19.18
1220;11;36;32.459;16.31
1221;11;37;25.602;23.56
1222;11;37;30.721;9.3
1223;11;38;28.573;13.57
1224;11;38;32.698;1.82
1225;11;39;27.476;21.86
1226;11;39;29.144;15.38
1227;11;40;40.557;10.92
1228;11;40;36.788;21.8
1229;11;41;29.451;1.79
1230;11;41;30.911;23.4
1231;11;41;25.726;23.06
1232;11;42;14.075;11.76
1233;11;43;10.203;17.15
1234;11;43;8.405;13.81
1235;11;44;25.006;24.68
1236;11;45;21.106;20.72
1237;11;45;21.014;12.44
1238;11;45;16.197;1.49
1239;11;46;44.526;9.18
1240;11;47;60.565;11.71
1241;11;47;70.825;7.62
1242;11;47;59.206;7.79
1243;11;48;14.627;24.78
1244;11;48;11.948;23.61
1245;11;49;61.686;21.56
1246;11;49;47.26;20.37
1247;11;50;18.1;0.98
1248;11;51;53.966;0.34
1249;11;52;27.211;23.35
1250;11;53;20.494;13.05
1251;11;53;20.961;21.08
1252;11;54;10.121;21.07
1253;11;54;8.774;19.43
1254;11;55;18.504;16.21
1255;11;56;10.847;23.65
1256;11;57;27.834;15.53
1257;11;57;29.154;10.51
1258;11;57;32.183;17.08
1259;11;58;62.109;5.5
1260;11;58;52.826;10.0
1261;11;59;32.509;8.12
1262;11;59;37.467;10.98
1263;11;59;33.619;24.26
1264;12;13;7.406;10.88
1265;12;13;5.717;22.41
1266;12;13;5.859;4.88
1267;12;14;24.083;6.17
1268;12;14;25.027;12.45
1269;12;15;32.227;13.99
1270;12;15;31.822;15.73
1271;12;15;34.416;10.67
1272;12;16;34.348;18.94
1273;12;17;18.528;1.75
1274;12;17;20.982;17.22
1275;12;17;21.731;6.97
1276;12;18;46.477;1.34
1277;12;18;54.388;23.68
1278;12;18;38.399;0.08
1279;12;19;1.897;11.91
1280;12;20;6.556;17.16
1281;12;20;5.533;0.72
1282;12;21;44.819;16.71
1283;12;21;33.618;17.78
1284;12;22;34.368;22.61
1285;12;22;36.859;14.6
1286;12;23;25.88;8.98
1287;12;23;20.263;12.83
1288;12;24;21.505;10.16
1289;12;24;18.303;10.23
1290;12;24;19.757;2.64
1291;12;25;3.248;6.81
1292;12;26;3.909;17.15
1293;12;26;3.029;2.22
1294;12;27;84.631;1.6
1295;12;27;81.282;18.62
1296;12;27;76.592;10.7
1297;12;28;27.607;4.0
1298;12;29;27.876;5.71
1299;12;29;25.71;19.27
1300;12;30;11.648;12.97
1301;12;31;22.227;9.34
1302;12;31;22.94;22.23
1303;12;31;16.853;24.06
1304;12;32;66.937;13.18
1305;12;33;16.748;24.78
1306;12;33;20.832;6.84
1307;12;33;18.691;2.11
1308;12;34;20.863;16.63
1309;12;34;25.861;2.78
1310;12;34;23.787;15.44
1311;12;35;28.214;15.44
1312;12;36;3.532;15.03
1313;12;36;4.269;7.95
1314;12;36;3.301;12.69
1315;12;37;30.9;8.97
1316;12;37;33.51;1.87
1317;12;38;20.445;17.58
1318;12;38;19.371;14.92
1319;12;39;30.089;23.91
1320;12;39;25.157;20.77
1321;12;39;31.49;7.93
1322;12;40;15.062;22.08
1323;12;40;17.194;4.59
1324;12;41;12.186;20.05
1325;12;41;14.848;17.13
1326;12;41;13.196;23.97
1327;12;42;23.479;17.0
1328;12;43;26.558;16.55
1329;12;43;28.537;8.65
1330;12;43;23.852;13.03
1331;12;44;15.035;2.65
1332;12;45;52.081;19.46
1333;12;46;16.368;7.75
1334;12;46;17.824;18.93
1335;12;46;15.921;6.07
1336;12;47;51.946;23.99
1337;12;47;46.256;2.59
1338;12;48;22.227;22.61
1339;12;49;38.943;15.72
1340;12;49;46.807;17.45
1341;12;50;19.252;9.17
1342;12;51;30.687;2.72
1343;12;51;31.476;18.13
1344;12;52;6.471;24.88
1345;12;53;18.879;19.98
1346;12;53;16.395;9.42
1347;12;54;26.925;6.89
1348;12;55;19.469;15.28
1349;12;55;23.538;19.9
1350;12;55;16.319;16.35
1351;12;56;28.531;8.39
1352;12;56;26.064;18.76
1353;12;57;54.436;7.23
1354;12;57;57.722;5.44
1355;12;58;45.24;18.99
1356;12;59;26.736;23.66
1357;12;59;22.059;21.81
1358;13;14;20.072;7.59
1359;13;14;15.462;23.86
1360;13;14;18.423;9.39
1361;13;15;31.01;18.82
1362;13;16;29.821;22.95
1363;13;16;32.178;19.09
1364;13;17;18.034;7.23
1365;13;18;39.493;3.09
1366;13;18;30.707;7.74
1367;13;18;48.372;5.4
1368;13;19;8.231;4.91
1369;13;19;10.123;16.86
1370;13;19;6.809;18.4
1371;13;20;2.805;0.98
1372;13;20;2.337;9.1
1373;13;21;44.461;3.51
1374;13;22;27.982;8.65
1375;13;23;20.552;22.25
1376;13;23;17.123;9.51
1377;13;24;17.198;8.9
1378;13;24;20.953;20.08
1379;13;25;4.209;4.22
1380;13;25;4.16;6.25
1381;13;26;3.504;14.73
1382;13;26;2.715;22.91
1383;13;26;3.768;3.26
1384;13;27;77.694;20.24
1385;13;27;82.082;12.17
1386;13;28;26.057;17.87
1387;13;29;23.02;7.04
1388;13;29;26.987;0.56
1389;13;29;27.054;21.68
1390;13;30;7.708;24.85
1391;13;30;9.633;9.6
1392;13;30;8.895;22.26
1393;13;31;17.815;2.22
1394;13;32;67.493;1.09
1395;13;33;12.365;17.38
1396;13;33;14.647;19.55
1397;13;34;13.514;5.45
1398;13;35;29.895;16.27
1399;13;35;26.665;9.99
1400;13;36;6.815;22.43
1401;13;37;29.241;4.15
1402;13;37;31.532;21.93
1403;13;37;31.459;11.87
1404;13;38;20.912;12.34
1405;13;38;24.987;19.26
1406;13;39;29.019;4.83
1407;13;40;16.782;13.59
1408;13;40;20.593;2.46
1409;13;41;8.447;9.06
1410;13;42;19.032;7.95
1411;13;42;15.357;3.89
1412;13;43;21.324;4.61
1413;13;43;18.535;0.63
1414;13;44;14.425;22.54
1415;13;44;13.45;10.57
1416;13;45;44.869;12.09
1417;13;45;39.767;23.03
1418;13;46;19.811;3.23
1419;13;46;24.698;1.0
1420;13;46;19.963;6.97
1421;13;47;49.42;22.28
1422;13;47;45.075;10.83
1423;13;47;40.226;14.95
1424;13;48;17.815;18.08
1425;13;48;14.099;8.59
1426;13;49;45.02;10.57
1427;13;49;42.1;13.05
1428;13;49;46.577;5.49
1429;13;50;15.76;10.01
1430;13;51;36.695;20.66
1431;13;51;42.19;4.03
1432;13;52;1.678;18.75
1433;13;52;1.584;15.21
1434;13;52;1.721;12.8
1435;13;53;16.351;8.6
1436;13;53;17.166;20.0
1437;13;54;21.699;6.21
1438;13;55;16.173;3.93
1439;13;55;19.617;6.54
1440;13;56;23.534;20.59
1441;13;57;47.031;2.01
1442;13;57;56.091;24.71
1443;13;58;50.115;0.01
1444;13;58;45.81;2.51
1445;13;58;61.532;23.91
1446;13;59;27.562;0.43
1447;13;59;28.499;17.89
1448;14;15;49.732;14.91
1449;14;15;61.33;22.18
1450;14;16;10.323;10.29
1451;14;16;9.994;9.38
1452;14;17;10.748;9.12
1453;14;18;28.859;1.62
1454;14;19;23.19;24.35
1455;14;19;20.835;24.82
1456;14;19;17.976;5.26
1457;14;20;22.87;16.88
1458;14;21;63.49;0.93
1459;14;21;61.941;19.37
1460;14;21;54.784;5.86
1461;14;22;15.151;20.89
1462;14;22;12.3;20.83
1463;14;22;11.707;12.83
1464;14;23;5.307;10.21
1465;14;23;5.961;12.52
1466;14;23;5.73;5.94
1467;14;24;2.93;19.07
1468;14;25;21.767;20.76
1469;14;26;21.618;14.99
1470;14;26;18.885;9.2
1471;14;26;22.755;11.1
1472;14;27;79.27;6.48
1473;14;27;84.314;18.26
1474;14;27;71.305;22.99
1475;14;28;9.971;20.31
1476;14;29;4.784;5.62
1477;14;29;5.869;20.21
1478;14;30;12.704;2.08
1479;14;31;2.493;5.28
1480;14;32;86.899;19.98
1481;14;32;73.301;14.96
1482;14;32;82.994;16.45
1483;14;33;7.711;22.5
1484;14;33;6.119;14.14
1485;14;34;20.993;6.84
1486;14;34;16.155;9.26
1487;14;35;49.936;3.74
1488;14;36;25.823;5.01
1489;14;36;22.338;6.16
1490;14;36;31.771;13.63
1491;14;37;11.984;4.91
1492;14;37;11.638;20.67
1493;14;38;13.413;21.56
1494;14;38;10.096;10.22
1495;14;39;13.189;1.84
1496;14;39;12.005;2.91
1497;14;40;36.848;15.58
1498;14;40;42.236;17.07
1499;14;40;35.599;19.74
1500;14;41;27.449;16.13
1501;14;42;1.755;12.57
1502;14;42;1.983;19.33
1503;14;43;5.201;18.41
1504;14;44;11.496;10.79
1505;14;45;36.006;7.7
1506;14;45;43.506;10.99
1507;14;46;39.61;24.96
1508;14;47;66.028;6.77
1509;14;47;81.116;10.66
1510;14;48;2.493;24.41
1511;14;48;2.11;16.89
1512;14;48;3.074;2.69
1513;14;49;46.746;18.8
1514;14;50;4.899;10.77
1515;14;50;5.92;22.15
1516;14;51;39.311;14.36
1517;14;52;21.696;4.22
1518;14;52;25.573;9.15
1519;14;52;21.293;5.32
1520;14;53;6.308;9.55
1521;14;53;6.225;3.37
1522;14;54;5.349;20.56
1523;14;54;4.958;16.95
1524;14;55;4.84;20.96
1525;14;55;5.148;15.41
1526;14;56;5.652;19.35
1527;14;57;43.161;2.68
1528;14;58;46.738;9.14
1529;14;58;46.023;3.54
1530;14;58;53.361;16.56
1531;14;59;17.194;22.87
1532;14;59;20.86;14.01
1533;15;16;58.017;7.28
1534;15;16;55.358;23.13
1535;15;16;50.524;7.0
1536;15;17;48.998;1.6
1537;15;17;58.828;18.85
1538;15;18;57.399;23.18
1539;15;18;66.715;10.9
1540;15;18;52.803;1.41
1541;15;19;34.121;0.98
1542;15;19;33.992;21.78
1543;15;19;40.63;2.81
1544;15;20;28.646;16.64
1545;15;20;31.458;9.91
1546;15;21;13.798;14.46
1547;15;21;13.272;13.33
1548;15;21;13.346;5.65
1549;15;22;51.445;22.77
1550;15;22;48.189;2.54
1551;15;22;42.941;22.63
1552;15;23;48.284;14.72
1553;15;23;43.737;22.37
1554;15;24;46.819;21.48
1555;15;24;37.986;8.74
1556;15;24;50.908;10.33
1557;15;25;31.918;2.98
1558;15;25;35.604;17.61
1559;15;26;31.525;24.93
1560;15;26;30.059;10.3
1561;15;27;70.88;11.13
1562;15;28;56.963;8.09
1563;15;28;67.989;6.95
1564;15;28;50.647;11.19
1565;15;29;51.287;17.46
1566;15;29;44.277;16.82
1567;15;30;38.546;9.39
1568;15;30;45.695;17.54
1569;15;31;47.259;23.08
1570;15;31;48.487;23.22
1571;15;32;37.38;1.67
1572;15;32;45.693;19.11
1573;15;32;37.397;22.85
1574;15;33;42.459;1.33
1575;15;33;43.493;24.98
1576;15;34;31.245;3.39
1577;15;34;24.432;18.54
1578;15;34;37.999;21.72
1579;15;35;12.143;7.53
1580;15;36;28.729;13.98
1581;15;37;60.077;9.77
1582;15;37;51.432;21.82
1583;15;38;51.688;23.32
1584;15;38;64.15;1.56
1585;15;38;59.617;4.88
1586;15;39;59.995;5.63
1587;15;40;18.228;10.4
1588;15;41;22.663;19.36
1589;15;41;17.621;18.57
1590;15;41;20.294;6.9
1591;15;42;48.307;17.25
1592;15;42;49.453;15.6
1593;15;42;51.635;4.79
1594;15;43;49.129;21.32
1595;15;43;51.6;22.72
1596;15;44;45.358;18.98
1597;15;44;52.314;16.75
1598;15;45;59.367;14.16
1599;15;46;20.472;9.88
1600;15;46;16.253;19.92
1601;15;46;21.135;1.37
1602;15;47;20.49;16.79
1603;15;47;21.548;10.46
1604;15;48;47.259;21.07
1605;15;49;67.696;17.5
1606;15;50;46.165;4.69
1607;15;50;47.217;17.81
1608;15;51;60.114;4.53
1609;15;51;45.134;2.83
1610;15;52;29.788;11.35
1611;15;52;23.795;11.12
1612;15;53;47.169;16.77
1613;15;53;46.439;14.07
1614;15;53;50.002;23.98
1615;15;54;49.469;5.76
1616;15;54;49.918;1.65
1617;15;54;53.714;15.48
1618;15;55;46.665;10.68
1619;15;56;51.501;8.18
1620;15;57;54.697;8.35
1621;15;58;76.122;22.82
1622;15;58;91.722;10.85
1623;15;58;60.51;4.6
1624;15;59;58.284;1.71
1625;15;59;51.34;18.4
1626;16;17;19.811;12.87
1627;16;17;15.179;3.06
1628;16;17;22.139;3.54
1629;16;18;23.621;22.14
1630;16;19;33.502;24.32
1631;16;19;31.926;4.62
1632;16;19;32.963;18.24
1633;16;20;32.62;3.29
1634;16;21;71.81;22.39
1635;16;21;57.777;12.73
1636;16;22;12.0;2.58
1637;16;22;11.579;24.2
1638;16;23;9.749;14.47
1639;16;23;11.98;20.64
1640;16;24;12.858;5.25
1641;16;24;9.68;6.58
1642;16;24;10.105;5.84
1643;16;25;31.911;23.21
1644;16;26;31.705;20.58
1645;16;26;31.525;5.17
1646;16;27;77.822;13.37
1647;16;27;88.965;22.33
1648;16;27;91.155;15.78
1649;16;28;14.02;7.18
1650;16;28;14.49;18.24
1651;16;28;11.343;8.28
1652;16;29;6.869;22.28
1653;16;30;22.821;23.83
1654;16;31;12.156;5.12
1655;16;32;95.389;15.72
1656;16;32;80.935;13.4
1657;16;32;99.935;19.86
1658;16;33;17.705;15.03
1659;16;34;27.411;3.26
1660;16;35;59.384;1.77
1661;16;35;45.951;20.65
1662;16;36;35.915;10.9
1663;16;36;35.211;8.37
1664;16;37;13.441;22.24
1665;16;37;10.089;17.28
1666;16;37;11.505;3.49
1667;16;38;21.487;18.13
1668;16;38;18.146;17.85
1669;16;38;24.35;18.97
1670;16;39;15.801;24.18
1671;16;39;15.919;24.72
1672;16;40;46.542;12.84
1673;16;41;36.496;8.57
1674;16;41;39.453;19.02
1675;16;42;10.905;21.02
1676;16;43;8.905;14.87
1677;16;43;9.765;5.58
1678;16;44;21.444;13.41
1679;16;44;22.807;5.6
1680;16;45;31.063;6.14
1681;16;46;49.578;1.23
1682;16;46;48.205;1.59
1683;16;47;72.778;4.96
1684;16;47;61.585;17.3
1685;16;47;55.528;12.11
1686;16;48;12.156;11.57
1687;16;48;14.225;23.81
1688;16;49;54.08;13.5
1689;16;49;58.097;0.74
1690;16;49;62.162;21.85
1691;16;50;15.221;2.75
1692;16;50;15.662;5.71
1693;16;50;12.061;19.31
1694;16;51;47.282;20.59
1695;16;51;35.808;6.42
1696;16;52;31.487;1.21
1697;16;53;16.327;3.21
1698;16;54;8.556;24.6
1699;16;55;15.128;2.43
1700;16;55;13.973;2.53
1701;16;56;6.533;17.49
1702;16;56;6.423;11.03
1703;16;56;7.931;13.09
1704;16;57;40.482;8.3
1705;16;57;33.637;12.28
1706;16;58;52.078;18.86
1707;16;59;22.688;22.29
1708;16;59;28.108;14.89
1709;17;18;39.479;8.96
1710;17;18;37.842;11.63
1711;17;18;32.805;15.32
1712;17;19;17.004;5.8
1713;17;20;20.363;10.36
1714;17;20;24.198;5.12
1715;17;20;22.914;21.53
1716;17;21;62.303;22.18
1717;17;21;47.216;6.32
1718;17;22;25.756;6.94
1719;17;23;15.606;7.0
1720;17;23;14.591;15.0
1721;17;24;10.322;22.43
1722;17;25;17.511;8.75
1723;17;25;21.8;8.26
1724;17;26;17.738;3.3
1725;17;26;15.691;6.07
1726;17;26;20.211;17.03
1727;17;27;87.948;0.19
1728;17;28;9.237;3.37
1729;17;28;6.936;4.52
1730;17;28;11.544;19.38
1731;17;29;15.512;13.36
1732;17;29;19.328;9.39
1733;17;30;11.015;8.23
1734;17;30;8.83;8.02
1735;17;31;10.906;19.58
1736;17;31;9.567;11.25
1737;17;31;9.337;23.29
1738;17;32;85.017;14.15
1739;17;33;9.857;20.16
1740;17;33;10.776;8.33
1741;17;34;25.458;22.88
1742;17;35;46.588;11.76
1743;17;35;50.182;22.8
1744;17;36;21.391;19.22
1745;17;36;21.976;13.26
1746;17;37;12.504;4.35
1747;17;37;14.798;3.5
1748;17;38;3.511;0.08
1749;17;39;11.562;9.82
1750;17;39;12.887;1.41
1751;17;40;33.289;11.35
1752;17;41;26.476;7.05
1753;17;41;22.45;3.49
1754;17;42;11.6;18.14
1755;17;43;15.741;7.62
1756;17;43;18.245;13.27
1757;17;43;17.554;3.98
1758;17;44;3.653;8.25
1759;17;45;46.506;17.81
1760;17;45;48.776;10.8
1761;17;45;35.966;19.17
1762;17;46;34.894;15.77
1763;17;46;30.488;24.01
1764;17;47;67.324;21.27
1765;17;48;10.906;2.22
1766;17;48;9.808;15.56
1767;17;49;36.177;6.92
1768;17;49;30.831;21.3
1769;17;49;27.864;3.3
1770;17;50;7.563;4.83
1771;17;50;6.032;9.79
1772;17;51;28.603;13.84
1773;17;51;21.947;21.25
1774;17;52;19.211;19.43
1775;17;53;5.078;9.52
1776;17;53;4.533;8.71
1777;17;53;4.676;20.49
1778;17;54;15.957;1.51
1779;17;54;12.935;18.28
1780;17;54;17.245;17.14
1781;17;55;7.079;23.77
1782;17;55;7.134;24.46
1783;17;55;6.319;21.14
1784;17;56;16.386;4.2
1785;17;57;52.865;2.51
1786;17;57;59.028;17.62
1787;17;57;56.024;13.49
1788;17;58;37.204;22.04
1789;17;58;42.926;21.27
1790;17;59;9.829;18.75
1791;17;59;10.752;10.56
1792;18;19;46.565;5.69
1793;18;19;37.655;21.58
1794;18;20;41.666;9.3
1795;18;21;70.123;0.67
1796;18;22;13.725;16.8
1797;18;22;12.497;7.64
1798;18;22;13.06;16.77
1799;18;23;23.888;20.99
1800;18;24;29.303;19.24
1801;18;24;27.354;7.56
1802;18;25;43.283;19.11
1803;18;26;42.726;11.54
1804;18;26;38.047;7.17
1805;18;26;51.027;6.99
1806;18;27;55.48;7.06
1807;18;28;36.838;18.77
1808;18;28;40.159;6.52
1809;18;29;24.314;3.61
1810;18;29;18.747;17.63
1811;18;29;20.234;3.32
1812;18;30;36.011;18.37
1813;18;30;40.24;13.66
1814;18;30;39.286;23.64
1815;18;31;28.647;13.35
1816;18;32;93.102;4.36
1817;18;32;84.587;9.74
1818;18;32;88.348;9.44
1819;18;33;32.05;1.28
1820;18;33;30.8;13.26
1821;18;34;28.594;18.53
1822;18;35;63.342;4.4
1823;18;35;51.595;7.67
1824;18;35;71.907;8.01
1825;18;36;46.263;8.02
1826;18;36;37.211;12.73
1827;18;36;45.203;0.17
1828;18;37;36.905;19.2
1829;18;38;42.272;14.31
1830;18;38;35.08;16.85
1831;18;38;49.196;8.04
1832;18;39;39.149;12.19
1833;18;39;29.805;1.23
1834;18;40;53.065;23.91
1835;18;41;41.918;6.65
1836;18;42;27.879;15.94
1837;18;43;23.744;24.41
1838;18;43;18.259;18.27
1839;18;44;39.32;6.01
1840;18;44;30.834;22.25
1841;18;44;41.558;13.6
1842;18;45;7.444;12.47
1843;18;45;7.762;17.72
1844;18;46;57.371;6.42
1845;18;46;45.358;12.41
1846;18;47;66.005;10.58
1847;18;47;77.651;20.55
1848;18;48;28.647;1.03
1849;18;48;28.0;3.44
1850;18;48;31.876;4.52
1851;18;49;75.602;24.96
1852;18;50;32.29;0.45
1853;18;50;39.157;1.75
1854;18;51;68.074;16.54
1855;18;52;40.964;6.79
1856;18;52;43.957;24.74
1857;18;52;46.998;14.46
1858;18;53;34.575;7.96
1859;18;54;23.543;1.57
1860;18;55;32.631;20.01
1861;18;55;35.794;17.26
1862;18;55;28.8;12.49
1863;18;56;23.458;11.79
1864;18;56;21.103;24.64
1865;18;56;23.677;9.3
1866;18;57;18.077;21.93
1867;18;57;17.881;7.8
1868;18;57;18.932;2.35
1869;18;58;75.07;5.52
1870;18;58;76.366;19.0
1871;18;59;45.309;1.58
1872;18;59;54.082;1.7
1873;19;20;7.941;19.55
1874;19;20;6.935;19.25
1875;19;20;9.287;20.0
1876;19;21;46.677;13.03
1877;19;21;53.228;23.32
1878;19;22;34.163;24.67
1879;19;23;25.339;21.93
1880;19;23;23.509;19.44
1881;19;24;20.726;13.63
1882;19;24;16.495;1.99
1883;19;25;4.08;21.63
1884;19;25;3.248;1.21
1885;19;25;3.135;12.4
1886;19;26;4.821;5.56
1887;19;27;85.837;9.27
1888;19;27;88.033;5.51
1889;19;27;102.356;3.72
1890;19;28;26.162;12.55
1891;19;29;27.172;13.79
1892;19;30;11.104;2.37
1893;19;31;21.465;15.6
1894;19;31;20.297;5.43
1895;19;31;16.538;7.3
1896;19;32;68.717;14.46
1897;19;32;83.607;5.77
1898;19;32;75.996;5.49
1899;19;33;16.093;24.36
1900;19;33;17.557;24.22
1901;19;33;13.362;20.27
1902;19;34;21.734;13.18
1903;19;34;18.598;1.65
1904;19;35;29.941;13.91
1905;19;35;26.803;7.5
1906;19;36;5.426;0.59
1907;19;36;5.561;9.42
1908;19;37;29.452;11.01
1909;19;37;24.469;22.32
1910;19;37;29.528;0.09
1911;19;38;18.76;15.79
1912;19;38;20.064;20.46
1913;19;38;22.897;19.91
1914;19;39;28.551;15.0
1915;19;39;29.944;7.96
1916;19;40;16.863;9.14
1917;19;41;13.895;11.85
1918;19;41;15.348;3.46
1919;19;41;12.933;5.14
1920;19;42;22.709;3.18
1921;19;42;21.634;24.19
1922;19;43;25.98;12.43
1923;19;43;32.128;17.67
1924;19;43;19.958;21.28
1925;19;44;13.601;1.9
1926;19;44;13.551;11.68
1927;19;44;14.921;20.31
1928;19;45;52.353;1.62
1929;19;45;50.856;20.39
1930;19;46;17.936;2.65
1931;19;47;53.837;10.49
1932;19;48;21.465;9.74
1933;19;49;37.362;14.48
1934;19;49;34.241;12.92
1935;19;50;18.311;0.25
1936;19;50;17.494;3.39
1937;19;50;14.376;11.97
1938;19;51;29.078;8.34
1939;19;51;29.767;6.02
1940;19;52;7.621;18.06
1941;19;53;17.728;23.65
1942;19;53;14.914;20.99
1943;19;53;22.082;0.97
1944;19;54;26.341;24.65
1945;19;55;18.477;10.77
1946;19;55;15.583;17.22
1947;19;56;27.861;20.19
1948;19;56;27.634;4.08
1949;19;56;26.151;5.36
1950;19;57;55.116;2.34
1951;19;57;67.043;11.53
1952;19;58;43.444;10.57
1953;19;58;34.226;9.85
1954;19;59;24.972;1.24
1955;19;59;24.03;17.96
1956;20;21;41.967;2.53
1957;20;21;33.12;22.99
1958;20;22;30.495;16.42
1959;20;23;23.312;1.64
1960;20;23;25.689;17.9
1961;20;24;20.0;7.8
1962;20;24;23.282;12.5
1963;20;24;21.169;1.58
1964;20;25;4.071;16.29
1965;20;26;3.402;21.12
1966;20;26;3.371;12.92
1967;20;26;3.541;3.66
1968;20;27;78.082;14.84
1969;20;28;28.64;9.64
1970;20;28;23.787;15.44
1971;20;29;25.811;5.29
1972;20;29;30.356;18.99
1973;20;29;24.42;20.42
1974;20;30;10.416;0.32
1975;20;30;10.554;15.09
1976;20;30;10.474;21.08
1977;20;31;20.62;14.65
1978;20;31;17.238;3.68
1979;20;31;19.654;6.22
1980;20;32;64.881;2.98
1981;20;32;77.122;21.27
1982;20;32;50.52;12.84
1983;20;33;15.161;11.26
1984;20;33;14.932;24.28
1985;20;33;17.995;5.75
1986;20;34;14.692;22.56
1987;20;34;15.671;8.83
1988;20;35;27.123;9.92
1989;20;35;33.427;24.01
1990;20;35;28.201;0.85
1991;20;36;4.728;13.59
1992;20;36;5.251;0.9
1993;20;37;31.852;24.56
1994;20;37;33.797;7.23
1995;20;37;29.023;10.51
1996;20;38;23.066;5.45
1997;20;39;31.539;22.92
1998;20;39;27.129;23.34
1999;20;39;35.699;11.48
2000;20;40;13.98;19.89
2001;20;41;6.496;1.17
2002;20;42;21.837;14.53
2003;20;42;22.219;16.11
2004;20;42;22.291;13.73
2005;20;43;24.091;23.09
2006;20;43;25.428;21.39
2007;20;44;16.717;11.91
2008;20;44;18.267;1.13
2009;20;45;46.809;18.88
2010;20;45;46.007;6.0
2011;20;45;48.719;0.33
2012;20;46;17.05;4.97
2013;20;46;20.23;2.74
2014;20;46;14.04;16.97
2015;20;47;47.454;19.34
2016;20;47;51.125;4.66
2017;20;47;55.7;2.88
2018;20;48;20.62;13.57
2019;20;49;45.288;24.41
2020;20;49;43.408;4.52
2021;20;49;46.096;9.36
2022;20;50;18.517;8.11
2023;20;50;22.335;5.67
2024;20;50;14.066;3.42
2025;20;51;36.992;1.32
2026;20;52;1.201;2.36
2027;20;52;0.985;10.74
2028;20;52;1.18;6.1
2029;20;53;19.007;6.94
2030;20;53;18.739;22.65
2031;20;53;18.173;5.51
2032;20;54;24.466;5.56
2033;20;55;18.914;12.75
2034;20;55;20.076;16.89
2035;20;55;17.32;8.44
2036;20;56;26.316;7.22
2037;20;57;48.392;20.24
2038;20;57;37.235;7.88
2039;20;57;53.104;14.37
2040;20;58;51.015;18.97
2041;20;59;29.69;5.26
2042;20;59;35.392;18.25
2043;20;59;28.169;19.62
2044;21;22;64.996;0.92
2045;21;22;60.997;14.38
2046;21;22;79.666;24.07
2047;21;23;62.08;8.78
2048;21;23;54.34;5.43
2049;21;23;73.57;11.54
2050;21;24;60.572;13.6
2051;21;24;58.931;15.95
2052;21;24;71.526;21.6
2053;21;25;44.946;1.72
2054;21;25;45.232;23.37
2055;21;25;49.753;3.7
2056;21;26;44.63;11.31
2057;21;26;50.999;9.72
2058;21;27;75.592;21.03
2059;21;27;66.359;11.11
2060;21;27;80.637;14.79
2061;21;28;70.506;6.26
2062;21;28;69.238;22.83
2063;21;29;65.084;13.55
2064;21;29;62.525;16.61
2065;21;29;72.057;13.61
2066;21;30;52.091;1.39
2067;21;31;61.024;23.6
2068;21;31;58.263;12.12
2069;21;31;46.763;24.48
2070;21;32;23.616;19.09
2071;21;33;56.153;19.1
2072;21;34;44.909;18.28
2073;21;35;18.562;22.25
2074;21;35;17.894;16.11
2075;21;36;41.435;12.39
2076;21;36;49.303;23.54
2077;21;37;73.659;4.88
2078;21;38;64.83;12.36
2079;21;39;73.478;2.07
2080;21;40;29.95;12.27
2081;21;40;32.637;8.54
2082;21;41;36.251;10.95
2083;21;42;62.083;15.64
2084;21;42;68.195;23.87
2085;21;43;62.925;17.65
2086;21;43;75.935;13.77
2087;21;43;76.035;4.05
2088;21;44;58.65;18.15
2089;21;44;58.023;3.38
2090;21;45;71.407;19.92
2091;21;45;76.686;11.81
2092;21;45;72.695;22.28
2093;21;46;30.638;10.83
2094;21;46;29.636;20.55
2095;21;46;27.137;23.42
2096;21;47;15.436;6.59
2097;21;48;61.024;19.19
2098;21;48;58.694;11.76
2099;21;49;77.521;6.13
2100;21;49;62.425;12.88
2101;21;50;59.834;2.94
2102;21;51;70.48;1.55
2103;21;51;71.487;20.21
2104;21;51;86.971;20.88
2105;21;52;43.14;1.6
2106;21;53;60.744;9.95
2107;21;53;73.204;11.02
2108;21;54;63.264;14.38
2109;21;54;55.779;2.17
2110;21;55;60.322;12.81
2111;21;56;65.297;15.86
2112;21;56;79.876;19.69
2113;21;56;56.88;14.36
2114;21;57;65.379;20.43
2115;21;57;67.018;5.4
2116;21;57;71.257;8.16
2117;21;58;86.948;15.85
2118;21;58;103.529;5.06
2119;21;58;80.294;12.48
2120;21;59;71.35;15.18
2121;21;59;83.863;17.72
2122;21;59;73.61;15.25
2123;22;23;10.181;21.66
2124;22;23;12.206;16.45
2125;22;24;15.628;7.48
2126;22;24;15.945;23.48
2127;22;25;31.323;16.73
2128;22;25;37.168;21.3
2129;22;25;28.129;21.3
2130;22;26;30.866;10.47
2131;22;26;27.898;19.2
2132;22;27;66.004;15.89
2133;22;28;23.636;0.18
2134;22;28;27.079;11.79
2135;22;29;10.724;15.84
2136;22;29;10.996;0.76
2137;22;29;8.552;3.41
2138;22;30;23.195;8.12
2139;22;30;27.911;2.79
2140;22;31;14.954;2.11
2141;22;31;12.289;23.06
2142;22;31;15.192;18.38
2143;22;32;88.556;9.6
2144;22;32;99.678;21.46
2145;22;33;18.772;17.98
2146;22;33;20.834;11.45
2147;22;34;20.283;17.65
2148;22;35;55.082;2.78
2149;22;35;65.67;18.76
2150;22;35;45.81;1.76
2151;22;36;34.77;3.88
2152;22;36;31.679;0.44
2153;22;36;32.201;22.04
2154;22;37;24.198;7.98
2155;22;37;21.642;10.73
2156;22;37;23.532;6.94
2157;22;38;28.563;13.41
2158;22;38;26.664;18.71
2159;22;39;26.25;14.02
2160;22;39;24.462;0.21
2161;22;40;43.358;14.15
2162;22;41;32.328;4.18
2163;22;41;26.376;21.02
2164;22;41;40.117;2.57
2165;22;42;14.157;6.43
2166;22;43;10.018;13.29
2167;22;44;25.71;20.0
2168;22;44;21.716;8.12
2169;22;44;24.305;7.69
2170;22;45;20.867;4.45
2171;22;45;19.12;0.67
2172;22;45;21.245;10.97
2173;22;46;47.207;11.59
2174;22;46;51.328;1.38
2175;22;46;53.036;10.82
2176;22;47;63.918;17.26
2177;22;47;67.488;18.36
2178;22;47;72.163;13.39
2179;22;48;14.954;24.19
2180;22;49;61.881;24.19
2181;22;49;69.046;8.05
2182;22;50;18.636;23.72
2183;22;50;19.428;23.68
2184;22;51;54.354;2.54
2185;22;52;29.595;12.41
2186;22;53;20.875;15.16
2187;22;53;22.642;4.49
2188;22;53;24.764;0.94
2189;22;54;9.821;11.42
2190;22;55;18.951;16.92
2191;22;56;9.9;1.83
2192;22;56;7.49;8.12
2193;22;56;8.824;24.51
2194;22;57;28.912;20.42
2195;22;58;61.638;11.89
2196;22;59;31.884;18.74
2197;22;59;29.589;5.9
2198;23;24;5.468;14.02
2199;23;25;23.133;0.29
2200;23;26;22.821;21.77
2201;23;26;19.012;22.79
2202;23;27;74.04;16.48
2203;23;27;82.746;10.28
2204;23;27;76.322;9.23
2205;23;28;14.979;3.0
2206;23;28;16.413;7.02
2207;23;28;16.562;0.73
2208;23;29;3.09;3.65
2209;23;29;3.581;20.1
2210;23;30;14.254;5.58
2211;23;30;17.441;3.85
2212;23;31;4.777;11.59
2213;23;31;4.824;4.75
2214;23;32;85.65;19.61
2215;23;33;9.29;19.63
2216;23;33;8.06;19.95
2217;23;34;17.99;2.39
2218;23;34;21.598;24.05
2219;23;34;16.199;23.93
2220;23;35;49.773;16.62
2221;23;35;40.147;23.13
2222;23;35;52.151;15.6
2223;23;36;26.979;16.76
2224;23;36;24.842;15.69
2225;23;36;23.94;24.58
2226;23;37;16.512;5.92
2227;23;38;18.534;16.66
2228;23;38;16.577;10.23
2229;23;39;18.056;14.97
2230;23;39;22.388;17.77
2231;23;40;37.094;14.76
2232;23;40;45.538;0.32
2233;23;41;26.818;16.04
2234;23;41;25.651;6.29
2235;23;42;4.023;1.28
2236;23;42;4.597;8.01
2237;23;42;3.858;4.63
2238;23;43;0.845;6.09
2239;23;43;0.982;16.83
2240;23;43;0.91;2.52
2241;23;44;15.584;0.52
2242;23;44;12.49;11.32
2243;23;45;30.906;15.87
2244;23;45;35.362;4.68
2245;23;46;40.36;17.05
2246;23;46;49.906;16.63
2247;23;46;44.134;13.49
2248;23;47;63.438;7.73
2249;23;48;4.777;5.12
2250;23;48;4.337;8.01
2251;23;48;4.78;24.94
2252;23;49;51.773;19.17
2253;23;49;45.828;20.17
2254;23;50;8.489;19.41
2255;23;50;7.685;13.71
2256;23;50;10.115;4.84
2257;23;51;44.188;18.16
2258;23;51;41.663;1.48
2259;23;52;22.231;7.3
2260;23;53;10.694;3.54
2261;23;54;1.197;16.96
2262;23;54;1.137;11.95
2263;23;55;8.778;11.34
2264;23;55;7.944;0.51
2265;23;56;3.218;5.63
2266;23;57;37.854;23.75
2267;23;58;52.029;24.61
2268;23;58;51.458;9.18
2269;23;58;40.249;14.74
2270;23;59;22.496;22.32
2271;23;59;27.665;14.99
2272;23;59;25.451;14.8
2273;24;25;19.06;20.52
2274;24;25;18.072;8.43
2275;24;26;18.873;6.62
2276;24;26;15.309;24.46
2277;24;27;78.211;3.61
2278;24;27;65.151;23.45
2279;24;28;11.952;24.22
2280;24;29;6.494;9.07
2281;24;29;5.272;1.63
2282;24;30;9.969;19.18
2283;24;30;11.518;12.29
2284;24;30;7.693;20.44
2285;24;31;0.76;0.79
2286;24;31;0.792;12.3
2287;24;32;83.972;1.2
2288;24;33;4.879;5.55
2289;24;33;3.734;5.63
2290;24;33;5.332;15.24
2291;24;34;18.455;6.94
2292;24;35;47.035;3.29
2293;24;35;41.516;8.04
2294;24;35;50.569;24.89
2295;24;36;23.084;8.91
2296;24;36;19.18;9.69
2297;24;36;20.632;23.87
2298;24;37;14.361;12.54
2299;24;37;11.202;6.72
2300;24;37;17.192;1.76
2301;24;38;13.464;16.18
2302;24;39;15.254;15.7
2303;24;39;14.964;16.07
2304;24;39;12.629;23.2
2305;24;40;33.979;19.75
2306;24;40;28.722;0.36
2307;24;41;24.519;4.15
2308;24;42;1.983;21.01
2309;24;42;1.525;18.07
2310;24;42;1.604;17.27
2311;24;43;5.808;15.94
2312;24;43;7.183;5.45
2313;24;44;10.118;14.28
2314;24;44;10.433;20.88
2315;24;45;36.234;4.15
2316;24;45;37.341;12.96
2317;24;45;29.183;2.58
2318;24;46;36.819;5.17
2319;24;46;34.483;4.69
2320;24;46;33.494;13.26
2321;24;47;63.257;1.0
2322;24;48;0.76;23.01
2323;24;48;0.875;8.84
2324;24;49;46.48;2.96
2325;24;50;3.022;7.67
2326;24;50;2.782;11.11
2327;24;51;38.807;24.01
2328;24;51;36.242;10.82
2329;24;52;18.835;20.39
2330;24;53;5.294;5.43
2331;24;54;6.106;17.72
2332;24;55;3.328;16.0
2333;24;56;7.248;13.2
2334;24;56;6.653;24.45
2335;24;56;8.526;21.76
2336;24;57;42.64;12.89
2337;24;57;46.736;4.5
2338;24;58;47.239;14.89
2339;24;58;47.828;3.55
2340;24;59;18.196;8.3
2341;25;26;0.742;18.73
2342;25;27;81.758;11.19
2343;25;28;26.27;3.59
2344;25;29;25.295;15.23
2345;25;29;24.023;13.76
2346;25;29;31.266;17.88
2347;25;30;9.092;16.52
2348;25;31;19.755;4.16
2349;25;31;21.471;18.79
2350;25;32;67.512;23.27
2351;25;32;81.558;8.93
2352;25;32;66.82;9.99
2353;25;33;14.209;10.3
2354;25;34;17.719;2.97
2355;25;34;17.281;15.92
2356;25;35;29.148;12.72
2357;25;36;4.095;15.35
2358;25;37;29.545;23.26
2359;25;37;31.226;7.36
2360;25;37;28.08;7.06
2361;25;38;19.886;18.34
2362;25;38;22.374;18.19
2363;25;39;28.972;14.51
2364;25;39;33.513;12.64
2365;25;39;31.882;9.12
2366;25;40;15.826;14.9
2367;25;40;12.103;24.55
2368;25;40;12.25;11.62
2369;25;41;10.435;12.06
2370;25;41;10.471;0.96
2371;25;42;21.006;16.97
2372;25;43;23.844;1.75
2373;25;43;22.767;15.13
2374;25;43;28.451;22.63
2375;25;44;13.879;16.49
2376;25;44;15.679;20.16
2377;25;45;48.843;22.65
2378;25;45;40.529;15.05
2379;25;46;17.955;14.47
2380;25;46;14.554;8.46
2381;25;46;19.907;0.8
2382;25;47;51.138;1.13
2383;25;47;40.157;20.13
2384;25;48;19.755;7.99
2385;25;48;15.228;7.81
2386;25;48;16.276;9.4
2387;25;49;41.284;0.31
2388;25;49;47.936;21.12
2389;25;49;37.584;24.66
2390;25;50;17.062;20.12
2391;25;51;32.976;16.35
2392;25;52;3.568;5.96
2393;25;53;17.04;21.24
2394;25;53;20.551;21.51
2395;25;54;24.216;1.06
2396;25;54;19.11;2.48
2397;25;55;17.353;3.8
2398;25;56;25.906;21.51
2399;25;56;29.224;16.09
2400;25;57;51.225;16.39
2401;25;57;43.197;6.89
2402;25;58;46.951;15.24
2403;25;59;26.416;5.79
2404;25;59;28.141;21.59
2405;25;59;26.669;24.97
2406;26;27;81.016;8.02
2407;26;27;65.078;13.71
2408;26;28;26.395;4.5
2409;26;28;32.489;3.62
2410;26;28;30.521;5.83
2411;26;29;25.046;16.66
2412;26;29;22.67;3.59
2413;26;30;8.916;10.49
2414;26;30;11.11;8.03
2415;26;30;9.306;17.16
2416;26;31;19.555;23.12
2417;26;32;67.282;15.5
2418;26;33;14.003;19.48
2419;26;34;17.0;14.97
2420;26;35;29.026;0.5
2421;26;36;4.211;15.21
2422;26;36;5.246;1.22
2423;26;37;29.659;6.33
2424;26;37;31.982;20.68
2425;26;38;20.207;11.61
2426;26;38;18.746;1.75
2427;26;38;23.087;22.34
2428;26;39;29.146;18.24
2429;26;39;30.895;17.05
2430;26;40;15.707;5.74
2431;26;41;9.834;7.07
2432;26;42;20.804;12.67
2433;26;42;25.112;2.51
2434;26;43;23.546;3.57
2435;26;44;14.092;8.85
2436;26;44;15.878;9.51
2437;26;45;48.236;24.75
2438;26;46;18.021;24.75
2439;26;46;14.796;21.6
2440;26;47;50.638;5.98
2441;26;48;19.555;4.16
2442;26;48;18.37;4.27
2443;26;49;42.008;23.38
2444;26;49;51.456;19.37
2445;26;50;16.968;8.74
2446;26;51;33.698;2.42
2447;26;51;26.427;2.22
2448;26;52;2.833;2.93
2449;26;52;3.267;23.87
2450;26;53;17.054;3.44
2451;26;54;23.918;13.7
2452;26;54;18.462;16.95
2453;26;54;25.474;23.41
2454;26;55;17.282;3.84
2455;26;56;25.639;9.0
2456;26;56;24.412;13.16
2457;26;57;50.534;5.38
2458;26;58;47.616;6.02
2459;26;58;38.674;2.97
2460;26;58;50.532;18.87
2461;26;59;26.77;0.4
2462;27;28;88.962;16.55
2463;27;28;76.877;13.8
2464;27;28;107.715;2.73
2465;27;29;75.941;6.15
2466;27;29;91.099;9.58
2467;27;29;60.317;13.8
2468;27;30;79.476;10.42
2469;27;31;77.853;22.99
2470;27;31;61.152;6.22
2471;27;31;76.911;14.36
2472;27;32;89.77;13.41
2473;27;33;78.248;18.45
2474;27;34;64.575;6.57
2475;27;34;63.533;2.37
2476;27;34;57.178;18.21
2477;27;35;82.622;3.53
2478;27;35;73.73;7.63
2479;27;36;82.258;21.02
2480;27;37;90.019;21.75
2481;27;38;91.381;20.64
2482;27;39;91.887;4.36
2483;27;39;105.318;17.91
2484;27;39;101.365;5.01
2485;27;40;80.83;8.61
2486;27;41;73.607;3.74
2487;27;42;77.704;24.87
2488;27;42;88.75;4.88
2489;27;42;71.55;11.73
2490;27;43;74.36;19.09
2491;27;43;89.662;9.41
2492;27;44;86.088;18.39
2493;27;45;48.774;1.85
2494;27;45;41.029;18.28
2495;27;46;85.388;15.84
2496;27;46;64.771;4.83
2497;27;47;61.781;21.17
2498;27;47;55.574;5.52
2499;27;47;54.525;7.86
2500;27;48;77.853;11.51
2501;27;48;75.731;11.25
2502;27;48;76.046;2.18
2503;27;49;122.224;0.53
2504;27;49;133.839;17.94
2505;27;50;80.517;21.97
2506;27;50;67.742;20.8
2507;27;51;113.946;3.59
2508;27;51;112.489;18.82
2509;27;51;138.414;2.85
2510;27;52;78.229;15.54
2511;27;52;66.406;20.61
2512;27;53;82.997;6.12
2513;27;53;79.075;6.04
2514;27;54;74.351;21.66
2515;27;54;78.82;1.47
2516;27;54;77.862;10.96
2517;27;55;81.072;20.35
2518;27;55;100.929;2.8
2519;27;56;75.266;9.34
2520;27;57;37.523;19.74
2521;27;57;41.537;8.67
2522;27;57;28.402;12.7
2523;27;58;125.118;6.74
2524;27;59;96.367;13.74
2525;27;59;99.234;9.6
2526;27;59;78.532;24.83
2527;28;29;13.091;15.94
2528;28;30;18.422;8.87
2529;28;30;18.971;21.71
2530;28;31;11.984;12.41
2531;28;32;93.521;1.03
2532;28;32;107.93;10.5
2533;28;32;97.3;18.43
2534;28;33;14.945;10.62
2535;28;33;17.417;17.5
2536;28;33;11.763;16.48
2537;28;34;30.3;8.73
2538;28;34;30.354;19.76
2539;28;35;55.415;6.51
2540;28;35;45.656;17.36
2541;28;35;57.103;4.95
2542;28;36;30.277;22.12
2543;28;36;36.976;24.37
2544;28;36;26.259;13.38
2545;28;37;3.293;7.32
2546;28;37;3.695;2.98
2547;28;37;3.481;10.7
2548;28;38;8.953;21.31
2549;28;38;11.003;3.23
2550;28;39;3.31;10.92
2551;28;39;3.484;0.2
2552;28;39;2.807;6.81
2553;28;40;42.092;24.38
2554;28;40;38.675;14.34
2555;28;40;41.125;20.22
2556;28;41;34.301;0.85
2557;28;41;37.953;15.84
2558;28;42;11.693;23.99
2559;28;43;14.61;19.81
2560;28;43;13.773;1.35
2561;28;43;13.649;13.8
2562;28;44;12.574;10.72
2563;28;44;15.162;1.17
2564;28;44;13.133;18.74
2565;28;45;44.226;2.58
2566;28;45;42.459;20.22
2567;28;45;50.721;5.26
2568;28;46;43.961;18.32
2569;28;46;40.831;3.14
2570;28;47;74.426;9.89
2571;28;47;75.128;7.25
2572;28;47;73.291;1.24
2573;28;48;11.984;4.87
2574;28;48;10.365;12.02
2575;28;49;40.119;4.53
2576;28;50;11.214;15.88
2577;28;50;9.945;9.6
2578;28;50;9.59;21.96
2579;28;51;33.563;18.05
2580;28;51;28.191;3.7
2581;28;52;27.446;13.51
2582;28;53;9.808;5.71
2583;28;53;8.18;21.65
2584;28;53;9.304;19.92
2585;28;54;14.611;22.52
2586;28;54;13.305;15.11
2587;28;54;18.243;17.5
2588;28;55;10.632;21.99
2589;28;55;10.317;15.38
2590;28;55;12.743;15.41
2591;28;56;13.833;6.08
2592;28;57;52.403;5.02
2593;28;57;51.154;13.27
2594;28;58;38.272;5.57
2595;28;58;35.701;7.15
2596;28;58;33.196;24.03
2597;28;59;8.671;2.37
2598;28;59;7.007;10.25
2599;28;59;10.279;11.46
2600;29;30;16.247;23.05
2601;29;30;17.173;15.63
2602;29;31;5.739;22.77
2603;29;32;88.638;2.95
2604;29;32;109.357;8.37
2605;29;33;11.129;7.46
2606;29;34;21.079;9.74
2607;29;35;52.517;7.26
2608;29;36;29.244;22.08
2609;29;37;14.161;12.42
2610;29;37;13.477;14.11
2611;29;38;18.039;13.64
2612;29;38;18.733;10.7
2613;29;38;19.185;13.37
2614;29;39;15.946;0.21
2615;29;40;39.703;17.1
2616;29;40;37.878;6.23
2617;29;41;29.633;2.63
2618;29;42;4.534;14.73
2619;29;43;2.285;20.39
2620;29;43;2.463;6.24
2621;29;43;2.757;3.22
2622;29;44;16.203;16.87
2623;29;44;18.902;24.68
2624;29;44;18.153;6.33
2625;29;45;31.563;19.46
2626;29;45;32.392;5.22
2627;29;45;27.454;18.68
2628;29;46;42.813;5.38
2629;29;46;41.056;19.23
2630;29;47;66.528;23.63
2631;29;47;66.602;3.08
2632;29;48;5.739;11.47
2633;29;49;51.373;4.97
2634;29;50;9.3;9.09
2635;29;50;8.818;19.85
2636;29;50;9.95;21.72
2637;29;51;44.025;16.81
2638;29;52;24.692;21.22
2639;29;52;20.283;4.79
2640;29;53;11.042;21.23
2641;29;53;10.427;15.33
2642;29;53;8.403;22.24
2643;29;54;2.034;14.75
2644;29;55;9.394;5.34
2645;29;55;10.086;20.02
2646;29;56;0.875;1.07
2647;29;56;0.804;22.52
2648;29;56;0.675;7.92
2649;29;57;39.319;20.93
2650;29;57;39.512;6.38
2651;29;57;47.176;17.46
2652;29;58;50.916;18.0
2653;29;58;43.024;9.82
2654;29;59;21.172;24.74
2655;29;59;19.425;24.77
2656;29;59;19.047;12.53
2657;30;31;10.664;4.19
2658;30;31;9.378;17.34
2659;30;32;75.189;9.7
2660;30;33;5.126;6.55
2661;30;34;15.322;15.51
2662;30;35;37.522;17.62
2663;30;35;41.773;17.95
2664;30;36;13.124;17.66
2665;30;36;10.79;21.62
2666;30;36;13.744;6.21
2667;30;37;21.57;18.96
2668;30;38;14.274;22.19
2669;30;38;12.479;19.44
2670;30;38;16.735;23.06
2671;30;39;21.46;7.97
2672;30;39;21.292;19.03
2673;30;40;24.3;19.14
2674;30;41;15.883;16.09
2675;30;42;11.916;24.25
2676;30;43;14.917;16.88
2677;30;43;18.435;20.94
2678;30;43;15.778;5.87
2679;30;44;7.716;24.72
2680;30;44;6.356;19.7
2681;30;45;42.199;17.92
2682;30;45;42.044;15.82
2683;30;45;38.835;5.26
2684;30;46;26.913;9.64
2685;30;46;21.553;9.12
2686;30;47;56.41;23.59
2687;30;47;47.26;19.98
2688;30;48;10.664;23.48
2689;30;48;11.676;19.47
2690;30;48;10.746;2.87
2691;30;49;42.833;1.65
2692;30;49;41.763;22.27
2693;30;50;8.134;17.07
2694;30;51;34.629;20.43
2695;30;51;40.489;22.02
2696;30;52;9.217;13.76
2697;30;53;8.659;3.92
2698;30;53;7.967;21.29
2699;30;53;7.551;5.32
2700;30;54;15.282;9.2
2701;30;55;8.507;23.27
2702;30;55;7.194;19.85
2703;30;56;16.888;0.9
2704;30;56;14.628;7.69
2705;30;56;14.78;13.0
2706;30;57;46.32;14.8
2707;30;57;38.351;17.07
2708;30;57;46.887;10.69
2709;30;58;46.158;8.18
2710;30;59;20.827;13.86
2711;30;59;17.085;6.2
2712;31;32;84.45;17.88
2713;31;32;88.141;20.3
2714;31;32;98.069;5.09
2715;31;33;5.552;9.22
2716;31;34;18.593;9.03
2717;31;34;19.791;16.63
2718;31;34;17.794;1.53
2719;31;35;47.619;23.66
2720;31;35;56.5;17.78
2721;31;35;49.294;24.72
2722;31;36;23.766;4.58
2723;31;36;28.678;0.89
2724;31;36;18.831;9.21
2725;31;37;14.258;15.68
2726;31;37;14.286;10.81
2727;31;37;16.945;5.61
2728;31;38;13.977;17.05
2729;31;38;12.433;8.94
2730;31;39;15.269;13.23
2731;31;40;34.595;5.18
2732;31;40;33.445;1.7
2733;31;40;31.451;14.69
2734;31;41;25.033;13.32
2735;31;41;30.581;21.68
2736;31;41;27.331;14.55
2737;31;42;1.253;4.67
2738;31;42;1.282;23.73
2739;31;42;1.089;23.22
2740;31;43;5.077;9.53
2741;31;43;5.855;0.81
2742;31;43;5.829;24.16
2743;31;44;10.833;21.97
2744;31;44;9.173;10.94
2745;31;44;10.955;15.13
2746;31;45;35.612;13.4
2747;31;46;37.478;19.63
2748;31;46;31.101;8.07
2749;31;47;63.546;3.1
2750;31;47;63.228;4.56
2751;31;48;0.0;5.05
2752;31;49;47.081;6.3
2753;31;49;45.134;9.87
2754;31;49;49.778;21.39
2755;31;50;3.742;2.76
2756;31;50;2.941;19.46
2757;31;50;4.065;0.43
2758;31;51;39.442;18.13
2759;31;52;19.461;5.84
2760;31;52;16.276;10.78
2761;31;53;5.928;22.1
2762;31;53;6.83;5.66
2763;31;54;5.368;6.05
2764;31;55;4.002;3.38
2765;31;55;4.282;18.68
2766;31;56;6.489;5.26
2767;31;56;6.606;8.81
2768;31;56;5.991;18.5
2769;31;57;42.153;10.83
2770;31;57;46.157;16.6
2771;31;58;47.699;7.06
2772;31;58;42.045;6.84
2773;31;59;18.52;21.46
2774;31;59;21.847;12.27
2775;32;33;79.454;19.45
2776;32;33;76.502;3.56
2777;32;33;91.447;13.46
2778;32;34;68.519;12.28
2779;32;35;38.888;15.47
2780;32;36;63.744;10.42
2781;32;36;71.434;14.51
2782;32;36;79.543;2.36
2783;32;37;96.727;24.21
2784;32;37;96.217;4.38
2785;32;38;87.307;9.66
2786;32;38;95.299;10.51
2787;32;39;96.388;9.01
2788;32;40;51.879;15.42
2789;32;40;44.439;10.22
2790;32;41;59.503;24.73
2791;32;41;63.317;0.16
2792;32;41;60.643;22.78
2793;32;42;85.535;6.71
2794;32;42;101.472;1.77
2795;32;42;82.326;9.55
2796;32;43;86.494;6.07
2797;32;44;81.373;9.27
2798;32;44;85.299;23.26
2799;32;45;93.798;15.99
2800;32;45;93.312;8.4
2801;32;46;51.357;21.44
2802;32;46;53.744;2.19
2803;32;47;29.586;18.46
2804;32;47;34.915;0.98
2805;32;48;84.45;1.48
2806;32;48;86.596;15.03
2807;32;48;88.633;0.58
2808;32;49;95.462;10.43
2809;32;50;83.084;22.9
2810;32;51;89.327;8.59
2811;32;52;66.075;2.69
2812;32;52;60.89;7.25
2813;32;53;83.844;17.56
2814;32;54;86.837;22.53
2815;32;54;73.511;13.57
2816;32;54;80.013;5.55
2817;32;55;83.549;23.27
2818;32;55;71.907;0.97
2819;32;55;85.01;1.41
2820;32;56;88.868;10.29
2821;32;56;97.084;3.3
2822;32;56;69.029;15.79
2823;32;57;86.607;15.64
2824;32;57;71.129;6.83
2825;32;57;99.053;23.75
2826;32;58;106.029;0.04
2827;32;58;118.554;9.05
2828;32;58;118.769;7.05
2829;32;59;93.673;11.29
2830;33;34;15.85;21.95
2831;33;34;19.704;20.39
2832;33;34;16.849;1.06
2833;33;35;42.246;23.42
2834;33;36;18.214;18.44
2835;33;36;19.423;4.03
2836;33;36;19.724;21.48
2837;33;37;17.835;17.21
2838;33;37;13.575;16.94
2839;33;37;17.553;11.49
2840;33;38;13.365;23.01
2841;33;38;16.42;0.22
2842;33;39;18.193;20.77
2843;33;40;29.138;19.14
2844;33;41;19.951;12.14
2845;33;41;20.401;2.68
2846;33;41;15.874;4.43
2847;33;42;6.801;0.86
2848;33;42;7.984;14.76
2849;33;43;9.898;13.69
2850;33;43;12.319;2.94
2851;33;44;7.937;24.81
2852;33;45;38.597;8.14
2853;33;45;37.999;7.88
2854;33;45;38.283;0.46
2855;33;46;31.94;24.34
2856;33;46;33.015;11.34
2857;33;46;29.275;4.66
2858;33;47;59.499;24.84
2859;33;47;62.039;22.24
2860;33;47;48.981;23.93
2861;33;48;5.552;7.47
2862;33;48;5.456;0.59
2863;33;48;5.854;20.81
2864;33;49;44.859;18.77
2865;33;50;3.759;13.1
2866;33;50;4.137;17.49
2867;33;51;36.879;19.61
2868;33;51;33.64;24.74
2869;33;51;30.379;21.68
2870;33;52;13.986;6.09
2871;33;53;5.496;9.57
2872;33;54;10.255;24.75
2873;33;54;11.396;4.19
2874;33;55;4.319;22.52
2875;33;55;3.759;10.03
2876;33;56;11.787;1.57
2877;33;56;10.112;23.74
2878;33;56;11.609;16.29
2879;33;57;43.795;15.19
2880;33;57;53.428;5.25
2881;33;57;35.993;2.12
2882;33;58;46.874;0.06
2883;33;58;54.292;10.76
2884;33;58;53.586;15.86
2885;33;59;19.29;6.8
2886;34;35;35.147;17.25
2887;34;36;19.386;2.13
2888;34;37;32.816;0.02
2889;34;37;40.567;0.79
2890;34;37;36.487;18.54
2891;34;38;28.942;9.37
2892;34;38;26.753;18.19
2893;34;38;23.29;22.76
2894;34;39;33.609;22.13
2895;34;39;33.457;4.37
2896;34;39;26.958;20.25
2897;34;40;24.486;16.88
2898;34;40;22.645;20.84
2899;34;40;24.766;4.32
2900;34;41;13.392;17.01
2901;34;42;19.289;19.96
2902;34;42;22.856;5.04
2903;34;43;18.804;8.93
2904;34;43;17.028;13.64
2905;34;43;14.628;13.6
2906;34;44;22.715;5.76
2907;34;45;32.85;14.75
2908;34;46;28.875;12.21
2909;34;46;31.209;14.79
2910;34;47;45.45;17.89
2911;34;47;37.315;15.34
2912;34;48;18.593;15.07
2913;34;48;16.435;22.25
2914;34;48;21.989;14.49
2915;34;49;57.683;10.25
2916;34;49;71.672;5.84
2917;34;49;49.228;24.24
2918;34;50;19.284;0.55
2919;34;50;17.935;12.85
2920;34;51;49.387;22.34
2921;34;51;56.502;14.29
2922;34;51;53.304;1.65
2923;34;52;14.441;8.05
2924;34;53;21.337;14.57
2925;34;54;19.096;4.16
2926;34;54;20.681;14.72
2927;34;55;19.896;13.14
2928;34;56;21.094;5.62
2929;34;56;19.875;0.65
2930;34;57;33.701;8.92
2931;34;57;34.729;15.8
2932;34;58;61.476;17.58
2933;34;59;35.108;16.06
2934;34;59;28.467;5.43
2935;34;59;38.562;24.95
2936;35;36;25.197;3.71
2937;35;36;23.47;16.4
2938;35;37;58.683;13.24
2939;35;37;52.076;13.0
2940;35;38;48.658;8.03
2941;35;38;56.879;6.91
2942;35;39;58.104;6.45
2943;35;39;71.519;1.54
2944;35;40;13.323;18.44
2945;35;40;13.819;1.8
2946;35;41;23.013;0.52
2947;35;42;48.806;6.73
2948;35;42;44.571;11.78
2949;35;43;50.596;4.24
2950;35;44;42.989;14.25
2951;35;44;33.929;24.64
2952;35;44;50.5;1.7
2953;35;45;66.473;11.29
2954;35;45;66.553;22.47
2955;35;46;12.521;21.72
2956;35;46;15.168;18.54
2957;35;47;30.799;11.43
2958;35;47;24.074;8.14
2959;35;47;34.986;18.56
2960;35;48;47.619;22.7
2961;35;49;58.959;22.84
2962;35;49;54.35;8.08
2963;35;50;45.638;7.97
2964;35;50;44.846;0.27
2965;35;51;51.963;3.99
2966;35;51;61.243;19.23
2967;35;52;28.316;1.6
2968;35;52;24.832;1.99
2969;35;53;46.014;0.37
2970;35;53;47.923;7.19
2971;35;53;44.35;9.46
2972;35;54;50.965;21.2
2973;35;55;46.029;4.31
2974;35;56;52.921;21.34
2975;35;57;63.534;20.26
2976;35;57;56.744;23.02
2977;35;57;57.481;14.31
2978;35;58;68.492;13.69
2979;35;58;53.258;9.04
2980;35;59;54.909;13.59
2981;35;59;47.243;2.59
2982;36;37;33.559;10.64
2983;36;38;23.563;23.49
2984;36;38;22.814;10.13
2985;36;38;18.138;21.33
2986;36;39;32.913;1.98
2987;36;39;35.457;6.63
2988;36;40;11.906;14.33
2989;36;41;9.057;9.19
2990;36;42;25.015;13.33
2991;36;42;29.645;1.98
2992;36;43;27.714;5.7
2993;36;44;17.796;17.16
2994;36;44;19.959;7.71
2995;36;45;51.502;15.65
2996;36;45;50.16;15.91
2997;36;45;51.736;16.8
2998;36;46;13.861;9.94
2999;36;46;11.814;11.77
3000;36;47;48.414;22.27
3001;36;47;39.188;8.04
3002;36;47;46.969;22.5
3003;36;48;23.766;24.16
3004;36;48;23.335;0.57
3005;36;49;42.077;6.27
3006;36;50;21.146;11.6
3007;36;51;33.876;16.85
3008;36;51;33.74;0.64
3009;36;52;5.299;3.77
3010;36;53;21.127;22.37
3011;36;53;16.628;11.67
3012;36;53;18.575;23.17
3013;36;54;28.088;17.34
3014;36;54;31.95;20.49
3015;36;54;34.837;19.21
3016;36;55;21.444;6.79
3017;36;55;21.055;10.79
3018;36;55;19.326;10.46
3019;36;56;29.828;8.59
3020;36;56;27.075;15.12
3021;36;57;53.085;2.28
3022;36;57;54.429;1.67
3023;36;58;48.672;17.18
3024;36;58;43.104;2.86
3025;36;59;29.975;9.89
3026;36;59;27.813;8.07
3027;36;59;32.972;22.49
3028;37;38;11.905;21.85
3029;37;39;2.466;16.8
3030;37;39;2.058;20.42
3031;37;39;2.44;15.28
3032;37;40;45.361;8.63
3033;37;40;45.91;20.65
3034;37;40;53.928;16.5
3035;37;41;37.425;4.6
3036;37;42;13.739;17.38
3037;37;43;16.005;13.94
3038;37;44;15.867;22.08
3039;37;44;14.653;14.95
3040;37;44;15.848;1.04
3041;37;45;44.343;15.87
3042;37;45;42.315;11.36
3043;37;46;47.253;24.46
3044;37;47;77.323;5.69
3045;37;47;89.066;21.1
3046;37;48;14.258;14.49
3047;37;49;41.514;13.89
3048;37;50;14.076;17.2
3049;37;50;13.435;1.75
3050;37;50;15.776;20.68
3051;37;51;35.37;21.66
3052;37;51;38.476;16.5
3053;37;51;35.423;6.75
3054;37;52;30.655;1.31
3055;37;52;27.266;11.59
3056;37;52;31.201;12.17
3057;37;53;12.916;5.84
3058;37;53;11.153;14.66
3059;37;53;15.401;10.71
3060;37;54;15.933;7.23
3061;37;55;13.525;17.68
3062;37;55;13.183;1.79
3063;37;56;14.781;3.64
3064;37;56;16.157;22.91
3065;37;57;53.109;10.97
3066;37;57;44.772;23.18
3067;37;58;38.706;23.38
3068;37;59;10.043;3.63
3069;37;59;10.397;10.62
3070;38;39;10.342;6.48
3071;38;39;7.83;12.77
3072;38;40;35.446;20.34
3073;38;41;29.347;11.89
3074;38;41;35.659;20.72
3075;38;41;34.192;9.24
3076;38;42;14.514;14.61
3077;38;43;18.569;24.57
3078;38;44;6.594;7.59
3079;38;44;6.03;9.49
3080;38;44;6.243;10.48
3081;38;45;49.405;21.41
3082;38;46;36.675;16.8
3083;38;46;28.35;18.65
3084;38;47;70.322;22.35
3085;38;48;13.977;14.05
3086;38;48;14.344;4.34
3087;38;49;33.342;21.14
3088;38;49;25.319;17.05
3089;38;49;39.012;2.9
3090;38;50;10.888;8.14
3091;38;51;26.038;9.47
3092;38;51;20.695;12.33
3093;38;52;21.956;18.0
3094;38;53;8.395;21.59
3095;38;53;6.372;15.85
3096;38;53;9.79;24.95
3097;38;54;18.747;13.37
3098;38;54;23.28;8.28
3099;38;54;16.425;14.95
3100;38;55;10.358;9.92
3101;38;55;10.671;19.77
3102;38;56;18.911;10.67
3103;38;56;16.799;14.63
3104;38;56;20.239;18.63
3105;38;57;56.101;22.32
3106;38;57;59.635;23.04
3107;38;58;33.83;18.83
3108;38;58;37.033;5.41
3109;38;59;6.651;16.74
3110;38;59;5.159;7.26
3111;38;59;6.796;8.09
3112;39;40;44.79;7.39
3113;39;40;52.756;8.13
3114;39;40;39.435;13.65
3115;39;41;37.336;21.23
3116;39;42;14.928;3.9
3117;39;42;15.296;0.5
3118;39;42;15.55;4.03
3119;39;43;17.627;4.25
3120;39;43;19.942;21.39
3121;39;43;15.033;21.19
3122;39;44;15.117;1.33
3123;39;45;46.577;1.94
3124;39;45;42.352;5.61
3125;39;45;49.728;23.76
3126;39;46;46.455;21.99
3127;39;46;39.648;2.19
3128;39;46;36.571;17.19
3129;39;47;77.629;3.93
3130;39;47;83.255;19.79
3131;39;47;90.979;24.26
3132;39;48;15.269;5.44
3133;39;48;18.838;21.83
3134;39;49;39.06;11.51
3135;39;49;32.716;10.67
3136;39;50;14.483;24.41
3137;39;50;12.801;17.33
3138;39;51;32.982;14.91
3139;39;51;30.634;21.71
3140;39;51;29.459;2.8
3141;39;52;30.354;6.55
3142;39;53;12.944;8.42
3143;39;53;15.469;12.65
3144;39;54;17.596;1.61
3145;39;54;20.483;20.07
3146;39;54;19.151;10.07
3147;39;55;13.893;12.16
3148;39;56;16.63;23.97
3149;39;56;18.914;1.97
3150;39;56;14.866;1.83
3151;39;57;55.131;17.63
3152;39;57;41.636;10.17
3153;39;57;57.217;0.53
3154;39;58;36.293;0.47
3155;39;58;32.926;0.53
3156;39;58;35.735;4.28
3157;39;59;7.648;13.84
3158;39;59;5.912;11.69
3159;40;41;11.176;22.08
3160;40;41;13.306;7.88
3161;40;41;10.64;8.31
3162;40;42;35.807;19.8
3163;40;42;27.127;17.6
3164;40;42;33.774;20.46
3165;40;43;37.895;14.54
3166;40;43;41.528;12.18
3167;40;44;29.679;14.56
3168;40;44;35.767;5.93
3169;40;45;57.176;24.57
3170;40;45;55.907;2.9
3171;40;45;63.413;0.89
3172;40;46;4.753;7.74
3173;40;47;38.647;11.76
3174;40;47;41.223;4.29
3175;40;47;36.974;22.95
3176;40;48;34.595;22.58
3177;40;48;40.565;22.43
3178;40;48;35.433;18.41
3179;40;49;49.635;3.42
3180;40;50;32.433;9.02
3181;40;50;27.671;21.12
3182;40;50;28.534;9.39
3183;40;51;41.936;18.14
3184;40;51;39.674;18.97
3185;40;52;15.153;15.04
3186;40;52;11.813;6.39
3187;40;52;15.19;24.46
3188;40;53;32.723;24.03
3189;40;53;32.791;2.56
3190;40;54;38.269;15.22
3191;40;54;29.909;1.51
3192;40;55;32.803;19.37
3193;40;56;40.169;14.82
3194;40;56;44.366;10.35
3195;40;57;56.297;4.38
3196;40;58;57.894;16.16
3197;40;59;41.795;15.64
3198;41;42;26.162;10.79
3199;41;42;29.717;8.92
3200;41;43;27.648;7.79
3201;41;44;22.872;1.39
3202;41;44;27.338;8.56
3203;41;45;46.214;8.71
3204;41;45;42.007;0.34
3205;41;45;54.555;3.68
3206;41;46;15.483;3.61
3207;41;47;41.023;15.13
3208;41;47;35.238;15.44
3209;41;47;37.636;7.33
3210;41;48;25.033;9.59
3211;41;48;29.742;14.26
3212;41;48;29.678;18.08
3213;41;49;51.092;10.76
3214;41;49;57.671;21.32
3215;41;49;61.247;15.37
3216;41;50;23.598;12.87
3217;41;50;20.431;0.22
3218;41;51;42.859;21.54
3219;41;51;50.008;9.39
3220;41;52;7.472;23.34
3221;41;52;7.144;8.39
3222;41;53;24.512;11.1
3223;41;53;24.28;11.14
3224;41;54;28.013;3.37
3225;41;55;24.077;8.23
3226;41;55;30.055;14.78
3227;41;56;29.993;21.4
3228;41;57;46.157;2.95
3229;41;57;44.93;9.75
3230;41;58;57.301;0.98
3231;41;58;59.317;8.18
3232;41;58;49.553;24.86
3233;41;59;35.994;23.57
3234;41;59;32.769;4.14
3235;42;43;4.155;11.61
3236;42;43;4.268;7.72
3237;42;44;11.825;23.09
3238;42;44;12.904;10.43
3239;42;45;34.926;4.03
3240;42;45;29.648;2.94
3241;42;46;38.716;11.47
3242;42;47;64.413;9.15
3243;42;47;52.688;24.17
3244;42;48;1.253;8.26
3245;42;49;47.756;10.3
3246;42;49;39.117;23.15
3247;42;50;4.801;22.75
3248;42;50;4.05;10.71
3249;42;50;5.515;17.08
3250;42;51;40.197;23.7
3251;42;51;44.05;20.69
3252;42;52;20.682;10.87
3253;42;52;18.12;17.91
3254;42;53;6.774;7.2
3255;42;53;7.339;17.4
3256;42;53;5.324;3.68
3257;42;54;4.399;11.3
3258;42;54;4.247;2.33
3259;42;55;4.963;5.57
3260;42;55;3.879;11.57
3261;42;55;5.274;8.87
3262;42;56;5.314;23.6
3263;42;56;6.309;1.9
3264;42;56;5.024;5.49
3265;42;57;41.765;22.18
3266;42;58;48.082;15.37
3267;42;58;51.297;7.04
3268;42;58;38.935;4.63
3269;42;59;18.686;8.81
3270;42;59;21.213;23.21
3271;42;59;14.433;3.58
3272;43;44;15.908;14.87
3273;43;45;30.836;13.18
3274;43;45;30.785;11.56
3275;43;46;41.135;24.21
3276;43;46;44.566;16.01
3277;43;46;36.209;6.22
3278;43;47;64.253;3.14
3279;43;47;73.496;16.39
3280;43;48;5.077;13.33
3281;43;49;51.868;9.21
3282;43;49;56.573;13.86
3283;43;49;55.033;13.66
3284;43;50;8.82;19.96
3285;43;50;6.744;23.49
3286;43;50;8.484;23.01
3287;43;51;44.343;9.87
3288;43;51;45.733;8.29
3289;43;51;55.23;10.37
3290;43;52;23.002;21.74
3291;43;52;27.803;21.23
3292;43;52;20.675;11.5
3293;43;53;10.92;4.88
3294;43;53;9.258;24.43
3295;43;54;0.375;17.85
3296;43;54;0.355;1.04
3297;43;55;9.059;7.64
3298;43;55;11.286;5.44
3299;43;56;2.374;18.43
3300;43;57;38.027;15.44
3301;43;57;37.494;1.75
3302;43;57;41.378;14.84
3303;43;58;51.924;2.84
3304;43;59;22.308;17.62
3305;43;59;19.575;9.45
3306;44;45;46.112;21.46
3307;44;45;51.895;7.4
3308;44;45;46.053;2.19
3309;44;46;31.396;8.48
3310;44;47;63.784;14.86
3311;44;47;67.155;8.34
3312;44;48;10.833;5.96
3313;44;49;36.957;6.1
3314;44;49;43.32;7.64
3315;44;50;7.096;14.37
3316;44;50;5.539;0.76
3317;44;50;5.853;18.17
3318;44;51;29.046;22.85
3319;44;51;32.349;8.0
3320;44;51;33.066;15.15
3321;44;52;15.57;14.57
3322;44;52;13.899;12.31
3323;44;53;5.192;16.86
3324;44;54;16.188;10.7
3325;44;54;20.173;5.3
3326;44;55;6.862;24.66
3327;44;56;17.044;0.36
3328;44;56;16.606;7.04
3329;44;56;16.21;9.98
3330;44;57;51.704;21.42
3331;44;57;63.808;20.92
3332;44;58;39.09;13.45
3333;44;58;36.753;12.67
3334;44;59;13.217;23.84
3335;44;59;9.959;7.04
3336;45;46;61.673;15.52
3337;45;47;65.697;13.11
3338;45;47;67.253;22.4
3339;45;47;65.751;3.96
3340;45;48;35.612;17.04
3341;45;49;82.679;2.07
3342;45;49;66.132;20.28
3343;45;50;39.174;20.8
3344;45;50;39.026;6.36
3345;45;50;35.232;2.72
3346;45;51;75.039;5.31
3347;45;52;46.23;4.11
3348;45;52;53.675;5.98
3349;45;52;43.684;10.13
3350;45;53;41.527;1.5
3351;45;54;30.661;3.98
3352;45;54;35.23;22.65
3353;45;55;39.554;23.39
3354;45;56;30.721;9.88
3355;45;56;29.918;11.28
3356;45;56;32.371;9.88
3357;45;57;12.158;2.21
3358;45;58;82.42;3.2
3359;45;59;52.651;22.61
3360;45;59;48.684;12.76
3361;46;47;40.915;7.48
3362;46;47;43.264;17.52
3363;46;48;37.478;0.27
3364;46;48;46.323;2.51
3365;46;48;37.568;4.07
3366;46;49;47.374;23.11
3367;46;50;34.989;7.43
3368;46;51;40.013;3.98
3369;46;51;34.536;7.65
3370;46;51;44.567;14.5
3371;46;52;18.134;8.0
3372;46;53;34.976;8.05
3373;46;53;28.877;0.95
3374;46;54;41.51;23.83
3375;46;54;36.067;0.41
3376;46;54;39.047;5.42
3377;46;55;35.298;19.87
3378;46;55;41.201;0.77
3379;46;56;43.341;10.64
3380;46;56;48.828;21.22
3381;46;57;61.014;14.69
3382;46;57;57.565;0.83
3383;46;58;56.355;10.69
3384;46;58;55.554;0.28
3385;46;59;42.745;9.13
3386;46;59;35.674;18.83
3387;47;48;63.546;20.18
3388;47;48;78.503;4.77
3389;47;48;71.432;8.82
3390;47;49;88.185;4.43
3391;47;50;63.254;16.09
3392;47;50;78.956;15.47
3393;47;50;55.804;3.95
3394;47;51;80.577;12.4
3395;47;51;60.73;23.71
3396;47;52;48.486;8.34
3397;47;52;60.07;20.36
3398;47;52;41.39;8.49
3399;47;53;64.694;19.36
3400;47;53;59.467;7.74
3401;47;54;64.545;17.77
3402;47;54;79.685;6.2
3403;47;54;60.996;19.28
3404;47;55;63.818;22.07
3405;47;56;66.538;15.37
3406;47;56;64.147;18.58
3407;47;56;51.578;1.06
3408;47;57;57.561;12.08
3409;47;57;64.647;21.69
3410;47;58;96.476;1.26
3411;47;58;110.408;20.63
3412;47;58;112.226;0.56
3413;47;59;76.973;0.97
3414;47;59;86.425;1.99
3415;47;59;79.094;1.6
3416;48;49;47.081;10.51
3417;48;49;54.188;19.78
3418;48;50;3.742;0.05
3419;48;50;3.236;21.29
3420;48;51;39.442;22.68
3421;48;52;19.461;3.94
3422;48;52;18.213;6.45
3423;48;52;21.081;22.49
3424;48;53;5.928;9.59
3425;48;53;7.132;19.7
3426;48;53;4.568;19.64
3427;48;54;5.368;20.71
3428;48;54;5.495;22.33
3429;48;54;6.581;11.69
3430;48;55;4.002;11.12
3431;48;55;4.912;11.45
3432;48;56;6.489;9.28
3433;48;56;7.354;22.85
3434;48;57;42.153;24.81
3435;48;58;47.699;5.73
3436;48;58;38.496;22.86
3437;48;58;35.822;20.84
3438;48;59;18.52;23.66
3439;49;50;43.605;19.19
3440;49;50;51.514;6.41
3441;49;50;41.496;21.88
3442;49;51;8.326;19.81
3443;49;51;9.658;14.87
3444;49;52;44.836;24.21
3445;49;53;41.192;9.76
3446;49;54;52.061;14.57
3447;49;55;43.184;11.28
3448;49;55;33.115;16.29
3449;49;55;48.475;18.56
3450;49;56;52.243;21.06
3451;49;57;88.653;15.54
3452;49;57;107.696;12.27
3453;49;58;12.275;11.18
3454;49;59;31.553;3.17
3455;50;51;35.869;19.07
3456;50;52;17.322;12.32
3457;50;52;18.282;2.79
3458;50;52;15.393;24.16
3459;50;53;2.497;17.77
3460;50;53;2.507;19.73
3461;50;54;9.108;0.7
3462;50;54;10.247;8.6
3463;50;54;10.439;10.66
3464;50;55;0.614;24.88
3465;50;56;10.105;20.97
3466;50;57;45.304;1.65
3467;50;57;38.065;14.79
3468;50;57;39.156;22.78
3469;50;58;44.716;4.3
3470;50;58;33.712;2.1
3471;50;59;16.208;16.83
3472;50;59;15.727;18.23
3473;50;59;14.82;2.36
3474;51;52;36.524;20.34
3475;51;53;33.517;13.62
3476;51;53;35.117;14.68
3477;51;54;44.56;8.26
3478;51;55;35.485;3.11
3479;51;55;39.371;17.81
3480;51;55;36.206;1.84
3481;51;56;44.899;22.04
3482;51;57;80.646;2.01
3483;51;57;79.206;3.21
3484;51;57;63.143;15.08
3485;51;58;16.702;2.99
3486;51;59;25.336;9.95
3487;51;59;20.453;4.88
3488;52;53;17.807;14.89
3489;52;53;18.069;11.95
3490;52;53;17.643;12.92
3491;52;54;23.377;20.04
3492;52;54;23.163;12.83
3493;52;55;17.717;15.49
3494;52;55;19.443;13.56
3495;52;55;19.268;10.79
3496;52;56;25.21;10.59
3497;52;57;48.097;24.66
3498;52;57;39.855;11.73
3499;52;58;50.322;12.84
3500;52;59;28.59;21.52
3501;52;59;27.96;24.47
3502;52;59;24.438;14.68
3503;53;54;11.173;10.24
3504;53;54;9.279;7.03
3505;53;55;2.002;21.81
3506;53;56;11.893;3.45
3507;53;56;10.511;17.19
3508;53;56;14.307;4.21
3509;53;57;47.789;17.72
3510;53;57;38.341;16.95
3511;53;57;50.523;12.49
3512;53;58;42.22;11.81
3513;53;58;39.418;4.94
3514;53;58;32.177;19.16
3515;53;59;13.885;0.47
3516;54;55;9.332;13.52
3517;54;55;8.751;22.77
3518;54;56;2.034;1.22
3519;54;56;1.571;1.69
3520;54;56;1.632;19.89
3521;54;57;37.954;24.31
3522;54;57;45.835;0.5
3523;54;58;52.036;15.16
3524;54;58;56.772;13.05
3525;54;59;22.391;5.42
3526;54;59;25.079;4.66
3527;54;59;17.493;6.95
3528;55;56;10.218;19.34
3529;55;57;45.791;7.92
3530;55;57;51.38;5.59
3531;55;58;44.188;4.03
3532;55;58;48.5;23.62
3533;55;59;15.608;13.26
3534;55;59;13.769;16.86
3535;56;57;38.57;12.46
3536;56;57;36.91;12.01
3537;56;57;41.012;14.68
3538;56;58;51.739;22.66
3539;56;58;53.885;18.97
3540;56;58;42.319;13.67
3541;56;59;21.985;24.04
3542;57;58;89.842;18.26
3543;57;59;60.335;19.73
3544;57;59;51.819;9.18
3545;58;59;29.769;10.92
3546;58;59;35.302;13.18
3547;58;59;36.457;13.95
