VERTEX_COUNT 60
PATH_COUNT 1
BUDGET 540
<------------ VERTICES ------------>
0;START;41.374834;2.170055;0.0;0.0
1;Anella Olímpica(Olympic Park);41.364778;2.152575;45.0;80.21
2;Palau Güell;41.378864;2.174117;45.0;75.55
3;Parc de Diagonal Mar;41.407215;2.214539;45.0;75.15
4;Museu Nacional d’Art de Catalunya;41.36882;2.153347;45.0;74.43
5;L’Aquàrium;41.376625;2.184117;45.0;74.33
6;Museu d’Història de Catalunya - MHC;41.380852;2.185799;45.0;74.11
7;Basilica of Sants Just i Pastor;41.382812;2.178195;45.0;72.91
8;La Pedrera (Casa Milà);41.395271;2.161785;45.0;72.06
9;Avinguda d’Icària;41.391556;2.197416;45.0;72.02
10;Parc de la Ciutadella;41.389248;2.186548;45.0;72.0
11;Basilica of the Sagrada Família;41.403568;2.174435;45.0;71.79
12;Platja de la Nova Mar Bella;41.40205;2.21529;45.0;70.49
13;Galeria d’Art Mar Grup Escolà;41.392349;2.167836;45.0;69.37
14;Montjuïc Castle;41.363823;2.167096;45.0;66.58
15;Passeig de Gràcia;41.390739;2.166672;45.0;64.06
16;Poble Espanyol;41.368679;2.147031;45.0;63.65
17;Platja de la Barceloneta;41.379158;2.192717;45.0;63.47
18;Museu Palmero;41.424667;2.139856;45.0;62.16
19;Park Güell;41.414249;2.151926;45.0;60.22
20;Platja del Bogatell;41.394341;2.2066;45.0;58.62
21;90th Jean Bouin;41.373077;2.150465;45.0;56.69
22;Turó de la Rovira viewing point;41.419388;2.161812;45.0;56.53
23;Rambla del Raval;41.378681;2.169317;45.0;56.41
24;La Colmena;41.383835;2.178294;45.0;56.38
25;Museu Frederic Marès;41.384178;2.176819;45.0;56.29
26;Parc de la Creueta del Coll;41.41935;2.146432;45.0;54.93
27;Royal Dockyards Museu Marítim ;41.375286;2.17598;45.0;54.77
28;Plaça del Rei;41.384144;2.177409;45.0;54.19
29;Plaça de Catalunya;41.387005;2.17003;45.0;54.18
30;Basilica of Santa Maria del Mar;41.383518;2.1818;45.0;54.07
31;Casa Batlló;41.391758;2.164961;45.0;54.05
32;Poblenou Cemetery;41.394859;2.201189;45.0;53.94
33;Antic Hospital de la Santa Creu;41.380573;2.170374;45.0;53.21
34;Palau Sant Jordi;41.363441;2.152537;45.0;52.78
35;Casa Martí, Els Quatre Gats ;41.385775;2.173671;45.0;52.74
36;Museu Picasso;41.385181;2.180863;45.0;51.03
37;Museu de la Moto ;41.383327;2.174488;45.0;50.3
38;Barcelona Zoo;41.386299;2.187545;45.0;49.64
39;Santa Eulàlia small schooner;41.376385;2.179861;45.0;49.49
40;Casa Vicens;41.403442;2.150684;45.0;48.55
41;49th Trofeu Joan Gamper Estrella Damm del FC Barcelona;41.380848;2.122819;45.0;48.19
42;67th International Epiphany Hockey Tournament ;41.381253;2.114447;45.0;48.05
43;Casa Comalat;41.397072;2.160723;45.0;47.55
44;Parc del Turó de la Peira;41.432961;2.165669;45.0;46.81
45;El Fossar de les Moreres;41.383713;2.18243;45.0;46.39
46;El Born Centre Cultural;41.385818;2.183785;45.0;46.23
47;Platja de Sant Sebastià;41.373009;2.189541;45.0;45.9
48;Museu d’Història de Barcelona;41.384144;2.177409;45.0;45.89
49;Olympic Stadium Lluís Companys;41.364746;2.155624;45.0;45.48
50;Botanical Garden;41.364746;2.159382;45.0;45.31
51;Rambla del Poblenou;41.40192;2.200141;45.0;45.15
52;Palau Montaner;41.39555;2.1652;45.0;45.09
53;Barcelona Head;41.380924;2.182465;45.0;44.8
54;Despair;41.387653;2.188076;45.0;44.63
55;Tibidabo Amusement Park;41.422001;2.119771;45.0;44.5
56;Mirador de Colom;41.375805;2.177753;45.0;44.42
57;Maeght;41.384689;2.181526;45.0;44.29
58;Casa Calvet;41.390972;2.173002;45.0;43.6
59;FINISH;41.374834;2.170055;0.0;0.0
<------------- EDGES -------------->
0;0;1;28.285;6.66
1;0;1;30.371;18.93
2;0;1;27.708;11.54
3;0;2;8.647;22.02
4;0;3;79.572;23.31
5;0;4;23.796;2.48
6;0;4;18.679;18.76
7;0;5;18.315;19.98
8;0;5;17.517;5.21
9;0;6;22.688;14.44
10;0;7;17.194;2.75
11;0;7;15.401;1.17
12;0;7;17.92;14.01
13;0;8;36.549;22.77
14;0;9;45.309;10.84
15;0;9;40.736;5.36
16;0;9;34.5;1.95
17;0;10;32.509;21.15
18;0;10;29.973;10.73
19;0;10;36.063;18.61
20;0;11;49.491;13.28
21;0;11;56.658;7.77
22;0;11;47.537;3.4
23;0;12;74.442;12.29
24;0;13;30.107;20.44
25;0;13;24.338;19.01
26;0;13;25.866;10.41
27;0;14;19.222;8.77
28;0;15;27.562;14.32
29;0;16;31.387;0.89
30;0;16;34.832;21.0
31;0;17;30.026;24.61
32;0;17;29.874;1.25
33;0;17;34.465;21.45
34;0;18;93.673;17.75
35;0;18;89.259;1.65
36;0;19;71.35;19.45
37;0;19;84.582;0.41
38;0;20;57.583;4.17
39;0;21;25.336;3.32
40;0;21;29.429;23.9
41;0;21;19.774;19.24
42;0;22;76.973;0.88
43;0;23;6.651;9.18
44;0;24;18.686;11.82
45;0;24;21.603;19.75
46;0;24;22.805;3.67
47;0;25;18.196;20.51
48;0;26;81.991;16.95
49;0;27;7.648;14.66
50;0;27;8.199;5.15
51;0;27;8.439;0.82
52;0;28;18.52;17.16
53;0;29;20.827;5.3
54;0;29;18.827;6.6
55;0;29;19.554;12.54
56;0;30;21.172;20.3
57;0;30;25.661;8.75
58;0;30;25.766;3.07
59;0;31;29.69;12.5
60;0;32;52.651;16.88
61;0;32;42.33;2.31
62;0;33;9.829;14.79
63;0;33;7.636;22.47
64;0;34;29.769;18.37
65;0;34;25.254;5.24
66;0;35;19.29;9.59
67;0;36;22.496;15.1
68;0;37;15.608;6.36
69;0;37;14.189;18.39
70;0;37;19.47;4.99
71;0;38;29.82;0.39
72;0;38;23.555;11.59
73;0;38;32.148;9.19
74;0;39;12.868;17.57
75;0;40;54.909;19.53
76;0;41;61.52;9.11
77;0;41;49.846;1.58
78;0;42;72.243;21.61
79;0;43;39.896;19.74
80;0;43;36.16;21.72
81;0;43;39.711;0.04
82;0;44;99.628;4.07
83;0;44;98.012;22.89
84;0;44;93.83;1.59
85;0;45;21.985;14.74
86;0;45;20.847;1.61
87;0;45;19.644;6.91
88;0;46;25.77;22.91
89;0;46;31.858;8.83
90;0;47;25.217;10.96
91;0;48;18.52;20.01
92;0;49;25.327;3.64
93;0;49;31.503;14.52
94;0;50;22.042;17.67
95;0;50;27.297;13.39
96;0;50;26.009;18.43
97;0;51;60.335;23.7
98;0;51;67.934;23.19
99;0;52;35.994;14.64
100;0;53;19.04;13.02
101;0;54;31.884;16.69
102;0;55;103.349;8.98
103;0;56;10.024;12.31
104;0;56;10.588;24.77
105;0;57;22.391;2.36
106;0;57;17.417;17.6
107;0;57;23.227;23.84
108;0;58;27.874;18.94
109;0;59;0.0;23.23
110;0;59;0.0;21.5
111;1;2;36.692;18.64
112;1;3;107.715;16.79
113;1;3;127.621;5.1
114;1;4;6.988;15.0
115;1;4;6.247;18.48
116;1;5;45.296;11.72
117;1;5;49.92;0.92
118;1;6;50.763;20.3
119;1;6;43.974;23.34
120;1;7;45.108;12.4
121;1;7;50.845;8.21
122;1;7;40.381;3.42
123;1;8;53.504;10.71
124;1;9;73.587;20.93
125;1;10;60.469;23.01
126;1;11;72.069;24.68
127;1;12;102.722;19.18
128;1;12;125.831;10.07
129;1;13;51.088;1.6
130;1;13;59.343;6.9
131;1;13;56.687;23.62
132;1;14;18.721;15.14
133;1;15;47.972;21.77
134;1;15;55.533;2.09
135;1;16;9.76;19.04
136;1;16;8.415;12.02
137;1;16;8.881;23.5
138;1;17;57.121;19.1
139;1;17;51.977;2.32
140;1;18;103.777;11.41
141;1;19;84.661;11.32
142;1;20;85.857;21.87
143;1;20;79.537;0.07
144;1;20;86.193;2.4
145;1;21;14.458;8.83
146;1;22;94.2;20.35
147;1;23;32.067;17.63
148;1;24;46.414;9.5
149;1;25;45.512;2.09
150;1;25;52.0;24.59
151;1;26;93.718;4.14
152;1;26;88.477;18.35
153;1;27;35.025;24.84
154;1;27;31.798;16.32
155;1;28;45.992;1.7
156;1;29;44.149;22.22
157;1;29;41.381;6.42
158;1;30;49.364;21.16
159;1;31;48.832;13.89
160;1;31;49.416;4.14
161;1;31;49.214;8.83
162;1;32;80.908;7.0
163;1;33;35.398;22.12
164;1;33;31.089;12.02
165;1;34;2.288;8.52
166;1;34;2.479;19.96
167;1;35;44.999;8.71
168;1;36;50.384;11.71
169;1;36;62.588;11.05
170;1;37;42.419;0.62
171;1;38;58.075;18.97
172;1;39;40.279;18.87
173;1;39;32.939;16.19
174;1;40;66.208;12.52
175;1;40;64.588;0.75
176;1;41;47.077;12.68
177;1;41;49.894;10.0
178;1;41;35.719;7.01
179;1;42;56.499;0.87
180;1;42;65.151;21.82
181;1;42;55.279;2.72
182;1;43;56.245;0.99
183;1;44;117.882;2.97
184;1;45;50.197;16.42
185;1;46;53.875;21.04
186;1;47;49.518;19.68
187;1;47;51.084;24.59
188;1;47;48.377;7.82
189;1;48;45.992;20.72
190;1;49;3.916;8.42
191;1;49;3.109;21.37
192;1;50;8.742;18.62
193;1;51;88.145;4.21
194;1;51;84.781;16.37
195;1;52;55.097;9.83
196;1;52;63.112;22.55
197;1;52;66.708;13.31
198;1;53;47.294;21.54
199;1;53;48.873;5.86
200;1;53;50.384;14.92
201;1;54;60.087;5.59
202;1;54;61.515;16.81
203;1;55;106.594;13.71
204;1;55;104.512;12.42
205;1;55;88.773;17.05
206;1;56;37.437;0.4
207;1;57;50.429;19.13
208;1;57;62.432;14.91
209;1;57;58.119;11.45
210;1;58;51.935;10.01
211;1;58;52.332;1.98
212;1;59;28.285;15.47
213;2;3;71.038;7.76
214;2;3;57.981;13.07
215;2;3;74.634;14.44
216;2;4;31.73;24.18
217;2;4;30.563;11.24
218;2;4;25.207;2.16
219;2;5;13.4;14.89
220;2;5;10.233;8.4
221;2;5;10.762;12.33
222;2;6;15.381;9.91
223;2;6;14.771;0.25
224;2;6;16.13;24.0
225;2;7;8.547;19.8
226;2;7;7.138;15.75
227;2;7;7.07;23.77
228;2;8;32.233;10.86
229;2;8;39.661;19.51
230;2;9;36.967;4.05
231;2;9;39.048;18.35
232;2;9;36.511;22.02
233;2;10;23.885;19.59
234;2;10;27.787;8.03
235;2;10;28.23;7.61
236;2;11;42.276;18.34
237;2;11;50.129;21.09
238;2;12;66.092;9.23
239;2;13;24.444;16.88
240;2;14;27.272;17.03
241;2;14;28.968;7.51
242;2;14;28.292;14.85
243;2;15;22.457;14.75
244;2;15;26.979;14.42
245;2;16;38.904;0.45
246;2;16;30.498;7.68
247;2;16;38.984;19.02
248;2;17;23.888;4.44
249;2;17;20.215;3.14
250;2;18;89.874;4.85
251;2;18;86.197;18.77
252;2;18;93.038;24.15
253;2;19;66.918;10.21
254;2;19;61.091;20.05
255;2;20;49.403;24.04
256;2;21;31.945;8.15
257;2;21;36.47;0.7
258;2;22;71.122;14.47
259;2;22;69.311;9.3
260;2;22;62.128;1.25
261;2;23;6.171;1.34
262;2;23;5.105;2.36
263;2;24;10.056;4.68
264;2;25;9.733;13.49
265;2;25;12.14;13.72
266;2;26;77.863;18.09
267;2;26;83.682;23.22
268;2;26;81.101;3.55
269;2;27;6.574;10.69
270;2;28;9.975;15.03
271;2;28;11.891;7.13
272;2;28;8.705;10.88
273;2;29;14.887;3.69
274;2;29;12.302;24.33
275;2;30;12.678;12.76
276;2;30;15.006;13.6
277;2;30;11.177;9.21
278;2;31;25.001;16.37
279;2;32;44.241;9.87
280;2;32;52.694;19.89
281;2;33;5.626;20.48
282;2;34;38.269;7.9
283;2;34;39.756;23.85
284;2;35;11.84;10.59
285;2;35;12.438;21.84
286;2;35;11.931;12.16
287;2;36;13.852;4.46
288;2;37;7.652;7.58
289;2;37;9.401;15.09
290;2;38;21.427;8.01
291;2;38;20.755;18.46
292;2;38;22.815;18.22
293;2;39;8.509;4.91
294;2;39;9.358;9.29
295;2;39;6.678;23.66
296;2;40;51.71;9.92
297;2;41;65.954;9.18
298;2;42;76.725;10.4
299;2;43;35.588;14.31
300;2;44;93.205;7.75
301;2;44;95.377;15.86
302;2;44;102.338;22.01
303;2;45;13.52;18.07
304;2;46;17.196;21.31
305;2;46;14.129;24.3
306;2;47;22.196;6.21
307;2;48;9.975;14.87
308;2;49;33.877;16.38
309;2;50;30.687;14.84
310;2;50;24.56;21.45
311;2;51;51.699;7.06
312;2;51;45.594;22.46
313;2;51;40.854;22.46
314;2;52;30.763;20.89
315;2;53;11.284;4.25
316;2;53;9.273;10.94
317;2;54;23.397;11.97
318;2;54;22.455;15.09
319;2;55;101.564;23.37
320;2;56;7.014;2.79
321;2;56;5.594;20.55
322;2;56;6.48;21.93
323;2;57;13.779;1.78
324;2;58;20.769;21.49
325;2;58;24.65;19.73
326;2;59;8.647;2.28
327;2;59;6.901;19.38
328;2;59;9.209;24.94
329;3;4;102.414;21.17
330;3;4;99.61;0.39
331;3;5;65.31;17.92
332;3;5;67.177;19.52
333;3;5;79.654;9.61
334;3;6;58.279;8.14
335;3;6;62.074;21.05
336;3;7;62.614;13.91
337;3;8;70.732;17.42
338;3;8;60.217;20.73
339;3;8;85.365;8.06
340;3;9;34.657;6.51
341;3;9;30.048;12.92
342;3;10;47.29;11.69
343;3;11;51.851;20.64
344;3;12;8.891;15.71
345;3;12;8.655;7.68
346;3;12;9.131;19.48
347;3;13;65.123;6.26
348;3;13;50.736;22.1
349;3;13;62.334;11.94
350;3;14;96.041;9.36
351;3;14;104.743;24.23
352;3;15;67.603;9.93
353;3;15;83.368;9.91
354;3;16;108.905;22.92
355;3;16;81.964;0.26
356;3;16;110.152;18.7
357;3;17;55.587;2.24
358;3;17;54.474;14.86
359;3;17;63.977;15.26
360;3;18;100.386;13.72
361;3;19;81.254;1.81
362;3;19;90.686;8.34
363;3;20;24.273;18.63
364;3;20;19.368;23.55
365;3;20;20.442;12.53
366;3;21;100.892;3.09
367;3;21;110.917;16.71
368;3;21;77.719;1.28
369;3;22;70.801;23.47
370;3;23;75.858;22.91
371;3;24;61.364;0.16
372;3;24;70.97;7.79
373;3;25;62.439;19.59
374;3;25;67.4;18.55
375;3;26;89.838;24.33
376;3;27;73.727;6.91
377;3;27;87.798;13.12
378;3;27;60.546;0.85
379;3;28;61.891;3.9
380;3;28;71.757;22.49
381;3;28;76.318;11.08
382;3;29;66.786;17.45
383;3;29;70.587;9.47
384;3;29;64.972;6.82
385;3;30;58.401;24.31
386;3;30;59.029;6.25
387;3;30;60.313;22.36
388;3;31;68.917;19.71
389;3;31;55.288;10.57
390;3;32;27.216;15.18
391;3;32;27.101;24.19
392;3;32;24.415;1.96
393;3;33;72.753;0.41
394;3;33;78.968;9.9
395;3;33;80.403;8.89
396;3;34;109.307;19.42
397;3;35;64.018;9.64
398;3;36;57.363;8.81
399;3;36;64.721;21.95
400;3;37;65.684;21.18
401;3;37;63.534;3.79
402;3;37;73.506;0.83
403;3;38;49.818;8.01
404;3;38;47.276;18.32
405;3;38;55.489;11.09
406;3;39;69.031;2.82
407;3;39;62.884;9.18
408;3;39;66.614;4.24
409;3;40;82.212;2.18
410;3;41;126.093;2.64
411;3;41;98.854;16.79
412;3;42;135.954;15.53
413;3;43;71.224;6.85
414;3;43;59.748;22.72
415;3;44;76.64;22.6
416;3;45;57.588;9.01
417;3;45;49.992;11.49
418;3;46;53.844;6.31
419;3;46;45.059;9.77
420;3;47;66.755;22.36
421;3;47;75.574;15.15
422;3;48;61.891;4.69
423;3;49;104.895;2.86
424;3;49;92.068;1.82
425;3;50;101.471;18.68
426;3;50;86.751;19.25
427;3;50;92.333;8.55
428;3;51;20.582;24.91
429;3;51;15.544;8.63
430;3;52;66.402;14.52
431;3;52;77.29;18.18
432;3;52;69.095;3.96
433;3;53;60.987;13.49
434;3;53;64.298;10.51
435;3;53;57.326;18.94
436;3;54;47.692;4.48
437;3;54;38.443;3.17
438;3;55;124.222;6.75
439;3;55;140.195;24.66
440;3;55;146.268;3.51
441;3;56;71.549;21.88
442;3;56;65.906;2.56
443;3;57;57.287;17.12
444;3;57;44.333;19.9
445;3;57;59.635;3.89
446;3;58;60.128;18.74
447;3;59;79.572;11.54
448;4;5;41.71;6.45
449;4;6;46.481;4.47
450;4;7;39.892;2.92
451;4;8;46.542;3.05
452;4;8;54.657;4.97
453;4;9;68.67;3.15
454;4;9;75.979;16.71
455;4;9;63.719;9.27
456;4;10;55.131;13.79
457;4;10;44.653;4.58
458;4;10;67.829;19.98
459;4;11;65.336;17.29
460;4;11;70.254;3.68
461;4;12;97.767;20.33
462;4;12;73.466;21.89
463;4;13;44.354;24.03
464;4;14;19.619;24.92
465;4;14;22.963;4.43
466;4;14;23.934;16.36
467;4;15;41.226;11.61
468;4;16;8.115;4.63
469;4;16;8.826;19.2
470;4;16;9.002;17.61
471;4;17;53.562;12.53
472;4;17;50.737;2.42
473;4;18;97.123;18.01
474;4;19;77.761;11.91
475;4;19;79.652;13.8
476;4;20;81.132;15.55
477;4;20;90.082;8.37
478;4;20;64.775;4.48
479;4;21;8.171;3.61
480;4;21;7.789;14.65
481;4;21;8.283;9.51
482;4;22;87.213;14.17
483;4;22;88.233;14.1
484;4;23;26.558;6.14
485;4;24;41.065;14.56
486;4;24;37.934;23.67
487;4;24;48.86;23.61
488;4;25;39.989;21.44
489;4;25;31.241;22.84
490;4;25;33.001;13.24
491;4;26;86.923;8.15
492;4;26;72.142;18.72
493;4;27;31.099;17.04
494;4;28;40.525;7.84
495;4;28;34.334;2.83
496;4;28;34.907;17.87
497;4;29;37.779;7.58
498;4;30;44.356;9.0
499;4;30;37.066;13.21
500;4;30;54.595;11.61
501;4;31;41.989;12.27
502;4;32;75.887;18.94
503;4;32;68.494;7.29
504;4;33;29.708;20.94
505;4;34;9.263;19.73
506;4;34;8.703;8.13
507;4;34;9.918;3.88
508;4;35;39.024;9.68
509;4;35;43.968;17.88
510;4;35;33.219;13.84
511;4;36;45.08;0.76
512;4;36;36.64;0.22
513;4;36;35.322;18.42
514;4;37;36.786;9.87
515;4;38;53.131;0.17
516;4;39;36.426;9.21
517;4;39;38.252;9.94
518;4;40;59.345;7.08
519;4;41;44.275;14.96
520;4;41;51.007;11.72
521;4;42;54.294;3.1
522;4;42;61.54;14.44
523;4;42;54.03;5.09
524;4;43;49.264;21.99
525;4;43;38.456;3.93
526;4;44;110.894;17.72
527;4;44;137.549;14.67
528;4;45;45.212;18.21
529;4;45;54.241;1.21
530;4;45;48.806;2.38
531;4;46;48.72;1.89
532;4;47;47.029;4.95
533;4;47;51.413;24.2
534;4;48;40.525;14.74
535;4;49;7.56;23.52
536;4;49;5.712;24.19
537;4;49;5.819;1.76
538;4;50;10.425;22.7
539;4;51;82.57;16.28
540;4;52;48.206;16.91
541;4;53;42.744;5.6
542;4;53;42.753;22.96
543;4;53;52.202;1.29
544;4;54;55.02;1.45
545;4;54;53.954;8.08
546;4;55;100.696;10.86
547;4;56;33.543;1.51
548;4;56;33.365;5.48
549;4;56;36.656;9.35
550;4;57;45.24;7.72
551;4;58;45.54;18.03
552;4;59;23.796;15.52
553;4;59;19.819;20.35
554;5;6;7.549;4.6
555;5;7;13.035;8.54
556;5;8;42.897;17.91
557;5;9;30.731;0.14
558;5;10;21.825;7.27
559;5;10;19.726;17.98
560;5;10;25.984;23.21
561;5;11;47.752;2.22
562;5;12;59.115;10.5
563;5;13;34.073;2.5
564;5;14;30.947;9.32
565;5;14;38.269;1.14
566;5;14;23.731;12.29
567;5;15;32.94;21.69
568;5;15;31.04;13.74
569;5;16;49.527;3.64
570;5;17;11.863;7.19
571;5;18;99.932;6.55
572;5;18;94.2;19.08
573;5;18;122.415;16.25
574;5;19;76.504;2.58
575;5;19;61.774;20.53
576;5;20;41.861;23.49
577;5;20;41.055;0.2
578;5;21;43.638;5.5
579;5;21;49.255;16.91
580;5;21;47.236;2.04
581;5;22;78.579;16.71
582;5;22;75.383;3.38
583;5;23;19.327;6.99
584;5;23;17.861;21.67
585;5;23;22.308;7.76
586;5;24;14.427;22.22
587;5;25;15.964;12.23
588;5;25;16.885;7.83
589;5;25;19.11;10.51
590;5;26;87.667;5.24
591;5;27;10.697;23.98
592;5;27;8.188;2.08
593;5;28;15.483;12.87
594;5;29;25.351;11.67
595;5;29;28.609;11.32
596;5;29;24.005;20.66
597;5;30;12.165;13.53
598;5;31;35.714;7.31
599;5;31;29.09;22.01
600;5;32;38.132;20.97
601;5;32;41.007;3.83
602;5;32;39.025;17.3
603;5;33;18.896;7.87
604;5;34;46.408;6.92
605;5;34;39.858;9.05
606;5;35;20.617;4.42
607;5;35;21.492;22.29
608;5;35;22.227;6.41
609;5;36;15.226;19.39
610;5;36;11.901;9.09
611;5;37;16.864;20.35
612;5;37;14.925;1.8
613;5;38;17.13;8.07
614;5;39;5.48;1.51
615;5;39;6.663;17.81
616;5;40;62.834;6.29
617;5;40;75.92;21.16
618;5;40;63.055;8.88
619;5;41;79.039;6.66
620;5;41;78.379;9.06
621;5;42;89.808;4.71
622;5;43;46.112;24.65
623;5;44;99.269;17.83
624;5;45;12.321;3.02
625;5;46;15.737;4.37
626;5;47;9.317;10.37
627;5;47;10.088;15.53
628;5;48;15.483;16.94
629;5;48;16.108;3.9
630;5;48;15.069;18.39
631;5;49;41.858;20.09
632;5;49;33.012;18.05
633;5;49;39.174;15.8
634;5;50;37.712;22.29
635;5;50;45.86;20.09
636;5;51;47.925;16.15
637;5;51;52.593;10.93
638;5;51;51.343;20.99
639;5;52;40.48;14.55
640;5;52;47.951;3.01
641;5;53;7.656;6.22
642;5;54;19.544;24.16
643;5;54;19.343;21.28
644;5;54;21.854;1.13
645;5;55;113.364;12.54
646;5;55;127.258;6.84
647;5;56;8.291;14.34
648;5;56;7.013;8.05
649;5;57;14.195;23.73
650;5;57;15.445;14.99
651;5;57;11.872;11.73
652;5;58;28.397;19.41
653;5;59;18.315;0.51
654;6;7;10.323;1.98
655;6;7;11.727;21.52
656;6;7;8.254;3.51
657;6;8;39.488;12.48
658;6;8;36.503;8.83
659;6;9;23.621;0.8
660;6;9;20.554;18.85
661;6;10;14.4;4.35
662;6;10;13.765;4.26
663;6;10;15.313;17.78
664;6;11;41.52;9.69
665;6;12;52.433;14.6
666;6;12;53.012;9.17
667;6;12;61.98;4.67
668;6;13;30.314;17.92
669;6;14;37.763;4.26
670;6;14;41.278;1.89
671;6;14;29.928;6.2
672;6;15;29.821;0.23
673;6;15;27.793;21.56
674;6;16;53.965;12.02
675;6;16;60.216;12.0
676;6;17;9.344;4.41
677;6;17;7.634;0.98
678;6;18;95.389;17.21
679;6;19;71.81;10.01
680;6;19;57.365;6.9
681;6;19;81.047;23.97
682;6;20;35.299;22.45
683;6;20;37.886;24.02
684;6;21;47.282;0.67
685;6;21;57.538;5.87
686;6;21;46.985;3.4
687;6;22;72.778;22.02
688;6;23;21.487;21.56
689;6;23;26.807;12.63
690;6;23;19.829;0.39
691;6;24;10.905;16.35
692;6;24;12.89;18.78
693;6;25;12.858;19.88
694;6;25;12.211;17.96
695;6;26;83.027;17.93
696;6;26;69.458;6.36
697;6;26;81.114;10.86
698;6;27;15.801;11.96
699;6;27;16.324;9.38
700;6;28;12.156;9.16
701;6;28;11.441;22.18
702;6;28;13.547;3.19
703;6;29;22.821;14.39
704;6;30;6.869;0.41
705;6;30;7.175;0.02
706;6;30;7.0;15.61
707;6;31;32.62;18.13
708;6;31;30.444;22.58
709;6;31;35.148;9.48
710;6;32;31.063;12.74
711;6;32;33.398;18.36
712;6;33;19.811;16.92
713;6;33;21.999;11.16
714;6;34;52.078;4.52
715;6;35;17.705;6.78
716;6;35;16.114;19.75
717;6;35;14.137;24.3
718;6;36;9.749;19.44
719;6;36;11.345;19.57
720;6;36;8.046;4.11
721;6;37;15.128;1.3
722;6;37;16.532;14.87
723;6;38;9.587;4.5
724;6;38;9.994;23.37
725;6;39;10.797;14.72
726;6;39;11.824;14.24
727;6;39;11.955;15.31
728;6;40;59.384;7.86
729;6;41;80.865;7.9
730;6;41;87.872;24.28
731;6;42;91.617;16.18
732;6;42;102.591;6.28
733;6;43;42.507;6.71
734;6;44;92.838;0.08
735;6;44;114.419;13.01
736;6;44;89.901;21.71
737;6;45;6.533;4.43
738;6;46;8.883;23.36
739;6;46;10.425;11.22
740;6;46;9.815;21.99
741;6;47;14.255;20.04
742;6;47;16.6;8.59
743;6;47;14.13;23.66
744;6;48;12.156;0.75
745;6;48;14.015;1.84
746;6;49;47.551;10.28
747;6;49;52.09;10.91
748;6;50;43.708;13.52
749;6;51;40.482;0.99
750;6;51;37.377;13.83
751;6;52;36.496;5.91
752;6;52;39.156;5.43
753;6;53;4.283;23.09
754;6;54;12.0;13.66
755;6;54;10.084;16.29
756;6;54;13.291;22.83
757;6;55;110.188;22.17
758;6;55;111.05;12.58
759;6;55;99.643;22.42
760;6;56;13.466;0.92
761;6;57;8.556;20.66
762;6;57;9.731;6.0
763;6;58;23.871;6.11
764;6;59;22.688;0.43
765;6;59;25.678;21.48
766;7;8;29.973;10.1
767;7;8;34.915;7.93
768;7;9;28.859;18.17
769;7;9;23.125;3.2
770;7;9;23.144;15.68
771;7;10;15.372;23.28
772;7;10;13.966;22.38
773;7;11;35.845;24.31
774;7;11;39.066;24.05
775;7;12;57.892;17.4
776;7;13;21.053;1.15
777;7;13;22.692;16.55
778;7;14;35.483;2.76
779;7;15;20.072;11.58
780;7;16;46.758;16.54
781;7;17;19.667;14.37
782;7;17;22.852;0.56
783;7;18;86.899;23.63
784;7;18;95.791;22.22
785;7;18;89.297;7.5
786;7;19;63.49;9.12
787;7;19;77.291;6.59
788;7;19;59.201;7.8
789;7;20;41.462;9.93
790;7;20;35.647;3.17
791;7;21;39.311;16.73
792;7;21;40.783;17.55
793;7;22;66.028;6.02
794;7;22;52.513;23.58
795;7;23;13.413;19.42
796;7;23;10.382;18.64
797;7;24;1.755;20.38
798;7;24;2.102;11.6
799;7;25;2.93;14.29
800;7;25;2.921;7.85
801;7;25;2.644;8.89
802;7;26;74.643;3.47
803;7;27;13.189;8.19
804;7;28;2.493;3.21
805;7;28;3.105;24.46
806;7;29;12.704;8.88
807;7;29;13.134;2.82
808;7;29;15.367;19.13
809;7;30;4.784;13.98
810;7;30;5.808;2.74
811;7;30;4.064;8.97
812;7;31;22.87;4.66
813;7;31;23.805;15.34
814;7;31;17.761;22.42
815;7;32;36.006;16.12
816;7;32;33.469;17.5
817;7;33;10.748;17.44
818;7;34;46.738;2.84
819;7;35;7.711;9.38
820;7;35;6.482;12.72
821;7;35;9.623;21.07
822;7;36;5.307;1.83
823;7;36;4.647;22.06
824;7;36;5.906;2.84
825;7;37;4.84;5.56
826;7;37;4.636;1.06
827;7;37;5.036;16.64
828;7;38;13.406;0.2
829;7;39;11.204;9.64
830;7;39;10.825;6.45
831;7;39;13.464;22.29
832;7;40;49.936;1.38
833;7;41;71.18;8.09
834;7;41;75.081;20.92
835;7;41;56.302;6.11
836;7;42;81.893;8.82
837;7;42;89.264;12.96
838;7;42;74.628;16.05
839;7;43;33.145;24.01
840;7;43;39.511;8.46
841;7;43;38.987;24.13
842;7;44;87.309;9.46
843;7;45;5.652;5.74
844;7;45;4.776;11.77
845;7;45;7.001;20.04
846;7;46;8.83;0.14
847;7;46;6.994;7.74
848;7;47;22.218;9.31
849;7;47;23.362;24.78
850;7;47;25.361;4.76
851;7;48;2.493;15.33
852;7;49;42.377;21.6
853;7;49;44.435;19.36
854;7;49;39.419;24.33
855;7;50;39.235;20.4
856;7;51;43.161;9.15
857;7;51;46.0;11.15
858;7;52;27.449;7.32
859;7;53;6.364;24.29
860;7;54;15.151;16.57
861;7;54;17.033;6.9
862;7;55;100.602;16.33
863;7;55;123.721;22.2
864;7;55;95.956;1.75
865;7;56;12.004;21.22
866;7;57;5.349;0.78
867;7;57;5.675;18.87
868;7;57;5.263;17.48
869;7;58;15.474;15.96
870;7;58;17.992;24.84
871;7;59;17.194;24.72
872;7;59;14.401;4.77
873;7;59;15.197;3.18
874;8;9;46.181;6.1
875;8;9;46.887;23.03
876;8;9;56.087;15.59
877;8;10;33.419;16.92
878;8;11;21.57;0.66
879;8;12;69.654;15.71
880;8;13;9.238;3.24
881;8;13;7.591;16.91
882;8;13;9.151;9.58
883;8;14;54.245;9.58
884;8;15;9.975;9.17
885;8;16;49.291;22.0
886;8;17;48.346;15.3
887;8;17;53.634;16.65
888;8;17;50.019;15.13
889;8;18;57.641;24.48
890;8;18;59.949;3.72
891;8;19;34.854;2.87
892;8;19;35.355;15.64
893;8;19;28.612;18.65
894;8;20;57.552;18.41
895;8;20;43.562;8.64
896;8;21;40.666;3.01
897;8;21;46.594;5.29
898;8;21;35.729;13.58
899;8;22;41.27;24.22
900;8;23;29.991;15.05
901;8;23;33.61;3.18
902;8;23;25.403;12.85
903;8;24;28.847;22.63
904;8;25;27.071;6.74
905;8;26;45.674;1.27
906;8;27;38.752;12.45
907;8;28;27.657;21.95
908;8;28;32.892;3.28
909;8;28;23.382;6.78
910;8;29;17.667;3.69
911;8;29;15.441;0.61
912;8;30;32.631;8.99
913;8;31;7.264;21.76
914;8;31;8.614;12.0
915;8;32;50.588;15.94
916;8;32;40.481;17.19
917;8;32;48.064;3.61
918;8;33;27.463;5.18
919;8;34;55.748;11.01
920;8;34;60.645;14.12
921;8;35;22.291;0.67
922;8;35;26.513;11.55
923;8;36;29.967;11.94
924;8;36;25.893;5.42
925;8;37;26.148;14.33
926;8;37;26.025;22.02
927;8;37;21.7;1.91
928;8;38;36.461;10.01
929;8;39;39.788;10.73
930;8;39;30.032;8.63
931;8;39;35.735;7.8
932;8;40;19.964;0.08
933;8;40;23.268;14.44
934;8;41;55.783;7.28
935;8;41;60.04;14.98
936;8;41;42.678;20.34
937;8;42;65.337;23.48
938;8;42;55.36;8.23
939;8;42;71.171;2.98
940;8;43;3.37;11.66
941;8;43;3.081;17.7
942;8;43;3.128;7.54
943;8;44;64.689;2.53
944;8;44;80.735;19.09
945;8;45;33.071;9.18
946;8;45;25.565;22.33
947;8;46;32.548;18.66
948;8;46;31.487;1.59
949;8;47;52.165;16.73
950;8;47;64.539;6.19
951;8;47;61.285;13.96
952;8;48;27.657;0.06
953;8;48;32.473;6.52
954;8;49;52.831;16.42
955;8;50;52.326;13.8
956;8;51;50.533;22.12
957;8;52;4.41;7.33
958;8;52;5.114;14.34
959;8;52;5.465;9.19
960;8;53;36.161;2.0
961;8;54;36.182;20.76
962;8;54;29.292;20.65
963;8;55;70.71;15.84
964;8;56;39.114;18.33
965;8;57;31.148;11.7
966;8;57;25.735;19.02
967;8;57;27.963;1.7
968;8;58;16.17;11.54
969;8;58;15.779;7.72
970;8;59;36.549;4.56
971;8;59;41.359;7.88
972;8;59;35.564;18.72
973;9;10;14.501;7.1
974;9;10;17.307;4.7
975;9;11;35.955;8.83
976;9;12;29.136;19.66
977;9;12;29.495;0.02
978;9;12;26.656;1.81
979;9;13;37.998;21.21
980;9;13;34.528;19.11
981;9;14;61.384;23.54
982;9;15;39.493;18.32
983;9;15;33.734;18.11
984;9;15;33.495;22.75
985;9;16;75.617;21.57
986;9;16;61.118;6.46
987;9;16;75.523;8.85
988;9;17;22.057;1.34
989;9;18;93.102;3.19
990;9;19;70.123;17.19
991;9;20;12.717;7.58
992;9;20;15.713;14.8
993;9;20;11.595;20.43
994;9;21;68.074;10.91
995;9;22;66.005;1.61
996;9;23;42.272;16.71
997;9;23;33.965;13.12
998;9;24;27.879;16.63
999;9;24;33.15;20.16
1000;9;24;29.109;16.87
1001;9;25;29.303;2.1
1002;9;25;29.583;23.6
1003;9;26;80.897;24.77
1004;9;27;39.149;4.43
1005;9;27;34.807;11.16
1006;9;28;28.647;21.08
1007;9;28;23.847;8.93
1008;9;29;36.011;17.1
1009;9;29;35.23;12.82
1010;9;30;24.314;13.14
1011;9;31;41.666;4.88
1012;9;31;33.769;15.46
1013;9;32;7.444;22.86
1014;9;32;6.807;22.48
1015;9;33;39.479;20.87
1016;9;33;36.736;7.21
1017;9;34;75.07;14.1
1018;9;34;86.388;6.94
1019;9;34;89.631;16.75
1020;9;35;32.05;21.95
1021;9;35;25.053;20.06
1022;9;35;29.21;6.4
1023;9;36;23.888;15.09
1024;9;36;25.568;14.85
1025;9;37;32.631;12.14
1026;9;38;15.541;15.57
1027;9;38;18.863;21.93
1028;9;39;34.38;23.08
1029;9;39;30.965;0.95
1030;9;39;35.379;19.75
1031;9;40;63.342;5.27
1032;9;41;97.511;14.16
1033;9;41;104.04;8.71
1034;9;42;107.971;10.64
1035;9;42;108.089;1.14
1036;9;42;134.664;2.29
1037;9;43;48.04;15.46
1038;9;43;43.807;4.67
1039;9;43;36.149;17.98
1040;9;44;81.733;5.52
1041;9;44;86.51;1.67
1042;9;45;23.458;2.72
1043;9;45;26.187;21.9
1044;9;45;27.984;5.52
1045;9;46;20.066;6.61
1046;9;46;17.932;21.34
1047;9;46;23.122;4.55
1048;9;47;33.31;6.01
1049;9;47;40.208;21.25
1050;9;47;30.546;10.55
1051;9;48;28.647;5.12
1052;9;48;35.051;13.37
1053;9;48;28.408;10.15
1054;9;49;70.601;5.16
1055;9;49;82.059;5.84
1056;9;49;61.481;2.46
1057;9;50;67.007;6.8
1058;9;50;70.866;3.37
1059;9;50;60.121;9.42
1060;9;51;18.077;12.52
1061;9;51;14.092;19.86
1062;9;52;41.918;8.13
1063;9;52;48.633;9.42
1064;9;52;46.831;23.2
1065;9;53;26.448;6.38
1066;9;54;13.725;16.99
1067;9;54;13.515;19.71
1068;9;55;112.452;24.58
1069;9;56;36.93;3.25
1070;9;56;28.252;23.58
1071;9;57;23.543;9.03
1072;9;58;31.358;16.76
1073;9;58;30.43;13.96
1074;9;59;45.309;1.85
1075;9;59;43.368;3.35
1076;9;59;50.681;1.89
1077;10;11;29.022;11.92
1078;10;11;31.871;11.22
1079;10;11;25.196;0.21
1080;10;12;42.91;5.7
1081;10;12;43.248;14.42
1082;10;13;24.601;2.47
1083;10;13;19.9;18.38
1084;10;13;30.518;15.61
1085;10;14;50.168;13.2
1086;10;14;60.719;15.46
1087;10;14;47.223;16.81
1088;10;15;25.644;6.22
1089;10;15;21.666;0.77
1090;10;16;61.754;10.91
1091;10;17;18.996;20.13
1092;10;18;85.235;3.41
1093;10;19;61.687;5.58
1094;10;19;63.723;16.85
1095;10;19;52.469;20.84
1096;10;20;27.178;6.25
1097;10;20;28.234;0.57
1098;10;21;53.966;8.1
1099;10;21;64.665;21.64
1100;10;22;60.565;2.94
1101;10;23;28.573;12.78
1102;10;23;27.727;8.52
1103;10;24;14.075;23.84
1104;10;24;15.831;8.74
1105;10;24;11.341;1.4
1106;10;25;15.208;21.31
1107;10;25;16.099;3.55
1108;10;25;18.436;14.26
1109;10;26;72.833;6.68
1110;10;27;27.476;19.64
1111;10;27;30.163;10.12
1112;10;27;20.734;22.86
1113;10;28;14.627;15.59
1114;10;28;17.823;6.18
1115;10;28;15.949;18.07
1116;10;29;21.551;10.63
1117;10;30;11.546;13.96
1118;10;30;9.361;2.27
1119;10;31;28.044;11.28
1120;10;31;25.04;22.77
1121;10;32;21.106;3.45
1122;10;33;25.526;2.06
1123;10;34;62.109;19.15
1124;10;34;53.225;4.13
1125;10;34;52.322;7.66
1126;10;35;17.568;7.87
1127;10;36;10.085;19.43
1128;10;36;11.731;3.75
1129;10;36;8.893;6.9
1130;10;37;18.504;14.95
1131;10;37;15.052;6.87
1132;10;38;5.206;6.67
1133;10;38;5.921;15.54
1134;10;38;4.069;24.23
1135;10;39;23.627;10.55
1136;10;39;23.455;7.99
1137;10;39;26.885;4.93
1138;10;40;52.053;1.78
1139;10;41;83.075;22.58
1140;10;42;93.576;6.27
1141;10;43;35.754;22.38
1142;10;44;79.458;8.81
1143;10;45;10.847;21.8
1144;10;46;6.858;20.84
1145;10;46;5.467;24.98
1146;10;47;28.053;11.86
1147;10;47;26.795;12.37
1148;10;48;14.627;22.6
1149;10;49;57.747;14.16
1150;10;49;71.531;14.3
1151;10;49;60.311;16.04
1152;10;50;54.542;19.69
1153;10;50;48.294;15.82
1154;10;51;27.834;13.91
1155;10;52;29.451;20.94
1156;10;52;31.658;8.72
1157;10;53;15.178;5.85
1158;10;53;17.349;0.5
1159;10;53;12.528;11.58
1160;10;54;3.361;5.75
1161;10;54;3.549;2.53
1162;10;55;102.407;10.34
1163;10;56;25.626;14.73
1164;10;56;26.355;22.97
1165;10;56;22.355;21.55
1166;10;57;10.121;12.7
1167;10;57;10.491;20.96
1168;10;57;9.418;2.99
1169;10;58;17.639;22.91
1170;10;58;19.206;8.66
1171;10;59;32.509;1.68
1172;10;59;27.821;7.94
1173;11;12;52.504;22.4
1174;11;12;51.591;23.44
1175;11;12;40.958;7.29
1176;11;13;20.984;1.21
1177;11;13;20.395;21.11
1178;11;13;22.715;23.09
1179;11;14;68.662;23.15
1180;11;15;24.109;19.67
1181;11;15;29.118;11.78
1182;11;15;22.659;14.64
1183;11;16;69.299;2.78
1184;11;16;68.595;19.56
1185;11;17;47.913;17.06
1186;11;17;58.527;5.65
1187;11;17;39.14;9.09
1188;11;18;57.209;8.83
1189;11;18;68.268;13.97
1190;11;19;34.185;21.04
1191;11;19;32.185;17.4
1192;11;19;37.462;2.9
1193;11;20;44.204;14.45
1194;11;20;44.295;2.37
1195;11;21;60.577;18.9
1196;11;22;31.549;17.1
1197;11;23;43.091;17.1
1198;11;24;34.129;18.45
1199;11;25;33.322;19.59
1200;11;26;44.955;23.86
1201;11;27;48.438;16.05
1202;11;28;33.457;0.28
1203;11;28;28.524;20.78
1204;11;28;30.088;0.24
1205;11;29;28.902;24.73
1206;11;30;35.589;4.93
1207;11;30;39.024;0.47
1208;11;31;23.587;6.87
1209;11;31;24.84;22.49
1210;11;31;24.729;12.8
1211;11;32;37.436;0.15
1212;11;32;31.72;19.3
1213;11;33;39.694;10.03
1214;11;33;48.544;13.82
1215;11;34;74.2;0.14
1216;11;34;75.147;3.56
1217;11;34;57.887;0.98
1218;11;35;30.463;21.1
1219;11;35;35.78;11.54
1220;11;36;32.528;0.77
1221;11;36;25.878;22.12
1222;11;37;34.637;2.46
1223;11;38;34.007;12.96
1224;11;38;27.434;15.53
1225;11;38;27.048;17.19
1226;11;39;47.035;21.16
1227;11;39;53.789;7.33
1228;11;40;30.486;9.57
1229;11;40;31.508;21.71
1230;11;40;32.077;17.62
1231;11;41;76.827;2.86
1232;11;41;82.812;24.94
1233;11;42;85.958;18.27
1234;11;42;83.6;20.04
1235;11;43;20.817;7.51
1236;11;44;51.541;18.54
1237;11;44;42.329;23.03
1238;11;44;61.517;18.21
1239;11;45;35.493;7.36
1240;11;45;28.373;3.19
1241;11;45;41.971;10.33
1242;11;46;32.66;17.33
1243;11;46;32.834;6.43
1244;11;46;29.85;13.87
1245;11;47;55.774;0.58
1246;11;47;65.691;16.34
1247;11;48;33.457;0.56
1248;11;48;40.174;4.72
1249;11;48;41.083;8.47
1250;11;49;70.687;3.69
1251;11;49;70.714;0.39
1252;11;49;73.074;17.12
1253;11;50;69.188;4.95
1254;11;51;33.115;13.01
1255;11;51;31.322;20.75
1256;11;52;18.132;20.49
1257;11;53;40.097;9.82
1258;11;54;32.378;16.35
1259;11;54;37.773;9.02
1260;11;54;25.16;7.45
1261;11;55;76.919;6.84
1262;11;55;86.473;17.3
1263;11;55;76.984;2.18
1264;11;56;47.699;8.83
1265;11;57;33.564;11.81
1266;11;57;35.929;6.73
1267;11;58;21.633;18.32
1268;11;58;17.735;24.14
1269;11;59;49.491;5.95
1270;11;59;42.106;10.82
1271;12;13;63.137;3.84
1272;12;13;78.283;11.05
1273;12;13;70.527;1.22
1274;12;14;90.045;0.52
1275;12;14;99.889;19.09
1276;12;14;105.196;14.76
1277;12;15;65.343;24.87
1278;12;15;53.385;3.93
1279;12;15;69.276;3.72
1280;12;16;104.601;11.22
1281;12;16;125.153;12.19
1282;12;17;48.727;13.74
1283;12;17;45.756;16.4
1284;12;18;104.258;6.48
1285;12;19;83.961;10.52
1286;12;19;67.722;6.02
1287;12;19;63.758;17.55
1288;12;20;17.276;24.0
1289;12;20;19.815;3.56
1290;12;21;96.875;1.19
1291;12;21;116.05;7.74
1292;12;22;74.772;12.31
1293;12;23;71.292;10.86
1294;12;23;75.363;14.59
1295;12;24;56.809;23.65
1296;12;24;50.516;17.13
1297;12;25;58.09;8.67
1298;12;25;58.089;21.46
1299;12;26;93.199;4.94
1300;12;26;98.135;22.66
1301;12;27;68.151;4.26
1302;12;27;59.533;13.95
1303;12;28;57.478;14.85
1304;12;29;63.55;12.22
1305;12;29;53.347;8.07
1306;12;30;53.424;17.39
1307;12;30;61.067;6.39
1308;12;30;59.404;19.31
1309;12;31;66.963;3.33
1310;12;32;21.887;20.79
1311;12;33;68.379;15.62
1312;12;33;83.62;24.77
1313;12;33;75.966;22.14
1314;12;34;104.196;16.12
1315;12;34;80.251;12.21
1316;12;35;60.251;7.62
1317;12;35;62.849;9.42
1318;12;36;52.787;1.44
1319;12;36;52.108;5.61
1320;12;37;61.402;22.59
1321;12;38;44.666;21.9
1322;12;38;42.42;16.6
1323;12;38;49.159;24.51
1324;12;39;63.227;6.02
1325;12;40;82.96;9.06
1326;12;41;124.133;17.35
1327;12;41;136.821;0.09
1328;12;41;126.548;8.82
1329;12;42;134.262;21.58
1330;12;43;70.559;4.54
1331;12;43;61.367;2.06
1332;12;44;82.781;15.09
1333;12;44;93.584;14.5
1334;12;44;98.89;22.74
1335;12;45;52.575;20.92
1336;12;45;40.817;2.94
1337;12;46;49.064;7.81
1338;12;47;59.687;1.67
1339;12;47;68.911;8.86
1340;12;47;62.012;0.78
1341;12;48;57.478;20.79
1342;12;48;65.898;16.71
1343;12;49;99.718;22.14
1344;12;49;107.783;8.54
1345;12;50;96.061;18.04
1346;12;50;119.94;6.48
1347;12;51;19.446;17.69
1348;12;52;65.252;11.2
1349;12;52;76.18;6.36
1350;12;52;80.786;2.96
1351;12;53;55.522;24.56
1352;12;53;53.143;15.94
1353;12;54;42.748;2.09
1354;12;55;127.252;6.04
1355;12;56;65.874;6.27
1356;12;57;52.548;24.13
1357;12;57;46.811;12.12
1358;12;58;57.499;17.24
1359;12;58;50.718;4.08
1360;12;59;74.442;17.58
1361;12;59;88.591;12.62
1362;12;59;65.289;17.26
1363;13;14;48.824;19.56
1364;13;14;52.154;23.04
1365;13;15;3.134;22.71
1366;13;16;48.521;16.65
1367;13;16;44.989;18.19
1368;13;16;60.083;4.26
1369;13;17;39.115;12.95
1370;13;17;35.855;4.48
1371;13;18;65.94;19.95
1372;13;18;62.627;0.31
1373;13;19;42.679;16.71
1374;13;20;49.88;14.93
1375;13;20;58.392;20.28
1376;13;20;39.348;7.14
1377;13;21;39.813;9.13
1378;13;22;46.911;4.85
1379;13;22;41.542;7.44
1380;13;23;23.466;11.47
1381;13;23;20.134;13.64
1382;13;23;25.174;19.49
1383;13;24;19.813;16.71
1384;13;25;18.125;12.9
1385;13;25;19.959;9.16
1386;13;26;53.755;4.39
1387;13;26;66.392;1.25
1388;13;27;31.014;15.76
1389;13;28;18.66;13.53
1390;13;29;9.569;23.3
1391;13;29;8.692;17.21
1392;13;29;9.751;22.83
1393;13;30;23.447;15.71
1394;13;31;3.827;19.21
1395;13;31;3.597;18.88
1396;13;32;43.031;9.11
1397;13;32;32.277;7.97
1398;13;32;43.734;5.87
1399;13;33;20.413;14.79
1400;13;34;53.226;23.65
1401;13;34;45.664;9.09
1402;13;34;46.507;14.76
1403;13;35;13.515;6.68
1404;13;35;14.536;2.29
1405;13;35;14.11;23.43
1406;13;36;20.74;10.28
1407;13;36;20.645;20.85
1408;13;36;16.499;16.74
1409;13;37;17.643;8.62
1410;13;38;27.339;23.51
1411;13;38;28.014;9.49
1412;13;38;21.591;4.98
1413;13;39;31.379;12.59
1414;13;40;29.071;13.25
1415;13;40;34.56;13.63
1416;13;41;61.055;20.49
1417;13;41;71.265;11.75
1418;13;42;71.126;14.24
1419;13;43;12.194;9.0
1420;13;44;69.552;21.76
1421;13;45;23.863;19.64
1422;13;45;22.612;8.08
1423;13;45;22.5;4.67
1424;13;46;23.327;21.59
1425;13;46;21.578;0.35
1426;13;47;43.266;16.71
1427;13;47;50.433;15.45
1428;13;48;18.66;24.17
1429;13;48;17.743;0.18
1430;13;49;49.77;20.52
1431;13;49;61.656;9.23
1432;13;50;48.466;2.15
1433;13;50;46.852;19.37
1434;13;50;36.491;10.41
1435;13;51;44.586;23.35
1436;13;52;6.439;20.62
1437;13;53;27.111;1.79
1438;13;54;27.199;9.4
1439;13;54;31.375;11.27
1440;13;55;79.877;4.04
1441;13;55;68.952;4.45
1442;13;56;31.042;8.02
1443;13;56;31.256;5.21
1444;13;56;32.504;10.48
1445;13;57;21.925;20.11
1446;13;58;7.038;19.35
1447;13;59;30.107;19.15
1448;13;59;31.98;10.15
1449;14;15;46.063;16.05
1450;14;16;27.076;9.24
1451;14;17;42.085;22.65
1452;14;18;109.833;2.91
1453;14;19;88.461;17.19
1454;14;20;72.802;6.61
1455;14;20;58.402;8.27
1456;14;21;26.588;20.91
1457;14;22;95.326;0.72
1458;14;23;25.585;18.96
1459;14;23;31.663;9.08
1460;14;24;37.142;20.86
1461;14;25;37.002;18.86
1462;14;25;29.388;9.18
1463;14;26;98.653;8.54
1464;14;26;85.749;7.99
1465;14;27;22.692;18.2
1466;14;27;21.451;23.76
1467;14;27;17.506;24.56
1468;14;28;37.21;0.61
1469;14;28;39.244;8.99
1470;14;29;39.848;12.85
1471;14;30;38.631;5.01
1472;14;31;47.882;22.73
1473;14;31;40.145;8.94
1474;14;32;68.826;19.67
1475;14;32;73.125;14.3
1476;14;32;71.011;21.99
1477;14;33;28.971;17.04
1478;14;34;18.71;18.27
1479;14;34;16.252;3.68
1480;14;34;22.626;16.58
1481;14;35;38.502;4.61
1482;14;36;40.599;18.87
1483;14;36;36.075;5.13
1484;14;37;34.699;5.27
1485;14;38;46.57;3.55
1486;14;38;36.201;16.57
1487;14;39;27.034;15.35
1488;14;40;70.996;10.65
1489;14;40;79.985;19.79
1490;14;41;63.887;8.28
1491;14;41;48.425;10.97
1492;14;41;79.159;15.83
1493;14;42;73.896;9.07
1494;14;43;57.482;22.83
1495;14;43;50.182;21.75
1496;14;43;61.35;21.52
1497;14;44;118.325;19.6
1498;14;44;112.698;4.63
1499;14;44;133.54;21.9
1500;14;45;39.322;11.58
1501;14;45;43.617;4.26
1502;14;45;38.553;23.38
1503;14;46;43.312;5.88
1504;14;46;45.039;19.04
1505;14;47;32.832;23.57
1506;14;48;37.21;19.51
1507;14;48;42.422;16.17
1508;14;48;39.169;24.08
1509;14;49;14.818;13.5
1510;14;50;10.032;1.3
1511;14;50;9.157;7.61
1512;14;51;77.783;13.34
1513;14;52;54.347;1.11
1514;14;52;61.729;3.22
1515;14;52;58.63;20.73
1516;14;53;35.297;17.65
1517;14;54;48.874;8.74
1518;14;55;116.629;10.47
1519;14;55;130.38;10.54
1520;14;55;131.354;12.92
1521;14;56;24.652;14.69
1522;14;56;28.396;2.62
1523;14;57;40.228;7.75
1524;14;57;42.207;7.73
1525;14;58;47.073;2.39
1526;14;58;40.061;21.86
1527;14;59;19.222;15.67
1528;14;59;16.324;6.24
1529;15;16;45.399;7.2
1530;15;16;40.571;13.37
1531;15;16;36.416;21.13
1532;15;17;38.871;12.2
1533;15;18;67.493;10.6
1534;15;18;81.831;6.9
1535;15;18;50.958;20.04
1536;15;19;44.461;2.65
1537;15;19;44.885;12.6
1538;15;20;51.627;4.53
1539;15;21;36.695;19.11
1540;15;21;32.331;14.59
1541;15;22;49.42;22.73
1542;15;22;49.817;23.47
1543;15;23;20.912;7.52
1544;15;24;19.032;15.05
1545;15;25;17.198;8.92
1546;15;25;17.153;8.66
1547;15;25;19.158;10.13
1548;15;26;55.425;8.31
1549;15;26;47.21;21.78
1550;15;26;66.02;24.94
1551;15;27;29.019;22.45
1552;15;27;35.309;23.2
1553;15;27;26.92;17.64
1554;15;28;17.815;17.83
1555;15;29;7.708;13.47
1556;15;29;6.2;16.24
1557;15;30;23.02;1.57
1558;15;30;25.786;21.22
1559;15;30;27.758;6.89
1560;15;31;2.805;4.27
1561;15;31;3.32;16.47
1562;15;31;3.329;20.01
1563;15;32;44.869;11.39
1564;15;33;18.034;9.68
1565;15;34;50.115;14.62
1566;15;35;12.365;15.2
1567;15;35;10.834;13.4
1568;15;36;20.552;20.35
1569;15;36;22.505;19.48
1570;15;37;16.173;14.71
1571;15;37;16.59;6.48
1572;15;38;27.854;9.43
1573;15;38;26.409;7.46
1574;15;38;27.348;24.41
1575;15;39;29.834;17.76
1576;15;39;33.731;21.95
1577;15;40;29.895;22.48
1578;15;41;58.791;10.42
1579;15;42;68.988;17.46
1580;15;42;79.511;0.56
1581;15;43;13.258;16.36
1582;15;44;72.263;1.4
1583;15;45;23.534;15.31
1584;15;45;24.663;3.39
1585;15;46;23.529;7.03
1586;15;47;42.222;14.77
1587;15;47;32.395;15.12
1588;15;48;17.815;3.73
1589;15;49;46.687;21.67
1590;15;49;40.165;5.45
1591;15;49;47.615;2.59
1592;15;50;45.454;20.17
1593;15;50;37.762;16.58
1594;15;50;42.839;3.54
1595;15;51;47.031;12.01
1596;15;51;35.461;2.44
1597;15;52;8.447;12.04
1598;15;53;26.329;10.25
1599;15;54;27.982;13.67
1600;15;54;32.926;22.65
1601;15;54;31.679;1.02
1602;15;55;80.533;0.41
1603;15;55;85.821;24.84
1604;15;56;29.249;4.93
1605;15;56;35.887;16.36
1606;15;57;21.699;17.03
1607;15;57;17.981;15.99
1608;15;57;24.672;23.46
1609;15;58;8.136;17.59
1610;15;58;8.664;17.48
1611;15;59;27.562;11.87
1612;15;59;28.88;2.3
1613;16;17;61.346;22.55
1614;16;17;60.516;13.75
1615;16;17;55.039;8.81
1616;16;18;96.25;21.04
1617;16;19;78.233;19.16
1618;16;20;88.195;18.68
1619;16;21;8.722;2.32
1620;16;21;9.18;11.35
1621;16;22;88.825;7.5
1622;16;22;110.427;19.32
1623;16;23;33.346;6.29
1624;16;23;33.201;3.57
1625;16;23;38.778;23.54
1626;16;24;47.793;8.23
1627;16;24;40.181;22.33
1628;16;25;46.546;7.38
1629;16;26;86.713;16.54
1630;16;26;70.11;9.17
1631;16;26;84.723;3.86
1632;16;27;38.857;16.68
1633;16;27;40.128;10.63
1634;16;28;47.138;4.65
1635;16;28;54.573;6.95
1636;16;28;50.053;3.94
1637;16;29;43.076;15.92
1638;16;29;41.137;21.05
1639;16;30;51.362;10.8
1640;16;31;45.714;12.35
1641;16;32;82.719;22.51
1642;16;32;98.539;13.18
1643;16;33;36.232;19.36
1644;16;34;11.417;9.01
1645;16;34;11.456;3.98
1646;16;34;11.596;11.34
1647;16;35;45.011;0.86
1648;16;35;52.732;6.46
1649;16;36;51.814;23.94
1650;16;36;41.194;1.57
1651;16;36;52.992;13.68
1652;16;37;43.259;7.48
1653;16;38;60.129;17.44
1654;16;38;73.516;11.75
1655;16;38;46.901;15.69
1656;16;39;44.173;8.51
1657;16;40;59.672;6.16
1658;16;40;57.098;13.55
1659;16;41;37.419;19.32
1660;16;41;36.153;6.03
1661;16;41;32.369;16.35
1662;16;42;47.049;15.22
1663;16;42;37.543;14.47
1664;16;42;37.258;2.91
1665;16;43;51.67;0.12
1666;16;44;112.573;17.6
1667;16;44;134.51;23.4
1668;16;45;52.231;16.21
1669;16;45;49.164;15.7
1670;16;46;55.565;12.54
1671;16;47;55.091;4.8
1672;16;48;47.138;3.84
1673;16;48;47.45;8.55
1674;16;49;12.926;22.28
1675;16;49;13.755;7.67
1676;16;50;17.231;7.37
1677;16;51;88.799;19.25
1678;16;51;107.909;16.2
1679;16;52;51.562;1.07
1680;16;52;60.794;4.57
1681;16;53;50.094;14.95
1682;16;53;41.02;7.94
1683;16;54;61.902;6.28
1684;16;54;57.95;16.57
1685;16;54;65.583;20.58
1686;16;55;97.726;19.9
1687;16;56;41.294;22.33
1688;16;57;52.082;14.6
1689;16;58;50.669;22.89
1690;16;59;31.387;7.6
1691;17;18;103.288;3.37
1692;17;18;88.586;23.19
1693;17;19;79.672;9.33
1694;17;20;31.508;22.51
1695;17;20;25.126;23.27
1696;17;21;55.244;18.72
1697;17;21;62.816;17.2
1698;17;21;48.036;14.59
1699;17;22;79.455;1.94
1700;17;22;84.979;21.51
1701;17;23;30.057;12.77
1702;17;23;37.439;17.25
1703;17;23;30.048;2.14
1704;17;24;20.174;5.42
1705;17;25;22.147;6.6
1706;17;25;16.61;23.12
1707;17;26;90.886;15.23
1708;17;27;22.49;0.74
1709;17;27;23.173;10.01
1710;17;28;21.427;8.78
1711;17;28;25.178;12.14
1712;17;28;16.367;24.11
1713;17;29;32.075;18.43
1714;17;29;28.917;17.69
1715;17;30;15.879;5.76
1716;17;31;41.651;9.18
1717;17;32;28.986;10.73
1718;17;32;29.207;16.17
1719;17;32;35.734;15.78
1720;17;33;28.791;15.86
1721;17;33;31.903;19.52
1722;17;33;23.493;16.49
1723;17;34;58.187;17.3
1724;17;35;26.949;18.83
1725;17;35;23.693;18.01
1726;17;36;18.382;6.34
1727;17;36;17.031;2.58
1728;17;37;24.469;8.68
1729;17;37;19.657;0.15
1730;17;38;13.908;16.39
1731;17;38;11.914;10.18
1732;17;38;10.846;20.97
1733;17;39;17.176;7.67
1734;17;39;17.304;24.6
1735;17;39;16.225;3.21
1736;17;40;68.108;19.58
1737;17;40;72.309;24.45
1738;17;40;63.044;10.88
1739;17;41;89.796;2.34
1740;17;41;77.537;13.68
1741;17;41;93.96;3.87
1742;17;42;100.562;5.6
1743;17;42;124.688;9.12
1744;17;43;51.253;17.72
1745;17;43;49.342;15.27
1746;17;44;98.397;12.42
1747;17;45;15.337;1.61
1748;17;45;16.495;18.8
1749;17;46;16.168;18.91
1750;17;46;13.734;12.39
1751;17;47;11.285;12.04
1752;17;47;8.812;16.03
1753;17;48;21.427;9.12
1754;17;48;16.713;5.5
1755;17;48;17.673;14.02
1756;17;49;53.639;7.3
1757;17;49;42.741;14.8
1758;17;49;61.689;21.21
1759;17;50;49.404;23.69
1760;17;50;40.208;8.63
1761;17;50;59.235;15.8
1762;17;51;40.1;8.5
1763;17;51;33.825;11.23
1764;17;52;45.11;24.85
1765;17;53;13.506;12.52
1766;17;53;11.565;16.75
1767;17;53;11.305;17.8
1768;17;54;15.711;10.84
1769;17;54;11.798;11.22
1770;17;54;15.898;2.43
1771;17;55;118.921;8.83
1772;17;56;20.053;8.57
1773;17;57;17.206;7.24
1774;17;57;15.386;17.05
1775;17;57;20.552;9.27
1776;17;58;32.395;7.26
1777;17;58;34.649;18.02
1778;17;59;30.026;20.19
1779;17;59;34.139;0.72
1780;17;59;35.875;0.23
1781;18;19;23.616;10.54
1782;18;19;23.793;24.07
1783;18;19;26.236;23.07
1784;18;20;100.154;24.63
1785;18;20;118.375;12.62
1786;18;20;104.868;14.32
1787;18;21;89.327;19.39
1788;18;21;91.625;24.79
1789;18;21;70.578;22.42
1790;18;22;29.586;13.87
1791;18;22;28.897;2.62
1792;18;22;33.056;18.56
1793;18;23;87.307;4.92
1794;18;23;105.739;23.82
1795;18;23;91.015;20.43
1796;18;24;85.535;11.11
1797;18;25;83.972;20.92
1798;18;26;12.409;8.55
1799;18;26;11.511;18.64
1800;18;26;11.613;2.6
1801;18;27;96.388;15.45
1802;18;28;84.45;18.06
1803;18;29;75.189;18.83
1804;18;29;87.33;20.0
1805;18;30;88.638;4.25
1806;18;30;74.264;21.26
1807;18;31;64.881;10.18
1808;18;31;56.162;7.51
1809;18;31;65.232;23.48
1810;18;32;93.798;21.86
1811;18;32;78.245;1.15
1812;18;33;85.017;20.56
1813;18;34;106.029;16.95
1814;18;34;116.887;8.1
1815;18;35;79.454;13.25
1816;18;35;85.626;22.93
1817;18;35;89.161;24.02
1818;18;36;85.65;21.42
1819;18;36;85.006;15.83
1820;18;37;83.549;24.95
1821;18;37;94.312;22.62
1822;18;38;89.762;18.46
1823;18;38;71.833;21.78
1824;18;38;87.844;1.05
1825;18;39;97.279;6.76
1826;18;39;117.265;6.58
1827;18;40;38.888;8.85
1828;18;41;78.109;21.53
1829;18;41;68.209;22.25
1830;18;41;76.057;14.19
1831;18;42;81.135;12.16
1832;18;43;54.287;24.59
1833;18;43;61.783;7.62
1834;18;44;36.032;13.04
1835;18;44;36.287;5.11
1836;18;44;37.115;8.97
1837;18;45;88.868;5.63
1838;18;45;74.889;21.44
1839;18;46;87.17;8.24
1840;18;46;83.316;10.61
1841;18;47;109.004;12.49
1842;18;47;96.134;21.82
1843;18;47;87.153;14.88
1844;18;48;84.45;11.76
1845;18;49;104.517;6.44
1846;18;49;81.96;14.18
1847;18;50;105.558;23.06
1848;18;50;107.027;12.87
1849;18;50;106.645;8.37
1850;18;51;86.607;0.61
1851;18;52;59.503;2.52
1852;18;53;92.705;12.5
1853;18;54;88.556;10.24
1854;18;55;26.173;2.75
1855;18;55;25.408;17.49
1856;18;55;25.711;13.21
1857;18;56;96.735;16.13
1858;18;56;93.174;19.8
1859;18;56;104.645;24.04
1860;18;57;86.837;0.05
1861;18;57;105.4;6.98
1862;18;57;101.684;20.71
1863;18;58;71.655;19.79
1864;18;59;93.673;14.9
1865;18;59;80.951;23.85
1866;18;59;74.851;21.04
1867;19;20;78.008;3.29
1868;19;20;73.24;10.6
1869;19;20;90.004;5.41
1870;19;21;70.48;12.34
1871;19;21;71.664;13.52
1872;19;22;15.436;11.83
1873;19;23;64.83;17.27
1874;19;24;62.083;3.01
1875;19;25;60.572;2.08
1876;19;25;65.804;8.35
1877;19;25;47.085;4.83
1878;19;26;11.221;24.28
1879;19;27;73.478;12.47
1880;19;28;61.024;5.41
1881;19;29;52.091;14.01
1882;19;29;58.727;24.12
1883;19;30;65.084;10.67
1884;19;30;77.579;14.94
1885;19;30;74.933;19.86
1886;19;31;41.967;8.27
1887;19;32;71.407;0.84
1888;19;33;62.303;17.83
1889;19;34;86.948;6.72
1890;19;35;56.153;14.65
1891;19;35;51.457;16.4
1892;19;35;48.971;12.81
1893;19;36;62.08;5.02
1894;19;37;60.322;3.98
1895;19;37;69.935;17.75
1896;19;37;45.742;7.59
1897;19;38;66.166;18.54
1898;19;38;56.604;22.03
1899;19;39;74.055;16.46
1900;19;39;71.326;11.91
1901;19;39;76.275;15.49
1902;19;40;18.562;14.44
1903;19;40;19.355;22.83
1904;19;41;68.286;9.0
1905;19;42;74.18;19.4
1906;19;43;31.488;24.05
1907;19;43;30.928;5.63
1908;19;44;36.555;24.49
1909;19;45;65.297;0.53
1910;19;46;63.556;2.59
1911;19;46;68.451;12.43
1912;19;46;72.123;17.82
1913;19;47;85.51;13.1
1914;19;47;106.094;22.77
1915;19;47;98.361;24.6
1916;19;48;61.024;2.79
1917;19;49;84.844;17.82
1918;19;49;93.995;10.55
1919;19;50;85.25;12.51
1920;19;50;66.638;10.83
1921;19;51;65.379;1.9
1922;19;51;63.627;20.88
1923;19;52;36.251;14.36
1924;19;52;31.912;14.83
1925;19;52;39.846;16.1
1926;19;53;69.201;16.0
1927;19;53;70.983;19.19
1928;19;54;64.996;10.2
1929;19;55;43.343;5.78
1930;19;56;73.669;13.39
1931;19;57;63.264;10.11
1932;19;57;59.786;0.82
1933;19;58;48.15;12.83
1934;19;58;49.757;9.05
1935;19;59;71.35;15.68
1936;19;59;62.217;23.67
1937;20;21;80.739;18.47
1938;20;21;91.181;19.59
1939;20;22;71.704;5.51
1940;20;22;56.393;22.01
1941;20;22;76.857;6.07
1942;20;23;54.858;5.88
1943;20;23;42.551;20.13
1944;20;23;53.775;14.35
1945;20;24;40.544;8.65
1946;20;25;42.003;2.61
1947;20;25;42.135;16.76
1948;20;26;88.29;2.08
1949;20;26;97.362;14.41
1950;20;27;51.076;3.54
1951;20;27;51.4;6.98
1952;20;27;52.994;0.85
1953;20;28;41.339;0.35
1954;20;28;51.054;7.32
1955;20;29;48.598;10.08
1956;20;30;36.834;3.74
1957;20;30;38.33;17.3
1958;20;30;36.409;23.37
1959;20;31;53.636;3.83
1960;20;31;40.68;10.55
1961;20;31;46.465;24.46
1962;20;32;7.003;0.08
1963;20;32;7.243;7.03
1964;20;33;52.136;2.75
1965;20;33;55.338;7.37
1966;20;33;63.24;14.94
1967;20;34;87.263;15.03
1968;20;34;100.456;8.76
1969;20;35;44.744;21.38
1970;20;36;36.571;5.0
1971;20;36;41.031;4.06
1972;20;36;30.24;14.41
1973;20;37;45.33;11.97
1974;20;37;34.58;16.56
1975;20;38;28.068;24.23
1976;20;39;46.073;23.22
1977;20;39;46.052;24.36
1978;20;39;51.626;5.65
1979;20;40;73.446;5.91
1980;20;41;110.013;24.45
1981;20;41;91.357;2.43
1982;20;41;85.169;15.19
1983;20;42;120.412;18.97
1984;20;43;59.077;21.46
1985;20;44;84.42;1.81
1986;20;44;90.087;13.39
1987;20;45;35.967;5.48
1988;20;45;32.196;23.52
1989;20;46;32.72;19.27
1990;20;46;34.272;0.17
1991;20;47;42.571;17.05
1992;20;47;46.566;14.45
1993;20;47;50.202;23.09
1994;20;48;41.339;5.41
1995;20;49;82.759;4.03
1996;20;49;74.177;15.21
1997;20;49;65.209;11.57
1998;20;50;78.998;0.36
1999;20;50;81.559;4.61
2000;20;50;75.959;8.48
2001;20;51;15.393;18.37
2002;20;52;53.186;13.44
2003;20;52;57.024;12.97
2004;20;52;44.254;13.38
2005;20;53;38.565;19.13
2006;20;54;26.392;14.31
2007;20;54;24.407;11.86
2008;20;54;30.824;23.69
2009;20;55;121.076;12.12
2010;20;55;96.013;12.54
2011;20;56;48.763;21.24
2012;20;56;40.4;7.54
2013;20;56;52.14;16.34
2014;20;57;36.181;10.73
2015;20;57;34.753;16.94
2016;20;58;43.515;10.06
2017;20;58;53.85;18.56
2018;20;58;53.988;4.77
2019;20;59;57.583;16.94
2020;21;22;80.577;7.01
2021;21;23;26.038;9.06
2022;21;23;29.44;11.76
2023;21;23;31.456;4.95
2024;21;24;40.197;0.3
2025;21;25;38.807;12.74
2026;21;25;44.843;11.32
2027;21;26;79.353;6.49
2028;21;26;81.848;4.77
2029;21;26;93.442;10.01
2030;21;27;32.982;23.47
2031;21;27;40.682;11.32
2032;21;28;39.442;15.29
2033;21;29;34.629;6.37
2034;21;29;27.314;7.46
2035;21;30;44.025;20.38
2036;21;31;36.992;17.72
2037;21;31;44.102;5.33
2038;21;32;75.039;20.35
2039;21;32;84.999;12.8
2040;21;33;28.603;24.98
2041;21;33;31.01;5.43
2042;21;34;16.702;21.6
2043;21;34;18.457;23.99
2044;21;34;14.682;6.84
2045;21;35;36.879;13.26
2046;21;35;30.026;12.12
2047;21;35;43.774;23.09
2048;21;36;44.188;17.12
2049;21;36;52.012;3.95
2050;21;37;35.485;3.51
2051;21;38;52.714;16.58
2052;21;38;47.919;10.13
2053;21;39;38.17;16.92
2054;21;40;51.963;10.84
2055;21;40;44.998;18.31
2056;21;40;56.976;11.94
2057;21;41;37.907;3.59
2058;21;42;48.319;20.75
2059;21;42;42.24;22.2
2060;21;42;38.117;1.51
2061;21;43;43.122;10.27
2062;21;44;104.317;15.46
2063;21;45;44.899;8.36
2064;21;45;48.854;22.26
2065;21;45;55.295;15.65
2066;21;46;48.019;19.18
2067;21;46;55.904;3.14
2068;21;46;53.104;23.0
2069;21;47;50.18;12.39
2070;21;48;39.442;15.33
2071;21;48;44.295;16.79
2072;21;49;15.72;22.41
2073;21;49;14.622;0.18
2074;21;49;14.597;2.94
2075;21;50;18.286;15.92
2076;21;51;80.646;18.13
2077;21;51;62.91;11.22
2078;21;52;42.859;3.02
2079;21;52;53.566;18.46
2080;21;52;32.953;6.47
2081;21;53;43.229;13.02
2082;21;54;54.354;10.38
2083;21;54;53.016;16.09
2084;21;54;57.583;17.05
2085;21;55;92.528;16.73
2086;21;56;35.351;21.84
2087;21;57;44.56;0.82
2088;21;58;42.132;21.3
2089;21;58;51.32;9.32
2090;21;59;25.336;13.64
2091;21;59;24.946;24.05
2092;21;59;28.813;24.7
2093;22;23;70.322;2.12
2094;22;23;84.773;11.62
2095;22;24;64.413;6.31
2096;22;24;55.385;15.11
2097;22;25;63.257;11.2
2098;22;25;53.735;20.2
2099;22;25;50.547;3.75
2100;22;26;19.736;14.21
2101;22;26;24.569;18.93
2102;22;27;77.629;1.0
2103;22;27;95.157;20.42
2104;22;27;60.476;5.34
2105;22;28;63.546;14.53
2106;22;29;56.41;23.2
2107;22;29;63.532;2.02
2108;22;30;66.528;22.44
2109;22;30;57.392;22.86
2110;22;31;47.454;16.3
2111;22;31;40.341;18.27
2112;22;32;65.697;23.27
2113;22;32;69.01;17.82
2114;22;33;67.324;22.69
2115;22;33;53.643;17.68
2116;22;34;96.476;18.51
2117;22;35;59.499;2.63
2118;22;36;63.438;21.34
2119;22;37;63.818;18.35
2120;22;37;67.102;10.42
2121;22;37;75.246;4.7
2122;22;38;65.552;2.47
2123;22;38;54.407;7.14
2124;22;39;77.149;15.66
2125;22;40;30.799;23.92
2126;22;41;82.793;16.04
2127;22;41;87.551;23.67
2128;22;41;92.658;21.28
2129;22;42;89.19;18.16
2130;22;43;38.213;13.84
2131;22;43;40.229;8.64
2132;22;43;42.649;4.05
2133;22;44;23.748;0.7
2134;22;45;66.538;10.05
2135;22;45;68.715;15.87
2136;22;46;63.996;9.05
2137;22;47;86.982;5.23
2138;22;47;90.582;7.73
2139;22;48;63.546;24.45
2140;22;48;50.568;16.09
2141;22;49;93.842;21.95
2142;22;49;112.958;22.12
2143;22;50;93.557;13.53
2144;22;50;92.608;3.58
2145;22;50;116.355;5.37
2146;22;51;57.561;9.64
2147;22;52;41.023;22.75
2148;22;52;31.988;2.37
2149;22;53;70.959;6.12
2150;22;53;55.238;16.74
2151;22;54;63.918;23.01
2152;22;54;73.078;21.05
2153;22;55;54.132;11.07
2154;22;56;77.337;14.93
2155;22;57;64.545;11.76
2156;22;57;67.611;9.36
2157;22;57;61.711;11.69
2158;22;58;50.703;21.74
2159;22;59;76.973;23.76
2160;23;24;14.514;7.73
2161;23;25;13.464;10.77
2162;23;25;13.637;11.48
2163;23;26;75.54;24.23
2164;23;26;91.088;2.56
2165;23;26;89.179;14.35
2166;23;27;10.342;9.15
2167;23;27;10.426;1.02
2168;23;27;7.791;24.0
2169;23;28;13.977;22.47
2170;23;28;10.5;12.0
2171;23;29;14.274;11.4
2172;23;29;14.214;7.32
2173;23;30;18.039;23.07
2174;23;30;14.786;10.68
2175;23;30;14.963;23.79
2176;23;31;23.066;11.85
2177;23;31;19.445;12.46
2178;23;31;18.639;6.09
2179;23;32;49.405;10.39
2180;23;33;3.511;16.27
2181;23;33;2.918;1.53
2182;23;34;33.83;6.92
2183;23;34;25.788;17.73
2184;23;34;32.594;16.91
2185;23;35;13.365;25.0
2186;23;35;14.475;8.38
2187;23;35;14.566;24.54
2188;23;36;18.534;0.25
2189;23;37;10.358;6.48
2190;23;37;10.046;21.75
2191;23;38;26.79;17.23
2192;23;38;23.952;16.09
2193;23;39;14.098;7.57
2194;23;40;48.658;17.16
2195;23;40;38.485;1.1
2196;23;40;53.957;6.62
2197;23;41;59.819;11.95
2198;23;41;48.326;18.91
2199;23;42;70.59;6.93
2200;23;42;55.199;14.3
2201;23;42;83.49;13.52
2202;23;43;33.349;18.25
2203;23;43;25.957;22.25
2204;23;44;93.003;11.46
2205;23;44;75.292;19.93
2206;23;45;18.911;8.58
2207;23;45;23.588;1.09
2208;23;45;14.672;13.09
2209;23;46;22.231;15.52
2210;23;47;27.724;20.37
2211;23;47;33.233;15.62
2212;23;48;13.977;7.7
2213;23;49;29.628;20.78
2214;23;49;36.756;20.99
2215;23;49;24.692;12.63
2216;23;50;27.044;10.84
2217;23;50;32.12;5.18
2218;23;51;56.101;12.86
2219;23;51;62.737;14.52
2220;23;51;66.311;12.86
2221;23;52;29.347;17.6
2222;23;53;17.313;20.85
2223;23;53;19.472;9.18
2224;23;53;13.55;17.89
2225;23;54;28.563;11.21
2226;23;54;25.991;11.06
2227;23;55;97.673;24.96
2228;23;55;107.221;10.96
2229;23;55;98.608;4.47
2230;23;56;11.898;2.57
2231;23;56;12.597;1.67
2232;23;56;10.902;15.92
2233;23;57;18.747;5.9
2234;23;58;21.558;9.27
2235;23;58;21.246;0.44
2236;23;59;6.651;21.8
2237;23;59;7.215;15.65
2238;23;59;5.211;20.41
2239;24;25;1.983;22.08
2240;24;26;73.254;3.93
2241;24;27;14.928;6.96
2242;24;27;12.185;23.13
2243;24;28;1.253;10.36
2244;24;29;11.916;14.13
2245;24;29;10.513;18.3
2246;24;29;9.603;9.76
2247;24;30;4.534;20.05
2248;24;31;21.837;0.73
2249;24;31;21.968;12.11
2250;24;32;34.926;15.0
2251;24;32;34.196;6.39
2252;24;32;37.471;12.19
2253;24;33;11.6;2.78
2254;24;33;14.25;1.51
2255;24;34;48.082;17.85
2256;24;35;6.801;5.55
2257;24;36;4.023;15.58
2258;24;36;4.079;6.37
2259;24;37;4.963;6.79
2260;24;37;3.903;22.66
2261;24;38;12.604;13.81
2262;24;38;12.949;8.38
2263;24;38;15.56;3.72
2264;24;39;12.906;9.04
2265;24;39;13.588;0.67
2266;24;40;48.806;10.04
2267;24;41;71.411;23.52
2268;24;41;78.752;7.12
2269;24;42;82.095;2.97
2270;24;42;96.778;21.63
2271;24;43;31.968;0.19
2272;24;43;26.635;2.09
2273;24;43;27.668;6.96
2274;24;44;85.613;24.15
2275;24;44;67.357;22.54
2276;24;44;98.808;3.07
2277;24;45;5.314;9.68
2278;24;46;7.824;22.9
2279;24;46;7.694;11.93
2280;24;47;23.49;22.49
2281;24;47;22.588;3.42
2282;24;48;1.253;14.31
2283;24;48;1.335;5.28
2284;24;49;43.755;0.07
2285;24;49;40.157;5.34
2286;24;49;41.003;2.96
2287;24;50;40.704;4.8
2288;24;50;31.498;10.03
2289;24;51;41.765;3.46
2290;24;51;35.053;16.3
2291;24;51;31.573;12.16
2292;24;52;26.162;16.33
2293;24;52;27.059;5.97
2294;24;53;7.314;3.94
2295;24;53;8.743;18.01
2296;24;54;14.157;5.89
2297;24;55;99.54;13.18
2298;24;56;13.759;6.37
2299;24;56;15.048;16.94
2300;24;56;17.037;23.41
2301;24;57;4.399;13.45
2302;24;57;3.305;16.75
2303;24;57;4.973;19.75
2304;24;58;13.976;4.83
2305;24;58;10.505;21.67
2306;24;58;12.276;0.94
2307;24;59;18.686;10.18
2308;24;59;17.062;11.33
2309;25;26;71.72;12.28
2310;25;27;15.254;20.21
2311;25;28;0.76;15.54
2312;25;28;0.767;22.08
2313;25;28;0.764;16.12
2314;25;29;9.969;9.45
2315;25;29;7.682;2.44
2316;25;29;8.861;14.99
2317;25;30;6.494;13.84
2318;25;30;5.824;10.69
2319;25;30;4.897;11.12
2320;25;31;20.0;6.1
2321;25;31;15.835;20.87
2322;25;31;17.629;11.47
2323;25;32;36.234;6.31
2324;25;33;10.322;0.43
2325;25;34;47.239;19.29
2326;25;34;57.748;24.99
2327;25;34;50.22;6.82
2328;25;35;4.879;1.36
2329;25;36;5.468;22.02
2330;25;36;5.542;10.33
2331;25;37;3.328;1.77
2332;25;37;2.724;10.85
2333;25;38;14.241;18.97
2334;25;38;13.234;7.38
2335;25;39;13.896;4.17
2336;25;39;11.707;14.08
2337;25;39;15.089;24.1
2338;25;40;47.035;1.32
2339;25;40;53.278;17.5
2340;25;40;38.409;6.51
2341;25;41;69.567;17.9
2342;25;41;80.406;24.67
2343;25;41;59.906;8.17
2344;25;42;80.239;4.2
2345;25;43;30.23;8.04
2346;25;43;23.17;17.07
2347;25;44;84.697;17.14
2348;25;45;7.248;22.51
2349;25;45;6.118;22.37
2350;25;46;9.374;8.61
2351;25;46;11.313;7.04
2352;25;47;25.142;16.78
2353;25;47;29.79;8.05
2354;25;47;22.328;15.82
2355;25;48;0.76;3.85
2356;25;49;42.971;14.1
2357;25;49;36.77;16.09
2358;25;50;40.089;14.14
2359;25;50;49.013;18.56
2360;25;51;42.64;9.62
2361;25;51;40.996;1.62
2362;25;52;24.519;4.21
2363;25;53;9.141;2.32
2364;25;54;15.628;10.25
2365;25;54;18.252;16.45
2366;25;54;17.321;7.96
2367;25;55;97.729;18.07
2368;25;56;14.378;6.12
2369;25;56;12.785;9.91
2370;25;56;16.667;20.66
2371;25;57;6.106;18.29
2372;25;58;12.617;16.04
2373;25;58;15.451;19.32
2374;25;58;12.331;2.62
2375;25;59;18.196;21.31
2376;25;59;17.614;3.51
2377;26;27;84.406;21.94
2378;26;27;66.739;2.87
2379;26;28;72.184;0.86
2380;26;28;69.02;1.22
2381;26;29;63.095;16.3
2382;26;29;73.84;9.39
2383;26;30;76.293;2.08
2384;26;31;52.867;0.99
2385;26;31;60.187;9.73
2386;26;32;81.826;15.78
2387;26;32;85.067;9.07
2388;26;32;101.721;24.65
2389;26;33;73.127;12.38
2390;26;33;67.953;16.43
2391;26;33;89.194;4.17
2392;26;34;95.994;1.04
2393;26;34;116.458;2.26
2394;26;34;92.037;22.14
2395;26;35;67.256;14.38
2396;26;35;53.25;3.11
2397;26;35;53.833;22.71
2398;26;36;73.294;10.28
2399;26;37;71.392;5.5
2400;26;37;83.57;24.92
2401;26;38;77.353;8.3
2402;26;38;65.673;15.88
2403;26;39;85.129;11.3
2404;26;40;27.764;21.29
2405;26;41;72.524;7.97
2406;26;42;77.043;6.93
2407;26;42;58.076;13.28
2408;26;43;42.306;21.24
2409;26;43;50.062;0.25
2410;26;43;35.543;1.57
2411;26;44;33.937;10.48
2412;26;45;76.511;11.89
2413;26;46;74.775;12.91
2414;26;46;90.324;6.04
2415;26;47;96.7;21.55
2416;26;47;88.421;19.19
2417;26;48;72.184;1.83
2418;26;48;84.088;21.1
2419;26;49;94.182;14.46
2420;26;49;86.293;0.58
2421;26;50;94.907;24.72
2422;26;50;73.967;8.72
2423;26;50;94.567;21.54
2424;26;51;75.107;5.5
2425;26;52;47.317;7.32
2426;26;53;80.393;15.39
2427;26;53;89.59;16.92
2428;26;53;76.629;11.17
2429;26;54;76.152;1.44
2430;26;54;59.612;23.75
2431;26;55;34.511;22.87
2432;26;55;28.817;12.93
2433;26;56;84.67;14.79
2434;26;56;91.984;14.63
2435;26;57;74.479;6.56
2436;26;57;86.058;11.33
2437;26;58;59.34;24.19
2438;26;58;61.763;10.15
2439;26;59;81.991;6.1
2440;26;59;77.499;19.75
2441;26;59;100.721;3.84
2442;27;28;15.269;21.33
2443;27;28;14.171;16.29
2444;27;29;21.46;20.96
2445;27;29;21.153;12.81
2446;27;29;18.642;20.55
2447;27;30;15.946;13.16
2448;27;31;31.539;0.1
2449;27;32;46.577;0.21
2450;27;32;46.332;22.13
2451;27;32;43.009;3.95
2452;27;33;11.562;3.86
2453;27;33;9.062;22.48
2454;27;33;13.658;1.07
2455;27;34;36.293;13.56
2456;27;35;18.193;13.18
2457;27;36;18.056;24.16
2458;27;36;21.458;14.11
2459;27;37;13.893;6.11
2460;27;38;23.993;22.34
2461;27;38;26.808;3.05
2462;27;38;24.614;18.0
2463;27;39;5.327;1.59
2464;27;40;58.104;15.42
2465;27;41;68.921;13.42
2466;27;42;79.668;7.33
2467;27;43;42.114;21.25
2468;27;43;50.315;2.53
2469;27;44;99.578;15.63
2470;27;45;16.63;5.43
2471;27;45;17.919;2.85
2472;27;46;20.622;7.58
2473;27;46;15.495;15.94
2474;27;47;17.845;19.16
2475;27;48;15.269;3.03
2476;27;49;31.76;15.09
2477;27;49;35.384;12.94
2478;27;49;30.61;21.27
2479;27;50;27.922;8.58
2480;27;50;27.588;4.91
2481;27;50;30.284;20.86
2482;27;51;55.131;16.01
2483;27;51;52.298;3.18
2484;27;51;61.981;19.53
2485;27;52;37.336;16.15
2486;27;52;32.875;17.63
2487;27;52;30.0;24.96
2488;27;53;12.744;11.24
2489;27;54;26.25;1.64
2490;27;54;30.447;2.34
2491;27;55;107.686;9.99
2492;27;55;92.513;3.97
2493;27;56;2.444;15.55
2494;27;56;2.29;1.94
2495;27;57;17.596;24.84
2496;27;57;17.855;7.31
2497;27;57;13.59;3.98
2498;27;58;27.113;7.34
2499;27;58;30.473;14.43
2500;27;58;25.879;18.6
2501;27;59;7.648;10.85
2502;28;29;10.664;14.4
2503;28;29;10.054;17.95
2504;28;30;5.739;12.02
2505;28;31;20.62;4.15
2506;28;31;21.126;1.9
2507;28;31;22.947;21.18
2508;28;32;35.612;22.55
2509;28;32;42.554;13.3
2510;28;33;10.906;7.05
2511;28;34;47.699;14.15
2512;28;34;48.849;4.68
2513;28;34;45.443;24.51
2514;28;35;5.552;16.73
2515;28;36;4.777;2.64
2516;28;36;5.845;14.78
2517;28;37;4.002;3.67
2518;28;37;3.114;10.59
2519;28;38;13.526;12.05
2520;28;38;13.964;10.72
2521;28;39;13.646;7.83
2522;28;40;47.619;17.0
2523;28;40;52.809;9.37
2524;28;40;50.301;17.1
2525;28;41;70.317;7.78
2526;28;42;80.991;9.09
2527;28;42;71.984;4.93
2528;28;42;88.58;20.29
2529;28;43;30.794;20.67
2530;28;43;36.729;12.08
2531;28;43;37.479;24.81
2532;28;44;84.885;2.2
2533;28;44;70.24;3.97
2534;28;45;6.489;7.39
2535;28;45;5.799;18.51
2536;28;46;8.673;7.29
2537;28;46;9.066;14.69
2538;28;47;24.612;21.2
2539;28;48;0.0;18.29
2540;28;49;43.41;15.73
2541;28;49;42.613;0.18
2542;28;50;40.469;17.23
2543;28;51;42.153;16.17
2544;28;52;25.033;22.92
2545;28;53;8.515;22.33
2546;28;54;14.954;2.69
2547;28;54;11.304;22.02
2548;28;55;98.336;21.25
2549;28;55;83.484;7.66
2550;28;56;14.277;3.96
2551;28;56;14.9;2.21
2552;28;57;5.368;21.71
2553;28;57;5.741;20.64
2554;28;58;12.982;10.27
2555;28;58;11.603;10.53
2556;28;58;16.051;18.65
2557;28;59;18.52;8.31
2558;28;59;14.423;16.95
2559;29;30;16.247;6.39
2560;29;31;10.416;4.56
2561;29;31;8.329;22.43
2562;29;32;42.199;18.3
2563;29;33;11.015;17.24
2564;29;33;10.434;0.46
2565;29;33;10.52;6.69
2566;29;34;46.158;13.61
2567;29;34;44.968;16.34
2568;29;35;5.126;7.2
2569;29;35;5.663;2.01
2570;29;36;14.254;11.2
2571;29;37;8.507;4.46
2572;29;37;8.608;9.81
2573;29;38;22.519;13.93
2574;29;38;22.989;22.99
2575;29;39;22.127;10.37
2576;29;40;37.522;16.07
2577;29;40;40.703;7.2
2578;29;40;40.28;18.71
2579;29;41;61.524;21.48
2580;29;41;64.63;9.12
2581;29;42;72.04;10.41
2582;29;42;80.439;21.53
2583;29;42;60.616;10.06
2584;29;43;20.965;4.47
2585;29;44;78.84;22.58
2586;29;44;63.552;13.22
2587;29;45;16.888;3.39
2588;29;45;18.204;5.17
2589;29;45;21.038;2.72
2590;29;46;17.776;0.43
2591;29;46;14.584;6.41
2592;29;47;34.659;6.65
2593;29;47;38.892;16.75
2594;29;48;10.664;13.5
2595;29;48;10.516;4.88
2596;29;48;9.842;18.01
2597;29;49;42.345;22.56
2598;29;49;43.653;24.94
2599;29;50;40.47;8.95
2600;29;51;46.32;0.88
2601;29;52;15.883;18.13
2602;29;53;19.057;24.92
2603;29;54;23.195;1.89
2604;29;55;88.021;3.9
2605;29;55;80.487;14.84
2606;29;56;21.579;9.24
2607;29;56;20.665;11.4
2608;29;57;15.282;5.57
2609;29;58;7.787;9.9
2610;29;58;7.243;11.76
2611;29;59;20.827;24.69
2612;29;59;23.329;11.16
2613;29;59;19.355;19.05
2614;30;31;25.811;16.24
2615;30;31;31.523;9.13
2616;30;32;31.563;22.8
2617;30;32;30.887;21.43
2618;30;33;15.512;19.02
2619;30;34;50.916;16.55
2620;30;35;11.129;24.45
2621;30;35;8.863;18.28
2622;30;36;3.09;19.3
2623;30;37;9.394;10.56
2624;30;37;9.11;23.12
2625;30;38;8.778;2.29
2626;30;38;7.642;11.41
2627;30;39;12.458;9.85
2628;30;39;14.004;21.68
2629;30;40;52.517;6.06
2630;30;40;50.333;17.35
2631;30;40;40.601;18.78
2632;30;41;75.867;7.53
2633;30;42;86.565;13.03
2634;30;43;35.639;13.45
2635;30;43;34.623;8.16
2636;30;43;43.2;2.06
2637;30;44;87.104;14.37
2638;30;44;74.873;3.43
2639;30;44;99.252;10.76
2640;30;45;0.875;7.18
2641;30;45;0.818;23.65
2642;30;46;4.689;11.44
2643;30;46;3.86;21.62
2644;30;46;5.505;4.18
2645;30;47;20.547;24.01
2646;30;48;5.739;0.48
2647;30;49;46.495;4.76
2648;30;50;43.135;24.71
2649;30;50;41.022;1.25
2650;30;51;39.319;8.24
2651;30;51;40.309;10.45
2652;30;52;29.633;1.18
2653;30;52;22.442;22.77
2654;30;52;34.306;3.37
2655;30;53;4.52;20.03
2656;30;53;5.285;10.22
2657;30;53;3.832;13.15
2658;30;54;10.724;17.28
2659;30;54;12.67;22.04
2660;30;55;103.323;1.71
2661;30;55;125.853;13.18
2662;30;55;77.738;12.0
2663;30;56;14.185;4.68
2664;30;56;14.809;5.69
2665;30;57;2.034;14.31
2666;30;58;17.038;15.99
2667;30;58;18.547;21.72
2668;30;58;14.957;14.53
2669;30;59;21.172;0.12
2670;30;59;24.244;3.28
2671;30;59;24.352;15.47
2672;31;32;46.809;19.42
2673;31;32;50.187;3.62
2674;31;33;20.363;3.16
2675;31;33;15.965;22.85
2676;31;33;19.78;20.47
2677;31;34;51.015;6.04
2678;31;35;15.161;14.99
2679;31;35;13.641;12.29
2680;31;36;23.312;8.41
2681;31;36;22.324;9.28
2682;31;36;20.991;18.85
2683;31;37;18.914;18.37
2684;31;37;18.736;9.03
2685;31;37;22.739;7.56
2686;31;38;30.462;3.39
2687;31;38;33.655;1.54
2688;31;39;32.527;1.29
2689;31;39;35.219;4.02
2690;31;39;30.8;20.2
2691;31;40;27.123;22.73
2692;31;40;25.487;17.09
2693;31;41;57.236;16.09
2694;31;41;52.302;7.38
2695;31;41;59.967;12.9
2696;31;42;67.299;19.16
2697;31;42;50.52;17.72
2698;31;43;10.597;12.2
2699;31;43;10.768;11.5
2700;31;44;70.514;10.96
2701;31;45;26.316;22.7
2702;31;45;30.14;22.57
2703;31;46;26.218;3.39
2704;31;46;26.258;13.41
2705;31;47;45.004;1.06
2706;31;47;33.961;18.36
2707;31;48;20.62;3.99
2708;31;48;21.307;9.83
2709;31;48;25.331;12.1
2710;31;49;47.753;22.19
2711;31;49;40.048;7.6
2712;31;49;56.513;23.76
2713;31;50;46.776;5.97
2714;31;51;48.392;4.07
2715;31;52;6.496;12.92
2716;31;52;6.355;0.31
2717;31;53;29.133;6.79
2718;31;53;32.47;16.13
2719;31;54;30.495;23.22
2720;31;55;77.733;17.74
2721;31;56;31.859;1.7
2722;31;56;35.115;12.62
2723;31;56;36.396;14.3
2724;31;57;24.466;16.63
2725;31;57;18.955;22.5
2726;31;58;10.41;17.5
2727;31;58;9.258;2.43
2728;31;58;8.29;8.85
2729;31;59;29.69;12.89
2730;31;59;24.092;9.6
2731;31;59;26.849;6.69
2732;32;33;46.506;7.08
2733;32;33;44.485;3.64
2734;32;34;82.42;16.1
2735;32;34;101.235;9.5
2736;32;35;38.597;5.04
2737;32;36;30.906;8.24
2738;32;37;39.554;20.75
2739;32;37;44.765;3.32
2740;32;38;22.834;1.99
2741;32;38;26.688;3.28
2742;32;38;18.869;13.98
2743;32;39;41.824;10.73
2744;32;39;33.974;16.97
2745;32;40;66.473;18.33
2746;32;40;54.73;23.66
2747;32;40;62.457;24.42
2748;32;41;103.432;4.23
2749;32;42;113.771;13.32
2750;32;42;131.238;0.13
2751;32;43;52.084;5.2
2752;32;43;41.28;11.19
2753;32;44;79.556;1.48
2754;32;44;87.933;6.16
2755;32;44;80.751;4.64
2756;32;45;30.721;9.05
2757;32;45;32.531;21.57
2758;32;46;27.177;7.81
2759;32;46;29.845;15.4
2760;32;47;40.27;6.66
2761;32;47;33.937;23.99
2762;32;47;46.638;13.27
2763;32;48;35.612;10.9
2764;32;48;40.304;11.56
2765;32;48;33.555;13.04
2766;32;49;77.963;12.59
2767;32;50;74.411;3.09
2768;32;50;63.865;1.57
2769;32;51;12.158;4.44
2770;32;51;12.589;17.85
2771;32;51;13.628;6.76
2772;32;52;46.214;11.82
2773;32;53;33.86;4.52
2774;32;53;40.749;8.49
2775;32;53;27.539;1.53
2776;32;54;20.867;20.35
2777;32;54;15.928;12.8
2778;32;54;18.788;20.63
2779;32;55;114.353;18.1
2780;32;55;126.341;3.14
2781;32;56;44.368;6.86
2782;32;57;30.661;13.57
2783;32;57;25.064;9.51
2784;32;57;24.089;10.95
2785;32;58;36.791;19.58
2786;32;58;42.308;20.91
2787;32;59;52.651;20.93
2788;32;59;51.692;5.68
2789;33;34;37.204;13.23
2790;33;35;9.857;0.47
2791;33;35;7.599;0.3
2792;33;35;11.749;20.4
2793;33;36;15.606;1.75
2794;33;37;7.079;14.02
2795;33;37;6.171;20.91
2796;33;38;24.126;11.28
2797;33;38;20.081;0.41
2798;33;39;14.133;17.94
2799;33;39;15.542;10.7
2800;33;39;15.34;17.19
2801;33;40;46.588;18.99
2802;33;41;61.062;12.95
2803;33;41;71.922;21.58
2804;33;42;71.819;8.04
2805;33;43;30.833;6.11
2806;33;43;23.664;6.67
2807;33;43;37.266;14.66
2808;33;44;89.851;14.62
2809;33;45;16.386;13.59
2810;33;45;16.262;5.83
2811;33;45;17.074;1.3
2812;33;46;19.418;1.55
2813;33;47;27.808;12.08
2814;33;48;10.906;8.46
2815;33;48;12.667;9.25
2816;33;48;10.51;10.06
2817;33;49;33.05;16.76
2818;33;49;36.788;20.47
2819;33;49;26.551;24.22
2820;33;50;30.541;15.6
2821;33;50;27.148;0.52
2822;33;50;33.283;23.88
2823;33;51;52.865;12.92
2824;33;51;59.308;8.88
2825;33;52;26.476;3.2
2826;33;52;23.859;13.96
2827;33;53;15.536;0.75
2828;33;53;13.697;6.33
2829;33;53;17.428;23.44
2830;33;54;25.756;6.02
2831;33;54;27.177;17.41
2832;33;54;23.615;17.47
2833;33;55;96.149;13.54
2834;33;55;99.36;11.39
2835;33;56;12.504;22.98
2836;33;56;13.348;7.52
2837;33;57;15.957;6.7
2838;33;57;18.986;9.16
2839;33;57;19.733;22.33
2840;33;58;18.112;13.3
2841;33;59;9.829;23.08
2842;34;35;46.874;18.12
2843;34;35;41.778;9.86
2844;34;36;52.029;22.13
2845;34;37;44.188;10.38
2846;34;37;45.473;5.44
2847;34;37;37.73;12.42
2848;34;38;59.589;6.86
2849;34;38;56.102;18.72
2850;34;39;41.496;21.43
2851;34;39;44.154;2.07
2852;34;40;68.492;10.16
2853;34;41;48.411;11.22
2854;34;41;44.556;22.86
2855;34;41;39.898;8.33
2856;34;42;57.633;7.94
2857;34;43;58.502;15.2
2858;34;43;44.365;3.54
2859;34;43;59.174;7.55
2860;34;44;120.153;15.08
2861;34;44;100.691;23.91
2862;34;45;51.739;17.56
2863;34;45;62.163;6.85
2864;34;45;44.742;13.83
2865;34;46;55.465;9.89
2866;34;46;59.01;11.62
2867;34;46;41.761;23.85
2868;34;47;50.263;16.39
2869;34;48;47.699;2.47
2870;34;48;51.063;13.76
2871;34;49;4.55;14.72
2872;34;49;5.578;5.37
2873;34;49;5.211;15.26
2874;34;50;9.07;7.41
2875;34;50;9.003;17.72
2876;34;50;9.333;11.73
2877;34;51;89.842;8.77
2878;34;51;106.64;1.21
2879;34;52;57.301;21.16
2880;34;52;46.621;15.79
2881;34;53;48.704;5.39
2882;34;54;61.638;11.52
2883;34;54;70.871;10.85
2884;34;54;64.787;11.16
2885;34;55;108.68;22.59
2886;34;56;38.682;23.46
2887;34;56;48.068;23.96
2888;34;57;52.036;4.24
2889;34;57;61.605;2.95
2890;34;58;53.945;22.57
2891;34;59;29.769;3.96
2892;34;59;33.72;17.82
2893;35;36;9.29;0.79
2894;35;36;8.783;18.54
2895;35;36;10.392;20.28
2896;35;37;4.319;4.03
2897;35;37;5.254;20.73
2898;35;37;4.619;11.93
2899;35;38;17.836;7.17
2900;35;38;19.973;4.57
2901;35;38;19.918;9.59
2902;35;39;17.927;5.13
2903;35;39;15.825;6.79
2904;35;40;42.246;16.43
2905;35;40;48.229;17.78
2906;35;41;65.832;11.88
2907;35;41;81.607;8.62
2908;35;41;71.135;1.89
2909;35;42;76.432;15.78
2910;35;42;66.018;18.54
2911;35;43;25.495;6.43
2912;35;43;30.103;12.11
2913;35;44;81.396;24.9
2914;35;45;11.787;20.76
2915;35;45;13.159;22.56
2916;35;45;10.057;21.48
2917;35;46;12.986;21.56
2918;35;46;14.868;22.34
2919;35;47;29.875;19.54
2920;35;47;25.329;16.09
2921;35;47;23.721;16.16
2922;35;48;5.552;16.51
2923;35;49;42.802;19.8
2924;35;49;40.066;11.5
2925;35;50;40.393;18.69
2926;35;51;43.795;12.98
2927;35;51;47.733;3.22
2928;35;52;19.951;22.83
2929;35;53;14.015;3.86
2930;35;53;14.614;7.38
2931;35;54;18.772;14.12
2932;35;54;23.066;22.89
2933;35;54;23.399;17.07
2934;35;55;92.892;19.28
2935;35;55;83.897;1.87
2936;35;56;17.848;5.43
2937;35;57;10.255;16.81
2938;35;57;11.021;7.27
2939;35;58;8.934;12.15
2940;35;58;9.474;3.73
2941;35;58;9.565;0.1
2942;35;59;19.29;2.13
2943;36;37;8.778;8.77
2944;36;37;9.198;24.94
2945;36;37;7.413;12.86
2946;36;38;8.79;16.2
2947;36;38;8.662;24.83
2948;36;39;15.107;9.57
2949;36;40;49.773;0.62
2950;36;40;58.43;10.52
2951;36;40;47.642;1.83
2952;36;41;74.893;15.96
2953;36;41;91.764;9.59
2954;36;41;66.288;11.01
2955;36;42;85.539;4.43
2956;36;42;85.91;7.28
2957;36;42;89.83;0.0
2958;36;43;32.902;18.98
2959;36;43;40.438;7.85
2960;36;44;84.056;2.53
2961;36;45;3.218;15.09
2962;36;45;3.047;10.13
2963;36;46;3.907;0.39
2964;36;46;3.428;17.69
2965;36;46;4.062;19.18
2966;36;47;23.622;21.5
2967;36;48;4.777;16.71
2968;36;49;47.678;17.64
2969;36;49;50.24;19.8
2970;36;50;44.539;12.7
2971;36;51;37.854;21.21
2972;36;52;26.818;14.96
2973;36;52;32.332;24.88
2974;36;52;21.652;10.9
2975;36;53;7.57;11.51
2976;36;53;8.896;11.0
2977;36;53;8.997;6.37
2978;36;54;10.181;8.01
2979;36;55;100.592;0.42
2980;36;56;16.534;6.86
2981;36;57;1.197;23.3
2982;36;57;1.329;5.91
2983;36;58;14.144;18.59
2984;36;59;22.496;13.18
2985;37;38;17.518;20.81
2986;37;38;18.386;24.75
2987;37;39;13.737;6.34
2988;37;39;11.692;8.58
2989;37;39;16.009;23.54
2990;37;40;46.029;12.07
2991;37;40;51.425;9.53
2992;37;41;66.476;8.54
2993;37;41;79.681;19.65
2994;37;41;78.49;21.54
2995;37;42;77.172;16.04
2996;37;42;75.676;15.88
2997;37;42;91.769;11.56
2998;37;43;29.42;21.6
2999;37;43;23.42;14.53
3000;37;44;85.686;12.32
3001;37;44;97.007;11.25
3002;37;45;10.218;4.25
3003;37;45;7.819;23.33
3004;37;45;11.311;13.0
3005;37;46;12.675;12.99
3006;37;46;9.601;16.25
3007;37;46;15.772;6.92
3008;37;47;26.179;23.7
3009;37;47;29.938;17.55
3010;37;47;24.727;23.46
3011;37;48;4.002;2.8
3012;37;49;39.972;3.44
3013;37;50;37.246;17.41
3014;37;50;44.386;1.0
3015;37;51;45.791;22.95
3016;37;52;24.077;8.56
3017;37;52;25.771;6.98
3018;37;53;11.037;15.67
3019;37;54;18.951;9.9
3020;37;54;22.502;13.12
3021;37;54;21.704;17.5
3022;37;55;96.501;14.07
3023;37;55;81.765;2.7
3024;37;55;114.902;20.85
3025;37;56;13.537;10.84
3026;37;57;9.332;5.95
3027;37;57;10.706;22.24
3028;37;57;9.457;10.69
3029;37;58;13.221;0.58
3030;37;58;13.593;22.66
3031;37;58;15.092;13.63
3032;37;59;15.608;18.35
3033;37;59;17.55;20.53
3034;37;59;16.553;22.92
3035;38;39;19.625;21.99
3036;38;39;19.77;6.61
3037;38;40;55.675;17.32
3038;38;40;48.943;14.61
3039;38;40;57.071;16.09
3040;38;41;83.626;4.18
3041;38;42;94.249;21.7
3042;38;43;39.058;5.08
3043;38;44;84.642;24.61
3044;38;44;97.994;21.98
3045;38;44;66.329;9.93
3046;38;45;7.919;21.53
3047;38;46;4.897;19.37
3048;38;46;4.489;4.67
3049;38;46;3.699;6.48
3050;38;47;22.886;1.07
3051;38;48;13.526;10.98
3052;38;48;11.974;3.73
3053;38;48;13.198;22.15
3054;38;49;55.14;24.72
3055;38;50;51.654;15.37
3056;38;50;39.037;7.11
3057;38;50;51.113;1.42
3058;38;51;31.241;19.92
3059;38;52;32.764;7.6
3060;38;53;11.276;10.33
3061;38;53;12.832;24.48
3062;38;54;2.415;19.94
3063;38;54;2.421;20.64
3064;38;54;2.873;8.93
3065;38;55;106.3;5.91
3066;38;55;86.073;24.26
3067;38;56;21.921;4.02
3068;38;56;20.014;23.39
3069;38;57;8.204;8.21
3070;38;57;7.952;22.92
3071;38;57;9.151;18.08
3072;38;58;20.311;8.31
3073;38;58;19.145;18.28
3074;38;59;29.82;6.17
3075;38;59;26.053;11.57
3076;38;59;36.531;7.37
3077;39;40;59.555;6.48
3078;39;41;73.64;11.34
3079;39;42;84.405;4.94
3080;39;42;74.441;15.59
3081;39;43;43.092;6.46
3082;39;43;50.387;4.44
3083;39;44;98.513;2.2
3084;39;45;12.966;16.14
3085;39;45;10.011;8.97
3086;39;46;16.91;1.67
3087;39;47;13.707;19.92
3088;39;47;10.484;14.06
3089;39;48;13.646;1.39
3090;39;48;14.159;11.91
3091;39;48;16.849;11.46
3092;39;49;36.952;7.63
3093;39;50;32.99;2.2
3094;39;51;50.865;15.87
3095;39;51;57.118;13.04
3096;39;52;37.814;18.52
3097;39;53;8.456;23.17
3098;39;54;21.979;2.19
3099;39;54;26.799;6.3
3100;39;55;109.74;8.58
3101;39;55;112.003;9.17
3102;39;56;2.883;12.1
3103;39;57;14.37;10.61
3104;39;58;26.47;21.45
3105;39;59;12.868;18.7
3106;39;59;12.744;16.55
3107;39;59;11.588;14.18
3108;40;41;52.674;23.35
3109;40;41;59.848;22.09
3110;40;42;60.048;16.43
3111;40;43;16.878;17.43
3112;40;43;13.655;10.53
3113;40;44;54.05;23.14
3114;40;44;51.397;23.8
3115;40;45;52.921;13.58
3116;40;46;52.107;20.57
3117;40;46;49.898;8.18
3118;40;46;54.48;20.2
3119;40;47;72.116;17.65
3120;40;48;47.619;2.59
3121;40;48;49.609;10.85
3122;40;49;66.521;8.95
3123;40;49;56.733;5.21
3124;40;50;67.153;20.95
3125;40;50;81.648;22.45
3126;40;50;63.073;14.07
3127;40;51;63.534;9.0
3128;40;51;54.917;7.55
3129;40;52;23.013;5.93
3130;40;52;28.664;21.4
3131;40;53;56.12;15.26
3132;40;53;60.363;14.01
3133;40;53;49.768;14.05
3134;40;54;55.082;13.81
3135;40;55;50.819;21.32
3136;40;55;46.022;22.67
3137;40;56;58.688;14.81
3138;40;56;61.975;11.6
3139;40;56;50.83;6.94
3140;40;57;50.965;5.73
3141;40;58;35.723;6.55
3142;40;59;54.909;12.79
3143;40;59;42.211;7.33
3144;41;42;10.772;4.47
3145;41;42;8.957;0.45
3146;41;42;11.406;20.8
3147;41;43;56.025;15.6
3148;41;43;49.354;17.0
3149;41;43;47.023;14.88
3150;41;44;104.773;17.45
3151;41;44;118.256;9.39
3152;41;44;125.117;9.23
3153;41;45;76.695;8.98
3154;41;46;78.737;20.38
3155;41;47;86.719;9.94
3156;41;47;85.41;24.95
3157;41;47;75.422;5.14
3158;41;48;70.317;15.2
3159;41;48;62.754;16.64
3160;41;48;56.161;2.08
3161;41;49;50.337;4.62
3162;41;49;47.138;2.25
3163;41;49;58.964;8.89
3164;41;50;54.44;10.99
3165;41;51;105.611;9.82
3166;41;51;89.836;6.29
3167;41;52;59.946;8.91
3168;41;52;54.087;21.88
3169;41;53;76.585;24.09
3170;41;53;82.511;9.65
3171;41;54;84.59;1.59
3172;41;54;73.179;18.53
3173;41;54;67.921;20.86
3174;41;55;70.532;15.89
3175;41;55;77.99;12.95
3176;41;56;71.063;13.41
3177;41;57;75.663;12.93
3178;41;57;70.405;11.7
3179;41;57;57.824;23.21
3180;41;58;66.718;2.6
3181;41;58;76.78;18.34
3182;41;58;62.398;11.86
3183;41;59;61.52;11.59
3184;41;59;48.444;1.48
3185;42;43;65.286;9.2
3186;42;43;58.31;3.08
3187;42;44;110.233;1.55
3188;42;45;87.388;19.61
3189;42;45;80.554;6.3
3190;42;45;75.401;7.85
3191;42;46;89.367;1.43
3192;42;47;97.452;20.56
3193;42;48;80.991;19.41
3194;42;48;72.945;6.33
3195;42;48;86.957;12.7
3196;42;49;59.949;23.19
3197;42;49;57.047;21.17
3198;42;50;64.246;22.48
3199;42;50;72.95;19.28
3200;42;51;115.557;8.21
3201;42;51;96.228;9.56
3202;42;52;69.6;19.06
3203;42;52;63.317;0.71
3204;42;53;87.336;22.22
3205;42;53;100.297;8.56
3206;42;53;69.806;7.76
3207;42;54;95.166;14.07
3208;42;54;97.556;13.38
3209;42;54;92.956;15.62
3210;42;55;70.063;5.79
3211;42;55;55.63;2.08
3212;42;56;81.82;12.67
3213;42;56;87.489;4.56
3214;42;57;86.326;23.28
3215;42;57;87.09;8.78
3216;42;57;92.266;16.86
3217;42;58;76.995;11.56
3218;42;59;72.243;14.5
3219;42;59;70.823;13.67
3220;43;44;61.741;17.13
3221;43;44;55.918;18.61
3222;43;45;36.044;0.89
3223;43;45;40.564;3.11
3224;43;45;34.619;18.71
3225;43;46;35.319;3.4
3226;43;46;42.067;4.72
3227;43;47;55.358;10.73
3228;43;47;50.928;6.0
3229;43;48;30.794;11.75
3230;43;48;33.877;23.32
3231;43;48;24.592;19.31
3232;43;49;55.703;24.96
3233;43;50;55.344;7.5
3234;43;50;64.013;24.89
3235;43;51;51.273;2.93
3236;43;51;54.593;18.64
3237;43;51;44.56;3.71
3238;43;52;6.31;6.59
3239;43;52;6.066;0.05
3240;43;52;7.106;19.62
3241;43;53;39.277;9.64
3242;43;53;45.013;20.42
3243;43;53;33.208;12.15
3244;43;54;38.637;0.26
3245;43;55;67.692;9.0
3246;43;55;84.571;24.25
3247;43;55;52.673;19.79
3248;43;56;42.456;10.36
3249;43;56;48.349;15.41
3250;43;57;34.092;0.6
3251;43;57;30.683;18.79
3252;43;57;35.28;24.05
3253;43;58;18.906;20.93
3254;43;59;39.896;24.22
3255;43;59;33.766;24.12
3256;44;45;86.977;13.03
3257;44;46;83.956;20.55
3258;44;47;107.07;8.7
3259;44;47;95.972;23.17
3260;44;47;98.502;8.49
3261;44;48;84.885;19.13
3262;44;48;85.289;1.4
3263;44;48;94.993;14.65
3264;44;49;117.441;9.25
3265;44;49;100.664;17.09
3266;44;50;117.01;12.78
3267;44;50;137.165;18.75
3268;44;50;128.319;16.51
3269;44;51;69.126;8.63
3270;44;52;64.022;19.94
3271;44;52;76.266;24.28
3272;44;52;53.648;22.14
3273;44;53;91.619;2.6
3274;44;53;84.927;23.91
3275;44;54;82.694;6.04
3276;44;54;99.99;24.04
3277;44;55;61.805;14.55
3278;44;55;63.95;11.17
3279;44;55;55.423;14.91
3280;44;56;99.029;24.91
3281;44;56;82.104;10.41
3282;44;57;85.074;24.75
3283;44;58;72.466;20.61
3284;44;58;82.171;12.72
3285;44;59;99.628;24.92
3286;45;46;4.0;12.71
3287;45;46;4.708;18.67
3288;45;46;3.579;8.07
3289;45;47;20.467;6.82
3290;45;48;6.489;5.54
3291;45;48;5.969;22.08
3292;45;49;47.311;10.32
3293;45;49;44.008;16.33
3294;45;50;43.925;14.17
3295;45;51;38.57;13.43
3296;45;52;29.993;21.47
3297;45;52;26.202;21.47
3298;45;52;24.632;15.72
3299;45;53;4.773;0.16
3300;45;53;5.865;1.35
3301;45;53;4.266;22.12
3302;45;54;9.9;19.38
3303;45;54;11.306;10.4
3304;45;54;10.527;19.18
3305;45;55;103.736;8.16
3306;45;56;14.805;16.44
3307;45;56;12.348;0.19
3308;45;57;2.034;10.14
3309;45;57;2.204;12.62
3310;45;57;2.275;10.15
3311;45;58;17.344;24.47
3312;45;58;18.728;20.07
3313;45;58;15.794;20.1
3314;45;59;21.985;0.39
3315;46;47;23.132;10.78
3316;46;48;8.673;5.83
3317;46;49;51.068;0.55
3318;46;49;51.312;15.67
3319;46;50;47.772;8.26
3320;46;51;34.642;15.47
3321;46;51;41.821;4.54
3322;46;52;29.097;7.81
3323;46;52;25.786;11.11
3324;46;52;33.34;23.15
3325;46;53;8.545;19.88
3326;46;54;6.341;1.87
3327;46;55;102.882;3.34
3328;46;55;115.054;19.14
3329;46;56;18.804;17.72
3330;46;57;3.485;23.92
3331;46;57;2.765;3.1
3332;46;57;2.698;5.51
3333;46;58;16.414;5.24
3334;46;59;25.77;18.63
3335;46;59;28.315;13.4
3336;46;59;23.889;5.15
3337;47;48;24.612;5.48
3338;47;49;45.795;1.29
3339;47;49;35.095;0.1
3340;47;49;48.653;2.34
3341;47;50;41.231;11.96
3342;47;50;33.917;9.49
3343;47;50;34.974;14.66
3344;47;51;51.311;20.77
3345;47;51;40.982;16.31
3346;47;52;49.644;3.6
3347;47;52;56.925;11.74
3348;47;52;55.834;20.68
3349;47;53;16.31;17.33
3350;47;53;13.992;21.43
3351;47;54;25.13;9.6
3352;47;54;28.362;19.74
3353;47;55;122.677;6.91
3354;47;55;106.567;5.74
3355;47;55;148.29;21.56
3356;47;56;15.875;6.37
3357;47;57;22.481;3.01
3358;47;58;37.361;23.38
3359;47;59;25.217;23.39
3360;47;59;26.386;5.77
3361;48;49;43.41;3.56
3362;48;50;40.469;13.98
3363;48;50;31.929;7.71
3364;48;51;42.153;13.55
3365;48;51;36.084;17.97
3366;48;51;45.66;14.46
3367;48;52;25.033;15.43
3368;48;52;27.2;16.8
3369;48;52;22.499;23.69
3370;48;53;8.515;24.65
3371;48;53;7.611;20.31
3372;48;53;8.692;18.89
3373;48;54;14.954;14.71
3374;48;54;12.505;8.04
3375;48;55;98.336;12.18
3376;48;56;14.277;9.74
3377;48;56;15.425;19.73
3378;48;56;16.299;16.99
3379;48;57;5.368;11.63
3380;48;57;4.852;2.48
3381;48;57;6.193;23.84
3382;48;58;12.982;13.87
3383;48;58;13.139;22.59
3384;48;59;18.52;18.22
3385;48;59;17.38;13.54
3386;48;59;15.222;7.75
3387;49;50;4.826;14.68
3388;49;51;85.519;23.81
3389;49;51;101.841;23.11
3390;49;51;78.233;11.55
3391;49;52;54.128;6.12
3392;49;52;67.038;12.4
3393;49;53;44.209;16.82
3394;49;53;36.671;15.06
3395;49;54;57.211;22.14
3396;49;54;69.304;3.85
3397;49;54;59.994;12.71
3398;49;55;108.249;12.54
3399;49;56;34.143;13.14
3400;49;56;40.98;18.43
3401;49;56;31.905;18.47
3402;49;57;47.654;7.62
3403;49;57;50.902;11.6
3404;49;57;42.144;16.05
3405;49;58;50.12;7.89
3406;49;58;61.962;22.52
3407;49;59;25.327;8.19
3408;50;51;82.373;10.83
3409;50;52;53.239;2.71
3410;50;52;56.103;2.51
3411;50;53;40.559;6.46
3412;50;53;45.397;17.87
3413;50;54;53.797;5.55
3414;50;54;48.886;9.87
3415;50;55;110.386;22.35
3416;50;55;125.119;19.77
3417;50;56;30.244;17.89
3418;50;56;32.029;13.49
3419;50;57;44.421;7.64
3420;50;58;48.166;7.88
3421;50;58;58.251;19.52
3422;50;58;59.704;5.11
3423;50;59;22.042;22.89
3424;50;59;23.318;15.49
3425;50;59;25.319;10.54
3426;51;52;46.157;10.16
3427;51;52;53.974;11.1
3428;51;53;42.495;0.74
3429;51;53;44.29;4.09
3430;51;53;32.254;12.7
3431;51;54;28.912;3.24
3432;51;54;35.223;23.6
3433;51;54;25.83;22.93
3434;51;55;108.718;3.42
3435;51;55;111.929;20.59
3436;51;56;53.134;3.19
3437;51;56;50.739;23.91
3438;51;56;49.218;15.03
3439;51;57;37.954;4.45
3440;51;57;30.71;2.67
3441;51;58;39.556;4.85
3442;51;59;60.335;8.04
3443;51;59;48.245;1.77
3444;52;53;33.433;17.57
3445;52;53;40.786;23.05
3446;52;53;37.929;22.54
3447;52;54;32.328;5.56
3448;52;54;26.847;5.57
3449;52;54;40.248;16.43
3450;52;55;73.813;7.67
3451;52;55;64.082;23.11
3452;52;55;56.415;16.01
3453;52;56;37.435;9.17
3454;52;56;34.265;19.43
3455;52;56;38.22;14.65
3456;52;57;28.013;17.99
3457;52;57;30.285;18.23
3458;52;57;24.744;22.62
3459;52;58;12.716;15.84
3460;52;58;14.399;24.36
3461;52;58;12.881;10.93
3462;52;59;35.994;4.87
3463;52;59;32.674;15.04
3464;53;54;13.583;24.95
3465;53;54;13.808;16.18
3466;53;55;106.85;2.19
3467;53;56;10.646;5.41
3468;53;56;13.18;6.85
3469;53;57;6.555;16.67
3470;53;58;21.054;11.61
3471;53;58;24.907;15.85
3472;53;58;23.803;6.25
3473;53;59;19.04;23.57
3474;53;59;15.88;13.52
3475;54;55;105.55;10.12
3476;54;56;24.223;2.71
3477;54;57;9.821;5.88
3478;54;57;9.44;16.32
3479;54;57;9.86;10.67
3480;54;58;20.169;7.62
3481;54;58;17.029;12.13
3482;54;59;31.884;1.4
3483;54;59;27.502;24.94
3484;54;59;35.152;21.59
3485;55;56;108.576;16.57
3486;55;57;101.783;22.54
3487;55;57;117.089;13.54
3488;55;57;121.697;17.53
3489;55;58;86.528;23.61
3490;55;58;106.231;10.55
3491;55;58;78.172;1.18
3492;55;59;103.349;23.18
3493;56;57;15.956;5.55
3494;56;58;26.661;1.81
3495;56;58;20.333;24.01
3496;56;59;10.024;9.64
3497;56;59;11.874;17.05
3498;56;59;10.271;2.98
3499;57;58;15.341;6.92
3500;57;58;13.407;0.73
3501;57;58;12.429;14.23
3502;57;59;22.391;18.29
3503;57;59;17.526;1.69
3504;58;59;27.874;1.12
3505;58;59;32.034;4.82
3506;58;59;22.921;9.27
