VERTEX_COUNT 60
PATH_COUNT 1
BUDGET 360
<------------ VERTICES ------------>
0;START;41.374834;2.170055;0.0;0.0
1;Basilica of the Sagrada Família;41.403568;2.174435;45.0;100.0
2;Palau Güell;41.378864;2.174117;45.0;91.99
3;Anella Olímpica(Olympic Park);41.364778;2.152575;45.0;90.72
4;La Pedrera (Casa Milà);41.395271;2.161785;45.0;89.0
5;Galeria d’Art Mar Grup Escolà;41.392349;2.167836;45.0;83.34
6;Basilica of Sants Just i Pastor;41.382812;2.178195;45.0;81.14
7;Avinguda d’Icària;41.391556;2.197416;45.0;80.33
8;Parc de la Ciutadella;41.389248;2.186548;45.0;80.3
9;Montjuïc Castle;41.363823;2.167096;45.0;79.26
10;Poble Espanyol;41.368679;2.147031;45.0;78.5
11;Museu Nacional d’Art de Catalunya;41.36882;2.153347;45.0;78.06
12;Museu d’Història de Catalunya - MHC;41.380852;2.185799;45.0;76.86
13;Passeig de Gràcia;41.390739;2.166672;45.0;75.21
14;Park Güell;41.414249;2.151926;45.0;72.56
15;Parc de Diagonal Mar;41.407215;2.214539;45.0;70.6
16;Lorena Ruiz de Villa;41.397858;2.146705;45.0;69.57
17;Casa Batlló;41.391758;2.164961;45.0;68.86
18;Antic Hospital de la Santa Creu;41.380573;2.170374;45.0;67.0
19;Platja de la Nova Mar Bella;41.40205;2.21529;45.0;66.2
20;Museu Palmero;41.424667;2.139856;45.0;66.15
21;Basilica of Santa Maria del Mar;41.383518;2.1818;45.0;65.66
22;Museu Frederic Marès;41.384178;2.176819;45.0;65.33
23;Plaça de Catalunya;41.387005;2.17003;45.0;64.58
24;Plaça del Rei;41.384144;2.177409;45.0;63.0
25;Despair;41.387653;2.188076;45.0;62.68
26;La Colmena;41.383835;2.178294;45.0;62.51
27;Rambla del Raval;41.378681;2.169317;45.0;62.39
28;Casa Martí, Els Quatre Gats ;41.385775;2.173671;45.0;62.2
29;Turó de la Rovira viewing point;41.419388;2.161812;45.0;61.2
30;Barcelona;41.389034;2.16137;45.0;61.02
31;Arts Santa Mònica;41.37722;2.176012;45.0;60.92
32;Royal Dockyards Museu Marítim ;41.375286;2.17598;45.0;60.65
33;L’Aquàrium;41.376625;2.184117;45.0;60.51
34;90th Jean Bouin;41.373077;2.150465;45.0;60.31
35;Poblenou Cemetery;41.394859;2.201189;45.0;60.14
36;Casa Vicens;41.403442;2.150684;45.0;59.59
37;Palau Sant Jordi;41.363441;2.152537;45.0;57.01
38;Monument to Doctor Robert;41.394924;2.175599;45.0;56.99
39;Palau Montaner;41.39555;2.1652;45.0;56.38
40;Museu Picasso;41.385181;2.180863;45.0;56.22
41;Parc de la Creueta del Coll;41.41935;2.146432;45.0;55.96
42;Imaginart Gallery;41.393822;2.164627;45.0;55.81
43;Platja de la Barceloneta;41.379158;2.192717;45.0;54.11
44;Barcelona Head;41.380924;2.182465;45.0;53.31
45;Museu de la Moto ;41.383327;2.174488;45.0;52.58
46;Casa Comalat;41.397072;2.160723;45.0;52.55
47;Maeght;41.384689;2.181526;45.0;52.42
48;Atelier;41.407719;2.158233;45.0;52.2
49;El Fossar de les Moreres;41.383713;2.18243;45.0;52.14
50;Rambla del Poblenou;41.40192;2.200141;45.0;51.67
51;Platja del Bogatell;41.394341;2.2066;45.0;51.57
52;Contrast;41.387928;2.161469;45.0;50.51
53;Casa Calvet;41.390972;2.173002;45.0;50.39
54;Magic Fountain of Montjuïc;41.37117;2.151732;45.0;50.0
55;Carles Taché;41.389851;2.164213;45.0;49.86
56;Casa Lleó Morera;41.39119;2.165511;45.0;49.83
57;Olympic Stadium Lluís Companys;41.364746;2.155624;45.0;49.57
58;Museu d’Història de Barcelona;41.384144;2.177409;45.0;49.35
59;FINISH;41.374834;2.170055;0.0;0.0
<------------- EDGES -------------->
0;0;1;49.491;13.49
1;0;1;54.035;19.37
2;0;1;47.487;2.73
3;0;2;8.647;12.61
4;0;2;10.374;15.37
5;0;2;7.095;15.62
6;0;3;28.285;18.25
7;0;3;27.445;16.02
8;0;4;36.549;22.89
9;0;4;42.032;11.04
10;0;5;30.107;0.5
11;0;6;17.194;17.67
12;0;6;17.823;17.91
13;0;6;14.991;24.48
14;0;7;45.309;13.33
15;0;8;32.509;10.46
16;0;9;19.222;8.63
17;0;9;22.012;2.98
18;0;10;31.387;22.98
19;0;10;38.264;24.65
20;0;10;26.322;13.62
21;0;11;23.796;16.75
22;0;11;20.536;21.06
23;0;11;21.284;18.15
24;0;12;22.688;22.21
25;0;12;20.113;4.04
26;0;13;27.562;16.26
27;0;14;71.35;6.72
28;0;14;57.01;9.13
29;0;14;84.29;7.14
30;0;15;79.572;7.59
31;0;16;49.508;12.87
32;0;17;29.69;14.38
33;0;17;25.94;7.53
34;0;18;9.829;17.85
35;0;19;74.442;13.18
36;0;20;93.673;24.94
37;0;20;80.183;5.02
38;0;21;21.172;18.51
39;0;21;25.847;23.01
40;0;21;19.08;16.77
41;0;22;18.196;17.42
42;0;22;17.374;13.19
43;0;23;20.827;17.09
44;0;23;21.661;5.32
45;0;24;18.52;12.26
46;0;25;31.884;8.56
47;0;25;33.621;2.4
48;0;25;36.413;3.25
49;0;26;18.686;22.98
50;0;27;6.651;11.08
51;0;27;5.701;20.01
52;0;28;19.29;1.76
53;0;29;76.973;22.68
54;0;30;26.736;19.59
55;0;31;8.671;8.9
56;0;31;6.523;9.94
57;0;31;10.406;10.74
58;0;32;7.648;14.37
59;0;32;8.533;3.76
60;0;32;6.525;9.4
61;0;33;18.315;16.61
62;0;33;13.966;18.18
63;0;33;21.321;15.01
64;0;34;25.336;6.94
65;0;35;52.651;11.44
66;0;35;58.189;14.95
67;0;36;54.909;16.4
68;0;37;29.769;17.79
69;0;37;33.242;20.18
70;0;38;35.108;6.44
71;0;38;41.399;7.21
72;0;38;41.971;2.5
73;0;39;35.994;9.17
74;0;39;44.624;21.43
75;0;39;39.56;23.42
76;0;40;22.496;3.48
77;0;40;24.227;13.27
78;0;40;21.752;12.53
79;0;41;81.991;22.28
80;0;41;98.007;24.99
81;0;41;65.671;16.88
82;0;42;33.232;11.11
83;0;42;26.597;18.91
84;0;42;26.961;20.61
85;0;43;30.026;2.1
86;0;44;19.04;23.59
87;0;45;15.608;17.81
88;0;45;12.319;8.09
89;0;46;39.896;23.34
90;0;47;22.391;2.54
91;0;48;58.284;21.31
92;0;48;54.372;21.77
93;0;48;64.228;13.28
94;0;49;21.985;1.81
95;0;50;60.335;2.58
96;0;51;57.583;0.18
97;0;52;24.972;6.8
98;0;52;22.771;6.97
99;0;52;19.518;2.96
100;0;53;27.874;0.93
101;0;53;23.372;24.2
102;0;54;24.35;9.32
103;0;54;28.342;5.7
104;0;54;23.352;12.37
105;0;55;26.77;11.98
106;0;55;28.003;13.19
107;0;55;30.24;1.81
108;0;56;28.59;16.95
109;0;56;31.58;15.43
110;0;56;25.87;3.93
111;0;57;25.327;5.79
112;0;57;22.641;3.82
113;0;58;18.52;0.71
114;0;58;20.127;1.52
115;0;58;20.438;5.01
116;0;59;0.0;2.56
117;1;2;42.276;5.72
118;1;2;40.212;0.85
119;1;2;51.408;13.31
120;1;3;72.069;10.1
121;1;3;55.965;15.39
122;1;3;89.766;18.3
123;1;4;21.57;10.52
124;1;4;21.694;18.21
125;1;5;20.984;22.6
126;1;5;22.701;11.89
127;1;5;22.1;8.42
128;1;6;35.845;24.18
129;1;7;35.955;10.66
130;1;7;43.693;19.56
131;1;8;29.022;13.87
132;1;9;68.662;11.04
133;1;9;79.14;18.55
134;1;9;82.397;3.98
135;1;10;69.299;24.26
136;1;10;52.389;12.19
137;1;11;65.336;19.08
138;1;11;67.756;14.42
139;1;12;41.52;1.19
140;1;12;43.415;17.8
141;1;12;45.007;17.29
142;1;13;24.109;4.43
143;1;13;23.678;7.92
144;1;13;20.368;14.54
145;1;14;34.185;2.88
146;1;15;51.851;18.92
147;1;16;36.911;16.23
148;1;16;45.583;0.85
149;1;16;45.526;17.85
150;1;17;23.587;3.61
151;1;18;39.694;3.9
152;1;18;30.656;16.57
153;1;19;52.504;10.2
154;1;19;64.74;16.18
155;1;19;47.324;10.98
156;1;20;57.209;2.83
157;1;20;68.016;21.6
158;1;21;35.589;12.5
159;1;21;29.53;7.8
160;1;22;33.322;10.46
161;1;22;34.854;0.71
162;1;22;25.828;12.23
163;1;23;28.902;10.0
164;1;23;22.013;15.49
165;1;24;33.457;7.02
166;1;24;28.262;5.8
167;1;25;32.378;9.32
168;1;25;25.213;19.84
169;1;25;27.247;9.63
170;1;26;34.129;24.82
171;1;26;32.448;13.25
172;1;27;43.091;20.75
173;1;27;43.707;0.34
174;1;28;30.463;4.92
175;1;28;33.602;3.41
176;1;28;36.903;3.59
177;1;29;31.549;23.88
178;1;29;28.983;8.67
179;1;29;29.412;9.5
180;1;30;29.997;4.04
181;1;30;34.652;1.06
182;1;30;32.153;13.87
183;1;31;45.133;13.89
184;1;32;48.438;0.35
185;1;32;51.545;6.77
186;1;33;47.752;21.4
187;1;33;49.389;20.19
188;1;34;60.577;7.18
189;1;34;74.214;2.6
190;1;35;37.436;22.6
191;1;35;43.62;8.11
192;1;35;41.341;16.74
193;1;36;30.486;1.83
194;1;36;38.061;13.76
195;1;36;29.687;22.67
196;1;37;74.2;13.77
197;1;37;82.444;16.45
198;1;38;14.867;13.01
199;1;38;15.932;5.95
200;1;38;13.828;5.72
201;1;39;18.132;15.53
202;1;39;16.65;4.12
203;1;40;32.528;8.98
204;1;40;36.13;21.28
205;1;40;39.21;4.95
206;1;41;44.955;12.95
207;1;41;53.179;15.15
208;1;42;20.896;13.13
209;1;42;24.59;2.81
210;1;42;19.385;24.93
211;1;43;47.913;3.03
212;1;43;41.191;2.6
213;1;44;40.097;21.51
214;1;44;44.041;24.79
215;1;44;42.111;7.16
216;1;45;34.637;2.54
217;1;45;34.091;15.04
218;1;45;28.422;1.24
219;1;46;20.817;17.42
220;1;47;33.564;7.92
221;1;47;32.35;23.33
222;1;48;21.975;17.33
223;1;48;19.393;19.55
224;1;48;23.911;23.7
225;1;49;35.493;7.1
226;1;49;38.616;19.88
227;1;49;38.727;4.47
228;1;50;33.115;10.68
229;1;50;33.934;11.03
230;1;50;32.179;17.34
231;1;51;44.204;5.89
232;1;52;31.517;17.41
233;1;53;21.633;24.91
234;1;53;24.831;18.36
235;1;54;62.636;9.67
236;1;54;53.725;11.15
237;1;55;26.892;1.39
238;1;56;24.081;18.48
239;1;56;28.594;0.19
240;1;56;23.646;1.93
241;1;57;70.687;17.37
242;1;57;55.604;19.18
243;1;57;62.859;8.76
244;1;58;33.457;18.25
245;1;59;49.491;13.2
246;1;59;38.578;15.56
247;1;59;50.492;17.19
248;2;3;36.692;19.61
249;2;3;33.953;11.06
250;2;3;40.309;21.29
251;2;4;32.233;21.79
252;2;5;24.444;14.67
253;2;5;23.123;18.85
254;2;5;27.867;10.53
255;2;6;8.547;10.34
256;2;6;6.808;21.01
257;2;7;36.967;23.51
258;2;7;37.153;9.96
259;2;7;43.321;2.18
260;2;8;23.885;5.21
261;2;8;27.22;18.65
262;2;9;27.272;2.54
263;2;10;38.904;20.11
264;2;11;31.73;12.55
265;2;11;38.861;18.3
266;2;11;29.74;8.29
267;2;12;15.381;22.84
268;2;12;18.304;23.42
269;2;12;12.031;23.05
270;2;13;22.457;2.97
271;2;13;17.912;21.55
272;2;13;18.144;22.11
273;2;14;66.918;7.2
274;2;15;71.038;13.5
275;2;16;47.906;0.77
276;2;17;25.001;12.79
277;2;17;21.796;19.86
278;2;17;20.01;16.16
279;2;18;5.626;6.31
280;2;18;5.308;22.63
281;2;18;6.613;13.33
282;2;19;66.092;17.48
283;2;20;89.874;11.98
284;2;21;12.678;10.54
285;2;21;12.664;23.79
286;2;22;9.733;8.81
287;2;23;14.887;15.71
288;2;24;9.975;14.65
289;2;24;8.615;12.18
290;2;24;8.74;17.95
291;2;25;23.397;23.9
292;2;25;20.707;2.14
293;2;26;10.056;0.04
294;2;26;8.013;4.24
295;2;26;10.55;21.46
296;2;27;6.171;14.81
297;2;27;5.562;7.33
298;2;27;5.53;4.92
299;2;28;11.84;13.08
300;2;29;71.122;23.96
301;2;29;84.218;3.59
302;2;29;53.356;23.2
303;2;30;23.89;19.9
304;2;30;27.196;10.01
305;2;31;3.72;23.34
306;2;31;3.085;20.11
307;2;32;6.574;24.79
308;2;33;13.4;15.7
309;2;33;11.129;10.45
310;2;34;31.945;11.92
311;2;34;33.556;23.25
312;2;34;39.695;23.29
313;2;35;44.241;11.96
314;2;35;54.05;6.18
315;2;36;51.71;18.1
316;2;36;57.973;23.15
317;2;37;38.269;7.1
318;2;37;39.745;14.12
319;2;38;27.548;20.72
320;2;39;30.763;22.25
321;2;40;13.852;1.97
322;2;40;16.26;5.67
323;2;41;77.863;6.61
324;2;41;70.425;12.55
325;2;41;95.532;9.26
326;2;42;28.348;3.99
327;2;42;28.049;20.35
328;2;42;28.918;17.7
329;2;43;23.888;23.56
330;2;43;26.152;18.37
331;2;44;11.284;2.59
332;2;44;12.62;14.48
333;2;45;7.652;22.0
334;2;46;35.588;13.6
335;2;46;35.751;21.32
336;2;47;13.779;9.29
337;2;47;14.028;20.61
338;2;48;53.422;16.66
339;2;48;56.171;0.32
340;2;48;48.649;21.82
341;2;49;13.52;5.31
342;2;50;51.699;23.53
343;2;50;51.307;23.08
344;2;50;50.379;5.88
345;2;51;49.403;20.52
346;2;51;41.674;17.19
347;2;52;22.456;23.46
348;2;52;26.44;14.78
349;2;52;17.75;4.96
350;2;53;20.769;3.85
351;2;53;20.983;8.95
352;2;54;31.617;7.25
353;2;54;39.005;3.69
354;2;54;34.777;17.42
355;2;55;22.698;15.05
356;2;55;24.22;17.59
357;2;56;23.811;18.27
358;2;57;33.877;4.76
359;2;58;9.975;8.87
360;2;58;12.122;6.39
361;2;58;9.239;8.18
362;2;59;8.647;6.5
363;2;59;7.615;2.18
364;3;4;53.504;8.56
365;3;5;51.088;12.94
366;3;6;45.108;24.96
367;3;7;73.587;11.39
368;3;7;65.611;13.92
369;3;7;80.026;16.6
370;3;8;60.469;20.45
371;3;8;57.959;1.18
372;3;9;18.721;15.53
373;3;10;9.76;20.74
374;3;10;11.946;11.69
375;3;10;8.137;13.63
376;3;11;6.988;17.97
377;3;12;50.763;21.86
378;3;12;38.354;21.46
379;3;12;53.734;15.11
380;3;13;47.972;8.39
381;3;13;53.813;7.52
382;3;14;84.661;7.28
383;3;15;107.715;0.72
384;3;16;57.108;18.66
385;3;16;69.122;14.95
386;3;17;48.832;9.46
387;3;18;35.398;14.52
388;3;18;29.091;0.6
389;3;18;32.95;17.18
390;3;19;102.722;21.82
391;3;19;79.589;5.32
392;3;20;103.777;2.12
393;3;20;99.184;23.13
394;3;21;49.364;3.38
395;3;22;45.512;17.55
396;3;22;44.879;23.22
397;3;23;44.149;22.02
398;3;23;39.665;1.58
399;3;23;48.352;19.76
400;3;24;45.992;0.45
401;3;24;44.569;1.89
402;3;25;60.087;1.86
403;3;25;63.486;20.06
404;3;25;59.44;0.19
405;3;26;46.414;0.9
406;3;26;38.272;12.82
407;3;27;32.067;23.71
408;3;28;44.999;0.19
409;3;28;37.68;3.44
410;3;29;94.2;5.21
411;3;30;43.017;24.93
412;3;30;45.089;23.99
413;3;30;41.937;21.93
414;3;31;36.867;23.3
415;3;31;32.691;22.31
416;3;31;34.828;11.15
417;3;32;35.025;12.54
418;3;33;45.296;24.59
419;3;33;37.355;17.97
420;3;33;40.281;3.0
421;3;34;14.458;24.94
422;3;34;14.839;3.8
423;3;35;80.908;7.31
424;3;35;67.168;6.08
425;3;35;67.956;8.16
426;3;36;66.208;15.12
427;3;37;2.288;21.92
428;3;38;59.458;14.88
429;3;39;55.097;23.39
430;3;39;55.234;23.55
431;3;39;65.422;2.15
432;3;40;50.384;1.0
433;3;40;61.976;2.5
434;3;40;44.012;5.26
435;3;41;93.718;21.6
436;3;41;73.08;15.65
437;3;42;52.055;16.09
438;3;42;40.436;16.13
439;3;43;57.121;11.57
440;3;43;58.673;19.04
441;3;44;47.294;20.81
442;3;44;42.647;9.03
443;3;45;42.419;20.19
444;3;46;56.245;19.78
445;3;46;57.243;11.15
446;3;46;67.257;18.01
447;3;47;50.429;8.98
448;3;47;56.408;5.12
449;3;48;73.841;13.22
450;3;48;69.732;1.81
451;3;49;50.197;2.95
452;3;49;49.849;18.78
453;3;49;53.123;11.31
454;3;50;88.145;7.22
455;3;50;71.999;3.9
456;3;50;104.477;2.06
457;3;51;85.857;18.9
458;3;52;41.229;22.63
459;3;53;51.935;5.58
460;3;53;50.115;9.77
461;3;53;59.658;9.86
462;3;54;10.992;9.54
463;3;55;45.434;17.09
464;3;55;40.839;11.28
465;3;55;53.692;14.37
466;3;56;48.153;20.0
467;3;56;44.977;2.34
468;3;56;36.185;12.85
469;3;57;3.916;14.55
470;3;58;45.992;15.21
471;3;59;28.285;7.24
472;3;59;27.464;10.42
473;3;59;21.267;7.26
474;4;5;9.238;9.81
475;4;5;8.691;8.67
476;4;6;29.973;18.44
477;4;6;24.094;0.6
478;4;6;29.547;17.09
479;4;7;46.181;13.75
480;4;7;40.659;10.64
481;4;7;37.483;16.77
482;4;8;33.419;22.97
483;4;8;28.881;2.74
484;4;8;34.69;21.57
485;4;9;54.245;9.31
486;4;9;56.971;15.09
487;4;9;63.529;11.31
488;4;10;49.291;21.25
489;4;10;56.721;3.13
490;4;11;46.542;3.65
491;4;11;38.786;17.34
492;4;11;39.432;11.84
493;4;12;39.488;2.55
494;4;13;9.975;15.74
495;4;14;34.854;16.29
496;4;14;31.132;19.0
497;4;15;70.732;2.17
498;4;16;19.858;20.16
499;4;16;24.796;10.05
500;4;16;22.354;23.33
501;4;17;7.264;22.36
502;4;17;6.973;23.27
503;4;18;27.463;22.86
504;4;19;69.654;5.59
505;4;19;56.966;10.72
506;4;20;57.641;8.74
507;4;20;67.23;22.34
508;4;21;32.631;8.51
509;4;22;27.071;18.37
510;4;22;21.209;11.26
511;4;22;21.365;9.33
512;4;23;17.667;13.73
513;4;23;16.179;18.13
514;4;23;17.208;7.28
515;4;24;27.657;3.06
516;4;24;22.111;1.29
517;4;24;26.68;18.27
518;4;25;36.182;23.92
519;4;25;27.696;7.83
520;4;25;30.712;15.92
521;4;26;28.847;6.1
522;4;27;29.991;6.32
523;4;27;30.575;15.64
524;4;27;35.739;13.9
525;4;28;22.291;10.77
526;4;28;17.88;14.15
527;4;28;24.29;2.08
528;4;29;41.27;11.92
529;4;30;10.686;24.5
530;4;30;11.572;24.16
531;4;30;10.133;2.88
532;4;31;35.886;19.93
533;4;32;38.752;15.98
534;4;32;45.606;1.25
535;4;33;42.897;19.54
536;4;33;39.148;22.63
537;4;33;48.927;3.36
538;4;34;40.666;6.92
539;4;34;37.575;18.74
540;4;34;45.533;13.07
541;4;35;50.588;11.11
542;4;35;61.007;24.84
543;4;36;19.964;24.9
544;4;37;55.748;3.29
545;4;38;17.743;15.0
546;4;39;4.41;6.44
547;4;40;29.967;16.81
548;4;41;45.674;0.94
549;4;42;4.411;9.43
550;4;42;3.521;22.55
551;4;42;4.289;2.76
552;4;43;48.346;10.31
553;4;43;55.867;1.04
554;4;43;56.917;10.98
555;4;44;36.161;21.08
556;4;44;39.187;0.66
557;4;45;26.148;9.97
558;4;46;3.37;7.79
559;4;46;2.645;10.91
560;4;46;3.537;6.9
561;4;47;31.148;23.93
562;4;48;21.784;4.54
563;4;48;26.317;1.24
564;4;48;22.995;1.13
565;4;49;33.071;2.87
566;4;49;26.665;21.97
567;4;50;50.533;4.69
568;4;50;52.343;16.4
569;4;51;57.552;19.8
570;4;52;12.572;12.96
571;4;52;9.475;21.24
572;4;52;10.596;17.22
573;4;53;16.17;24.56
574;4;53;16.294;18.5
575;4;54;43.215;11.23
576;4;54;50.211;7.57
577;4;55;9.785;8.56
578;4;56;8.465;22.15
579;4;57;52.831;14.07
580;4;57;62.642;7.88
581;4;58;27.657;19.92
582;4;58;33.58;20.77
583;4;58;25.244;19.72
584;4;59;36.549;10.33
585;4;59;28.44;0.03
586;4;59;42.379;13.73
587;5;6;21.053;12.42
588;5;7;37.998;21.03
589;5;7;42.606;4.07
590;5;8;24.601;9.15
591;5;9;48.824;15.8
592;5;9;44.636;21.85
593;5;10;48.521;0.84
594;5;10;60.111;24.73
595;5;11;44.354;7.46
596;5;11;51.708;12.17
597;5;12;30.314;11.31
598;5;12;25.078;3.27
599;5;12;25.884;0.42
600;5;13;3.134;16.91
601;5;14;42.679;23.12
602;5;14;38.605;18.66
603;5;14;46.217;7.97
604;5;15;65.123;4.67
605;5;15;59.104;4.59
606;5;16;28.717;24.15
607;5;16;25.685;14.88
608;5;17;3.827;5.45
609;5;17;2.985;3.71
610;5;18;20.413;19.56
611;5;18;23.467;15.25
612;5;18;18.783;16.24
613;5;19;63.137;16.67
614;5;20;65.94;13.16
615;5;20;55.449;16.3
616;5;20;80.766;3.72
617;5;21;23.447;18.48
618;5;21;20.217;10.35
619;5;22;18.125;17.74
620;5;22;14.008;14.77
621;5;23;9.569;6.72
622;5;24;18.66;18.83
623;5;24;19.905;9.75
624;5;25;27.199;21.22
625;5;25;32.092;21.21
626;5;25;23.168;2.59
627;5;26;19.813;0.56
628;5;26;15.857;4.29
629;5;27;23.466;24.42
630;5;27;22.037;4.46
631;5;27;25.381;15.65
632;5;28;13.515;15.88
633;5;28;12.069;10.61
634;5;28;11.423;12.76
635;5;29;46.911;15.63
636;5;29;57.698;18.3
637;5;30;10.054;22.69
638;5;30;12.282;19.16
639;5;30;11.091;4.78
640;5;31;27.936;9.67
641;5;31;33.807;24.72
642;5;31;34.48;20.35
643;5;32;31.014;7.87
644;5;32;34.45;9.22
645;5;32;26.326;20.78
646;5;33;34.073;6.07
647;5;33;31.677;3.45
648;5;34;39.813;14.54
649;5;35;43.031;19.82
650;5;35;52.655;22.23
651;5;36;29.071;18.23
652;5;37;53.226;8.04
653;5;37;65.155;9.53
654;5;38;10.896;16.73
655;5;38;13.353;24.62
656;5;39;6.439;13.51
657;5;39;6.127;5.67
658;5;39;6.91;17.88
659;5;40;20.74;2.6
660;5;41;53.755;19.65
661;5;41;65.767;5.32
662;5;42;4.83;8.65
663;5;42;5.382;3.97
664;5;42;4.241;7.38
665;5;43;39.115;15.48
666;5;44;27.111;21.39
667;5;45;17.643;4.02
668;5;46;12.194;15.27
669;5;46;14.497;3.52
670;5;46;12.135;2.66
671;5;47;21.925;22.37
672;5;47;22.162;12.59
673;5;48;29.047;21.53
674;5;48;27.6;17.69
675;5;49;23.863;19.32
676;5;50;44.586;17.76
677;5;51;49.88;18.16
678;5;52;11.138;9.59
679;5;53;7.038;16.28
680;5;53;6.334;22.2
681;5;54;41.726;19.46
682;5;55;6.317;7.81
683;5;55;7.152;7.07
684;5;55;7.789;10.6
685;5;56;3.584;19.18
686;5;57;49.77;6.21
687;5;57;44.3;10.96
688;5;57;55.327;5.37
689;5;58;18.66;22.85
690;5;58;20.133;8.03
691;5;59;30.107;3.35
692;5;59;24.523;7.68
693;6;7;28.859;21.64
694;6;7;33.552;23.05
695;6;8;15.372;10.23
696;6;9;35.483;1.55
697;6;9;34.985;2.97
698;6;10;46.758;16.73
699;6;11;39.892;24.94
700;6;12;10.323;21.23
701;6;12;9.655;15.36
702;6;13;20.072;14.59
703;6;14;63.49;5.41
704;6;15;62.614;11.43
705;6;15;64.309;5.8
706;6;15;72.306;22.52
707;6;16;47.93;5.09
708;6;16;49.609;5.84
709;6;16;44.276;10.07
710;6;17;22.87;22.59
711;6;17;25.499;3.83
712;6;18;10.748;23.11
713;6;18;8.971;3.09
714;6;19;57.892;6.95
715;6;19;48.727;20.05
716;6;20;86.899;20.42
717;6;20;103.119;5.26
718;6;20;65.947;10.34
719;6;21;4.784;19.57
720;6;21;4.852;12.59
721;6;21;5.911;16.2
722;6;22;2.93;22.54
723;6;22;2.394;2.64
724;6;22;2.951;3.37
725;6;23;12.704;15.76
726;6;23;12.048;3.86
727;6;24;2.493;8.92
728;6;24;2.426;8.82
729;6;24;2.252;4.8
730;6;25;15.151;0.18
731;6;25;15.552;11.74
732;6;25;18.46;22.65
733;6;26;1.755;2.78
734;6;26;1.392;20.04
735;6;26;1.327;12.48
736;6;27;13.413;18.15
737;6;27;16.322;14.66
738;6;28;7.711;19.49
739;6;28;8.3;17.62
740;6;29;66.028;7.18
741;6;30;24.083;5.64
742;6;30;18.736;4.21
743;6;30;26.948;17.25
744;6;31;9.971;23.52
745;6;31;9.747;22.31
746;6;31;12.162;20.73
747;6;32;13.189;22.96
748;6;33;13.035;14.97
749;6;33;11.795;15.98
750;6;33;11.319;24.74
751;6;34;39.311;15.46
752;6;34;46.527;23.08
753;6;34;42.061;2.39
754;6;35;36.006;6.37
755;6;35;36.28;2.67
756;6;35;29.519;3.19
757;6;36;49.936;20.25
758;6;36;42.327;16.86
759;6;37;46.738;23.59
760;6;38;20.993;3.63
761;6;38;20.493;3.37
762;6;39;27.449;16.52
763;6;40;5.307;13.86
764;6;41;74.643;5.08
765;6;41;75.553;22.77
766;6;41;88.703;4.51
767;6;42;25.659;13.51
768;6;42;23.074;17.75
769;6;43;19.667;11.4
770;6;44;6.364;10.37
771;6;44;6.606;10.55
772;6;45;4.84;8.47
773;6;45;5.62;17.05
774;6;46;33.145;2.21
775;6;46;35.491;21.13
776;6;47;5.349;8.61
777;6;47;4.394;19.39
778;6;48;49.732;23.18
779;6;48;50.999;6.91
780;6;49;5.652;0.21
781;6;49;5.23;19.85
782;6;49;6.703;9.05
783;6;50;43.161;5.33
784;6;50;53.018;7.54
785;6;51;41.462;24.92
786;6;51;43.387;16.33
787;6;51;50.312;12.68
788;6;52;23.19;8.51
789;6;53;15.474;23.66
790;6;54;39.39;8.26
791;6;54;30.441;3.1
792;6;54;47.784;10.02
793;6;55;21.618;4.88
794;6;56;21.696;12.93
795;6;56;20.554;9.54
796;6;56;26.839;12.84
797;6;57;42.377;24.74
798;6;57;35.66;12.27
799;6;58;2.493;21.92
800;6;58;1.876;22.94
801;6;58;2.885;24.6
802;6;59;17.194;4.85
803;6;59;17.012;10.23
804;6;59;14.904;0.72
805;7;8;14.501;18.36
806;7;8;13.686;7.04
807;7;8;11.607;2.58
808;7;9;61.384;22.15
809;7;10;75.617;22.86
810;7;10;87.593;1.55
811;7;11;68.67;19.25
812;7;12;23.621;17.23
813;7;12;25.14;7.41
814;7;12;27.264;14.77
815;7;13;39.493;16.26
816;7;13;48.577;17.17
817;7;14;70.123;17.09
818;7;14;64.918;22.93
819;7;15;34.657;5.18
820;7;15;36.398;0.78
821;7;15;36.125;8.23
822;7;16;65.986;17.59
823;7;16;66.256;13.21
824;7;17;41.666;23.56
825;7;17;46.744;13.8
826;7;17;33.438;22.0
827;7;18;39.479;8.91
828;7;19;29.136;10.14
829;7;19;30.461;24.14
830;7;20;93.102;17.18
831;7;21;24.314;7.19
832;7;22;29.303;4.94
833;7;23;36.011;14.1
834;7;24;28.647;18.44
835;7;25;13.725;18.95
836;7;26;27.879;13.17
837;7;27;42.272;9.16
838;7;27;31.865;17.25
839;7;28;32.05;6.9
840;7;28;30.169;15.1
841;7;29;66.005;6.81
842;7;30;46.477;23.54
843;7;30;38.658;1.04
844;7;30;40.759;22.67
845;7;31;36.838;4.43
846;7;31;41.13;20.1
847;7;31;37.372;20.53
848;7;32;39.149;17.83
849;7;33;30.731;0.2
850;7;33;31.236;10.2
851;7;34;68.074;8.41
852;7;34;57.431;9.02
853;7;34;55.546;9.5
854;7;35;7.444;6.83
855;7;35;7.359;11.56
856;7;36;63.342;15.99
857;7;36;58.517;20.84
858;7;36;58.976;7.28
859;7;37;75.07;17.33
860;7;37;80.85;10.86
861;7;37;70.842;0.46
862;7;38;28.594;21.15
863;7;39;41.918;1.27
864;7;40;23.888;21.84
865;7;41;80.897;9.16
866;7;42;42.271;21.72
867;7;42;36.269;4.8
868;7;43;22.057;24.12
869;7;43;16.761;21.62
870;7;44;26.448;14.12
871;7;44;28.041;14.57
872;7;44;22.272;2.21
873;7;45;32.631;6.65
874;7;46;48.04;12.94
875;7;46;43.471;0.36
876;7;46;44.987;2.71
877;7;47;23.543;16.1
878;7;48;57.399;13.86
879;7;49;23.458;3.33
880;7;50;18.077;21.85
881;7;50;15.014;17.03
882;7;51;12.717;14.11
883;7;52;46.565;22.57
884;7;52;41.484;8.29
885;7;53;31.358;22.47
886;7;53;36.816;15.22
887;7;53;23.606;14.47
888;7;54;68.247;1.39
889;7;54;54.289;8.0
890;7;55;42.726;9.91
891;7;56;40.964;22.27
892;7;56;34.843;14.26
893;7;56;49.339;7.9
894;7;57;70.601;14.6
895;7;58;28.647;22.94
896;7;58;35.51;8.65
897;7;59;45.309;22.26
898;8;9;50.168;14.14
899;8;9;45.422;0.04
900;8;10;61.754;18.84
901;8;11;55.131;8.79
902;8;12;14.4;18.63
903;8;12;13.957;24.13
904;8;13;25.644;3.93
905;8;14;61.687;15.18
906;8;15;47.29;14.49
907;8;15;38.606;1.55
908;8;15;44.726;18.92
909;8;16;53.228;10.84
910;8;16;50.418;18.23
911;8;16;41.231;8.0
912;8;17;28.044;9.48
913;8;17;22.445;22.98
914;8;18;25.526;7.28
915;8;18;26.795;19.9
916;8;19;42.91;8.27
917;8;19;36.138;3.01
918;8;19;52.638;6.97
919;8;20;85.235;4.72
920;8;21;11.546;21.97
921;8;21;10.679;19.88
922;8;21;14.424;13.34
923;8;22;15.208;3.18
924;8;22;14.115;22.3
925;8;23;21.551;11.24
926;8;24;14.627;15.48
927;8;25;3.361;22.41
928;8;25;4.181;12.54
929;8;25;3.409;19.78
930;8;26;14.075;3.25
931;8;26;14.07;11.08
932;8;27;28.573;19.08
933;8;27;22.323;5.09
934;8;27;35.581;13.13
935;8;28;17.568;11.07
936;8;29;60.565;12.26
937;8;30;32.326;8.41
938;8;31;24.63;21.21
939;8;31;21.869;8.59
940;8;31;24.562;14.94
941;8;32;27.476;8.95
942;8;32;32.988;14.15
943;8;32;25.462;1.74
944;8;33;21.825;6.26
945;8;33;24.076;14.05
946;8;34;53.966;2.33
947;8;34;59.891;21.4
948;8;35;21.106;13.99
949;8;36;52.053;6.65
950;8;36;40.407;17.18
951;8;37;62.109;9.24
952;8;38;17.085;5.53
953;8;39;29.451;22.32
954;8;39;24.421;10.61
955;8;39;29.306;9.48
956;8;40;10.085;22.26
957;8;40;9.185;21.17
958;8;40;11.999;14.73
959;8;41;72.833;23.29
960;8;42;29.21;0.56
961;8;42;35.104;4.41
962;8;43;18.996;0.6
963;8;43;20.287;5.7
964;8;43;23.528;1.71
965;8;44;15.178;19.62
966;8;44;12.58;22.88
967;8;44;16.3;8.42
968;8;45;18.504;2.45
969;8;45;18.446;3.17
970;8;46;35.754;22.81
971;8;47;10.121;10.04
972;8;47;8.027;24.02
973;8;48;48.168;15.77
974;8;49;10.847;2.4
975;8;49;12.173;10.63
976;8;50;27.834;4.78
977;8;50;23.302;9.91
978;8;51;27.178;21.75
979;8;51;28.889;1.11
980;8;52;32.276;18.51
981;8;52;24.522;18.37
982;8;53;17.639;18.67
983;8;53;16.291;10.18
984;8;54;54.364;12.67
985;8;55;28.693;13.34
986;8;55;33.799;5.75
987;8;56;27.211;18.3
988;8;57;57.747;5.6
989;8;57;69.126;13.12
990;8;58;14.627;19.6
991;8;59;32.509;24.51
992;8;59;39.469;10.21
993;8;59;38.379;16.02
994;9;10;27.076;0.01
995;9;10;32.16;16.8
996;9;11;19.619;13.33
997;9;11;18.17;13.93
998;9;12;37.763;0.06
999;9;13;46.063;14.09
1000;9;13;56.064;22.02
1001;9;13;39.343;3.8
1002;9;14;88.461;23.38
1003;9;15;96.041;11.16
1004;9;15;87.956;22.92
1005;9;16;63.856;22.02
1006;9;17;47.882;19.85
1007;9;18;28.971;18.43
1008;9;19;90.045;5.29
1009;9;19;71.014;23.94
1010;9;20;109.833;21.64
1011;9;20;122.934;19.96
1012;9;20;91.887;18.34
1013;9;21;38.631;15.29
1014;9;22;37.002;3.5
1015;9;22;35.332;22.56
1016;9;23;39.848;7.49
1017;9;23;44.608;6.8
1018;9;24;37.21;15.78
1019;9;25;48.874;11.13
1020;9;25;50.237;12.93
1021;9;26;37.142;0.1
1022;9;27;25.585;0.65
1023;9;27;24.113;7.71
1024;9;27;26.647;13.1
1025;9;28;38.502;6.34
1026;9;29;95.326;12.82
1027;9;29;115.07;9.32
1028;9;30;43.764;19.62
1029;9;30;45.871;21.55
1030;9;31;25.626;18.56
1031;9;32;22.692;23.65
1032;9;32;23.677;5.7
1033;9;32;18.402;0.47
1034;9;33;30.947;23.81
1035;9;34;26.588;21.0
1036;9;34;25.082;1.76
1037;9;35;68.826;21.87
1038;9;36;70.996;1.41
1039;9;37;18.71;9.72
1040;9;37;20.706;21.84
1041;9;38;54.329;17.24
1042;9;39;54.347;11.14
1043;9;39;57.538;2.84
1044;9;39;54.196;6.31
1045;9;40;40.599;2.88
1046;9;40;39.117;23.29
1047;9;40;30.746;21.99
1048;9;41;98.653;8.65
1049;9;42;51.433;22.63
1050;9;42;48.712;0.45
1051;9;42;47.639;21.46
1052;9;43;42.085;1.88
1053;9;43;35.136;9.81
1054;9;44;35.297;0.78
1055;9;44;43.177;19.94
1056;9;45;34.699;8.14
1057;9;45;39.156;21.14
1058;9;45;39.653;12.64
1059;9;46;57.482;2.11
1060;9;46;44.662;1.71
1061;9;47;40.228;19.36
1062;9;47;32.431;4.15
1063;9;48;75.973;6.58
1064;9;48;69.598;20.31
1065;9;48;94.533;8.81
1066;9;49;39.322;19.37
1067;9;49;44.312;10.45
1068;9;50;77.783;23.77
1069;9;50;90.081;12.69
1070;9;51;72.802;0.54
1071;9;51;84.771;7.13
1072;9;51;60.757;5.38
1073;9;52;41.877;6.26
1074;9;52;51.997;0.33
1075;9;52;44.623;14.32
1076;9;53;47.073;16.45
1077;9;53;39.637;8.15
1078;9;54;23.396;9.85
1079;9;54;26.873;6.46
1080;9;55;44.693;10.62
1081;9;56;46.875;14.37
1082;9;56;42.985;12.79
1083;9;57;14.818;24.13
1084;9;57;17.988;1.67
1085;9;58;37.21;0.41
1086;9;58;30.552;18.48
1087;9;59;19.222;7.22
1088;9;59;21.307;8.51
1089;9;59;22.426;6.53
1090;10;11;8.115;16.79
1091;10;11;9.346;3.98
1092;10;11;7.825;0.08
1093;10;12;53.965;20.4
1094;10;12;65.943;7.6
1095;10;12;59.081;20.12
1096;10;13;45.399;12.72
1097;10;13;43.539;21.36
1098;10;13;35.641;9.46
1099;10;14;78.233;0.98
1100;10;15;108.905;1.07
1101;10;15;113.455;19.97
1102;10;16;49.934;4.54
1103;10;16;61.827;22.24
1104;10;16;54.066;23.92
1105;10;17;45.714;9.92
1106;10;17;53.415;9.89
1107;10;17;36.554;17.29
1108;10;18;36.232;22.76
1109;10;19;104.601;24.37
1110;10;19;108.593;8.45
1111;10;19;80.921;22.15
1112;10;20;96.25;2.91
1113;10;20;118.749;5.09
1114;10;20;115.638;17.25
1115;10;21;51.362;1.5
1116;10;21;43.454;1.69
1117;10;21;47.684;5.21
1118;10;22;46.546;0.53
1119;10;22;53.088;23.3
1120;10;23;43.076;16.6
1121;10;24;47.138;23.73
1122;10;25;61.902;17.13
1123;10;26;47.793;9.44
1124;10;27;33.346;24.87
1125;10;27;37.864;9.2
1126;10;28;45.011;10.49
1127;10;29;88.825;2.28
1128;10;29;98.755;24.86
1129;10;30;39.399;15.86
1130;10;30;40.244;24.35
1131;10;30;37.827;5.0
1132;10;31;39.983;14.86
1133;10;31;45.305;9.51
1134;10;31;47.905;4.52
1135;10;32;38.857;4.67
1136;10;32;33.551;24.45
1137;10;32;29.383;5.35
1138;10;33;49.527;3.12
1139;10;33;61.262;19.16
1140;10;34;8.722;19.15
1141;10;34;9.168;21.17
1142;10;34;9.063;7.23
1143;10;35;82.719;13.9
1144;10;35;77.368;10.55
1145;10;35;70.414;10.42
1146;10;36;59.672;9.08
1147;10;37;11.417;10.24
1148;10;37;12.114;20.9
1149;10;37;10.658;15.57
1150;10;38;57.987;16.36
1151;10;39;51.562;12.78
1152;10;39;50.158;3.78
1153;10;40;51.814;1.51
1154;10;40;41.412;13.02
1155;10;40;56.666;19.76
1156;10;41;86.713;17.29
1157;10;42;48.597;9.29
1158;10;43;61.346;8.25
1159;10;43;57.537;14.25
1160;10;43;73.756;4.14
1161;10;44;50.094;23.01
1162;10;44;46.725;1.52
1163;10;44;50.473;2.14
1164;10;45;43.259;1.52
1165;10;45;40.858;24.47
1166;10;46;51.67;4.86
1167;10;46;49.469;13.43
1168;10;46;45.683;5.16
1169;10;47;52.082;0.01
1170;10;47;60.731;17.58
1171;10;48;68.337;0.44
1172;10;48;55.678;1.23
1173;10;48;63.324;13.19
1174;10;49;52.231;22.25
1175;10;50;88.799;3.43
1176;10;50;70.423;9.24
1177;10;51;88.195;6.7
1178;10;52;37.798;23.34
1179;10;53;50.669;17.81
1180;10;53;59.382;16.64
1181;10;54;7.39;18.09
1182;10;54;9.094;6.81
1183;10;54;7.218;9.26
1184;10;55;42.419;19.05
1185;10;55;52.382;7.1
1186;10;55;35.124;14.72
1187;10;56;45.243;1.47
1188;10;56;45.663;24.64
1189;10;57;12.926;12.6
1190;10;57;12.721;3.23
1191;10;58;47.138;8.73
1192;10;58;39.111;9.78
1193;10;58;37.26;8.51
1194;10;59;31.387;10.16
1195;10;59;34.221;15.14
1196;11;12;46.481;13.75
1197;11;12;45.409;2.12
1198;11;12;57.866;20.12
1199;11;13;41.226;17.67
1200;11;13;45.523;5.99
1201;11;13;33.81;11.05
1202;11;14;77.761;8.42
1203;11;15;102.414;3.45
1204;11;16;50.417;11.52
1205;11;16;48.573;5.71
1206;11;17;41.989;3.47
1207;11;17;38.082;7.18
1208;11;17;43.163;14.8
1209;11;18;29.708;14.39
1210;11;18;29.034;1.31
1211;11;19;97.767;17.73
1212;11;19;101.384;19.51
1213;11;19;116.467;16.9
1214;11;20;97.123;3.88
1215;11;20;105.686;11.48
1216;11;21;44.356;23.66
1217;11;22;39.989;21.27
1218;11;22;36.107;1.03
1219;11;23;37.779;9.15
1220;11;23;36.52;23.57
1221;11;23;37.779;11.95
1222;11;24;40.525;13.49
1223;11;24;45.854;13.4
1224;11;25;55.02;15.0
1225;11;26;41.065;14.96
1226;11;27;26.558;23.24
1227;11;27;26.354;1.63
1228;11;28;39.024;8.79
1229;11;28;43.829;19.31
1230;11;29;87.213;20.76
1231;11;29;93.765;4.41
1232;11;30;36.092;8.58
1233;11;31;32.461;21.32
1234;11;32;31.099;15.21
1235;11;32;26.953;17.97
1236;11;32;37.941;23.19
1237;11;33;41.71;20.14
1238;11;33;44.088;8.32
1239;11;33;50.148;2.05
1240;11;34;8.171;10.14
1241;11;35;75.887;12.39
1242;11;35;89.95;2.33
1243;11;36;59.345;3.58
1244;11;36;70.778;22.06
1245;11;36;68.571;10.46
1246;11;37;9.263;1.39
1247;11;37;8.948;17.99
1248;11;37;10.046;24.69
1249;11;38;53.025;0.99
1250;11;39;48.206;16.55
1251;11;39;48.701;4.1
1252;11;39;45.351;15.57
1253;11;40;45.08;20.84
1254;11;40;41.18;6.63
1255;11;41;86.923;9.3
1256;11;41;87.17;3.61
1257;11;42;45.169;16.57
1258;11;42;52.107;10.63
1259;11;43;53.562;4.33
1260;11;43;46.005;1.25
1261;11;44;42.744;2.17
1262;11;44;47.353;14.03
1263;11;45;36.786;24.53
1264;11;45;36.466;19.37
1265;11;46;49.264;18.01
1266;11;46;39.149;24.71
1267;11;46;60.165;24.78
1268;11;47;45.24;10.82
1269;11;47;47.703;17.89
1270;11;47;42.918;22.2
1271;11;48;66.86;4.21
1272;11;48;58.009;4.29
1273;11;48;70.772;10.9
1274;11;49;45.212;22.16
1275;11;50;82.57;21.28
1276;11;50;101.32;2.36
1277;11;51;81.132;2.17
1278;11;51;75.731;1.08
1279;11;52;34.321;18.63
1280;11;52;42.463;11.47
1281;11;53;45.54;21.82
1282;11;53;46.742;14.02
1283;11;54;4.525;6.64
1284;11;55;38.599;23.99
1285;11;56;41.344;23.23
1286;11;56;35.369;11.1
1287;11;56;31.1;10.08
1288;11;57;7.56;13.85
1289;11;58;40.525;0.31
1290;11;58;48.391;20.55
1291;11;59;23.796;5.04
1292;12;13;29.821;0.42
1293;12;14;71.81;12.47
1294;12;14;71.952;14.57
1295;12;15;58.279;10.64
1296;12;15;56.83;21.76
1297;12;15;50.485;7.09
1298;12;16;58.016;14.85
1299;12;17;32.62;24.16
1300;12;17;39.982;22.49
1301;12;17;28.257;21.63
1302;12;18;19.811;11.2
1303;12;18;16.429;23.37
1304;12;19;52.433;21.08
1305;12;19;40.495;19.5
1306;12;19;59.959;2.29
1307;12;20;95.389;15.27
1308;12;20;88.046;4.62
1309;12;21;6.869;11.3
1310;12;22;12.858;13.74
1311;12;23;22.821;18.54
1312;12;23;19.069;11.9
1313;12;24;12.156;13.97
1314;12;25;12.0;18.71
1315;12;25;11.041;5.15
1316;12;26;10.905;2.3
1317;12;26;12.458;23.11
1318;12;27;21.487;14.33
1319;12;28;17.705;17.74
1320;12;28;18.897;8.88
1321;12;28;15.459;14.82
1322;12;29;72.778;24.4
1323;12;30;34.348;2.59
1324;12;30;26.773;6.38
1325;12;31;14.02;14.53
1326;12;32;15.801;19.5
1327;12;32;16.816;1.66
1328;12;33;7.549;11.34
1329;12;33;7.918;1.23
1330;12;34;47.282;24.98
1331;12;34;52.632;6.33
1332;12;34;51.622;23.93
1333;12;35;31.063;12.64
1334;12;35;34.01;22.11
1335;12;36;59.384;11.13
1336;12;37;52.078;23.53
1337;12;37;61.779;5.63
1338;12;37;40.0;24.43
1339;12;38;27.411;13.03
1340;12;38;34.131;22.84
1341;12;38;22.518;19.36
1342;12;39;36.496;0.8
1343;12;39;31.034;14.49
1344;12;40;9.749;22.09
1345;12;41;83.027;7.24
1346;12;41;102.38;19.37
1347;12;41;92.323;4.87
1348;12;42;35.092;18.76
1349;12;43;9.344;14.23
1350;12;44;4.283;14.27
1351;12;44;3.485;18.87
1352;12;45;15.128;21.49
1353;12;45;12.199;4.23
1354;12;46;42.507;15.44
1355;12;46;40.755;13.7
1356;12;46;49.767;16.82
1357;12;47;8.556;19.83
1358;12;47;8.591;2.56
1359;12;48;58.017;10.11
1360;12;48;68.73;2.59
1361;12;49;6.533;24.31
1362;12;50;40.482;22.65
1363;12;50;30.928;4.88
1364;12;51;35.299;16.08
1365;12;51;43.805;2.39
1366;12;51;35.391;15.26
1367;12;52;33.502;6.19
1368;12;53;23.871;20.17
1369;12;54;46.777;22.96
1370;12;54;54.941;2.16
1371;12;55;31.705;16.7
1372;12;56;31.487;16.97
1373;12;56;23.733;0.16
1374;12;57;47.551;20.49
1375;12;57;52.643;16.58
1376;12;57;43.384;20.11
1377;12;58;12.156;2.32
1378;12;58;11.303;3.72
1379;12;58;14.317;20.92
1380;12;59;22.688;0.93
1381;12;59;21.725;6.37
1382;13;14;44.461;3.06
1383;13;15;67.603;11.39
1384;13;15;51.518;9.11
1385;13;15;73.755;18.8
1386;13;16;28.38;23.41
1387;13;16;27.398;16.22
1388;13;16;27.547;20.8
1389;13;17;2.805;4.39
1390;13;18;18.034;4.79
1391;13;18;17.687;9.25
1392;13;18;21.663;5.33
1393;13;19;65.343;0.24
1394;13;20;67.493;16.12
1395;13;20;50.897;1.4
1396;13;21;23.02;12.76
1397;13;22;17.198;16.84
1398;13;22;14.551;6.07
1399;13;22;13.144;15.19
1400;13;23;7.708;18.01
1401;13;23;8.589;23.57
1402;13;23;7.355;4.79
1403;13;24;17.815;9.94
1404;13;24;15.152;18.35
1405;13;25;27.982;18.24
1406;13;25;34.739;21.41
1407;13;26;19.032;6.17
1408;13;27;20.912;16.31
1409;13;28;12.365;19.46
1410;13;28;14.15;19.45
1411;13;28;9.915;13.78
1412;13;29;49.42;2.51
1413;13;29;43.905;21.61
1414;13;30;7.406;10.92
1415;13;30;8.637;23.52
1416;13;30;6.074;0.61
1417;13;31;26.057;20.94
1418;13;31;24.103;10.93
1419;13;32;29.019;9.22
1420;13;32;22.459;23.59
1421;13;32;30.934;24.96
1422;13;33;32.94;16.99
1423;13;33;29.481;6.69
1424;13;34;36.695;18.86
1425;13;34;32.511;14.99
1426;13;34;34.611;20.22
1427;13;35;44.869;4.14
1428;13;35;39.31;0.8
1429;13;36;29.895;23.17
1430;13;36;35.373;15.33
1431;13;36;26.387;7.68
1432;13;37;50.115;3.26
1433;13;37;61.733;18.76
1434;13;37;57.876;5.24
1435;13;38;13.514;24.9
1436;13;39;8.447;24.64
1437;13;39;8.178;20.3
1438;13;40;20.552;2.62
1439;13;41;55.425;7.72
1440;13;41;46.182;6.65
1441;13;42;5.893;17.53
1442;13;42;6.707;14.61
1443;13;43;38.871;23.98
1444;13;43;46.686;8.86
1445;13;43;46.925;9.76
1446;13;44;26.329;8.77
1447;13;44;25.806;19.9
1448;13;44;30.959;22.98
1449;13;45;16.173;8.77
1450;13;45;19.352;24.83
1451;13;45;17.588;11.74
1452;13;46;13.258;7.4
1453;13;46;16.089;6.53
1454;13;46;14.043;17.08
1455;13;47;21.699;13.67
1456;13;48;31.01;20.15
1457;13;49;23.534;24.24
1458;13;50;47.031;21.21
1459;13;51;51.627;2.6
1460;13;51;47.092;16.34
1461;13;52;8.231;5.9
1462;13;52;9.943;14.44
1463;13;52;7.78;19.87
1464;13;53;8.136;16.21
1465;13;53;9.117;24.7
1466;13;53;7.123;0.42
1467;13;54;38.592;4.27
1468;13;55;3.504;0.48
1469;13;55;4.029;10.41
1470;13;56;1.678;11.87
1471;13;56;1.867;15.74
1472;13;57;46.687;3.13
1473;13;57;42.052;6.7
1474;13;57;39.923;2.9
1475;13;58;17.815;16.49
1476;13;59;27.562;1.94
1477;13;59;27.393;15.37
1478;13;59;24.64;0.27
1479;14;15;81.254;6.58
1480;14;15;79.582;17.67
1481;14;16;28.838;12.2
1482;14;16;27.937;10.86
1483;14;16;29.731;24.7
1484;14;17;41.967;18.29
1485;14;17;47.907;11.28
1486;14;17;51.525;22.64
1487;14;18;62.303;21.33
1488;14;19;83.961;7.97
1489;14;19;87.679;1.1
1490;14;20;23.616;21.37
1491;14;20;25.001;16.09
1492;14;21;65.084;21.73
1493;14;22;60.572;0.69
1494;14;22;66.1;6.7
1495;14;22;74.266;22.88
1496;14;23;52.091;19.87
1497;14;24;61.024;1.22
1498;14;24;54.263;20.57
1499;14;24;69.659;10.07
1500;14;25;64.996;22.27
1501;14;25;78.773;0.31
1502;14;25;60.003;13.47
1503;14;26;62.083;17.78
1504;14;26;62.974;2.55
1505;14;27;64.83;23.43
1506;14;27;62.099;8.29
1507;14;28;56.153;22.79
1508;14;28;46.151;11.47
1509;14;29;15.436;20.24
1510;14;29;15.331;17.56
1511;14;29;19.142;0.12
1512;14;30;44.819;18.92
1513;14;30;36.926;12.14
1514;14;30;46.712;19.0
1515;14;31;70.506;12.24
1516;14;31;72.752;8.89
1517;14;32;73.478;10.04
1518;14;32;64.418;10.53
1519;14;32;61.547;21.15
1520;14;33;76.504;9.96
1521;14;33;71.477;14.87
1522;14;33;84.586;10.33
1523;14;34;70.48;4.47
1524;14;34;53.511;0.76
1525;14;34;75.351;3.33
1526;14;35;71.407;10.29
1527;14;35;87.118;15.71
1528;14;36;18.562;9.74
1529;14;36;22.999;11.64
1530;14;36;18.681;9.98
1531;14;37;86.948;20.54
1532;14;37;94.899;11.38
1533;14;37;71.536;5.8
1534;14;38;44.909;3.09
1535;14;38;37.141;16.33
1536;14;39;36.251;21.12
1537;14;39;36.443;8.31
1538;14;40;62.08;0.36
1539;14;40;59.841;13.83
1540;14;40;52.007;8.71
1541;14;41;11.221;24.23
1542;14;42;38.57;16.72
1543;14;42;31.081;5.17
1544;14;42;33.749;16.18
1545;14;43;79.672;20.84
1546;14;43;70.129;21.93
1547;14;43;64.471;20.38
1548;14;44;69.201;8.61
1549;14;45;60.322;16.09
1550;14;45;70.902;7.25
1551;14;46;31.488;10.62
1552;14;46;32.447;16.03
1553;14;46;37.87;18.09
1554;14;47;63.264;19.62
1555;14;47;56.315;5.73
1556;14;47;76.992;7.34
1557;14;48;13.798;10.39
1558;14;48;14.734;7.86
1559;14;49;65.297;4.48
1560;14;49;63.899;12.24
1561;14;49;68.153;10.13
1562;14;50;65.379;13.27
1563;14;50;66.682;1.93
1564;14;51;78.008;2.03
1565;14;51;65.22;24.82
1566;14;52;46.677;10.59
1567;14;53;48.15;22.29
1568;14;53;45.406;4.43
1569;14;53;58.763;20.7
1570;14;54;73.718;10.4
1571;14;54;58.684;8.53
1572;14;55;44.63;14.56
1573;14;55;36.168;15.29
1574;14;55;51.205;3.76
1575;14;56;43.14;2.48
1576;14;56;41.996;1.28
1577;14;57;84.844;3.55
1578;14;58;61.024;20.31
1579;14;58;59.655;0.99
1580;14;59;71.35;15.35
1581;15;16;88.529;14.79
1582;15;16;79.48;22.73
1583;15;16;80.297;10.55
1584;15;17;68.917;9.26
1585;15;17;79.593;3.22
1586;15;17;71.988;6.46
1587;15;18;72.753;4.19
1588;15;19;8.891;13.59
1589;15;19;8.101;11.27
1590;15;19;10.828;21.07
1591;15;20;100.386;17.8
1592;15;20;104.253;15.84
1593;15;20;93.205;20.53
1594;15;21;58.401;17.96
1595;15;21;60.252;2.8
1596;15;22;62.439;24.3
1597;15;22;49.311;3.67
1598;15;23;66.786;1.34
1599;15;23;65.096;24.3
1600;15;23;55.352;24.28
1601;15;24;61.891;1.96
1602;15;25;47.692;20.11
1603;15;26;61.364;14.73
1604;15;26;73.32;12.5
1605;15;27;75.858;18.37
1606;15;27;62.125;8.56
1607;15;27;75.323;11.43
1608;15;28;64.018;23.0
1609;15;29;70.801;24.03
1610;15;29;69.066;19.48
1611;15;29;59.243;12.07
1612;15;30;75.007;18.08
1613;15;30;81.474;15.36
1614;15;30;79.16;17.03
1615;15;31;71.28;15.3
1616;15;32;73.727;18.9
1617;15;32;70.995;4.26
1618;15;33;65.31;13.71
1619;15;33;75.293;5.34
1620;15;33;51.632;7.3
1621;15;34;100.892;3.43
1622;15;34;79.973;3.56
1623;15;34;96.989;19.36
1624;15;35;27.216;12.29
1625;15;36;82.212;12.78
1626;15;36;87.708;5.05
1627;15;37;109.307;18.27
1628;15;38;54.228;3.43
1629;15;39;66.402;13.45
1630;15;40;57.363;5.89
1631;15;40;53.18;19.17
1632;15;40;61.299;13.62
1633;15;41;89.838;3.05
1634;15;41;92.859;7.37
1635;15;41;71.517;17.02
1636;15;42;68.043;11.68
1637;15;42;60.268;8.96
1638;15;43;55.587;4.54
1639;15;43;46.37;9.88
1640;15;43;43.913;6.84
1641;15;44;60.987;16.18
1642;15;44;56.97;16.59
1643;15;45;65.684;5.76
1644;15;45;53.916;4.37
1645;15;46;71.224;18.57
1646;15;46;70.461;23.05
1647;15;46;76.726;7.15
1648;15;47;57.287;10.52
1649;15;47;70.286;10.81
1650;15;47;44.611;19.33
1651;15;48;72.272;13.38
1652;15;48;58.437;2.64
1653;15;48;76.54;4.33
1654;15;49;57.588;4.49
1655;15;49;64.486;3.48
1656;15;49;47.773;9.11
1657;15;50;20.582;2.32
1658;15;50;16.079;16.92
1659;15;50;20.237;21.97
1660;15;51;24.273;24.23
1661;15;51;21.612;24.36
1662;15;51;26.794;4.51
1663;15;52;75.698;19.81
1664;15;53;60.128;21.63
1665;15;53;48.005;24.13
1666;15;53;64.927;19.22
1667;15;54;101.52;23.83
1668;15;54;110.5;4.47
1669;15;55;71.106;17.56
1670;15;55;80.816;18.46
1671;15;56;68.649;19.79
1672;15;56;71.774;7.94
1673;15;56;56.682;14.01
1674;15;57;104.895;13.93
1675;15;58;61.891;15.65
1676;15;58;67.506;21.31
1677;15;58;55.085;22.38
1678;15;59;79.572;13.22
1679;16;17;25.655;10.75
1680;16;17;23.696;20.52
1681;16;17;21.732;24.31
1682;16;18;42.406;16.87
1683;16;18;48.25;18.77
1684;16;19;88.328;20.53
1685;16;19;67.899;6.45
1686;16;20;46.711;16.09
1687;16;20;42.34;8.48
1688;16;20;36.766;5.73
1689;16;21;51.304;21.84
1690;16;21;49.669;11.85
1691;16;21;43.724;21.24
1692;16;22;45.195;23.38
1693;16;23;35.236;7.31
1694;16;23;29.298;16.86
1695;16;24;45.875;13.69
1696;16;24;37.862;8.76
1697;16;24;42.811;23.51
1698;16;25;55.908;17.6
1699;16;26;47.122;2.98
1700;16;27;43.814;7.6
1701;16;27;46.724;17.85
1702;16;28;40.323;22.73
1703;16;28;45.494;6.47
1704;16;29;41.633;23.37
1705;16;29;46.826;17.95
1706;16;29;32.888;23.71
1707;16;30;24.134;1.09
1708;16;30;26.829;6.45
1709;16;30;21.007;18.02
1710;16;31;51.604;6.67
1711;16;31;45.555;18.99
1712;16;31;57.705;17.3
1713;16;32;53.895;20.97
1714;16;33;60.227;19.77
1715;16;34;42.68;6.23
1716;16;34;37.48;3.39
1717;16;35;70.128;23.07
1718;16;35;71.193;11.32
1719;16;35;84.931;24.31
1720;16;36;10.835;16.54
1721;16;37;59.369;0.57
1722;16;38;37.429;10.68
1723;16;38;46.56;22.2
1724;16;38;28.987;17.06
1725;16;39;24.068;15.49
1726;16;40;48.924;20.54
1727;16;41;36.779;17.63
1728;16;41;34.424;12.7
1729;16;41;39.497;13.1
1730;16;42;24.021;7.36
1731;16;42;26.041;6.87
1732;16;42;26.721;10.2
1733;16;43;67.183;24.8
1734;16;44;54.29;2.35
1735;16;45;43.48;11.92
1736;16;45;47.028;23.34
1737;16;46;18.045;5.59
1738;16;47;50.062;21.46
1739;16;47;38.393;18.01
1740;16;48;22.443;4.79
1741;16;48;22.428;20.24
1742;16;48;17.086;18.72
1743;16;49;51.859;9.35
1744;16;49;45.503;23.95
1745;16;50;68.942;22.94
1746;16;51;77.122;24.32
1747;16;52;25.455;16.28
1748;16;53;35.755;8.24
1749;16;53;30.27;21.43
1750;16;53;35.75;19.07
1751;16;54;46.123;0.41
1752;16;54;39.909;13.88
1753;16;55;26.323;12.48
1754;16;56;26.702;10.31
1755;16;56;31.795;4.61
1756;16;56;24.535;24.96
1757;16;57;57.808;6.11
1758;16;57;66.4;10.48
1759;16;58;45.875;9.25
1760;16;59;49.508;4.35
1761;17;18;20.363;10.17
1762;17;18;17.451;6.18
1763;17;18;18.116;17.33
1764;17;19;66.963;10.77
1765;17;19;71.849;7.15
1766;17;20;64.881;23.46
1767;17;20;55.663;10.3
1768;17;21;25.811;1.29
1769;17;21;21.529;24.63
1770;17;22;20.0;11.3
1771;17;22;22.092;7.97
1772;17;23;10.416;20.95
1773;17;24;20.62;4.45
1774;17;25;30.495;15.58
1775;17;25;33.188;11.79
1776;17;26;21.837;11.92
1777;17;27;23.066;4.73
1778;17;27;23.681;20.3
1779;17;28;15.161;17.74
1780;17;28;14.54;23.79
1781;17;28;14.547;9.08
1782;17;29;47.454;1.72
1783;17;29;43.035;16.16
1784;17;29;36.589;24.41
1785;17;30;6.556;3.07
1786;17;30;4.925;7.47
1787;17;31;28.64;12.98
1788;17;31;28.448;9.97
1789;17;32;31.539;2.9
1790;17;33;35.714;0.02
1791;17;33;43.166;13.95
1792;17;33;44.097;14.1
1793;17;34;36.992;24.31
1794;17;35;46.809;15.2
1795;17;35;48.768;18.77
1796;17;36;27.123;3.29
1797;17;37;51.015;23.72
1798;17;37;53.01;24.97
1799;17;38;14.692;18.72
1800;17;38;16.1;2.32
1801;17;38;15.893;4.64
1802;17;39;6.496;17.25
1803;17;39;5.643;3.71
1804;17;39;5.783;24.98
1805;17;40;23.312;12.46
1806;17;40;19.988;6.99
1807;17;41;52.867;20.95
1808;17;41;52.03;21.91
1809;17;41;62.989;24.53
1810;17;42;3.558;23.85
1811;17;42;3.199;13.34
1812;17;43;41.651;24.99
1813;17;44;29.133;20.57
1814;17;45;18.914;18.15
1815;17;45;14.98;11.05
1816;17;46;10.597;3.19
1817;17;46;8.697;7.38
1818;17;47;24.466;3.55
1819;17;47;23.959;4.28
1820;17;48;28.646;14.71
1821;17;49;26.316;4.59
1822;17;49;26.85;0.25
1823;17;50;48.392;5.38
1824;17;51;53.636;1.64
1825;17;51;57.225;20.62
1826;17;52;7.941;19.75
1827;17;52;8.244;0.78
1828;17;53;10.41;5.89
1829;17;53;9.567;20.1
1830;17;54;39.112;7.32
1831;17;54;29.708;9.15
1832;17;55;3.402;11.5
1833;17;55;3.783;24.59
1834;17;55;3.455;22.84
1835;17;56;1.201;6.17
1836;17;56;0.959;17.23
1837;17;57;47.753;24.95
1838;17;57;58.03;3.36
1839;17;58;20.62;4.78
1840;17;59;29.69;19.71
1841;17;59;28.68;13.48
1842;17;59;30.588;15.3
1843;18;19;68.379;23.14
1844;18;19;61.61;19.17
1845;18;20;85.017;11.41
1846;18;20;95.8;1.79
1847;18;21;15.512;1.3
1848;18;22;10.322;12.29
1849;18;23;11.015;8.7
1850;18;23;10.603;21.32
1851;18;23;12.898;24.45
1852;18;24;10.906;16.95
1853;18;24;12.318;1.61
1854;18;24;9.347;13.07
1855;18;25;25.756;6.59
1856;18;25;31.224;11.89
1857;18;26;11.6;9.74
1858;18;26;11.872;3.6
1859;18;26;12.71;8.45
1860;18;27;3.511;21.7
1861;18;27;2.781;15.68
1862;18;28;9.857;18.44
1863;18;29;67.324;15.26
1864;18;29;66.044;0.54
1865;18;30;18.528;3.48
1866;18;30;15.674;22.21
1867;18;31;9.237;8.84
1868;18;32;11.562;23.09
1869;18;32;9.174;17.76
1870;18;32;13.408;0.72
1871;18;33;18.896;24.04
1872;18;34;28.603;18.79
1873;18;35;46.506;5.85
1874;18;36;46.588;0.81
1875;18;36;43.277;0.23
1876;18;36;51.085;3.19
1877;18;37;37.204;18.81
1878;18;37;45.808;12.22
1879;18;38;25.458;5.25
1880;18;38;25.899;5.22
1881;18;39;26.476;18.64
1882;18;40;15.606;4.58
1883;18;40;15.962;6.51
1884;18;40;18.946;15.52
1885;18;41;73.127;24.76
1886;18;41;85.335;14.4
1887;18;42;23.842;6.78
1888;18;42;24.775;21.03
1889;18;43;28.791;24.74
1890;18;44;15.536;12.55
1891;18;44;12.134;6.52
1892;18;44;18.345;3.47
1893;18;45;7.079;10.97
1894;18;46;30.833;8.64
1895;18;47;15.957;10.49
1896;18;48;48.998;21.67
1897;18;49;16.386;23.4
1898;18;49;17.503;21.3
1899;18;49;18.282;2.83
1900;18;50;52.865;14.48
1901;18;51;52.136;18.58
1902;18;51;61.26;11.6
1903;18;52;17.004;22.22
1904;18;53;18.112;1.22
1905;18;53;16.588;12.04
1906;18;53;18.843;22.88
1907;18;54;28.843;22.12
1908;18;54;29.577;6.33
1909;18;54;27.719;17.31
1910;18;55;17.738;17.04
1911;18;55;17.166;17.95
1912;18;55;17.281;12.51
1913;18;56;19.211;9.58
1914;18;56;19.84;2.03
1915;18;57;33.05;8.12
1916;18;57;36.049;2.81
1917;18;57;30.651;12.11
1918;18;58;10.906;7.82
1919;18;58;13.308;16.74
1920;18;58;9.516;22.53
1921;18;59;9.829;21.81
1922;19;20;104.258;24.89
1923;19;21;53.424;3.68
1924;19;21;53.184;5.99
1925;19;21;41.835;13.69
1926;19;22;58.09;19.66
1927;19;23;63.55;7.09
1928;19;23;52.455;2.55
1929;19;23;72.505;5.33
1930;19;24;57.478;1.5
1931;19;24;67.649;23.33
1932;19;25;42.748;20.1
1933;19;25;39.545;7.45
1934;19;26;56.809;16.37
1935;19;26;49.518;16.1
1936;19;26;69.933;6.34
1937;19;27;71.292;4.77
1938;19;28;60.251;16.27
1939;19;28;59.038;19.76
1940;19;28;70.659;3.62
1941;19;29;74.772;19.67
1942;19;29;79.941;8.32
1943;19;29;69.462;12.59
1944;19;30;72.712;0.81
1945;19;31;65.94;9.37
1946;19;31;53.781;4.11
1947;19;32;68.151;8.33
1948;19;32;64.47;2.06
1949;19;32;60.172;8.43
1950;19;33;59.115;9.85
1951;19;33;58.619;2.09
1952;19;34;96.875;6.9
1953;19;34;112.954;14.55
1954;19;35;21.887;9.19
1955;19;35;24.034;5.78
1956;19;36;82.96;13.49
1957;19;36;76.452;15.59
1958;19;37;104.196;16.31
1959;19;37;91.918;19.46
1960;19;37;99.683;22.21
1961;19;38;52.388;3.69
1962;19;38;58.245;11.99
1963;19;38;53.459;22.38
1964;19;39;65.252;14.31
1965;19;39;74.081;21.24
1966;19;40;52.787;20.82
1967;19;40;49.904;0.7
1968;19;41;93.199;0.24
1969;19;42;66.54;22.7
1970;19;42;66.686;19.02
1971;19;43;48.727;16.24
1972;19;43;53.691;2.82
1973;19;44;55.522;5.81
1974;19;44;65.118;8.82
1975;19;44;43.954;14.16
1976;19;45;61.402;9.39
1977;19;46;70.559;3.02
1978;19;46;65.249;21.38
1979;19;46;61.889;13.5
1980;19;47;52.548;17.46
1981;19;47;55.512;4.19
1982;19;47;63.051;7.94
1983;19;48;73.873;8.09
1984;19;48;82.821;9.96
1985;19;49;52.575;17.0
1986;19;49;41.191;11.28
1987;19;49;57.231;14.93
1988;19;50;19.446;0.07
1989;19;50;17.903;21.38
1990;19;50;24.284;2.2
1991;19;51;17.276;8.95
1992;19;51;14.065;10.59
1993;19;51;20.52;4.95
1994;19;52;73.195;16.0
1995;19;52;66.88;2.79
1996;19;52;78.165;16.39
1997;19;53;57.499;22.3
1998;19;54;97.216;13.49
1999;19;54;116.667;2.92
2000;19;54;95.733;8.86
2001;19;55;68.81;3.24
2002;19;55;61.4;3.23
2003;19;55;85.505;8.26
2004;19;56;66.548;9.76
2005;19;57;99.718;17.17
2006;19;57;120.674;10.19
2007;19;57;92.329;15.34
2008;19;58;57.478;2.32
2009;19;58;56.789;9.36
2010;19;59;74.442;6.96
2011;20;21;88.638;15.01
2012;20;22;83.972;18.38
2013;20;23;75.189;1.74
2014;20;23;67.845;23.18
2015;20;24;84.45;1.76
2016;20;24;100.649;12.94
2017;20;25;88.556;4.02
2018;20;25;78.576;8.98
2019;20;25;97.184;10.11
2020;20;26;85.535;16.94
2021;20;26;69.261;5.27
2022;20;27;87.307;9.73
2023;20;27;73.61;9.75
2024;20;27;77.453;15.67
2025;20;28;79.454;2.86
2026;20;29;29.586;2.93
2027;20;29;23.383;3.39
2028;20;30;66.937;17.59
2029;20;31;93.521;15.66
2030;20;32;96.388;13.92
2031;20;32;119.376;10.5
2032;20;32;118.841;16.08
2033;20;33;99.932;18.99
2034;20;33;97.903;6.68
2035;20;34;89.327;2.09
2036;20;35;93.798;2.16
2037;20;36;38.888;12.73
2038;20;36;39.114;8.84
2039;20;36;43.514;18.71
2040;20;37;106.029;21.25
2041;20;37;80.924;17.69
2042;20;37;116.173;7.51
2043;20;38;68.519;0.1
2044;20;38;56.258;13.99
2045;20;38;84.567;0.29
2046;20;39;59.503;5.94
2047;20;39;62.64;0.23
2048;20;40;85.65;14.04
2049;20;40;72.47;19.71
2050;20;40;72.662;13.75
2051;20;41;12.409;2.89
2052;20;41;11.181;1.93
2053;20;42;61.618;0.93
2054;20;43;103.288;9.68
2055;20;43;89.737;21.53
2056;20;44;92.705;18.85
2057;20;44;92.574;6.65
2058;20;44;76.883;4.36
2059;20;45;83.549;14.51
2060;20;45;85.389;17.18
2061;20;46;54.287;19.42
2062;20;47;86.837;13.73
2063;20;48;37.38;23.23
2064;20;48;34.697;1.37
2065;20;48;28.829;13.13
2066;20;49;88.868;12.7
2067;20;49;103.314;7.29
2068;20;50;86.607;5.8
2069;20;51;100.154;18.24
2070;20;51;123.727;1.79
2071;20;51;81.083;10.09
2072;20;52;68.717;11.04
2073;20;52;65.223;8.86
2074;20;53;71.655;23.96
2075;20;53;60.598;0.63
2076;20;53;84.607;2.45
2077;20;54;92.806;4.15
2078;20;55;67.282;2.01
2079;20;55;71.09;19.93
2080;20;56;66.075;2.98
2081;20;56;72.639;0.91
2082;20;57;104.517;22.63
2083;20;58;84.45;7.12
2084;20;58;105.343;20.1
2085;20;58;74.589;20.55
2086;20;59;93.673;15.54
2087;20;59;108.131;22.31
2088;21;22;6.494;18.04
2089;21;22;6.941;19.69
2090;21;22;7.928;16.37
2091;21;23;16.247;20.2
2092;21;24;5.739;8.19
2093;21;25;10.724;4.22
2094;21;25;11.447;15.38
2095;21;25;11.78;0.83
2096;21;26;4.534;11.54
2097;21;26;3.985;2.13
2098;21;26;3.603;0.55
2099;21;27;18.039;8.42
2100;21;27;18.049;3.94
2101;21;27;14.807;2.72
2102;21;28;11.129;2.69
2103;21;29;66.528;8.38
2104;21;29;68.677;5.41
2105;21;30;27.876;21.85
2106;21;31;13.091;7.38
2107;21;32;15.946;3.57
2108;21;32;14.961;1.14
2109;21;32;15.231;19.88
2110;21;33;12.165;22.71
2111;21;33;14.681;18.57
2112;21;34;44.025;18.64
2113;21;34;47.04;9.96
2114;21;34;46.734;21.24
2115;21;35;31.563;14.59
2116;21;36;52.517;9.12
2117;21;36;51.13;2.55
2118;21;36;45.529;20.53
2119;21;37;50.916;21.86
2120;21;37;38.274;14.49
2121;21;38;21.079;18.6
2122;21;39;29.633;21.34
2123;21;39;33.371;14.7
2124;21;40;3.09;7.63
2125;21;40;2.804;1.37
2126;21;41;76.293;23.67
2127;21;42;28.231;22.55
2128;21;43;15.879;23.0
2129;21;43;17.898;2.14
2130;21;43;11.99;9.73
2131;21;44;4.52;12.41
2132;21;44;4.766;24.37
2133;21;45;9.394;1.97
2134;21;46;35.639;24.67
2135;21;46;40.543;15.71
2136;21;46;40.699;12.2
2137;21;47;2.034;22.93
2138;21;47;2.535;8.81
2139;21;47;2.436;8.39
2140;21;48;51.287;17.39
2141;21;48;56.723;13.98
2142;21;49;0.875;6.83
2143;21;49;0.843;2.06
2144;21;50;39.319;13.74
2145;21;50;32.514;23.15
2146;21;50;37.733;19.87
2147;21;51;36.834;6.95
2148;21;52;27.172;20.54
2149;21;53;17.038;13.11
2150;21;53;15.916;1.71
2151;21;53;15.37;10.92
2152;21;54;44.013;13.92
2153;21;55;25.046;13.36
2154;21;56;24.692;3.45
2155;21;56;22.35;4.18
2156;21;57;46.495;19.3
2157;21;57;34.979;10.11
2158;21;57;57.394;20.19
2159;21;58;5.739;3.73
2160;21;58;4.706;2.65
2161;21;58;5.528;3.89
2162;21;59;21.172;19.13
2163;22;23;9.969;21.91
2164;22;24;0.76;12.1
2165;22;24;0.659;20.44
2166;22;24;0.818;11.51
2167;22;25;15.628;13.95
2168;22;26;1.983;0.98
2169;22;26;1.632;4.21
2170;22;26;2.061;8.58
2171;22;27;13.464;22.92
2172;22;28;4.879;24.25
2173;22;28;4.861;14.74
2174;22;29;63.257;14.65
2175;22;29;70.954;0.55
2176;22;30;21.505;7.38
2177;22;31;11.952;0.41
2178;22;31;14.151;13.46
2179;22;31;10.38;12.8
2180;22;32;15.254;2.68
2181;22;32;13.16;1.66
2182;22;32;15.181;4.9
2183;22;33;15.964;18.85
2184;22;34;38.807;0.82
2185;22;35;36.234;6.86
2186;22;35;31.375;20.84
2187;22;36;47.035;8.89
2188;22;37;47.239;9.37
2189;22;37;45.646;14.76
2190;22;38;18.455;1.75
2191;22;38;18.561;7.02
2192;22;39;24.519;18.33
2193;22;39;25.529;2.77
2194;22;40;5.468;4.0
2195;22;40;4.401;15.31
2196;22;40;5.428;21.98
2197;22;41;71.72;3.93
2198;22;42;22.745;18.91
2199;22;42;24.212;13.45
2200;22;42;20.737;6.04
2201;22;43;22.147;1.19
2202;22;43;24.299;16.51
2203;22;43;25.928;8.45
2204;22;44;9.141;3.87
2205;22;45;3.328;6.72
2206;22;45;2.817;15.77
2207;22;45;4.133;2.89
2208;22;46;30.23;20.29
2209;22;46;30.96;11.13
2210;22;47;6.106;23.91
2211;22;48;46.819;4.5
2212;22;48;42.115;6.48
2213;22;48;56.801;6.47
2214;22;49;7.248;8.75
2215;22;50;42.64;9.34
2216;22;50;40.941;20.04
2217;22;51;42.003;3.17
2218;22;51;32.546;2.67
2219;22;51;38.096;10.91
2220;22;52;20.726;8.88
2221;22;53;12.617;21.36
2222;22;54;39.156;23.19
2223;22;54;38.725;21.84
2224;22;54;37.081;11.5
2225;22;55;18.873;2.13
2226;22;55;15.066;10.44
2227;22;56;18.835;23.33
2228;22;57;42.971;3.64
2229;22;57;32.944;3.06
2230;22;57;34.319;6.57
2231;22;58;0.76;9.58
2232;22;58;0.823;15.13
2233;22;59;18.196;14.41
2234;23;24;10.664;5.78
2235;23;25;23.195;19.73
2236;23;25;25.215;21.51
2237;23;26;11.916;6.15
2238;23;27;14.274;1.34
2239;23;28;5.126;15.41
2240;23;28;6.341;13.17
2241;23;28;5.844;2.57
2242;23;29;56.41;5.73
2243;23;29;63.036;5.86
2244;23;29;48.359;21.24
2245;23;30;11.648;1.55
2246;23;30;13.712;3.97
2247;23;31;18.422;8.64
2248;23;31;22.62;4.89
2249;23;31;16.06;6.62
2250;23;32;21.46;14.81
2251;23;32;16.782;24.93
2252;23;33;25.351;17.01
2253;23;33;25.869;22.15
2254;23;33;25.01;4.61
2255;23;34;34.629;20.35
2256;23;34;30.852;10.17
2257;23;34;39.176;22.35
2258;23;35;42.199;8.24
2259;23;35;32.008;23.87
2260;23;36;37.522;11.41
2261;23;36;37.588;20.0
2262;23;37;46.158;7.26
2263;23;37;42.867;5.17
2264;23;38;15.322;6.45
2265;23;39;15.883;6.56
2266;23;40;14.254;11.23
2267;23;41;63.095;6.16
2268;23;41;47.566;2.91
2269;23;41;77.909;4.81
2270;23;42;13.572;24.39
2271;23;43;32.075;10.27
2272;23;43;27.108;1.7
2273;23;44;19.057;12.83
2274;23;44;15.756;6.28
2275;23;44;16.544;7.74
2276;23;45;8.507;6.93
2277;23;46;20.965;25.0
2278;23;46;16.635;16.11
2279;23;47;15.282;14.76
2280;23;48;38.546;13.31
2281;23;48;30.009;14.23
2282;23;49;16.888;11.36
2283;23;49;15.968;4.35
2284;23;49;12.811;18.98
2285;23;50;46.32;6.69
2286;23;51;48.598;9.81
2287;23;51;52.291;11.77
2288;23;52;11.104;6.3
2289;23;52;10.446;3.04
2290;23;52;9.073;21.52
2291;23;53;7.787;0.35
2292;23;54;35.865;10.49
2293;23;54;34.914;1.12
2294;23;55;8.916;3.98
2295;23;55;10.238;24.3
2296;23;55;8.771;4.99
2297;23;56;9.217;23.1
2298;23;56;7.972;6.27
2299;23;56;7.852;7.24
2300;23;57;42.345;7.28
2301;23;58;10.664;4.63
2302;23;59;20.827;5.79
2303;23;59;15.812;4.14
2304;24;25;14.954;2.84
2305;24;25;16.588;15.88
2306;24;25;17.528;10.59
2307;24;26;1.253;15.37
2308;24;26;1.392;18.13
2309;24;27;13.977;8.25
2310;24;27;16.147;14.33
2311;24;28;5.552;21.19
2312;24;28;6.509;18.34
2313;24;29;63.546;16.14
2314;24;29;64.798;7.76
2315;24;30;22.227;16.23
2316;24;30;25.474;14.18
2317;24;30;16.815;16.78
2318;24;31;11.984;13.9
2319;24;32;15.269;1.36
2320;24;33;15.483;22.95
2321;24;33;13.049;2.12
2322;24;34;39.442;3.69
2323;24;34;30.563;3.94
2324;24;35;35.612;22.43
2325;24;35;42.612;20.58
2326;24;36;47.619;20.74
2327;24;37;47.699;4.33
2328;24;37;57.9;23.84
2329;24;38;18.593;9.05
2330;24;38;15.335;16.91
2331;24;39;25.033;11.31
2332;24;39;22.586;14.87
2333;24;39;22.495;14.88
2334;24;40;4.777;11.86
2335;24;40;5.965;16.1
2336;24;40;5.872;12.94
2337;24;41;72.184;21.98
2338;24;41;77.101;11.98
2339;24;42;23.314;3.36
2340;24;42;23.262;13.41
2341;24;43;21.427;19.11
2342;24;43;18.125;8.0
2343;24;43;19.693;8.5
2344;24;44;8.515;3.21
2345;24;44;7.004;21.07
2346;24;45;4.002;19.63
2347;24;45;4.532;7.04
2348;24;45;4.449;14.67
2349;24;46;30.794;7.84
2350;24;46;35.67;18.44
2351;24;47;5.368;16.26
2352;24;47;6.676;1.54
2353;24;47;5.15;15.56
2354;24;48;47.259;4.28
2355;24;49;6.489;5.55
2356;24;50;42.153;13.35
2357;24;51;41.339;7.62
2358;24;52;21.465;9.36
2359;24;52;17.313;24.85
2360;24;52;22.362;23.96
2361;24;53;12.982;13.53
2362;24;54;39.749;19.14
2363;24;54;45.302;9.94
2364;24;55;19.555;11.33
2365;24;55;19.833;24.2
2366;24;56;19.461;11.13
2367;24;56;17.723;13.48
2368;24;57;43.41;6.07
2369;24;57;42.738;22.6
2370;24;58;0.0;0.73
2371;24;58;0.0;18.71
2372;24;59;18.52;0.02
2373;24;59;21.08;2.93
2374;25;26;14.157;2.19
2375;25;26;16.508;13.01
2376;25;27;28.563;10.5
2377;25;27;35.46;4.02
2378;25;27;25.253;4.77
2379;25;28;18.772;13.02
2380;25;28;19.456;11.93
2381;25;28;17.619;12.46
2382;25;29;63.918;0.4
2383;25;29;75.321;21.94
2384;25;30;34.368;9.16
2385;25;30;35.274;9.68
2386;25;30;42.1;6.37
2387;25;31;23.636;11.28
2388;25;31;24.067;1.32
2389;25;32;26.25;3.36
2390;25;32;24.888;17.17
2391;25;33;19.544;1.47
2392;25;33;17.627;20.64
2393;25;34;54.354;0.35
2394;25;34;50.641;0.13
2395;25;34;58.803;23.91
2396;25;35;20.867;14.95
2397;25;35;19.089;18.57
2398;25;35;15.705;21.98
2399;25;36;55.082;16.84
2400;25;37;61.638;23.43
2401;25;38;20.283;13.36
2402;25;38;19.777;15.16
2403;25;39;32.328;3.94
2404;25;40;10.181;11.32
2405;25;41;76.152;4.68
2406;25;41;61.868;17.37
2407;25;42;31.901;3.88
2408;25;43;15.711;15.57
2409;25;44;13.583;3.84
2410;25;44;10.958;21.62
2411;25;44;10.954;11.18
2412;25;45;18.951;1.09
2413;25;45;22.077;9.9
2414;25;45;20.905;6.93
2415;25;46;38.637;19.63
2416;25;47;9.821;15.54
2417;25;48;51.445;10.74
2418;25;48;38.706;12.57
2419;25;48;51.952;2.42
2420;25;49;9.9;5.66
2421;25;49;12.217;12.82
2422;25;49;8.586;1.17
2423;25;50;28.912;22.5
2424;25;50;29.225;6.51
2425;25;51;26.392;7.54
2426;25;51;22.333;10.94
2427;25;51;20.09;0.15
2428;25;52;34.163;17.26
2429;25;53;20.169;18.94
2430;25;53;18.035;23.74
2431;25;54;54.528;0.62
2432;25;54;60.621;1.97
2433;25;54;44.612;8.59
2434;25;55;30.866;9.15
2435;25;55;30.96;10.88
2436;25;55;34.178;11.08
2437;25;56;29.595;16.54
2438;25;56;25.608;9.04
2439;25;57;57.211;24.42
2440;25;58;14.954;12.11
2441;25;58;13.041;18.28
2442;25;59;31.884;9.7
2443;25;59;24.252;20.54
2444;25;59;37.253;13.79
2445;26;27;14.514;7.95
2446;26;27;15.829;8.33
2447;26;27;11.842;1.91
2448;26;28;6.801;11.01
2449;26;28;7.368;8.06
2450;26;29;64.413;18.25
2451;26;30;23.479;6.93
2452;26;31;11.693;17.18
2453;26;31;8.955;14.61
2454;26;32;14.928;11.34
2455;26;33;14.427;17.96
2456;26;34;40.197;8.03
2457;26;35;34.926;23.25
2458;26;35;37.126;13.99
2459;26;36;48.806;17.01
2460;26;36;45.023;0.37
2461;26;36;57.811;17.05
2462;26;37;48.082;21.79
2463;26;38;19.289;6.73
2464;26;38;14.974;12.8
2465;26;39;26.162;13.78
2466;26;39;26.167;10.07
2467;26;39;22.111;19.92
2468;26;40;4.023;6.69
2469;26;40;3.457;23.61
2470;26;41;73.254;1.08
2471;26;42;24.494;2.01
2472;26;42;19.38;7.14
2473;26;42;22.823;16.21
2474;26;43;20.174;2.94
2475;26;43;19.469;16.98
2476;26;43;20.136;20.97
2477;26;44;7.314;19.32
2478;26;44;6.225;9.46
2479;26;44;9.005;19.77
2480;26;45;4.963;5.72
2481;26;45;5.64;9.09
2482;26;45;3.812;20.17
2483;26;46;31.968;8.29
2484;26;46;39.784;18.35
2485;26;46;25.972;4.65
2486;26;47;4.399;23.63
2487;26;47;4.666;9.83
2488;26;47;4.342;21.05
2489;26;48;48.307;14.43
2490;26;48;39.811;16.76
2491;26;48;52.097;1.92
2492;26;49;5.314;21.39
2493;26;49;5.196;7.08
2494;26;49;5.683;15.63
2495;26;50;41.765;4.21
2496;26;51;40.544;2.83
2497;26;51;50.552;3.33
2498;26;51;49.338;14.17
2499;26;52;22.709;5.88
2500;26;53;13.976;7.67
2501;26;53;14.555;11.41
2502;26;54;40.41;12.99
2503;26;54;45.197;22.91
2504;26;54;36.735;22.5
2505;26;55;20.804;20.9
2506;26;55;24.378;11.47
2507;26;56;20.682;3.36
2508;26;57;43.755;13.72
2509;26;57;52.799;13.42
2510;26;58;1.253;12.47
2511;26;59;18.686;1.34
2512;26;59;18.153;7.93
2513;27;28;13.365;21.79
2514;27;28;14.328;13.95
2515;27;28;16.238;13.61
2516;27;29;70.322;15.62
2517;27;29;70.796;14.72
2518;27;29;74.892;18.17
2519;27;30;20.445;9.72
2520;27;30;19.783;22.28
2521;27;30;19.633;13.24
2522;27;31;8.953;23.26
2523;27;31;9.929;15.22
2524;27;32;10.342;0.57
2525;27;32;10.592;24.67
2526;27;33;19.327;23.07
2527;27;34;26.038;3.71
2528;27;34;30.096;2.09
2529;27;35;49.405;6.42
2530;27;35;51.196;1.42
2531;27;36;48.658;3.1
2532;27;36;48.696;8.75
2533;27;37;33.83;9.32
2534;27;38;28.942;24.91
2535;27;38;29.045;14.45
2536;27;39;29.347;3.1
2537;27;39;26.04;1.29
2538;27;39;32.072;10.58
2539;27;40;18.534;4.84
2540;27;41;75.54;19.71
2541;27;41;69.884;4.75
2542;27;42;26.6;22.57
2543;27;42;24.001;13.96
2544;27;42;28.935;18.18
2545;27;43;30.057;5.94
2546;27;44;17.313;0.9
2547;27;44;17.465;11.98
2548;27;45;10.358;13.37
2549;27;45;9.464;14.21
2550;27;46;33.349;2.21
2551;27;47;18.747;9.33
2552;27;47;22.43;24.58
2553;27;47;22.415;18.95
2554;27;48;51.688;2.4
2555;27;48;39.87;14.44
2556;27;49;18.911;4.93
2557;27;49;18.111;24.51
2558;27;50;56.101;7.02
2559;27;51;54.858;18.52
2560;27;51;44.864;15.08
2561;27;51;48.863;1.04
2562;27;52;18.76;18.11
2563;27;53;21.558;20.97
2564;27;54;25.983;5.96
2565;27;54;26.218;22.12
2566;27;55;20.207;16.25
2567;27;55;18.974;9.04
2568;27;55;18.063;19.88
2569;27;56;21.956;14.68
2570;27;56;17.109;21.26
2571;27;56;24.697;24.81
2572;27;57;29.628;3.94
2573;27;58;13.977;21.95
2574;27;58;16.236;6.75
2575;27;58;14.642;6.65
2576;27;59;6.651;2.59
2577;28;29;59.499;13.15
2578;28;29;49.955;5.2
2579;28;30;16.748;4.65
2580;28;30;18.772;6.41
2581;28;30;20.334;11.28
2582;28;31;14.945;6.27
2583;28;31;14.397;22.28
2584;28;31;11.477;19.16
2585;28;32;18.193;7.9
2586;28;32;17.491;7.75
2587;28;32;20.928;16.53
2588;28;33;20.617;3.14
2589;28;33;16.019;1.37
2590;28;33;23.481;10.34
2591;28;34;36.879;17.88
2592;28;35;38.597;20.85
2593;28;35;35.412;18.96
2594;28;36;42.246;6.73
2595;28;37;46.874;11.48
2596;28;37;38.173;3.38
2597;28;37;47.084;1.29
2598;28;38;15.85;12.09
2599;28;38;12.408;13.99
2600;28;39;19.951;11.94
2601;28;39;24.275;17.11
2602;28;40;9.29;8.65
2603;28;40;8.573;3.22
2604;28;41;67.256;7.53
2605;28;42;18.012;12.15
2606;28;43;26.949;1.26
2607;28;43;27.033;8.31
2608;28;43;24.389;22.15
2609;28;44;14.015;18.85
2610;28;44;12.803;23.03
2611;28;44;13.783;4.03
2612;28;45;4.319;0.17
2613;28;45;3.868;0.38
2614;28;45;4.896;19.42
2615;28;46;25.495;22.82
2616;28;47;10.255;20.46
2617;28;47;9.438;14.38
2618;28;47;8.349;3.84
2619;28;48;42.459;11.4
2620;28;48;37.308;7.83
2621;28;48;34.276;20.22
2622;28;49;11.787;13.65
2623;28;49;10.274;5.79
2624;28;50;43.795;24.85
2625;28;51;44.744;24.28
2626;28;51;34.796;21.0
2627;28;51;39.004;21.01
2628;28;52;16.093;14.37
2629;28;53;8.934;3.61
2630;28;53;8.985;9.11
2631;28;54;37.659;21.11
2632;28;54;37.972;9.4
2633;28;54;28.838;20.03
2634;28;55;14.003;17.18
2635;28;55;13.732;6.38
2636;28;56;13.986;17.15
2637;28;57;42.802;23.52
2638;28;57;46.901;12.18
2639;28;57;43.065;15.46
2640;28;58;5.552;22.33
2641;28;58;5.263;2.88
2642;28;58;4.846;19.4
2643;28;59;19.29;11.01
2644;28;59;15.463;13.31
2645;28;59;22.034;0.34
2646;29;30;51.946;19.77
2647;29;30;44.669;6.16
2648;29;30;42.269;2.2
2649;29;31;74.426;6.42
2650;29;31;89.843;0.03
2651;29;32;77.629;4.98
2652;29;32;59.077;18.12
2653;29;32;76.62;8.86
2654;29;33;78.579;15.73
2655;29;33;94.332;4.38
2656;29;34;80.577;19.21
2657;29;34;85.051;21.24
2658;29;34;88.748;21.07
2659;29;35;65.697;10.86
2660;29;35;56.088;18.54
2661;29;36;30.799;12.14
2662;29;36;24.217;14.17
2663;29;37;96.476;5.27
2664;29;37;86.513;18.78
2665;29;38;45.45;6.62
2666;29;38;38.427;19.57
2667;29;39;41.023;17.69
2668;29;39;37.491;12.26
2669;29;39;49.235;24.19
2670;29;40;63.438;9.87
2671;29;40;72.949;4.07
2672;29;40;60.664;20.8
2673;29;41;19.736;24.66
2674;29;41;23.045;5.12
2675;29;42;43.898;17.96
2676;29;42;33.299;15.78
2677;29;42;46.119;6.33
2678;29;43;79.455;13.72
2679;29;43;60.308;17.06
2680;29;44;70.959;5.07
2681;29;44;55.424;24.74
2682;29;44;66.153;1.55
2683;29;45;63.818;7.83
2684;29;45;67.749;13.05
2685;29;46;38.213;7.45
2686;29;47;64.545;18.14
2687;29;47;57.998;8.01
2688;29;48;20.49;5.72
2689;29;48;25.511;4.81
2690;29;49;66.538;6.85
2691;29;49;80.051;7.37
2692;29;50;57.561;6.03
2693;29;51;71.704;12.35
2694;29;52;53.837;24.41
2695;29;52;48.981;22.22
2696;29;52;58.219;21.69
2697;29;53;50.703;10.18
2698;29;54;83.52;22.14
2699;29;54;71.687;11.23
2700;29;54;83.513;1.65
2701;29;55;50.638;4.67
2702;29;56;48.486;17.53
2703;29;56;58.677;8.72
2704;29;57;93.842;10.41
2705;29;58;63.546;9.89
2706;29;58;47.74;0.92
2707;29;59;76.973;0.65
2708;29;59;73.238;24.62
2709;30;31;27.607;8.96
2710;30;31;32.022;2.9
2711;30;31;25.351;24.42
2712;30;32;30.089;22.68
2713;30;33;36.11;20.6
2714;30;34;30.687;20.55
2715;30;35;52.081;23.17
2716;30;36;28.214;21.21
2717;30;36;25.55;7.2
2718;30;37;45.24;7.33
2719;30;37;55.101;24.0
2720;30;38;20.863;6.88
2721;30;38;24.518;23.01
2722;30;39;12.186;22.0
2723;30;40;25.88;6.27
2724;30;40;25.209;20.7
2725;30;41;55.307;18.88
2726;30;42;9.199;24.66
2727;30;42;10.526;2.81
2728;30;43;43.651;13.86
2729;30;43;49.653;1.1
2730;30;43;52.253;23.75
2731;30;44;30.433;13.87
2732;30;44;28.603;4.47
2733;30;44;25.249;22.37
2734;30;45;19.469;16.39
2735;30;46;13.78;1.72
2736;30;46;14.554;17.03
2737;30;46;13.653;11.22
2738;30;47;26.925;23.8
2739;30;47;22.089;24.58
2740;30;47;29.379;7.26
2741;30;48;32.227;21.61
2742;30;48;37.02;0.96
2743;30;48;34.036;10.61
2744;30;49;28.531;4.26
2745;30;49;28.574;3.9
2746;30;50;54.436;4.76
2747;30;50;57.559;16.81
2748;30;50;62.819;13.0
2749;30;51;58.771;18.47
2750;30;52;1.897;21.85
2751;30;53;15.297;23.68
2752;30;54;32.979;16.58
2753;30;54;36.676;24.14
2754;30;55;3.909;17.58
2755;30;55;3.936;4.18
2756;30;56;6.471;23.05
2757;30;56;6.002;15.42
2758;30;57;42.212;15.63
2759;30;57;35.038;4.19
2760;30;57;36.078;0.33
2761;30;58;22.227;5.83
2762;30;58;22.236;13.24
2763;30;59;26.736;20.45
2764;31;32;3.31;12.06
2765;31;32;3.401;12.63
2766;31;33;10.457;2.28
2767;31;33;10.975;18.39
2768;31;33;12.084;19.03
2769;31;34;33.563;22.76
2770;31;34;30.958;18.5
2771;31;35;44.226;16.61
2772;31;35;48.266;5.39
2773;31;36;55.415;6.13
2774;31;36;48.657;19.18
2775;31;36;51.959;16.52
2776;31;37;38.272;7.92
2777;31;38;30.3;23.35
2778;31;38;30.68;8.86
2779;31;39;34.301;2.32
2780;31;40;14.979;8.33
2781;31;40;18.248;21.75
2782;31;41;81.482;9.4
2783;31;42;31.95;7.27
2784;31;42;25.014;12.25
2785;31;42;28.947;7.67
2786;31;43;21.705;13.43
2787;31;43;18.756;22.93
2788;31;44;10.432;9.84
2789;31;44;10.937;22.17
2790;31;45;10.632;3.73
2791;31;45;8.063;7.53
2792;31;46;39.235;0.2
2793;31;46;29.921;0.93
2794;31;47;14.611;3.16
2795;31;48;56.963;8.79
2796;31;48;49.887;5.11
2797;31;48;55.29;9.88
2798;31;49;13.833;13.27
2799;31;49;13.03;3.2
2800;31;49;10.906;14.52
2801;31;50;52.403;20.32
2802;31;50;51.143;20.27
2803;31;51;48.996;10.58
2804;31;52;26.162;1.25
2805;31;53;23.848;2.48
2806;31;54;32.852;1.57
2807;31;55;26.395;4.75
2808;31;56;27.446;8.55
2809;31;57;33.781;21.0
2810;31;58;11.984;12.38
2811;31;58;10.767;10.13
2812;31;58;9.099;5.13
2813;31;59;8.671;6.37
2814;31;59;7.367;4.82
2815;31;59;7.454;5.35
2816;32;33;10.697;20.91
2817;32;33;10.766;4.3
2818;32;34;32.982;8.24
2819;32;35;46.577;3.57
2820;32;35;35.53;19.63
2821;32;36;58.104;4.88
2822;32;37;36.293;20.88
2823;32;37;36.149;23.37
2824;32;38;33.609;2.33
2825;32;38;31.452;12.53
2826;32;38;34.771;9.8
2827;32;39;37.336;13.71
2828;32;39;41.267;6.99
2829;32;40;18.056;4.12
2830;32;41;84.406;3.36
2831;32;41;80.554;10.33
2832;32;41;65.577;0.49
2833;32;42;34.908;13.77
2834;32;42;40.948;4.78
2835;32;43;22.49;17.47
2836;32;44;12.744;8.45
2837;32;45;13.893;3.73
2838;32;45;13.791;5.77
2839;32;46;42.114;4.61
2840;32;47;17.596;2.49
2841;32;48;59.995;23.45
2842;32;48;45.872;18.82
2843;32;49;16.63;8.25
2844;32;49;14.261;10.71
2845;32;50;55.131;1.39
2846;32;50;64.951;5.75
2847;32;50;48.564;0.65
2848;32;51;51.076;11.11
2849;32;51;58.11;14.65
2850;32;51;61.573;22.85
2851;32;52;28.551;5.83
2852;32;53;27.113;4.19
2853;32;54;31.925;5.03
2854;32;54;36.409;8.89
2855;32;55;29.146;6.47
2856;32;55;29.722;8.29
2857;32;55;32.715;0.76
2858;32;56;30.354;0.25
2859;32;56;28.92;0.81
2860;32;57;31.76;13.78
2861;32;57;34.786;19.47
2862;32;57;30.735;10.51
2863;32;58;15.269;13.34
2864;32;58;18.96;4.28
2865;32;59;7.648;17.3
2866;32;59;7.38;1.3
2867;32;59;9.408;14.55
2868;33;34;43.638;24.4
2869;33;34;37.559;8.05
2870;33;35;38.132;21.73
2871;33;35;40.102;6.21
2872;33;35;35.916;3.48
2873;33;36;62.834;10.7
2874;33;36;53.046;14.77
2875;33;37;46.408;13.2
2876;33;37;55.974;6.16
2877;33;38;33.169;17.67
2878;33;38;33.387;0.39
2879;33;38;25.6;21.79
2880;33;39;40.48;16.38
2881;33;40;15.226;24.94
2882;33;40;12.714;8.1
2883;33;41;87.667;2.27
2884;33;41;83.454;16.54
2885;33;41;95.576;3.67
2886;33;42;38.629;11.29
2887;33;42;44.878;3.34
2888;33;43;11.863;17.7
2889;33;44;7.656;19.11
2890;33;45;16.864;6.43
2891;33;45;12.866;10.69
2892;33;46;46.112;0.89
2893;33;46;37.395;19.47
2894;33;46;39.444;15.42
2895;33;47;14.195;23.81
2896;33;48;62.732;21.64
2897;33;49;12.321;17.41
2898;33;49;13.975;11.76
2899;33;49;15.364;1.0
2900;33;50;47.925;8.71
2901;33;50;43.43;16.55
2902;33;51;41.861;22.15
2903;33;51;48.265;20.69
2904;33;52;34.924;10.06
2905;33;52;42.61;7.59
2906;33;53;28.397;14.37
2907;33;54;42.621;7.1
2908;33;54;32.993;12.89
2909;33;55;34.137;16.17
2910;33;55;34.88;5.89
2911;33;56;34.524;2.39
2912;33;57;41.858;20.44
2913;33;58;15.483;24.16
2914;33;58;12.168;16.23
2915;33;59;18.315;19.09
2916;34;35;75.039;13.58
2917;34;35;74.955;19.73
2918;34;36;51.963;3.85
2919;34;36;51.147;24.24
2920;34;37;16.702;3.66
2921;34;38;49.387;13.91
2922;34;38;52.861;20.79
2923;34;39;42.859;11.87
2924;34;40;44.188;15.16
2925;34;40;38.714;5.94
2926;34;41;79.353;1.31
2927;34;41;62.483;12.08
2928;34;42;39.886;21.43
2929;34;43;55.244;14.09
2930;34;43;66.362;23.34
2931;34;43;52.861;4.58
2932;34;44;43.229;19.21
2933;34;44;50.199;16.13
2934;34;44;36.475;1.86
2935;34;45;35.485;3.98
2936;34;45;40.045;22.13
2937;34;45;33.279;20.55
2938;34;46;43.122;9.51
2939;34;46;35.182;24.03
2940;34;46;46.507;9.17
2941;34;47;44.56;12.58
2942;34;47;52.256;23.35
2943;34;47;41.081;18.49
2944;34;48;60.114;21.47
2945;34;48;71.274;11.52
2946;34;49;44.899;1.32
2947;34;49;51.238;4.3
2948;34;49;44.173;10.09
2949;34;50;80.646;17.2
2950;34;50;93.416;20.03
2951;34;51;80.739;2.83
2952;34;52;29.078;16.17
2953;34;53;42.132;19.41
2954;34;54;3.646;20.72
2955;34;54;2.77;9.92
2956;34;54;2.832;15.99
2957;34;55;33.698;19.34
2958;34;55;32.46;8.66
2959;34;56;36.524;1.62
2960;34;57;15.72;17.85
2961;34;57;13.519;3.91
2962;34;57;11.883;9.63
2963;34;58;39.442;3.6
2964;34;58;35.619;13.4
2965;34;59;25.336;22.91
2966;35;36;66.473;10.39
2967;35;37;82.42;9.79
2968;35;37;89.814;16.17
2969;35;38;32.85;18.66
2970;35;38;38.076;7.27
2971;35;39;46.214;17.96
2972;35;39;36.27;20.24
2973;35;40;30.906;16.59
2974;35;41;81.826;14.29
2975;35;42;46.969;18.8
2976;35;42;58.451;15.95
2977;35;43;28.986;21.08
2978;35;43;25.781;22.23
2979;35;43;22.256;13.04
2980;35;44;33.86;19.23
2981;35;44;31.792;3.97
2982;35;44;40.773;0.7
2983;35;45;39.554;1.73
2984;35;45;32.14;4.47
2985;35;45;38.738;13.19
2986;35;46;52.084;16.58
2987;35;46;43.775;7.98
2988;35;47;30.661;24.98
2989;35;48;59.367;11.61
2990;35;48;64.509;0.2
2991;35;49;30.721;20.63
2992;35;49;28.255;5.45
2993;35;50;12.158;19.06
2994;35;50;9.188;21.36
2995;35;50;11.362;21.86
2996;35;51;7.003;3.03
2997;35;51;6.388;8.18
2998;35;51;6.385;16.88
2999;35;52;52.353;24.35
3000;35;53;36.791;10.5
3001;35;53;29.461;0.18
3002;35;53;36.884;16.08
3003;35;54;75.336;4.55
3004;35;54;59.271;23.19
3005;35;54;77.37;2.3
3006;35;55;48.236;14.12
3007;35;56;46.23;2.15
3008;35;56;35.723;1.58
3009;35;56;34.788;1.1
3010;35;57;77.963;5.31
3011;35;57;83.391;19.91
3012;35;57;95.26;12.98
3013;35;58;35.612;22.82
3014;35;59;52.651;0.1
3015;35;59;62.077;17.29
3016;36;37;68.492;5.6
3017;36;37;63.719;24.62
3018;36;37;54.697;13.72
3019;36;38;35.147;8.74
3020;36;39;23.013;0.18
3021;36;40;49.773;14.31
3022;36;40;51.27;3.78
3023;36;40;40.246;7.26
3024;36;41;27.764;19.08
3025;36;42;24.317;14.32
3026;36;42;18.461;23.51
3027;36;43;68.108;19.12
3028;36;44;56.12;4.78
3029;36;44;52.72;13.91
3030;36;44;52.885;7.8
3031;36;45;46.029;11.02
3032;36;45;43.931;1.15
3033;36;45;49.439;18.65
3034;36;46;16.878;3.08
3035;36;47;50.965;8.89
3036;36;47;40.692;10.46
3037;36;48;12.143;9.53
3038;36;49;52.921;19.44
3039;36;49;48.453;2.92
3040;36;50;63.534;1.43
3041;36;51;73.446;16.13
3042;36;51;74.285;13.38
3043;36;52;29.941;1.12
3044;36;52;29.941;17.75
3045;36;53;35.723;7.93
3046;36;53;29.736;6.06
3047;36;53;38.3;8.39
3048;36;54;55.241;3.35
3049;36;54;57.08;10.79
3050;36;55;29.026;19.9
3051;36;56;28.316;3.52
3052;36;56;32.024;17.93
3053;36;57;66.521;2.33
3054;36;57;65.204;7.56
3055;36;58;47.619;23.22
3056;36;59;54.909;23.01
3057;37;38;61.476;14.36
3058;37;38;50.792;17.06
3059;37;39;57.301;7.68
3060;37;40;52.029;24.14
3061;37;41;95.994;13.4
3062;37;41;119.331;18.28
3063;37;41;81.149;14.95
3064;37;42;54.257;3.26
3065;37;42;49.829;14.7
3066;37;43;58.187;3.46
3067;37;43;46.196;14.37
3068;37;43;70.055;22.2
3069;37;44;48.704;24.66
3070;37;44;41.682;8.24
3071;37;44;57.811;5.46
3072;37;45;44.188;18.14
3073;37;46;58.502;14.23
3074;37;47;52.036;13.95
3075;37;47;59.167;12.14
3076;37;48;76.122;4.04
3077;37;48;76.912;18.75
3078;37;49;51.739;14.16
3079;37;50;89.842;21.83
3080;37;50;83.773;15.62
3081;37;50;78.25;3.91
3082;37;51;87.263;16.71
3083;37;52;43.444;11.35
3084;37;52;47.552;7.1
3085;37;53;53.945;8.9
3086;37;54;13.266;21.13
3087;37;55;47.616;17.36
3088;37;56;50.322;18.67
3089;37;56;61.905;21.18
3090;37;57;4.55;0.86
3091;37;57;4.995;2.48
3092;37;58;47.699;1.46
3093;37;58;53.575;22.84
3094;37;58;42.479;0.91
3095;37;59;29.769;16.38
3096;38;39;13.392;22.67
3097;38;39;15.714;23.82
3098;38;39;11.649;6.76
3099;38;40;17.99;4.77
3100;38;40;19.65;23.51
3101;38;41;56.111;23.1
3102;38;41;48.816;24.59
3103;38;42;14.211;17.82
3104;38;42;11.164;13.43
3105;38;43;34.798;5.21
3106;38;43;37.879;19.92
3107;38;43;40.64;4.84
3108;38;44;25.527;0.44
3109;38;44;21.267;18.88
3110;38;45;19.896;4.14
3111;38;45;24.017;10.87
3112;38;45;17.586;21.26
3113;38;46;19.447;6.82
3114;38;46;20.477;18.15
3115;38;46;16.003;13.5
3116;38;47;19.096;24.53
3117;38;47;15.643;23.37
3118;38;47;14.369;18.75
3119;38;48;31.245;14.89
3120;38;48;23.627;18.41
3121;38;48;33.268;15.9
3122;38;49;21.094;4.72
3123;38;49;24.168;6.8
3124;38;49;23.604;12.3
3125;38;50;33.701;11.82
3126;38;51;39.809;14.33
3127;38;52;21.734;5.53
3128;38;52;25.887;5.05
3129;38;53;7.54;12.41
3130;38;53;8.393;16.53
3131;38;54;50.905;10.95
3132;38;55;17.0;11.36
3133;38;56;14.441;13.76
3134;38;57;57.66;12.52
3135;38;57;57.113;15.75
3136;38;57;65.778;12.96
3137;38;58;18.593;24.68
3138;38;58;16.41;8.85
3139;38;58;18.584;6.55
3140;38;59;35.108;19.25
3141;39;40;26.818;24.7
3142;39;40;31.629;19.61
3143;39;40;25.691;18.75
3144;39;41;47.317;21.12
3145;39;42;3.047;7.76
3146;39;42;3.169;1.85
3147;39;42;2.571;4.43
3148;39;43;45.11;14.63
3149;39;43;49.461;10.27
3150;39;44;33.433;15.88
3151;39;44;31.228;15.91
3152;39;45;24.077;11.13
3153;39;46;6.31;15.47
3154;39;46;7.103;10.96
3155;39;47;28.013;20.48
3156;39;47;28.032;14.05
3157;39;47;21.423;4.82
3158;39;48;22.663;24.27
3159;39;48;17.774;13.42
3160;39;48;18.774;16.88
3161;39;49;29.993;4.57
3162;39;49;28.404;0.72
3163;39;50;46.157;24.92
3164;39;51;53.186;17.47
3165;39;51;58.613;0.49
3166;39;52;13.895;15.41
3167;39;52;16.306;21.62
3168;39;52;15.864;1.11
3169;39;53;12.716;0.02
3170;39;54;45.161;20.55
3171;39;55;9.834;24.23
3172;39;55;11.824;1.82
3173;39;56;7.472;10.3
3174;39;56;7.119;11.1
3175;39;56;6.803;18.16
3176;39;57;54.128;4.34
3177;39;58;25.033;20.1
3178;39;58;25.691;6.34
3179;39;59;35.994;10.08
3180;40;41;73.294;13.81
3181;40;42;25.556;8.82
3182;40;42;25.49;9.69
3183;40;42;24.428;20.09
3184;40;43;18.382;17.23
3185;40;43;15.709;5.76
3186;40;43;14.974;10.32
3187;40;44;7.57;16.8
3188;40;44;6.412;12.17
3189;40;44;9.252;14.5
3190;40;45;8.778;5.1
3191;40;45;8.601;9.15
3192;40;46;32.902;23.77
3193;40;46;35.973;6.95
3194;40;47;1.197;2.99
3195;40;48;48.284;13.73
3196;40;49;3.218;2.5
3197;40;50;37.854;21.71
3198;40;51;36.571;5.49
3199;40;52;25.339;21.65
3200;40;53;14.144;16.78
3201;40;54;44.43;15.04
3202;40;55;22.821;21.57
3203;40;55;20.38;0.31
3204;40;56;22.231;23.5
3205;40;56;27.274;15.08
3206;40;56;22.199;3.31
3207;40;57;47.678;14.62
3208;40;57;59.132;6.27
3209;40;57;46.314;23.51
3210;40;58;4.777;18.47
3211;40;58;4.682;2.59
3212;40;59;22.496;9.05
3213;40;59;22.167;1.38
3214;41;42;49.535;22.56
3215;41;43;90.886;24.45
3216;41;43;102.723;21.58
3217;41;44;80.393;21.25
3218;41;44;79.489;15.55
3219;41;44;97.966;5.13
3220;41;45;71.392;14.83
3221;41;46;42.306;15.02
3222;41;46;39.409;10.93
3223;41;47;74.479;0.22
3224;41;47;89.9;6.91
3225;41;48;25.01;16.78
3226;41;48;20.452;1.52
3227;41;48;29.826;12.37
3228;41;49;76.511;19.09
3229;41;50;75.107;4.36
3230;41;50;80.358;0.05
3231;41;51;88.29;24.31
3232;41;51;69.947;21.82
3233;41;52;57.129;6.77
3234;41;52;51.749;8.04
3235;41;52;51.525;20.48
3236;41;53;59.34;21.91
3237;41;54;82.727;19.22
3238;41;55;55.399;21.44
3239;41;56;54.053;14.71
3240;41;57;94.182;18.11
3241;41;57;92.746;20.29
3242;41;57;95.928;2.7
3243;41;58;72.184;11.52
3244;41;59;81.991;11.04
3245;42;43;43.935;12.9
3246;42;43;33.143;3.27
3247;42;44;31.806;2.32
3248;42;45;21.973;3.09
3249;42;46;7.486;8.02
3250;42;46;7.479;3.22
3251;42;47;26.738;12.14
3252;42;47;23.149;12.9
3253;42;48;25.157;4.42
3254;42;49;28.664;8.81
3255;42;49;22.005;9.56
3256;42;50;47.647;2.36
3257;42;50;51.369;2.36
3258;42;51;53.889;21.79
3259;42;52;10.87;18.98
3260;42;53;11.806;19.68
3261;42;53;13.891;11.59
3262;42;54;42.151;20.97
3263;42;55;6.816;18.49
3264;42;55;6.489;24.96
3265;42;56;4.645;19.89
3266;42;57;51.081;13.77
3267;42;57;63.052;12.04
3268;42;57;53.913;5.28
3269;42;58;23.314;3.02
3270;42;58;22.871;0.23
3271;42;59;33.232;15.78
3272;42;59;25.885;14.4
3273;42;59;40.602;20.8
3274;43;44;13.506;13.32
3275;43;45;24.469;10.29
3276;43;45;27.892;8.54
3277;43;46;51.253;7.2
3278;43;47;17.206;16.33
3279;43;47;19.678;1.47
3280;43;48;65.942;18.51
3281;43;48;63.075;5.85
3282;43;48;66.194;16.92
3283;43;49;15.337;22.33
3284;43;49;18.701;20.38
3285;43;49;13.324;12.0
3286;43;50;40.1;0.56
3287;43;50;31.11;11.38
3288;43;50;45.313;0.78
3289;43;51;31.508;23.67
3290;43;52;42.835;24.51
3291;43;52;48.108;1.51
3292;43;53;32.395;18.96
3293;43;53;27.507;15.74
3294;43;53;24.382;15.79
3295;43;54;54.375;3.84
3296;43;55;40.916;8.82
3297;43;55;33.776;17.44
3298;43;55;48.184;10.42
3299;43;56;40.547;6.89
3300;43;56;45.623;23.22
3301;43;57;53.639;20.95
3302;43;57;43.641;10.98
3303;43;57;40.992;23.29
3304;43;58;21.427;23.58
3305;43;58;26.428;10.52
3306;43;58;19.231;5.39
3307;43;59;30.026;13.74
3308;44;45;11.037;19.24
3309;44;45;12.658;15.75
3310;44;45;13.047;15.31
3311;44;46;39.277;11.76
3312;44;46;37.755;21.68
3313;44;46;40.696;24.45
3314;44;47;6.555;23.05
3315;44;48;55.408;1.33
3316;44;49;4.773;20.82
3317;44;49;5.871;2.24
3318;44;50;42.495;6.43
3319;44;51;38.565;17.79
3320;44;51;34.226;12.81
3321;44;52;29.502;15.48
3322;44;53;21.054;20.29
3323;44;53;19.961;7.26
3324;44;54;42.848;18.16
3325;44;55;27.973;8.22
3326;44;56;27.972;23.23
3327;44;57;44.209;24.71
3328;44;57;52.23;7.99
3329;44;57;51.2;5.24
3330;44;58;8.515;10.61
3331;44;59;19.04;8.68
3332;44;59;18.596;16.49
3333;45;46;29.42;4.52
3334;45;46;31.383;23.64
3335;45;47;9.332;1.48
3336;45;48;46.665;4.25
3337;45;48;38.316;3.65
3338;45;48;47.484;14.79
3339;45;49;10.218;23.5
3340;45;49;11.777;16.56
3341;45;50;45.791;12.64
3342;45;51;45.33;2.92
3343;45;51;53.835;2.11
3344;45;51;52.954;1.37
3345;45;52;18.477;13.07
3346;45;53;13.221;3.17
3347;45;53;16.112;24.67
3348;45;54;35.869;8.58
3349;45;54;27.741;6.11
3350;45;55;17.282;10.46
3351;45;56;17.717;15.79
3352;45;56;16.788;19.19
3353;45;57;39.972;18.2
3354;45;58;4.002;1.03
3355;45;58;3.627;16.83
3356;45;58;3.788;9.93
3357;45;59;15.608;14.57
3358;45;59;12.875;13.9
3359;46;47;34.092;12.13
3360;46;48;18.498;11.21
3361;46;48;14.232;11.68
3362;46;49;36.044;22.84
3363;46;49;44.679;11.85
3364;46;50;51.273;24.77
3365;46;50;41.918;19.19
3366;46;50;63.948;22.9
3367;46;51;59.077;18.25
3368;46;51;72.382;14.57
3369;46;52;15.677;5.66
3370;46;53;18.906;16.4
3371;46;54;45.803;6.5
3372;46;54;56.504;15.38
3373;46;55;13.144;1.97
3374;46;56;11.794;6.5
3375;46;56;10.889;6.43
3376;46;57;55.703;19.02
3377;46;58;30.794;7.5
3378;46;58;33.796;18.71
3379;46;58;36.168;13.15
3380;46;59;39.896;13.26
3381;46;59;39.554;9.27
3382;47;48;49.469;10.85
3383;47;49;2.034;9.42
3384;47;49;2.231;7.7
3385;47;49;2.114;24.34
3386;47;50;37.954;1.99
3387;47;50;40.714;12.54
3388;47;51;36.181;20.23
3389;47;51;42.006;17.46
3390;47;51;41.141;14.39
3391;47;52;26.341;13.6
3392;47;52;23.144;24.68
3393;47;52;29.28;20.73
3394;47;53;15.341;10.2
3395;47;53;16.042;21.92
3396;47;53;15.324;10.4
3397;47;54;44.708;24.04
3398;47;55;23.918;15.07
3399;47;55;26.448;13.19
3400;47;56;23.377;1.02
3401;47;56;17.575;19.95
3402;47;57;47.654;17.94
3403;47;57;37.114;5.44
3404;47;57;52.955;13.04
3405;47;58;5.368;4.16
3406;47;59;22.391;6.53
3407;47;59;24.663;20.86
3408;48;49;51.501;14.21
3409;48;49;49.938;6.28
3410;48;49;42.477;11.57
3411;48;50;54.697;23.59
3412;48;50;43.929;5.22
3413;48;51;66.17;17.57
3414;48;52;34.121;7.59
3415;48;53;34.361;19.55
3416;48;53;41.586;0.41
3417;48;53;31.295;19.08
3418;48;54;63.098;11.91
3419;48;54;58.936;21.6
3420;48;54;66.757;18.53
3421;48;55;31.525;18.13
3422;48;55;33.996;20.91
3423;48;56;29.788;17.29
3424;48;57;73.613;15.07
3425;48;57;58.161;2.91
3426;48;57;91.583;4.88
3427;48;58;47.259;7.02
3428;48;58;57.026;7.82
3429;48;58;40.447;18.68
3430;48;59;58.284;2.41
3431;49;50;38.57;9.76
3432;49;51;35.967;9.12
3433;49;51;40.475;3.05
3434;49;51;34.536;12.21
3435;49;52;27.861;10.38
3436;49;52;31.268;5.36
3437;49;52;32.4;4.3
3438;49;53;17.344;7.37
3439;49;54;44.883;6.26
3440;49;54;42.137;11.72
3441;49;55;25.639;16.88
3442;49;55;23.701;16.59
3443;49;55;30.777;14.79
3444;49;56;25.21;23.9
3445;49;56;25.875;21.39
3446;49;56;22.059;8.39
3447;49;57;47.311;4.54
3448;49;57;49.857;0.58
3449;49;58;6.489;1.6
3450;49;58;5.01;14.45
3451;49;59;21.985;8.9
3452;49;59;16.693;3.88
3453;50;51;15.393;21.74
3454;50;52;55.116;23.64
3455;50;52;47.676;8.89
3456;50;53;39.556;15.13
3457;50;53;45.079;13.02
3458;50;54;81.435;13.46
3459;50;54;84.273;17.55
3460;50;55;50.534;9.07
3461;50;55;46.01;5.69
3462;50;56;48.097;17.65
3463;50;56;55.968;17.82
3464;50;57;85.519;22.77
3465;50;58;42.153;9.74
3466;50;58;34.975;10.1
3467;50;58;48.646;22.22
3468;50;59;60.335;3.45
3469;50;59;68.57;8.36
3470;50;59;59.752;0.44
3471;51;52;58.969;7.33
3472;51;52;65.203;21.48
3473;51;52;72.724;11.41
3474;51;53;43.515;16.48
3475;51;54;80.84;15.62
3476;51;55;54.955;8.1
3477;51;56;53.023;1.73
3478;51;56;41.254;3.19
3479;51;57;82.759;16.29
3480;51;58;41.339;23.65
3481;51;59;57.583;21.26
3482;51;59;46.547;3.42
3483;51;59;70.19;15.38
3484;52;53;15.696;8.62
3485;52;53;19.47;12.72
3486;52;54;31.284;15.77
3487;52;55;4.821;6.48
3488;52;55;5.088;23.04
3489;52;55;4.553;14.13
3490;52;56;7.621;8.13
3491;52;57;40.373;11.64
3492;52;57;47.774;24.23
3493;52;58;21.465;0.42
3494;52;58;18.32;22.16
3495;52;59;24.972;7.15
3496;52;59;21.774;2.46
3497;52;59;29.744;3.16
3498;53;54;43.521;23.43
3499;53;54;42.824;20.73
3500;53;54;42.712;0.32
3501;53;55;11.445;20.12
3502;53;56;9.624;10.41
3503;53;57;50.12;9.28
3504;53;57;52.641;6.55
3505;53;57;47.758;17.17
3506;53;58;12.982;23.28
3507;53;59;27.874;7.44
3508;54;55;35.759;24.92
3509;54;55;42.26;20.11
3510;54;56;38.557;6.17
3511;54;57;12.076;24.52
3512;54;58;39.749;19.71
3513;54;58;46.142;19.65
3514;54;58;37.787;3.78
3515;54;59;24.35;4.35
3516;54;59;20.672;4.13
3517;54;59;24.94;13.43
3518;55;56;2.833;3.0
3519;55;56;2.817;0.38
3520;55;57;44.353;2.69
3521;55;57;37.031;24.69
3522;55;57;35.954;2.42
3523;55;58;19.555;16.46
3524;55;59;26.77;4.91
3525;55;59;31.347;1.36
3526;56;57;46.999;0.51
3527;56;57;48.879;16.98
3528;56;57;38.759;22.32
3529;56;58;19.461;21.18
3530;56;58;23.374;10.36
3531;56;59;28.59;4.3
3532;56;59;34.231;23.38
3533;56;59;26.72;0.03
3534;57;58;43.41;17.0
3535;57;59;25.327;6.42
3536;57;59;25.324;20.31
3537;58;59;18.52;13.1
3538;58;59;17.145;20.76
