VERTEX_COUNT 60
PATH_COUNT 1
BUDGET 360
<------------ VERTICES ------------>
0;START;41.374834;2.170055;0.0;0.0
1;Museu Nacional d’Art de Catalunya;41.36882;2.153347;45.0;100.0
2;Basilica of the Sagrada Família;41.403568;2.174435;45.0;86.77
3;Imaginart Gallery;41.393822;2.164627;45.0;84.61
4;Galeria d’Art Mar Grup Escolà;41.392349;2.167836;45.0;84.41
5;Lorena Ruiz de Villa;41.397858;2.146705;45.0;82.6
6;Museu Picasso;41.385181;2.180863;45.0;81.84
7;Barcelona;41.389034;2.16137;45.0;81.6
8;Museu d’Història de Catalunya - MHC;41.380852;2.185799;45.0;80.8
9;Atelier;41.407719;2.158233;45.0;80.07
10;Contrast;41.387928;2.161469;45.0;76.58
11;Arts Santa Mònica;41.37722;2.176012;45.0;76.12
12;Carles Taché;41.389851;2.164213;45.0;73.29
13;Piramidon Centre d’Art Contemporani;41.422626;2.209764;45.0;73.13
14;Galeria Mayoral;41.389542;2.163808;45.0;72.38
15;Museu Frederic Marès;41.384178;2.176819;45.0;70.77
16;Despair;41.387653;2.188076;45.0;69.1
17;Parc de la Ciutadella;41.389248;2.186548;45.0;68.39
18;Avinguda d’Icària;41.391556;2.197416;45.0;66.45
19;Basilica of Sants Just i Pastor;41.382812;2.178195;45.0;64.99
20;Anella Olímpica(Olympic Park);41.364778;2.152575;45.0;64.94
21;Museu Palmero;41.424667;2.139856;45.0;64.02
22;Palau Güell;41.378864;2.174117;45.0;63.61
23;Antic Hospital de la Santa Creu;41.380573;2.170374;45.0;62.5
24;A. Cortina;41.391098;2.161385;45.0;61.95
25;Passeig de Gràcia;41.390739;2.166672;45.0;61.81
26;Galeria Ferran Cano;41.375816;2.177766;45.0;61.51
27;Poble Espanyol;41.368679;2.147031;45.0;61.45
28;Monument to Doctor Robert;41.394924;2.175599;45.0;61.27
29;Beaskoa;41.384792;2.181268;45.0;61.0
30;Galeria Miquel Alzueta;41.397125;2.156751;45.0;60.56
31;Àngels Barcelona;41.382534;2.169249;45.0;59.76
32;La Colmena;41.383835;2.178294;45.0;59.68
33;Carmen Sallent;41.39637;2.153188;45.0;59.01
34;La Pedrera (Casa Milà);41.395271;2.161785;45.0;58.66
35;Plaça del Rei;41.384144;2.177409;45.0;58.26
36;Casa Martí, Els Quatre Gats ;41.385775;2.173671;45.0;57.36
37;Montjuïc Castle;41.363823;2.167096;45.0;57.34
38;Fundació Fran Daurel;41.369118;2.146695;45.0;57.03
39;Artur Ramon Art;41.383682;2.17456;45.0;56.99
40;Plaça de Catalunya;41.387005;2.17003;45.0;56.69
41;Museu d’Història de Barcelona;41.384144;2.177409;45.0;56.42
42;90th Jean Bouin;41.373077;2.150465;45.0;56.0
43;Parc de Diagonal Mar;41.407215;2.214539;45.0;55.02
44;Pèrgamon Quatre Gràfica Quatre;41.382576;2.173292;45.0;54.19
45;Maeght;41.384689;2.181526;45.0;53.85
46;Museu de la Moto ;41.383327;2.174488;45.0;53.42
47;Rambla del Raval;41.378681;2.169317;45.0;53.14
48;Museu d’Art Contemporani de Barcelona (MACBA);41.382809;2.166729;45.0;52.3
49;Platja de la Nova Mar Bella;41.40205;2.21529;45.0;52.04
50;Artevistas Gallery;41.381779;2.17652;45.0;51.53
51;Àmbit;41.389328;2.163531;45.0;51.25
52;Turó de la Rovira viewing point;41.419388;2.161812;45.0;50.72
53;Barcelona Head;41.380924;2.182465;45.0;50.61
54;Museu Blau - Fòrum Building;41.41124;2.220333;45.0;49.89
55;Royal Dockyards Museu Marítim ;41.375286;2.17598;45.0;49.85
56;Poblenou Cemetery;41.394859;2.201189;45.0;49.58
57;Botanical Garden;41.364746;2.159382;45.0;48.95
58;El Born Centre Cultural;41.385818;2.183785;45.0;48.9
59;FINISH;41.374834;2.170055;0.0;0.0
<------------- EDGES -------------->
0;0;1;23.796;1.48
1;0;1;20.504;13.41
2;0;2;49.491;1.99
3;0;2;48.274;0.79
4;0;2;47.611;1.48
5;0;3;33.232;4.55
6;0;3;36.543;7.39
7;0;3;41.171;4.41
8;0;4;30.107;8.26
9;0;4;23.638;11.87
10;0;4;30.451;11.22
11;0;5;49.508;5.1
12;0;5;53.916;17.32
13;0;6;22.496;14.01
14;0;7;26.736;14.62
15;0;8;22.688;22.32
16;0;8;19.63;23.66
17;0;9;58.284;5.02
18;0;9;57.736;15.13
19;0;10;24.972;11.97
20;0;10;24.243;13.17
21;0;10;23.124;7.12
22;0;11;8.671;0.14
23;0;11;8.16;13.85
24;0;11;7.797;2.61
25;0;12;26.77;16.3
26;0;12;23.944;15.57
27;0;13;96.367;8.63
28;0;13;102.031;18.4
29;0;13;106.614;0.55
30;0;14;26.416;23.29
31;0;14;27.429;19.12
32;0;14;19.86;1.76
33;0;15;18.196;8.93
34;0;15;16.858;9.75
35;0;16;31.884;18.14
36;0;16;25.366;15.66
37;0;17;32.509;23.02
38;0;18;45.309;18.98
39;0;19;17.194;0.32
40;0;19;14.656;17.62
41;0;19;12.914;18.32
42;0;20;28.285;16.49
43;0;20;21.48;8.01
44;0;21;93.673;15.59
45;0;22;8.647;17.76
46;0;22;8.268;7.91
47;0;22;8.103;21.76
48;0;23;9.829;18.94
49;0;24;29.975;10.1
50;0;24;23.354;22.29
51;0;24;32.094;22.2
52;0;25;27.562;0.61
53;0;25;21.868;7.91
54;0;26;10.043;19.25
55;0;26;10.727;5.06
56;0;26;7.925;16.45
57;0;27;31.387;1.71
58;0;28;35.108;3.48
59;0;29;22.308;17.97
60;0;29;18.979;11.31
61;0;30;41.795;24.49
62;0;31;13.217;12.36
63;0;31;10.449;21.73
64;0;31;14.065;2.4
65;0;32;18.686;13.3
66;0;32;18.879;8.79
67;0;32;18.72;15.68
68;0;33;42.745;20.63
69;0;33;50.718;15.22
70;0;33;37.034;0.01
71;0;34;36.549;4.52
72;0;35;18.52;21.18
73;0;35;19.849;18.48
74;0;35;16.925;1.91
75;0;36;19.29;2.11
76;0;37;19.222;2.27
77;0;38;31.553;12.68
78;0;38;26.59;21.44
79;0;38;36.466;16.14
80;0;39;16.208;12.95
81;0;39;13.38;22.23
82;0;39;14.107;19.35
83;0;40;20.827;4.05
84;0;40;21.639;16.59
85;0;40;19.132;15.22
86;0;41;18.52;21.76
87;0;42;25.336;15.17
88;0;43;79.572;21.6
89;0;43;60.532;12.37
90;0;44;13.885;23.54
91;0;44;16.708;13.59
92;0;44;15.962;24.44
93;0;45;22.391;20.12
94;0;46;15.608;11.56
95;0;46;14.135;22.06
96;0;47;6.651;16.7
97;0;48;14.3;17.09
98;0;48;16.52;3.13
99;0;48;12.914;7.29
100;0;49;74.442;16.03
101;0;50;14.497;21.58
102;0;51;26.179;10.61
103;0;51;29.703;24.35
104;0;51;21.449;22.73
105;0;52;76.973;14.84
106;0;53;19.04;3.05
107;0;53;19.954;6.74
108;0;53;15.332;7.13
109;0;54;89.706;17.88
110;0;54;79.101;12.18
111;0;55;7.648;22.98
112;0;56;52.651;20.45
113;0;56;54.786;7.03
114;0;57;22.042;13.9
115;0;57;23.671;6.7
116;0;57;24.13;4.14
117;0;58;25.77;21.08
118;0;59;0.0;21.92
119;0;59;0.0;19.29
120;0;59;0.0;6.88
121;1;2;65.336;16.09
122;1;2;50.262;23.33
123;1;2;69.81;2.44
124;1;3;45.169;24.07
125;1;3;54.762;23.72
126;1;3;38.147;1.04
127;1;4;44.354;24.74
128;1;4;47.164;5.92
129;1;5;50.417;13.88
130;1;5;53.797;8.09
131;1;5;38.867;18.37
132;1;6;45.08;2.61
133;1;7;36.092;18.65
134;1;7;35.529;3.65
135;1;7;28.671;21.08
136;1;8;46.481;20.03
137;1;8;50.063;18.99
138;1;9;66.86;4.68
139;1;10;34.321;23.91
140;1;11;32.461;3.44
141;1;11;27.658;0.31
142;1;11;25.503;15.1
143;1;12;38.599;2.48
144;1;12;47.098;2.44
145;1;12;48.165;14.88
146;1;13;117.144;3.44
147;1;13;138.022;23.12
148;1;13;116.225;19.51
149;1;14;37.919;24.81
150;1;14;47.294;11.66
151;1;15;39.989;2.59
152;1;15;35.977;0.6
153;1;16;55.02;22.85
154;1;16;54.55;11.28
155;1;17;55.131;10.3
156;1;18;68.67;4.71
157;1;18;61.29;18.56
158;1;19;39.892;11.16
159;1;19;45.453;7.16
160;1;20;6.988;10.49
161;1;20;7.229;16.57
162;1;20;7.707;11.74
163;1;21;97.123;2.13
164;1;22;31.73;6.14
165;1;23;29.708;2.65
166;1;23;34.256;19.05
167;1;23;28.918;2.28
168;1;24;39.495;21.68
169;1;24;38.781;18.48
170;1;24;38.671;24.79
171;1;25;41.226;17.5
172;1;26;33.565;7.02
173;1;26;26.064;22.01
174;1;26;27.88;22.65
175;1;27;8.115;14.04
176;1;28;53.025;14.67
177;1;29;45.082;12.98
178;1;29;45.465;23.24
179;1;30;48.633;18.73
180;1;30;46.04;21.84
181;1;31;31.108;0.75
182;1;31;31.609;22.91
183;1;32;41.065;1.28
184;1;32;41.359;9.89
185;1;32;39.196;3.8
186;1;33;47.145;24.95
187;1;34;46.542;17.07
188;1;34;45.037;21.55
189;1;35;40.525;1.2
190;1;35;32.746;8.56
191;1;35;31.283;24.1
192;1;36;39.024;21.35
193;1;36;37.296;9.49
194;1;37;19.619;8.8
195;1;37;20.95;7.95
196;1;37;20.421;4.56
197;1;38;8.558;4.61
198;1;38;8.026;8.11
199;1;39;37.266;12.89
200;1;39;41.998;4.34
201;1;39;41.504;18.81
202;1;40;37.779;12.92
203;1;40;37.492;21.73
204;1;41;40.525;5.32
205;1;41;42.035;19.48
206;1;42;8.171;0.04
207;1;42;7.619;14.23
208;1;43;102.414;13.06
209;1;43;111.014;6.81
210;1;43;100.144;11.85
211;1;44;34.786;5.76
212;1;44;26.495;13.31
213;1;45;45.24;4.57
214;1;45;47.004;11.9
215;1;46;36.786;17.57
216;1;46;45.965;11.16
217;1;47;26.558;19.29
218;1;47;21.348;12.26
219;1;47;25.64;16.63
220;1;48;29.467;12.44
221;1;48;36.51;15.22
222;1;48;29.634;22.57
223;1;49;97.767;19.93
224;1;50;37.111;24.26
225;1;50;40.705;20.73
226;1;50;42.056;13.74
227;1;51;37.451;21.81
228;1;51;44.002;7.96
229;1;51;29.468;19.16
230;1;52;87.213;17.61
231;1;52;73.779;16.59
232;1;53;42.744;18.1
233;1;53;35.938;15.13
234;1;53;41.197;3.14
235;1;54;112.538;22.35
236;1;54;92.512;24.45
237;1;55;31.099;21.53
238;1;55;30.1;22.78
239;1;56;75.887;9.42
240;1;56;58.739;22.81
241;1;56;68.185;19.77
242;1;57;10.425;19.16
243;1;58;48.72;21.42
244;1;59;23.796;20.72
245;1;59;25.468;0.31
246;2;3;20.896;18.35
247;2;3;16.333;14.01
248;2;4;20.984;19.1
249;2;4;22.223;2.09
250;2;4;16.651;1.02
251;2;5;36.911;13.63
252;2;5;34.464;1.61
253;2;5;28.08;0.78
254;2;6;32.528;3.52
255;2;6;35.128;10.72
256;2;7;29.997;19.91
257;2;7;30.839;18.34
258;2;8;41.52;21.97
259;2;9;21.975;24.05
260;2;9;17.903;22.62
261;2;9;24.323;3.53
262;2;10;31.517;18.17
263;2;10;26.291;23.1
264;2;10;34.002;3.43
265;2;11;45.133;11.2
266;2;11;38.699;23.84
267;2;11;56.059;8.1
268;2;12;26.892;22.63
269;2;12;28.402;12.39
270;2;12;31.188;5.49
271;2;13;55.85;14.16
272;2;13;53.473;0.75
273;2;13;50.262;5.53
274;2;14;27.608;10.45
275;2;14;24.784;20.75
276;2;15;33.322;24.44
277;2;15;34.004;9.01
278;2;15;34.283;11.84
279;2;16;32.378;15.81
280;2;16;40.113;17.81
281;2;17;29.022;9.39
282;2;17;32.11;11.07
283;2;17;31.596;20.72
284;2;18;35.955;15.25
285;2;19;35.845;23.0
286;2;19;37.19;5.0
287;2;19;35.564;16.06
288;2;20;72.069;1.85
289;2;20;89.21;1.14
290;2;21;57.209;9.78
291;2;22;42.276;15.35
292;2;22;43.069;10.43
293;2;22;35.87;5.64
294;2;23;39.694;12.08
295;2;23;42.34;0.29
296;2;24;27.129;5.41
297;2;24;24.941;16.99
298;2;24;29.917;23.46
299;2;25;24.109;8.71
300;2;25;24.528;5.46
301;2;26;47.682;17.11
302;2;26;54.203;10.44
303;2;27;69.299;8.18
304;2;27;59.419;15.75
305;2;28;14.867;5.98
306;2;28;18.044;20.91
307;2;28;15.736;10.11
308;2;29;33.306;22.3
309;2;30;25.235;21.23
310;2;30;22.229;6.29
311;2;30;21.666;13.96
312;2;31;36.604;6.37
313;2;31;32.46;6.57
314;2;31;34.541;23.62
315;2;32;34.129;8.42
316;2;33;29.925;9.06
317;2;34;21.57;16.04
318;2;35;33.457;16.86
319;2;35;30.35;8.3
320;2;36;30.463;5.36
321;2;37;68.662;0.09
322;2;37;79.373;0.32
323;2;37;76.51;13.21
324;2;38;68.875;24.49
325;2;38;73.36;14.86
326;2;38;58.839;11.21
327;2;39;34.03;21.34
328;2;39;33.184;20.28
329;2;39;40.652;5.69
330;2;40;28.902;22.73
331;2;40;28.836;12.14
332;2;41;33.457;9.05
333;2;41;30.891;7.65
334;2;42;60.577;13.21
335;2;43;51.851;6.94
336;2;43;43.354;6.55
337;2;43;57.093;9.94
338;2;44;35.952;15.41
339;2;45;33.564;9.74
340;2;46;34.637;1.09
341;2;47;43.091;1.25
342;2;48;36.875;16.92
343;2;49;52.504;14.28
344;2;50;37.382;12.51
345;2;50;37.195;3.47
346;2;50;31.256;21.47
347;2;51;28.102;21.55
348;2;51;21.077;17.43
349;2;52;31.549;6.19
350;2;52;25.623;9.51
351;2;52;32.673;6.94
352;2;53;40.097;18.44
353;2;54;60.354;10.64
354;2;55;48.438;13.34
355;2;56;37.436;23.78
356;2;56;46.398;12.19
357;2;56;39.264;22.29
358;2;57;69.188;20.28
359;2;57;58.45;0.05
360;2;58;32.66;16.59
361;2;58;37.179;22.07
362;2;59;49.491;21.75
363;3;4;4.83;24.5
364;3;5;24.021;3.58
365;3;5;25.624;11.97
366;3;5;18.773;22.3
367;3;6;25.556;21.95
368;3;7;9.199;19.91
369;3;7;7.991;3.28
370;3;8;35.092;7.34
371;3;8;36.501;8.0
372;3;9;25.157;1.36
373;3;9;23.511;19.31
374;3;10;10.87;18.68
375;3;11;31.95;17.77
376;3;12;6.816;13.84
377;3;12;8.277;13.85
378;3;13;76.063;15.0
379;3;13;77.924;16.39
380;3;13;67.234;16.49
381;3;14;7.399;17.66
382;3;15;22.745;19.12
383;3;15;21.395;6.82
384;3;16;31.901;24.85
385;3;16;39.533;13.88
386;3;17;29.21;5.87
387;3;17;33.924;16.32
388;3;17;30.825;3.35
389;3;18;42.271;15.23
390;3;18;42.096;8.35
391;3;19;25.659;9.3
392;3;19;22.21;22.9
393;3;20;52.055;9.57
394;3;20;45.436;19.79
395;3;21;61.618;11.31
396;3;21;69.287;10.39
397;3;21;47.259;14.51
398;3;22;28.348;17.6
399;3;22;28.889;5.39
400;3;23;23.842;0.03
401;3;23;23.773;6.27
402;3;23;27.6;4.34
403;3;24;6.249;11.59
404;3;24;5.382;23.29
405;3;24;5.235;5.57
406;3;25;5.893;11.81
407;3;26;35.128;3.09
408;3;26;31.028;4.73
409;3;26;41.797;15.12
410;3;27;48.597;3.7
411;3;27;52.181;7.83
412;3;27;52.322;15.65
413;3;28;14.211;21.33
414;3;28;12.394;24.1
415;3;28;12.455;13.08
416;3;29;26.367;17.09
417;3;29;25.035;6.87
418;3;30;11.583;15.78
419;3;30;10.746;15.73
420;3;30;14.324;4.73
421;3;31;20.207;18.87
422;3;32;24.494;17.03
423;3;32;30.426;19.49
424;3;32;27.335;9.02
425;3;33;15.318;18.74
426;3;34;4.411;19.37
427;3;34;5.126;1.6
428;3;34;4.288;5.93
429;3;35;23.314;14.41
430;3;35;18.608;6.72
431;3;35;18.791;13.13
432;3;36;18.012;13.36
433;3;37;51.433;1.25
434;3;38;48.138;13.0
435;3;39;21.534;5.52
436;3;39;16.288;8.55
437;3;40;13.572;11.67
438;3;40;11.563;17.06
439;3;41;23.314;0.82
440;3;41;28.986;4.96
441;3;42;39.886;10.1
442;3;42;42.676;10.91
443;3;42;44.179;23.07
444;3;43;68.043;7.93
445;3;43;81.825;17.21
446;3;43;69.082;14.02
447;3;44;22.228;2.0
448;3;44;22.914;19.55
449;3;44;21.258;11.8
450;3;45;26.738;7.38
451;3;46;21.973;24.64
452;3;46;25.977;13.56
453;3;47;26.6;4.37
454;3;47;32.553;19.65
455;3;47;30.899;0.08
456;3;48;19.038;19.12
457;3;49;66.54;0.07
458;3;49;72.478;7.0
459;3;49;50.44;10.95
460;3;50;25.648;12.72
461;3;50;22.266;11.5
462;3;51;7.818;12.32
463;3;51;9.342;24.31
464;3;51;9.637;3.4
465;3;52;43.898;20.94
466;3;52;37.04;18.88
467;3;53;31.806;0.53
468;3;54;77.466;17.41
469;3;54;64.496;22.77
470;3;55;34.908;6.09
471;3;55;42.615;19.73
472;3;55;30.392;4.53
473;3;56;46.969;17.58
474;3;56;57.187;12.96
475;3;57;50.209;19.77
476;3;57;47.449;11.66
477;3;58;28.152;13.89
478;3;58;31.429;20.25
479;3;59;33.232;15.96
480;4;5;28.717;22.18
481;4;5;33.907;9.31
482;4;5;32.676;22.27
483;4;6;20.74;7.52
484;4;6;16.756;4.27
485;4;6;18.95;20.16
486;4;7;10.054;22.25
487;4;7;10.693;22.74
488;4;8;30.314;11.31
489;4;8;36.35;17.11
490;4;8;24.353;0.74
491;4;9;29.047;17.64
492;4;10;11.138;17.94
493;4;11;27.936;18.61
494;4;12;6.317;14.76
495;4;12;6.956;21.7
496;4;13;74.701;5.47
497;4;13;82.396;23.14
498;4;14;7.058;7.43
499;4;14;8.188;8.1
500;4;14;6.839;2.82
501;4;15;18.125;19.79
502;4;15;20.767;9.25
503;4;16;27.199;20.63
504;4;16;23.157;0.42
505;4;17;24.601;18.72
506;4;18;37.998;4.57
507;4;18;44.688;24.92
508;4;18;32.095;6.68
509;4;19;21.053;20.66
510;4;20;51.088;7.18
511;4;20;43.774;3.27
512;4;20;53.794;13.3
513;4;21;65.94;5.38
514;4;21;69.089;17.38
515;4;21;68.156;1.97
516;4;22;24.444;16.27
517;4;22;21.584;10.54
518;4;22;19.538;24.95
519;4;23;20.413;21.61
520;4;23;23.815;20.74
521;4;24;8.554;24.87
522;4;24;7.365;10.1
523;4;25;3.134;24.76
524;4;25;3.65;15.58
525;4;25;2.732;21.69
526;4;26;31.032;17.31
527;4;26;33.872;11.54
528;4;27;48.521;19.3
529;4;27;58.284;10.37
530;4;28;10.896;17.78
531;4;28;8.625;7.01
532;4;29;21.555;23.55
533;4;29;24.743;7.77
534;4;30;16.41;6.17
535;4;31;16.893;0.27
536;4;32;19.813;1.32
537;4;33;20.023;7.48
538;4;33;16.356;2.23
539;4;34;9.238;5.42
540;4;34;11.308;14.45
541;4;35;18.66;8.43
542;4;35;14.906;16.53
543;4;36;13.515;10.56
544;4;36;12.616;3.94
545;4;36;15.744;10.21
546;4;37;48.824;0.2
547;4;37;57.228;9.99
548;4;37;39.007;2.2
549;4;38;48.137;7.68
550;4;38;52.877;15.53
551;4;38;47.385;16.4
552;4;39;17.161;21.96
553;4;40;9.569;17.15
554;4;40;9.036;4.76
555;4;41;18.66;18.61
556;4;41;20.205;6.43
557;4;42;39.813;18.76
558;4;42;31.135;8.19
559;4;42;39.255;18.44
560;4;43;65.123;12.24
561;4;43;59.977;19.79
562;4;44;18.132;12.68
563;4;44;16.879;13.98
564;4;44;22.329;14.8
565;4;45;21.925;13.1
566;4;45;16.781;16.22
567;4;46;17.643;2.08
568;4;47;23.466;23.7
569;4;47;24.786;8.27
570;4;48;16.387;9.23
571;4;49;63.137;21.76
572;4;49;68.986;13.37
573;4;49;70.33;24.56
574;4;50;21.248;20.88
575;4;50;19.957;4.55
576;4;51;7.568;16.67
577;4;51;9.242;17.79
578;4;52;46.911;23.1
579;4;52;49.398;21.38
580;4;52;45.606;3.88
581;4;53;27.111;9.31
582;4;53;23.448;16.42
583;4;54;74.737;22.26
584;4;55;31.014;3.53
585;4;55;27.872;0.16
586;4;56;43.031;7.96
587;4;56;42.966;0.47
588;4;56;51.652;6.45
589;4;57;48.466;13.51
590;4;58;23.327;9.53
591;4;59;30.107;5.38
592;5;6;48.924;19.62
593;5;7;24.134;0.24
594;5;8;58.016;16.48
595;5;9;22.443;6.16
596;5;9;17.602;1.63
597;5;10;25.455;21.24
598;5;10;24.471;4.57
599;5;11;51.604;15.61
600;5;11;45.771;6.71
601;5;11;44.145;18.94
602;5;12;26.323;16.81
603;5;13;91.357;23.64
604;5;14;26.164;10.19
605;5;14;26.106;5.78
606;5;14;31.815;15.62
607;5;15;45.195;23.2
608;5;15;39.44;6.3
609;5;15;44.043;20.56
610;5;16;55.908;4.44
611;5;17;53.228;15.97
612;5;18;65.986;24.55
613;5;19;47.93;12.31
614;5;19;38.099;20.44
615;5;19;37.721;16.22
616;5;20;57.108;15.75
617;5;20;46.966;18.76
618;5;21;46.711;14.88
619;5;22;47.906;12.97
620;5;23;42.406;0.77
621;5;24;22.112;14.6
622;5;24;27.035;1.19
623;5;24;24.735;13.5
624;5;25;28.38;20.74
625;5;25;22.846;15.48
626;5;25;34.004;14.47
627;5;26;54.891;0.37
628;5;27;49.934;17.96
629;5;27;43.97;19.0
630;5;28;37.429;5.8
631;5;28;43.996;11.01
632;5;29;49.686;23.04
633;5;30;12.957;19.6
634;5;30;10.568;0.66
635;5;31;39.055;20.4
636;5;31;33.906;1.73
637;5;31;48.329;13.18
638;5;32;47.122;21.46
639;5;33;8.703;21.73
640;5;34;19.858;0.59
641;5;35;45.875;4.29
642;5;36;40.323;1.14
643;5;36;32.297;20.4
644;5;36;35.16;23.37
645;5;37;63.856;23.1
646;5;37;70.478;21.46
647;5;38;49.181;0.14
648;5;38;42.698;19.67
649;5;38;46.746;19.79
650;5;39;43.212;18.33
651;5;40;35.236;2.48
652;5;40;28.353;17.36
653;5;40;36.863;13.82
654;5;41;45.875;6.32
655;5;42;42.68;14.19
656;5;42;34.318;1.14
657;5;42;51.353;22.0
658;5;43;88.529;3.31
659;5;44;42.999;14.4
660;5;45;50.062;20.57
661;5;46;43.48;19.43
662;5;46;44.775;3.06
663;5;47;43.814;1.76
664;5;47;38.657;24.78
665;5;47;35.895;13.81
666;5;48;36.387;24.44
667;5;48;44.268;1.24
668;5;48;33.403;19.77
669;5;49;88.328;5.29
670;5;50;47.14;11.97
671;5;51;26.07;14.96
672;5;51;21.221;9.95
673;5;51;19.972;18.34
674;5;52;41.633;19.91
675;5;52;34.105;19.87
676;5;53;54.29;19.71
677;5;53;59.804;18.86
678;5;54;97.238;17.23
679;5;54;87.151;22.66
680;5;54;84.922;9.61
681;5;55;53.895;13.28
682;5;56;70.128;14.67
683;5;56;69.162;15.62
684;5;56;73.032;1.51
685;5;57;58.954;24.93
686;5;57;64.958;14.28
687;5;57;60.604;4.53
688;5;58;51.87;3.35
689;5;58;47.18;15.08
690;5;58;39.649;3.85
691;5;59;49.508;8.13
692;5;59;38.563;22.2
693;6;7;25.88;22.0
694;6;7;24.215;17.29
695;6;7;29.74;11.27
696;6;8;9.749;14.53
697;6;9;48.284;12.92
698;6;9;36.947;24.87
699;6;9;41.659;16.74
700;6;10;25.339;2.54
701;6;10;28.296;7.91
702;6;11;14.979;7.64
703;6;11;13.877;17.78
704;6;11;13.813;21.82
705;6;12;22.821;6.57
706;6;12;20.053;22.78
707;6;12;23.569;14.64
708;6;13;74.04;19.64
709;6;13;61.751;0.46
710;6;14;23.133;4.9
711;6;14;20.774;23.25
712;6;14;26.061;21.68
713;6;15;5.468;5.15
714;6;16;10.181;24.81
715;6;16;12.247;22.74
716;6;16;11.707;14.39
717;6;17;10.085;23.33
718;6;18;23.888;3.09
719;6;19;5.307;14.67
720;6;20;50.384;7.26
721;6;20;43.093;7.6
722;6;21;85.65;3.68
723;6;21;72.174;18.07
724;6;21;101.77;20.25
725;6;22;13.852;4.44
726;6;22;13.26;12.95
727;6;23;15.606;16.23
728;6;24;26.979;22.12
729;6;24;30.242;0.12
730;6;25;20.552;12.24
731;6;25;17.335;11.61
732;6;26;16.512;5.11
733;6;26;13.392;5.32
734;6;27;51.814;9.69
735;6;27;51.307;15.01
736;6;28;17.99;2.61
737;6;28;14.085;22.65
738;6;28;16.27;16.67
739;6;29;0.845;24.99
740;6;30;37.094;5.59
741;6;31;15.584;24.42
742;6;31;13.371;20.16
743;6;31;13.611;24.81
744;6;32;4.023;11.58
745;6;32;4.702;17.42
746;6;33;40.36;17.18
747;6;34;29.967;18.59
748;6;35;4.777;20.93
749;6;35;3.792;23.71
750;6;35;5.338;22.73
751;6;36;9.29;18.69
752;6;36;10.587;15.66
753;6;37;40.599;17.89
754;6;37;38.372;9.4
755;6;38;51.773;6.07
756;6;38;54.802;4.37
757;6;39;8.489;12.14
758;6;39;7.708;7.92
759;6;40;14.254;11.18
760;6;40;17.327;7.91
761;6;40;12.25;8.55
762;6;41;4.777;12.14
763;6;42;44.188;12.19
764;6;43;57.363;7.98
765;6;43;44.856;1.73
766;6;43;45.26;20.79
767;6;44;10.694;1.11
768;6;45;1.197;3.5
769;6;45;1.071;17.45
770;6;46;8.778;2.9
771;6;46;7.242;12.82
772;6;46;9.958;11.01
773;6;47;18.534;8.22
774;6;47;17.146;19.31
775;6;48;18.595;18.22
776;6;49;52.787;20.4
777;6;49;61.342;18.05
778;6;49;51.344;8.87
779;6;50;8.061;13.06
780;6;50;10.029;6.32
781;6;51;23.356;9.44
782;6;52;63.438;4.05
783;6;52;61.641;23.12
784;6;52;59.606;0.48
785;6;53;7.57;5.71
786;6;54;67.495;23.95
787;6;54;75.693;3.69
788;6;55;18.056;0.63
789;6;56;30.906;11.3
790;6;56;36.427;21.32
791;6;56;34.584;10.41
792;6;57;44.539;24.44
793;6;57;36.766;3.61
794;6;58;3.907;9.72
795;6;59;22.496;9.61
796;7;8;34.348;10.71
797;7;9;32.227;2.49
798;7;10;1.897;22.5
799;7;11;27.607;2.48
800;7;12;3.909;24.3
801;7;12;3.963;9.99
802;7;13;84.631;13.01
803;7;13;101.594;10.71
804;7;14;3.248;2.55
805;7;14;3.186;13.29
806;7;15;21.505;1.2
807;7;15;21.382;19.35
808;7;15;20.991;17.07
809;7;16;34.368;17.5
810;7;16;33.284;15.52
811;7;17;32.326;1.83
812;7;17;34.578;23.39
813;7;17;26.784;11.52
814;7;18;46.477;16.51
815;7;18;44.417;20.53
816;7;19;24.083;22.23
817;7;20;43.017;20.23
818;7;20;36.225;11.73
819;7;20;33.176;18.44
820;7;21;66.937;22.87
821;7;21;78.516;23.33
822;7;22;23.89;15.44
823;7;23;18.528;9.3
824;7;24;3.532;7.62
825;7;25;7.406;18.31
826;7;25;7.8;16.41
827;7;25;7.631;15.33
828;7;26;30.9;10.24
829;7;27;39.399;16.84
830;7;27;44.844;3.02
831;7;27;30.156;0.27
832;7;28;20.863;3.67
833;7;28;19.063;5.65
834;7;28;25.695;1.61
835;7;29;26.558;19.83
836;7;29;29.33;23.15
837;7;30;15.062;15.11
838;7;31;15.035;1.92
839;7;31;12.923;19.51
840;7;31;17.77;17.29
841;7;32;23.479;21.57
842;7;32;24.181;9.5
843;7;33;16.368;11.52
844;7;33;12.764;1.31
845;7;34;10.686;9.23
846;7;34;9.889;13.55
847;7;34;10.736;20.43
848;7;35;22.227;6.69
849;7;35;24.966;12.35
850;7;36;16.748;2.28
851;7;36;19.703;7.17
852;7;37;43.764;11.94
853;7;38;38.943;24.29
854;7;39;19.252;14.78
855;7;39;16.431;10.22
856;7;40;11.648;5.4
857;7;40;10.656;8.64
858;7;41;22.227;10.16
859;7;41;25.835;4.82
860;7;42;30.687;19.11
861;7;42;37.878;6.23
862;7;42;34.591;6.61
863;7;43;75.007;3.21
864;7;43;63.578;6.25
865;7;44;18.879;22.38
866;7;44;19.64;15.86
867;7;45;26.925;11.76
868;7;45;28.084;23.65
869;7;45;29.595;17.4
870;7;46;19.469;6.12
871;7;47;20.445;8.32
872;7;47;16.316;8.92
873;7;47;16.327;13.92
874;7;48;12.681;12.03
875;7;48;12.566;2.78
876;7;49;72.712;2.89
877;7;50;23.075;22.89
878;7;50;19.0;24.41
879;7;51;2.82;22.97
880;7;51;3.479;10.57
881;7;51;2.804;0.71
882;7;52;51.946;8.43
883;7;53;30.433;11.93
884;7;53;33.324;9.37
885;7;54;84.689;3.09
886;7;54;71.43;23.17
887;7;55;30.089;6.85
888;7;55;36.968;22.13
889;7;55;25.12;9.35
890;7;56;52.081;14.92
891;7;56;54.87;9.63
892;7;56;57.367;23.22
893;7;57;41.641;21.52
894;7;57;50.643;20.26
895;7;58;29.299;11.79
896;7;59;26.736;8.12
897;8;9;58.017;22.89
898;8;9;47.202;11.92
899;8;10;33.502;11.87
900;8;10;32.203;21.43
901;8;11;14.02;7.51
902;8;12;31.705;15.1
903;8;12;27.295;1.47
904;8;13;77.822;17.13
905;8;14;31.911;16.98
906;8;14;36.534;7.03
907;8;14;37.898;16.03
908;8;15;12.858;6.03
909;8;16;12.0;13.25
910;8;16;9.301;17.48
911;8;17;14.4;6.38
912;8;17;17.339;23.43
913;8;18;23.621;4.14
914;8;19;10.323;13.63
915;8;19;7.783;24.98
916;8;19;7.854;4.84
917;8;20;50.763;12.19
918;8;20;53.533;11.93
919;8;21;95.389;8.04
920;8;21;100.497;18.84
921;8;21;112.068;19.26
922;8;22;15.381;1.55
923;8;22;19.166;8.51
924;8;23;19.811;22.56
925;8;24;35.915;16.38
926;8;25;29.821;14.34
927;8;25;24.365;10.89
928;8;26;13.441;2.07
929;8;27;53.965;14.07
930;8;27;65.504;16.69
931;8;27;57.562;12.35
932;8;28;27.411;12.34
933;8;29;8.905;7.96
934;8;29;9.561;17.08
935;8;30;46.542;5.62
936;8;30;41.447;14.49
937;8;31;21.444;4.56
938;8;31;23.981;16.24
939;8;32;10.905;6.03
940;8;32;11.152;2.81
941;8;33;49.578;4.7
942;8;34;39.488;6.84
943;8;34;34.901;5.03
944;8;34;44.162;14.93
945;8;35;12.156;24.65
946;8;35;12.129;5.26
947;8;35;9.391;0.29
948;8;36;17.705;24.31
949;8;37;37.763;17.75
950;8;38;54.08;9.44
951;8;38;55.802;11.57
952;8;39;15.221;24.8
953;8;39;17.507;11.17
954;8;40;22.821;0.53
955;8;41;12.156;21.85
956;8;41;9.988;4.52
957;8;41;14.185;20.16
958;8;42;47.282;15.17
959;8;42;54.89;10.71
960;8;43;58.279;24.97
961;8;44;16.327;19.83
962;8;45;8.556;4.51
963;8;46;15.128;18.18
964;8;47;21.487;21.0
965;8;48;24.713;21.64
966;8;48;30.127;5.24
967;8;48;27.192;0.81
968;8;49;52.433;8.28
969;8;50;12.019;9.3
970;8;51;32.059;13.07
971;8;52;72.778;22.46
972;8;53;4.283;10.61
973;8;53;4.394;7.47
974;8;53;4.351;8.28
975;8;54;68.332;1.47
976;8;55;15.801;16.41
977;8;55;15.695;17.09
978;8;56;31.063;15.43
979;8;57;43.708;14.32
980;8;57;47.435;6.55
981;8;58;8.883;8.37
982;8;58;10.065;16.04
983;8;59;22.688;14.92
984;9;10;34.121;16.53
985;9;11;56.963;22.96
986;9;11;66.57;10.92
987;9;11;66.396;23.65
988;9;12;31.525;9.66
989;9;13;70.88;13.51
990;9;14;31.918;22.29
991;9;15;46.819;21.29
992;9;15;38.507;23.33
993;9;15;54.458;9.2
994;9;16;51.445;10.16
995;9;16;46.484;1.87
996;9;16;62.556;3.78
997;9;17;48.168;10.46
998;9;17;60.148;7.88
999;9;18;57.399;12.73
1000;9;18;58.038;12.2
1001;9;19;49.732;10.99
1002;9;19;62.037;0.28
1003;9;19;41.887;4.92
1004;9;20;73.841;3.93
1005;9;21;37.38;12.6
1006;9;21;43.86;3.72
1007;9;22;53.422;1.79
1008;9;23;48.998;9.66
1009;9;23;42.406;4.96
1010;9;24;28.729;3.92
1011;9;24;27.379;1.25
1012;9;25;31.01;1.53
1013;9;25;28.344;19.7
1014;9;26;60.077;5.38
1015;9;26;73.195;20.14
1016;9;26;74.666;4.28
1017;9;27;68.337;7.31
1018;9;27;63.976;14.99
1019;9;27;67.669;20.28
1020;9;28;31.245;7.03
1021;9;29;49.129;2.0
1022;9;29;37.48;8.22
1023;9;29;48.293;19.55
1024;9;30;18.228;22.1
1025;9;30;17.249;12.09
1026;9;31;45.358;19.4
1027;9;31;39.756;2.55
1028;9;31;44.295;9.01
1029;9;32;48.307;18.29
1030;9;32;40.153;1.88
1031;9;32;57.709;1.02
1032;9;33;20.472;20.69
1033;9;34;21.784;12.66
1034;9;35;47.259;0.01
1035;9;35;46.307;19.11
1036;9;36;42.459;21.29
1037;9;36;38.723;18.51
1038;9;37;75.973;14.2
1039;9;37;82.201;11.35
1040;9;37;90.798;23.55
1041;9;38;67.696;13.76
1042;9;38;64.856;6.05
1043;9;39;46.165;2.6
1044;9;39;35.456;11.61
1045;9;40;38.546;0.56
1046;9;40;29.364;3.71
1047;9;41;47.259;2.01
1048;9;42;60.114;0.63
1049;9;42;56.547;0.6
1050;9;42;49.067;11.48
1051;9;43;72.272;4.9
1052;9;44;47.169;8.8
1053;9;44;46.397;0.29
1054;9;45;49.469;10.93
1055;9;45;41.088;17.38
1056;9;46;46.665;20.09
1057;9;46;58.012;1.86
1058;9;46;48.119;0.23
1059;9;47;51.688;20.61
1060;9;47;60.805;22.51
1061;9;48;44.0;4.09
1062;9;49;73.873;18.39
1063;9;49;58.416;3.98
1064;9;49;58.848;11.07
1065;9;50;50.214;18.44
1066;9;50;46.01;2.12
1067;9;50;58.377;12.12
1068;9;51;32.198;5.88
1069;9;52;20.49;0.18
1070;9;53;55.408;3.55
1071;9;53;66.329;20.51
1072;9;54;79.928;8.15
1073;9;55;59.995;13.18
1074;9;55;72.507;19.61
1075;9;56;59.367;1.14
1076;9;56;54.335;19.85
1077;9;56;73.66;11.05
1078;9;57;73.551;6.12
1079;9;57;55.196;13.11
1080;9;58;49.804;19.24
1081;9;58;49.127;12.76
1082;9;59;58.284;14.8
1083;9;59;58.541;6.45
1084;10;11;26.162;8.82
1085;10;11;28.593;0.13
1086;10;11;25.715;10.97
1087;10;12;4.821;9.25
1088;10;12;4.663;2.77
1089;10;13;85.837;7.77
1090;10;13;104.719;22.59
1091;10;14;4.08;14.96
1092;10;14;3.486;22.83
1093;10;14;4.394;21.19
1094;10;15;20.726;23.03
1095;10;16;34.163;20.59
1096;10;17;32.276;17.7
1097;10;17;28.784;15.34
1098;10;17;28.379;3.34
1099;10;18;46.565;2.35
1100;10;19;23.19;6.13
1101;10;19;20.248;23.33
1102;10;20;41.229;9.92
1103;10;20;31.467;24.95
1104;10;20;49.953;8.17
1105;10;21;68.717;9.4
1106;10;21;57.366;6.36
1107;10;22;22.456;8.72
1108;10;22;24.872;14.55
1109;10;22;21.964;21.29
1110;10;23;17.004;0.63
1111;10;24;5.426;24.03
1112;10;24;6.451;5.48
1113;10;24;4.947;7.27
1114;10;25;8.231;21.27
1115;10;25;8.039;11.55
1116;10;26;29.452;16.15
1117;10;27;37.798;21.71
1118;10;28;21.734;18.01
1119;10;28;18.149;21.55
1120;10;28;23.62;4.16
1121;10;29;25.98;19.47
1122;10;29;28.772;16.78
1123;10;30;16.863;13.68
1124;10;31;13.601;4.16
1125;10;32;22.709;7.15
1126;10;33;17.936;0.58
1127;10;33;14.066;6.5
1128;10;34;12.572;7.25
1129;10;34;9.621;9.93
1130;10;35;21.465;20.08
1131;10;35;26.773;9.04
1132;10;36;16.093;1.94
1133;10;36;12.073;23.75
1134;10;36;18.046;23.84
1135;10;37;41.877;9.99
1136;10;37;37.978;12.05
1137;10;38;37.362;23.48
1138;10;39;18.311;16.84
1139;10;40;11.104;14.91
1140;10;40;10.31;20.65
1141;10;40;9.777;2.62
1142;10;41;21.465;10.71
1143;10;42;29.078;7.31
1144;10;42;27.606;13.47
1145;10;43;75.698;3.56
1146;10;44;17.728;0.47
1147;10;44;13.378;1.98
1148;10;44;15.311;21.23
1149;10;45;26.341;6.48
1150;10;46;18.477;0.91
1151;10;46;18.657;21.29
1152;10;46;22.407;9.6
1153;10;47;18.76;11.28
1154;10;47;23.116;20.68
1155;10;48;11.061;5.86
1156;10;48;10.978;9.58
1157;10;48;12.657;12.66
1158;10;49;73.195;23.75
1159;10;50;22.003;17.94
1160;10;51;3.57;10.39
1161;10;51;3.557;15.77
1162;10;51;3.9;3.84
1163;10;52;53.837;17.14
1164;10;52;42.56;9.97
1165;10;53;29.502;8.92
1166;10;53;32.328;20.89
1167;10;53;27.428;22.55
1168;10;54;85.443;5.55
1169;10;55;28.551;3.88
1170;10;56;52.353;17.09
1171;10;56;51.483;1.29
1172;10;57;39.76;11.5
1173;10;58;28.877;1.29
1174;10;58;23.699;0.35
1175;10;58;29.342;15.07
1176;10;59;24.972;2.8
1177;10;59;25.568;17.75
1178;11;12;26.395;4.17
1179;11;12;25.049;22.26
1180;11;12;24.003;24.65
1181;11;13;88.962;5.45
1182;11;14;26.27;7.63
1183;11;15;11.952;0.51
1184;11;15;10.512;14.13
1185;11;16;23.636;3.46
1186;11;16;26.832;9.09
1187;11;17;24.63;23.48
1188;11;17;29.814;9.44
1189;11;18;36.838;4.77
1190;11;18;40.627;8.73
1191;11;19;9.971;19.5
1192;11;20;36.867;19.0
1193;11;20;29.885;13.38
1194;11;21;93.521;24.22
1195;11;21;78.751;2.28
1196;11;21;112.697;2.12
1197;11;22;3.72;3.17
1198;11;22;3.038;21.1
1199;11;22;4.153;18.21
1200;11;23;9.237;5.7
1201;11;24;30.277;10.52
1202;11;25;26.057;20.76
1203;11;25;23.943;11.51
1204;11;26;3.293;24.17
1205;11;27;39.983;4.09
1206;11;27;33.364;17.01
1207;11;27;43.685;18.65
1208;11;28;30.3;21.91
1209;11;28;27.791;12.9
1210;11;28;28.074;1.09
1211;11;29;14.61;15.88
1212;11;30;42.092;17.55
1213;11;30;33.417;23.43
1214;11;31;12.574;6.44
1215;11;32;11.693;12.05
1216;11;32;10.756;22.1
1217;11;33;43.961;2.72
1218;11;33;49.891;11.58
1219;11;34;35.886;23.47
1220;11;35;11.984;24.58
1221;11;35;13.162;11.37
1222;11;35;8.989;14.14
1223;11;36;14.945;16.42
1224;11;36;12.387;22.6
1225;11;37;25.626;22.38
1226;11;37;29.223;20.06
1227;11;37;30.958;11.77
1228;11;38;40.119;12.06
1229;11;39;11.214;6.68
1230;11;39;8.988;6.22
1231;11;39;9.571;7.26
1232;11;40;18.422;3.18
1233;11;40;16.631;1.31
1234;11;41;11.984;0.14
1235;11;41;11.277;19.53
1236;11;42;33.563;19.63
1237;11;42;26.453;11.16
1238;11;42;28.736;17.75
1239;11;43;71.28;17.86
1240;11;43;54.721;2.35
1241;11;43;65.082;1.18
1242;11;44;9.808;15.75
1243;11;45;14.611;20.01
1244;11;45;15.661;18.4
1245;11;45;17.053;14.51
1246;11;46;10.632;4.6
1247;11;46;10.329;13.07
1248;11;46;11.148;18.97
1249;11;47;8.953;11.78
1250;11;48;15.282;21.12
1251;11;48;18.342;12.88
1252;11;48;16.295;9.96
1253;11;49;65.94;22.57
1254;11;49;69.033;5.13
1255;11;49;68.086;8.45
1256;11;50;7.829;4.88
1257;11;51;26.193;3.25
1258;11;51;27.128;8.72
1259;11;52;74.426;16.24
1260;11;52;76.45;11.39
1261;11;52;78.799;4.71
1262;11;53;10.432;7.21
1263;11;54;81.402;6.91
1264;11;54;99.019;2.88
1265;11;55;3.31;17.23
1266;11;55;3.93;11.15
1267;11;56;44.226;22.82
1268;11;57;30.195;12.55
1269;11;58;17.779;23.22
1270;11;58;18.071;3.9
1271;11;58;14.575;6.42
1272;11;59;8.671;19.83
1273;11;59;9.745;5.09
1274;12;13;81.016;11.48
1275;12;13;92.372;3.22
1276;12;14;0.742;13.61
1277;12;15;18.873;6.57
1278;12;16;30.866;9.82
1279;12;16;24.165;5.27
1280;12;17;28.693;9.02
1281;12;17;31.538;17.2
1282;12;17;31.284;20.72
1283;12;18;42.726;13.76
1284;12;18;34.083;4.13
1285;12;18;32.453;3.78
1286;12;19;21.618;12.45
1287;12;19;25.107;18.63
1288;12;19;16.389;8.33
1289;12;20;45.434;16.63
1290;12;20;49.068;9.83
1291;12;20;39.193;13.26
1292;12;21;67.282;24.83
1293;12;22;22.698;22.89
1294;12;23;17.738;6.61
1295;12;23;19.226;12.89
1296;12;23;14.013;14.96
1297;12;24;4.211;2.35
1298;12;25;3.504;14.12
1299;12;26;29.659;1.64
1300;12;26;32.969;1.5
1301;12;27;42.419;21.7
1302;12;28;17.0;6.13
1303;12;29;23.546;12.44
1304;12;29;19.416;1.08
1305;12;30;15.707;14.29
1306;12;30;19.245;0.36
1307;12;30;14.141;13.38
1308;12;31;14.092;7.49
1309;12;31;12.764;8.21
1310;12;31;14.903;3.52
1311;12;32;20.804;12.7
1312;12;32;19.003;23.94
1313;12;32;21.432;19.62
1314;12;33;18.021;12.29
1315;12;34;9.785;15.73
1316;12;34;8.064;9.02
1317;12;34;10.713;15.56
1318;12;35;19.555;1.77
1319;12;35;23.289;5.25
1320;12;36;14.003;16.12
1321;12;36;14.146;2.53
1322;12;37;44.693;0.15
1323;12;37;51.474;19.4
1324;12;37;50.682;0.5
1325;12;38;42.008;4.46
1326;12;38;38.777;5.82
1327;12;39;16.968;0.41
1328;12;39;14.744;23.53
1329;12;40;8.916;1.84
1330;12;41;19.555;3.01
1331;12;41;20.852;17.49
1332;12;42;33.698;6.07
1333;12;42;32.892;21.38
1334;12;43;71.106;21.41
1335;12;44;17.054;11.76
1336;12;45;23.918;19.67
1337;12;45;20.685;9.61
1338;12;45;20.28;13.9
1339;12;46;17.282;12.56
1340;12;46;17.204;23.38
1341;12;46;20.509;16.58
1342;12;47;20.207;10.67
1343;12;47;15.175;18.28
1344;12;48;12.476;1.41
1345;12;48;11.569;10.41
1346;12;48;13.51;6.08
1347;12;49;68.81;14.15
1348;12;49;85.496;9.96
1349;12;49;54.364;14.64
1350;12;50;20.987;12.37
1351;12;51;1.252;9.21
1352;12;51;1.394;7.73
1353;12;51;1.377;22.48
1354;12;52;50.638;14.08
1355;12;53;27.973;1.13
1356;12;54;80.801;1.02
1357;12;54;73.208;23.56
1358;12;54;72.685;18.5
1359;12;55;29.146;20.79
1360;12;55;32.509;9.44
1361;12;55;34.87;11.36
1362;12;56;48.236;17.77
1363;12;57;43.406;24.18
1364;12;58;26.058;19.54
1365;12;58;22.807;11.65
1366;12;58;22.63;24.36
1367;12;59;26.77;14.45
1368;12;59;28.761;11.43
1369;12;59;29.862;16.16
1370;13;14;81.758;12.12
1371;13;14;101.681;12.47
1372;13;14;74.243;2.54
1373;13;15;78.211;13.92
1374;13;16;66.004;15.08
1375;13;16;79.961;3.86
1376;13;17;64.423;16.57
1377;13;17;69.58;6.95
1378;13;18;55.48;23.73
1379;13;18;56.727;8.94
1380;13;19;79.27;6.87
1381;13;19;96.6;11.13
1382;13;19;97.413;17.42
1383;13;20;123.244;0.83
1384;13;20;102.464;20.1
1385;13;21;89.77;20.54
1386;13;22;87.759;16.99
1387;13;22;68.406;5.87
1388;13;23;87.948;14.58
1389;13;24;82.258;11.27
1390;13;24;82.153;19.79
1391;13;24;79.688;20.13
1392;13;25;77.694;16.24
1393;13;25;63.783;24.32
1394;13;25;79.158;2.47
1395;13;26;90.019;13.43
1396;13;27;122.504;13.0
1397;13;27;97.266;4.19
1398;13;27;95.559;3.52
1399;13;28;64.575;6.92
1400;13;28;57.68;5.19
1401;13;28;54.979;9.89
1402;13;29;74.36;9.03
1403;13;29;71.513;16.05
1404;13;29;58.317;18.77
1405;13;30;80.83;0.62
1406;13;30;75.408;2.0
1407;13;31;86.088;23.36
1408;13;31;91.184;22.55
1409;13;31;97.786;8.3
1410;13;32;77.704;19.83
1411;13;33;85.388;12.13
1412;13;33;69.113;10.37
1413;13;33;87.0;19.28
1414;13;34;77.35;21.76
1415;13;34;79.906;2.13
1416;13;35;77.853;3.55
1417;13;35;92.641;2.17
1418;13;36;78.248;12.12
1419;13;36;96.619;17.46
1420;13;37;114.568;7.42
1421;13;37;106.299;4.43
1422;13;38;122.224;9.8
1423;13;38;128.107;6.87
1424;13;38;152.351;10.97
1425;13;39;80.517;7.85
1426;13;39;77.112;21.45
1427;13;40;79.476;15.46
1428;13;41;77.853;11.22
1429;13;42;113.946;14.11
1430;13;42;114.963;5.3
1431;13;43;27.074;19.03
1432;13;44;82.997;2.81
1433;13;44;71.451;14.54
1434;13;44;62.417;9.16
1435;13;45;74.351;2.41
1436;13;45;75.046;23.76
1437;13;45;71.784;2.4
1438;13;46;81.072;6.3
1439;13;47;91.381;21.96
1440;13;47;86.796;17.8
1441;13;48;87.714;21.66
1442;13;49;35.917;19.69
1443;13;49;29.404;10.16
1444;13;49;36.291;18.52
1445;13;50;81.894;10.43
1446;13;50;94.564;10.86
1447;13;51;82.268;12.08
1448;13;51;100.863;7.42
1449;13;51;94.585;22.64
1450;13;52;61.781;8.64
1451;13;52;61.768;11.56
1452;13;53;79.5;1.42
1453;13;53;69.999;16.77
1454;13;54;23.74;2.37
1455;13;54;22.259;20.37
1456;13;55;91.887;14.55
1457;13;55;83.09;20.64
1458;13;56;48.774;6.74
1459;13;56;59.88;8.1
1460;13;57;118.293;15.43
1461;13;57;145.883;19.66
1462;13;58;71.269;9.47
1463;13;58;56.335;23.91
1464;13;59;96.367;14.14
1465;13;59;88.19;17.88
1466;14;15;19.06;6.59
1467;14;16;31.323;6.4
1468;14;17;29.198;18.62
1469;14;17;28.538;0.5
1470;14;17;35.601;18.87
1471;14;18;43.283;9.88
1472;14;18;49.112;6.56
1473;14;19;21.767;24.34
1474;14;19;21.28;2.85
1475;14;20;44.765;22.18
1476;14;20;42.568;13.06
1477;14;21;67.512;17.42
1478;14;21;78.354;9.47
1479;14;21;72.352;7.2
1480;14;22;22.563;4.97
1481;14;22;23.171;18.72
1482;14;23;17.511;20.67
1483;14;23;17.222;18.55
1484;14;24;4.095;4.99
1485;14;24;4.623;7.64
1486;14;25;4.209;4.32
1487;14;25;4.781;16.4
1488;14;25;4.142;15.42
1489;14;26;29.545;7.3
1490;14;26;32.198;8.34
1491;14;27;41.697;5.29
1492;14;27;39.163;24.95
1493;14;28;17.719;24.39
1494;14;28;13.751;11.4
1495;14;29;23.844;17.77
1496;14;30;15.826;14.56
1497;14;30;17.507;13.66
1498;14;31;13.879;13.24
1499;14;32;21.006;17.3
1500;14;32;21.265;4.37
1501;14;33;17.955;15.7
1502;14;33;14.717;5.74
1503;14;33;14.69;6.14
1504;14;34;10.142;1.16
1505;14;34;11.67;0.89
1506;14;35;19.755;16.08
1507;14;35;14.922;15.59
1508;14;35;23.443;11.69
1509;14;36;14.209;13.27
1510;14;36;15.495;10.54
1511;14;37;44.213;22.04
1512;14;37;35.927;0.88
1513;14;37;33.81;4.19
1514;14;38;41.284;13.07
1515;14;38;44.932;6.21
1516;14;38;36.813;21.3
1517;14;39;17.062;12.95
1518;14;39;12.967;17.16
1519;14;39;17.521;22.18
1520;14;40;9.092;7.92
1521;14;40;10.015;5.27
1522;14;41;19.755;20.59
1523;14;41;14.897;17.04
1524;14;42;32.976;15.79
1525;14;42;27.076;11.46
1526;14;43;71.8;15.99
1527;14;44;17.04;12.1
1528;14;45;24.216;0.78
1529;14;45;28.461;6.88
1530;14;46;17.353;10.87
1531;14;46;20.117;7.78
1532;14;46;16.877;20.49
1533;14;47;19.886;23.81
1534;14;47;20.481;1.08
1535;14;48;12.117;1.96
1536;14;49;69.467;15.32
1537;14;49;72.559;16.84
1538;14;50;21.044;8.08
1539;14;50;18.941;4.81
1540;14;51;0.51;0.87
1541;14;51;0.455;1.33
1542;14;52;51.138;11.37
1543;14;53;28.129;16.64
1544;14;53;23.732;20.58
1545;14;53;29.838;24.56
1546;14;54;81.504;2.16
1547;14;54;91.288;19.94
1548;14;55;28.972;1.48
1549;14;56;48.843;22.98
1550;14;56;40.569;1.18
1551;14;57;42.811;7.05
1552;14;57;41.191;13.13
1553;14;57;44.547;7.64
1554;14;58;26.427;21.03
1555;14;58;30.125;22.22
1556;14;58;21.716;21.27
1557;14;59;26.416;21.82
1558;15;16;15.628;1.11
1559;15;17;15.208;14.04
1560;15;17;11.417;2.25
1561;15;18;29.303;18.15
1562;15;18;33.595;0.77
1563;15;19;2.93;2.77
1564;15;19;2.957;7.77
1565;15;19;3.112;2.23
1566;15;20;45.512;11.2
1567;15;21;83.972;10.78
1568;15;21;78.606;23.16
1569;15;21;102.147;0.85
1570;15;22;9.733;18.47
1571;15;23;10.322;7.28
1572;15;23;8.116;20.18
1573;15;24;23.084;24.84
1574;15;24;24.82;19.88
1575;15;24;26.931;14.37
1576;15;25;17.198;19.99
1577;15;25;15.847;1.32
1578;15;26;14.361;19.91
1579;15;27;46.546;18.9
1580;15;27;50.281;19.18
1581;15;28;18.455;3.53
1582;15;29;5.808;2.39
1583;15;29;6.388;12.89
1584;15;30;33.979;5.88
1585;15;30;39.896;24.62
1586;15;30;29.033;20.02
1587;15;31;10.118;9.64
1588;15;31;10.481;7.36
1589;15;32;1.983;13.53
1590;15;32;2.065;18.21
1591;15;32;2.427;14.43
1592;15;33;36.819;0.41
1593;15;33;39.137;2.57
1594;15;34;27.071;9.77
1595;15;34;22.391;18.84
1596;15;34;27.518;4.59
1597;15;35;0.76;8.27
1598;15;35;0.901;4.51
1599;15;35;0.798;2.26
1600;15;36;4.879;12.0
1601;15;36;4.339;20.23
1602;15;37;37.002;8.78
1603;15;38;46.48;18.33
1604;15;39;3.022;12.42
1605;15;39;2.735;0.62
1606;15;39;2.559;17.45
1607;15;40;9.969;12.17
1608;15;40;10.019;9.88
1609;15;40;10.288;21.65
1610;15;41;0.76;9.32
1611;15;41;0.831;1.97
1612;15;42;38.807;22.51
1613;15;43;62.439;14.43
1614;15;43;48.187;8.22
1615;15;43;68.467;17.35
1616;15;44;5.294;22.99
1617;15;44;6.511;23.3
1618;15;45;6.106;14.32
1619;15;45;7.598;10.71
1620;15;45;6.354;23.65
1621;15;46;3.328;23.8
1622;15;46;3.43;10.28
1623;15;46;3.453;9.81
1624;15;47;13.464;11.59
1625;15;47;16.756;7.6
1626;15;48;13.165;5.28
1627;15;48;14.373;23.66
1628;15;49;58.09;24.53
1629;15;49;68.786;24.02
1630;15;50;4.123;12.36
1631;15;51;19.202;16.78
1632;15;51;18.512;22.19
1633;15;52;63.257;5.01
1634;15;52;55.572;23.82
1635;15;53;9.141;4.4
1636;15;53;7.309;13.84
1637;15;54;72.557;16.17
1638;15;54;89.404;4.13
1639;15;55;15.254;13.12
1640;15;55;17.762;21.38
1641;15;55;17.031;0.8
1642;15;56;36.234;9.15
1643;15;57;40.089;12.28
1644;15;57;49.659;20.46
1645;15;57;44.367;20.99
1646;15;58;9.374;12.84
1647;15;58;7.678;3.03
1648;15;59;18.196;14.98
1649;15;59;14.195;7.35
1650;16;17;3.361;3.9
1651;16;17;3.93;1.91
1652;16;18;13.725;23.19
1653;16;19;15.151;12.29
1654;16;19;15.322;11.01
1655;16;20;60.087;20.69
1656;16;20;55.524;5.12
1657;16;20;57.39;9.02
1658;16;21;88.556;21.79
1659;16;21;95.983;3.72
1660;16;22;23.397;7.47
1661;16;22;18.436;13.65
1662;16;23;25.756;12.24
1663;16;23;27.385;21.13
1664;16;23;24.145;11.37
1665;16;24;34.77;14.82
1666;16;24;37.503;17.49
1667;16;24;41.169;19.04
1668;16;25;27.982;6.02
1669;16;25;24.487;10.86
1670;16;26;24.198;23.5
1671;16;26;29.095;10.56
1672;16;26;29.536;10.57
1673;16;27;61.902;11.32
1674;16;28;20.283;20.86
1675;16;28;20.193;16.26
1676;16;28;20.489;16.54
1677;16;29;10.018;16.93
1678;16;30;43.358;21.49
1679;16;30;38.189;20.13
1680;16;30;45.123;12.53
1681;16;31;25.71;22.46
1682;16;31;21.29;14.48
1683;16;32;14.157;9.7
1684;16;33;47.207;0.41
1685;16;34;36.182;8.81
1686;16;34;32.849;13.75
1687;16;35;14.954;23.84
1688;16;36;18.772;9.6
1689;16;36;14.386;7.84
1690;16;36;22.47;5.39
1691;16;37;48.874;22.05
1692;16;37;49.848;6.24
1693;16;38;61.881;16.93
1694;16;39;18.636;0.14
1695;16;39;19.093;9.38
1696;16;39;16.63;5.72
1697;16;40;23.195;12.62
1698;16;40;21.445;5.81
1699;16;41;14.954;20.29
1700;16;41;18.301;15.72
1701;16;42;54.354;2.88
1702;16;42;64.796;1.76
1703;16;43;47.692;1.73
1704;16;44;20.875;24.87
1705;16;45;9.821;19.32
1706;16;45;8.664;15.07
1707;16;46;18.951;16.76
1708;16;46;19.98;11.59
1709;16;47;28.563;23.72
1710;16;47;25.027;4.67
1711;16;47;24.24;7.21
1712;16;48;28.634;18.08
1713;16;49;42.748;5.17
1714;16;49;49.445;17.87
1715;16;49;51.27;18.32
1716;16;50;17.921;8.01
1717;16;51;31.642;19.16
1718;16;51;37.487;4.7
1719;16;51;38.148;9.69
1720;16;52;63.918;18.31
1721;16;53;13.583;20.77
1722;16;53;13.153;14.6
1723;16;54;57.824;6.83
1724;16;54;65.537;10.51
1725;16;55;26.25;22.41
1726;16;56;20.867;1.79
1727;16;57;53.797;7.17
1728;16;57;58.587;4.6
1729;16;58;6.341;3.41
1730;16;59;31.884;16.92
1731;17;18;14.501;9.25
1732;17;19;15.372;16.19
1733;17;20;60.469;17.13
1734;17;20;47.506;3.31
1735;17;20;49.458;21.91
1736;17;21;85.235;5.93
1737;17;21;73.865;13.83
1738;17;22;23.885;23.48
1739;17;22;29.294;4.92
1740;17;22;26.593;20.19
1741;17;23;25.526;14.53
1742;17;23;20.337;20.67
1743;17;24;32.459;13.49
1744;17;25;25.644;23.3
1745;17;25;27.79;11.33
1746;17;26;25.602;19.13
1747;17;27;61.754;11.05
1748;17;27;55.402;2.51
1749;17;27;60.597;10.11
1750;17;28;17.085;18.04
1751;17;28;18.361;0.39
1752;17;28;16.961;16.26
1753;17;29;10.203;20.25
1754;17;29;8.163;5.82
1755;17;30;40.557;0.06
1756;17;30;31.767;10.93
1757;17;31;25.006;2.72
1758;17;32;14.075;22.91
1759;17;33;44.526;7.07
1760;17;33;51.064;10.06
1761;17;34;33.419;22.69
1762;17;35;14.627;9.36
1763;17;35;16.752;18.36
1764;17;36;17.568;11.03
1765;17;37;50.168;15.09
1766;17;37;43.673;20.87
1767;17;38;61.686;17.94
1768;17;38;65.352;21.04
1769;17;39;18.1;20.67
1770;17;39;19.88;3.58
1771;17;39;17.226;7.74
1772;17;40;21.551;2.2
1773;17;40;21.276;2.04
1774;17;40;19.015;3.81
1775;17;41;14.627;24.86
1776;17;42;53.966;15.3
1777;17;42;61.674;9.14
1778;17;42;54.594;12.21
1779;17;43;47.29;3.87
1780;17;43;39.621;10.03
1781;17;44;20.494;7.16
1782;17;45;10.121;11.71
1783;17;45;10.47;6.82
1784;17;46;18.504;5.07
1785;17;47;28.573;0.6
1786;17;47;23.064;18.2
1787;17;47;33.135;3.76
1788;17;48;27.729;20.73
1789;17;49;42.91;23.21
1790;17;49;49.446;16.88
1791;17;50;18.142;10.72
1792;17;50;20.02;22.2
1793;17;50;22.071;19.88
1794;17;51;29.55;5.16
1795;17;52;60.565;5.62
1796;17;52;73.77;15.18
1797;17;52;58.193;21.59
1798;17;53;15.178;4.87
1799;17;53;18.527;4.4
1800;17;54;57.419;11.01
1801;17;55;27.476;13.25
1802;17;55;33.831;21.58
1803;17;56;21.106;19.01
1804;17;57;54.542;3.73
1805;17;57;68.014;12.88
1806;17;57;44.604;15.81
1807;17;58;6.858;11.03
1808;17;58;8.509;6.03
1809;17;59;32.509;16.92
1810;17;59;38.478;0.75
1811;17;59;30.456;18.07
1812;18;19;28.859;16.52
1813;18;20;73.587;14.53
1814;18;20;62.315;16.9
1815;18;20;59.258;14.8
1816;18;21;93.102;22.31
1817;18;21;70.265;14.35
1818;18;21;115.837;11.83
1819;18;22;36.967;12.15
1820;18;22;43.856;5.19
1821;18;23;39.479;13.75
1822;18;24;46.263;13.65
1823;18;24;46.922;23.57
1824;18;25;39.493;19.54
1825;18;25;35.866;7.71
1826;18;26;36.905;24.01
1827;18;27;75.617;8.52
1828;18;28;28.594;9.01
1829;18;28;33.355;0.27
1830;18;28;23.207;14.61
1831;18;29;23.744;12.34
1832;18;29;26.149;22.5
1833;18;30;53.065;20.79
1834;18;30;55.526;16.18
1835;18;30;46.96;23.42
1836;18;31;39.32;17.06
1837;18;31;45.916;3.12
1838;18;32;27.879;5.38
1839;18;33;57.371;24.35
1840;18;33;49.53;22.19
1841;18;34;46.181;1.26
1842;18;34;47.223;5.25
1843;18;35;28.647;10.02
1844;18;36;32.05;7.43
1845;18;36;37.083;8.1
1846;18;37;61.384;9.87
1847;18;37;56.297;8.99
1848;18;38;75.602;20.42
1849;18;38;70.126;20.62
1850;18;38;61.706;24.53
1851;18;39;32.29;14.21
1852;18;39;28.021;18.62
1853;18;40;36.011;3.83
1854;18;40;44.151;10.27
1855;18;40;40.15;1.17
1856;18;41;28.647;23.37
1857;18;41;33.367;3.03
1858;18;41;26.257;1.66
1859;18;42;68.074;4.91
1860;18;42;60.918;15.75
1861;18;43;34.657;13.15
1862;18;44;34.575;17.9
1863;18;45;23.543;17.34
1864;18;46;32.631;24.36
1865;18;46;26.799;1.34
1866;18;47;42.272;11.32
1867;18;48;42.145;19.63
1868;18;48;49.224;16.91
1869;18;49;29.136;24.81
1870;18;49;34.599;20.73
1871;18;50;31.617;21.55
1872;18;50;33.723;5.72
1873;18;50;26.341;20.84
1874;18;51;43.668;8.9
1875;18;52;66.005;12.73
1876;18;52;63.618;0.55
1877;18;53;26.448;3.19
1878;18;54;44.72;17.79
1879;18;55;39.149;6.54
1880;18;55;32.436;16.15
1881;18;56;7.444;0.95
1882;18;56;8.952;21.57
1883;18;57;67.007;18.99
1884;18;58;20.066;5.05
1885;18;59;45.309;4.62
1886;18;59;55.484;16.74
1887;19;20;45.108;2.86
1888;19;21;86.899;9.54
1889;19;21;93.172;1.12
1890;19;22;8.547;13.45
1891;19;22;10.207;9.38
1892;19;22;9.543;21.97
1893;19;23;10.748;18.37
1894;19;24;25.823;10.14
1895;19;24;31.562;23.87
1896;19;25;20.072;22.0
1897;19;26;11.984;14.68
1898;19;26;11.733;9.55
1899;19;26;13.618;9.84
1900;19;27;46.758;16.19
1901;19;27;47.245;7.8
1902;19;27;57.17;5.55
1903;19;28;20.993;9.55
1904;19;29;5.201;3.4
1905;19;30;36.848;0.02
1906;19;30;29.905;2.63
1907;19;31;11.496;2.51
1908;19;32;1.755;6.64
1909;19;32;1.596;24.13
1910;19;33;39.61;2.28
1911;19;34;29.973;14.88
1912;19;35;2.493;2.42
1913;19;35;2.876;14.41
1914;19;35;2.523;12.85
1915;19;36;7.711;15.47
1916;19;36;7.751;3.06
1917;19;36;7.0;10.44
1918;19;37;35.483;20.37
1919;19;37;41.029;7.09
1920;19;37;31.545;23.89
1921;19;38;46.746;21.75
1922;19;39;4.899;23.36
1923;19;40;12.704;24.05
1924;19;40;10.366;23.5
1925;19;40;10.543;15.22
1926;19;41;2.493;23.68
1927;19;41;2.436;12.39
1928;19;41;2.515;21.89
1929;19;42;39.311;10.71
1930;19;43;62.614;21.14
1931;19;43;59.81;12.59
1932;19;44;6.308;23.5
1933;19;44;7.375;19.41
1934;19;45;5.349;22.26
1935;19;45;4.112;10.0
1936;19;46;4.84;4.85
1937;19;46;5.944;17.3
1938;19;46;5.868;10.94
1939;19;47;13.413;1.65
1940;19;48;14.722;0.96
1941;19;49;57.892;1.64
1942;19;49;59.333;20.64
1943;19;49;45.403;21.01
1944;19;50;2.784;8.83
1945;19;51;21.881;4.53
1946;19;51;20.6;12.84
1947;19;51;18.427;9.66
1948;19;52;66.028;11.63
1949;19;52;54.216;14.31
1950;19;52;50.073;19.35
1951;19;53;6.364;1.9
1952;19;53;7.575;2.46
1953;19;54;72.749;13.42
1954;19;54;56.232;14.25
1955;19;55;13.189;17.22
1956;19;55;15.632;6.97
1957;19;56;36.006;9.0
1958;19;57;39.235;10.58
1959;19;57;34.614;7.92
1960;19;57;30.835;22.89
1961;19;58;8.83;18.42
1962;19;58;7.945;0.11
1963;19;59;17.194;13.54
1964;19;59;16.313;15.49
1965;19;59;15.932;11.58
1966;20;21;103.777;16.75
1967;20;22;36.692;5.85
1968;20;22;42.078;6.16
1969;20;23;35.398;18.6
1970;20;23;28.036;5.56
1971;20;23;43.865;17.21
1972;20;24;46.439;7.92
1973;20;25;47.972;19.95
1974;20;26;37.461;6.65
1975;20;26;45.417;5.77
1976;20;26;43.478;0.05
1977;20;27;9.76;13.67
1978;20;27;8.134;15.35
1979;20;27;10.419;14.6
1980;20;28;59.458;6.09
1981;20;28;47.723;14.93
1982;20;29;50.305;9.82
1983;20;29;50.323;9.18
1984;20;30;55.613;20.98
1985;20;31;37.171;20.33
1986;20;31;31.338;12.79
1987;20;31;29.005;4.6
1988;20;32;46.414;7.92
1989;20;33;54.067;17.89
1990;20;34;53.504;10.09
1991;20;35;45.992;11.85
1992;20;36;44.999;1.83
1993;20;36;44.959;13.29
1994;20;37;18.721;4.32
1995;20;38;10.592;12.56
1996;20;38;12.754;19.89
1997;20;38;10.817;11.8
1998;20;39;42.936;19.13
1999;20;39;42.206;2.1
2000;20;40;44.149;14.78
2001;20;40;42.102;8.09
2002;20;41;45.992;14.67
2003;20;42;14.458;20.67
2004;20;42;11.791;1.25
2005;20;43;107.715;4.27
2006;20;43;103.17;11.85
2007;20;43;125.401;6.2
2008;20;44;40.44;8.51
2009;20;45;50.429;2.98
2010;20;46;42.419;17.08
2011;20;46;35.365;3.35
2012;20;46;37.041;22.16
2013;20;47;32.067;15.31
2014;20;48;35.811;23.16
2015;20;48;29.725;21.92
2016;20;48;39.302;16.82
2017;20;49;102.722;16.14
2018;20;49;102.691;11.44
2019;20;50;42.331;19.72
2020;20;51;44.304;16.66
2021;20;51;53.734;22.04
2022;20;52;94.2;16.87
2023;20;52;102.495;4.34
2024;20;53;47.294;8.92
2025;20;53;36.346;18.42
2026;20;53;39.048;24.12
2027;20;54;117.851;5.08
2028;20;54;121.314;18.97
2029;20;54;136.68;14.5
2030;20;55;35.025;18.81
2031;20;55;41.899;13.32
2032;20;55;43.731;18.23
2033;20;56;80.908;2.05
2034;20;57;8.742;12.31
2035;20;57;9.172;9.25
2036;20;58;53.875;21.5
2037;20;58;67.322;7.46
2038;20;58;59.836;17.14
2039;20;59;28.285;14.16
2040;21;22;89.874;3.53
2041;21;22;69.199;23.52
2042;21;23;85.017;24.28
2043;21;24;63.744;12.93
2044;21;25;67.493;1.15
2045;21;26;96.727;4.71
2046;21;26;98.343;2.77
2047;21;27;96.25;18.03
2048;21;27;92.451;21.17
2049;21;28;68.519;3.97
2050;21;29;86.494;9.77
2051;21;30;51.879;3.78
2052;21;30;42.206;14.3
2053;21;31;81.373;0.49
2054;21;32;85.535;10.42
2055;21;32;83.148;3.3
2056;21;33;51.357;6.17
2057;21;33;46.18;1.95
2058;21;34;57.641;23.68
2059;21;35;84.45;6.36
2060;21;36;79.454;5.65
2061;21;36;89.569;15.25
2062;21;37;109.833;2.29
2063;21;38;95.462;7.37
2064;21;38;96.386;12.85
2065;21;39;83.084;14.99
2066;21;39;78.904;20.94
2067;21;40;75.189;3.85
2068;21;40;69.647;13.72
2069;21;40;68.398;24.43
2070;21;41;84.45;16.05
2071;21;42;89.327;2.07
2072;21;42;100.319;16.84
2073;21;42;91.523;24.55
2074;21;43;100.386;22.02
2075;21;43;108.86;9.38
2076;21;43;81.606;17.73
2077;21;44;83.844;10.62
2078;21;44;76.719;7.31
2079;21;45;86.837;17.92
2080;21;45;84.188;5.82
2081;21;46;83.549;4.98
2082;21;46;80.399;17.89
2083;21;46;73.223;9.58
2084;21;47;87.307;3.8
2085;21;47;81.246;8.83
2086;21;48;79.501;15.69
2087;21;49;104.258;20.01
2088;21;49;88.392;17.03
2089;21;49;89.45;14.28
2090;21;50;87.183;3.13
2091;21;50;91.872;5.98
2092;21;51;67.678;7.99
2093;21;52;29.586;21.88
2094;21;52;22.777;19.56
2095;21;52;31.323;13.22
2096;21;53;92.705;24.46
2097;21;54;105.798;24.07
2098;21;54;104.455;24.21
2099;21;54;81.98;3.69
2100;21;55;96.388;4.52
2101;21;56;93.798;16.97
2102;21;57;105.558;9.15
2103;21;57;98.538;6.3
2104;21;58;87.17;20.52
2105;21;58;107.715;18.89
2106;21;59;93.673;5.73
2107;21;59;95.627;24.57
2108;22;23;5.626;9.25
2109;22;23;5.699;12.99
2110;22;24;26.561;7.76
2111;22;24;21.284;8.65
2112;22;24;20.617;5.54
2113;22;25;22.457;2.06
2114;22;26;7.011;9.55
2115;22;26;7.95;13.17
2116;22;26;8.493;21.77
2117;22;27;38.904;1.58
2118;22;27;35.236;7.13
2119;22;27;29.327;19.56
2120;22;28;27.548;6.14
2121;22;29;13.682;16.99
2122;22;29;10.836;2.79
2123;22;29;15.112;22.04
2124;22;30;38.387;23.32
2125;22;31;8.861;16.27
2126;22;32;10.056;1.24
2127;22;32;8.569;2.27
2128;22;32;11.045;24.82
2129;22;33;40.242;9.15
2130;22;33;40.124;15.96
2131;22;34;32.233;11.61
2132;22;34;37.653;18.57
2133;22;35;9.975;12.36
2134;22;35;7.513;6.52
2135;22;35;11.644;17.69
2136;22;36;11.84;1.65
2137;22;36;13.161;17.2
2138;22;36;11.668;16.63
2139;22;37;27.272;21.7
2140;22;38;38.963;18.75
2141;22;39;8.264;17.56
2142;22;39;9.953;0.05
2143;22;39;9.38;6.56
2144;22;40;14.887;7.66
2145;22;40;14.814;5.27
2146;22;41;9.975;18.42
2147;22;41;10.713;8.27
2148;22;42;31.945;6.6
2149;22;42;29.719;0.46
2150;22;43;71.038;11.37
2151;22;43;82.893;5.29
2152;22;43;79.959;0.79
2153;22;44;6.44;22.71
2154;22;44;6.923;10.67
2155;22;45;13.779;6.6
2156;22;45;12.494;2.97
2157;22;45;14.838;20.92
2158;22;46;7.652;0.94
2159;22;46;8.035;6.1
2160;22;46;8.206;0.98
2161;22;47;6.171;14.47
2162;22;48;11.643;24.19
2163;22;49;66.092;11.94
2164;22;50;5.865;8.24
2165;22;50;6.465;1.11
2166;22;50;5.704;16.01
2167;22;51;22.48;7.98
2168;22;51;26.92;7.47
2169;22;51;22.003;18.0
2170;22;52;71.122;17.14
2171;22;52;70.33;11.54
2172;22;53;11.284;11.58
2173;22;54;81.174;14.32
2174;22;54;80.454;13.67
2175;22;54;81.146;2.81
2176;22;55;6.574;2.51
2177;22;55;5.403;12.35
2178;22;55;6.07;11.17
2179;22;56;44.241;20.48
2180;22;57;30.687;10.54
2181;22;57;30.387;1.24
2182;22;58;17.196;0.45
2183;22;58;15.655;15.11
2184;22;59;8.647;2.3
2185;23;24;21.391;7.8
2186;23;24;17.651;5.79
2187;23;24;21.988;9.52
2188;23;25;18.034;23.48
2189;23;25;18.018;22.01
2190;23;26;12.504;4.56
2191;23;26;13.17;3.05
2192;23;26;13.864;23.21
2193;23;27;36.232;23.51
2194;23;27;45.193;24.7
2195;23;27;33.333;10.68
2196;23;28;25.458;8.74
2197;23;29;15.741;9.99
2198;23;30;33.289;5.73
2199;23;30;25.696;2.52
2200;23;30;25.012;19.05
2201;23;31;3.653;24.28
2202;23;32;11.6;18.39
2203;23;33;34.894;12.91
2204;23;34;27.463;12.73
2205;23;34;24.535;4.44
2206;23;34;27.306;22.16
2207;23;35;10.906;16.29
2208;23;36;9.857;19.72
2209;23;37;28.971;20.83
2210;23;37;27.192;4.16
2211;23;37;32.873;15.87
2212;23;38;36.177;22.64
2213;23;38;41.597;15.29
2214;23;38;39.917;2.66
2215;23;39;7.563;18.39
2216;23;40;11.015;17.84
2217;23;40;10.026;23.43
2218;23;41;10.906;1.95
2219;23;41;11.294;11.27
2220;23;41;13.615;15.62
2221;23;42;28.603;5.86
2222;23;43;72.753;2.79
2223;23;44;5.078;11.43
2224;23;44;4.263;14.2
2225;23;45;15.957;2.72
2226;23;45;13.073;15.67
2227;23;45;16.027;0.93
2228;23;46;7.079;13.93
2229;23;47;3.511;10.98
2230;23;47;4.029;1.08
2231;23;48;6.045;12.69
2232;23;48;7.022;23.43
2233;23;49;68.379;20.77
2234;23;49;75.075;1.75
2235;23;49;52.487;4.2
2236;23;50;8.157;20.87
2237;23;51;17.368;2.35
2238;23;51;20.118;13.29
2239;23;52;67.324;12.21
2240;23;53;15.536;17.61
2241;23;53;19.383;11.13
2242;23;54;82.867;6.41
2243;23;54;70.497;10.5
2244;23;54;83.703;12.89
2245;23;55;11.562;14.79
2246;23;56;46.506;14.76
2247;23;57;30.541;16.58
2248;23;57;33.272;9.34
2249;23;58;19.418;8.38
2250;23;58;18.915;10.29
2251;23;58;20.274;8.89
2252;23;59;9.829;8.01
2253;24;25;6.815;17.75
2254;24;25;7.566;17.74
2255;24;26;33.559;12.93
2256;24;27;42.562;14.68
2257;24;27;41.773;19.96
2258;24;27;38.495;9.09
2259;24;28;19.386;8.33
2260;24;28;22.437;4.55
2261;24;28;15.533;17.9
2262;24;29;27.714;15.52
2263;24;29;28.118;5.44
2264;24;29;33.994;22.2
2265;24;30;11.906;12.89
2266;24;30;13.563;4.31
2267;24;30;13.972;4.81
2268;24;31;17.796;11.16
2269;24;31;15.591;17.82
2270;24;32;25.015;16.69
2271;24;33;13.861;23.61
2272;24;34;7.159;7.38
2273;24;34;6.307;3.79
2274;24;34;8.824;17.19
2275;24;35;23.766;19.9
2276;24;35;21.235;17.05
2277;24;36;18.214;19.45
2278;24;37;47.246;7.17
2279;24;38;42.077;1.85
2280;24;39;21.146;22.05
2281;24;39;18.13;5.13
2282;24;40;13.124;19.11
2283;24;40;10.292;16.13
2284;24;41;23.766;5.4
2285;24;41;27.631;23.45
2286;24;42;33.876;18.57
2287;24;42;27.278;17.65
2288;24;42;26.053;23.67
2289;24;43;73.593;12.75
2290;24;43;56.007;17.33
2291;24;43;83.121;6.56
2292;24;44;21.127;11.15
2293;24;44;24.638;15.18
2294;24;44;20.479;9.56
2295;24;45;28.088;22.88
2296;24;45;26.752;22.54
2297;24;46;21.444;7.49
2298;24;47;23.563;2.32
2299;24;48;15.757;21.12
2300;24;48;12.489;4.08
2301;24;49;71.69;24.15
2302;24;49;59.374;12.81
2303;24;50;25.137;9.53
2304;24;50;20.318;21.38
2305;24;51;4.094;0.87
2306;24;51;3.159;3.92
2307;24;52;48.414;7.48
2308;24;52;59.223;24.35
2309;24;52;43.504;13.91
2310;24;53;32.181;5.64
2311;24;53;38.428;22.22
2312;24;53;26.081;20.94
2313;24;54;83.146;10.57
2314;24;54;73.234;3.02
2315;24;54;74.096;11.27
2316;24;55;32.913;4.26
2317;24;55;35.224;2.32
2318;24;56;51.502;10.78
2319;24;56;45.403;20.37
2320;24;57;45.168;24.81
2321;24;57;52.554;1.57
2322;24;58;30.144;19.75
2323;24;58;31.884;4.49
2324;24;59;29.975;19.46
2325;25;26;29.241;6.6
2326;25;26;24.376;11.8
2327;25;26;26.825;21.72
2328;25;27;45.399;19.29
2329;25;27;49.077;22.54
2330;25;27;42.434;12.31
2331;25;28;13.514;9.41
2332;25;29;21.324;18.07
2333;25;29;17.322;3.62
2334;25;30;16.782;18.42
2335;25;31;14.425;5.1
2336;25;31;13.017;23.37
2337;25;31;17.531;17.47
2338;25;32;19.032;17.18
2339;25;32;14.349;3.08
2340;25;32;20.449;18.58
2341;25;33;19.811;9.94
2342;25;34;9.975;19.15
2343;25;34;8.562;9.52
2344;25;34;11.161;3.56
2345;25;35;17.815;19.13
2346;25;35;21.372;21.24
2347;25;36;12.365;21.06
2348;25;36;11.567;17.48
2349;25;37;46.063;12.45
2350;25;38;45.02;9.56
2351;25;39;15.76;2.22
2352;25;40;7.708;8.13
2353;25;40;8.558;6.89
2354;25;41;17.815;5.8
2355;25;41;20.073;7.09
2356;25;42;36.695;1.61
2357;25;42;28.191;5.64
2358;25;43;67.603;13.5
2359;25;44;16.351;2.53
2360;25;44;16.314;18.03
2361;25;45;21.699;14.76
2362;25;46;16.173;0.07
2363;25;46;18.742;13.74
2364;25;46;16.842;11.38
2365;25;47;20.912;6.9
2366;25;48;13.57;16.55
2367;25;48;11.506;12.06
2368;25;49;65.343;13.5
2369;25;49;77.589;20.94
2370;25;49;71.852;11.62
2371;25;50;19.873;14.6
2372;25;50;18.262;6.61
2373;25;51;4.7;9.96
2374;25;51;5.417;22.63
2375;25;52;49.42;7.4
2376;25;52;56.475;2.31
2377;25;52;49.978;1.76
2378;25;53;26.329;4.1
2379;25;53;27.659;15.55
2380;25;54;77.298;10.26
2381;25;54;90.032;17.12
2382;25;54;79.008;11.36
2383;25;55;29.019;1.63
2384;25;55;26.274;20.25
2385;25;56;44.869;9.39
2386;25;56;49.102;16.65
2387;25;57;45.454;14.85
2388;25;58;23.529;1.77
2389;25;59;27.562;10.18
2390;25;59;20.905;2.92
2391;26;27;41.315;22.01
2392;26;27;34.926;5.22
2393;26;27;43.024;4.17
2394;26;28;32.816;22.44
2395;26;29;16.005;15.65
2396;26;29;16.908;4.4
2397;26;30;45.361;12.57
2398;26;31;15.867;21.09
2399;26;31;13.024;7.51
2400;26;31;13.193;19.42
2401;26;32;13.739;0.43
2402;26;32;11.646;8.95
2403;26;33;47.253;3.7
2404;26;34;39.107;20.05
2405;26;34;39.638;24.83
2406;26;34;47.078;10.03
2407;26;35;14.258;21.34
2408;26;36;17.835;6.06
2409;26;37;24.677;18.31
2410;26;37;22.11;16.35
2411;26;38;41.514;18.45
2412;26;38;41.971;17.14
2413;26;38;37.066;8.16
2414;26;39;14.076;20.93
2415;26;39;17.003;8.83
2416;26;40;21.57;14.75
2417;26;40;23.269;13.47
2418;26;41;14.258;8.24
2419;26;41;13.628;10.02
2420;26;41;15.048;5.55
2421;26;42;35.37;6.06
2422;26;42;42.407;6.81
2423;26;43;71.524;21.01
2424;26;43;59.005;15.33
2425;26;44;12.916;12.25
2426;26;44;15.641;21.0
2427;26;44;12.986;5.34
2428;26;45;15.933;24.23
2429;26;45;13.533;24.91
2430;26;46;13.525;10.98
2431;26;46;11.763;1.17
2432;26;46;10.169;0.57
2433;26;47;11.905;6.61
2434;26;47;9.785;23.34
2435;26;47;14.817;16.63
2436;26;48;18.548;17.57
2437;26;48;21.265;10.5
2438;26;48;14.875;14.54
2439;26;49;65.849;15.31
2440;26;49;49.599;8.78
2441;26;50;10.329;9.99
2442;26;50;8.5;4.51
2443;26;51;29.473;12.85
2444;26;51;33.803;17.65
2445;26;52;77.323;4.16
2446;26;52;68.657;14.19
2447;26;52;63.005;10.33
2448;26;53;10.621;14.53
2449;26;53;11.873;24.49
2450;26;54;81.613;7.35
2451;26;55;2.466;13.23
2452;26;55;2.221;22.07
2453;26;56;44.343;18.06
2454;26;57;30.269;7.85
2455;26;58;18.78;1.52
2456;26;59;10.043;13.82
2457;26;59;9.912;16.4
2458;26;59;11.539;12.67
2459;27;28;57.987;2.52
2460;27;28;69.823;2.19
2461;27;28;69.247;21.85
2462;27;29;51.894;2.22
2463;27;29;50.623;11.32
2464;27;29;54.341;20.01
2465;27;30;50.252;24.15
2466;27;30;48.389;20.23
2467;27;30;38.989;19.94
2468;27;31;37.096;20.97
2469;27;32;47.793;19.82
2470;27;33;48.041;21.64
2471;27;34;49.291;1.58
2472;27;34;58.823;19.22
2473;27;35;47.138;1.27
2474;27;36;45.011;14.17
2475;27;36;41.253;16.14
2476;27;36;45.804;24.33
2477;27;37;27.076;8.73
2478;27;37;20.566;1.72
2479;27;37;21.068;24.01
2480;27;38;0.866;10.51
2481;27;38;0.878;22.61
2482;27;39;43.689;9.7
2483;27;39;53.062;2.75
2484;27;40;43.076;18.06
2485;27;40;37.038;15.71
2486;27;41;47.138;12.75
2487;27;42;8.722;9.6
2488;27;42;7.367;8.31
2489;27;43;108.905;1.07
2490;27;43;112.852;8.75
2491;27;43;82.38;15.64
2492;27;44;41.263;4.83
2493;27;44;44.992;13.07
2494;27;44;39.635;19.64
2495;27;45;52.082;20.91
2496;27;45;44.171;17.4
2497;27;46;43.259;21.22
2498;27;46;33.625;22.82
2499;27;46;46.402;16.88
2500;27;47;33.346;0.56
2501;27;47;32.646;5.75
2502;27;47;30.586;20.37
2503;27;48;34.992;4.21
2504;27;48;28.27;8.23
2505;27;49;104.601;11.15
2506;27;50;44.005;2.65
2507;27;50;48.212;20.7
2508;27;51;41.2;6.08
2509;27;52;88.825;24.41
2510;27;52;67.86;3.47
2511;27;52;108.203;6.45
2512;27;53;50.094;19.8
2513;27;54;118.997;8.5
2514;27;55;38.857;5.57
2515;27;55;33.896;22.07
2516;27;56;82.719;18.41
2517;27;57;17.231;4.58
2518;27;58;55.565;5.36
2519;27;59;31.387;20.16
2520;28;29;18.804;20.06
2521;28;29;20.696;23.37
2522;28;30;24.486;23.19
2523;28;30;28.787;2.32
2524;28;31;22.715;10.05
2525;28;31;21.113;10.21
2526;28;31;21.908;16.54
2527;28;32;19.289;12.12
2528;28;32;16.671;22.71
2529;28;33;28.875;8.16
2530;28;34;17.743;10.22
2531;28;35;18.593;23.95
2532;28;36;15.85;3.34
2533;28;36;12.38;0.7
2534;28;36;18.075;21.61
2535;28;37;54.329;14.63
2536;28;37;41.142;5.93
2537;28;38;57.683;11.31
2538;28;38;50.946;10.86
2539;28;38;47.252;3.4
2540;28;39;19.284;14.77
2541;28;39;21.336;18.08
2542;28;40;15.322;4.77
2543;28;41;18.593;12.34
2544;28;41;18.198;10.47
2545;28;41;19.829;19.66
2546;28;42;49.387;19.82
2547;28;43;54.228;20.67
2548;28;43;40.988;16.48
2549;28;44;21.337;24.97
2550;28;45;19.096;4.75
2551;28;46;19.896;12.28
2552;28;47;28.942;23.48
2553;28;47;25.873;13.8
2554;28;48;23.653;18.65
2555;28;48;25.307;22.93
2556;28;49;52.388;12.62
2557;28;49;56.94;9.77
2558;28;50;22.525;0.47
2559;28;51;18.213;8.67
2560;28;51;16.806;6.07
2561;28;52;45.45;6.5
2562;28;53;25.527;2.64
2563;28;53;23.788;18.64
2564;28;53;26.252;2.22
2565;28;54;63.847;22.41
2566;28;54;64.082;8.54
2567;28;54;65.405;9.21
2568;28;55;33.609;6.43
2569;28;55;30.752;19.04
2570;28;56;32.85;0.31
2571;28;57;55.681;13.21
2572;28;58;18.795;3.81
2573;28;59;35.108;2.46
2574;28;59;31.018;22.46
2575;28;59;29.786;17.52
2576;29;30;37.895;8.58
2577;29;30;35.466;23.65
2578;29;31;15.908;9.57
2579;29;31;14.049;3.91
2580;29;31;13.351;22.62
2581;29;32;4.155;17.89
2582;29;32;3.748;13.7
2583;29;32;3.9;13.32
2584;29;33;41.135;14.14
2585;29;33;38.073;24.99
2586;29;34;30.776;15.85
2587;29;35;5.077;6.24
2588;29;35;4.098;19.12
2589;29;36;9.898;0.28
2590;29;36;9.035;18.16
2591;29;36;10.276;9.15
2592;29;37;40.234;7.19
2593;29;38;51.868;12.67
2594;29;38;63.587;15.15
2595;29;38;53.97;18.7
2596;29;39;8.82;10.3
2597;29;39;9.434;2.88
2598;29;39;9.029;21.72
2599;29;40;14.917;23.03
2600;29;40;12.556;11.02
2601;29;41;5.077;9.91
2602;29;42;44.343;4.93
2603;29;42;38.345;12.06
2604;29;42;53.061;5.86
2605;29;43;57.415;6.2
2606;29;43;63.526;19.94
2607;29;43;53.224;11.61
2608;29;44;10.92;5.87
2609;29;45;0.375;1.66
2610;29;46;9.059;2.25
2611;29;46;9.82;2.66
2612;29;47;18.569;6.99
2613;29;47;16.972;1.88
2614;29;47;17.931;6.2
2615;29;48;18.973;22.39
2616;29;48;18.565;20.81
2617;29;48;21.541;10.2
2618;29;49;52.723;7.41
2619;29;49;49.44;13.85
2620;29;49;65.345;13.63
2621;29;50;7.984;9.42
2622;29;50;9.752;0.1
2623;29;51;24.059;13.26
2624;29;51;19.363;5.97
2625;29;51;25.932;12.97
2626;29;52;64.253;0.35
2627;29;53;6.795;15.05
2628;29;53;7.277;4.64
2629;29;54;67.55;9.51
2630;29;54;73.55;12.19
2631;29;55;17.627;13.61
2632;29;56;30.836;0.31
2633;29;56;33.429;16.03
2634;29;56;33.697;16.35
2635;29;57;44.346;4.61
2636;29;57;37.336;15.73
2637;29;57;51.728;22.62
2638;29;58;3.678;10.72
2639;29;59;22.308;19.56
2640;29;59;21.483;19.03
2641;30;31;29.679;0.23
2642;30;31;34.116;12.52
2643;30;32;35.807;1.73
2644;30;33;4.753;4.49
2645;30;33;4.041;17.58
2646;30;34;7.199;16.86
2647;30;34;8.883;2.86
2648;30;34;7.314;9.18
2649;30;35;34.595;4.19
2650;30;35;31.864;11.77
2651;30;35;32.781;10.06
2652;30;36;29.138;7.71
2653;30;37;58.515;9.86
2654;30;38;49.635;8.9
2655;30;38;41.922;21.95
2656;30;39;32.433;6.52
2657;30;39;36.594;1.99
2658;30;39;39.113;17.11
2659;30;40;24.3;10.47
2660;30;41;34.595;18.68
2661;30;41;34.421;16.64
2662;30;41;27.263;16.86
2663;30;42;41.936;14.08
2664;30;43;76.158;21.9
2665;30;44;32.723;17.91
2666;30;44;28.438;8.97
2667;30;45;38.269;19.23
2668;30;46;32.803;6.3
2669;30;46;29.511;13.89
2670;30;47;35.446;11.05
2671;30;47;39.555;1.75
2672;30;47;44.267;1.42
2673;30;48;27.645;10.55
2674;30;48;31.373;20.38
2675;30;48;24.537;22.97
2676;30;49;75.613;17.65
2677;30;49;61.455;0.38
2678;30;49;83.192;15.45
2679;30;50;36.521;10.69
2680;30;50;43.814;17.3
2681;30;51;15.93;8.6
2682;30;52;38.647;2.89
2683;30;53;43.109;3.02
2684;30;53;46.545;22.82
2685;30;53;45.704;24.12
2686;30;54;85.109;19.75
2687;30;54;83.821;21.72
2688;30;55;44.79;18.79
2689;30;55;37.687;16.45
2690;30;56;57.176;0.16
2691;30;56;54.134;13.09
2692;30;57;55.511;22.85
2693;30;57;47.931;15.17
2694;30;57;55.884;20.75
2695;30;58;39.735;0.05
2696;30;58;30.233;24.06
2697;30;59;41.795;0.75
2698;31;32;11.825;24.69
2699;31;33;31.396;8.02
2700;31;33;29.329;18.52
2701;31;33;35.802;23.31
2702;31;34;23.809;22.87
2703;31;35;10.833;4.79
2704;31;36;7.937;21.69
2705;31;37;32.138;8.52
2706;31;38;36.957;16.84
2707;31;39;7.096;24.51
2708;31;40;7.716;15.86
2709;31;40;6.959;21.24
2710;31;40;7.174;5.15
2711;31;41;10.833;20.27
2712;31;41;12.592;15.02
2713;31;41;10.853;5.92
2714;31;42;29.046;9.86
2715;31;43;71.861;23.92
2716;31;43;74.321;12.86
2717;31;43;84.308;24.62
2718;31;44;5.192;23.33
2719;31;44;4.167;3.42
2720;31;44;5.478;3.48
2721;31;45;16.188;14.53
2722;31;45;14.66;8.38
2723;31;45;12.7;20.61
2724;31;46;6.862;12.87
2725;31;47;6.594;5.02
2726;31;47;5.469;24.23
2727;31;47;5.775;2.07
2728;31;48;3.27;5.11
2729;31;48;3.725;23.88
2730;31;49;67.888;8.89
2731;31;49;56.615;14.85
2732;31;50;9.425;12.83
2733;31;50;7.28;9.68
2734;31;50;8.97;12.92
2735;31;51;13.75;15.79
2736;31;52;63.784;1.05
2737;31;52;54.289;0.45
2738;31;53;17.191;18.93
2739;31;53;18.14;5.46
2740;31;53;19.704;9.75
2741;31;54;81.934;2.04
2742;31;54;63.416;16.6
2743;31;54;93.666;16.24
2744;31;55;15.117;18.42
2745;31;56;46.112;0.56
2746;31;57;32.971;23.22
2747;31;57;26.113;4.2
2748;31;58;19.491;19.58
2749;31;58;22.262;18.88
2750;31;59;13.217;4.37
2751;31;59;11.472;24.88
2752;32;33;38.716;17.17
2753;32;33;40.62;12.72
2754;32;34;28.847;19.75
2755;32;34;28.03;19.26
2756;32;34;22.211;7.4
2757;32;35;1.253;18.45
2758;32;36;6.801;2.4
2759;32;37;37.142;4.76
2760;32;37;38.828;12.43
2761;32;37;38.93;23.34
2762;32;38;47.756;15.64
2763;32;38;52.825;13.31
2764;32;38;51.589;1.89
2765;32;39;4.801;10.73
2766;32;39;5.832;23.9
2767;32;39;5.518;4.9
2768;32;40;11.916;18.56
2769;32;40;12.135;4.97
2770;32;40;8.978;10.94
2771;32;41;1.253;18.46
2772;32;42;40.197;5.22
2773;32;42;42.657;21.07
2774;32;42;41.746;22.45
2775;32;43;61.364;0.75
2776;32;43;68.153;7.79
2777;32;43;47.697;14.16
2778;32;44;6.774;12.74
2779;32;45;4.399;6.64
2780;32;46;4.963;9.66
2781;32;46;3.9;14.18
2782;32;47;14.514;10.65
2783;32;47;14.702;24.36
2784;32;48;14.952;10.86
2785;32;49;56.809;17.85
2786;32;49;62.915;5.45
2787;32;49;64.103;11.74
2788;32;50;4.191;9.92
2789;32;50;4.871;24.27
2790;32;50;3.263;3.91
2791;32;51;21.157;6.93
2792;32;52;64.413;22.55
2793;32;52;71.63;21.63
2794;32;52;64.24;0.12
2795;32;53;7.314;3.6
2796;32;53;6.127;0.55
2797;32;54;71.494;18.83
2798;32;54;85.419;24.63
2799;32;54;82.627;3.25
2800;32;55;14.928;24.38
2801;32;55;16.301;4.9
2802;32;56;34.926;7.3
2803;32;56;39.853;6.53
2804;32;57;40.704;8.96
2805;32;57;34.299;3.21
2806;32;57;35.396;15.53
2807;32;58;7.824;22.68
2808;32;58;7.469;10.02
2809;32;58;7.579;24.4
2810;32;59;18.686;7.83
2811;32;59;14.693;7.85
2812;33;34;11.195;1.83
2813;33;35;37.478;1.09
2814;33;35;34.29;13.48
2815;33;36;31.94;24.87
2816;33;36;33.391;21.64
2817;33;36;29.756;17.07
2818;33;37;58.488;3.64
2819;33;37;64.262;5.71
2820;33;37;69.763;21.3
2821;33;38;47.374;24.46
2822;33;39;34.989;20.51
2823;33;40;26.913;9.78
2824;33;40;24.707;21.73
2825;33;40;21.055;21.19
2826;33;41;37.478;12.09
2827;33;41;44.023;19.96
2828;33;41;46.347;23.02
2829;33;42;40.013;23.41
2830;33;43;80.906;22.37
2831;33;44;34.976;7.79
2832;33;44;37.747;11.12
2833;33;44;30.451;24.73
2834;33;45;41.51;24.55
2835;33;45;48.183;4.76
2836;33;45;49.195;17.44
2837;33;46;35.298;10.15
2838;33;47;36.675;1.47
2839;33;48;28.995;19.39
2840;33;49;80.306;3.46
2841;33;49;76.381;4.06
2842;33;49;64.604;24.95
2843;33;50;38.996;16.15
2844;33;50;34.744;19.5
2845;33;50;43.713;4.96
2846;33;51;17.931;15.11
2847;33;51;17.788;13.23
2848;33;51;18.905;1.97
2849;33;52;40.915;14.49
2850;33;52;36.882;4.85
2851;33;53;45.95;3.59
2852;33;53;51.7;15.17
2853;33;53;48.178;5.31
2854;33;54;89.861;13.44
2855;33;54;109.322;16.84
2856;33;54;71.874;19.17
2857;33;55;46.455;12.95
2858;33;56;61.673;19.51
2859;33;57;54.697;22.6
2860;33;58;43.232;24.38
2861;33;59;42.745;2.76
2862;33;59;32.885;8.77
2863;34;35;27.657;0.89
2864;34;36;22.291;1.74
2865;34;36;23.578;9.43
2866;34;37;54.245;9.94
2867;34;37;67.558;12.0
2868;34;38;48.768;13.71
2869;34;38;48.144;21.59
2870;34;38;49.52;18.94
2871;34;39;25.735;11.36
2872;34;39;28.579;3.12
2873;34;40;17.667;24.81
2874;34;41;27.657;18.1
2875;34;41;30.08;21.8
2876;34;42;40.666;18.02
2877;34;43;70.732;17.48
2878;34;43;83.293;11.48
2879;34;44;26.271;21.58
2880;34;44;21.55;20.71
2881;34;44;25.183;14.18
2882;34;45;31.148;8.61
2883;34;45;29.679;7.36
2884;34;46;26.148;12.14
2885;34;46;30.384;13.19
2886;34;47;29.991;4.51
2887;34;47;28.016;23.06
2888;34;48;22.25;19.5
2889;34;49;69.654;9.41
2890;34;49;86.167;3.04
2891;34;50;29.848;0.17
2892;34;51;10.414;23.43
2893;34;51;10.138;2.89
2894;34;52;41.27;5.72
2895;34;52;49.242;8.88
2896;34;53;36.161;16.94
2897;34;53;29.526;14.56
2898;34;54;79.963;23.7
2899;34;54;96.145;16.17
2900;34;55;38.752;10.19
2901;34;55;36.379;4.7
2902;34;55;45.196;5.47
2903;34;56;50.588;10.9
2904;34;56;60.909;7.32
2905;34;56;45.464;15.94
2906;34;57;52.326;20.02
2907;34;57;49.093;2.62
2908;34;58;32.548;9.66
2909;34;59;36.549;12.53
2910;34;59;30.242;4.15
2911;34;59;41.832;4.38
2912;35;36;5.552;2.29
2913;35;36;4.549;11.73
2914;35;36;4.906;12.68
2915;35;37;37.21;22.15
2916;35;37;42.504;22.26
2917;35;38;47.081;12.03
2918;35;38;49.952;23.36
2919;35;39;3.742;2.5
2920;35;39;3.746;2.91
2921;35;39;4.419;11.2
2922;35;40;10.664;4.37
2923;35;41;0.0;3.25
2924;35;42;39.442;9.1
2925;35;42;47.508;1.36
2926;35;43;61.891;22.04
2927;35;43;76.585;3.75
2928;35;43;49.762;14.43
2929;35;44;5.928;22.68
2930;35;44;4.607;13.51
2931;35;45;5.368;7.7
2932;35;45;4.646;20.09
2933;35;46;4.002;4.61
2934;35;46;4.261;5.62
2935;35;47;13.977;24.81
2936;35;48;13.901;0.57
2937;35;48;14.087;13.3
2938;35;49;57.478;19.26
2939;35;49;45.073;21.97
2940;35;49;54.536;15.26
2941;35;50;4.205;10.12
2942;35;51;19.904;7.09
2943;35;51;18.94;18.81
2944;35;52;63.546;12.98
2945;35;52;67.771;1.9
2946;35;53;8.515;22.11
2947;35;53;8.732;24.48
2948;35;53;10.39;24.93
2949;35;54;72.013;11.64
2950;35;54;68.473;8.34
2951;35;54;64.946;10.2
2952;35;55;15.269;24.5
2953;35;56;35.612;2.91
2954;35;56;34.046;16.3
2955;35;57;40.469;9.75
2956;35;57;40.46;3.11
2957;35;57;34.729;16.51
2958;35;58;8.673;24.22
2959;35;58;9.475;18.85
2960;35;59;18.52;4.51
2961;35;59;16.678;8.09
2962;35;59;16.125;15.2
2963;36;37;38.502;21.44
2964;36;38;44.859;12.03
2965;36;38;36.208;12.62
2966;36;39;3.759;21.51
2967;36;40;5.126;9.71
2968;36;40;5.839;17.23
2969;36;41;5.552;1.07
2970;36;41;5.797;23.52
2971;36;42;36.879;5.35
2972;36;42;42.8;3.51
2973;36;43;64.018;18.95
2974;36;43;54.782;21.74
2975;36;44;5.496;1.49
2976;36;44;6.081;0.19
2977;36;44;5.905;3.93
2978;36;45;10.255;1.38
2979;36;45;9.329;13.11
2980;36;46;4.319;13.66
2981;36;46;4.591;19.59
2982;36;46;5.295;18.11
2983;36;47;13.365;20.83
2984;36;48;10.257;0.57
2985;36;48;10.812;14.74
2986;36;48;12.077;13.76
2987;36;49;60.251;2.53
2988;36;49;47.525;16.04
2989;36;49;66.809;1.52
2990;36;50;7.755;21.47
2991;36;50;7.453;0.89
2992;36;50;8.234;8.78
2993;36;51;14.368;23.91
2994;36;52;59.499;6.88
2995;36;52;74.019;5.51
2996;36;53;14.015;22.43
2997;36;54;74.072;4.96
2998;36;55;18.193;15.56
2999;36;55;17.599;0.07
3000;36;55;19.127;2.91
3001;36;56;38.597;23.87
3002;36;56;40.562;22.22
3003;36;56;46.338;23.9
3004;36;57;40.393;7.43
3005;36;57;48.537;18.04
3006;36;58;12.986;21.7
3007;36;58;15.347;15.04
3008;36;58;11.851;12.04
3009;36;59;19.29;10.2
3010;37;38;27.723;20.02
3011;37;38;26.724;15.68
3012;37;39;35.309;3.54
3013;37;39;36.355;8.56
3014;37;40;39.848;20.77
3015;37;40;41.757;17.87
3016;37;41;37.21;0.79
3017;37;41;44.496;6.21
3018;37;42;26.588;6.71
3019;37;42;25.939;20.78
3020;37;43;96.041;8.51
3021;37;43;88.763;24.88
3022;37;44;33.062;1.1
3023;37;45;40.228;20.7
3024;37;46;34.699;12.22
3025;37;46;36.837;12.08
3026;37;47;25.585;14.5
3027;37;47;22.325;1.02
3028;37;48;32.493;14.49
3029;37;49;90.045;10.35
3030;37;49;78.545;9.98
3031;37;49;98.26;1.85
3032;37;50;33.024;2.78
3033;37;50;33.887;8.95
3034;37;50;32.509;14.66
3035;37;51;43.884;22.57
3036;37;51;48.755;15.75
3037;37;52;95.326;8.08
3038;37;52;100.361;2.95
3039;37;53;35.297;20.83
3040;37;54;106.092;10.63
3041;37;55;22.692;4.16
3042;37;55;23.397;10.07
3043;37;55;21.998;14.17
3044;37;56;68.826;3.82
3045;37;56;77.896;7.92
3046;37;56;78.772;4.9
3047;37;57;10.032;2.94
3048;37;57;7.829;19.45
3049;37;57;9.886;13.93
3050;37;58;43.312;7.32
3051;37;59;19.222;22.63
3052;37;59;20.715;9.88
3053;37;59;21.187;24.41
3054;38;39;43.605;11.17
3055;38;39;40.808;15.0
3056;38;40;42.833;8.35
3057;38;40;39.987;11.23
3058;38;41;47.081;18.9
3059;38;41;36.715;20.66
3060;38;42;8.326;21.73
3061;38;42;10.365;4.29
3062;38;43;108.797;23.97
3063;38;43;123.804;17.88
3064;38;44;41.192;6.78
3065;38;45;52.061;13.14
3066;38;45;62.042;21.42
3067;38;46;43.184;3.06
3068;38;46;46.276;4.25
3069;38;46;34.324;4.42
3070;38;47;33.342;18.82
3071;38;48;34.795;7.61
3072;38;49;104.556;6.63
3073;38;49;81.975;9.51
3074;38;50;44.002;6.38
3075;38;51;40.785;0.56
3076;38;51;46.584;13.55
3077;38;51;43.017;10.37
3078;38;52;88.185;1.28
3079;38;52;99.196;17.47
3080;38;52;110.048;14.22
3081;38;53;50.179;21.87
3082;38;54;118.881;17.3
3083;38;54;135.006;16.07
3084;38;55;39.06;13.26
3085;38;56;82.679;17.97
3086;38;57;17.929;9.41
3087;38;57;20.135;21.15
3088;38;58;55.542;22.73
3089;38;58;46.75;14.75
3090;38;59;31.553;2.22
3091;38;59;26.873;20.05
3092;38;59;38.38;21.66
3093;39;40;8.134;18.3
3094;39;41;3.742;21.2
3095;39;42;35.869;7.66
3096;39;42;30.579;3.91
3097;39;42;34.237;12.57
3098;39;43;65.235;17.58
3099;39;43;75.211;23.57
3100;39;44;2.497;5.17
3101;39;45;9.108;6.93
3102;39;45;10.322;1.9
3103;39;46;0.614;10.37
3104;39;46;0.701;23.54
3105;39;47;10.888;15.76
3106;39;47;10.846;23.33
3107;39;47;9.38;1.38
3108;39;48;10.165;19.9
3109;39;48;10.6;0.42
3110;39;49;61.007;6.54
3111;39;49;75.516;17.39
3112;39;49;55.866;7.74
3113;39;50;4.116;4.76
3114;39;50;4.505;14.91
3115;39;51;17.142;0.26
3116;39;52;63.254;13.46
3117;39;52;72.411;22.58
3118;39;53;11.193;2.45
3119;39;53;13.964;3.94
3120;39;53;13.863;0.49
3121;39;54;75.341;14.53
3122;39;54;89.856;21.84
3123;39;54;59.889;22.29
3124;39;55;14.483;20.77
3125;39;56;39.174;18.85
3126;39;57;37.814;6.53
3127;39;57;33.934;3.76
3128;39;58;12.395;2.34
3129;39;58;14.211;2.87
3130;39;59;16.208;3.58
3131;40;41;10.664;24.24
3132;40;41;9.833;24.52
3133;40;41;12.409;10.7
3134;40;42;34.629;6.99
3135;40;43;66.786;14.12
3136;40;43;53.778;4.23
3137;40;43;62.995;19.87
3138;40;44;8.659;18.5
3139;40;44;7.135;16.98
3140;40;44;10.439;19.95
3141;40;45;15.282;19.17
3142;40;45;15.868;2.32
3143;40;46;8.507;22.0
3144;40;46;9.252;23.52
3145;40;47;14.274;12.98
3146;40;47;11.232;7.02
3147;40;48;8.338;5.72
3148;40;48;8.14;7.59
3149;40;48;8.868;13.23
3150;40;49;63.55;17.77
3151;40;50;12.223;18.88
3152;40;50;9.309;0.23
3153;40;50;15.062;10.32
3154;40;51;9.242;9.21
3155;40;52;56.41;6.61
3156;40;52;68.803;8.49
3157;40;52;52.084;23.5
3158;40;53;19.057;21.44
3159;40;53;17.744;9.12
3160;40;53;20.251;15.85
3161;40;54;76.741;8.5
3162;40;54;68.6;22.84
3163;40;55;21.46;7.01
3164;40;55;17.054;21.07
3165;40;55;22.931;18.9
3166;40;56;42.199;8.26
3167;40;57;40.47;6.21
3168;40;58;17.776;18.34
3169;40;58;21.961;23.4
3170;40;58;20.114;7.65
3171;40;59;20.827;19.87
3172;40;59;15.675;6.73
3173;41;42;39.442;9.05
3174;41;42;42.511;12.41
3175;41;43;61.891;23.54
3176;41;43;64.173;13.16
3177;41;44;5.928;17.39
3178;41;44;6.214;24.96
3179;41;44;5.616;7.93
3180;41;45;5.368;20.99
3181;41;46;4.002;12.02
3182;41;46;4.497;2.5
3183;41;47;13.977;22.4
3184;41;47;13.232;0.14
3185;41;47;13.576;9.09
3186;41;48;13.901;3.3
3187;41;48;16.475;6.46
3188;41;49;57.478;0.52
3189;41;50;4.205;3.0
3190;41;50;3.558;10.75
3191;41;51;19.904;17.43
3192;41;51;23.485;22.58
3193;41;52;63.546;20.66
3194;41;52;51.938;13.17
3195;41;53;8.515;2.37
3196;41;53;10.507;8.61
3197;41;53;7.564;9.03
3198;41;54;72.013;4.48
3199;41;54;71.57;14.4
3200;41;55;15.269;10.35
3201;41;56;35.612;8.08
3202;41;56;30.975;22.37
3203;41;57;40.469;24.06
3204;41;57;45.667;11.12
3205;41;58;8.673;14.84
3206;41;58;8.919;20.16
3207;41;58;8.623;5.96
3208;41;59;18.52;22.65
3209;41;59;14.3;10.86
3210;41;59;15.428;23.4
3211;42;43;100.892;19.67
3212;42;43;85.411;1.45
3213;42;44;33.517;20.74
3214;42;44;28.986;24.45
3215;42;45;44.56;3.37
3216;42;45;37.015;6.71
3217;42;46;35.485;4.78
3218;42;47;26.038;22.24
3219;42;48;26.712;8.09
3220;42;49;96.875;22.48
3221;42;50;36.621;12.45
3222;42;50;38.208;0.95
3223;42;51;32.478;20.36
3224;42;51;24.461;16.46
3225;42;51;40.083;4.72
3226;42;52;80.577;1.47
3227;42;53;43.229;11.89
3228;42;53;48.44;12.44
3229;42;53;38.158;11.93
3230;42;54;110.95;22.39
3231;42;55;32.982;18.19
3232;42;56;75.039;11.1
3233;42;56;57.398;2.02
3234;42;57;18.286;21.24
3235;42;58;48.019;5.0
3236;42;58;55.494;19.73
3237;42;58;53.508;13.1
3238;42;59;25.336;21.52
3239;42;59;31.303;21.67
3240;43;44;67.686;5.28
3241;43;45;57.287;8.96
3242;43;45;69.432;20.0
3243;43;46;65.684;7.08
3244;43;46;51.03;2.89
3245;43;46;74.5;7.96
3246;43;47;75.858;13.6
3247;43;47;58.926;22.6
3248;43;48;74.236;10.12
3249;43;48;85.14;16.78
3250;43;48;61.737;13.64
3251;43;49;8.891;15.99
3252;43;49;10.766;12.0
3253;43;49;10.181;13.4
3254;43;50;65.396;10.97
3255;43;50;50.809;17.58
3256;43;51;72.277;16.05
3257;43;52;70.801;23.04
3258;43;52;76.21;2.07
3259;43;53;60.987;24.64
3260;43;54;10.136;9.98
3261;43;54;9.4;18.39
3262;43;54;7.612;3.28
3263;43;55;73.727;22.99
3264;43;55;72.44;6.92
3265;43;56;27.216;15.3
3266;43;57;101.471;12.01
3267;43;57;104.909;10.88
3268;43;58;53.844;9.57
3269;43;58;49.957;17.55
3270;43;58;48.864;6.69
3271;43;59;79.572;14.91
3272;44;45;11.173;11.9
3273;44;45;11.025;2.88
3274;44;45;8.943;12.67
3275;44;46;2.002;0.1
3276;44;47;8.395;11.24
3277;44;47;10.451;3.85
3278;44;47;7.936;8.3
3279;44;48;8.436;22.83
3280;44;48;7.791;6.6
3281;44;48;9.322;24.54
3282;44;49;63.383;3.58
3283;44;49;47.744;17.43
3284;44;49;68.69;10.75
3285;44;50;4.363;14.49
3286;44;51;17.046;10.32
3287;44;51;16.165;12.57
3288;44;52;64.694;1.65
3289;44;52;51.318;9.6
3290;44;53;12.112;14.84
3291;44;53;9.498;2.78
3292;44;53;10.137;12.94
3293;44;54;77.797;4.82
3294;44;54;79.163;10.93
3295;44;55;12.944;23.5
3296;44;55;10.76;6.66
3297;44;56;41.527;18.98
3298;44;56;51.053;11.56
3299;44;56;35.482;17.02
3300;44;57;35.355;20.39
3301;44;57;34.206;3.99
3302;44;58;14.57;2.14
3303;44;58;11.61;19.47
3304;44;59;13.885;22.96
3305;45;46;9.332;16.15
3306;45;46;8.035;8.77
3307;45;47;18.747;20.16
3308;45;47;19.977;8.97
3309;45;48;19.269;21.3
3310;45;49;52.548;21.83
3311;45;49;42.553;4.33
3312;45;49;62.047;5.36
3313;45;50;8.131;0.3
3314;45;51;24.429;1.36
3315;45;51;29.537;3.34
3316;45;51;20.145;3.33
3317;45;52;64.545;24.19
3318;45;53;6.555;9.84
3319;45;53;5.15;15.66
3320;45;54;67.423;20.61
3321;45;55;17.596;22.91
3322;45;56;30.661;14.19
3323;45;56;36.309;2.55
3324;45;56;37.335;0.07
3325;45;57;44.421;6.07
3326;45;57;46.441;2.64
3327;45;57;43.623;2.11
3328;45;58;3.485;21.75
3329;45;59;22.391;15.39
3330;45;59;25.166;6.07
3331;46;47;10.358;15.92
3332;46;48;10.001;10.65
3333;46;48;8.474;0.03
3334;46;48;10.119;23.51
3335;46;49;61.402;14.93
3336;46;50;3.718;24.98
3337;46;50;3.283;11.72
3338;46;51;17.417;22.57
3339;46;51;14.027;20.59
3340;46;52;63.818;1.53
3341;46;53;11.037;9.54
3342;46;53;11.84;16.0
3343;46;54;75.795;6.94
3344;46;55;13.893;22.15
3345;46;56;39.554;24.66
3346;46;57;37.246;16.8
3347;46;58;12.675;24.64
3348;46;58;12.939;20.52
3349;46;58;9.944;0.12
3350;46;59;15.608;5.86
3351;46;59;12.883;23.31
3352;47;48;7.807;23.51
3353;47;49;71.292;6.85
3354;47;49;68.68;2.82
3355;47;50;10.66;8.42
3356;47;50;11.044;6.77
3357;47;50;12.545;23.72
3358;47;51;19.676;11.2
3359;47;51;23.468;20.49
3360;47;51;21.106;3.72
3361;47;52;70.322;13.98
3362;47;52;79.985;20.67
3363;47;53;17.313;2.98
3364;47;54;85.984;19.57
3365;47;54;75.536;4.8
3366;47;54;99.078;17.62
3367;47;55;10.342;9.31
3368;47;55;9.356;0.08
3369;47;56;49.405;4.91
3370;47;57;27.044;12.43
3371;47;57;29.756;7.82
3372;47;58;22.231;21.74
3373;47;58;16.926;8.93
3374;47;58;17.775;17.66
3375;47;59;6.651;6.08
3376;47;59;7.594;0.97
3377;48;49;70.502;4.27
3378;48;49;78.581;5.74
3379;48;49;61.751;10.19
3380;48;50;12.694;9.39
3381;48;51;11.887;12.5
3382;48;52;62.912;11.9
3383;48;52;51.704;5.68
3384;48;52;66.095;7.26
3385;48;53;20.46;12.9
3386;48;53;22.409;21.59
3387;48;54;84.272;14.27
3388;48;55;17.517;1.56
3389;48;55;20.312;0.64
3390;48;56;48.81;7.3
3391;48;56;38.408;8.92
3392;48;56;60.509;24.51
3393;48;57;32.318;20.77
3394;48;57;38.231;9.41
3395;48;57;29.534;7.59
3396;48;58;22.496;20.07
3397;48;58;17.091;9.16
3398;48;58;17.472;13.3
3399;48;59;14.3;9.79
3400;48;59;16.001;11.21
3401;48;59;10.89;19.16
3402;49;50;60.667;18.12
3403;49;50;59.919;8.21
3404;49;50;59.475;10.79
3405;49;51;69.918;15.76
3406;49;51;68.492;12.39
3407;49;51;60.724;7.11
3408;49;52;74.772;19.64
3409;49;52;74.041;11.59
3410;49;53;55.522;19.02
3411;49;54;17.006;19.61
3412;49;55;68.151;21.45
3413;49;55;68.677;5.14
3414;49;56;21.887;17.8
3415;49;56;21.528;1.83
3416;49;57;96.061;21.45
3417;49;57;95.571;3.5
3418;49;58;49.064;19.67
3419;49;58;50.006;17.75
3420;49;58;36.815;10.46
3421;49;59;74.442;11.43
3422;49;59;87.874;12.64
3423;50;51;21.095;22.13
3424;50;52;67.07;8.01
3425;50;53;7.772;15.97
3426;50;54;75.53;0.13
3427;50;55;11.133;8.7
3428;50;55;8.405;21.69
3429;50;56;38.782;3.02
3430;50;56;45.663;5.25
3431;50;57;36.523;22.55
3432;50;57;40.176;6.72
3433;50;58;11.609;23.24
3434;50;58;8.711;21.8
3435;50;59;14.497;7.04
3436;50;59;16.968;14.84
3437;50;59;12.481;21.67
3438;51;52;51.487;6.73
3439;51;52;49.469;0.83
3440;51;53;28.245;21.32
3441;51;53;24.029;24.32
3442;51;53;31.051;8.15
3443;51;54;81.988;11.03
3444;51;54;86.202;15.71
3445;51;55;28.86;0.2
3446;51;55;22.19;0.54
3447;51;55;21.797;18.96
3448;51;56;49.262;8.37
3449;51;56;54.993;0.51
3450;51;57;42.401;24.46
3451;51;57;33.304;21.62
3452;51;58;26.688;2.92
3453;51;58;26.851;7.68
3454;51;59;26.179;5.21
3455;51;59;22.449;3.97
3456;51;59;21.953;24.6
3457;52;53;70.959;11.93
3458;52;53;58.889;24.11
3459;52;53;85.63;9.22
3460;52;54;76.384;16.42
3461;52;54;88.292;24.89
3462;52;54;74.665;4.95
3463;52;55;77.629;4.71
3464;52;56;65.697;6.07
3465;52;56;79.58;18.61
3466;52;56;74.076;23.69
3467;52;57;93.557;18.42
3468;52;58;63.996;7.57
3469;52;59;76.973;20.48
3470;52;59;61.171;13.29
3471;53;54;71.094;10.55
3472;53;54;87.972;0.63
3473;53;55;12.744;14.75
3474;53;55;10.775;11.42
3475;53;56;33.86;4.13
3476;53;56;34.27;21.65
3477;53;57;40.559;17.95
3478;53;58;8.545;15.68
3479;53;59;19.04;4.68
3480;53;59;18.889;8.3
3481;53;59;23.332;15.64
3482;54;55;83.829;21.07
3483;54;55;75.779;2.26
3484;54;55;103.149;23.69
3485;54;56;37.277;13.59
3486;54;56;28.187;23.47
3487;54;57;111.595;0.55
3488;54;58;63.98;14.23
3489;54;58;73.49;14.12
3490;54;59;89.706;6.13
3491;55;56;46.577;14.31
3492;55;56;37.195;4.4
3493;55;57;27.922;19.54
3494;55;57;34.372;4.99
3495;55;58;20.622;14.57
3496;55;58;19.63;19.35
3497;55;58;17.072;22.27
3498;55;59;7.648;2.07
3499;56;57;74.411;13.17
3500;56;57;69.847;18.84
3501;56;58;27.177;19.7
3502;56;58;22.716;1.91
3503;56;58;27.348;9.28
3504;56;59;52.651;16.81
3505;56;59;57.164;13.29
3506;57;58;47.772;9.09
3507;57;58;55.417;13.32
3508;57;59;22.042;14.56
3509;58;59;25.77;13.72
