VERTEX_COUNT 60
PATH_COUNT 1
BUDGET 600
<------------ VERTICES ------------>
0;START;41.374834;2.170055;0.0;0.0
1;Museu Nacional d’Art de Catalunya;41.36882;2.153347;45.0;99.19
2;Museu d’Història de Catalunya - MHC;41.380852;2.185799;45.0;86.25
3;Galeria d’Art Mar Grup Escolà;41.392349;2.167836;45.0;84.07
4;Basilica of the Sagrada Família;41.403568;2.174435;45.0;83.61
5;Anella Olímpica(Olympic Park);41.364778;2.152575;45.0;76.48
6;Museu Picasso;41.385181;2.180863;45.0;76.37
7;Parc de la Ciutadella;41.389248;2.186548;45.0;75.71
8;Avinguda d’Icària;41.391556;2.197416;45.0;74.4
9;Basilica of Sants Just i Pastor;41.382812;2.178195;45.0;73.83
10;Palau Güell;41.378864;2.174117;45.0;72.25
11;Parc de Diagonal Mar;41.407215;2.214539;45.0;70.86
12;Museu Frederic Marès;41.384178;2.176819;45.0;70.3
13;Museu Palmero;41.424667;2.139856;45.0;69.41
14;La Pedrera (Casa Milà);41.395271;2.161785;45.0;67.27
15;Passeig de Gràcia;41.390739;2.166672;45.0;67.18
16;Platja de la Nova Mar Bella;41.40205;2.21529;45.0;66.76
17;Lorena Ruiz de Villa;41.397858;2.146705;45.0;66.7
18;Poble Espanyol;41.368679;2.147031;45.0;65.95
19;Montjuïc Castle;41.363823;2.167096;45.0;64.93
20;La Colmena;41.383835;2.178294;45.0;63.47
21;L’Aquàrium;41.376625;2.184117;45.0;62.4
22;Antic Hospital de la Santa Creu;41.380573;2.170374;45.0;62.35
23;Despair;41.387653;2.188076;45.0;62.04
24;90th Jean Bouin;41.373077;2.150465;45.0;61.69
25;Plaça del Rei;41.384144;2.177409;45.0;61.0
26;Casa Martí, Els Quatre Gats ;41.385775;2.173671;45.0;59.6
27;Plaça de Catalunya;41.387005;2.17003;45.0;59.57
28;Rambla del Raval;41.378681;2.169317;45.0;59.13
29;Barcelona;41.389034;2.16137;45.0;58.86
30;Arts Santa Mònica;41.37722;2.176012;45.0;58.84
31;Turó de la Rovira viewing point;41.419388;2.161812;45.0;57.83
32;Museu de la Moto ;41.383327;2.174488;45.0;57.48
33;Museu d’Història de Barcelona;41.384144;2.177409;45.0;57.35
34;Parc de la Creueta del Coll;41.41935;2.146432;45.0;56.62
35;Royal Dockyards Museu Marítim ;41.375286;2.17598;45.0;56.23
36;Monument to Doctor Robert;41.394924;2.175599;45.0;55.74
37;Poblenou Cemetery;41.394859;2.201189;45.0;55.6
38;Platja de la Barceloneta;41.379158;2.192717;45.0;55.26
39;Santa Eulàlia small schooner;41.376385;2.179861;45.0;53.98
40;Park Güell;41.414249;2.151926;45.0;53.9
41;Maeght;41.384689;2.181526;45.0;53.81
42;El Born Centre Cultural;41.385818;2.183785;45.0;53.21
43;Palau Sant Jordi;41.363441;2.152537;45.0;52.79
44;Botanical Garden;41.364746;2.159382;45.0;52.47
45;Platja del Bogatell;41.394341;2.2066;45.0;52.11
46;Imaginart Gallery;41.393822;2.164627;45.0;52.03
47;Barcelona Head;41.380924;2.182465;45.0;51.75
48;Basilica of Santa Maria del Mar;41.383518;2.1818;45.0;50.25
49;Atelier;41.407719;2.158233;45.0;49.14
50;Fundació Fran Daurel;41.369118;2.146695;45.0;48.17
51;Casa Comalat;41.397072;2.160723;45.0;48.1
52;El Fossar de les Moreres;41.383713;2.18243;45.0;47.98
53;67th International Epiphany Hockey Tournament ;41.381253;2.114447;45.0;47.86
54;Museu Blau - Fòrum Building;41.41124;2.220333;45.0;47.72
55;Palau Montaner;41.39555;2.1652;45.0;47.71
56;Casa Batlló;41.391758;2.164961;45.0;47.53
57;Museu d’Art Contemporani de Barcelona (MACBA);41.382809;2.166729;45.0;47.37
58;Carles Taché;41.389851;2.164213;45.0;47.27
59;FINISH;41.374834;2.170055;0.0;0.0
<------------- EDGES -------------->
0;0;1;23.796;20.96
1;0;1;28.382;20.67
2;0;2;22.688;10.66
3;0;2;27.565;1.45
4;0;3;30.107;1.14
5;0;4;49.491;2.43
6;0;4;37.597;14.93
7;0;5;28.285;16.96
8;0;6;22.496;10.22
9;0;6;19.84;2.14
10;0;7;32.509;14.64
11;0;7;29.712;2.96
12;0;7;38.697;24.19
13;0;8;45.309;5.93
14;0;8;48.791;20.1
15;0;8;45.188;19.13
16;0;9;17.194;20.56
17;0;9;18.22;3.87
18;0;9;15.484;12.8
19;0;10;8.647;3.95
20;0;10;6.919;3.48
21;0;11;79.572;24.02
22;0;11;70.832;10.52
23;0;11;91.397;1.39
24;0;12;18.196;2.37
25;0;12;21.903;2.31
26;0;12;15.149;3.81
27;0;13;93.673;10.18
28;0;13;98.659;22.44
29;0;14;36.549;3.96
30;0;14;44.76;15.43
31;0;14;29.824;15.09
32;0;15;27.562;5.13
33;0;15;25.156;20.73
34;0;15;22.358;14.63
35;0;16;74.442;20.02
36;0;16;56.832;3.04
37;0;16;79.572;10.72
38;0;17;49.508;11.77
39;0;17;54.189;19.83
40;0;18;31.387;17.89
41;0;18;36.055;7.64
42;0;18;34.94;4.79
43;0;19;19.222;19.97
44;0;20;18.686;13.24
45;0;21;18.315;5.77
46;0;21;20.762;12.42
47;0;22;9.829;1.66
48;0;23;31.884;15.52
49;0;23;29.199;19.88
50;0;24;25.336;4.67
51;0;24;22.062;4.37
52;0;24;23.359;8.07
53;0;25;18.52;2.36
54;0;25;18.881;22.01
55;0;26;19.29;19.9
56;0;27;20.827;4.56
57;0;27;23.342;16.16
58;0;28;6.651;13.35
59;0;29;26.736;5.62
60;0;29;21.969;16.17
61;0;30;8.671;8.92
62;0;30;8.438;15.33
63;0;30;9.021;18.41
64;0;31;76.973;3.63
65;0;32;15.608;19.34
66;0;33;18.52;10.22
67;0;33;17.41;23.1
68;0;33;22.77;1.59
69;0;34;81.991;3.99
70;0;35;7.648;22.53
71;0;35;8.861;8.69
72;0;35;7.438;10.42
73;0;36;35.108;10.73
74;0;36;30.227;3.01
75;0;36;41.888;7.33
76;0;37;52.651;18.21
77;0;38;30.026;18.27
78;0;38;31.728;18.72
79;0;38;27.928;18.85
80;0;39;12.868;15.21
81;0;40;71.35;12.82
82;0;40;71.343;15.12
83;0;40;62.343;12.75
84;0;41;22.391;17.43
85;0;41;22.18;14.18
86;0;42;25.77;22.51
87;0;43;29.769;14.61
88;0;43;23.664;0.95
89;0;43;29.794;12.93
90;0;44;22.042;21.53
91;0;45;57.583;14.3
92;0;45;55.905;15.42
93;0;46;33.232;11.25
94;0;46;26.897;3.47
95;0;47;19.04;3.1
96;0;47;23.42;13.32
97;0;47;20.936;12.67
98;0;48;21.172;13.49
99;0;49;58.284;17.45
100;0;49;72.571;18.68
101;0;50;31.553;13.32
102;0;50;36.012;16.66
103;0;50;32.795;18.49
104;0;51;39.896;16.91
105;0;51;45.208;14.64
106;0;51;37.924;16.36
107;0;52;21.985;3.96
108;0;52;20.143;6.39
109;0;53;72.243;5.44
110;0;54;89.706;20.39
111;0;54;97.357;17.75
112;0;55;35.994;5.95
113;0;56;29.69;16.03
114;0;56;34.369;12.52
115;0;56;36.128;12.4
116;0;57;14.3;6.32
117;0;57;16.875;1.27
118;0;57;14.304;21.02
119;0;58;26.77;23.73
120;0;58;30.405;16.12
121;0;58;26.754;20.65
122;0;59;0.0;1.56
123;1;2;46.481;9.78
124;1;3;44.354;15.94
125;1;3;34.161;3.12
126;1;3;39.429;16.15
127;1;4;65.336;12.64
128;1;4;57.639;5.14
129;1;5;6.988;1.33
130;1;6;45.08;6.61
131;1;7;55.131;20.92
132;1;8;68.67;6.19
133;1;8;58.38;18.2
134;1;9;39.892;12.11
135;1;10;31.73;22.63
136;1;10;27.439;11.07
137;1;10;25.528;11.31
138;1;11;102.414;6.86
139;1;12;39.989;11.97
140;1;12;30.553;24.1
141;1;13;97.123;24.93
142;1;13;99.94;21.57
143;1;14;46.542;24.01
144;1;14;53.968;2.59
145;1;14;50.816;15.32
146;1;15;41.226;16.24
147;1;15;31.579;3.69
148;1;15;50.465;5.6
149;1;16;97.767;14.97
150;1;16;84.621;22.97
151;1;17;50.417;1.76
152;1;17;40.387;23.33
153;1;17;46.253;16.23
154;1;18;8.115;24.23
155;1;19;19.619;2.72
156;1;19;19.873;6.28
157;1;20;41.065;11.22
158;1;20;36.362;11.88
159;1;20;41.735;21.36
160;1;21;41.71;5.25
161;1;21;48.482;13.65
162;1;21;49.174;20.27
163;1;22;29.708;3.67
164;1;22;32.058;5.36
165;1;22;32.54;23.48
166;1;23;55.02;4.0
167;1;24;8.171;7.86
168;1;25;40.525;16.55
169;1;25;48.156;16.22
170;1;25;47.085;9.07
171;1;26;39.024;13.89
172;1;26;31.939;11.66
173;1;26;32.168;17.25
174;1;27;37.779;3.14
175;1;27;47.157;15.6
176;1;27;40.724;12.82
177;1;28;26.558;21.32
178;1;29;36.092;10.0
179;1;29;42.044;14.92
180;1;29;39.363;2.94
181;1;30;32.461;7.32
182;1;30;36.452;17.81
183;1;31;87.213;0.18
184;1;32;36.786;7.72
185;1;33;40.525;17.47
186;1;34;86.923;2.57
187;1;34;99.463;0.22
188;1;35;31.099;11.5
189;1;35;23.986;18.34
190;1;36;53.025;2.29
191;1;36;52.948;9.34
192;1;36;52.479;4.2
193;1;37;75.887;9.2
194;1;37;77.658;9.64
195;1;38;53.562;12.66
196;1;38;55.876;23.48
197;1;39;36.426;14.77
198;1;39;45.025;24.49
199;1;40;77.761;15.58
200;1;40;88.238;23.19
201;1;40;60.387;21.43
202;1;41;45.24;3.77
203;1;41;46.162;15.15
204;1;42;48.72;11.61
205;1;42;60.113;0.87
206;1;42;37.093;17.26
207;1;43;9.263;1.38
208;1;43;7.065;13.32
209;1;44;10.425;4.36
210;1;44;8.587;10.23
211;1;45;81.132;23.95
212;1;46;45.169;13.1
213;1;46;42.151;6.2
214;1;47;42.744;10.44
215;1;48;44.356;14.77
216;1;48;47.771;7.62
217;1;48;51.265;2.35
218;1;49;66.86;10.92
219;1;49;54.007;16.47
220;1;49;69.166;24.84
221;1;50;8.558;17.53
222;1;50;9.242;19.77
223;1;50;10.298;18.97
224;1;51;49.264;0.23
225;1;51;44.394;1.7
226;1;52;45.212;7.64
227;1;53;54.294;20.93
228;1;53;46.581;10.23
229;1;53;60.796;9.01
230;1;54;112.538;8.75
231;1;55;48.206;15.49
232;1;55;56.334;23.53
233;1;56;41.989;21.78
234;1;57;29.467;0.18
235;1;57;30.7;22.44
236;1;57;34.447;4.7
237;1;58;38.599;13.1
238;1;58;33.068;0.34
239;1;59;23.796;2.04
240;2;3;30.314;6.99
241;2;4;41.52;19.43
242;2;4;42.183;22.3
243;2;4;40.013;3.6
244;2;5;50.763;13.61
245;2;5;39.489;5.83
246;2;5;41.111;9.97
247;2;6;9.749;6.77
248;2;7;14.4;7.62
249;2;8;23.621;13.39
250;2;8;25.408;4.99
251;2;8;26.132;12.06
252;2;9;10.323;17.12
253;2;10;15.381;6.97
254;2;10;15.061;23.87
255;2;10;15.948;4.88
256;2;11;58.279;11.51
257;2;11;53.699;18.17
258;2;11;50.487;24.31
259;2;12;12.858;19.46
260;2;12;14.51;15.58
261;2;13;95.389;14.43
262;2;13;99.992;15.99
263;2;14;39.488;15.57
264;2;14;37.217;9.93
265;2;14;30.658;1.71
266;2;15;29.821;17.38
267;2;15;23.835;6.98
268;2;15;29.328;22.9
269;2;16;52.433;24.41
270;2;16;48.39;13.71
271;2;16;43.702;3.37
272;2;17;58.016;6.46
273;2;18;53.965;11.32
274;2;18;47.168;19.67
275;2;18;42.965;12.21
276;2;19;37.763;11.34
277;2;19;38.646;4.87
278;2;20;10.905;22.72
279;2;21;7.549;3.57
280;2;21;6.524;8.47
281;2;21;6.281;24.94
282;2;22;19.811;14.42
283;2;22;21.373;14.95
284;2;22;20.558;6.42
285;2;23;12.0;16.15
286;2;23;14.31;4.02
287;2;23;10.247;0.14
288;2;24;47.282;20.57
289;2;24;52.757;8.85
290;2;24;42.116;13.79
291;2;25;12.156;8.7
292;2;25;10.383;17.22
293;2;25;13.922;16.26
294;2;26;17.705;7.25
295;2;27;22.821;12.56
296;2;28;21.487;12.04
297;2;29;34.348;9.72
298;2;29;30.347;5.51
299;2;29;28.309;11.14
300;2;30;14.02;18.65
301;2;30;10.777;12.5
302;2;30;11.361;15.11
303;2;31;72.778;0.28
304;2;31;70.072;3.02
305;2;31;83.247;13.1
306;2;32;15.128;3.88
307;2;33;12.156;9.87
308;2;33;14.371;19.29
309;2;33;11.069;7.53
310;2;34;83.027;5.19
311;2;34;80.211;9.53
312;2;35;15.801;4.29
313;2;36;27.411;15.51
314;2;36;30.099;19.23
315;2;37;31.063;22.93
316;2;37;26.51;23.1
317;2;37;29.802;12.16
318;2;38;9.344;1.67
319;2;38;7.821;3.38
320;2;38;7.376;17.78
321;2;39;10.797;7.93
322;2;39;12.244;17.1
323;2;40;71.81;23.91
324;2;41;8.556;23.29
325;2;42;8.883;16.45
326;2;42;10.958;1.8
327;2;42;9.918;6.77
328;2;43;52.078;4.31
329;2;43;64.566;7.39
330;2;44;43.708;0.21
331;2;45;35.299;0.51
332;2;45;43.3;3.15
333;2;45;34.976;17.45
334;2;46;35.092;7.44
335;2;46;34.478;5.98
336;2;46;34.519;17.8
337;2;47;4.283;8.66
338;2;48;6.869;6.43
339;2;48;7.995;19.53
340;2;49;58.017;13.75
341;2;49;51.249;22.8
342;2;49;71.438;16.41
343;2;50;54.08;16.17
344;2;50;40.713;14.09
345;2;51;42.507;8.0
346;2;51;49.224;2.04
347;2;51;50.847;7.17
348;2;52;6.533;9.71
349;2;52;6.45;11.35
350;2;52;6.59;16.58
351;2;53;91.617;4.55
352;2;53;105.003;13.58
353;2;53;95.126;19.36
354;2;54;68.332;5.18
355;2;54;60.037;2.1
356;2;55;36.496;3.25
357;2;55;36.342;0.87
358;2;55;41.395;23.68
359;2;56;32.62;15.63
360;2;56;40.225;14.21
361;2;57;24.713;14.45
362;2;57;24.397;0.83
363;2;57;18.938;23.25
364;2;58;31.705;12.55
365;2;58;38.286;16.49
366;2;58;23.868;19.61
367;2;59;22.688;17.65
368;2;59;22.03;16.54
369;3;4;20.984;13.15
370;3;4;25.917;14.69
371;3;5;51.088;14.22
372;3;6;20.74;5.21
373;3;7;24.601;9.6
374;3;8;37.998;1.35
375;3;8;37.802;6.58
376;3;8;46.7;15.34
377;3;9;21.053;11.08
378;3;9;17.458;24.14
379;3;9;21.613;10.86
380;3;10;24.444;13.43
381;3;10;23.894;2.22
382;3;11;65.123;19.56
383;3;11;77.437;21.85
384;3;11;49.935;15.82
385;3;12;18.125;16.99
386;3;12;19.83;2.1
387;3;12;19.374;3.86
388;3;13;65.94;11.19
389;3;13;71.856;23.64
390;3;14;9.238;5.05
391;3;15;3.134;18.36
392;3;16;63.137;6.03
393;3;16;70.902;7.28
394;3;17;28.717;16.76
395;3;18;48.521;11.92
396;3;18;40.973;2.58
397;3;19;48.824;7.69
398;3;19;56.089;23.12
399;3;19;59.715;21.97
400;3;20;19.813;17.79
401;3;20;23.071;6.46
402;3;20;21.188;14.52
403;3;21;34.073;4.9
404;3;21;38.594;19.49
405;3;22;20.413;16.14
406;3;22;20.682;13.43
407;3;22;16.284;15.63
408;3;23;27.199;10.58
409;3;23;26.721;18.24
410;3;23;31.914;15.29
411;3;24;39.813;0.55
412;3;24;33.221;6.43
413;3;24;37.58;21.59
414;3;25;18.66;20.81
415;3;25;16.607;12.76
416;3;26;13.515;17.16
417;3;26;14.357;17.89
418;3;26;13.029;8.11
419;3;27;9.569;8.97
420;3;27;10.1;5.98
421;3;27;7.604;16.83
422;3;28;23.466;14.18
423;3;29;10.054;6.77
424;3;30;27.936;15.19
425;3;30;31.085;19.9
426;3;31;46.911;6.49
427;3;32;17.643;1.17
428;3;32;21.552;1.26
429;3;32;18.208;7.24
430;3;33;18.66;12.98
431;3;33;19.533;8.76
432;3;33;16.905;8.63
433;3;34;53.755;19.81
434;3;34;65.11;24.4
435;3;34;47.257;0.5
436;3;35;31.014;5.9
437;3;35;35.686;6.7
438;3;36;10.896;10.26
439;3;37;43.031;24.09
440;3;37;37.252;12.03
441;3;38;39.115;11.92
442;3;38;47.848;19.86
443;3;38;31.078;15.26
444;3;39;31.379;3.44
445;3;39;26.54;0.31
446;3;40;42.679;22.87
447;3;41;21.925;15.29
448;3;42;23.327;14.86
449;3;42;22.251;20.16
450;3;42;26.003;9.36
451;3;43;53.226;5.94
452;3;44;48.466;17.58
453;3;44;55.207;23.27
454;3;44;54.761;12.71
455;3;45;49.88;3.39
456;3;45;49.086;2.63
457;3;46;4.83;8.54
458;3;46;4.17;7.2
459;3;46;4.118;19.08
460;3;47;27.111;20.95
461;3;48;23.447;21.88
462;3;48;24.853;4.69
463;3;48;18.897;13.96
464;3;49;29.047;14.55
465;3;49;29.415;6.81
466;3;49;34.328;12.16
467;3;50;48.137;10.13
468;3;50;46.685;3.43
469;3;51;12.194;12.45
470;3;51;11.458;1.88
471;3;52;23.863;14.75
472;3;53;71.126;23.17
473;3;53;79.364;14.99
474;3;54;74.737;5.66
475;3;54;58.394;19.96
476;3;54;59.884;5.83
477;3;55;6.439;22.07
478;3;55;6.059;7.12
479;3;56;3.827;12.3
480;3;56;4.253;17.94
481;3;56;3.445;5.08
482;3;57;16.387;9.21
483;3;58;6.317;23.02
484;3;58;7.722;5.93
485;3;58;5.696;6.63
486;3;59;30.107;19.52
487;3;59;25.925;3.05
488;3;59;32.576;15.28
489;4;5;72.069;21.58
490;4;5;80.08;3.27
491;4;5;59.937;10.55
492;4;6;32.528;23.66
493;4;7;29.022;14.38
494;4;7;31.499;10.25
495;4;7;29.943;9.33
496;4;8;35.955;8.44
497;4;8;29.951;0.87
498;4;9;35.845;14.84
499;4;10;42.276;9.39
500;4;10;34.299;0.46
501;4;11;51.851;10.44
502;4;11;50.852;13.48
503;4;12;33.322;18.18
504;4;12;30.698;5.99
505;4;13;57.209;8.46
506;4;13;59.9;0.94
507;4;13;48.812;20.17
508;4;14;21.57;19.56
509;4;15;24.109;16.12
510;4;15;20.187;3.12
511;4;16;52.504;17.7
512;4;17;36.911;21.24
513;4;18;69.299;22.93
514;4;18;75.657;11.76
515;4;18;69.285;5.84
516;4;19;68.662;19.53
517;4;19;54.948;0.0
518;4;19;60.827;19.17
519;4;20;34.129;20.27
520;4;21;47.752;6.5
521;4;21;37.054;10.72
522;4;22;39.694;8.56
523;4;23;32.378;10.62
524;4;23;25.071;1.7
525;4;23;27.156;4.99
526;4;24;60.577;17.26
527;4;24;67.518;13.79
528;4;24;63.891;3.87
529;4;25;33.457;18.48
530;4;25;28.962;0.28
531;4;26;30.463;14.79
532;4;26;29.62;19.59
533;4;26;34.498;4.05
534;4;27;28.902;20.23
535;4;28;43.091;17.27
536;4;28;48.313;9.93
537;4;28;36.328;9.3
538;4;29;29.997;6.53
539;4;29;32.408;8.16
540;4;30;45.133;17.61
541;4;30;54.841;3.19
542;4;31;31.549;3.2
543;4;31;26.71;16.91
544;4;31;37.813;9.18
545;4;32;34.637;9.4
546;4;33;33.457;5.16
547;4;33;27.79;22.11
548;4;33;29.024;15.93
549;4;34;44.955;1.1
550;4;34;53.731;23.24
551;4;34;53.658;4.6
552;4;35;48.438;22.72
553;4;36;14.867;11.27
554;4;36;13.559;17.78
555;4;37;37.436;11.2
556;4;37;34.041;21.02
557;4;37;30.029;3.09
558;4;38;47.913;1.31
559;4;38;46.591;11.8
560;4;38;37.596;20.99
561;4;39;47.035;15.74
562;4;39;50.333;10.27
563;4;39;50.057;2.54
564;4;40;34.185;9.62
565;4;41;33.564;6.21
566;4;42;32.66;3.8
567;4;42;28.24;8.92
568;4;42;31.662;5.51
569;4;43;74.2;6.5
570;4;43;64.754;8.43
571;4;43;82.638;10.45
572;4;44;69.188;1.31
573;4;45;44.204;20.84
574;4;45;33.834;1.73
575;4;45;52.954;22.91
576;4;46;20.896;5.81
577;4;46;23.49;10.39
578;4;46;16.218;4.54
579;4;47;40.097;12.51
580;4;47;49.277;10.53
581;4;47;45.981;7.75
582;4;48;35.589;9.5
583;4;48;30.549;13.92
584;4;49;21.975;5.72
585;4;50;68.875;18.33
586;4;50;57.104;12.66
587;4;51;20.817;8.69
588;4;51;22.834;7.12
589;4;51;23.981;12.41
590;4;52;35.493;23.41
591;4;53;85.958;10.19
592;4;54;60.354;13.73
593;4;54;58.62;13.6
594;4;54;53.883;16.0
595;4;55;18.132;5.5
596;4;56;23.587;16.68
597;4;57;36.875;8.54
598;4;57;44.053;21.05
599;4;57;34.564;13.28
600;4;58;26.892;15.29
601;4;59;49.491;12.03
602;4;59;61.482;6.93
603;4;59;58.473;5.06
604;5;6;50.384;17.17
605;5;7;60.469;4.22
606;5;7;68.297;14.74
607;5;7;51.01;8.43
608;5;8;73.587;9.13
609;5;9;45.108;18.5
610;5;10;36.692;18.18
611;5;11;107.715;0.95
612;5;12;45.512;2.81
613;5;13;103.777;9.79
614;5;14;53.504;16.62
615;5;14;53.349;19.82
616;5;14;54.147;11.51
617;5;15;47.972;24.65
618;5;15;43.731;8.66
619;5;16;102.722;8.84
620;5;16;115.7;22.73
621;5;16;86.499;19.83
622;5;17;57.108;13.69
623;5;17;66.418;10.71
624;5;17;64.124;22.42
625;5;18;9.76;15.79
626;5;18;7.496;11.1
627;5;19;18.721;22.19
628;5;19;14.463;8.54
629;5;20;46.414;8.11
630;5;21;45.296;22.38
631;5;21;55.939;6.26
632;5;21;35.131;3.05
633;5;22;35.398;1.7
634;5;22;31.481;13.45
635;5;22;37.614;10.94
636;5;23;60.087;12.78
637;5;23;61.757;3.65
638;5;24;14.458;0.7
639;5;24;11.423;19.15
640;5;25;45.992;7.16
641;5;26;44.999;22.22
642;5;26;41.522;15.97
643;5;27;44.149;9.03
644;5;28;32.067;4.2
645;5;28;29.266;0.69
646;5;29;43.017;13.67
647;5;30;36.867;23.21
648;5;31;94.2;23.38
649;5;31;73.721;15.18
650;5;31;91.323;7.24
651;5;32;42.419;23.98
652;5;32;34.472;8.33
653;5;33;45.992;16.5
654;5;34;93.718;10.62
655;5;34;101.855;6.25
656;5;34;94.457;6.86
657;5;35;35.025;17.71
658;5;35;38.334;11.71
659;5;36;59.458;22.83
660;5;36;54.833;21.1
661;5;37;80.908;15.69
662;5;37;62.192;12.66
663;5;37;89.832;20.74
664;5;38;57.121;4.29
665;5;38;67.05;10.62
666;5;38;49.105;3.54
667;5;39;40.279;1.43
668;5;40;84.661;11.06
669;5;41;50.429;0.27
670;5;41;51.091;24.69
671;5;41;42.477;10.91
672;5;42;53.875;8.06
673;5;42;46.374;0.77
674;5;43;2.288;8.19
675;5;44;8.742;3.95
676;5;45;85.857;24.58
677;5;45;64.781;10.02
678;5;46;52.055;18.8
679;5;47;47.294;7.39
680;5;47;47.359;24.68
681;5;47;50.541;15.54
682;5;48;49.364;22.51
683;5;48;49.097;0.02
684;5;49;73.841;20.61
685;5;50;10.592;24.1
686;5;51;56.245;24.28
687;5;51;67.739;2.93
688;5;52;50.197;11.83
689;5;52;38.56;10.58
690;5;53;56.499;22.32
691;5;53;64.113;3.51
692;5;54;117.851;24.27
693;5;54;122.243;6.85
694;5;55;55.097;12.29
695;5;56;48.832;20.77
696;5;57;35.811;3.33
697;5;58;45.434;21.54
698;5;58;35.287;11.94
699;5;58;39.387;3.25
700;5;59;28.285;12.24
701;5;59;32.599;6.66
702;5;59;29.254;15.51
703;6;7;10.085;11.28
704;6;7;10.543;12.03
705;6;8;23.888;13.97
706;6;8;24.213;17.5
707;6;8;22.39;0.34
708;6;9;5.307;3.5
709;6;10;13.852;8.42
710;6;11;57.363;17.3
711;6;12;5.468;11.75
712;6;13;85.65;7.62
713;6;13;92.807;4.56
714;6;13;92.102;0.78
715;6;14;29.967;8.17
716;6;15;20.552;12.27
717;6;15;20.735;21.27
718;6;16;52.787;2.59
719;6;17;48.924;2.48
720;6;17;46.871;12.97
721;6;17;39.655;2.02
722;6;18;51.814;1.96
723;6;18;43.27;8.94
724;6;19;40.599;2.1
725;6;20;4.023;6.23
726;6;20;3.958;11.67
727;6;21;15.226;8.46
728;6;21;18.955;16.59
729;6;22;15.606;11.21
730;6;22;17.386;9.12
731;6;22;12.403;9.35
732;6;23;10.181;16.16
733;6;24;44.188;21.03
734;6;25;4.777;14.99
735;6;26;9.29;4.92
736;6;27;14.254;3.06
737;6;27;16.551;11.74
738;6;28;18.534;2.85
739;6;29;25.88;1.42
740;6;29;25.464;10.12
741;6;30;14.979;6.07
742;6;30;16.535;12.77
743;6;30;12.886;15.85
744;6;31;63.438;21.91
745;6;32;8.778;1.48
746;6;33;4.777;2.48
747;6;33;4.564;8.81
748;6;34;73.294;16.93
749;6;34;84.639;10.74
750;6;35;18.056;9.24
751;6;36;17.99;2.74
752;6;36;22.395;21.36
753;6;36;20.193;4.17
754;6;37;30.906;3.97
755;6;37;34.349;16.26
756;6;38;18.382;24.28
757;6;38;15.006;21.62
758;6;39;15.107;24.91
759;6;39;12.843;10.44
760;6;40;62.08;16.06
761;6;40;53.813;20.48
762;6;41;1.197;14.46
763;6;42;3.907;10.11
764;6;43;52.029;18.99
765;6;43;45.712;10.4
766;6;44;44.539;10.19
767;6;44;43.192;15.76
768;6;44;34.261;22.55
769;6;45;36.571;8.49
770;6;46;25.556;11.59
771;6;46;23.091;17.77
772;6;46;27.43;15.27
773;6;47;7.57;14.11
774;6;48;3.09;6.67
775;6;48;3.556;11.76
776;6;48;3.114;13.13
777;6;49;48.284;14.2
778;6;49;47.438;7.32
779;6;49;59.02;16.71
780;6;50;51.773;1.47
781;6;51;32.902;15.15
782;6;51;30.731;15.67
783;6;51;34.63;11.92
784;6;52;3.218;11.74
785;6;52;3.7;0.48
786;6;52;2.98;13.06
787;6;53;85.539;24.78
788;6;53;86.805;23.7
789;6;53;78.561;17.23
790;6;54;67.495;13.64
791;6;54;81.389;4.98
792;6;55;26.818;17.02
793;6;55;23.397;13.1
794;6;55;28.75;0.66
795;6;56;23.312;13.51
796;6;57;18.595;21.11
797;6;57;14.57;5.86
798;6;58;22.821;11.32
799;6;59;22.496;14.94
800;6;59;25.022;6.27
801;7;8;14.501;19.24
802;7;8;17.965;19.17
803;7;9;15.372;2.58
804;7;9;15.485;10.14
805;7;9;16.617;18.11
806;7;10;23.885;23.41
807;7;10;26.851;9.22
808;7;11;47.29;4.32
809;7;12;15.208;16.06
810;7;13;85.235;7.85
811;7;13;79.415;19.05
812;7;14;33.419;19.29
813;7;14;37.235;15.18
814;7;15;25.644;17.46
815;7;15;21.074;22.7
816;7;16;42.91;5.8
817;7;16;52.441;0.85
818;7;16;36.132;23.82
819;7;17;53.228;13.74
820;7;18;61.754;11.85
821;7;19;50.168;13.32
822;7;20;14.075;20.06
823;7;21;21.825;6.24
824;7;21;17.411;10.95
825;7;22;25.526;8.83
826;7;22;24.749;6.69
827;7;23;3.361;12.62
828;7;24;53.966;8.38
829;7;24;47.467;13.68
830;7;25;14.627;19.76
831;7;26;17.568;8.81
832;7;26;18.316;8.94
833;7;26;15.528;11.54
834;7;27;21.551;10.89
835;7;27;23.425;23.55
836;7;27;22.91;19.1
837;7;28;28.573;8.99
838;7;28;23.256;13.5
839;7;29;32.326;13.89
840;7;29;30.177;6.0
841;7;30;24.63;21.17
842;7;31;60.565;4.38
843;7;32;18.504;10.61
844;7;32;21.454;24.31
845;7;33;14.627;16.67
846;7;34;72.833;21.06
847;7;34;84.353;24.52
848;7;35;27.476;22.6
849;7;35;29.052;16.6
850;7;36;17.085;14.56
851;7;36;16.128;22.44
852;7;37;21.106;14.07
853;7;37;21.884;1.46
854;7;37;24.376;9.36
855;7;38;18.996;5.74
856;7;38;17.283;23.34
857;7;38;19.239;23.61
858;7;39;23.627;9.5
859;7;40;61.687;14.07
860;7;41;10.121;19.42
861;7;42;6.858;5.37
862;7;43;62.109;19.34
863;7;43;56.676;21.75
864;7;44;54.542;18.88
865;7;44;67.277;21.46
866;7;45;27.178;3.95
867;7;45;25.109;1.64
868;7;46;29.21;19.92
869;7;46;30.874;19.31
870;7;46;35.486;9.29
871;7;47;15.178;1.78
872;7;47;14.727;17.32
873;7;48;11.546;12.34
874;7;48;12.564;2.78
875;7;48;10.626;0.67
876;7;49;48.168;1.58
877;7;49;46.06;15.71
878;7;50;61.686;16.85
879;7;51;35.754;17.9
880;7;52;10.847;6.51
881;7;52;8.679;10.16
882;7;53;93.576;6.03
883;7;53;93.745;3.22
884;7;54;57.419;18.0
885;7;54;44.165;20.25
886;7;54;58.659;6.54
887;7;55;29.451;22.69
888;7;56;28.044;5.21
889;7;57;27.729;3.69
890;7;57;24.654;17.97
891;7;57;23.422;19.59
892;7;58;28.693;4.05
893;7;59;32.509;5.06
894;7;59;35.535;7.14
895;7;59;33.571;23.59
896;8;9;28.859;8.96
897;8;10;36.967;4.59
898;8;11;34.657;16.52
899;8;11;41.61;7.12
900;8;11;34.136;16.35
901;8;12;29.303;6.88
902;8;12;24.941;10.93
903;8;12;23.56;4.53
904;8;13;93.102;6.39
905;8;13;89.38;18.52
906;8;13;98.834;0.61
907;8;14;46.181;9.63
908;8;14;45.292;24.17
909;8;15;39.493;24.55
910;8;16;29.136;13.34
911;8;16;25.93;9.33
912;8;16;31.407;22.17
913;8;17;65.986;15.04
914;8;17;66.022;21.62
915;8;18;75.617;24.44
916;8;18;81.612;6.55
917;8;19;61.384;10.73
918;8;19;52.012;6.51
919;8;20;27.879;10.49
920;8;20;26.917;6.34
921;8;21;30.731;18.29
922;8;21;28.184;22.3
923;8;22;39.479;24.49
924;8;22;35.527;14.1
925;8;23;13.725;16.85
926;8;24;68.074;10.52
927;8;24;62.149;6.4
928;8;24;75.156;19.58
929;8;25;28.647;6.06
930;8;26;32.05;7.15
931;8;26;36.718;2.99
932;8;26;31.129;1.03
933;8;27;36.011;13.2
934;8;28;42.272;4.15
935;8;29;46.477;3.37
936;8;29;57.746;18.53
937;8;29;53.38;10.06
938;8;30;36.838;23.29
939;8;30;30.405;19.5
940;8;30;37.743;19.77
941;8;31;66.005;2.83
942;8;32;32.631;16.92
943;8;32;25.116;2.46
944;8;33;28.647;5.6
945;8;34;80.897;2.57
946;8;35;39.149;2.21
947;8;36;28.594;20.41
948;8;36;34.133;23.1
949;8;36;21.928;7.23
950;8;37;7.444;13.22
951;8;37;7.21;6.32
952;8;38;22.057;9.17
953;8;38;17.404;11.9
954;8;38;20.3;11.13
955;8;39;34.38;19.91
956;8;39;34.172;10.29
957;8;40;70.123;21.2
958;8;41;23.543;23.74
959;8;42;20.066;16.73
960;8;42;16.911;20.92
961;8;42;17.926;9.69
962;8;43;75.07;24.05
963;8;43;88.433;2.26
964;8;43;76.277;15.04
965;8;44;67.007;0.2
966;8;45;12.717;24.28
967;8;45;9.972;7.45
968;8;46;42.271;10.98
969;8;46;48.312;8.5
970;8;47;26.448;23.24
971;8;47;28.559;4.52
972;8;48;24.314;3.16
973;8;48;25.356;23.25
974;8;49;57.399;7.88
975;8;49;62.251;8.76
976;8;50;75.602;17.4
977;8;50;75.017;10.24
978;8;50;66.859;22.25
979;8;51;48.04;10.58
980;8;52;23.458;23.07
981;8;52;19.564;21.99
982;8;53;107.971;19.36
983;8;54;44.72;24.88
984;8;54;41.428;20.8
985;8;55;41.918;12.89
986;8;56;41.666;8.74
987;8;56;47.394;10.78
988;8;57;42.145;11.56
989;8;57;42.162;10.17
990;8;58;42.726;0.84
991;8;59;45.309;6.11
992;8;59;49.665;23.57
993;8;59;53.798;13.12
994;9;10;8.547;5.2
995;9;10;7.867;22.65
996;9;10;8.057;16.43
997;9;11;62.614;0.02
998;9;11;65.276;20.8
999;9;12;2.93;17.3
1000;9;13;86.899;21.71
1001;9;13;103.811;10.94
1002;9;13;72.998;8.14
1003;9;14;29.973;8.57
1004;9;14;33.419;4.38
1005;9;14;25.506;14.52
1006;9;15;20.072;11.74
1007;9;15;21.4;14.1
1008;9;15;22.725;23.34
1009;9;16;57.892;17.44
1010;9;17;47.93;9.07
1011;9;18;46.758;4.7
1012;9;19;35.483;23.84
1013;9;19;30.002;15.46
1014;9;19;40.212;11.0
1015;9;20;1.755;12.87
1016;9;21;13.035;4.14
1017;9;22;10.748;4.16
1018;9;22;9.576;24.6
1019;9;22;11.542;1.06
1020;9;23;15.151;23.68
1021;9;23;11.911;15.08
1022;9;24;39.311;3.48
1023;9;25;2.493;7.63
1024;9;25;3.096;20.38
1025;9;26;7.711;19.11
1026;9;27;12.704;9.03
1027;9;27;12.01;19.18
1028;9;27;11.492;1.59
1029;9;28;13.413;0.13
1030;9;28;16.086;8.17
1031;9;28;14.043;14.17
1032;9;29;24.083;4.98
1033;9;29;26.426;22.97
1034;9;30;9.971;10.48
1035;9;30;11.235;23.65
1036;9;30;9.526;17.11
1037;9;31;66.028;23.82
1038;9;31;56.431;10.2
1039;9;32;4.84;19.61
1040;9;33;2.493;15.88
1041;9;33;2.588;22.35
1042;9;34;74.643;7.67
1043;9;34;85.995;11.94
1044;9;34;71.814;23.38
1045;9;35;13.189;16.49
1046;9;35;13.41;8.35
1047;9;35;10.626;19.81
1048;9;36;20.993;4.87
1049;9;37;36.006;17.8
1050;9;37;37.934;5.68
1051;9;38;19.667;22.21
1052;9;39;11.204;23.02
1053;9;39;9.312;0.31
1054;9;40;63.49;16.86
1055;9;40;65.585;6.29
1056;9;41;5.349;0.9
1057;9;41;6.162;4.05
1058;9;41;6.047;12.64
1059;9;42;8.83;19.84
1060;9;42;7.576;12.16
1061;9;42;10.998;5.54
1062;9;43;46.738;19.86
1063;9;44;39.235;16.18
1064;9;44;39.318;2.58
1065;9;45;41.462;12.91
1066;9;45;45.395;24.25
1067;9;45;34.616;8.31
1068;9;46;25.659;24.45
1069;9;46;29.748;15.87
1070;9;46;21.184;22.24
1071;9;47;6.364;21.12
1072;9;48;4.784;3.72
1073;9;48;4.43;5.72
1074;9;48;3.823;22.17
1075;9;49;49.732;22.08
1076;9;50;46.746;21.58
1077;9;51;33.145;0.79
1078;9;52;5.652;12.82
1079;9;52;5.642;6.49
1080;9;52;6.547;7.55
1081;9;53;81.893;2.8
1082;9;53;67.71;7.86
1083;9;54;72.749;23.18
1084;9;54;72.991;0.75
1085;9;55;27.449;14.41
1086;9;55;22.676;7.23
1087;9;55;23.783;9.12
1088;9;56;22.87;3.86
1089;9;57;14.722;23.78
1090;9;58;21.618;2.9
1091;9;59;17.194;15.62
1092;10;11;71.038;0.54
1093;10;11;73.221;0.93
1094;10;11;64.89;11.17
1095;10;12;9.733;7.81
1096;10;13;89.874;23.53
1097;10;14;32.233;11.29
1098;10;15;22.457;4.21
1099;10;15;26.383;2.19
1100;10;16;66.092;4.68
1101;10;17;47.906;24.41
1102;10;17;41.097;23.16
1103;10;17;49.265;11.75
1104;10;18;38.904;8.45
1105;10;18;39.594;4.33
1106;10;18;46.285;12.36
1107;10;19;27.272;20.18
1108;10;19;20.694;8.19
1109;10;19;26.414;4.89
1110;10;20;10.056;15.82
1111;10;20;8.917;0.57
1112;10;20;10.39;8.68
1113;10;21;13.4;19.81
1114;10;22;5.626;8.33
1115;10;22;4.301;14.25
1116;10;23;23.397;6.7
1117;10;24;31.945;16.59
1118;10;24;24.498;13.03
1119;10;24;32.825;0.4
1120;10;25;9.975;2.92
1121;10;25;11.386;21.54
1122;10;25;10.686;14.32
1123;10;26;11.84;24.68
1124;10;27;14.887;2.85
1125;10;28;6.171;14.03
1126;10;29;23.89;2.4
1127;10;30;3.72;10.09
1128;10;31;71.122;11.58
1129;10;32;7.652;22.94
1130;10;33;9.975;15.76
1131;10;34;77.863;12.09
1132;10;34;80.502;1.95
1133;10;35;6.574;15.55
1134;10;36;27.548;23.65
1135;10;36;34.217;3.8
1136;10;37;44.241;14.28
1137;10;38;23.888;12.86
1138;10;38;24.447;24.29
1139;10;38;26.941;15.36
1140;10;39;8.509;16.54
1141;10;40;66.918;4.5
1142;10;40;71.557;12.24
1143;10;40;75.83;24.85
1144;10;41;13.779;23.85
1145;10;41;15.211;6.28
1146;10;41;16.328;7.93
1147;10;42;17.196;1.13
1148;10;43;38.269;12.26
1149;10;43;35.892;4.6
1150;10;43;33.369;8.27
1151;10;44;30.687;24.78
1152;10;44;35.733;6.27
1153;10;45;49.403;3.28
1154;10;45;52.282;15.97
1155;10;46;28.348;19.94
1156;10;46;24.669;23.25
1157;10;47;11.284;21.5
1158;10;47;13.05;10.15
1159;10;48;12.678;1.25
1160;10;49;53.422;4.07
1161;10;49;64.134;13.31
1162;10;49;44.659;21.0
1163;10;50;38.963;0.57
1164;10;50;41.664;0.73
1165;10;50;33.981;10.04
1166;10;51;35.588;9.44
1167;10;52;13.52;6.52
1168;10;52;13.068;7.28
1169;10;53;76.725;24.84
1170;10;54;81.174;18.95
1171;10;54;96.617;15.95
1172;10;55;30.763;3.08
1173;10;55;37.212;1.18
1174;10;56;25.001;16.45
1175;10;57;11.643;24.46
1176;10;57;11.32;21.91
1177;10;58;22.698;12.5
1178;10;58;26.852;3.64
1179;10;58;28.21;15.1
1180;10;59;8.647;21.44
1181;10;59;8.133;3.7
1182;11;12;62.439;15.5
1183;11;12;72.451;0.98
1184;11;12;51.621;0.67
1185;11;13;100.386;10.11
1186;11;13;88.063;12.01
1187;11;13;114.58;24.87
1188;11;14;70.732;5.37
1189;11;15;67.603;13.98
1190;11;16;8.891;21.38
1191;11;17;88.529;0.23
1192;11;17;110.321;7.62
1193;11;18;108.905;8.25
1194;11;18;98.079;3.22
1195;11;19;96.041;5.85
1196;11;19;88.812;15.14
1197;11;19;90.423;24.28
1198;11;20;61.364;5.08
1199;11;21;65.31;15.29
1200;11;21;77.703;17.55
1201;11;21;62.634;7.78
1202;11;22;72.753;20.96
1203;11;22;86.767;13.96
1204;11;23;47.692;24.55
1205;11;23;52.213;17.61
1206;11;24;100.892;19.28
1207;11;25;61.891;12.03
1208;11;25;60.376;1.15
1209;11;25;55.07;14.15
1210;11;26;64.018;9.07
1211;11;26;50.047;13.87
1212;11;26;66.093;0.95
1213;11;27;66.786;16.05
1214;11;27;82.329;4.74
1215;11;27;55.837;9.97
1216;11;28;75.858;7.51
1217;11;28;90.092;0.57
1218;11;29;75.007;23.85
1219;11;29;59.127;17.11
1220;11;29;67.275;13.94
1221;11;30;71.28;9.3
1222;11;30;73.894;0.49
1223;11;31;70.801;23.42
1224;11;31;62.05;13.28
1225;11;32;65.684;8.37
1226;11;32;53.588;2.91
1227;11;33;61.891;4.22
1228;11;33;58.55;10.75
1229;11;33;52.015;21.67
1230;11;34;89.838;23.72
1231;11;35;73.727;17.59
1232;11;35;89.327;9.2
1233;11;36;54.228;11.89
1234;11;36;46.173;1.72
1235;11;36;52.856;4.08
1236;11;37;27.216;4.79
1237;11;38;55.587;23.85
1238;11;38;56.497;24.35
1239;11;38;45.179;14.21
1240;11;39;69.031;5.04
1241;11;40;81.254;1.02
1242;11;40;77.427;9.77
1243;11;40;80.732;9.9
1244;11;41;57.287;19.78
1245;11;41;51.027;8.03
1246;11;41;52.637;7.81
1247;11;42;53.844;18.45
1248;11;42;58.027;22.68
1249;11;43;109.307;23.72
1250;11;43;128.945;10.04
1251;11;44;101.471;5.53
1252;11;45;24.273;19.4
1253;11;45;24.218;14.07
1254;11;45;23.515;16.76
1255;11;46;68.043;13.57
1256;11;46;58.941;2.0
1257;11;47;60.987;23.51
1258;11;47;56.244;20.72
1259;11;47;69.14;17.56
1260;11;48;58.401;22.22
1261;11;48;59.233;13.29
1262;11;49;72.272;7.9
1263;11;50;108.797;6.84
1264;11;50;135.956;22.55
1265;11;51;71.224;17.19
1266;11;51;62.451;13.95
1267;11;51;80.521;0.57
1268;11;52;57.588;8.31
1269;11;52;45.225;23.68
1270;11;53;135.954;19.47
1271;11;54;10.136;21.69
1272;11;54;8.796;20.34
1273;11;54;10.089;6.0
1274;11;55;66.402;6.79
1275;11;55;79.111;11.84
1276;11;56;68.917;20.77
1277;11;56;64.956;0.24
1278;11;56;85.405;9.69
1279;11;57;74.236;24.69
1280;11;58;71.106;6.38
1281;11;58;77.104;11.12
1282;11;59;79.572;14.93
1283;11;59;60.785;2.12
1284;11;59;78.099;6.71
1285;12;13;83.972;20.32
1286;12;14;27.071;14.91
1287;12;15;17.198;10.54
1288;12;15;20.974;12.11
1289;12;15;14.666;18.2
1290;12;16;58.09;12.61
1291;12;17;45.195;8.69
1292;12;17;49.127;11.5
1293;12;17;53.633;16.84
1294;12;18;46.546;23.29
1295;12;19;37.002;23.47
1296;12;19;31.568;4.47
1297;12;20;1.983;19.0
1298;12;20;1.784;15.57
1299;12;20;2.083;11.8
1300;12;21;15.964;23.9
1301;12;22;10.322;16.46
1302;12;22;10.592;6.91
1303;12;23;15.628;3.32
1304;12;24;38.807;23.57
1305;12;25;0.76;23.33
1306;12;25;0.9;12.26
1307;12;25;0.721;16.47
1308;12;26;4.879;20.97
1309;12;26;5.702;16.86
1310;12;27;9.969;15.26
1311;12;27;10.151;8.21
1312;12;28;13.464;15.38
1313;12;29;21.505;13.15
1314;12;29;16.99;7.26
1315;12;30;11.952;21.35
1316;12;30;14.295;11.42
1317;12;31;63.257;16.79
1318;12;32;3.328;13.74
1319;12;32;3.134;17.73
1320;12;33;0.76;14.06
1321;12;34;71.72;23.07
1322;12;35;15.254;15.77
1323;12;35;14.166;11.14
1324;12;35;16.915;16.22
1325;12;36;18.455;19.7
1326;12;37;36.234;10.95
1327;12;37;32.507;2.07
1328;12;38;22.147;15.33
1329;12;39;13.896;21.83
1330;12;39;11.105;8.43
1331;12;40;60.572;13.18
1332;12;41;6.106;2.7
1333;12;41;6.53;14.02
1334;12;42;9.374;3.01
1335;12;42;11.664;18.88
1336;12;43;47.239;14.26
1337;12;43;53.271;2.79
1338;12;43;40.328;23.16
1339;12;44;40.089;0.22
1340;12;44;33.836;11.92
1341;12;45;42.003;20.11
1342;12;45;43.876;11.18
1343;12;45;41.421;8.55
1344;12;46;22.745;0.67
1345;12;47;9.141;3.23
1346;12;47;8.403;2.5
1347;12;48;6.494;15.72
1348;12;49;46.819;16.61
1349;12;49;56.04;17.52
1350;12;49;41.845;22.44
1351;12;50;46.48;22.85
1352;12;50;43.125;24.96
1353;12;50;49.439;19.79
1354;12;51;30.23;0.91
1355;12;51;25.344;12.11
1356;12;51;33.875;7.66
1357;12;52;7.248;19.21
1358;12;53;80.239;19.27
1359;12;54;72.557;9.97
1360;12;55;24.519;14.9
1361;12;55;27.315;2.13
1362;12;55;30.276;1.4
1363;12;56;20.0;2.97
1364;12;56;22.637;4.82
1365;12;56;24.445;12.15
1366;12;57;13.165;13.8
1367;12;58;18.873;8.69
1368;12;59;18.196;16.51
1369;12;59;15.769;11.79
1370;13;14;57.641;15.58
1371;13;14;56.757;15.51
1372;13;15;67.493;9.85
1373;13;15;72.794;2.52
1374;13;16;104.258;3.88
1375;13;16;120.296;12.7
1376;13;17;46.711;17.11
1377;13;17;48.756;16.4
1378;13;17;58.2;9.73
1379;13;18;96.25;24.48
1380;13;19;109.833;16.76
1381;13;19;122.683;20.57
1382;13;19;112.819;6.15
1383;13;20;85.535;24.95
1384;13;21;99.932;0.79
1385;13;22;85.017;2.92
1386;13;22;69.827;1.53
1387;13;22;64.379;6.23
1388;13;23;88.556;2.18
1389;13;23;89.714;21.97
1390;13;23;109.89;11.83
1391;13;24;89.327;24.96
1392;13;24;81.124;20.41
1393;13;25;84.45;13.13
1394;13;26;79.454;22.38
1395;13;26;70.129;15.89
1396;13;26;66.425;6.94
1397;13;27;75.189;3.79
1398;13;27;76.516;4.95
1399;13;27;81.472;8.27
1400;13;28;87.307;18.4
1401;13;28;67.786;1.32
1402;13;28;70.712;22.63
1403;13;29;66.937;15.0
1404;13;30;93.521;6.87
1405;13;30;76.606;15.08
1406;13;30;79.463;23.76
1407;13;31;29.586;1.39
1408;13;32;83.549;15.36
1409;13;33;84.45;19.96
1410;13;33;65.053;3.59
1411;13;34;12.409;1.16
1412;13;34;10.68;10.44
1413;13;34;13.819;9.33
1414;13;35;96.388;4.64
1415;13;35;78.844;7.25
1416;13;36;68.519;7.24
1417;13;36;65.654;23.57
1418;13;36;54.206;4.18
1419;13;37;93.798;9.44
1420;13;37;93.96;10.55
1421;13;37;102.535;2.39
1422;13;38;103.288;0.23
1423;13;38;109.039;0.74
1424;13;38;112.215;22.99
1425;13;39;97.279;7.39
1426;13;39;108.321;11.08
1427;13;40;23.616;3.44
1428;13;40;20.741;4.57
1429;13;40;24.581;2.85
1430;13;41;86.837;22.31
1431;13;41;94.926;10.84
1432;13;41;75.909;14.73
1433;13;42;87.17;19.63
1434;13;42;83.832;15.49
1435;13;42;99.424;12.88
1436;13;43;106.029;20.08
1437;13;43;127.932;9.93
1438;13;44;105.558;15.37
1439;13;44;100.333;2.68
1440;13;44;87.204;24.87
1441;13;45;100.154;12.88
1442;13;45;80.841;3.5
1443;13;46;61.618;8.54
1444;13;47;92.705;12.06
1445;13;47;83.514;15.37
1446;13;47;82.496;20.71
1447;13;48;88.638;3.91
1448;13;49;37.38;13.95
1449;13;50;95.462;23.35
1450;13;51;54.287;18.93
1451;13;52;88.868;2.15
1452;13;53;81.135;16.99
1453;13;53;94.728;3.96
1454;13;53;76.713;0.92
1455;13;54;105.798;15.34
1456;13;54;105.653;24.26
1457;13;55;59.503;5.09
1458;13;55;55.231;11.52
1459;13;55;65.133;1.79
1460;13;56;64.881;21.96
1461;13;57;79.501;18.83
1462;13;57;63.535;16.23
1463;13;58;67.282;0.07
1464;13;59;93.673;5.55
1465;13;59;97.941;12.48
1466;14;15;9.975;20.38
1467;14;15;12.212;18.17
1468;14;15;8.984;14.71
1469;14;16;69.654;18.72
1470;14;17;19.858;9.97
1471;14;18;49.291;7.32
1472;14;19;54.245;4.27
1473;14;20;28.847;19.38
1474;14;20;23.753;22.61
1475;14;20;22.018;18.07
1476;14;21;42.897;7.31
1477;14;21;51.574;13.39
1478;14;22;27.463;9.5
1479;14;23;36.182;6.28
1480;14;24;40.666;12.84
1481;14;24;49.458;17.39
1482;14;24;48.491;21.28
1483;14;25;27.657;4.13
1484;14;25;25.261;20.02
1485;14;25;33.941;2.9
1486;14;26;22.291;18.19
1487;14;26;23.018;7.42
1488;14;27;17.667;24.2
1489;14;27;17.861;4.94
1490;14;27;21.826;2.99
1491;14;28;29.991;14.14
1492;14;28;35.581;22.81
1493;14;29;10.686;2.8
1494;14;29;10.658;14.53
1495;14;29;9.819;10.5
1496;14;30;35.886;6.01
1497;14;30;28.425;11.07
1498;14;30;43.001;14.85
1499;14;31;41.27;22.66
1500;14;32;26.148;12.88
1501;14;33;27.657;7.55
1502;14;33;30.77;21.69
1503;14;34;45.674;21.84
1504;14;34;39.559;5.2
1505;14;35;38.752;19.92
1506;14;36;17.743;0.19
1507;14;36;21.17;20.56
1508;14;37;50.588;20.7
1509;14;38;48.346;10.6
1510;14;39;39.788;2.75
1511;14;40;34.854;20.07
1512;14;41;31.148;5.13
1513;14;42;32.548;21.73
1514;14;42;38.195;10.87
1515;14;42;29.436;19.2
1516;14;43;55.748;15.0
1517;14;43;56.163;13.54
1518;14;44;52.326;3.16
1519;14;45;57.552;5.8
1520;14;45;66.752;11.32
1521;14;46;4.411;6.06
1522;14;46;4.51;20.63
1523;14;47;36.161;0.85
1524;14;47;28.114;10.06
1525;14;47;28.291;14.16
1526;14;48;32.631;5.28
1527;14;48;36.715;17.83
1528;14;48;29.525;19.62
1529;14;49;21.784;5.99
1530;14;50;48.768;6.17
1531;14;50;50.725;4.28
1532;14;51;3.37;7.26
1533;14;51;3.029;11.58
1534;14;52;33.071;11.15
1535;14;52;34.31;2.73
1536;14;52;28.323;4.26
1537;14;53;65.337;4.89
1538;14;54;79.963;23.75
1539;14;54;79.064;21.53
1540;14;54;84.224;12.14
1541;14;55;4.41;3.01
1542;14;56;7.264;11.66
1543;14;56;8.04;12.74
1544;14;57;22.25;3.15
1545;14;58;9.785;8.07
1546;14;59;36.549;13.3
1547;14;59;41.326;21.9
1548;15;16;65.343;21.8
1549;15;16;74.878;17.01
1550;15;17;28.38;9.21
1551;15;17;25.693;12.92
1552;15;18;45.399;21.34
1553;15;19;46.063;15.95
1554;15;20;19.032;2.62
1555;15;20;16.423;1.08
1556;15;21;32.94;19.88
1557;15;22;18.034;18.64
1558;15;22;15.561;21.84
1559;15;23;27.982;5.08
1560;15;24;36.695;22.0
1561;15;24;39.136;3.66
1562;15;25;17.815;23.05
1563;15;26;12.365;14.05
1564;15;27;7.708;5.37
1565;15;27;8.721;1.06
1566;15;28;20.912;1.65
1567;15;28;19.475;4.9
1568;15;28;16.618;11.43
1569;15;29;7.406;23.6
1570;15;30;26.057;8.76
1571;15;31;49.42;4.76
1572;15;31;52.863;23.68
1573;15;32;16.173;4.9
1574;15;33;17.815;14.55
1575;15;34;55.425;11.95
1576;15;34;59.433;1.16
1577;15;34;42.085;2.71
1578;15;35;29.019;5.38
1579;15;35;35.956;12.06
1580;15;36;13.514;7.97
1581;15;36;13.22;16.04
1582;15;36;13.156;24.81
1583;15;37;44.869;21.3
1584;15;37;35.705;23.48
1585;15;37;48.866;17.69
1586;15;38;38.871;3.5
1587;15;38;29.645;15.05
1588;15;39;29.834;7.7
1589;15;39;33.632;14.19
1590;15;40;44.461;21.8
1591;15;40;53.245;4.33
1592;15;41;21.699;22.63
1593;15;41;20.891;17.27
1594;15;42;23.529;0.83
1595;15;43;50.115;3.24
1596;15;43;37.685;0.81
1597;15;44;45.454;7.44
1598;15;45;51.627;0.36
1599;15;45;43.564;2.02
1600;15;46;5.893;15.6
1601;15;46;7.138;14.22
1602;15;46;5.222;18.39
1603;15;47;26.329;5.97
1604;15;47;23.072;21.91
1605;15;48;23.02;7.32
1606;15;48;26.162;9.66
1607;15;48;27.389;21.2
1608;15;49;31.01;17.98
1609;15;49;25.181;5.86
1610;15;49;35.241;19.09
1611;15;50;45.02;22.14
1612;15;50;34.85;20.57
1613;15;51;13.258;19.98
1614;15;51;14.699;23.14
1615;15;52;23.534;10.02
1616;15;52;21.778;4.88
1617;15;52;21.851;9.75
1618;15;53;68.988;24.7
1619;15;53;66.178;17.04
1620;15;54;77.298;5.05
1621;15;55;8.447;3.49
1622;15;56;2.805;2.51
1623;15;56;2.155;12.95
1624;15;56;2.829;16.61
1625;15;57;13.57;8.06
1626;15;58;3.504;15.64
1627;15;58;2.819;15.41
1628;15;58;3.708;3.97
1629;15;59;27.562;6.09
1630;16;17;88.328;13.54
1631;16;17;79.332;5.06
1632;16;18;104.601;24.84
1633;16;18;88.166;4.74
1634;16;19;90.045;17.39
1635;16;19;91.35;1.86
1636;16;20;56.809;2.14
1637;16;21;59.115;11.27
1638;16;21;56.466;1.96
1639;16;21;67.483;11.01
1640;16;22;68.379;12.44
1641;16;23;42.748;8.44
1642;16;23;39.572;9.18
1643;16;24;96.875;18.59
1644;16;24;76.049;4.32
1645;16;25;57.478;10.47
1646;16;25;58.664;11.35
1647;16;26;60.251;12.66
1648;16;27;63.55;0.92
1649;16;27;77.486;22.25
1650;16;28;71.292;5.03
1651;16;29;72.712;16.01
1652;16;29;89.956;1.32
1653;16;29;80.952;1.59
1654;16;30;65.94;21.6
1655;16;30;81.603;11.76
1656;16;30;67.76;22.67
1657;16;31;74.772;9.18
1658;16;31;76.512;17.04
1659;16;32;61.402;24.66
1660;16;32;50.669;22.25
1661;16;32;75.897;0.42
1662;16;33;57.478;1.6
1663;16;33;64.551;18.72
1664;16;34;93.199;23.81
1665;16;34;102.743;16.78
1666;16;34;99.141;10.88
1667;16;35;68.151;21.8
1668;16;35;57.843;5.39
1669;16;35;68.24;22.85
1670;16;36;52.388;15.04
1671;16;37;21.887;16.48
1672;16;37;25.329;24.89
1673;16;37;18.917;13.86
1674;16;38;48.727;4.24
1675;16;38;55.094;7.71
1676;16;38;50.251;19.56
1677;16;39;63.227;21.68
1678;16;39;59.524;21.39
1679;16;40;83.961;13.6
1680;16;41;52.548;15.22
1681;16;41;40.393;12.46
1682;16;41;54.953;3.44
1683;16;42;49.064;22.09
1684;16;42;57.46;1.06
1685;16;42;44.629;4.15
1686;16;43;104.196;2.81
1687;16;44;96.061;7.97
1688;16;44;81.57;15.03
1689;16;45;17.276;23.04
1690;16;46;66.54;4.65
1691;16;47;55.522;11.8
1692;16;47;66.404;20.05
1693;16;47;54.805;19.91
1694;16;48;53.424;23.36
1695;16;48;55.502;21.7
1696;16;49;73.873;0.75
1697;16;49;82.964;1.22
1698;16;50;104.556;20.52
1699;16;50;78.919;9.38
1700;16;50;101.341;8.81
1701;16;51;70.559;11.53
1702;16;51;81.561;0.65
1703;16;51;78.908;12.57
1704;16;52;52.575;9.03
1705;16;52;49.067;23.49
1706;16;52;42.331;9.82
1707;16;53;134.262;6.87
1708;16;54;17.006;13.38
1709;16;54;13.554;20.69
1710;16;55;65.252;19.28
1711;16;55;71.441;17.24
1712;16;55;63.828;11.88
1713;16;56;66.963;5.14
1714;16;56;70.148;9.22
1715;16;57;70.502;10.94
1716;16;57;68.115;12.22
1717;16;58;68.81;4.83
1718;16;58;53.037;5.79
1719;16;59;74.442;10.19
1720;16;59;66.851;20.78
1721;17;18;49.934;12.21
1722;17;19;63.856;12.71
1723;17;19;66.647;0.9
1724;17;20;47.122;3.78
1725;17;20;52.203;19.94
1726;17;20;47.113;23.87
1727;17;21;60.227;23.62
1728;17;22;42.406;9.86
1729;17;23;55.908;23.72
1730;17;23;43.637;4.76
1731;17;23;52.085;23.62
1732;17;24;42.68;18.42
1733;17;25;45.875;16.15
1734;17;25;49.253;4.19
1735;17;25;36.045;2.04
1736;17;26;40.323;20.41
1737;17;27;35.236;7.96
1738;17;27;38.83;15.53
1739;17;28;43.814;13.96
1740;17;28;47.468;13.98
1741;17;29;24.134;22.09
1742;17;30;51.604;8.88
1743;17;30;47.051;4.21
1744;17;31;41.633;17.24
1745;17;31;31.874;3.75
1746;17;31;42.947;19.27
1747;17;32;43.48;6.06
1748;17;32;44.601;7.67
1749;17;33;45.875;15.53
1750;17;33;49.391;18.71
1751;17;33;56.302;0.33
1752;17;34;36.779;10.44
1753;17;34;28.411;23.81
1754;17;35;53.895;14.38
1755;17;36;37.429;14.38
1756;17;36;28.157;19.84
1757;17;37;70.128;1.19
1758;17;37;58.34;3.68
1759;17;37;75.963;20.12
1760;17;38;67.183;3.45
1761;17;39;56.234;6.01
1762;17;40;28.838;4.39
1763;17;40;31.592;0.32
1764;17;41;50.062;22.14
1765;17;42;51.87;21.65
1766;17;42;41.287;15.45
1767;17;43;59.369;0.57
1768;17;43;61.781;10.53
1769;17;44;58.954;3.48
1770;17;45;77.122;15.43
1771;17;46;24.021;9.93
1772;17;46;26.713;23.04
1773;17;47;54.29;24.54
1774;17;48;51.304;14.4
1775;17;48;39.438;19.73
1776;17;49;22.443;6.32
1777;17;50;49.181;17.85
1778;17;50;55.407;10.96
1779;17;50;51.605;23.2
1780;17;51;18.045;1.01
1781;17;51;16.336;3.99
1782;17;51;21.679;6.72
1783;17;52;51.859;10.58
1784;17;53;50.224;22.51
1785;17;53;44.422;9.76
1786;17;54;97.238;13.24
1787;17;55;24.068;13.04
1788;17;56;25.655;12.32
1789;17;57;36.387;0.46
1790;17;57;28.26;24.05
1791;17;58;26.323;8.68
1792;17;58;26.219;4.15
1793;17;58;29.659;13.39
1794;17;59;49.508;16.01
1795;17;59;60.084;6.67
1796;17;59;52.324;17.15
1797;18;19;27.076;5.97
1798;18;19;21.229;17.89
1799;18;20;47.793;10.08
1800;18;20;42.89;23.08
1801;18;21;49.527;15.01
1802;18;21;39.246;15.46
1803;18;22;36.232;5.02
1804;18;23;61.902;11.91
1805;18;24;8.722;6.45
1806;18;25;47.138;19.99
1807;18;25;42.499;21.79
1808;18;25;58.269;2.03
1809;18;26;45.011;2.83
1810;18;27;43.076;15.11
1811;18;27;35.925;10.38
1812;18;27;49.095;18.76
1813;18;28;33.346;1.73
1814;18;29;39.399;13.83
1815;18;29;46.276;18.3
1816;18;30;39.983;23.03
1817;18;30;37.459;16.59
1818;18;31;88.825;1.04
1819;18;31;110.142;0.47
1820;18;31;95.248;17.68
1821;18;32;43.259;2.36
1822;18;32;53.611;24.27
1823;18;32;50.655;14.06
1824;18;33;47.138;10.08
1825;18;33;40.203;16.3
1826;18;34;86.713;13.13
1827;18;34;90.838;13.34
1828;18;34;72.157;7.82
1829;18;35;38.857;8.97
1830;18;35;34.319;6.94
1831;18;36;57.987;3.65
1832;18;36;57.575;10.07
1833;18;37;82.719;1.99
1834;18;37;97.349;1.48
1835;18;37;88.778;5.57
1836;18;38;61.346;20.96
1837;18;39;44.173;9.52
1838;18;40;78.233;3.99
1839;18;40;82.651;23.36
1840;18;40;83.609;15.3
1841;18;41;52.082;0.45
1842;18;42;55.565;14.63
1843;18;42;49.537;15.72
1844;18;42;67.432;19.05
1845;18;43;11.417;19.27
1846;18;43;9.449;19.62
1847;18;44;17.231;24.92
1848;18;44;20.057;10.86
1849;18;44;19.729;0.75
1850;18;45;88.195;6.67
1851;18;45;95.095;17.33
1852;18;46;48.597;21.56
1853;18;46;53.606;15.43
1854;18;46;45.329;2.93
1855;18;47;50.094;24.05
1856;18;47;45.56;13.61
1857;18;47;56.949;18.74
1858;18;48;51.362;15.85
1859;18;48;43.859;24.02
1860;18;48;63.996;3.42
1861;18;49;68.337;12.3
1862;18;49;53.091;4.17
1863;18;49;59.297;11.7
1864;18;50;0.866;12.54
1865;18;50;0.707;17.68
1866;18;51;51.67;6.17
1867;18;51;43.453;10.23
1868;18;51;49.865;2.46
1869;18;52;52.231;20.18
1870;18;53;47.049;19.85
1871;18;53;43.021;17.29
1872;18;53;45.35;24.05
1873;18;54;118.997;16.04
1874;18;54;91.428;16.77
1875;18;55;51.562;0.63
1876;18;55;40.104;2.72
1877;18;55;48.358;0.78
1878;18;56;45.714;12.71
1879;18;57;34.992;19.45
1880;18;58;42.419;12.0
1881;18;58;39.505;12.27
1882;18;59;31.387;14.3
1883;19;20;37.142;14.9
1884;19;21;30.947;13.79
1885;19;21;35.205;15.45
1886;19;22;28.971;15.49
1887;19;22;24.158;6.12
1888;19;23;48.874;4.24
1889;19;23;53.045;10.25
1890;19;24;26.588;13.16
1891;19;25;37.21;2.84
1892;19;25;35.219;24.17
1893;19;26;38.502;20.58
1894;19;26;31.191;15.55
1895;19;27;39.848;0.24
1896;19;27;49.717;19.23
1897;19;27;31.494;1.69
1898;19;28;25.585;23.51
1899;19;29;43.764;18.56
1900;19;30;25.626;12.49
1901;19;30;22.443;13.01
1902;19;31;95.326;24.37
1903;19;32;34.699;18.32
1904;19;32;31.54;12.52
1905;19;32;42.175;15.84
1906;19;33;37.21;8.16
1907;19;33;42.925;10.38
1908;19;34;98.653;15.24
1909;19;34;76.169;20.46
1910;19;35;22.692;7.65
1911;19;36;54.329;16.0
1912;19;36;49.007;20.35
1913;19;37;68.826;12.43
1914;19;38;42.085;15.62
1915;19;38;32.764;10.67
1916;19;39;27.034;21.88
1917;19;39;28.113;18.32
1918;19;40;88.461;11.52
1919;19;41;40.228;14.48
1920;19;42;43.312;17.56
1921;19;42;52.389;3.78
1922;19;42;37.261;5.27
1923;19;43;18.71;9.23
1924;19;43;15.784;16.39
1925;19;43;21.589;8.07
1926;19;44;10.032;22.06
1927;19;44;9.787;3.4
1928;19;44;9.987;22.0
1929;19;45;72.802;12.62
1930;19;45;80.224;5.34
1931;19;45;81.556;5.08
1932;19;46;51.433;17.63
1933;19;46;48.598;18.15
1934;19;47;35.297;23.47
1935;19;47;38.2;18.03
1936;19;47;32.512;0.18
1937;19;48;38.631;18.99
1938;19;48;35.057;6.25
1939;19;49;75.973;0.36
1940;19;50;27.723;23.55
1941;19;50;27.968;2.72
1942;19;50;28.436;12.58
1943;19;51;57.482;8.11
1944;19;51;69.163;8.69
1945;19;52;39.322;23.65
1946;19;53;73.896;11.06
1947;19;54;106.092;6.09
1948;19;55;54.347;15.0
1949;19;55;54.506;5.97
1950;19;55;47.92;11.66
1951;19;56;47.882;2.94
1952;19;56;41.868;21.95
1953;19;56;50.866;5.0
1954;19;57;32.493;15.42
1955;19;57;35.354;13.33
1956;19;57;34.079;19.42
1957;19;58;44.693;15.06
1958;19;59;19.222;17.64
1959;19;59;18.381;22.35
1960;19;59;23.799;3.03
1961;20;21;14.427;10.95
1962;20;21;13.968;22.19
1963;20;22;11.6;22.38
1964;20;22;8.97;23.77
1965;20;23;14.157;15.55
1966;20;23;13.764;2.64
1967;20;24;40.197;5.24
1968;20;24;40.807;17.76
1969;20;25;1.253;20.1
1970;20;25;1.415;2.38
1971;20;26;6.801;21.33
1972;20;27;11.916;4.46
1973;20;28;14.514;13.18
1974;20;28;11.851;3.04
1975;20;28;16.029;11.73
1976;20;29;23.479;10.16
1977;20;29;24.118;7.35
1978;20;30;11.693;19.36
1979;20;31;64.413;4.17
1980;20;31;49.438;20.13
1981;20;32;4.963;5.11
1982;20;33;1.253;18.89
1983;20;33;1.045;0.65
1984;20;33;1.195;15.32
1985;20;34;73.254;18.41
1986;20;34;81.672;11.74
1987;20;35;14.928;19.02
1988;20;35;13.456;14.97
1989;20;35;11.69;16.92
1990;20;36;19.289;19.88
1991;20;36;23.754;21.57
1992;20;37;34.926;24.02
1993;20;37;42.082;7.88
1994;20;38;20.174;14.42
1995;20;38;15.166;11.27
1996;20;38;21.549;8.88
1997;20;39;12.906;7.0
1998;20;40;62.083;2.97
1999;20;40;56.04;14.34
2000;20;41;4.399;3.03
2001;20;41;4.841;5.05
2002;20;42;7.824;21.99
2003;20;42;7.508;21.44
2004;20;43;48.082;16.32
2005;20;44;40.704;7.77
2006;20;44;47.093;5.7
2007;20;45;40.544;7.39
2008;20;45;42.127;0.99
2009;20;46;24.494;1.0
2010;20;47;7.314;14.73
2011;20;47;6.488;12.65
2012;20;48;4.534;15.61
2013;20;48;3.443;11.71
2014;20;49;48.307;20.31
2015;20;49;43.992;12.63
2016;20;50;47.756;9.25
2017;20;51;31.968;21.26
2018;20;51;27.78;24.59
2019;20;52;5.314;16.3
2020;20;52;5.958;12.76
2021;20;52;4.751;10.41
2022;20;53;82.095;18.32
2023;20;54;71.494;9.64
2024;20;54;77.761;18.09
2025;20;54;55.781;15.15
2026;20;55;26.162;8.38
2027;20;56;21.837;16.5
2028;20;56;17.299;4.12
2029;20;57;14.952;24.62
2030;20;57;14.709;8.29
2031;20;58;20.804;14.98
2032;20;58;24.681;3.57
2033;20;58;20.515;6.46
2034;20;59;18.686;14.55
2035;21;22;18.896;24.72
2036;21;22;15.004;22.28
2037;21;23;19.544;7.38
2038;21;24;43.638;14.89
2039;21;24;48.047;13.19
2040;21;24;50.796;3.24
2041;21;25;15.483;16.46
2042;21;25;18.688;6.43
2043;21;25;14.566;16.23
2044;21;26;20.617;11.1
2045;21;26;16.462;22.21
2046;21;26;22.136;22.66
2047;21;27;25.351;0.31
2048;21;27;23.29;11.9
2049;21;28;19.327;1.03
2050;21;28;19.838;19.26
2051;21;29;36.11;11.93
2052;21;29;27.239;23.19
2053;21;29;28.958;22.53
2054;21;30;10.457;13.71
2055;21;30;8.64;0.44
2056;21;30;9.616;13.24
2057;21;31;78.579;8.51
2058;21;32;16.864;22.46
2059;21;32;16.573;6.37
2060;21;32;16.875;6.94
2061;21;33;15.483;7.96
2062;21;33;14.791;18.18
2063;21;33;14.568;12.13
2064;21;34;87.667;23.29
2065;21;34;96.597;13.86
2066;21;34;80.086;20.26
2067;21;35;10.697;16.07
2068;21;35;12.016;21.12
2069;21;36;33.169;16.03
2070;21;37;38.132;21.45
2071;21;38;11.863;20.2
2072;21;39;5.48;24.65
2073;21;39;5.615;24.5
2074;21;40;76.504;4.52
2075;21;40;71.385;22.01
2076;21;40;79.947;2.3
2077;21;41;14.195;14.59
2078;21;41;15.799;6.74
2079;21;42;15.737;19.08
2080;21;43;46.408;17.76
2081;21;43;37.322;18.03
2082;21;43;52.589;14.35
2083;21;44;37.712;5.07
2084;21;44;40.264;14.68
2085;21;45;41.861;6.42
2086;21;45;48.154;16.84
2087;21;46;38.629;19.34
2088;21;46;39.809;8.1
2089;21;47;7.656;5.03
2090;21;47;6.259;10.08
2091;21;47;7.284;16.7
2092;21;48;12.165;3.32
2093;21;49;62.732;9.95
2094;21;49;63.749;23.2
2095;21;50;49.743;2.76
2096;21;51;46.112;3.46
2097;21;51;45.912;22.56
2098;21;52;12.321;6.67
2099;21;53;89.808;17.87
2100;21;53;89.071;1.35
2101;21;54;75.3;0.59
2102;21;54;61.273;21.19
2103;21;54;63.875;19.66
2104;21;55;40.48;15.57
2105;21;55;31.751;16.94
2106;21;55;35.413;18.49
2107;21;56;35.714;21.62
2108;21;57;24.707;5.34
2109;21;58;34.137;2.65
2110;21;59;18.315;6.42
2111;21;59;15.627;20.72
2112;21;59;22.562;2.47
2113;22;23;25.756;9.87
2114;22;23;21.396;7.13
2115;22;23;28.451;20.2
2116;22;24;28.603;14.83
2117;22;25;10.906;3.81
2118;22;26;9.857;18.6
2119;22;26;10.388;9.04
2120;22;27;11.015;19.48
2121;22;27;10.313;13.51
2122;22;28;3.511;7.91
2123;22;28;3.426;4.85
2124;22;29;18.528;8.27
2125;22;30;9.237;18.84
2126;22;31;67.324;13.78
2127;22;31;70.738;22.73
2128;22;31;51.913;1.6
2129;22;32;7.079;7.73
2130;22;32;6.479;16.34
2131;22;33;10.906;22.11
2132;22;33;10.054;23.32
2133;22;34;73.127;13.76
2134;22;35;11.562;3.68
2135;22;35;9.43;3.25
2136;22;35;9.076;4.27
2137;22;36;25.458;19.52
2138;22;36;28.367;19.98
2139;22;36;19.233;2.87
2140;22;37;46.506;4.44
2141;22;38;28.791;10.62
2142;22;38;23.087;6.24
2143;22;39;14.133;14.52
2144;22;40;62.303;0.7
2145;22;41;15.957;5.62
2146;22;42;19.418;7.81
2147;22;42;16.63;17.37
2148;22;43;37.204;6.1
2149;22;44;30.541;24.06
2150;22;44;25.291;4.58
2151;22;44;31.432;21.12
2152;22;45;52.136;0.36
2153;22;45;41.452;22.76
2154;22;46;23.842;18.34
2155;22;46;22.2;8.6
2156;22;47;15.536;22.32
2157;22;48;15.512;8.79
2158;22;49;48.998;12.0
2159;22;49;37.089;19.82
2160;22;49;42.196;4.1
2161;22;50;36.177;14.73
2162;22;50;28.604;21.21
2163;22;50;44.946;0.96
2164;22;51;30.833;21.17
2165;22;51;29.096;20.16
2166;22;51;30.647;10.61
2167;22;52;16.386;5.64
2168;22;52;14.509;21.57
2169;22;53;71.819;24.54
2170;22;53;64.556;13.65
2171;22;53;71.406;16.0
2172;22;54;82.867;16.43
2173;22;55;26.476;3.32
2174;22;55;27.341;10.88
2175;22;56;20.363;2.75
2176;22;57;6.045;11.06
2177;22;58;17.738;22.45
2178;22;58;21.401;23.05
2179;22;58;14.941;9.85
2180;22;59;9.829;10.0
2181;23;24;54.354;4.54
2182;23;24;57.067;5.54
2183;23;25;14.954;17.53
2184;23;26;18.772;1.2
2185;23;26;22.484;2.0
2186;23;26;21.975;7.62
2187;23;27;23.195;16.21
2188;23;27;25.935;6.53
2189;23;27;18.911;4.74
2190;23;28;28.563;15.17
2191;23;29;34.368;24.64
2192;23;30;23.636;11.7
2193;23;30;20.769;9.68
2194;23;30;27.286;10.24
2195;23;31;63.918;20.15
2196;23;31;79.058;23.75
2197;23;31;48.584;19.76
2198;23;32;18.951;20.66
2199;23;33;14.954;4.25
2200;23;34;76.152;6.92
2201;23;34;57.387;21.47
2202;23;34;63.671;15.01
2203;23;35;26.25;8.7
2204;23;35;26.365;8.98
2205;23;35;24.536;22.48
2206;23;36;20.283;0.81
2207;23;36;16.744;21.34
2208;23;36;21.414;11.77
2209;23;37;20.867;2.47
2210;23;37;23.076;9.27
2211;23;37;20.477;18.55
2212;23;38;15.711;17.6
2213;23;38;19.52;3.96
2214;23;38;18.601;16.94
2215;23;39;21.979;13.4
2216;23;39;17.815;21.53
2217;23;39;27.357;0.26
2218;23;40;64.996;15.72
2219;23;40;71.469;4.86
2220;23;41;9.821;22.61
2221;23;41;10.756;21.89
2222;23;42;6.341;10.14
2223;23;42;5.453;2.73
2224;23;43;61.638;21.86
2225;23;43;66.556;1.13
2226;23;43;65.289;11.92
2227;23;44;53.797;12.87
2228;23;44;66.003;20.88
2229;23;45;26.392;3.9
2230;23;45;29.717;6.06
2231;23;45;32.926;23.69
2232;23;46;31.901;23.0
2233;23;46;37.651;16.01
2234;23;46;35.832;9.73
2235;23;47;13.583;5.91
2236;23;47;10.553;9.21
2237;23;47;11.379;10.98
2238;23;48;10.724;24.89
2239;23;48;10.768;9.31
2240;23;49;51.445;13.17
2241;23;49;58.693;6.9
2242;23;50;61.881;11.47
2243;23;50;65.819;13.75
2244;23;51;38.637;16.9
2245;23;51;35.339;11.26
2246;23;51;45.087;1.37
2247;23;52;9.9;20.75
2248;23;52;9.794;14.45
2249;23;53;95.166;22.31
2250;23;53;107.707;3.84
2251;23;53;113.341;8.39
2252;23;54;57.824;15.63
2253;23;54;48.9;3.13
2254;23;55;32.328;1.62
2255;23;55;36.531;23.65
2256;23;56;30.495;12.14
2257;23;57;28.634;4.32
2258;23;57;24.418;15.42
2259;23;57;25.4;10.82
2260;23;58;30.866;21.54
2261;23;59;31.884;8.66
2262;24;25;39.442;6.92
2263;24;25;41.496;0.07
2264;24;25;43.957;11.27
2265;24;26;36.879;8.29
2266;24;27;34.629;4.72
2267;24;28;26.038;6.77
2268;24;29;30.687;18.88
2269;24;29;37.873;9.64
2270;24;29;38.189;9.5
2271;24;30;33.563;16.23
2272;24;30;32.913;18.45
2273;24;31;80.577;22.14
2274;24;31;88.836;4.33
2275;24;31;88.848;15.44
2276;24;32;35.485;15.51
2277;24;33;39.442;21.63
2278;24;33;40.687;0.03
2279;24;33;37.476;1.71
2280;24;34;79.353;10.31
2281;24;34;76.798;3.63
2282;24;34;94.577;0.02
2283;24;35;32.982;17.01
2284;24;36;49.387;15.59
2285;24;37;75.039;22.1
2286;24;37;77.953;19.03
2287;24;37;71.373;7.06
2288;24;38;55.244;8.42
2289;24;38;65.057;19.71
2290;24;38;46.052;20.05
2291;24;39;38.17;16.17
2292;24;39;42.146;12.76
2293;24;40;70.48;1.07
2294;24;40;58.602;13.12
2295;24;40;70.474;10.67
2296;24;41;44.56;2.19
2297;24;42;48.019;23.99
2298;24;42;37.361;10.7
2299;24;42;56.212;22.37
2300;24;43;16.702;15.15
2301;24;43;17.273;2.39
2302;24;43;17.502;3.59
2303;24;44;18.286;22.74
2304;24;44;20.215;24.84
2305;24;44;22.6;16.02
2306;24;45;80.739;22.42
2307;24;45;88.208;14.26
2308;24;45;84.756;14.99
2309;24;46;39.886;2.65
2310;24;46;30.665;15.07
2311;24;46;37.488;5.31
2312;24;47;43.229;23.16
2313;24;47;48.051;18.09
2314;24;47;39.812;4.07
2315;24;48;44.025;18.51
2316;24;48;50.395;24.62
2317;24;48;46.191;7.81
2318;24;49;60.114;12.17
2319;24;50;8.326;3.35
2320;24;50;7.502;21.31
2321;24;50;7.929;9.96
2322;24;51;43.122;22.97
2323;24;51;48.178;16.29
2324;24;51;34.197;12.44
2325;24;52;44.899;20.27
2326;24;52;47.784;2.96
2327;24;52;56.114;11.73
2328;24;53;48.319;9.4
2329;24;54;110.95;17.85
2330;24;54;93.868;9.13
2331;24;55;42.859;15.39
2332;24;55;42.31;7.07
2333;24;55;34.843;9.76
2334;24;56;36.992;15.08
2335;24;57;26.712;19.04
2336;24;58;33.698;13.03
2337;24;58;35.887;13.75
2338;24;58;37.304;0.38
2339;24;59;25.336;1.69
2340;24;59;22.798;1.2
2341;25;26;5.552;21.78
2342;25;27;10.664;0.59
2343;25;28;13.977;5.16
2344;25;29;22.227;22.85
2345;25;29;16.857;17.59
2346;25;29;25.452;12.91
2347;25;30;11.984;16.02
2348;25;31;63.546;4.8
2349;25;31;64.08;4.06
2350;25;32;4.002;2.5
2351;25;32;4.514;12.61
2352;25;32;4.544;10.49
2353;25;33;0.0;8.19
2354;25;33;0.0;0.58
2355;25;34;72.184;19.71
2356;25;34;66.885;16.56
2357;25;35;15.269;11.22
2358;25;36;18.593;1.41
2359;25;36;20.012;4.43
2360;25;36;21.049;15.43
2361;25;37;35.612;14.41
2362;25;37;33.283;0.7
2363;25;37;28.44;22.62
2364;25;38;21.427;2.28
2365;25;38;17.758;7.95
2366;25;38;18.139;10.44
2367;25;39;13.646;10.58
2368;25;39;15.805;0.47
2369;25;39;16.481;14.87
2370;25;40;61.024;21.22
2371;25;40;62.949;23.9
2372;25;41;5.368;12.27
2373;25;41;6.481;17.66
2374;25;42;8.673;5.71
2375;25;42;9.104;18.32
2376;25;42;8.585;6.44
2377;25;43;47.699;7.74
2378;25;43;55.648;6.51
2379;25;43;42.727;18.97
2380;25;44;40.469;13.08
2381;25;45;41.339;11.77
2382;25;45;36.885;8.72
2383;25;45;35.037;21.82
2384;25;46;23.314;18.28
2385;25;46;19.478;14.67
2386;25;47;8.515;17.24
2387;25;48;5.739;10.05
2388;25;48;5.799;12.92
2389;25;49;47.259;13.1
2390;25;49;56.26;4.0
2391;25;50;47.081;2.4
2392;25;50;53.517;7.57
2393;25;51;30.794;12.01
2394;25;51;24.602;10.42
2395;25;51;24.184;20.76
2396;25;52;6.489;17.54
2397;25;53;80.991;8.63
2398;25;53;79.173;0.5
2399;25;53;92.432;3.02
2400;25;54;72.013;19.38
2401;25;54;86.279;2.2
2402;25;54;71.436;7.45
2403;25;55;25.033;22.12
2404;25;56;20.62;22.61
2405;25;56;20.574;15.76
2406;25;57;13.901;24.66
2407;25;57;13.892;12.35
2408;25;58;19.555;3.16
2409;25;58;21.258;24.65
2410;25;58;19.185;0.54
2411;25;59;18.52;1.88
2412;26;27;5.126;14.53
2413;26;27;5.604;1.42
2414;26;27;5.106;1.24
2415;26;28;13.365;14.47
2416;26;28;12.132;21.83
2417;26;28;11.31;2.28
2418;26;29;16.748;2.08
2419;26;29;16.641;14.73
2420;26;30;14.945;1.8
2421;26;31;59.499;14.75
2422;26;31;58.174;6.14
2423;26;32;4.319;24.88
2424;26;33;5.552;13.02
2425;26;34;67.256;17.55
2426;26;35;18.193;7.01
2427;26;35;21.123;5.58
2428;26;36;15.85;7.85
2429;26;36;17.297;0.31
2430;26;37;38.597;16.48
2431;26;37;41.511;19.43
2432;26;38;26.949;0.87
2433;26;39;17.927;14.81
2434;26;40;56.153;11.79
2435;26;40;43.332;0.79
2436;26;41;10.255;19.79
2437;26;42;12.986;17.31
2438;26;42;11.664;11.3
2439;26;42;10.808;0.22
2440;26;43;46.874;2.48
2441;26;43;55.357;4.04
2442;26;44;40.393;1.65
2443;26;44;39.909;19.11
2444;26;44;34.012;9.08
2445;26;45;44.744;12.67
2446;26;45;47.037;20.73
2447;26;45;37.58;15.56
2448;26;46;18.012;0.12
2449;26;47;14.015;3.09
2450;26;47;13.546;24.49
2451;26;47;11.277;15.33
2452;26;48;11.129;8.21
2453;26;48;11.648;9.09
2454;26;48;11.523;19.98
2455;26;49;42.459;22.73
2456;26;50;44.859;16.69
2457;26;50;54.21;10.24
2458;26;51;25.495;21.5
2459;26;51;27.153;11.98
2460;26;52;11.787;4.19
2461;26;52;10.896;24.41
2462;26;52;13.631;15.25
2463;26;53;76.432;15.55
2464;26;54;74.072;10.05
2465;26;54;86.486;4.82
2466;26;54;64.629;20.54
2467;26;55;19.951;3.7
2468;26;56;15.161;2.1
2469;26;56;12.888;1.55
2470;26;57;10.257;20.5
2471;26;57;9.124;4.46
2472;26;58;14.003;12.78
2473;26;59;19.29;4.75
2474;26;59;22.947;22.95
2475;27;28;14.274;10.43
2476;27;28;11.937;19.22
2477;27;29;11.648;11.79
2478;27;29;14.345;12.59
2479;27;29;9.151;12.62
2480;27;30;18.422;4.35
2481;27;30;15.344;4.91
2482;27;30;21.505;5.86
2483;27;31;56.41;1.45
2484;27;32;8.507;16.46
2485;27;33;10.664;2.1
2486;27;34;63.095;2.33
2487;27;34;69.098;7.11
2488;27;34;51.82;8.68
2489;27;35;21.46;21.78
2490;27;35;17.871;1.81
2491;27;36;15.322;18.2
2492;27;37;42.199;19.49
2493;27;37;42.562;0.96
2494;27;37;35.647;8.43
2495;27;38;32.075;10.27
2496;27;38;39.571;12.57
2497;27;38;35.736;3.48
2498;27;39;22.127;9.92
2499;27;39;17.635;12.95
2500;27;39;26.745;20.84
2501;27;40;52.091;4.05
2502;27;40;43.465;8.47
2503;27;41;15.282;18.21
2504;27;42;17.776;10.87
2505;27;42;18.585;14.6
2506;27;43;46.158;18.11
2507;27;43;48.789;14.39
2508;27;43;55.342;0.39
2509;27;44;40.47;0.2
2510;27;44;49.165;10.99
2511;27;45;48.598;18.59
2512;27;45;58.752;8.52
2513;27;46;13.572;4.65
2514;27;46;11.416;23.66
2515;27;47;19.057;20.42
2516;27;48;16.247;13.62
2517;27;48;12.671;18.16
2518;27;49;38.546;5.7
2519;27;49;45.475;17.4
2520;27;50;42.833;22.97
2521;27;50;47.486;19.83
2522;27;50;44.978;14.06
2523;27;51;20.965;16.99
2524;27;51;25.614;0.92
2525;27;52;16.888;24.3
2526;27;52;18.461;23.25
2527;27;52;19.988;11.3
2528;27;53;72.04;8.77
2529;27;54;76.741;15.22
2530;27;54;79.617;16.45
2531;27;55;15.883;7.03
2532;27;55;14.511;19.36
2533;27;56;10.416;12.05
2534;27;57;8.338;6.64
2535;27;57;7.452;8.06
2536;27;58;8.916;20.09
2537;27;59;20.827;17.27
2538;27;59;17.731;4.22
2539;27;59;15.792;14.71
2540;28;29;20.445;0.65
2541;28;29;23.838;12.57
2542;28;30;8.953;6.13
2543;28;31;70.322;11.52
2544;28;31;59.535;5.79
2545;28;32;10.358;20.32
2546;28;32;11.023;19.83
2547;28;33;13.977;3.97
2548;28;33;11.023;17.87
2549;28;34;75.54;18.96
2550;28;34;64.301;24.16
2551;28;35;10.342;23.5
2552;28;35;8.356;9.92
2553;28;36;28.942;18.36
2554;28;36;32.898;19.56
2555;28;36;32.817;5.25
2556;28;37;49.405;2.89
2557;28;38;30.057;0.42
2558;28;39;14.098;9.21
2559;28;40;64.83;16.39
2560;28;40;62.547;19.02
2561;28;41;18.747;8.34
2562;28;41;18.538;24.96
2563;28;42;22.231;22.46
2564;28;43;33.83;19.13
2565;28;43;29.749;18.77
2566;28;44;27.044;15.11
2567;28;45;54.858;4.9
2568;28;45;66.215;24.41
2569;28;45;46.084;17.22
2570;28;46;26.6;6.64
2571;28;47;17.313;5.3
2572;28;47;16.26;17.17
2573;28;47;18.26;1.39
2574;28;48;18.039;11.33
2575;28;48;15.646;22.82
2576;28;48;17.402;10.56
2577;28;49;51.688;8.71
2578;28;49;46.244;11.44
2579;28;49;42.88;4.76
2580;28;50;33.342;12.79
2581;28;51;33.349;1.83
2582;28;52;18.911;8.79
2583;28;52;16.106;11.64
2584;28;52;16.468;16.87
2585;28;53;70.59;11.46
2586;28;53;79.739;5.24
2587;28;54;85.984;3.88
2588;28;55;29.347;14.33
2589;28;55;26.467;10.6
2590;28;55;35.138;4.77
2591;28;56;23.066;22.98
2592;28;57;7.807;3.36
2593;28;57;9.643;23.28
2594;28;58;20.207;9.33
2595;28;58;16.631;24.85
2596;28;59;6.651;23.6
2597;28;59;7.385;12.26
2598;29;30;27.607;14.32
2599;29;30;31.716;20.35
2600;29;31;51.946;13.15
2601;29;31;44.891;9.1
2602;29;31;60.195;13.91
2603;29;32;19.469;1.8
2604;29;32;24.289;24.09
2605;29;32;23.229;13.2
2606;29;33;22.227;24.5
2607;29;33;20.097;5.6
2608;29;34;55.307;3.51
2609;29;34;61.633;18.24
2610;29;34;50.362;22.29
2611;29;35;30.089;9.48
2612;29;35;25.008;7.41
2613;29;35;25.114;10.71
2614;29;36;20.863;17.89
2615;29;37;52.081;2.29
2616;29;37;47.648;14.3
2617;29;38;43.651;16.23
2618;29;38;50.494;5.13
2619;29;39;32.128;16.82
2620;29;40;44.819;5.42
2621;29;40;45.641;16.87
2622;29;41;26.925;23.76
2623;29;41;32.737;20.78
2624;29;41;30.347;18.17
2625;29;42;29.299;20.86
2626;29;43;45.24;13.34
2627;29;43;45.404;11.05
2628;29;44;41.641;18.54
2629;29;44;36.134;15.13
2630;29;44;46.804;23.03
2631;29;45;58.771;0.67
2632;29;45;69.219;1.93
2633;29;45;47.061;21.78
2634;29;46;9.199;4.65
2635;29;46;7.425;8.5
2636;29;47;30.433;7.16
2637;29;47;24.611;2.54
2638;29;48;27.876;0.51
2639;29;48;27.178;1.42
2640;29;49;32.227;13.88
2641;29;49;37.137;17.07
2642;29;50;38.943;9.48
2643;29;51;13.78;2.86
2644;29;51;14.094;0.71
2645;29;52;28.531;20.07
2646;29;52;25.39;16.43
2647;29;52;31.345;18.73
2648;29;53;61.698;22.36
2649;29;53;66.159;11.31
2650;29;54;84.689;22.37
2651;29;55;12.186;2.66
2652;29;55;11.427;10.4
2653;29;55;13.551;7.04
2654;29;56;6.556;14.45
2655;29;56;8.192;18.32
2656;29;56;6.62;6.86
2657;29;57;12.681;15.22
2658;29;57;10.642;7.5
2659;29;58;3.909;0.15
2660;29;59;26.736;7.98
2661;29;59;31.171;22.43
2662;29;59;31.334;20.03
2663;30;31;74.426;21.07
2664;30;31;62.337;24.75
2665;30;31;89.357;9.8
2666;30;32;10.632;18.87
2667;30;33;11.984;5.3
2668;30;33;9.386;13.59
2669;30;34;81.482;7.27
2670;30;35;3.31;16.53
2671;30;35;3.791;22.66
2672;30;36;30.3;17.83
2673;30;36;29.93;22.69
2674;30;37;44.226;7.82
2675;30;37;35.754;0.17
2676;30;37;38.986;4.91
2677;30;38;21.705;9.18
2678;30;38;25.719;1.64
2679;30;38;20.103;3.55
2680;30;39;5.145;15.52
2681;30;39;4.019;12.59
2682;30;39;3.885;10.05
2683;30;40;70.506;11.89
2684;30;40;72.325;12.27
2685;30;40;61.916;19.24
2686;30;41;14.611;1.96
2687;30;41;11.144;19.2
2688;30;41;17.24;14.92
2689;30;42;17.779;24.95
2690;30;42;18.578;9.5
2691;30;43;38.272;2.99
2692;30;43;30.342;2.59
2693;30;43;41.016;13.48
2694;30;44;30.195;2.32
2695;30;44;33.761;18.35
2696;30;45;48.996;23.51
2697;30;45;55.91;16.83
2698;30;45;44.633;14.86
2699;30;46;31.95;1.64
2700;30;47;10.432;13.68
2701;30;48;13.091;18.95
2702;30;48;13.441;11.91
2703;30;48;13.946;19.5
2704;30;49;56.963;14.83
2705;30;49;65.188;19.79
2706;30;49;63.399;6.47
2707;30;50;40.119;13.65
2708;30;51;39.235;18.34
2709;30;52;13.833;20.29
2710;30;52;13.065;11.77
2711;30;52;11.667;10.76
2712;30;53;79.351;11.86
2713;30;53;68.884;13.57
2714;30;54;81.402;21.9
2715;30;54;100.58;21.08
2716;30;54;64.161;12.12
2717;30;55;34.301;19.02
2718;30;55;27.548;11.35
2719;30;55;29.145;7.9
2720;30;56;28.64;11.3
2721;30;57;15.282;14.71
2722;30;57;13.305;14.35
2723;30;57;18.052;8.66
2724;30;58;26.395;13.35
2725;30;58;32.623;7.82
2726;30;59;8.671;6.69
2727;30;59;9.166;13.5
2728;30;59;7.537;14.37
2729;31;32;63.818;1.12
2730;31;33;63.546;12.27
2731;31;33;76.947;1.31
2732;31;34;19.736;15.88
2733;31;34;22.801;6.25
2734;31;35;77.629;2.83
2735;31;35;92.119;19.21
2736;31;36;45.45;9.7
2737;31;37;65.697;21.82
2738;31;38;79.455;21.34
2739;31;38;73.335;19.56
2740;31;39;77.149;17.3
2741;31;39;66.431;0.43
2742;31;40;15.436;20.84
2743;31;40;18.167;10.38
2744;31;40;14.171;20.67
2745;31;41;64.545;2.95
2746;31;41;70.49;14.8
2747;31;41;74.819;11.45
2748;31;42;63.996;0.87
2749;31;42;56.143;1.7
2750;31;43;96.476;6.82
2751;31;44;93.557;19.8
2752;31;45;71.704;18.64
2753;31;45;84.67;16.85
2754;31;45;74.158;3.68
2755;31;46;43.898;0.26
2756;31;47;70.959;20.86
2757;31;48;66.528;21.88
2758;31;49;20.49;18.69
2759;31;49;17.129;8.99
2760;31;50;88.185;19.26
2761;31;51;38.213;11.83
2762;31;51;45.758;5.34
2763;31;51;35.639;13.45
2764;31;52;66.538;22.07
2765;31;52;78.24;18.53
2766;31;53;89.19;22.86
2767;31;54;76.384;22.01
2768;31;54;62.037;16.7
2769;31;55;41.023;6.32
2770;31;56;47.454;1.13
2771;31;56;39.572;20.07
2772;31;56;43.079;19.13
2773;31;57;62.912;10.63
2774;31;57;75.409;11.56
2775;31;58;50.638;11.78
2776;31;58;42.428;11.89
2777;31;58;40.921;6.41
2778;31;59;76.973;1.46
2779;31;59;63.437;16.43
2780;31;59;59.769;14.71
2781;32;33;4.002;20.93
2782;32;33;4.752;20.38
2783;32;34;71.392;17.29
2784;32;34;61.086;14.68
2785;32;35;13.893;6.52
2786;32;35;11.266;19.33
2787;32;36;19.896;16.22
2788;32;37;39.554;6.66
2789;32;38;24.469;13.56
2790;32;38;24.904;19.87
2791;32;38;27.047;10.62
2792;32;39;13.737;13.49
2793;32;39;10.836;3.81
2794;32;40;60.322;1.0
2795;32;40;72.757;1.13
2796;32;40;56.403;18.9
2797;32;41;9.332;10.93
2798;32;42;12.675;5.12
2799;32;42;14.149;13.89
2800;32;42;10.125;1.92
2801;32;43;44.188;3.41
2802;32;44;37.246;16.17
2803;32;44;27.961;11.75
2804;32;44;36.322;18.04
2805;32;45;45.33;20.14
2806;32;45;54.691;3.89
2807;32;46;21.973;22.71
2808;32;46;24.643;10.03
2809;32;46;22.607;4.7
2810;32;47;11.037;20.85
2811;32;47;9.862;12.47
2812;32;48;9.394;8.69
2813;32;48;11.315;6.32
2814;32;49;46.665;4.31
2815;32;49;40.318;21.39
2816;32;49;40.928;10.76
2817;32;50;43.184;23.87
2818;32;50;39.579;11.92
2819;32;50;39.218;2.08
2820;32;51;29.42;0.71
2821;32;52;10.218;2.15
2822;32;53;77.172;11.28
2823;32;54;75.795;14.5
2824;32;54;67.078;6.2
2825;32;55;24.077;18.84
2826;32;55;21.148;12.0
2827;32;56;18.914;0.1
2828;32;56;20.161;13.39
2829;32;57;10.001;12.32
2830;32;58;17.282;2.93
2831;32;58;17.062;23.47
2832;32;59;15.608;21.14
2833;33;34;72.184;14.16
2834;33;34;64.278;10.19
2835;33;34;85.988;21.1
2836;33;35;15.269;0.87
2837;33;35;17.752;16.02
2838;33;36;18.593;16.36
2839;33;36;15.649;16.84
2840;33;37;35.612;20.65
2841;33;37;41.726;10.71
2842;33;37;35.959;22.48
2843;33;38;21.427;11.21
2844;33;39;13.646;14.93
2845;33;40;61.024;23.07
2846;33;41;5.368;16.55
2847;33;42;8.673;11.76
2848;33;42;6.869;10.18
2849;33;42;6.607;3.1
2850;33;43;47.699;23.63
2851;33;43;55.95;6.12
2852;33;43;56.915;1.44
2853;33;44;40.469;19.65
2854;33;45;41.339;5.56
2855;33;46;23.314;9.5
2856;33;47;8.515;19.35
2857;33;48;5.739;8.17
2858;33;49;47.259;5.91
2859;33;50;47.081;13.9
2860;33;50;48.118;0.82
2861;33;51;30.794;21.51
2862;33;52;6.489;2.05
2863;33;53;80.991;8.12
2864;33;53;96.985;23.0
2865;33;54;72.013;3.45
2866;33;54;82.265;14.82
2867;33;55;25.033;0.63
2868;33;56;20.62;9.26
2869;33;56;16.367;7.98
2870;33;56;23.559;9.04
2871;33;57;13.901;9.88
2872;33;57;16.058;8.08
2873;33;57;15.744;24.09
2874;33;58;19.555;13.84
2875;33;59;18.52;3.68
2876;33;59;15.708;11.44
2877;33;59;21.435;8.44
2878;34;35;84.406;17.68
2879;34;36;56.111;17.58
2880;34;36;56.561;17.53
2881;34;37;81.826;1.99
2882;34;37;75.956;0.46
2883;34;38;90.886;22.38
2884;34;39;85.129;5.51
2885;34;39;69.37;11.57
2886;34;39;77.568;13.57
2887;34;40;11.221;6.26
2888;34;40;13.893;16.82
2889;34;40;10.093;6.49
2890;34;41;74.479;0.75
2891;34;42;74.775;19.44
2892;34;42;81.744;17.25
2893;34;43;95.994;24.61
2894;34;43;90.56;17.35
2895;34;44;94.907;16.98
2896;34;44;73.027;18.91
2897;34;44;100.558;6.0
2898;34;45;88.29;19.49
2899;34;45;74.178;16.94
2900;34;45;84.671;2.19
2901;34;46;49.535;20.32
2902;34;46;37.23;15.22
2903;34;46;56.632;7.08
2904;34;47;80.393;19.11
2905;34;48;76.293;8.43
2906;34;48;79.209;7.31
2907;34;48;94.367;8.47
2908;34;49;25.01;15.58
2909;34;49;26.069;18.27
2910;34;50;85.959;16.67
2911;34;50;68.314;13.46
2912;34;50;103.252;2.34
2913;34;51;42.306;21.73
2914;34;51;33.831;24.22
2915;34;52;76.511;14.08
2916;34;53;77.043;23.74
2917;34;53;85.866;14.02
2918;34;54;95.848;20.19
2919;34;55;47.317;24.51
2920;34;55;36.024;20.29
2921;34;55;39.262;7.87
2922;34;56;52.867;6.98
2923;34;56;56.214;1.53
2924;34;57;67.74;3.61
2925;34;57;68.945;0.78
2926;34;58;55.399;13.06
2927;34;58;49.911;1.64
2928;34;58;69.165;14.94
2929;34;59;81.991;15.3
2930;35;36;33.609;17.22
2931;35;36;33.954;0.56
2932;35;37;46.577;18.35
2933;35;37;36.791;6.11
2934;35;38;22.49;2.72
2935;35;38;23.16;14.07
2936;35;38;18.03;11.71
2937;35;39;5.327;12.78
2938;35;39;4.539;4.49
2939;35;39;5.922;0.71
2940;35;40;73.478;9.82
2941;35;40;75.674;5.14
2942;35;41;17.596;14.6
2943;35;41;16.328;5.57
2944;35;41;20.689;13.14
2945;35;42;20.622;10.88
2946;35;43;36.293;3.35
2947;35;43;35.673;0.99
2948;35;44;27.922;8.12
2949;35;44;32.669;6.56
2950;35;45;51.076;0.11
2951;35;46;34.908;0.56
2952;35;46;34.331;23.68
2953;35;47;12.744;16.11
2954;35;47;14.236;14.66
2955;35;47;11.07;18.81
2956;35;48;15.946;10.83
2957;35;49;59.995;4.94
2958;35;50;39.06;10.59
2959;35;50;40.748;4.97
2960;35;50;39.3;0.42
2961;35;51;42.114;1.5
2962;35;51;41.763;22.5
2963;35;52;16.63;1.22
2964;35;52;20.032;11.68
2965;35;52;15.515;8.58
2966;35;53;79.668;13.88
2967;35;53;84.234;16.75
2968;35;54;83.829;17.05
2969;35;54;79.411;11.43
2970;35;54;87.524;9.13
2971;35;55;37.336;0.83
2972;35;55;42.074;13.52
2973;35;56;31.539;8.97
2974;35;56;32.168;24.93
2975;35;56;39.324;17.2
2976;35;57;17.517;14.37
2977;35;57;17.277;20.93
2978;35;57;16.811;23.11
2979;35;58;29.146;23.23
2980;35;59;7.648;5.41
2981;36;37;32.85;24.57
2982;36;37;32.49;23.56
2983;36;37;31.506;12.11
2984;36;38;34.798;23.63
2985;36;39;32.193;13.14
2986;36;39;35.568;5.37
2987;36;39;31.289;3.17
2988;36;40;44.909;11.13
2989;36;40;38.232;12.13
2990;36;40;51.959;11.6
2991;36;41;19.096;24.38
2992;36;41;22.726;15.39
2993;36;41;20.569;9.03
2994;36;42;18.795;10.88
2995;36;42;17.605;22.57
2996;36;42;16.853;5.32
2997;36;43;61.476;7.79
2998;36;44;55.681;14.21
2999;36;44;63.865;4.4
3000;36;44;57.527;13.14
3001;36;45;39.809;10.23
3002;36;46;14.211;14.1
3003;36;46;10.951;22.13
3004;36;46;16.907;24.07
3005;36;47;25.527;18.28
3006;36;47;24.374;13.23
3007;36;47;19.262;12.02
3008;36;48;21.079;17.58
3009;36;49;31.245;0.77
3010;36;50;57.683;1.92
3011;36;50;68.216;24.46
3012;36;51;19.447;19.46
3013;36;51;20.559;4.67
3014;36;52;21.094;15.81
3015;36;53;81.921;23.72
3016;36;53;91.439;10.09
3017;36;53;86.712;4.93
3018;36;54;63.847;23.2
3019;36;54;79.159;1.94
3020;36;54;48.515;2.79
3021;36;55;13.392;2.37
3022;36;55;10.823;17.19
3023;36;56;14.692;16.16
3024;36;56;15.506;11.78
3025;36;56;13.774;3.79
3026;36;57;23.653;2.0
3027;36;57;25.619;10.98
3028;36;58;17.0;7.67
3029;36;58;13.711;19.03
3030;36;58;14.024;5.29
3031;36;59;35.108;15.11
3032;36;59;40.163;14.05
3033;37;38;28.986;0.45
3034;37;38;33.588;0.31
3035;37;38;22.213;18.85
3036;37;39;41.824;9.9
3037;37;39;43.141;14.72
3038;37;40;71.407;22.88
3039;37;40;77.156;3.57
3040;37;40;81.327;10.6
3041;37;41;30.661;17.45
3042;37;41;26.056;18.23
3043;37;41;31.24;22.46
3044;37;42;27.177;13.15
3045;37;43;82.42;17.01
3046;37;43;65.527;6.35
3047;37;43;102.72;24.5
3048;37;44;74.411;8.79
3049;37;44;77.069;18.5
3050;37;44;92.708;3.03
3051;37;45;7.003;12.44
3052;37;45;5.871;12.92
3053;37;45;8.103;5.85
3054;37;46;46.969;24.86
3055;37;46;54.058;2.29
3056;37;47;33.86;12.15
3057;37;47;38.967;23.9
3058;37;47;30.515;18.45
3059;37;48;31.563;9.12
3060;37;49;59.367;21.51
3061;37;49;53.189;6.64
3062;37;50;82.679;11.31
3063;37;51;52.084;4.09
3064;37;51;40.691;2.38
3065;37;52;30.721;10.87
3066;37;52;36.511;11.9
3067;37;52;36.809;24.69
3068;37;53;113.771;12.99
3069;37;54;37.277;13.92
3070;37;55;46.214;17.2
3071;37;55;36.27;20.45
3072;37;56;46.809;18.3
3073;37;56;50.459;9.74
3074;37;57;48.81;0.86
3075;37;57;57.711;19.68
3076;37;57;45.94;23.17
3077;37;58;48.236;19.59
3078;37;58;58.476;8.06
3079;37;59;52.651;3.24
3080;37;59;65.295;12.64
3081;38;39;17.176;1.59
3082;38;40;79.672;21.98
3083;38;41;17.206;19.66
3084;38;42;16.168;18.07
3085;38;42;16.738;7.97
3086;38;42;18.704;19.07
3087;38;43;58.187;17.38
3088;38;43;51.605;21.0
3089;38;43;43.753;4.9
3090;38;44;49.404;9.6
3091;38;44;42.641;12.5
3092;38;45;31.508;17.4
3093;38;46;43.935;6.0
3094;38;47;13.506;22.89
3095;38;47;15.004;6.73
3096;38;47;14.495;20.32
3097;38;48;15.879;19.46
3098;38;49;65.942;20.98
3099;38;49;51.216;23.96
3100;38;49;63.302;19.73
3101;38;50;61.545;11.46
3102;38;51;51.253;1.73
3103;38;51;46.351;13.35
3104;38;51;40.108;20.34
3105;38;52;15.337;4.39
3106;38;53;100.562;13.31
3107;38;53;76.844;4.72
3108;38;53;120.18;9.33
3109;38;54;65.351;24.98
3110;38;54;72.613;22.28
3111;38;54;75.143;3.73
3112;38;55;45.11;3.51
3113;38;56;41.651;19.41
3114;38;57;33.948;13.73
3115;38;58;40.916;14.34
3116;38;58;43.296;8.37
3117;38;59;30.026;20.1
3118;39;40;74.055;5.39
3119;39;40;83.617;22.49
3120;39;40;71.679;20.73
3121;39;41;14.37;17.0
3122;39;41;15.81;6.84
3123;39;42;16.91;9.88
3124;39;42;19.188;13.49
3125;39;42;19.544;13.84
3126;39;43;41.496;2.94
3127;39;43;33.148;14.41
3128;39;44;32.99;15.47
3129;39;44;28.835;13.44
3130;39;45;46.073;19.13
3131;39;45;55.513;9.93
3132;39;45;45.491;13.41
3133;39;46;35.678;5.76
3134;39;46;43.154;19.9
3135;39;46;40.331;9.83
3136;39;47;8.456;15.29
3137;39;47;7.247;16.81
3138;39;47;8.809;1.35
3139;39;48;12.458;23.16
3140;39;48;15.484;7.66
3141;39;49;60.382;7.89
3142;39;49;73.486;23.23
3143;39;49;70.365;1.18
3144;39;50;44.368;23.99
3145;39;50;39.813;7.53
3146;39;51;43.092;15.89
3147;39;52;12.966;9.23
3148;39;52;10.916;24.16
3149;39;52;15.339;10.01
3150;39;53;84.405;11.02
3151;39;53;69.273;15.63
3152;39;53;72.122;8.17
3153;39;54;79.1;19.13
3154;39;54;76.838;3.48
3155;39;54;78.384;3.04
3156;39;55;37.814;1.4
3157;39;55;45.199;5.15
3158;39;55;35.466;22.41
3159;39;56;32.527;1.85
3160;39;56;36.848;16.18
3161;39;56;35.708;2.18
3162;39;57;20.129;9.91
3163;39;57;19.279;7.74
3164;39;58;30.572;23.98
3165;39;58;24.412;13.24
3166;39;58;30.354;23.35
3167;39;59;12.868;18.53
3168;40;41;63.264;9.72
3169;40;42;63.556;18.74
3170;40;42;58.346;5.8
3171;40;42;77.891;19.85
3172;40;43;86.948;19.97
3173;40;43;69.507;5.16
3174;40;44;85.25;20.9
3175;40;44;74.147;13.08
3176;40;44;94.789;11.9
3177;40;45;78.008;2.63
3178;40;45;91.508;6.73
3179;40;46;38.57;0.02
3180;40;46;41.484;18.52
3181;40;46;33.63;23.32
3182;40;47;69.201;6.35
3183;40;48;65.084;21.62
3184;40;48;65.37;22.42
3185;40;48;58.825;22.91
3186;40;49;13.798;10.92
3187;40;49;11.807;22.41
3188;40;50;77.521;6.46
3189;40;50;81.653;23.12
3190;40;50;79.378;6.7
3191;40;51;31.488;11.11
3192;40;51;29.969;3.84
3193;40;52;65.297;4.13
3194;40;53;74.18;23.52
3195;40;53;80.191;19.2
3196;40;53;87.222;22.66
3197;40;54;87.942;19.19
3198;40;55;36.251;14.84
3199;40;55;27.873;10.93
3200;40;55;29.478;10.83
3201;40;56;41.967;5.49
3202;40;57;57.058;9.85
3203;40;58;44.63;24.84
3204;40;58;49.087;8.13
3205;40;59;71.35;15.24
3206;40;59;59.566;10.88
3207;40;59;76.863;19.47
3208;41;42;3.485;7.4
3209;41;43;52.036;4.53
3210;41;43;56.737;6.3
3211;41;44;44.421;14.6
3212;41;44;54.906;14.34
3213;41;45;36.181;4.39
3214;41;45;30.864;23.2
3215;41;45;30.523;13.38
3216;41;46;26.738;2.75
3217;41;46;24.238;18.77
3218;41;46;23.667;11.12
3219;41;47;6.555;16.03
3220;41;47;5.489;0.72
3221;41;48;2.034;9.65
3222;41;48;1.565;9.42
3223;41;49;49.469;24.37
3224;41;49;47.034;16.86
3225;41;49;57.904;16.37
3226;41;50;52.061;16.89
3227;41;50;49.401;19.26
3228;41;51;34.092;8.65
3229;41;51;27.162;19.8
3230;41;52;2.034;19.66
3231;41;52;1.644;23.92
3232;41;52;1.794;20.95
3233;41;53;86.326;8.0
3234;41;54;67.423;1.64
3235;41;54;81.642;19.14
3236;41;54;62.738;14.5
3237;41;55;28.013;9.88
3238;41;55;33.817;19.22
3239;41;55;30.412;17.96
3240;41;56;24.466;7.77
3241;41;56;27.222;16.4
3242;41;57;19.269;0.52
3243;41;57;14.551;21.15
3244;41;58;23.918;11.18
3245;41;59;22.391;4.25
3246;42;43;55.465;16.4
3247;42;43;58.886;2.14
3248;42;43;50.37;12.4
3249;42;44;47.772;5.32
3250;42;45;32.72;18.56
3251;42;45;34.994;3.12
3252;42;46;28.152;24.74
3253;42;47;8.545;9.78
3254;42;47;8.044;3.0
3255;42;47;10.35;20.97
3256;42;48;4.689;4.34
3257;42;49;49.804;19.57
3258;42;49;53.379;15.87
3259;42;50;55.542;12.89
3260;42;50;48.381;5.84
3261;42;51;35.319;10.95
3262;42;51;27.663;0.48
3263;42;51;39.398;5.74
3264;42;52;4.0;7.39
3265;42;52;4.684;5.54
3266;42;53;89.367;14.11
3267;42;54;63.98;4.38
3268;42;54;60.442;7.5
3269;42;55;29.097;0.19
3270;42;55;25.218;21.27
3271;42;55;29.179;13.58
3272;42;56;26.218;18.49
3273;42;57;22.496;21.67
3274;42;58;26.058;18.26
3275;42;58;20.107;23.55
3276;42;58;31.506;4.17
3277;42;59;25.77;12.18
3278;43;44;9.07;5.65
3279;43;44;10.974;21.88
3280;43;44;10.453;23.28
3281;43;45;87.263;13.62
3282;43;45;66.551;16.84
3283;43;45;81.632;23.37
3284;43;46;54.257;6.25
3285;43;46;52.546;6.51
3286;43;47;48.704;3.51
3287;43;48;50.916;21.92
3288;43;49;76.122;13.12
3289;43;49;77.966;19.87
3290;43;50;12.275;8.96
3291;43;50;10.009;15.01
3292;43;50;14.912;17.68
3293;43;51;58.502;5.74
3294;43;52;51.739;2.44
3295;43;53;57.633;14.51
3296;43;53;50.528;24.59
3297;43;53;49.461;10.42
3298;43;54;119.442;12.56
3299;43;54;109.949;14.01
3300;43;55;57.301;13.72
3301;43;56;51.015;7.74
3302;43;56;59.823;12.3
3303;43;57;37.823;9.23
3304;43;57;40.94;11.91
3305;43;57;40.635;22.75
3306;43;58;47.616;20.49
3307;43;58;55.417;3.01
3308;43;59;29.769;21.79
3309;43;59;23.632;20.24
3310;43;59;33.48;10.27
3311;44;45;78.998;5.49
3312;44;46;50.209;4.63
3313;44;47;40.559;9.29
3314;44;48;43.135;23.04
3315;44;48;40.637;22.48
3316;44;48;47.698;24.8
3317;44;49;73.551;15.43
3318;44;50;17.929;2.0
3319;44;50;21.494;5.54
3320;44;51;55.344;14.67
3321;44;51;59.894;17.05
3322;44;52;43.925;9.16
3323;44;53;64.246;21.62
3324;44;53;72.989;2.74
3325;44;53;59.834;15.55
3326;44;54;111.595;5.28
3327;44;55;53.239;7.04
3328;44;55;65.693;18.9
3329;44;55;60.534;4.07
3330;44;56;46.776;4.42
3331;44;56;49.987;21.88
3332;44;56;39.549;13.71
3333;44;57;32.318;7.34
3334;44;57;25.39;14.57
3335;44;58;43.406;8.48
3336;44;59;22.042;15.04
3337;45;46;53.889;6.18
3338;45;46;59.124;16.54
3339;45;46;56.492;23.23
3340;45;47;38.565;10.76
3341;45;47;32.638;24.67
3342;45;47;41.916;22.42
3343;45;48;36.834;4.82
3344;45;48;44.753;19.45
3345;45;48;28.329;10.58
3346;45;49;66.17;17.73
3347;45;49;82.647;16.14
3348;45;50;88.199;18.8
3349;45;51;59.077;11.12
3350;45;52;35.967;12.62
3351;45;52;35.645;0.01
3352;45;53;120.412;15.45
3353;45;53;124.818;13.78
3354;45;54;33.867;23.54
3355;45;55;53.186;3.01
3356;45;55;53.316;1.98
3357;45;56;53.636;11.78
3358;45;56;62.856;7.12
3359;45;56;65.923;8.35
3360;45;57;54.86;21.98
3361;45;58;54.955;16.56
3362;45;59;57.583;14.62
3363;46;47;31.806;20.11
3364;46;47;30.651;14.33
3365;46;48;28.231;7.22
3366;46;48;26.483;9.05
3367;46;48;22.165;16.27
3368;46;49;25.157;3.98
3369;46;50;48.138;3.72
3370;46;50;54.953;14.34
3371;46;51;7.486;12.04
3372;46;51;7.306;21.27
3373;46;51;7.5;5.29
3374;46;52;28.664;19.54
3375;46;53;67.919;19.79
3376;46;54;77.466;6.47
3377;46;55;3.047;20.15
3378;46;55;2.441;0.89
3379;46;56;3.558;9.84
3380;46;56;3.3;2.0
3381;46;57;19.038;24.09
3382;46;58;6.816;8.32
3383;46;58;8.237;22.22
3384;46;59;33.232;22.26
3385;47;48;4.52;3.3
3386;47;48;5.132;7.08
3387;47;49;55.408;12.82
3388;47;49;64.589;12.68
3389;47;50;50.179;7.77
3390;47;51;39.277;9.03
3391;47;51;46.916;16.18
3392;47;52;4.773;19.45
3393;47;53;87.336;8.93
3394;47;54;71.094;18.38
3395;47;54;72.952;22.04
3396;47;55;33.433;23.9
3397;47;56;29.133;22.36
3398;47;56;23.29;16.52
3399;47;57;20.46;8.62
3400;47;57;22.244;8.22
3401;47;57;22.303;22.33
3402;47;58;27.973;15.69
3403;47;59;19.04;18.3
3404;47;59;14.665;4.72
3405;47;59;15.677;2.47
3406;48;49;51.287;1.35
3407;48;50;51.373;17.09
3408;48;50;53.072;6.9
3409;48;51;35.639;18.71
3410;48;52;0.875;19.05
3411;48;53;86.565;11.29
3412;48;53;91.017;14.22
3413;48;53;69.808;2.48
3414;48;54;68.535;18.54
3415;48;55;29.633;24.77
3416;48;55;29.842;8.78
3417;48;55;32.958;22.07
3418;48;56;25.811;2.98
3419;48;56;22.386;2.18
3420;48;56;28.127;18.2
3421;48;57;19.388;19.03
3422;48;58;25.046;15.66
3423;48;58;23.554;0.04
3424;48;59;21.172;19.45
3425;48;59;24.574;16.41
3426;49;50;67.696;0.59
3427;49;51;18.498;21.73
3428;49;52;51.501;10.72
3429;49;53;72.184;6.1
3430;49;53;61.754;1.46
3431;49;54;79.928;7.8
3432;49;55;22.663;15.4
3433;49;55;21.971;24.41
3434;49;56;28.646;22.67
3435;49;56;29.595;8.59
3436;49;57;44.0;19.76
3437;49;57;49.581;11.43
3438;49;58;31.525;21.3
3439;49;58;26.135;0.53
3440;49;59;58.284;6.14
3441;49;59;54.563;7.85
3442;49;59;62.193;18.47
3443;50;51;51.114;3.47
3444;50;51;61.248;19.06
3445;50;52;52.243;23.17
3446;50;53;46.324;20.6
3447;50;54;118.881;18.88
3448;50;54;132.691;17.11
3449;50;54;90.65;20.19
3450;50;55;51.092;22.86
3451;50;56;45.288;3.82
3452;50;56;40.042;24.96
3453;50;57;34.795;7.53
3454;50;58;42.008;8.09
3455;50;58;51.165;11.12
3456;50;59;31.553;7.6
3457;50;59;25.67;20.47
3458;50;59;37.142;4.64
3459;51;52;36.044;0.59
3460;51;52;28.679;17.67
3461;51;52;38.567;11.23
3462;51;53;65.286;13.46
3463;51;53;74.778;15.21
3464;51;54;80.261;5.09
3465;51;54;98.631;13.05
3466;51;55;6.31;19.93
3467;51;55;7.329;2.16
3468;51;56;10.597;7.33
3469;51;56;11.801;23.49
3470;51;56;9.168;24.03
3471;51;57;25.596;4.16
3472;51;57;24.522;8.18
3473;51;58;13.144;11.86
3474;51;58;15.724;13.88
3475;51;58;12.47;0.03
3476;51;59;39.896;11.56
3477;51;59;30.1;5.01
3478;52;53;87.388;6.03
3479;52;53;98.192;7.81
3480;52;53;98.252;3.31
3481;52;54;67.721;1.14
3482;52;55;29.993;19.45
3483;52;56;26.316;9.42
3484;52;56;30.233;20.67
3485;52;56;20.787;23.27
3486;52;57;20.218;12.36
3487;52;58;25.639;11.92
3488;52;59;21.985;8.24
3489;52;59;23.073;19.42
3490;52;59;23.457;16.75
3491;53;54;145.288;21.89
3492;53;55;69.6;17.23
3493;53;55;52.697;11.08
3494;53;56;67.299;16.3
3495;53;56;56.725;19.66
3496;53;56;61.308;8.23
3497;53;57;67.181;21.21
3498;53;57;51.301;24.62
3499;53;57;72.27;19.4
3500;53;58;65.566;5.63
3501;53;58;74.819;8.6
3502;53;59;72.243;1.67
3503;54;55;75.688;11.97
3504;54;55;63.803;11.7
3505;54;56;78.505;8.01
3506;54;56;60.135;18.61
3507;54;57;84.272;18.64
3508;54;57;86.76;13.92
3509;54;57;88.699;22.49
3510;54;58;80.801;22.29
3511;54;58;83.285;23.34
3512;54;58;71.358;19.66
3513;54;59;89.706;8.94
3514;54;59;99.048;8.13
3515;55;56;6.496;16.05
3516;55;56;7.228;17.29
3517;55;57;21.891;14.08
3518;55;57;20.191;5.97
3519;55;57;18.808;18.71
3520;55;58;9.834;0.96
3521;55;58;10.41;24.32
3522;55;58;11.715;13.47
3523;55;59;35.994;5.7
3524;55;59;31.58;18.98
3525;55;59;35.494;8.22
3526;56;57;15.481;5.56
3527;56;57;19.109;2.36
3528;56;58;3.402;7.03
3529;56;59;29.69;0.38
3530;57;58;12.476;5.52
3531;57;59;14.3;15.22
3532;57;59;13.824;1.0
3533;57;59;17.481;22.34
3534;58;59;26.77;18.83
3535;58;59;20.723;16.8
