VERTEX_COUNT 60
PATH_COUNT 1
BUDGET 360
<------------ VERTICES ------------>
0;START;41.374834;2.170055;0.0;0.0
1;Basilica of the Sagrada Família;41.403568;2.174435;45.0;100.0
2;Museu Nacional d’Art de Catalunya;41.36882;2.153347;45.0;82.98
3;Palau Güell;41.378864;2.174117;45.0;79.44
4;La Pedrera (Casa Milà);41.395271;2.161785;45.0;77.22
5;Anella Olímpica(Olympic Park);41.364778;2.152575;45.0;74.0
6;Galeria d’Art Mar Grup Escolà;41.392349;2.167836;45.0;73.98
7;Poble Espanyol;41.368679;2.147031;45.0;72.16
8;Montjuïc Castle;41.363823;2.167096;45.0;69.07
9;Museu d’Història de Catalunya - MHC;41.380852;2.185799;45.0;68.5
10;Parc de la Ciutadella;41.389248;2.186548;45.0;67.87
11;Lorena Ruiz de Villa;41.397858;2.146705;45.0;67.55
12;Passeig de Gràcia;41.390739;2.166672;45.0;67.16
13;Basilica of Sants Just i Pastor;41.382812;2.178195;45.0;66.67
14;Antic Hospital de la Santa Creu;41.380573;2.170374;45.0;66.65
15;Avinguda d’Icària;41.391556;2.197416;45.0;65.68
16;Museu Picasso;41.385181;2.180863;45.0;65.3
17;Imaginart Gallery;41.393822;2.164627;45.0;65.21
18;Barcelona;41.389034;2.16137;45.0;63.97
19;Atelier;41.407719;2.158233;45.0;62.36
20;Museu Frederic Marès;41.384178;2.176819;45.0;62.12
21;Casa Batlló;41.391758;2.164961;45.0;61.5
22;Park Güell;41.414249;2.151926;45.0;61.11
23;Despair;41.387653;2.188076;45.0;61.03
24;Contrast;41.387928;2.161469;45.0;59.09
25;Plaça del Rei;41.384144;2.177409;45.0;57.59
26;Basilica of Santa Maria del Mar;41.383518;2.1818;45.0;57.59
27;Plaça de Catalunya;41.387005;2.17003;45.0;56.95
28;Galeria Mayoral;41.389542;2.163808;45.0;56.82
29;Piramidon Centre d’Art Contemporani;41.422626;2.209764;45.0;56.47
30;Carles Taché;41.389851;2.164213;45.0;56.24
31;Arts Santa Mònica;41.37722;2.176012;45.0;55.7
32;Museu Palmero;41.424667;2.139856;45.0;55.51
33;Casa Martí, Els Quatre Gats ;41.385775;2.173671;45.0;54.37
34;Monument to Doctor Robert;41.394924;2.175599;45.0;52.85
35;Casa Vicens;41.403442;2.150684;45.0;51.39
36;Rambla del Raval;41.378681;2.169317;45.0;51.14
37;Royal Dockyards Museu Marítim ;41.375286;2.17598;45.0;51.0
38;Museu d’Història de Barcelona;41.384144;2.177409;45.0;50.67
39;La Colmena;41.383835;2.178294;45.0;50.56
40;Palau Montaner;41.39555;2.1652;45.0;50.02
41;Poblenou Cemetery;41.394859;2.201189;45.0;49.54
42;Turó de la Rovira viewing point;41.419388;2.161812;45.0;48.58
43;Fundació Fran Daurel;41.369118;2.146695;45.0;48.11
44;A. Cortina;41.391098;2.161385;45.0;47.99
45;Galeria Ferran Cano;41.375816;2.177766;45.0;47.98
46;Galeria Miquel Alzueta;41.397125;2.156751;45.0;47.98
47;90th Jean Bouin;41.373077;2.150465;45.0;47.69
48;Beaskoa;41.384792;2.181268;45.0;47.26
49;Casa Lleó Morera;41.39119;2.165511;45.0;46.79
50;Àngels Barcelona;41.382534;2.169249;45.0;46.41
51;Carmen Sallent;41.39637;2.153188;45.0;45.87
52;Museu de la Moto ;41.383327;2.174488;45.0;45.38
53;Artur Ramon Art;41.383682;2.17456;45.0;44.24
54;Maeght;41.384689;2.181526;45.0;44.01
55;El Fossar de les Moreres;41.383713;2.18243;45.0;43.91
56;Rambla del Poblenou;41.40192;2.200141;45.0;43.38
57;Casa Calvet;41.390972;2.173002;45.0;43.33
58;Palau Sant Jordi;41.363441;2.152537;45.0;43.1
59;FINISH;41.374834;2.170055;0.0;0.0
<------------- EDGES -------------->
0;0;1;49.491;22.06
1;0;1;37.276;24.52
2;0;2;23.796;12.12
3;0;3;8.647;18.74
4;0;4;36.549;16.94
5;0;5;28.285;14.78
6;0;5;21.271;13.6
7;0;5;27.469;4.4
8;0;6;30.107;14.83
9;0;6;31.166;22.37
10;0;7;31.387;0.54
11;0;7;37.739;18.71
12;0;8;19.222;24.72
13;0;8;20.033;24.32
14;0;8;23.18;11.26
15;0;9;22.688;15.32
16;0;10;32.509;22.43
17;0;11;49.508;2.22
18;0;12;27.562;12.96
19;0;12;28.007;19.66
20;0;12;32.88;11.97
21;0;13;17.194;4.7
22;0;13;17.671;17.17
23;0;14;9.829;24.08
24;0;14;10.242;10.59
25;0;14;8.892;15.83
26;0;15;45.309;0.35
27;0;15;44.742;24.67
28;0;15;34.895;22.25
29;0;16;22.496;14.48
30;0;17;33.232;7.37
31;0;17;39.464;20.5
32;0;17;32.943;6.24
33;0;18;26.736;8.62
34;0;19;58.284;12.3
35;0;20;18.196;18.04
36;0;20;22.72;20.1
37;0;20;19.606;14.33
38;0;21;29.69;12.74
39;0;22;71.35;20.94
40;0;22;80.309;0.36
41;0;23;31.884;17.47
42;0;24;24.972;22.11
43;0;25;18.52;16.02
44;0;26;21.172;13.35
45;0;27;20.827;11.65
46;0;27;22.054;16.45
47;0;27;20.981;18.88
48;0;28;26.416;6.77
49;0;28;30.934;2.74
50;0;29;96.367;14.59
51;0;29;81.254;2.8
52;0;30;26.77;8.4
53;0;31;8.671;7.44
54;0;32;93.673;3.98
55;0;32;92.157;0.52
56;0;32;96.866;21.47
57;0;33;19.29;9.81
58;0;33;18.129;4.48
59;0;34;35.108;0.64
60;0;34;37.044;23.93
61;0;34;32.865;5.85
62;0;35;54.909;21.58
63;0;36;6.651;4.68
64;0;37;7.648;9.68
65;0;37;7.201;7.92
66;0;38;18.52;13.95
67;0;39;18.686;10.5
68;0;39;21.214;13.78
69;0;40;35.994;10.21
70;0;40;37.936;0.18
71;0;40;42.349;4.34
72;0;41;52.651;23.82
73;0;42;76.973;24.73
74;0;42;71.235;4.48
75;0;43;31.553;13.63
76;0;43;27.581;8.15
77;0;43;24.094;4.39
78;0;44;29.975;1.64
79;0;45;10.043;2.57
80;0;45;10.454;16.1
81;0;45;8.669;12.76
82;0;46;41.795;23.87
83;0;46;33.402;2.07
84;0;46;33.558;21.92
85;0;47;25.336;1.93
86;0;47;31.335;17.0
87;0;48;22.308;18.58
88;0;49;28.59;3.49
89;0;49;24.562;24.33
90;0;49;21.571;12.04
91;0;50;13.217;10.46
92;0;50;11.441;7.1
93;0;50;12.291;18.11
94;0;51;42.745;5.61
95;0;51;45.477;4.82
96;0;52;15.608;23.07
97;0;52;16.941;23.82
98;0;53;16.208;19.44
99;0;53;15.561;10.02
100;0;54;22.391;22.61
101;0;54;25.974;3.98
102;0;54;22.645;19.6
103;0;55;21.985;0.67
104;0;56;60.335;8.98
105;0;56;74.883;14.93
106;0;57;27.874;20.3
107;0;58;29.769;24.99
108;0;59;0.0;18.19
109;1;2;65.336;1.91
110;1;2;67.114;10.85
111;1;2;60.433;16.82
112;1;3;42.276;24.69
113;1;3;52.391;3.05
114;1;3;36.929;14.15
115;1;4;21.57;8.34
116;1;5;72.069;3.1
117;1;5;83.595;16.27
118;1;6;20.984;1.21
119;1;6;16.567;24.2
120;1;7;69.299;4.09
121;1;7;77.047;21.21
122;1;8;68.662;9.56
123;1;8;53.963;15.27
124;1;9;41.52;13.79
125;1;9;43.96;19.24
126;1;10;29.022;11.74
127;1;10;34.358;3.77
128;1;11;36.911;7.29
129;1;12;24.109;15.0
130;1;12;27.25;0.81
131;1;13;35.845;24.44
132;1;14;39.694;22.17
133;1;15;35.955;23.54
134;1;15;32.581;9.45
135;1;16;32.528;22.72
136;1;17;20.896;13.65
137;1;17;23.67;5.9
138;1;17;17.017;2.25
139;1;18;29.997;1.73
140;1;18;24.213;23.18
141;1;19;21.975;7.05
142;1;19;22.153;11.41
143;1;20;33.322;3.29
144;1;21;23.587;0.55
145;1;21;29.059;0.97
146;1;22;34.185;13.76
147;1;22;29.549;21.39
148;1;22;40.578;22.35
149;1;23;32.378;15.36
150;1;23;35.842;7.26
151;1;23;40.47;7.0
152;1;24;31.517;9.76
153;1;24;36.858;7.43
154;1;25;33.457;23.94
155;1;25;41.501;9.84
156;1;25;33.88;18.38
157;1;26;35.589;9.31
158;1;27;28.902;20.97
159;1;27;36.041;9.61
160;1;28;27.608;5.72
161;1;29;55.85;8.52
162;1;29;65.867;2.55
163;1;29;69.101;22.56
164;1;30;26.892;3.88
165;1;30;26.513;14.61
166;1;31;45.133;11.68
167;1;31;55.392;8.4
168;1;31;37.431;16.6
169;1;32;57.209;7.44
170;1;32;61.269;13.72
171;1;32;63.988;15.98
172;1;33;30.463;17.84
173;1;34;14.867;7.69
174;1;35;30.486;0.95
175;1;36;43.091;4.52
176;1;37;48.438;1.34
177;1;38;33.457;7.7
178;1;38;36.012;2.3
179;1;39;34.129;16.13
180;1;40;18.132;12.09
181;1;40;17.241;13.55
182;1;41;37.436;23.97
183;1;42;31.549;20.96
184;1;43;68.875;3.34
185;1;44;27.129;16.82
186;1;44;22.982;24.63
187;1;45;47.682;6.12
188;1;45;50.549;17.5
189;1;46;25.235;6.46
190;1;47;60.577;20.96
191;1;48;33.306;1.99
192;1;48;31.027;23.33
193;1;48;32.941;23.67
194;1;49;24.081;23.83
195;1;50;36.604;16.98
196;1;51;29.925;19.49
197;1;51;35.877;9.92
198;1;51;22.605;9.09
199;1;52;34.637;15.07
200;1;52;38.626;23.9
201;1;53;34.03;10.31
202;1;54;33.564;0.33
203;1;54;25.984;2.77
204;1;54;39.927;7.54
205;1;55;35.493;9.61
206;1;56;33.115;18.59
207;1;56;31.484;6.92
208;1;57;21.633;3.44
209;1;57;18.554;20.77
210;1;58;74.2;7.34
211;1;59;49.491;12.42
212;1;59;57.891;24.73
213;2;3;31.73;22.61
214;2;4;46.542;14.27
215;2;4;52.159;0.95
216;2;4;38.233;1.19
217;2;5;6.988;1.53
218;2;5;8.234;16.21
219;2;6;44.354;1.33
220;2;6;52.996;6.98
221;2;6;36.156;7.85
222;2;7;8.115;20.95
223;2;8;19.619;3.24
224;2;8;23.548;24.74
225;2;8;22.025;10.84
226;2;9;46.481;6.29
227;2;10;55.131;1.34
228;2;11;50.417;3.73
229;2;12;41.226;24.38
230;2;13;39.892;22.03
231;2;13;35.693;20.0
232;2;14;29.708;13.95
233;2;14;22.907;24.5
234;2;15;68.67;22.93
235;2;15;69.665;13.6
236;2;15;55.206;11.54
237;2;16;45.08;0.77
238;2;17;45.169;22.34
239;2;17;43.017;8.97
240;2;17;51.864;9.85
241;2;18;36.092;0.54
242;2;18;43.426;21.03
243;2;18;43.305;8.44
244;2;19;66.86;9.26
245;2;19;59.346;24.32
246;2;20;39.989;9.35
247;2;20;48.261;5.37
248;2;21;41.989;21.0
249;2;21;35.486;17.07
250;2;22;77.761;18.57
251;2;23;55.02;20.68
252;2;23;61.786;0.1
253;2;23;65.244;22.45
254;2;24;34.321;8.46
255;2;25;40.525;8.08
256;2;25;43.18;6.11
257;2;25;43.767;4.67
258;2;26;44.356;5.31
259;2;26;48.952;21.46
260;2;26;53.412;1.94
261;2;27;37.779;8.88
262;2;27;32.959;24.38
263;2;28;37.919;8.51
264;2;29;117.144;8.89
265;2;30;38.599;11.89
266;2;30;44.656;22.93
267;2;30;37.844;15.93
268;2;31;32.461;1.24
269;2;32;97.123;10.74
270;2;32;86.212;2.05
271;2;32;107.255;12.82
272;2;33;39.024;2.79
273;2;33;46.091;21.07
274;2;33;46.953;8.0
275;2;34;53.025;9.01
276;2;35;59.345;1.25
277;2;35;54.054;20.14
278;2;36;26.558;17.64
279;2;37;31.099;20.89
280;2;37;34.329;15.34
281;2;38;40.525;4.46
282;2;38;43.933;12.58
283;2;39;41.065;3.97
284;2;39;35.836;24.04
285;2;39;47.218;16.39
286;2;40;48.206;24.58
287;2;40;50.873;5.37
288;2;40;53.417;0.71
289;2;41;75.887;9.1
290;2;41;57.467;10.86
291;2;41;76.529;12.54
292;2;42;87.213;17.27
293;2;42;68.675;0.06
294;2;43;8.558;19.23
295;2;43;7.775;24.46
296;2;43;8.683;15.6
297;2;44;39.495;10.38
298;2;44;36.556;10.8
299;2;44;30.376;10.33
300;2;45;33.565;16.82
301;2;45;41.314;5.37
302;2;45;40.698;3.46
303;2;46;48.633;17.75
304;2;47;8.171;3.95
305;2;47;7.117;22.74
306;2;48;45.082;1.74
307;2;48;36.094;17.69
308;2;49;41.344;14.16
309;2;49;47.291;13.58
310;2;50;31.108;8.21
311;2;51;47.145;7.3
312;2;51;55.529;16.95
313;2;51;54.621;17.86
314;2;52;36.786;11.53
315;2;52;32.84;3.5
316;2;53;37.266;22.17
317;2;54;45.24;21.88
318;2;54;36.688;18.88
319;2;55;45.212;3.54
320;2;55;51.011;7.68
321;2;56;82.57;14.57
322;2;56;102.791;3.73
323;2;57;45.54;18.07
324;2;57;47.49;19.02
325;2;58;9.263;15.08
326;2;58;8.955;11.31
327;2;58;8.378;0.85
328;2;59;23.796;3.13
329;2;59;25.067;7.13
330;2;59;19.407;10.47
331;3;4;32.233;3.74
332;3;4;32.082;17.37
333;3;4;26.703;3.48
334;3;5;36.692;2.46
335;3;6;24.444;18.89
336;3;7;38.904;3.45
337;3;7;34.286;1.18
338;3;8;27.272;22.8
339;3;8;27.07;0.68
340;3;8;27.019;16.87
341;3;9;15.381;7.7
342;3;9;17.259;2.33
343;3;10;23.885;5.97
344;3;10;20.017;19.17
345;3;11;47.906;20.38
346;3;11;43.857;16.01
347;3;11;55.381;22.98
348;3;12;22.457;22.39
349;3;13;8.547;4.99
350;3;13;7.535;13.58
351;3;13;9.081;20.27
352;3;14;5.626;7.7
353;3;14;6.871;9.67
354;3;14;5.234;4.9
355;3;15;36.967;23.3
356;3;16;13.852;0.31
357;3;16;13.509;2.84
358;3;16;10.697;24.24
359;3;17;28.348;2.54
360;3;17;23.675;13.62
361;3;18;23.89;24.95
362;3;18;18.735;14.48
363;3;18;18.427;0.3
364;3;19;53.422;5.26
365;3;19;43.46;11.96
366;3;19;50.516;7.36
367;3;20;9.733;19.49
368;3;20;8.898;7.45
369;3;21;25.001;6.92
370;3;21;30.304;1.11
371;3;22;66.918;21.31
372;3;22;69.268;7.95
373;3;23;23.397;8.89
374;3;23;24.971;23.37
375;3;23;19.804;10.1
376;3;24;22.456;2.21
377;3;25;9.975;16.41
378;3;25;10.508;6.93
379;3;25;11.391;0.41
380;3;26;12.678;23.63
381;3;26;15.284;3.63
382;3;26;15.325;9.09
383;3;27;14.887;21.81
384;3;27;12.769;14.81
385;3;28;22.563;12.13
386;3;28;26.479;22.35
387;3;29;87.759;19.49
388;3;29;107.666;0.04
389;3;30;22.698;22.92
390;3;30;18.015;8.75
391;3;31;3.72;9.94
392;3;32;89.874;22.16
393;3;32;105.002;12.12
394;3;33;11.84;12.08
395;3;33;10.969;24.91
396;3;34;27.548;12.53
397;3;34;22.823;0.78
398;3;34;22.242;6.13
399;3;35;51.71;21.79
400;3;36;6.171;5.56
401;3;36;6.016;17.42
402;3;37;6.574;15.66
403;3;37;7.699;6.74
404;3;38;9.975;16.48
405;3;39;10.056;13.94
406;3;39;8.133;7.83
407;3;39;12.097;7.41
408;3;40;30.763;13.76
409;3;41;44.241;1.02
410;3;41;38.728;17.88
411;3;41;55.05;15.05
412;3;42;71.122;13.22
413;3;43;38.963;19.84
414;3;44;26.561;13.15
415;3;45;7.011;16.46
416;3;45;7.563;10.49
417;3;46;38.387;4.54
418;3;46;46.346;9.46
419;3;46;40.647;7.37
420;3;47;31.945;5.12
421;3;47;26.159;22.53
422;3;47;38.911;16.81
423;3;48;13.682;4.05
424;3;48;15.323;7.06
425;3;49;23.811;8.07
426;3;49;24.822;5.08
427;3;49;21.297;6.69
428;3;50;8.861;14.99
429;3;51;40.242;9.99
430;3;52;7.652;14.78
431;3;52;8.831;6.31
432;3;53;8.264;10.18
433;3;53;6.212;22.89
434;3;53;9.735;15.21
435;3;54;13.779;8.37
436;3;54;15.394;4.73
437;3;55;13.52;20.37
438;3;55;15.061;4.58
439;3;55;14.737;18.63
440;3;56;51.699;20.08
441;3;56;59.434;24.92
442;3;57;20.769;23.61
443;3;57;21.952;9.52
444;3;58;38.269;3.14
445;3;59;8.647;5.74
446;4;5;53.504;9.56
447;4;5;59.212;13.74
448;4;5;66.121;11.85
449;4;6;9.238;7.78
450;4;6;8.873;1.33
451;4;6;9.695;16.3
452;4;7;49.291;5.85
453;4;8;54.245;10.07
454;4;8;59.706;20.51
455;4;9;39.488;11.2
456;4;10;33.419;3.46
457;4;10;35.725;21.37
458;4;10;40.093;14.29
459;4;11;19.858;7.14
460;4;12;9.975;21.03
461;4;13;29.973;13.71
462;4;13;34.141;2.78
463;4;13;23.793;3.59
464;4;14;27.463;2.29
465;4;15;46.181;9.41
466;4;15;40.672;15.38
467;4;15;36.476;3.4
468;4;16;29.967;15.44
469;4;16;25.461;3.17
470;4;17;4.411;24.71
471;4;18;10.686;15.76
472;4;18;10.678;23.58
473;4;19;21.784;16.48
474;4;19;17.015;23.85
475;4;20;27.071;18.98
476;4;21;7.264;11.97
477;4;21;8.893;21.03
478;4;21;7.524;15.43
479;4;22;34.854;1.24
480;4;23;36.182;20.66
481;4;24;12.572;11.66
482;4;25;27.657;20.85
483;4;25;27.811;3.15
484;4;26;32.631;11.24
485;4;26;31.723;14.96
486;4;27;17.667;1.76
487;4;27;16.503;2.1
488;4;27;13.659;1.01
489;4;28;10.142;4.49
490;4;29;77.35;15.93
491;4;30;9.785;15.11
492;4;30;9.234;24.97
493;4;30;11.51;12.83
494;4;31;35.886;14.74
495;4;32;57.641;24.85
496;4;32;57.773;7.96
497;4;32;65.379;11.25
498;4;33;22.291;21.67
499;4;33;20.503;1.15
500;4;34;17.743;12.62
501;4;34;20.223;6.23
502;4;34;16.854;10.75
503;4;35;19.964;19.82
504;4;36;29.991;18.45
505;4;37;38.752;24.23
506;4;38;27.657;19.35
507;4;38;26.831;17.68
508;4;39;28.847;18.73
509;4;39;31.569;8.21
510;4;40;4.41;20.83
511;4;40;4.236;19.43
512;4;40;3.351;2.7
513;4;41;50.588;2.5
514;4;41;59.944;9.17
515;4;42;41.27;7.23
516;4;42;31.854;6.91
517;4;43;48.768;2.22
518;4;43;46.608;21.39
519;4;44;7.159;9.28
520;4;45;39.107;19.23
521;4;45;33.036;6.56
522;4;45;32.374;23.19
523;4;46;7.199;23.56
524;4;46;6.995;3.18
525;4;47;40.666;13.44
526;4;47;36.261;21.04
527;4;47;31.119;8.86
528;4;48;30.776;17.7
529;4;48;37.054;24.74
530;4;49;8.465;8.44
531;4;50;23.809;22.23
532;4;51;11.195;24.9
533;4;51;13.582;0.35
534;4;52;26.148;9.99
535;4;52;21.496;1.15
536;4;53;25.735;6.67
537;4;53;20.104;16.23
538;4;54;31.148;23.56
539;4;54;30.644;15.42
540;4;54;36.405;18.59
541;4;55;33.071;9.07
542;4;56;50.533;11.11
543;4;57;16.17;22.53
544;4;57;12.744;20.74
545;4;58;55.748;6.84
546;4;59;36.549;12.34
547;4;59;43.576;10.28
548;4;59;37.203;10.98
549;5;6;51.088;24.76
550;5;7;9.76;7.96
551;5;7;7.628;20.85
552;5;7;10.612;9.34
553;5;8;18.721;17.27
554;5;8;21.071;11.08
555;5;9;50.763;8.75
556;5;9;61.288;22.31
557;5;9;57.622;17.72
558;5;10;60.469;5.94
559;5;10;71.503;3.3
560;5;10;72.502;20.39
561;5;11;57.108;7.33
562;5;11;48.95;19.03
563;5;12;47.972;1.44
564;5;12;50.695;5.77
565;5;12;59.797;6.62
566;5;13;45.108;6.99
567;5;13;37.184;5.61
568;5;14;35.398;24.68
569;5;14;33.353;22.88
570;5;14;27.503;24.85
571;5;15;73.587;9.47
572;5;15;79.902;18.16
573;5;15;66.234;8.07
574;5;16;50.384;7.99
575;5;16;59.33;21.84
576;5;17;52.055;20.19
577;5;17;53.481;10.76
578;5;18;43.017;0.23
579;5;18;44.656;17.86
580;5;18;53.087;17.66
581;5;19;73.841;10.99
582;5;20;45.512;0.26
583;5;20;54.435;16.92
584;5;21;48.832;15.82
585;5;21;46.959;22.78
586;5;21;51.966;9.75
587;5;22;84.661;10.03
588;5;22;72.154;17.22
589;5;23;60.087;21.61
590;5;24;41.229;8.2
591;5;24;48.268;4.08
592;5;24;49.856;5.98
593;5;25;45.992;18.19
594;5;25;44.841;19.93
595;5;25;57.434;18.69
596;5;26;49.364;5.24
597;5;27;44.149;23.51
598;5;27;46.205;24.17
599;5;27;52.695;4.0
600;5;28;44.765;11.17
601;5;28;47.635;22.33
602;5;28;51.683;11.18
603;5;29;123.244;8.02
604;5;29;102.048;6.77
605;5;29;105.252;3.53
606;5;30;45.434;8.6
607;5;31;36.867;8.45
608;5;31;30.522;21.96
609;5;32;103.777;12.72
610;5;33;44.999;18.6
611;5;33;38.492;21.39
612;5;33;53.321;8.92
613;5;34;59.458;20.9
614;5;34;68.302;6.56
615;5;34;68.498;6.18
616;5;35;66.208;22.44
617;5;36;32.067;22.0
618;5;36;37.244;5.79
619;5;37;35.025;6.33
620;5;38;45.992;17.4
621;5;38;52.709;5.57
622;5;39;46.414;0.43
623;5;40;55.097;21.3
624;5;40;67.186;3.79
625;5;40;41.7;5.06
626;5;41;80.908;0.53
627;5;42;94.2;4.62
628;5;42;90.698;21.06
629;5;43;10.592;14.32
630;5;44;46.439;5.45
631;5;44;48.172;12.16
632;5;45;37.461;11.76
633;5;46;55.613;4.08
634;5;46;63.32;21.53
635;5;46;52.956;6.75
636;5;47;14.458;17.84
637;5;47;15.3;18.87
638;5;47;14.261;21.67
639;5;48;50.305;22.04
640;5;48;46.708;19.73
641;5;48;51.58;13.12
642;5;49;48.153;5.29
643;5;49;54.306;23.65
644;5;49;46.555;7.3
645;5;50;37.171;1.21
646;5;50;39.434;7.9
647;5;50;28.929;21.96
648;5;51;54.067;13.59
649;5;51;60.61;21.49
650;5;52;42.419;1.33
651;5;52;37.323;12.92
652;5;53;42.936;0.06
653;5;54;50.429;9.6
654;5;54;49.409;7.66
655;5;54;62.766;16.3
656;5;55;50.197;18.53
657;5;55;55.359;6.64
658;5;56;88.145;6.15
659;5;56;83.677;6.95
660;5;56;88.38;22.22
661;5;57;51.935;12.16
662;5;57;51.826;12.57
663;5;58;2.288;1.36
664;5;58;2.26;14.61
665;5;58;1.967;21.35
666;5;59;28.285;18.76
667;5;59;25.69;8.78
668;6;7;48.521;13.85
669;6;7;58.684;14.22
670;6;7;55.781;17.73
671;6;8;48.824;19.84
672;6;8;44.277;13.06
673;6;9;30.314;1.27
674;6;9;24.682;24.28
675;6;9;33.855;8.38
676;6;10;24.601;13.47
677;6;10;24.233;11.42
678;6;10;19.075;12.02
679;6;11;28.717;15.2
680;6;12;3.134;8.87
681;6;13;21.053;24.55
682;6;13;21.516;21.79
683;6;13;17.355;1.74
684;6;14;20.413;4.98
685;6;15;37.998;18.66
686;6;15;43.696;23.33
687;6;15;41.884;23.78
688;6;16;20.74;23.67
689;6;16;17.656;10.05
690;6;17;4.83;6.52
691;6;17;5.383;9.34
692;6;17;5.923;13.51
693;6;18;10.054;24.38
694;6;18;11.439;1.46
695;6;19;29.047;15.05
696;6;19;33.886;4.98
697;6;20;18.125;11.49
698;6;20;14.345;14.2
699;6;21;3.827;12.03
700;6;21;4.566;18.71
701;6;21;4.133;12.27
702;6;22;42.679;3.52
703;6;22;37.011;17.02
704;6;22;53.181;11.77
705;6;23;27.199;22.23
706;6;24;11.138;6.66
707;6;24;12.893;23.56
708;6;24;11.223;1.83
709;6;25;18.66;10.08
710;6;25;14.182;11.54
711;6;25;19.039;14.63
712;6;26;23.447;10.49
713;6;27;9.569;5.92
714;6;27;9.291;24.27
715;6;28;7.058;19.13
716;6;28;6.143;18.49
717;6;29;74.701;21.6
718;6;29;64.866;21.69
719;6;30;6.317;17.01
720;6;30;5.892;14.0
721;6;30;5.936;22.48
722;6;31;27.936;13.31
723;6;31;33.019;15.98
724;6;32;65.94;3.32
725;6;33;13.515;12.24
726;6;34;10.896;2.03
727;6;34;10.564;7.35
728;6;34;11.886;1.14
729;6;35;29.071;19.76
730;6;35;23.618;6.18
731;6;36;23.466;8.4
732;6;36;23.434;12.14
733;6;36;27.164;13.38
734;6;37;31.014;6.87
735;6;38;18.66;13.44
736;6;38;19.252;3.39
737;6;38;19.852;0.84
738;6;39;19.813;4.5
739;6;40;6.439;23.91
740;6;40;7.248;19.87
741;6;40;7.232;22.86
742;6;41;43.031;21.64
743;6;42;46.911;3.19
744;6;43;48.137;10.63
745;6;44;8.554;7.06
746;6;45;31.032;12.09
747;6;45;27.686;9.41
748;6;45;29.705;0.59
749;6;46;16.41;2.57
750;6;46;20.103;10.42
751;6;47;39.813;6.69
752;6;48;21.555;22.22
753;6;49;3.584;14.63
754;6;50;16.893;13.03
755;6;50;18.127;17.78
756;6;51;20.023;14.49
757;6;51;18.132;1.66
758;6;52;17.643;0.05
759;6;52;15.754;14.8
760;6;52;18.433;15.08
761;6;53;17.161;18.31
762;6;53;18.315;15.95
763;6;54;21.925;11.2
764;6;54;18.015;7.97
765;6;55;23.863;22.97
766;6;56;44.586;0.17
767;6;57;7.038;11.0
768;6;58;53.226;4.21
769;6;59;30.107;7.55
770;6;59;36.169;22.49
771;7;8;27.076;10.33
772;7;8;32.399;21.17
773;7;9;53.965;17.23
774;7;9;58.332;22.78
775;7;10;61.754;20.96
776;7;10;53.099;22.71
777;7;11;49.934;16.24
778;7;11;60.769;24.63
779;7;12;45.399;1.03
780;7;12;45.182;4.51
781;7;12;46.808;7.16
782;7;13;46.758;0.73
783;7;14;36.232;9.11
784;7;15;75.617;3.86
785;7;15;70.301;2.63
786;7;16;51.814;24.59
787;7;17;48.597;1.03
788;7;17;36.518;0.19
789;7;17;50.749;21.85
790;7;18;39.399;11.67
791;7;19;68.337;23.73
792;7;19;79.914;7.15
793;7;19;65.832;19.75
794;7;20;46.546;5.65
795;7;20;57.404;24.16
796;7;20;54.574;4.11
797;7;21;45.714;12.01
798;7;21;43.032;24.19
799;7;22;78.233;17.82
800;7;22;59.981;3.97
801;7;23;61.902;17.65
802;7;24;37.798;15.23
803;7;24;37.607;19.75
804;7;24;42.866;16.71
805;7;25;47.138;13.08
806;7;26;51.362;18.79
807;7;26;62.55;13.1
808;7;26;59.494;23.4
809;7;27;43.076;1.41
810;7;27;46.283;1.17
811;7;27;44.083;19.53
812;7;28;41.697;18.23
813;7;29;122.504;7.79
814;7;29;109.247;6.99
815;7;29;100.627;19.97
816;7;30;42.419;5.83
817;7;30;35.026;7.2
818;7;31;39.983;4.01
819;7;31;41.398;17.56
820;7;32;96.25;24.11
821;7;32;100.424;19.37
822;7;33;45.011;4.51
823;7;33;51.406;1.29
824;7;34;57.987;22.32
825;7;34;45.296;7.32
826;7;34;69.199;17.1
827;7;35;59.672;18.12
828;7;35;59.634;18.33
829;7;36;33.346;14.25
830;7;36;27.944;18.05
831;7;37;38.857;6.93
832;7;37;47.676;16.24
833;7;37;38.721;17.5
834;7;38;47.138;17.94
835;7;39;47.793;23.69
836;7;40;51.562;21.22
837;7;40;50.535;18.51
838;7;40;63.946;3.25
839;7;41;82.719;8.31
840;7;41;84.274;10.54
841;7;42;88.825;17.28
842;7;42;74.388;6.17
843;7;43;0.866;14.91
844;7;44;42.562;5.83
845;7;44;51.608;5.78
846;7;45;41.315;18.21
847;7;46;50.252;2.38
848;7;47;8.722;11.93
849;7;47;10.368;3.13
850;7;47;9.113;21.53
851;7;48;51.894;9.39
852;7;48;43.08;15.89
853;7;49;45.243;19.21
854;7;49;48.969;14.43
855;7;49;49.919;1.23
856;7;50;37.096;22.31
857;7;50;42.495;19.45
858;7;50;37.234;11.51
859;7;51;48.041;8.75
860;7;52;43.259;19.88
861;7;52;53.788;9.13
862;7;52;45.586;10.09
863;7;53;43.689;18.25
864;7;53;46.292;6.31
865;7;54;52.082;5.33
866;7;54;63.634;10.83
867;7;54;57.024;2.5
868;7;55;52.231;10.18
869;7;55;46.28;5.49
870;7;56;88.799;19.82
871;7;57;50.669;15.31
872;7;58;11.417;2.54
873;7;59;31.387;7.07
874;7;59;34.954;11.45
875;8;9;37.763;4.15
876;8;9;35.159;0.3
877;8;9;38.219;11.5
878;8;10;50.168;13.57
879;8;10;46.759;15.95
880;8;10;59.008;24.36
881;8;11;63.856;6.28
882;8;11;61.956;10.19
883;8;12;46.063;1.18
884;8;12;56.94;24.94
885;8;12;48.999;21.64
886;8;13;35.483;17.32
887;8;13;28.085;9.04
888;8;13;41.566;0.19
889;8;14;28.971;12.11
890;8;14;29.621;21.85
891;8;15;61.384;22.6
892;8;16;40.599;16.45
893;8;16;42.579;10.46
894;8;17;51.433;17.41
895;8;17;56.826;15.89
896;8;18;43.764;2.07
897;8;18;35.71;23.23
898;8;18;47.5;20.54
899;8;19;75.973;11.49
900;8;20;37.002;17.71
901;8;20;32.549;20.45
902;8;21;47.882;14.68
903;8;21;37.019;1.0
904;8;21;45.687;4.99
905;8;22;88.461;12.92
906;8;23;48.874;24.51
907;8;23;54.486;2.08
908;8;24;41.877;23.84
909;8;24;33.293;15.28
910;8;25;37.21;16.76
911;8;25;28.844;5.02
912;8;25;31.15;3.42
913;8;26;38.631;22.21
914;8;27;39.848;1.12
915;8;27;45.46;18.83
916;8;27;37.658;1.34
917;8;28;44.213;12.03
918;8;28;54.387;16.99
919;8;28;53.204;4.36
920;8;29;114.568;2.97
921;8;30;44.693;7.86
922;8;31;25.626;9.22
923;8;31;29.733;7.78
924;8;32;109.833;11.8
925;8;32;125.332;23.5
926;8;33;38.502;18.05
927;8;33;43.098;0.82
928;8;33;29.783;20.91
929;8;34;54.329;1.88
930;8;34;63.865;17.74
931;8;34;41.056;17.31
932;8;35;70.996;5.03
933;8;35;65.799;3.58
934;8;36;25.585;23.32
935;8;36;27.302;9.83
936;8;36;19.74;24.08
937;8;37;22.692;19.93
938;8;37;17.324;17.14
939;8;38;37.21;11.66
940;8;38;29.539;20.04
941;8;39;37.142;12.98
942;8;40;54.347;23.47
943;8;40;66.909;15.3
944;8;40;65.628;7.23
945;8;41;68.826;0.8
946;8;41;85.128;4.21
947;8;41;53.453;2.22
948;8;42;95.326;13.02
949;8;42;76.241;11.75
950;8;42;95.144;5.74
951;8;43;27.723;23.05
952;8;44;47.246;4.29
953;8;44;37.698;12.69
954;8;45;24.677;7.32
955;8;46;58.515;9.0
956;8;47;26.588;13.47
957;8;47;26.388;2.98
958;8;48;40.234;4.51
959;8;49;46.875;12.1
960;8;49;44.585;20.03
961;8;49;50.624;19.97
962;8;50;32.138;7.75
963;8;51;58.488;18.03
964;8;52;34.699;13.48
965;8;53;35.309;13.18
966;8;53;36.875;0.28
967;8;53;34.351;2.38
968;8;54;40.228;2.97
969;8;54;45.32;14.46
970;8;55;39.322;10.69
971;8;55;39.614;4.03
972;8;55;41.696;18.79
973;8;56;77.783;9.9
974;8;57;47.073;16.07
975;8;57;54.188;15.03
976;8;58;18.71;6.25
977;8;59;19.222;15.58
978;9;10;14.4;7.83
979;9;10;16.54;14.84
980;9;11;58.016;12.6
981;9;12;29.821;10.38
982;9;12;32.835;22.39
983;9;12;30.099;11.01
984;9;13;10.323;20.51
985;9;14;19.811;8.64
986;9;14;24.254;7.09
987;9;14;19.548;5.72
988;9;15;23.621;18.36
989;9;16;9.749;12.18
990;9;16;10.027;6.6
991;9;17;35.092;7.5
992;9;18;34.348;3.73
993;9;19;58.017;22.43
994;9;19;54.519;22.29
995;9;20;12.858;8.95
996;9;21;32.62;1.56
997;9;21;37.069;9.81
998;9;22;71.81;11.63
999;9;22;82.2;13.2
1000;9;22;88.943;14.45
1001;9;23;12.0;4.83
1002;9;24;33.502;16.12
1003;9;25;12.156;23.42
1004;9;25;15.15;14.75
1005;9;25;12.93;15.95
1006;9;26;6.869;23.01
1007;9;26;5.476;3.24
1008;9;27;22.821;13.47
1009;9;27;23.107;21.83
1010;9;27;25.306;3.5
1011;9;28;31.911;10.59
1012;9;28;27.439;1.53
1013;9;28;35.165;15.26
1014;9;29;77.822;17.53
1015;9;29;86.615;13.4
1016;9;30;31.705;11.39
1017;9;30;39.155;2.57
1018;9;30;35.938;6.18
1019;9;31;14.02;17.82
1020;9;31;15.9;1.59
1021;9;31;12.652;8.05
1022;9;32;95.389;1.14
1023;9;33;17.705;7.05
1024;9;33;18.029;12.41
1025;9;34;27.411;0.51
1026;9;34;29.907;8.24
1027;9;35;59.384;11.96
1028;9;35;65.431;23.76
1029;9;36;21.487;0.25
1030;9;36;16.957;4.13
1031;9;36;24.399;11.5
1032;9;37;15.801;19.89
1033;9;38;12.156;8.37
1034;9;39;10.905;3.41
1035;9;39;11.197;23.08
1036;9;39;13.072;6.39
1037;9;40;36.496;18.77
1038;9;40;36.66;20.17
1039;9;41;31.063;3.96
1040;9;42;72.778;11.93
1041;9;43;54.08;6.95
1042;9;44;35.915;24.46
1043;9;45;13.441;19.83
1044;9;45;11.481;14.09
1045;9;45;11.924;0.73
1046;9;46;46.542;7.65
1047;9;46;36.087;2.44
1048;9;46;50.101;24.28
1049;9;47;47.282;0.4
1050;9;47;52.995;20.87
1051;9;47;53.371;21.01
1052;9;48;8.905;1.97
1053;9;48;8.944;1.66
1054;9;48;10.227;19.32
1055;9;49;31.487;10.71
1056;9;50;21.444;21.87
1057;9;51;49.578;13.53
1058;9;51;39.584;22.84
1059;9;52;15.128;0.06
1060;9;52;16.563;16.36
1061;9;52;12.455;10.97
1062;9;53;15.221;16.37
1063;9;53;16.066;16.45
1064;9;53;15.161;11.6
1065;9;54;8.556;4.59
1066;9;55;6.533;20.17
1067;9;55;6.948;3.84
1068;9;56;40.482;18.77
1069;9;56;44.716;9.9
1070;9;56;50.413;16.34
1071;9;57;23.871;7.03
1072;9;58;52.078;5.19
1073;9;58;39.816;9.26
1074;9;59;22.688;1.36
1075;9;59;19.792;4.18
1076;10;11;53.228;7.75
1077;10;12;25.644;5.53
1078;10;13;15.372;24.92
1079;10;13;14.351;11.02
1080;10;13;12.484;16.53
1081;10;14;25.526;1.1
1082;10;14;31.251;11.2
1083;10;14;26.254;20.57
1084;10;15;14.501;5.04
1085;10;15;12.996;9.55
1086;10;16;10.085;17.91
1087;10;16;10.688;20.91
1088;10;17;29.21;23.88
1089;10;18;32.326;6.77
1090;10;19;48.168;24.66
1091;10;19;42.708;2.91
1092;10;19;45.956;24.36
1093;10;20;15.208;5.61
1094;10;20;16.45;20.66
1095;10;21;28.044;3.11
1096;10;21;30.45;15.38
1097;10;22;61.687;1.37
1098;10;22;58.785;16.5
1099;10;22;66.3;1.55
1100;10;23;3.361;16.03
1101;10;23;3.885;1.33
1102;10;23;2.679;15.92
1103;10;24;32.276;18.13
1104;10;24;29.176;4.93
1105;10;25;14.627;19.89
1106;10;25;18.158;12.64
1107;10;25;17.822;0.03
1108;10;26;11.546;13.77
1109;10;27;21.551;21.52
1110;10;27;23.807;19.53
1111;10;28;29.198;14.53
1112;10;29;64.423;4.23
1113;10;29;58.304;23.51
1114;10;29;60.484;20.82
1115;10;30;28.693;8.8
1116;10;30;32.392;11.12
1117;10;31;24.63;4.94
1118;10;32;85.235;12.81
1119;10;32;88.569;17.99
1120;10;33;17.568;4.62
1121;10;33;16.467;11.85
1122;10;34;17.085;18.12
1123;10;34;12.96;6.48
1124;10;35;52.053;14.68
1125;10;35;61.377;14.01
1126;10;35;41.8;1.08
1127;10;36;28.573;10.31
1128;10;37;27.476;7.91
1129;10;38;14.627;16.25
1130;10;39;14.075;15.24
1131;10;39;17.442;3.71
1132;10;40;29.451;9.62
1133;10;41;21.106;9.75
1134;10;41;21.679;0.39
1135;10;41;16.509;14.15
1136;10;42;60.565;4.09
1137;10;43;61.686;6.67
1138;10;43;72.193;14.16
1139;10;44;32.459;14.2
1140;10;44;31.177;3.43
1141;10;44;36.701;4.16
1142;10;45;25.602;23.35
1143;10;45;24.264;5.2
1144;10;45;25.033;7.97
1145;10;46;40.557;10.1
1146;10;47;53.966;21.69
1147;10;47;41.319;14.9
1148;10;48;10.203;16.78
1149;10;48;10.024;7.96
1150;10;49;27.211;17.85
1151;10;49;20.675;1.61
1152;10;49;23.502;22.4
1153;10;50;25.006;18.64
1154;10;50;19.988;1.47
1155;10;50;21.265;13.1
1156;10;51;44.526;14.04
1157;10;51;48.83;17.57
1158;10;52;18.504;8.48
1159;10;52;16.479;19.72
1160;10;52;22.328;19.59
1161;10;53;18.1;22.93
1162;10;53;16.605;14.8
1163;10;54;10.121;19.07
1164;10;55;10.847;7.13
1165;10;55;11.874;3.09
1166;10;56;27.834;18.47
1167;10;56;26.778;4.28
1168;10;57;17.639;23.67
1169;10;57;13.938;3.19
1170;10;57;20.457;18.85
1171;10;58;62.109;15.0
1172;10;58;64.142;15.09
1173;10;58;63.133;18.64
1174;10;59;32.509;17.61
1175;10;59;37.33;12.46
1176;10;59;40.409;21.77
1177;11;12;28.38;10.12
1178;11;12;25.34;8.14
1179;11;13;47.93;14.21
1180;11;13;35.998;20.17
1181;11;14;42.406;20.52
1182;11;14;34.822;24.04
1183;11;15;65.986;8.83
1184;11;16;48.924;2.37
1185;11;16;41.934;1.92
1186;11;17;24.021;22.95
1187;11;17;22.922;13.49
1188;11;18;24.134;6.08
1189;11;19;22.443;5.98
1190;11;20;45.195;7.9
1191;11;21;25.655;12.51
1192;11;21;20.065;14.08
1193;11;21;24.698;12.54
1194;11;22;28.838;1.89
1195;11;23;55.908;7.04
1196;11;24;25.455;10.97
1197;11;24;24.795;9.79
1198;11;24;25.765;0.63
1199;11;25;45.875;18.91
1200;11;25;38.635;9.53
1201;11;26;51.304;17.46
1202;11;26;51.455;8.14
1203;11;27;35.236;0.87
1204;11;27;38.027;0.38
1205;11;27;36.599;24.35
1206;11;28;26.164;14.93
1207;11;28;31.015;10.51
1208;11;29;91.357;9.43
1209;11;29;82.118;21.78
1210;11;30;26.323;10.44
1211;11;30;31.747;0.3
1212;11;30;32.043;8.56
1213;11;31;51.604;16.22
1214;11;32;46.711;2.96
1215;11;32;35.539;11.43
1216;11;33;40.323;18.03
1217;11;33;42.035;22.35
1218;11;34;37.429;11.23
1219;11;34;36.179;22.51
1220;11;35;10.835;15.12
1221;11;35;9.057;22.92
1222;11;36;43.814;6.12
1223;11;36;45.795;23.82
1224;11;37;53.895;20.7
1225;11;37;62.107;2.42
1226;11;38;45.875;0.96
1227;11;39;47.122;9.17
1228;11;40;24.068;14.61
1229;11;40;25.772;8.92
1230;11;40;30.048;2.59
1231;11;41;70.128;22.27
1232;11;41;69.796;12.03
1233;11;41;76.801;8.1
1234;11;42;41.633;1.93
1235;11;42;39.089;17.08
1236;11;42;50.698;10.99
1237;11;43;49.181;17.31
1238;11;44;22.112;17.43
1239;11;45;54.891;14.55
1240;11;46;12.957;16.31
1241;11;47;42.68;16.31
1242;11;47;40.659;8.57
1243;11;47;34.644;19.03
1244;11;48;49.686;12.94
1245;11;48;56.577;20.62
1246;11;49;26.702;18.04
1247;11;50;39.055;12.94
1248;11;51;8.703;2.09
1249;11;51;9.005;16.02
1250;11;51;7.311;4.46
1251;11;52;43.48;8.38
1252;11;53;43.212;24.03
1253;11;54;50.062;6.15
1254;11;55;51.859;23.35
1255;11;56;68.942;6.41
1256;11;57;35.755;8.45
1257;11;58;59.369;0.27
1258;11;58;73.42;14.04
1259;11;59;49.508;24.5
1260;11;59;38.26;13.0
1261;12;13;20.072;13.63
1262;12;14;18.034;17.74
1263;12;14;21.47;18.32
1264;12;15;39.493;14.07
1265;12;15;32.967;18.11
1266;12;15;32.692;11.71
1267;12;16;20.552;17.52
1268;12;16;21.391;6.32
1269;12;17;5.893;7.28
1270;12;17;6.477;9.08
1271;12;18;7.406;23.29
1272;12;18;8.636;17.37
1273;12;19;31.01;3.18
1274;12;20;17.198;11.73
1275;12;21;2.805;23.32
1276;12;21;3.063;6.76
1277;12;21;3.248;6.62
1278;12;22;44.461;21.43
1279;12;22;49.303;9.11
1280;12;22;49.995;18.02
1281;12;23;27.982;0.59
1282;12;23;23.719;18.98
1283;12;23;34.971;5.78
1284;12;24;8.231;11.68
1285;12;24;8.165;2.67
1286;12;25;17.815;19.79
1287;12;25;18.706;21.31
1288;12;26;23.02;23.09
1289;12;26;26.504;7.55
1290;12;27;7.708;20.2
1291;12;28;4.209;15.77
1292;12;28;3.623;23.17
1293;12;29;77.694;20.34
1294;12;29;93.339;12.59
1295;12;29;70.24;2.63
1296;12;30;3.504;21.36
1297;12;30;3.842;2.57
1298;12;31;26.057;0.68
1299;12;32;67.493;9.13
1300;12;32;64.642;10.2
1301;12;33;12.365;13.81
1302;12;33;10.813;16.8
1303;12;33;10.751;5.07
1304;12;34;13.514;4.85
1305;12;35;29.895;17.16
1306;12;35;27.464;20.5
1307;12;35;24.611;9.81
1308;12;36;20.912;3.51
1309;12;36;16.469;3.4
1310;12;37;29.019;13.79
1311;12;37;24.738;9.9
1312;12;37;35.621;20.38
1313;12;38;17.815;0.82
1314;12;38;13.888;11.46
1315;12;39;19.032;15.38
1316;12;40;8.447;9.24
1317;12;40;6.894;12.3
1318;12;40;9.438;15.43
1319;12;41;44.869;10.32
1320;12;42;49.42;4.95
1321;12;43;45.02;11.03
1322;12;43;43.005;19.11
1323;12;43;34.208;11.78
1324;12;44;6.815;10.1
1325;12;45;29.241;0.21
1326;12;45;26.658;20.0
1327;12;46;16.782;16.27
1328;12;46;15.97;11.61
1329;12;47;36.695;2.19
1330;12;48;21.324;15.47
1331;12;48;20.976;15.52
1332;12;49;1.678;4.68
1333;12;49;1.972;6.74
1334;12;50;14.425;7.65
1335;12;50;13.007;16.18
1336;12;51;19.811;19.06
1337;12;52;16.173;21.36
1338;12;52;18.781;12.18
1339;12;52;18.291;6.96
1340;12;53;15.76;16.46
1341;12;53;14.284;23.62
1342;12;54;21.699;1.08
1343;12;55;23.534;11.29
1344;12;55;19.427;21.2
1345;12;56;47.031;3.57
1346;12;56;40.455;7.59
1347;12;57;8.136;19.83
1348;12;57;7.175;13.96
1349;12;58;50.115;13.76
1350;12;58;52.307;19.92
1351;12;58;57.057;18.21
1352;12;59;27.562;7.37
1353;13;14;10.748;17.99
1354;13;14;12.026;1.66
1355;13;14;11.555;24.35
1356;13;15;28.859;1.56
1357;13;15;28.237;15.34
1358;13;16;5.307;5.51
1359;13;17;25.659;12.86
1360;13;18;24.083;14.4
1361;13;18;22.847;12.72
1362;13;18;27.82;23.81
1363;13;19;49.732;9.96
1364;13;19;47.943;10.36
1365;13;19;53.62;0.31
1366;13;20;2.93;9.96
1367;13;21;22.87;16.06
1368;13;22;63.49;13.49
1369;13;22;50.65;11.39
1370;13;23;15.151;10.5
1371;13;23;16.948;4.42
1372;13;23;14.215;6.55
1373;13;24;23.19;10.91
1374;13;24;25.336;8.0
1375;13;24;19.773;23.68
1376;13;25;2.493;1.23
1377;13;25;2.258;18.11
1378;13;26;4.784;2.56
1379;13;26;5.089;15.72
1380;13;27;12.704;0.99
1381;13;27;12.544;3.5
1382;13;27;10.609;9.72
1383;13;28;21.767;8.31
1384;13;28;26.254;15.48
1385;13;29;79.27;8.28
1386;13;29;63.375;21.08
1387;13;30;21.618;7.25
1388;13;31;9.971;4.33
1389;13;31;11.378;5.81
1390;13;31;11.833;9.27
1391;13;32;86.899;4.04
1392;13;32;72.026;0.52
1393;13;33;7.711;12.13
1394;13;34;20.993;18.61
1395;13;34;20.179;0.39
1396;13;34;17.634;10.16
1397;13;35;49.936;24.08
1398;13;36;13.413;1.9
1399;13;36;14.52;14.76
1400;13;36;16.663;13.52
1401;13;37;13.189;18.96
1402;13;38;2.493;7.83
1403;13;38;2.728;0.8
1404;13;39;1.755;0.94
1405;13;39;1.352;6.37
1406;13;39;2.041;9.7
1407;13;40;27.449;20.22
1408;13;40;25.864;19.87
1409;13;41;36.006;11.87
1410;13;41;40.762;12.0
1411;13;41;30.965;12.03
1412;13;42;66.028;3.0
1413;13;42;81.151;10.94
1414;13;43;46.746;3.13
1415;13;43;36.432;5.9
1416;13;43;48.224;2.31
1417;13;44;25.823;5.66
1418;13;44;22.06;9.28
1419;13;45;11.984;3.47
1420;13;45;14.245;17.98
1421;13;46;36.848;22.56
1422;13;46;32.864;24.05
1423;13;47;39.311;23.27
1424;13;48;5.201;23.68
1425;13;49;21.696;21.75
1426;13;49;23.07;19.05
1427;13;50;11.496;11.78
1428;13;50;13.319;8.86
1429;13;51;39.61;4.71
1430;13;51;39.88;5.34
1431;13;51;49.139;1.0
1432;13;52;4.84;15.65
1433;13;53;4.899;10.34
1434;13;53;5.752;4.08
1435;13;54;5.349;9.45
1436;13;54;4.411;12.95
1437;13;54;4.425;24.42
1438;13;55;5.652;18.55
1439;13;55;4.243;19.12
1440;13;56;43.161;10.42
1441;13;57;15.474;18.6
1442;13;58;46.738;5.59
1443;13;58;55.261;24.25
1444;13;59;17.194;8.06
1445;13;59;15.562;4.46
1446;13;59;19.393;1.96
1447;14;15;39.479;5.62
1448;14;16;15.606;23.08
1449;14;17;23.842;4.52
1450;14;18;18.528;8.87
1451;14;18;21.765;0.41
1452;14;18;20.295;14.46
1453;14;19;48.998;19.33
1454;14;20;10.322;14.22
1455;14;20;7.963;13.66
1456;14;21;20.363;10.78
1457;14;22;62.303;8.22
1458;14;22;68.59;11.45
1459;14;23;25.756;20.27
1460;14;23;26.307;17.81
1461;14;23;23.418;16.67
1462;14;24;17.004;20.33
1463;14;24;21.2;8.62
1464;14;25;10.906;4.71
1465;14;25;9.965;2.36
1466;14;25;11.809;19.99
1467;14;26;15.512;2.87
1468;14;26;16.283;4.3
1469;14;26;12.06;0.57
1470;14;27;11.015;21.93
1471;14;27;10.115;24.85
1472;14;27;12.008;11.38
1473;14;28;17.511;23.83
1474;14;28;17.577;2.03
1475;14;29;87.948;16.32
1476;14;30;17.738;21.99
1477;14;30;15.63;8.7
1478;14;30;19.344;16.14
1479;14;31;9.237;7.06
1480;14;32;85.017;0.59
1481;14;33;9.857;20.56
1482;14;33;7.497;13.64
1483;14;34;25.458;8.79
1484;14;34;30.404;22.68
1485;14;34;25.523;11.25
1486;14;35;46.588;4.34
1487;14;35;56.186;16.42
1488;14;35;37.233;22.57
1489;14;36;3.511;11.58
1490;14;37;11.562;5.14
1491;14;37;8.775;23.53
1492;14;37;11.662;17.88
1493;14;38;10.906;21.68
1494;14;38;13.63;4.67
1495;14;38;11.443;13.3
1496;14;39;11.6;22.84
1497;14;39;13.677;4.73
1498;14;39;10.65;16.61
1499;14;40;26.476;19.56
1500;14;40;25.34;5.86
1501;14;41;46.506;9.43
1502;14;41;41.559;11.32
1503;14;42;67.324;4.76
1504;14;43;36.177;1.19
1505;14;43;35.753;16.6
1506;14;44;21.391;1.83
1507;14;44;24.728;16.22
1508;14;45;12.504;11.32
1509;14;45;12.373;2.4
1510;14;45;14.684;22.68
1511;14;46;33.289;3.77
1512;14;46;33.598;14.04
1513;14;47;28.603;10.36
1514;14;47;34.425;6.4
1515;14;47;26.811;10.3
1516;14;48;15.741;17.98
1517;14;48;18.842;18.29
1518;14;48;16.761;10.92
1519;14;49;19.211;2.29
1520;14;49;23.607;16.61
1521;14;50;3.653;18.54
1522;14;50;2.819;9.37
1523;14;50;3.046;3.38
1524;14;51;34.894;16.81
1525;14;51;27.725;24.41
1526;14;51;28.031;0.93
1527;14;52;7.079;7.75
1528;14;53;7.563;18.76
1529;14;53;8.964;22.93
1530;14;54;15.957;22.79
1531;14;55;16.386;0.41
1532;14;55;12.364;23.44
1533;14;55;17.423;5.46
1534;14;56;52.865;10.07
1535;14;56;39.731;21.47
1536;14;57;18.112;17.43
1537;14;57;14.445;2.0
1538;14;57;19.657;16.56
1539;14;58;37.204;20.89
1540;14;58;38.785;10.51
1541;14;59;9.829;22.95
1542;14;59;10.404;23.83
1543;15;16;23.888;15.8
1544;15;16;21.529;11.43
1545;15;17;42.271;17.89
1546;15;17;46.31;20.76
1547;15;17;41.857;18.05
1548;15;18;46.477;5.84
1549;15;18;45.708;11.87
1550;15;18;39.537;23.7
1551;15;19;57.399;0.75
1552;15;19;43.608;19.7
1553;15;19;45.43;5.02
1554;15;20;29.303;4.94
1555;15;20;33.346;1.25
1556;15;20;29.693;22.45
1557;15;21;41.666;6.12
1558;15;21;39.379;19.76
1559;15;21;40.893;19.11
1560;15;22;70.123;4.41
1561;15;22;56.513;6.49
1562;15;23;13.725;11.45
1563;15;23;10.995;20.27
1564;15;24;46.565;19.51
1565;15;25;28.647;18.97
1566;15;25;22.794;5.9
1567;15;26;24.314;11.54
1568;15;26;18.858;18.89
1569;15;26;19.998;20.13
1570;15;27;36.011;15.55
1571;15;27;40.5;12.58
1572;15;28;43.283;1.17
1573;15;29;55.48;9.97
1574;15;30;42.726;14.4
1575;15;30;32.47;1.81
1576;15;31;36.838;19.84
1577;15;31;38.068;24.52
1578;15;31;36.56;6.91
1579;15;32;93.102;10.76
1580;15;32;116.372;17.64
1581;15;33;32.05;18.83
1582;15;33;38.385;20.29
1583;15;33;33.546;4.91
1584;15;34;28.594;9.06
1585;15;34;23.036;9.71
1586;15;35;63.342;12.12
1587;15;36;42.272;0.49
1588;15;37;39.149;1.51
1589;15;37;47.874;21.28
1590;15;38;28.647;19.68
1591;15;38;27.776;11.07
1592;15;39;27.879;13.61
1593;15;39;32.711;19.52
1594;15;39;32.661;5.54
1595;15;40;41.918;6.47
1596;15;40;47.946;2.01
1597;15;40;51.525;12.92
1598;15;41;7.444;9.82
1599;15;41;8.248;5.57
1600;15;41;8.907;9.14
1601;15;42;66.005;23.26
1602;15;42;64.364;21.7
1603;15;43;75.602;5.69
1604;15;43;62.969;11.39
1605;15;44;46.263;13.8
1606;15;44;40.314;23.93
1607;15;45;36.905;4.16
1608;15;45;41.623;22.59
1609;15;45;43.208;15.18
1610;15;46;53.065;3.77
1611;15;46;43.974;16.68
1612;15;46;64.545;12.12
1613;15;47;68.074;5.45
1614;15;47;60.746;9.8
1615;15;48;23.744;20.07
1616;15;48;25.393;20.73
1617;15;49;40.964;22.74
1618;15;50;39.32;13.87
1619;15;50;44.231;15.85
1620;15;51;57.371;10.72
1621;15;52;32.631;11.05
1622;15;52;35.037;22.28
1623;15;52;26.163;20.31
1624;15;53;32.29;18.99
1625;15;53;24.37;21.91
1626;15;53;24.829;12.32
1627;15;54;23.543;9.62
1628;15;54;18.274;2.57
1629;15;55;23.458;8.57
1630;15;55;19.619;14.91
1631;15;56;18.077;1.75
1632;15;56;13.699;10.49
1633;15;57;31.358;4.64
1634;15;57;29.144;4.22
1635;15;58;75.07;15.92
1636;15;59;45.309;1.09
1637;15;59;40.416;1.41
1638;15;59;50.02;23.37
1639;16;17;25.556;24.71
1640;16;18;25.88;11.66
1641;16;18;29.139;18.51
1642;16;19;48.284;5.19
1643;16;19;44.974;9.99
1644;16;20;5.468;1.54
1645;16;20;5.821;14.32
1646;16;20;5.909;6.31
1647;16;21;23.312;9.68
1648;16;21;28.479;5.55
1649;16;21;17.942;20.19
1650;16;22;62.08;1.11
1651;16;23;10.181;24.88
1652;16;23;9.855;2.86
1653;16;24;25.339;0.67
1654;16;24;26.534;20.37
1655;16;25;4.777;21.89
1656;16;25;5.03;15.08
1657;16;26;3.09;8.67
1658;16;26;2.603;22.83
1659;16;27;14.254;9.11
1660;16;27;17.072;14.27
1661;16;27;13.154;7.09
1662;16;28;23.133;23.0
1663;16;28;24.141;20.07
1664;16;29;74.04;5.64
1665;16;30;22.821;20.01
1666;16;30;22.468;23.41
1667;16;30;20.552;16.76
1668;16;31;14.979;7.92
1669;16;32;85.65;1.65
1670;16;33;9.29;9.99
1671;16;33;7.77;11.54
1672;16;34;17.99;11.18
1673;16;35;49.773;6.14
1674;16;35;57.842;17.12
1675;16;35;55.862;0.6
1676;16;36;18.534;8.87
1677;16;36;21.944;3.24
1678;16;37;18.056;4.32
1679;16;37;21.736;15.37
1680;16;38;4.777;23.88
1681;16;39;4.023;12.9
1682;16;39;3.847;12.82
1683;16;40;26.818;20.85
1684;16;40;20.829;4.83
1685;16;40;21.48;13.34
1686;16;41;30.906;17.86
1687;16;41;23.902;1.51
1688;16;42;63.438;24.92
1689;16;43;51.773;11.25
1690;16;43;45.717;11.59
1691;16;43;56.213;21.88
1692;16;44;26.979;3.31
1693;16;45;16.512;9.63
1694;16;46;37.094;20.42
1695;16;47;44.188;14.55
1696;16;47;49.247;4.04
1697;16;48;0.845;19.35
1698;16;48;1.021;3.53
1699;16;49;22.231;5.35
1700;16;50;15.584;0.98
1701;16;51;40.36;7.8
1702;16;51;46.773;9.58
1703;16;51;43.438;22.71
1704;16;52;8.778;4.63
1705;16;53;8.489;20.96
1706;16;54;1.197;6.18
1707;16;54;1.061;7.2
1708;16;54;1.161;22.0
1709;16;55;3.218;14.11
1710;16;55;2.707;22.77
1711;16;56;37.854;19.51
1712;16;57;14.144;9.78
1713;16;57;12.92;21.16
1714;16;58;52.029;8.69
1715;16;58;45.452;2.82
1716;16;58;42.165;11.74
1717;16;59;22.496;2.48
1718;16;59;26.579;8.86
1719;16;59;25.632;16.81
1720;17;18;9.199;1.19
1721;17;18;7.717;7.54
1722;17;19;25.157;8.95
1723;17;20;22.745;12.13
1724;17;20;26.149;12.67
1725;17;21;3.558;0.63
1726;17;21;2.941;18.48
1727;17;22;38.57;7.88
1728;17;23;31.901;13.22
1729;17;23;28.252;2.43
1730;17;24;10.87;17.47
1731;17;24;8.803;9.5
1732;17;24;12.393;20.92
1733;17;25;23.314;17.57
1734;17;25;18.625;20.29
1735;17;25;28.291;5.18
1736;17;26;28.231;23.03
1737;17;26;33.902;10.66
1738;17;26;24.907;22.93
1739;17;27;13.572;0.85
1740;17;27;11.911;6.25
1741;17;27;14.978;15.99
1742;17;28;7.399;21.11
1743;17;29;76.063;10.53
1744;17;30;6.816;19.61
1745;17;30;7.16;4.54
1746;17;31;31.95;14.6
1747;17;31;36.905;13.1
1748;17;31;38.206;24.03
1749;17;32;61.618;8.2
1750;17;32;55.372;21.55
1751;17;33;18.012;18.62
1752;17;34;14.211;21.52
1753;17;35;24.317;21.18
1754;17;35;25.061;22.13
1755;17;36;26.6;16.85
1756;17;36;32.932;4.69
1757;17;36;29.779;3.85
1758;17;37;34.908;20.38
1759;17;37;28.345;0.3
1760;17;37;32.568;8.94
1761;17;38;23.314;24.3
1762;17;38;18.4;22.84
1763;17;39;24.494;20.47
1764;17;40;3.047;0.67
1765;17;40;2.288;0.93
1766;17;41;46.969;11.72
1767;17;42;43.898;9.59
1768;17;42;51.531;5.11
1769;17;42;52.244;22.03
1770;17;43;48.138;0.65
1771;17;43;37.607;4.14
1772;17;44;6.249;7.6
1773;17;45;35.128;17.24
1774;17;46;11.583;10.43
1775;17;46;10.297;19.31
1776;17;46;8.861;16.9
1777;17;47;39.886;16.44
1778;17;47;41.564;1.91
1779;17;47;43.104;12.61
1780;17;48;26.367;2.6
1781;17;49;4.645;21.79
1782;17;49;3.724;4.16
1783;17;50;20.207;2.19
1784;17;50;21.656;12.0
1785;17;51;15.318;4.68
1786;17;51;17.701;2.87
1787;17;51;18.153;23.85
1788;17;52;21.973;3.2
1789;17;52;24.176;24.12
1790;17;52;17.39;8.94
1791;17;53;21.534;13.97
1792;17;53;21.171;14.83
1793;17;53;20.249;8.55
1794;17;54;26.738;5.99
1795;17;54;22.679;21.8
1796;17;54;25.068;5.7
1797;17;55;28.664;9.85
1798;17;55;26.086;16.67
1799;17;56;47.647;8.47
1800;17;56;56.386;1.2
1801;17;57;11.806;11.24
1802;17;57;12.483;7.01
1803;17;58;54.257;24.41
1804;17;58;50.076;13.61
1805;17;58;66.253;7.42
1806;17;59;33.232;4.12
1807;17;59;29.565;21.08
1808;17;59;40.96;6.51
1809;18;19;32.227;24.25
1810;18;20;21.505;20.77
1811;18;20;20.202;18.51
1812;18;20;26.379;11.94
1813;18;21;6.556;11.76
1814;18;21;6.961;8.24
1815;18;22;44.819;2.72
1816;18;22;36.683;5.5
1817;18;22;55.023;3.64
1818;18;23;34.368;8.02
1819;18;23;37.228;11.52
1820;18;23;34.967;5.13
1821;18;24;1.897;3.54
1822;18;24;2.188;18.55
1823;18;25;22.227;8.14
1824;18;26;27.876;15.6
1825;18;26;24.013;10.87
1826;18;26;33.171;9.6
1827;18;27;11.648;22.13
1828;18;27;12.891;4.22
1829;18;28;3.248;3.49
1830;18;29;84.631;3.4
1831;18;29;79.796;14.69
1832;18;29;78.378;14.17
1833;18;30;3.909;15.66
1834;18;31;27.607;14.46
1835;18;31;29.028;19.51
1836;18;32;66.937;8.09
1837;18;32;69.811;17.62
1838;18;33;16.748;19.34
1839;18;33;15.298;12.72
1840;18;34;20.863;7.42
1841;18;35;28.214;3.6
1842;18;35;33.031;5.38
1843;18;36;20.445;3.09
1844;18;36;17.129;3.95
1845;18;36;19.33;0.94
1846;18;37;30.089;20.05
1847;18;37;29.354;9.7
1848;18;38;22.227;4.6
1849;18;39;23.479;5.76
1850;18;40;12.186;15.51
1851;18;40;14.931;15.26
1852;18;41;52.081;22.01
1853;18;42;51.946;11.16
1854;18;43;38.943;3.27
1855;18;43;30.818;17.46
1856;18;43;38.017;14.83
1857;18;44;3.532;18.13
1858;18;44;4.135;5.49
1859;18;45;30.9;24.03
1860;18;46;15.062;22.71
1861;18;47;30.687;0.02
1862;18;47;30.026;15.06
1863;18;48;26.558;3.33
1864;18;48;30.839;23.94
1865;18;48;21.413;15.76
1866;18;49;6.471;9.14
1867;18;49;7.082;23.24
1868;18;50;15.035;23.9
1869;18;51;16.368;7.32
1870;18;51;18.469;12.92
1871;18;52;19.469;19.42
1872;18;52;15.232;6.23
1873;18;53;19.252;2.1
1874;18;54;26.925;17.17
1875;18;55;28.531;2.06
1876;18;55;34.844;23.6
1877;18;55;22.212;1.91
1878;18;56;54.436;5.14
1879;18;56;67.441;7.53
1880;18;57;15.297;11.49
1881;18;57;13.682;3.51
1882;18;58;45.24;4.15
1883;18;58;48.886;19.81
1884;18;59;26.736;22.2
1885;18;59;26.46;18.87
1886;18;59;23.347;17.37
1887;19;20;46.819;1.65
1888;19;20;45.332;12.06
1889;19;21;28.646;10.04
1890;19;22;13.798;1.58
1891;19;22;13.824;1.1
1892;19;22;10.712;8.8
1893;19;23;51.445;13.25
1894;19;23;52.454;22.15
1895;19;23;60.569;20.16
1896;19;24;34.121;23.59
1897;19;25;47.259;15.64
1898;19;25;45.0;19.49
1899;19;25;58.058;23.67
1900;19;26;51.287;6.22
1901;19;26;39.381;10.21
1902;19;26;49.718;23.75
1903;19;27;38.546;16.65
1904;19;27;33.313;5.24
1905;19;28;31.918;12.33
1906;19;28;29.446;24.49
1907;19;28;29.09;3.96
1908;19;29;70.88;2.24
1909;19;30;31.525;0.67
1910;19;30;37.759;3.29
1911;19;30;26.863;9.69
1912;19;31;56.963;23.8
1913;19;31;42.857;14.42
1914;19;31;64.238;3.57
1915;19;32;37.38;21.8
1916;19;33;42.459;23.58
1917;19;34;31.245;14.63
1918;19;34;38.032;12.07
1919;19;35;12.143;5.26
1920;19;35;14.924;4.69
1921;19;35;12.816;10.84
1922;19;36;51.688;15.91
1923;19;37;59.995;3.84
1924;19;37;50.101;7.2
1925;19;38;47.259;18.42
1926;19;39;48.307;14.2
1927;19;39;46.838;13.72
1928;19;39;41.395;8.02
1929;19;40;22.663;13.56
1930;19;40;22.332;7.63
1931;19;40;19.36;0.05
1932;19;41;59.367;15.82
1933;19;41;71.322;13.66
1934;19;41;69.162;11.15
1935;19;42;20.49;9.63
1936;19;42;17.215;20.29
1937;19;43;67.696;8.76
1938;19;43;67.599;16.42
1939;19;44;28.729;19.84
1940;19;44;21.92;13.51
1941;19;44;25.129;12.53
1942;19;45;60.077;13.77
1943;19;45;71.896;20.35
1944;19;46;18.228;18.53
1945;19;46;14.084;5.38
1946;19;46;13.767;7.36
1947;19;47;60.114;8.99
1948;19;47;57.793;19.72
1949;19;47;72.24;0.4
1950;19;48;49.129;19.96
1951;19;48;54.664;11.53
1952;19;48;47.723;19.74
1953;19;49;29.788;4.96
1954;19;50;45.358;10.29
1955;19;50;47.789;3.66
1956;19;51;20.472;22.1
1957;19;51;19.093;20.14
1958;19;52;46.665;19.38
1959;19;52;35.366;3.88
1960;19;52;49.84;9.14
1961;19;53;46.165;24.43
1962;19;54;49.469;1.6
1963;19;55;51.501;9.84
1964;19;55;44.667;15.81
1965;19;56;54.697;6.39
1966;19;56;56.17;21.34
1967;19;56;47.972;11.32
1968;19;57;34.361;8.48
1969;19;58;76.122;17.61
1970;19;59;58.284;18.87
1971;19;59;59.176;23.74
1972;20;21;20.0;13.06
1973;20;22;60.572;17.63
1974;20;22;75.605;22.74
1975;20;23;15.628;1.67
1976;20;24;20.726;20.66
1977;20;25;0.76;14.1
1978;20;25;0.664;10.94
1979;20;26;6.494;6.25
1980;20;26;6.141;20.39
1981;20;27;9.969;4.38
1982;20;27;8.705;7.17
1983;20;27;8.171;15.14
1984;20;28;19.06;6.83
1985;20;29;78.211;14.17
1986;20;29;72.298;5.61
1987;20;30;18.873;24.44
1988;20;30;16.405;17.57
1989;20;31;11.952;6.42
1990;20;31;14.328;4.16
1991;20;31;11.41;24.83
1992;20;32;83.972;16.2
1993;20;32;69.411;20.96
1994;20;32;67.317;7.36
1995;20;33;4.879;21.69
1996;20;33;4.153;22.78
1997;20;34;18.455;12.55
1998;20;34;15.093;6.95
1999;20;35;47.035;12.26
2000;20;35;43.039;4.01
2001;20;36;13.464;6.07
2002;20;36;12.842;14.06
2003;20;36;10.38;9.17
2004;20;37;15.254;14.64
2005;20;37;18.5;21.81
2006;20;37;16.846;16.58
2007;20;38;0.76;18.66
2008;20;38;0.768;4.69
2009;20;39;1.983;11.27
2010;20;40;24.519;8.92
2011;20;41;36.234;19.22
2012;20;42;63.257;15.23
2013;20;43;46.48;2.99
2014;20;43;51.34;14.9
2015;20;44;23.084;12.82
2016;20;45;14.361;17.85
2017;20;46;33.979;1.94
2018;20;46;29.278;23.7
2019;20;47;38.807;14.42
2020;20;47;40.285;19.44
2021;20;47;32.318;3.1
2022;20;48;5.808;13.4
2023;20;49;18.835;5.01
2024;20;49;22.601;8.86
2025;20;50;10.118;19.06
2026;20;50;9.152;14.61
2027;20;51;36.819;13.24
2028;20;51;27.903;11.16
2029;20;51;39.151;17.67
2030;20;52;3.328;13.86
2031;20;52;3.026;2.85
2032;20;52;3.763;14.7
2033;20;53;3.022;23.54
2034;20;53;2.92;16.23
2035;20;54;6.106;24.9
2036;20;54;6.541;17.09
2037;20;55;7.248;0.36
2038;20;55;8.279;9.76
2039;20;56;42.64;4.44
2040;20;56;35.796;12.38
2041;20;57;12.617;8.63
2042;20;57;12.186;0.58
2043;20;58;47.239;10.63
2044;20;58;35.777;12.91
2045;20;59;18.196;15.15
2046;20;59;17.582;16.99
2047;20;59;18.602;20.17
2048;21;22;41.967;0.94
2049;21;22;41.681;18.86
2050;21;23;30.495;4.53
2051;21;24;7.941;12.3
2052;21;25;20.62;4.3
2053;21;25;20.638;19.15
2054;21;25;18.912;12.71
2055;21;26;25.811;10.64
2056;21;26;27.131;12.82
2057;21;27;10.416;10.42
2058;21;27;9.327;17.62
2059;21;27;10.427;24.11
2060;21;28;4.071;19.71
2061;21;29;78.082;11.38
2062;21;29;80.152;20.49
2063;21;30;3.402;11.35
2064;21;31;28.64;5.82
2065;21;32;64.881;5.28
2066;21;32;70.03;4.02
2067;21;33;15.161;11.57
2068;21;34;14.692;3.43
2069;21;34;17.071;4.11
2070;21;34;12.759;22.0
2071;21;35;27.123;24.43
2072;21;36;23.066;15.09
2073;21;37;31.539;15.62
2074;21;37;28.134;22.25
2075;21;38;20.62;22.39
2076;21;38;15.648;3.41
2077;21;39;21.837;14.98
2078;21;40;6.496;8.8
2079;21;41;46.809;16.01
2080;21;41;58.449;23.36
2081;21;41;53.441;21.6
2082;21;42;47.454;24.46
2083;21;42;55.179;3.89
2084;21;42;45.731;1.51
2085;21;43;45.288;8.37
2086;21;43;35.561;21.85
2087;21;43;39.706;2.47
2088;21;44;4.728;21.72
2089;21;44;5.656;4.16
2090;21;45;31.852;13.03
2091;21;45;36.963;24.94
2092;21;46;13.98;20.27
2093;21;46;15.134;23.21
2094;21;46;12.676;17.2
2095;21;47;36.992;6.45
2096;21;47;29.179;17.42
2097;21;47;32.429;15.81
2098;21;48;24.091;11.94
2099;21;48;26.807;20.68
2100;21;48;19.873;6.74
2101;21;49;1.201;17.08
2102;21;50;16.717;16.76
2103;21;51;17.05;13.97
2104;21;51;19.44;20.58
2105;21;52;18.914;19.35
2106;21;53;18.517;9.61
2107;21;53;20.87;2.03
2108;21;54;24.466;6.91
2109;21;54;24.111;21.65
2110;21;55;26.316;15.71
2111;21;55;25.237;10.3
2112;21;56;48.392;8.48
2113;21;56;52.009;1.42
2114;21;56;38.261;3.17
2115;21;57;10.41;8.65
2116;21;58;51.015;11.29
2117;21;58;40.502;4.22
2118;21;59;29.69;5.0
2119;21;59;35.224;10.89
2120;21;59;27.573;20.81
2121;22;23;64.996;15.05
2122;22;23;51.955;11.35
2123;22;24;46.677;1.29
2124;22;24;35.529;2.0
2125;22;24;36.315;8.18
2126;22;25;61.024;1.52
2127;22;25;70.461;18.28
2128;22;25;46.208;7.31
2129;22;26;65.084;23.46
2130;22;26;49.907;23.59
2131;22;27;52.091;16.69
2132;22;28;44.946;24.91
2133;22;29;75.592;23.18
2134;22;29;83.379;14.45
2135;22;30;44.63;13.34
2136;22;30;41.482;9.12
2137;22;30;38.268;13.99
2138;22;31;70.506;5.76
2139;22;31;69.798;21.84
2140;22;32;23.616;21.17
2141;22;33;56.153;18.67
2142;22;33;67.463;15.69
2143;22;33;68.31;13.24
2144;22;34;44.909;12.61
2145;22;34;44.446;13.87
2146;22;35;18.562;11.8
2147;22;35;21.742;12.96
2148;22;35;15.6;5.49
2149;22;36;64.83;17.47
2150;22;36;76.338;23.42
2151;22;36;68.111;23.73
2152;22;37;73.478;0.12
2153;22;37;87.93;16.74
2154;22;37;78.845;23.14
2155;22;38;61.024;11.78
2156;22;39;62.083;8.62
2157;22;39;64.637;8.85
2158;22;40;36.251;12.88
2159;22;40;44.219;10.39
2160;22;41;71.407;19.91
2161;22;41;74.378;4.35
2162;22;41;56.059;21.92
2163;22;42;15.436;23.36
2164;22;43;77.521;1.47
2165;22;44;41.435;20.81
2166;22;44;50.184;18.41
2167;22;45;73.659;19.85
2168;22;46;29.95;1.92
2169;22;46;35.421;19.3
2170;22;47;70.48;11.67
2171;22;48;62.925;5.85
2172;22;49;43.14;8.55
2173;22;49;48.368;0.02
2174;22;49;48.119;18.44
2175;22;50;58.65;0.51
2176;22;50;73.226;6.27
2177;22;51;30.638;2.49
2178;22;51;25.255;15.47
2179;22;52;60.322;2.37
2180;22;52;71.953;5.43
2181;22;53;59.834;2.82
2182;22;53;69.748;13.49
2183;22;53;52.088;10.08
2184;22;54;63.264;8.97
2185;22;55;65.297;23.69
2186;22;56;65.379;13.75
2187;22;57;48.15;2.58
2188;22;57;48.781;9.69
2189;22;57;38.761;24.28
2190;22;58;86.948;12.67
2191;22;58;103.945;14.13
2192;22;59;71.35;9.59
2193;23;24;34.163;16.65
2194;23;25;14.954;0.19
2195;23;25;15.307;7.02
2196;23;25;17.946;20.45
2197;23;26;10.724;16.61
2198;23;26;11.587;7.58
2199;23;26;10.524;4.0
2200;23;27;23.195;18.3
2201;23;28;31.323;23.96
2202;23;29;66.004;24.75
2203;23;30;30.866;16.08
2204;23;30;33.892;23.09
2205;23;30;34.22;10.52
2206;23;31;23.636;19.35
2207;23;32;88.556;21.71
2208;23;33;18.772;24.92
2209;23;33;20.371;3.39
2210;23;33;15.812;6.63
2211;23;34;20.283;11.93
2212;23;35;55.082;24.58
2213;23;36;28.563;6.66
2214;23;37;26.25;18.28
2215;23;37;20.784;17.49
2216;23;37;24.424;10.48
2217;23;38;14.954;19.12
2218;23;39;14.157;18.58
2219;23;40;32.328;3.26
2220;23;40;28.125;12.33
2221;23;40;34.951;10.0
2222;23;41;20.867;8.79
2223;23;41;15.877;3.74
2224;23;42;63.918;1.54
2225;23;42;71.469;11.17
2226;23;43;61.881;4.53
2227;23;43;71.514;10.81
2228;23;44;34.77;17.52
2229;23;44;28.061;11.54
2230;23;45;24.198;9.7
2231;23;46;43.358;8.45
2232;23;47;54.354;14.51
2233;23;48;10.018;24.65
2234;23;48;8.399;10.16
2235;23;49;29.595;14.4
2236;23;50;25.71;14.65
2237;23;51;47.207;17.98
2238;23;51;40.415;5.65
2239;23;52;18.951;18.37
2240;23;52;15.66;4.21
2241;23;53;18.636;24.96
2242;23;53;23.265;7.19
2243;23;53;22.402;16.81
2244;23;54;9.821;17.64
2245;23;55;9.9;11.63
2246;23;55;9.612;24.04
2247;23;55;11.35;3.91
2248;23;56;28.912;20.67
2249;23;56;31.842;24.61
2250;23;57;20.169;22.86
2251;23;57;19.462;4.24
2252;23;57;24.273;17.97
2253;23;58;61.638;8.38
2254;23;59;31.884;4.99
2255;23;59;33.124;22.72
2256;24;25;21.465;8.2
2257;24;26;27.172;5.38
2258;24;26;33.324;18.65
2259;24;26;27.538;20.74
2260;24;27;11.104;1.33
2261;24;27;9.223;24.5
2262;24;28;4.08;2.76
2263;24;28;3.971;20.66
2264;24;29;85.837;22.73
2265;24;30;4.821;6.56
2266;24;31;26.162;19.54
2267;24;31;27.999;20.21
2268;24;31;24.321;19.81
2269;24;32;68.717;8.39
2270;24;32;76.848;22.76
2271;24;32;53.967;20.7
2272;24;33;16.093;4.0
2273;24;33;17.719;16.24
2274;24;34;21.734;15.7
2275;24;35;29.941;24.26
2276;24;35;33.778;13.75
2277;24;35;32.959;9.28
2278;24;36;18.76;22.54
2279;24;36;21.032;8.88
2280;24;37;28.551;20.96
2281;24;37;26.029;15.15
2282;24;37;23.457;22.3
2283;24;38;21.465;21.81
2284;24;39;22.709;14.27
2285;24;39;19.134;18.54
2286;24;40;13.895;7.63
2287;24;40;13.796;3.69
2288;24;40;15.754;6.64
2289;24;41;52.353;19.71
2290;24;41;53.167;22.56
2291;24;42;53.837;14.82
2292;24;43;37.362;4.47
2293;24;44;5.426;1.19
2294;24;45;29.452;3.83
2295;24;46;16.863;10.77
2296;24;46;20.131;17.04
2297;24;47;29.078;1.83
2298;24;48;25.98;9.39
2299;24;48;23.316;22.5
2300;24;49;7.621;13.34
2301;24;50;13.601;18.13
2302;24;50;13.125;0.11
2303;24;50;11.856;18.51
2304;24;51;17.936;11.02
2305;24;51;21.869;22.38
2306;24;52;18.477;23.73
2307;24;53;18.311;3.22
2308;24;53;14.036;14.83
2309;24;53;20.509;16.9
2310;24;54;26.341;2.59
2311;24;54;21.776;6.97
2312;24;54;29.798;23.97
2313;24;55;27.861;21.33
2314;24;56;55.116;0.46
2315;24;57;15.696;24.59
2316;24;57;18.389;5.39
2317;24;57;16.415;2.39
2318;24;58;43.444;14.06
2319;24;58;49.513;7.81
2320;24;58;43.351;11.62
2321;24;59;24.972;23.21
2322;25;26;5.739;24.73
2323;25;27;10.664;7.36
2324;25;28;19.755;5.56
2325;25;29;77.853;16.38
2326;25;30;19.555;4.32
2327;25;31;11.984;9.88
2328;25;31;14.108;23.89
2329;25;31;14.703;5.01
2330;25;32;84.45;14.07
2331;25;32;81.741;23.0
2332;25;33;5.552;23.91
2333;25;34;18.593;17.39
2334;25;35;47.619;23.58
2335;25;35;53.065;16.62
2336;25;35;54.618;7.24
2337;25;36;13.977;21.73
2338;25;36;15.224;13.16
2339;25;37;15.269;9.21
2340;25;37;18.636;3.79
2341;25;37;15.772;13.01
2342;25;38;0.0;2.76
2343;25;38;0.0;4.05
2344;25;39;1.253;17.03
2345;25;40;25.033;24.4
2346;25;40;21.752;18.77
2347;25;41;35.612;21.15
2348;25;41;31.662;4.85
2349;25;42;63.546;23.07
2350;25;43;47.081;9.07
2351;25;44;23.766;21.38
2352;25;44;23.889;2.59
2353;25;45;14.258;5.13
2354;25;45;15.677;17.4
2355;25;46;34.595;14.56
2356;25;46;40.707;19.32
2357;25;46;34.141;15.54
2358;25;47;39.442;18.91
2359;25;47;37.729;7.02
2360;25;48;5.077;14.62
2361;25;48;6.28;24.12
2362;25;49;19.461;12.33
2363;25;49;22.096;15.67
2364;25;50;10.833;11.73
2365;25;50;12.032;3.89
2366;25;51;37.478;1.81
2367;25;51;32.047;2.17
2368;25;51;33.471;12.13
2369;25;52;4.002;1.33
2370;25;52;3.491;3.88
2371;25;52;4.488;1.48
2372;25;53;3.742;7.47
2373;25;54;5.368;22.35
2374;25;54;5.828;10.99
2375;25;54;4.136;0.3
2376;25;55;6.489;0.57
2377;25;56;42.153;19.33
2378;25;56;34.969;14.65
2379;25;57;12.982;13.6
2380;25;57;10.567;17.49
2381;25;58;47.699;8.98
2382;25;58;49.479;15.21
2383;25;59;18.52;6.81
2384;26;27;16.247;14.68
2385;26;27;18.865;13.18
2386;26;27;14.697;0.23
2387;26;28;25.295;18.83
2388;26;28;30.412;15.18
2389;26;29;75.941;4.95
2390;26;30;25.046;4.07
2391;26;30;19.231;12.34
2392;26;30;30.738;1.8
2393;26;31;13.091;7.13
2394;26;31;13.027;5.45
2395;26;31;13.157;23.99
2396;26;32;88.638;24.87
2397;26;32;108.599;3.06
2398;26;32;90.447;3.79
2399;26;33;11.129;4.83
2400;26;33;10.344;8.88
2401;26;33;13.211;15.61
2402;26;34;21.079;10.68
2403;26;35;52.517;17.87
2404;26;35;61.357;4.22
2405;26;35;53.58;11.4
2406;26;36;18.039;24.6
2407;26;37;15.946;20.83
2408;26;38;5.739;8.74
2409;26;39;4.534;17.59
2410;26;40;29.633;17.74
2411;26;40;27.311;12.96
2412;26;40;31.168;11.31
2413;26;41;31.563;16.2
2414;26;42;66.528;12.33
2415;26;42;59.887;4.37
2416;26;43;51.373;16.83
2417;26;43;58.462;21.06
2418;26;43;46.194;5.4
2419;26;44;29.244;7.62
2420;26;44;24.761;5.35
2421;26;44;23.613;10.17
2422;26;45;14.161;13.93
2423;26;45;16.915;19.14
2424;26;45;17.231;10.83
2425;26;46;39.703;2.59
2426;26;46;31.023;2.04
2427;26;46;44.236;14.36
2428;26;47;44.025;16.6
2429;26;47;33.594;23.91
2430;26;48;2.285;3.89
2431;26;49;24.692;22.69
2432;26;50;16.203;22.33
2433;26;50;18.721;2.03
2434;26;50;16.127;21.66
2435;26;51;42.813;9.86
2436;26;51;49.571;1.48
2437;26;51;52.93;6.48
2438;26;52;9.394;4.49
2439;26;52;9.598;13.8
2440;26;52;7.501;17.69
2441;26;53;9.3;15.64
2442;26;54;2.034;18.17
2443;26;54;2.328;18.76
2444;26;55;0.875;2.54
2445;26;55;0.985;16.72
2446;26;56;39.319;2.47
2447;26;56;48.039;1.34
2448;26;57;17.038;4.16
2449;26;57;14.298;22.34
2450;26;58;50.916;4.09
2451;26;59;21.172;20.95
2452;26;59;17.016;5.22
2453;27;28;9.092;2.28
2454;27;29;79.476;7.15
2455;27;29;89.182;8.88
2456;27;30;8.916;3.45
2457;27;31;18.422;4.55
2458;27;31;20.652;23.44
2459;27;32;75.189;6.14
2460;27;33;5.126;11.44
2461;27;33;5.665;15.91
2462;27;33;4.894;7.46
2463;27;34;15.322;14.83
2464;27;34;11.944;17.21
2465;27;34;13.357;8.44
2466;27;35;37.522;18.22
2467;27;36;14.274;11.82
2468;27;36;16.281;11.15
2469;27;37;21.46;24.71
2470;27;37;17.607;11.78
2471;27;37;22.341;0.07
2472;27;38;10.664;19.0
2473;27;38;10.333;0.19
2474;27;38;8.853;16.75
2475;27;39;11.916;16.75
2476;27;39;9.62;19.29
2477;27;40;15.883;11.58
2478;27;40;17.237;7.99
2479;27;40;18.427;15.49
2480;27;41;42.199;9.3
2481;27;41;50.682;11.78
2482;27;42;56.41;22.31
2483;27;42;66.358;3.83
2484;27;43;42.833;14.53
2485;27;44;13.124;0.41
2486;27;44;13.987;20.28
2487;27;44;15.934;21.68
2488;27;45;21.57;2.18
2489;27;46;24.3;16.75
2490;27;46;20.409;6.63
2491;27;47;34.629;6.89
2492;27;47;38.554;24.95
2493;27;47;31.606;22.88
2494;27;48;14.917;20.67
2495;27;49;9.217;9.28
2496;27;49;9.289;12.58
2497;27;49;11.295;12.2
2498;27;50;7.716;0.73
2499;27;50;7.073;8.16
2500;27;50;8.433;20.92
2501;27;51;26.913;11.83
2502;27;52;8.507;9.91
2503;27;52;8.414;15.24
2504;27;52;9.611;0.51
2505;27;53;8.134;15.6
2506;27;53;7.353;1.42
2507;27;54;15.282;11.99
2508;27;54;13.084;10.9
2509;27;55;16.888;17.92
2510;27;55;17.274;11.95
2511;27;56;46.32;9.33
2512;27;57;7.787;22.45
2513;27;57;6.457;2.26
2514;27;57;8.617;2.26
2515;27;58;46.158;16.97
2516;27;58;36.885;13.81
2517;27;59;20.827;4.67
2518;27;59;21.01;14.55
2519;27;59;16.109;8.3
2520;28;29;81.758;22.14
2521;28;30;0.742;4.32
2522;28;30;0.629;19.72
2523;28;31;26.27;1.09
2524;28;32;67.512;2.85
2525;28;32;82.359;6.37
2526;28;33;14.209;17.27
2527;28;33;14.592;1.28
2528;28;34;17.719;11.49
2529;28;34;21.939;6.85
2530;28;34;18.814;12.54
2531;28;35;29.148;17.87
2532;28;35;31.505;1.84
2533;28;36;19.886;11.57
2534;28;37;28.972;11.06
2535;28;37;22.22;19.34
2536;28;37;28.52;8.76
2537;28;38;19.755;19.61
2538;28;39;21.006;1.19
2539;28;39;21.494;12.1
2540;28;40;10.435;2.32
2541;28;40;8.808;1.83
2542;28;40;12.442;22.69
2543;28;41;48.843;14.01
2544;28;42;51.138;18.19
2545;28;42;63.032;15.45
2546;28;42;50.233;0.13
2547;28;43;41.284;10.31
2548;28;43;40.459;0.98
2549;28;43;43.042;14.04
2550;28;44;4.095;22.02
2551;28;44;4.44;0.22
2552;28;45;29.545;6.86
2553;28;45;26.047;20.34
2554;28;46;15.826;7.42
2555;28;46;12.389;17.37
2556;28;47;32.976;11.9
2557;28;47;40.883;11.05
2558;28;48;23.844;7.73
2559;28;48;17.889;23.22
2560;28;48;20.342;16.05
2561;28;49;3.568;17.88
2562;28;50;13.879;8.5
2563;28;50;14.15;9.14
2564;28;51;17.955;12.51
2565;28;51;17.846;23.53
2566;28;52;17.353;16.44
2567;28;52;16.099;4.34
2568;28;53;17.062;21.84
2569;28;53;12.934;5.55
2570;28;54;24.216;8.45
2571;28;55;25.906;18.54
2572;28;56;51.225;11.36
2573;28;56;50.746;22.77
2574;28;56;59.587;10.47
2575;28;57;12.054;10.75
2576;28;58;46.951;12.01
2577;28;59;26.416;14.74
2578;28;59;22.759;17.77
2579;29;30;81.016;6.76
2580;29;30;90.445;10.3
2581;29;31;88.962;2.84
2582;29;32;89.77;18.16
2583;29;33;78.248;22.45
2584;29;33;94.599;5.85
2585;29;33;68.561;22.79
2586;29;34;64.575;14.85
2587;29;35;82.622;24.85
2588;29;36;91.381;0.53
2589;29;36;91.337;11.86
2590;29;37;91.887;8.55
2591;29;37;69.295;3.1
2592;29;37;74.36;4.4
2593;29;38;77.853;9.42
2594;29;38;95.6;9.19
2595;29;39;77.704;15.52
2596;29;39;68.672;6.14
2597;29;39;65.396;24.63
2598;29;40;73.607;22.05
2599;29;40;86.354;17.28
2600;29;40;91.727;4.31
2601;29;41;48.774;11.3
2602;29;41;57.982;15.29
2603;29;41;49.238;15.71
2604;29;42;61.781;9.07
2605;29;43;122.224;20.99
2606;29;43;130.68;5.84
2607;29;44;82.258;16.97
2608;29;44;101.124;4.16
2609;29;45;90.019;14.12
2610;29;46;80.83;21.55
2611;29;47;113.946;14.83
2612;29;48;74.36;24.29
2613;29;48;81.827;2.0
2614;29;49;78.229;23.19
2615;29;49;71.676;6.24
2616;29;49;76.43;17.92
2617;29;50;86.088;4.0
2618;29;51;85.388;15.4
2619;29;51;81.966;3.95
2620;29;52;81.072;20.91
2621;29;53;80.517;19.54
2622;29;54;74.351;4.01
2623;29;55;75.266;1.53
2624;29;55;64.375;18.68
2625;29;56;37.523;19.23
2626;29;56;35.458;5.35
2627;29;56;34.07;18.82
2628;29;57;71.836;0.26
2629;29;57;81.112;10.13
2630;29;58;125.118;9.82
2631;29;58;111.546;12.37
2632;29;58;151.757;21.32
2633;29;59;96.367;12.68
2634;30;31;26.395;11.13
2635;30;31;26.12;17.32
2636;30;32;67.282;5.23
2637;30;32;76.633;12.28
2638;30;32;63.336;15.66
2639;30;33;14.003;5.23
2640;30;33;15.785;14.88
2641;30;33;12.951;21.68
2642;30;34;17.0;15.67
2643;30;34;18.759;12.93
2644;30;34;17.187;2.98
2645;30;35;29.026;21.91
2646;30;35;26.825;5.76
2647;30;36;20.207;6.14
2648;30;37;29.146;11.33
2649;30;37;22.271;4.5
2650;30;38;19.555;17.61
2651;30;39;20.804;6.15
2652;30;40;9.834;9.64
2653;30;41;48.236;5.8
2654;30;41;57.877;17.27
2655;30;42;50.638;7.36
2656;30;42;45.031;23.56
2657;30;42;49.12;3.35
2658;30;43;42.008;3.0
2659;30;44;4.211;23.89
2660;30;44;3.262;20.09
2661;30;45;29.659;5.18
2662;30;45;34.901;7.15
2663;30;45;31.43;14.04
2664;30;46;15.707;5.67
2665;30;46;17.679;16.66
2666;30;46;18.783;1.67
2667;30;47;33.698;3.26
2668;30;47;32.254;1.04
2669;30;48;23.546;18.94
2670;30;49;2.833;9.36
2671;30;49;2.804;15.25
2672;30;49;2.541;2.53
2673;30;50;14.092;19.77
2674;30;50;16.964;21.78
2675;30;51;18.021;10.35
2676;30;52;17.282;6.69
2677;30;52;13.249;3.58
2678;30;53;16.968;8.43
2679;30;54;23.918;16.09
2680;30;55;25.639;24.42
2681;30;55;24.48;1.94
2682;30;55;19.969;14.89
2683;30;56;50.534;11.76
2684;30;56;54.824;16.92
2685;30;57;11.445;22.5
2686;30;58;47.616;23.32
2687;30;58;43.869;23.17
2688;30;58;49.124;1.75
2689;30;59;26.77;24.84
2690;30;59;21.754;2.55
2691;30;59;24.183;8.02
2692;31;32;93.521;9.08
2693;31;32;95.166;17.94
2694;31;33;14.945;6.83
2695;31;33;18.284;10.24
2696;31;34;30.3;14.4
2697;31;34;37.822;14.28
2698;31;35;55.415;10.65
2699;31;35;56.311;18.18
2700;31;36;8.953;9.32
2701;31;36;8.414;20.83
2702;31;37;3.31;22.98
2703;31;38;11.984;17.85
2704;31;38;14.553;3.12
2705;31;38;14.055;6.04
2706;31;39;11.693;8.0
2707;31;40;34.301;20.93
2708;31;40;28.718;16.2
2709;31;40;34.916;10.02
2710;31;41;44.226;10.61
2711;31;41;36.057;16.14
2712;31;41;35.879;3.93
2713;31;42;74.426;10.6
2714;31;43;40.119;4.43
2715;31;43;36.133;10.57
2716;31;43;31.77;21.81
2717;31;44;30.277;17.23
2718;31;44;22.942;19.83
2719;31;44;23.416;20.48
2720;31;45;3.293;16.35
2721;31;45;3.994;4.66
2722;31;45;3.216;12.55
2723;31;46;42.092;15.07
2724;31;47;33.563;3.15
2725;31;48;14.61;11.27
2726;31;48;11.87;16.81
2727;31;48;13.378;18.68
2728;31;49;27.446;6.9
2729;31;50;12.574;22.6
2730;31;51;43.961;9.16
2731;31;51;44.815;22.88
2732;31;51;44.801;20.82
2733;31;52;10.632;8.67
2734;31;52;12.331;15.41
2735;31;52;10.221;9.31
2736;31;53;11.214;6.67
2737;31;53;9.109;0.26
2738;31;54;14.611;7.81
2739;31;54;11.465;20.67
2740;31;55;13.833;15.23
2741;31;55;11.459;3.93
2742;31;56;52.403;14.1
2743;31;56;52.045;15.64
2744;31;57;23.848;22.45
2745;31;57;22.182;2.14
2746;31;57;26.123;21.72
2747;31;58;38.272;19.26
2748;31;58;47.47;10.73
2749;31;58;43.763;13.09
2750;31;59;8.671;7.34
2751;31;59;7.677;10.56
2752;31;59;9.544;2.24
2753;32;33;79.454;4.06
2754;32;34;68.519;24.62
2755;32;34;59.444;22.42
2756;32;35;38.888;13.29
2757;32;36;87.307;24.42
2758;32;36;86.146;10.21
2759;32;37;96.388;23.51
2760;32;37;90.065;8.72
2761;32;37;102.841;14.43
2762;32;38;84.45;14.88
2763;32;38;71.562;7.31
2764;32;39;85.535;19.42
2765;32;39;83.088;0.19
2766;32;39;87.482;21.37
2767;32;40;59.503;15.67
2768;32;40;72.799;9.74
2769;32;40;45.135;5.88
2770;32;41;93.798;22.45
2771;32;42;29.586;12.79
2772;32;43;95.462;10.28
2773;32;44;63.744;16.55
2774;32;44;75.619;5.26
2775;32;45;96.727;18.58
2776;32;46;51.879;14.1
2777;32;46;56.965;1.98
2778;32;46;49.291;13.69
2779;32;47;89.327;0.23
2780;32;47;107.533;24.47
2781;32;48;86.494;10.09
2782;32;49;66.075;16.4
2783;32;49;56.322;18.28
2784;32;50;81.373;13.82
2785;32;50;70.681;8.38
2786;32;50;64.644;13.09
2787;32;51;51.357;18.35
2788;32;52;83.549;20.42
2789;32;52;66.026;2.18
2790;32;53;83.084;15.57
2791;32;54;86.837;17.07
2792;32;54;66.756;12.78
2793;32;55;88.868;18.73
2794;32;55;79.603;24.47
2795;32;55;80.083;14.42
2796;32;56;86.607;22.57
2797;32;56;92.481;19.67
2798;32;56;66.934;23.8
2799;32;57;71.655;6.39
2800;32;57;61.402;12.52
2801;32;58;106.029;12.72
2802;32;58;115.941;17.81
2803;32;59;93.673;12.93
2804;32;59;87.069;21.76
2805;33;34;15.85;2.76
2806;33;35;42.246;2.73
2807;33;35;40.873;15.5
2808;33;35;49.535;7.96
2809;33;36;13.365;6.34
2810;33;36;15.902;5.18
2811;33;36;12.086;20.65
2812;33;37;18.193;12.3
2813;33;38;5.552;24.92
2814;33;39;6.801;24.28
2815;33;40;19.951;7.56
2816;33;41;38.597;18.21
2817;33;41;47.588;23.34
2818;33;42;59.499;22.52
2819;33;42;73.427;2.19
2820;33;42;48.081;9.15
2821;33;43;44.859;6.63
2822;33;43;52.062;9.05
2823;33;44;18.214;10.78
2824;33;44;13.956;13.23
2825;33;44;14.551;12.45
2826;33;45;17.835;15.65
2827;33;45;13.907;1.2
2828;33;45;18.857;5.96
2829;33;46;29.138;5.86
2830;33;46;33.011;17.87
2831;33;47;36.879;16.67
2832;33;48;9.898;17.86
2833;33;48;11.353;3.95
2834;33;48;9.733;10.02
2835;33;49;13.986;17.37
2836;33;49;16.454;15.96
2837;33;49;16.119;13.21
2838;33;50;7.937;19.55
2839;33;50;7.673;2.94
2840;33;51;31.94;3.13
2841;33;52;4.319;23.48
2842;33;53;3.759;4.06
2843;33;54;10.255;5.54
2844;33;55;11.787;15.47
2845;33;56;43.795;6.12
2846;33;57;8.934;2.35
2847;33;58;46.874;17.53
2848;33;59;19.29;7.18
2849;34;35;35.147;15.67
2850;34;35;38.361;12.78
2851;34;36;28.942;0.27
2852;34;36;33.052;23.03
2853;34;37;33.609;1.9
2854;34;38;18.593;12.58
2855;34;39;19.289;20.76
2856;34;40;13.392;16.82
2857;34;40;11.247;13.4
2858;34;40;15.889;5.54
2859;34;41;32.85;4.01
2860;34;42;45.45;3.4
2861;34;42;55.99;14.97
2862;34;42;55.411;10.79
2863;34;43;57.683;2.24
2864;34;43;64.295;19.4
2865;34;43;67.151;4.21
2866;34;44;19.386;10.62
2867;34;45;32.816;19.82
2868;34;45;26.284;10.51
2869;34;45;39.137;16.72
2870;34;46;24.486;0.77
2871;34;47;49.387;9.19
2872;34;48;18.804;22.03
2873;34;48;16.313;9.93
2874;34;48;15.16;6.18
2875;34;49;14.441;21.87
2876;34;50;22.715;18.82
2877;34;50;20.444;4.28
2878;34;51;28.875;17.93
2879;34;51;28.074;10.5
2880;34;52;19.896;21.92
2881;34;52;22.309;17.58
2882;34;52;15.371;13.34
2883;34;53;19.284;3.83
2884;34;54;19.096;24.53
2885;34;55;21.094;11.76
2886;34;55;18.824;10.61
2887;34;55;25.355;15.85
2888;34;56;33.701;1.44
2889;34;57;7.54;16.64
2890;34;57;9.008;22.62
2891;34;58;61.476;0.33
2892;34;58;64.243;22.85
2893;34;58;71.077;21.2
2894;34;59;35.108;10.57
2895;35;36;48.658;11.2
2896;35;36;56.801;0.57
2897;35;36;60.235;3.28
2898;35;37;58.104;3.18
2899;35;37;54.666;3.45
2900;35;38;47.619;3.68
2901;35;38;50.151;2.85
2902;35;39;48.806;5.49
2903;35;39;46.467;20.31
2904;35;40;23.013;0.42
2905;35;40;21.399;17.18
2906;35;41;66.473;23.75
2907;35;41;69.084;24.85
2908;35;42;30.799;8.45
2909;35;43;58.959;12.61
2910;35;43;46.029;2.36
2911;35;44;25.197;13.24
2912;35;44;28.508;5.89
2913;35;45;58.683;0.33
2914;35;46;13.323;15.06
2915;35;46;15.088;12.33
2916;35;47;51.963;4.14
2917;35;48;50.596;1.09
2918;35;49;28.316;10.63
2919;35;49;26.447;11.89
2920;35;49;27.254;9.82
2921;35;50;42.989;11.86
2922;35;51;12.521;22.13
2923;35;52;46.029;17.34
2924;35;52;41.15;8.18
2925;35;52;46.792;22.25
2926;35;53;45.638;13.18
2927;35;53;52.262;8.54
2928;35;54;50.965;20.63
2929;35;54;41.457;1.18
2930;35;54;53.367;10.93
2931;35;55;52.921;24.93
2932;35;55;55.551;23.25
2933;35;55;52.554;19.53
2934;35;56;63.534;21.84
2935;35;56;51.27;22.74
2936;35;57;35.723;17.71
2937;35;57;35.299;13.39
2938;35;57;39.487;1.21
2939;35;58;68.492;15.38
2940;35;59;54.909;20.76
2941;35;59;65.087;17.65
2942;36;37;10.342;11.27
2943;36;38;13.977;21.01
2944;36;38;11.609;1.68
2945;36;38;11.977;7.75
2946;36;39;14.514;6.75
2947;36;39;12.235;6.61
2948;36;40;29.347;24.71
2949;36;40;28.749;2.43
2950;36;41;49.405;6.05
2951;36;41;58.663;22.96
2952;36;42;70.322;7.26
2953;36;42;68.666;11.12
2954;36;42;54.561;22.52
2955;36;43;33.342;23.6
2956;36;43;30.866;6.96
2957;36;44;23.563;11.99
2958;36;45;11.905;14.24
2959;36;46;35.446;21.98
2960;36;46;28.122;17.03
2961;36;46;42.288;21.53
2962;36;47;26.038;11.63
2963;36;48;18.569;8.73
2964;36;48;15.906;2.95
2965;36;49;21.956;1.25
2966;36;49;27.201;1.73
2967;36;50;6.594;0.55
2968;36;50;7.207;16.81
2969;36;51;36.675;7.51
2970;36;52;10.358;12.34
2971;36;53;10.888;11.48
2972;36;54;18.747;13.03
2973;36;54;17.399;2.56
2974;36;55;18.911;2.53
2975;36;56;56.101;9.85
2976;36;56;57.928;4.73
2977;36;57;21.558;12.75
2978;36;57;26.423;0.89
2979;36;57;21.672;19.69
2980;36;58;33.83;0.71
2981;36;59;6.651;6.16
2982;36;59;8.182;10.57
2983;36;59;7.178;16.5
2984;37;38;15.269;7.05
2985;37;39;14.928;1.38
2986;37;39;17.365;2.66
2987;37;39;17.493;2.57
2988;37;40;37.336;20.5
2989;37;40;30.533;21.19
2990;37;41;46.577;15.67
2991;37;42;77.629;5.68
2992;37;43;39.06;9.86
2993;37;43;43.214;0.24
2994;37;44;32.913;21.09
2995;37;44;25.282;13.74
2996;37;44;29.052;13.91
2997;37;45;2.466;12.52
2998;37;45;3.046;6.61
2999;37;46;44.79;7.14
3000;37;46;42.442;20.42
3001;37;46;40.81;23.41
3002;37;47;32.982;18.73
3003;37;47;40.898;22.86
3004;37;48;17.627;5.0
3005;37;48;19.283;2.15
3006;37;49;30.354;3.5
3007;37;49;30.638;16.56
3008;37;50;15.117;23.86
3009;37;50;18.149;6.72
3010;37;51;46.455;22.86
3011;37;52;13.893;23.18
3012;37;52;13.922;24.56
3013;37;52;10.651;20.52
3014;37;53;14.483;5.19
3015;37;54;17.596;15.04
3016;37;55;16.63;3.0
3017;37;55;14.461;11.74
3018;37;56;55.131;1.41
3019;37;56;67.921;21.21
3020;37;57;27.113;23.12
3021;37;57;32.879;22.1
3022;37;58;36.293;18.08
3023;37;59;7.648;13.52
3024;37;59;6.103;24.82
3025;38;39;1.253;7.69
3026;38;40;25.033;20.8
3027;38;41;35.612;18.05
3028;38;42;63.546;23.42
3029;38;42;51.118;0.42
3030;38;42;63.287;19.47
3031;38;43;47.081;20.47
3032;38;43;56.195;12.5
3033;38;43;57.871;22.19
3034;38;44;23.766;13.65
3035;38;44;29.088;15.23
3036;38;45;14.258;1.28
3037;38;46;34.595;6.15
3038;38;46;41.247;21.75
3039;38;47;39.442;1.18
3040;38;47;30.2;20.5
3041;38;48;5.077;4.25
3042;38;48;4.065;4.02
3043;38;48;4.394;21.55
3044;38;49;19.461;15.96
3045;38;49;18.927;2.1
3046;38;50;10.833;3.51
3047;38;50;11.632;24.33
3048;38;51;37.478;4.19
3049;38;52;4.002;19.57
3050;38;53;3.742;20.25
3051;38;53;4.34;12.89
3052;38;53;4.172;12.62
3053;38;54;5.368;20.65
3054;38;55;6.489;6.73
3055;38;55;6.692;8.36
3056;38;55;7.899;12.16
3057;38;56;42.153;9.7
3058;38;56;49.23;13.26
3059;38;56;49.066;22.59
3060;38;57;12.982;3.34
3061;38;58;47.699;5.21
3062;38;59;18.52;7.92
3063;38;59;14.688;21.25
3064;39;40;26.162;14.49
3065;39;40;29.42;12.09
3066;39;40;26.626;18.18
3067;39;41;34.926;13.52
3068;39;42;64.413;16.07
3069;39;42;69.499;6.07
3070;39;43;47.756;3.74
3071;39;43;37.48;11.63
3072;39;43;52.499;11.56
3073;39;44;25.015;12.56
3074;39;45;13.739;13.53
3075;39;46;35.807;13.66
3076;39;47;40.197;19.31
3077;39;48;4.155;15.67
3078;39;48;3.541;9.24
3079;39;48;4.98;18.72
3080;39;49;20.682;6.57
3081;39;49;25.225;20.34
3082;39;50;11.825;23.29
3083;39;50;9.111;0.35
3084;39;50;11.408;19.85
3085;39;51;38.716;21.88
3086;39;51;35.548;3.64
3087;39;52;4.963;5.4
3088;39;52;5.4;9.2
3089;39;53;4.801;15.76
3090;39;54;4.399;20.04
3091;39;54;4.679;16.78
3092;39;54;4.699;2.96
3093;39;55;5.314;9.28
3094;39;56;41.765;15.0
3095;39;56;45.804;21.51
3096;39;57;13.976;6.34
3097;39;57;12.794;22.92
3098;39;58;48.082;9.4
3099;39;58;48.648;12.43
3100;39;59;18.686;3.36
3101;40;41;46.214;6.38
3102;40;41;39.825;6.85
3103;40;41;40.629;3.99
3104;40;42;41.023;6.52
3105;40;42;34.496;13.43
3106;40;42;36.717;15.88
3107;40;43;51.092;1.96
3108;40;44;9.057;21.84
3109;40;44;10.018;18.59
3110;40;44;9.462;11.45
3111;40;45;37.425;17.87
3112;40;45;30.855;0.47
3113;40;46;11.176;20.81
3114;40;47;42.859;5.38
3115;40;48;27.648;1.92
3116;40;49;7.472;19.54
3117;40;49;5.895;14.46
3118;40;50;22.872;12.59
3119;40;50;26.79;19.93
3120;40;50;19.221;23.44
3121;40;51;15.483;3.0
3122;40;52;24.077;12.21
3123;40;53;23.598;21.91
3124;40;53;25.717;6.26
3125;40;54;28.013;9.89
3126;40;54;22.86;14.68
3127;40;55;29.993;21.48
3128;40;56;46.157;6.94
3129;40;56;45.645;21.47
3130;40;57;12.716;15.28
3131;40;57;13.085;23.26
3132;40;58;57.301;9.36
3133;40;59;35.994;14.28
3134;41;42;65.697;17.88
3135;41;42;81.181;23.19
3136;41;43;82.679;14.44
3137;41;44;51.502;7.73
3138;41;44;47.479;3.11
3139;41;44;44.61;10.62
3140;41;45;44.343;16.13
3141;41;46;57.176;8.44
3142;41;46;59.427;13.1
3143;41;46;59.751;3.15
3144;41;47;75.039;0.51
3145;41;48;30.836;16.37
3146;41;49;46.23;20.21
3147;41;49;51.743;1.32
3148;41;49;36.325;8.62
3149;41;50;46.112;7.52
3150;41;50;55.453;9.85
3151;41;51;61.673;19.44
3152;41;51;53.505;2.12
3153;41;52;39.554;0.43
3154;41;53;39.174;18.04
3155;41;53;34.9;18.99
3156;41;54;30.661;6.36
3157;41;54;28.352;24.73
3158;41;55;30.721;9.92
3159;41;55;32.914;19.04
3160;41;56;12.158;16.78
3161;41;57;36.791;4.79
3162;41;57;30.468;7.8
3163;41;57;40.909;12.77
3164;41;58;82.42;10.49
3165;41;58;92.859;10.7
3166;41;58;97.692;10.33
3167;41;59;52.651;22.29
3168;41;59;58.624;15.04
3169;42;43;88.185;17.34
3170;42;44;48.414;7.93
3171;42;44;37.425;14.39
3172;42;44;50.282;17.73
3173;42;45;77.323;0.33
3174;42;46;38.647;19.03
3175;42;47;80.577;10.35
3176;42;47;60.646;17.9
3177;42;47;66.56;21.4
3178;42;48;64.253;14.68
3179;42;49;48.486;12.59
3180;42;49;58.242;4.11
3181;42;50;63.784;6.31
3182;42;50;67.276;4.25
3183;42;50;50.075;21.5
3184;42;51;40.915;23.97
3185;42;51;40.082;18.08
3186;42;52;63.818;21.57
3187;42;52;77.506;1.58
3188;42;52;52.378;8.63
3189;42;53;63.254;22.73
3190;42;53;50.448;24.24
3191;42;53;78.382;18.88
3192;42;54;64.545;7.77
3193;42;54;66.717;13.71
3194;42;55;66.538;3.57
3195;42;55;73.949;6.62
3196;42;56;57.561;8.18
3197;42;56;68.747;15.6
3198;42;56;63.562;12.71
3199;42;57;50.703;3.35
3200;42;58;96.476;19.19
3201;42;58;87.034;11.47
3202;42;58;83.312;0.22
3203;42;59;76.973;8.7
3204;42;59;64.166;13.14
3205;43;44;42.077;16.55
3206;43;45;41.514;22.62
3207;43;45;32.209;18.3
3208;43;46;49.635;20.78
3209;43;47;8.326;24.57
3210;43;47;7.068;10.23
3211;43;47;9.493;4.37
3212;43;48;51.868;13.51
3213;43;48;63.974;11.1
3214;43;49;44.836;17.43
3215;43;49;35.656;7.98
3216;43;49;35.04;22.35
3217;43;50;36.957;2.27
3218;43;50;37.596;22.66
3219;43;51;47.374;11.74
3220;43;52;43.184;12.78
3221;43;52;41.546;1.22
3222;43;53;43.605;1.14
3223;43;54;52.061;8.1
3224;43;55;52.243;4.66
3225;43;55;61.234;22.42
3226;43;56;88.653;12.27
3227;43;56;104.864;3.38
3228;43;57;50.394;15.31
3229;43;58;12.275;8.51
3230;43;58;10.544;4.76
3231;43;59;31.553;21.51
3232;43;59;38.37;24.76
3233;43;59;33.244;8.26
3234;44;45;33.559;2.21
3235;44;45;38.228;21.74
3236;44;46;11.906;20.29
3237;44;46;9.216;23.62
3238;44;46;13.167;21.8
3239;44;47;33.876;3.07
3240;44;48;27.714;20.42
3241;44;48;23.101;1.01
3242;44;49;5.299;9.78
3243;44;49;6.106;20.33
3244;44;50;17.796;4.16
3245;44;50;18.742;23.26
3246;44;50;13.525;16.46
3247;44;51;13.861;13.82
3248;44;52;21.444;8.66
3249;44;53;21.146;21.47
3250;44;53;18.953;16.03
3251;44;53;16.541;10.47
3252;44;54;28.088;23.35
3253;44;54;30.297;12.84
3254;44;54;33.071;6.03
3255;44;55;29.828;22.66
3256;44;55;36.895;3.73
3257;44;55;28.292;6.04
3258;44;56;53.085;21.36
3259;44;56;43.563;5.64
3260;44;57;14.915;7.97
3261;44;57;18.081;7.12
3262;44;57;16.018;0.81
3263;44;58;48.672;9.99
3264;44;58;45.982;22.09
3265;44;58;37.113;17.53
3266;44;59;29.975;22.77
3267;44;59;28.174;10.1
3268;45;46;45.361;18.46
3269;45;46;40.396;5.99
3270;45;47;35.37;18.12
3271;45;48;16.005;10.68
3272;45;49;30.655;1.78
3273;45;49;32.832;6.76
3274;45;49;29.324;14.11
3275;45;50;15.867;22.79
3276;45;51;47.253;8.34
3277;45;51;54.414;4.82
3278;45;51;57.151;18.3
3279;45;52;13.525;17.2
3280;45;52;15.334;10.82
3281;45;53;14.076;5.5
3282;45;53;17.306;24.57
3283;45;54;15.933;15.07
3284;45;54;15.765;2.19
3285;45;54;13.675;14.04
3286;45;55;14.781;14.31
3287;45;55;16.57;20.82
3288;45;55;15.728;1.34
3289;45;56;53.109;4.26
3290;45;56;55.347;12.46
3291;45;57;26.647;6.36
3292;45;58;38.706;6.29
3293;45;59;10.043;12.6
3294;45;59;11.987;19.67
3295;46;47;41.936;9.12
3296;46;47;51.021;4.56
3297;46;48;37.895;11.18
3298;46;48;36.926;24.55
3299;46;49;15.153;19.55
3300;46;49;14.455;1.99
3301;46;49;16.142;17.27
3302;46;50;29.679;23.36
3303;46;51;4.753;4.61
3304;46;51;5.138;11.06
3305;46;52;32.803;19.78
3306;46;53;32.433;12.73
3307;46;53;25.003;17.0
3308;46;53;40.532;15.47
3309;46;54;38.269;16.27
3310;46;54;41.939;10.94
3311;46;54;47.373;8.25
3312;46;55;40.169;7.73
3313;46;56;56.297;6.55
3314;46;56;44.982;7.67
3315;46;56;58.475;5.58
3316;46;57;23.368;13.94
3317;46;57;20.801;0.87
3318;46;57;28.773;16.51
3319;46;58;57.894;20.87
3320;46;59;41.795;8.07
3321;46;59;42.671;22.65
3322;46;59;32.653;21.3
3323;47;48;44.343;2.68
3324;47;48;46.696;14.7
3325;47;49;36.524;4.06
3326;47;49;31.473;22.32
3327;47;50;29.046;3.97
3328;47;51;40.013;17.07
3329;47;52;35.485;18.99
3330;47;53;35.869;3.79
3331;47;54;44.56;20.59
3332;47;54;46.31;3.22
3333;47;54;50.803;15.75
3334;47;55;44.899;13.02
3335;47;55;40.56;22.98
3336;47;56;80.646;18.17
3337;47;56;71.204;15.84
3338;47;57;42.132;2.33
3339;47;58;16.702;15.16
3340;47;59;25.336;7.06
3341;47;59;24.931;3.24
3342;47;59;25.332;2.49
3343;48;49;23.002;12.25
3344;48;49;19.378;15.33
3345;48;50;15.908;15.25
3346;48;50;13.949;24.71
3347;48;50;13.583;0.77
3348;48;51;41.135;14.86
3349;48;51;38.775;20.16
3350;48;51;47.243;24.61
3351;48;52;9.059;18.93
3352;48;53;8.82;10.51
3353;48;54;0.375;15.49
3354;48;55;2.374;8.5
3355;48;56;38.027;15.05
3356;48;57;14.982;14.71
3357;48;57;11.466;3.83
3358;48;58;51.924;18.16
3359;48;59;22.308;8.03
3360;49;50;15.57;1.94
3361;49;50;19.283;12.84
3362;49;51;18.134;5.82
3363;49;52;17.717;20.95
3364;49;52;20.036;1.51
3365;49;53;17.322;8.1
3366;49;54;23.377;21.61
3367;49;55;25.21;9.27
3368;49;55;22.322;12.6
3369;49;56;48.097;17.82
3370;49;56;50.535;10.76
3371;49;56;51.68;13.62
3372;49;57;9.624;21.66
3373;49;57;10.652;14.71
3374;49;57;10.221;9.15
3375;49;58;50.322;8.97
3376;49;58;38.998;24.24
3377;49;58;59.887;16.62
3378;49;59;28.59;12.96
3379;50;51;31.396;16.77
3380;50;51;24.076;18.55
3381;50;52;6.862;5.04
3382;50;52;8.546;9.8
3383;50;53;7.096;9.05
3384;50;54;16.188;11.89
3385;50;54;18.346;24.01
3386;50;54;16.983;5.53
3387;50;55;17.044;17.43
3388;50;55;19.208;13.71
3389;50;55;14.776;15.98
3390;50;56;51.704;7.58
3391;50;56;42.754;18.73
3392;50;56;40.626;24.42
3393;50;57;15.222;13.99
3394;50;58;39.09;9.7
3395;50;58;36.754;1.07
3396;50;58;39.599;10.81
3397;50;59;13.217;14.09
3398;50;59;13.179;1.97
3399;50;59;10.286;11.44
3400;51;52;35.298;6.98
3401;51;52;29.593;9.98
3402;51;53;34.989;7.8
3403;51;53;40.117;12.8
3404;51;54;41.51;15.45
3405;51;54;45.71;5.82
3406;51;55;43.341;2.41
3407;51;55;36.452;1.85
3408;51;55;33.942;24.27
3409;51;56;61.014;24.03
3410;51;57;27.061;7.68
3411;51;58;56.355;22.22
3412;51;58;61.647;16.15
3413;51;59;42.745;1.14
3414;51;59;37.277;9.32
3415;51;59;47.156;1.56
3416;52;53;0.614;5.97
3417;52;53;0.652;18.31
3418;52;54;9.332;17.95
3419;52;54;10.309;20.45
3420;52;54;11.393;16.11
3421;52;55;10.218;5.92
3422;52;55;8.011;6.47
3423;52;56;45.791;2.9
3424;52;57;13.221;15.78
3425;52;58;44.188;22.94
3426;52;58;52.201;6.7
3427;52;59;15.608;22.08
3428;52;59;17.891;24.27
3429;53;54;9.108;11.25
3430;53;54;9.021;14.54
3431;53;54;10.359;19.96
3432;53;55;10.105;6.41
3433;53;55;11.603;24.25
3434;53;56;45.304;11.85
3435;53;56;54.088;11.07
3436;53;56;52.459;6.87
3437;53;57;12.634;23.81
3438;53;57;12.706;19.98
3439;53;58;44.716;4.54
3440;53;58;35.774;20.43
3441;53;58;45.594;16.34
3442;53;59;16.208;11.06
3443;54;55;2.034;21.66
3444;54;56;37.954;3.92
3445;54;56;34.043;23.07
3446;54;57;15.341;11.86
3447;54;57;12.503;16.43
3448;54;57;16.147;16.22
3449;54;58;52.036;4.8
3450;54;58;42.124;9.23
3451;54;58;48.958;6.84
3452;54;59;22.391;15.81
3453;54;59;18.909;19.05
3454;55;56;38.57;12.25
3455;55;56;35.869;3.28
3456;55;56;43.812;18.05
3457;55;57;17.344;20.18
3458;55;58;51.739;3.11
3459;55;58;48.041;22.18
3460;55;58;63.376;6.22
3461;55;59;21.985;19.95
3462;56;57;39.556;18.36
3463;56;58;89.842;23.88
3464;56;58;80.783;23.78
3465;56;58;88.726;20.28
3466;56;59;60.335;21.27
3467;56;59;62.898;21.48
3468;57;58;53.945;12.62
3469;57;59;27.874;10.02
3470;57;59;33.467;15.21
3471;58;59;29.769;1.28
3472;58;59;30.145;14.03
3473;58;59;24.585;4.23
