VERTEX_COUNT 60
PATH_COUNT 1
BUDGET 480
<------------ VERTICES ------------>
0;START;41.374834;2.170055;0.0;0.0
1;Galeria d’Art Mar Grup Escolà;41.392349;2.167836;45.0;82.37
2;Museu Nacional d’Art de Catalunya;41.36882;2.153347;45.0;81.17
3;Arts Santa Mònica;41.37722;2.176012;45.0;80.64
4;Lorena Ruiz de Villa;41.397858;2.146705;45.0;80.0
5;Barcelona;41.389034;2.16137;45.0;77.0
6;Museu d’Història de Catalunya - MHC;41.380852;2.185799;45.0;76.74
7;Imaginart Gallery;41.393822;2.164627;45.0;76.45
8;Parc de Diagonal Mar;41.407215;2.214539;45.0;75.96
9;L’Aquàrium;41.376625;2.184117;45.0;74.69
10;Platja de la Nova Mar Bella;41.40205;2.21529;45.0;71.18
11;Atelier;41.407719;2.158233;45.0;70.75
12;Contrast;41.387928;2.161469;45.0;69.17
13;Avinguda d’Icària;41.391556;2.197416;45.0;67.55
14;Carles Taché;41.389851;2.164213;45.0;67.46
15;Basilica of the Sagrada Família;41.403568;2.174435;45.0;67.13
16;Parc de la Ciutadella;41.389248;2.186548;45.0;66.78
17;Basilica of Sants Just i Pastor;41.382812;2.178195;45.0;65.06
18;Galeria Mayoral;41.389542;2.163808;45.0;64.89
19;Museu Palmero;41.424667;2.139856;45.0;64.54
20;Platja de la Barceloneta;41.379158;2.192717;45.0;64.27
21;Anella Olímpica(Olympic Park);41.364778;2.152575;45.0;64.13
22;Museu Frederic Marès;41.384178;2.176819;45.0;63.88
23;Museu Picasso;41.385181;2.180863;45.0;63.38
24;La Colmena;41.383835;2.178294;45.0;63.3
25;Despair;41.387653;2.188076;45.0;63.06
26;Piramidon Centre d’Art Contemporani;41.422626;2.209764;45.0;62.76
27;Parc de la Creueta del Coll;41.41935;2.146432;45.0;62.57
28;Platja del Bogatell;41.394341;2.2066;45.0;60.4
29;90th Jean Bouin;41.373077;2.150465;45.0;60.11
30;Monument to Doctor Robert;41.394924;2.175599;45.0;59.07
31;Palau Güell;41.378864;2.174117;45.0;57.27
32;Maeght;41.384689;2.181526;45.0;56.27
33;Barcelona Head;41.380924;2.182465;45.0;55.9
34;Casa Martí, Els Quatre Gats ;41.385775;2.173671;45.0;55.38
35;Passeig de Gràcia;41.390739;2.166672;45.0;55.35
36;A. Cortina;41.391098;2.161385;45.0;54.68
37;Mural de les Olles (Pots Mural);41.370934;2.157416;45.0;54.25
38;Galeria Ferran Cano;41.375816;2.177766;45.0;54.2
39;Àmbit;41.389328;2.163531;45.0;54.1
40;Rambla del Raval;41.378681;2.169317;45.0;54.09
41;Plaça de Catalunya;41.387005;2.17003;45.0;53.32
42;Turó de la Rovira viewing point;41.419388;2.161812;45.0;53.31
43;Àngels Barcelona;41.382534;2.169249;45.0;53.22
44;Beaskoa;41.384792;2.181268;45.0;53.15
45;Plaça del Rei;41.384144;2.177409;45.0;52.43
46;Museu de la Moto ;41.383327;2.174488;45.0;52.42
47;Carmen Sallent;41.39637;2.153188;45.0;52.32
48;Poble Espanyol;41.368679;2.147031;45.0;51.72
49;La Pedrera (Casa Milà);41.395271;2.161785;45.0;51.5
50;Montjuïc Castle;41.363823;2.167096;45.0;51.24
51;Galeria Miquel Alzueta;41.397125;2.156751;45.0;51.07
52;Santa Eulàlia small schooner;41.376385;2.179861;45.0;50.92
53;67th International Epiphany Hockey Tournament ;41.381253;2.114447;45.0;50.68
54;Palau Sant Jordi;41.363441;2.152537;45.0;50.6
55;Artur Ramon Art;41.383682;2.17456;45.0;50.43
56;Poblenou Cemetery;41.394859;2.201189;45.0;49.83
57;Antic Hospital de la Santa Creu;41.380573;2.170374;45.0;49.69
58;Barcelona Zoo;41.386299;2.187545;45.0;49.67
59;FINISH;41.374834;2.170055;0.0;0.0
<------------- EDGES -------------->
0;0;1;30.107;18.26
1;0;1;36.746;1.31
2;0;1;35.465;19.61
3;0;2;23.796;8.98
4;0;3;8.671;11.47
5;0;3;10.583;1.04
6;0;4;49.508;9.2
7;0;4;60.279;19.68
8;0;5;26.736;24.29
9;0;5;30.534;6.21
10;0;5;23.317;24.04
11;0;6;22.688;2.74
12;0;6;18.982;15.13
13;0;6;26.67;18.61
14;0;7;33.232;10.4
15;0;7;34.495;8.19
16;0;8;79.572;18.22
17;0;8;85.145;3.01
18;0;9;18.315;11.12
19;0;9;14.289;7.06
20;0;9;16.038;7.17
21;0;10;74.442;9.89
22;0;10;80.584;12.33
23;0;11;58.284;9.6
24;0;11;66.263;22.26
25;0;12;24.972;2.53
26;0;12;20.069;18.56
27;0;12;19.794;9.51
28;0;13;45.309;20.95
29;0;13;54.892;14.49
30;0;13;34.037;10.96
31;0;14;26.77;5.94
32;0;15;49.491;7.07
33;0;16;32.509;19.31
34;0;16;28.468;4.14
35;0;16;28.382;9.73
36;0;17;17.194;22.12
37;0;17;13.242;22.94
38;0;18;26.416;13.47
39;0;19;93.673;2.38
40;0;19;102.129;24.53
41;0;19;111.528;12.58
42;0;20;30.026;16.49
43;0;20;24.107;5.46
44;0;21;28.285;1.49
45;0;22;18.196;18.06
46;0;22;17.088;14.18
47;0;22;14.287;3.06
48;0;23;22.496;18.61
49;0;23;27.548;17.63
50;0;23;18.14;10.68
51;0;24;18.686;8.09
52;0;24;20.57;21.25
53;0;25;31.884;9.67
54;0;25;39.344;22.61
55;0;25;30.235;16.55
56;0;26;96.367;13.85
57;0;26;95.261;13.97
58;0;27;81.991;10.45
59;0;28;57.583;11.23
60;0;29;25.336;20.99
61;0;29;26.624;10.46
62;0;29;25.33;16.65
63;0;30;35.108;11.64
64;0;31;8.647;16.99
65;0;31;7.048;19.0
66;0;31;9.176;22.01
67;0;32;22.391;3.11
68;0;33;19.04;15.39
69;0;33;23.355;7.47
70;0;33;14.643;7.5
71;0;34;19.29;10.6
72;0;35;27.562;10.18
73;0;35;33.604;9.42
74;0;36;29.975;24.03
75;0;37;17.549;3.92
76;0;38;10.043;22.19
77;0;38;10.378;24.51
78;0;38;8.75;8.38
79;0;39;26.179;24.69
80;0;39;20.318;16.4
81;0;39;25.45;5.18
82;0;40;6.651;17.06
83;0;40;5.759;19.37
84;0;40;6.84;12.03
85;0;41;20.827;11.0
86;0;41;15.642;19.79
87;0;42;76.973;5.07
88;0;43;13.217;5.52
89;0;43;15.672;3.74
90;0;44;22.308;7.7
91;0;44;27.097;20.03
92;0;45;18.52;2.49
93;0;45;13.927;19.6
94;0;46;15.608;16.11
95;0;46;16.08;4.79
96;0;46;17.134;17.86
97;0;47;42.745;21.32
98;0;47;34.039;4.44
99;0;47;44.059;17.32
100;0;48;31.387;8.96
101;0;48;36.66;1.07
102;0;48;30.501;7.7
103;0;49;36.549;2.37
104;0;49;31.486;16.16
105;0;50;19.222;12.89
106;0;51;41.795;8.21
107;0;51;47.217;8.02
108;0;51;43.87;24.12
109;0;52;12.868;3.59
110;0;53;72.243;9.48
111;0;53;63.901;0.31
112;0;54;29.769;10.27
113;0;54;29.134;0.53
114;0;54;36.18;4.38
115;0;55;16.208;20.11
116;0;55;17.921;16.98
117;0;56;52.651;13.59
118;0;56;50.158;2.65
119;0;56;64.46;17.97
120;0;57;9.829;16.71
121;0;57;9.969;17.69
122;0;57;9.241;21.3
123;0;58;29.82;1.08
124;0;59;0.0;0.85
125;0;59;0.0;10.68
126;0;59;0.0;13.46
127;1;2;44.354;24.07
128;1;3;27.936;3.17
129;1;3;23.218;0.69
130;1;4;28.717;14.22
131;1;4;29.441;14.79
132;1;5;10.054;10.59
133;1;6;30.314;16.58
134;1;6;35.164;20.24
135;1;6;33.365;8.15
136;1;7;4.83;23.27
137;1;7;3.906;7.98
138;1;7;5.496;7.7
139;1;8;65.123;19.04
140;1;8;64.932;19.16
141;1;8;75.911;18.75
142;1;9;34.073;23.32
143;1;9;39.951;13.72
144;1;9;27.738;20.48
145;1;10;63.137;12.77
146;1;10;78.128;17.28
147;1;10;55.934;17.24
148;1;11;29.047;2.88
149;1;12;11.138;20.09
150;1;12;9.167;20.0
151;1;13;37.998;16.73
152;1;14;6.317;23.02
153;1;14;7.385;23.04
154;1;15;20.984;21.56
155;1;15;15.874;1.71
156;1;15;25.335;2.81
157;1;16;24.601;7.76
158;1;16;26.315;2.57
159;1;16;19.393;12.89
160;1;17;21.053;7.25
161;1;18;7.058;10.03
162;1;19;65.94;6.87
163;1;19;80.184;22.97
164;1;20;39.115;7.0
165;1;21;51.088;21.88
166;1;22;18.125;6.38
167;1;22;19.416;2.34
168;1;23;20.74;4.78
169;1;23;20.2;23.03
170;1;24;19.813;22.23
171;1;24;19.716;0.03
172;1;25;27.199;3.31
173;1;25;24.435;10.27
174;1;26;74.701;24.03
175;1;27;53.755;19.89
176;1;27;44.175;9.72
177;1;27;40.958;24.19
178;1;28;49.88;22.69
179;1;28;51.547;8.68
180;1;28;45.634;15.12
181;1;29;39.813;12.63
182;1;30;10.896;11.97
183;1;30;8.304;15.68
184;1;30;10.38;14.36
185;1;31;24.444;15.07
186;1;31;30.411;19.67
187;1;32;21.925;12.86
188;1;32;22.952;13.0
189;1;32;26.133;1.42
190;1;33;27.111;21.67
191;1;33;25.798;15.2
192;1;33;29.956;14.05
193;1;34;13.515;5.07
194;1;34;11.156;2.61
195;1;35;3.134;24.75
196;1;36;8.554;0.55
197;1;36;10.458;7.85
198;1;36;7.987;9.78
199;1;37;39.012;14.49
200;1;37;42.995;7.83
201;1;38;31.032;23.29
202;1;39;7.568;20.75
203;1;39;7.074;1.35
204;1;40;23.466;9.9
205;1;40;27.159;11.29
206;1;41;9.569;17.88
207;1;41;8.558;23.92
208;1;41;10.962;19.92
209;1;42;46.911;14.91
210;1;42;41.372;11.72
211;1;43;16.893;16.36
212;1;43;20.571;18.7
213;1;44;21.555;23.46
214;1;44;19.764;5.94
215;1;45;18.66;19.8
216;1;45;15.869;18.77
217;1;46;17.643;7.56
218;1;46;21.132;22.07
219;1;47;20.023;13.09
220;1;47;18.463;16.83
221;1;47;18.068;1.01
222;1;48;48.521;21.86
223;1;48;54.816;21.6
224;1;49;9.238;9.53
225;1;49;9.625;3.88
226;1;50;48.824;19.51
227;1;50;50.304;8.89
228;1;51;16.41;8.71
229;1;52;31.379;15.92
230;1;52;37.125;12.62
231;1;52;24.259;15.0
232;1;53;71.126;24.04
233;1;53;73.973;18.17
234;1;54;53.226;0.94
235;1;55;17.161;14.83
236;1;56;43.031;19.26
237;1;56;43.623;17.68
238;1;56;38.117;5.06
239;1;57;20.413;17.64
240;1;58;27.339;20.46
241;1;58;29.41;7.8
242;1;58;20.647;5.17
243;1;59;30.107;20.14
244;1;59;24.633;20.69
245;1;59;31.889;2.12
246;2;3;32.461;3.33
247;2;4;50.417;20.54
248;2;5;36.092;8.06
249;2;5;28.069;22.87
250;2;5;30.297;2.45
251;2;6;46.481;21.93
252;2;6;56.406;2.47
253;2;6;57.834;22.77
254;2;7;45.169;19.11
255;2;7;42.294;15.59
256;2;8;102.414;6.09
257;2;8;117.865;17.88
258;2;9;41.71;3.95
259;2;10;97.767;7.59
260;2;10;97.529;24.15
261;2;11;66.86;21.21
262;2;11;62.414;0.74
263;2;11;55.433;21.75
264;2;12;34.321;6.81
265;2;13;68.67;19.33
266;2;13;70.164;10.23
267;2;13;82.853;14.85
268;2;14;38.599;13.29
269;2;14;43.92;3.13
270;2;14;32.558;2.43
271;2;15;65.336;16.7
272;2;15;79.665;16.3
273;2;16;55.131;8.95
274;2;16;48.66;12.09
275;2;16;63.745;17.26
276;2;17;39.892;0.87
277;2;17;37.776;18.79
278;2;18;37.919;11.39
279;2;18;32.939;10.36
280;2;18;40.416;3.31
281;2;19;97.123;19.33
282;2;20;53.562;2.33
283;2;20;44.011;4.27
284;2;21;6.988;22.93
285;2;22;39.989;22.28
286;2;22;34.517;15.03
287;2;22;46.098;4.27
288;2;23;45.08;22.84
289;2;23;36.5;12.81
290;2;23;41.365;13.73
291;2;24;41.065;10.39
292;2;24;30.839;17.66
293;2;25;55.02;19.81
294;2;25;51.991;6.56
295;2;26;117.144;17.63
296;2;27;86.923;17.99
297;2;27;80.404;1.78
298;2;27;100.631;17.52
299;2;28;81.132;16.28
300;2;29;8.171;8.66
301;2;29;10.103;9.79
302;2;30;53.025;11.55
303;2;30;58.254;5.38
304;2;30;63.122;3.72
305;2;31;31.73;11.91
306;2;31;28.415;18.46
307;2;31;39.543;4.97
308;2;32;45.24;10.4
309;2;32;49.754;8.99
310;2;32;51.735;19.33
311;2;33;42.744;21.31
312;2;33;40.376;12.66
313;2;33;44.991;16.28
314;2;34;39.024;17.22
315;2;34;37.294;6.53
316;2;34;47.569;7.37
317;2;35;41.226;19.35
318;2;36;39.495;21.32
319;2;36;36.572;15.22
320;2;37;6.355;18.66
321;2;37;5.379;9.12
322;2;37;7.57;10.75
323;2;38;33.565;11.93
324;2;39;37.451;11.0
325;2;39;31.384;11.54
326;2;40;26.558;22.4
327;2;41;37.779;6.63
328;2;41;43.529;23.36
329;2;42;87.213;6.22
330;2;42;96.91;3.84
331;2;43;31.108;4.98
332;2;43;28.163;7.61
333;2;43;37.823;0.19
334;2;44;45.082;4.83
335;2;44;49.282;11.23
336;2;45;40.525;8.21
337;2;45;31.026;18.86
338;2;45;38.986;12.12
339;2;46;36.786;7.47
340;2;47;47.145;20.71
341;2;48;8.115;23.33
342;2;48;7.373;2.96
343;2;48;6.383;18.17
344;2;49;46.542;4.6
345;2;49;37.671;8.33
346;2;50;19.619;2.78
347;2;50;19.853;9.83
348;2;50;17.604;4.56
349;2;51;48.633;22.1
350;2;52;36.426;17.36
351;2;52;40.481;7.69
352;2;52;30.48;11.55
353;2;53;54.294;9.81
354;2;53;57.136;13.72
355;2;54;9.263;8.69
356;2;55;37.266;19.21
357;2;56;75.887;8.74
358;2;56;88.446;8.18
359;2;56;88.609;20.49
360;2;57;29.708;11.31
361;2;57;34.785;20.35
362;2;58;53.131;18.46
363;2;59;23.796;21.01
364;2;59;23.045;1.92
365;3;4;51.604;21.34
366;3;5;27.607;8.89
367;3;5;21.163;6.97
368;3;6;14.02;20.4
369;3;6;15.563;22.17
370;3;7;31.95;23.84
371;3;7;32.793;1.73
372;3;7;37.713;24.7
373;3;8;71.28;2.69
374;3;8;85.282;23.64
375;3;9;10.457;22.81
376;3;9;11.648;6.39
377;3;9;10.869;4.07
378;3;10;65.94;2.57
379;3;11;56.963;22.66
380;3;12;26.162;9.7
381;3;12;30.15;3.2
382;3;13;36.838;6.1
383;3;14;26.395;18.63
384;3;14;28.552;12.67
385;3;14;28.648;17.42
386;3;15;45.133;0.24
387;3;15;46.723;7.86
388;3;16;24.63;8.88
389;3;17;9.971;9.2
390;3;17;9.2;21.92
391;3;17;7.603;17.9
392;3;18;26.27;3.86
393;3;19;93.521;13.49
394;3;20;21.705;16.17
395;3;21;36.867;0.77
396;3;21;33.41;17.61
397;3;21;37.251;4.71
398;3;22;11.952;23.1
399;3;22;14.292;7.71
400;3;22;11.326;22.5
401;3;23;14.979;10.51
402;3;23;18.091;19.53
403;3;23;17.986;8.09
404;3;24;11.693;20.83
405;3;25;23.636;19.29
406;3;25;26.343;9.65
407;3;25;18.53;6.63
408;3;26;88.962;20.17
409;3;26;106.925;1.4
410;3;27;81.482;19.71
411;3;27;95.383;15.81
412;3;28;48.996;11.16
413;3;28;47.186;14.36
414;3;29;33.563;14.95
415;3;30;30.3;8.49
416;3;30;33.845;17.8
417;3;30;24.967;17.31
418;3;31;3.72;17.04
419;3;32;14.611;15.28
420;3;32;11.378;0.43
421;3;33;10.432;19.75
422;3;33;12.888;15.49
423;3;34;14.945;3.52
424;3;35;26.057;0.04
425;3;35;25.3;4.42
426;3;35;21.121;22.0
427;3;36;30.277;1.67
428;3;36;35.586;15.65
429;3;36;24.362;11.02
430;3;37;26.19;0.52
431;3;37;25.792;19.58
432;3;38;3.293;23.08
433;3;38;3.654;24.66
434;3;39;26.193;20.72
435;3;40;8.953;15.12
436;3;40;10.042;7.97
437;3;41;18.422;24.66
438;3;41;16.76;22.12
439;3;41;22.947;12.35
440;3;42;74.426;22.38
441;3;42;90.05;22.99
442;3;43;12.574;1.1
443;3;44;14.61;11.27
444;3;45;11.984;8.52
445;3;45;9.572;2.22
446;3;46;10.632;10.39
447;3;46;11.127;18.11
448;3;47;43.961;13.71
449;3;48;39.983;0.16
450;3;48;38.505;4.07
451;3;48;49.755;14.85
452;3;49;35.886;16.76
453;3;49;37.732;9.77
454;3;49;42.696;3.83
455;3;50;25.626;4.86
456;3;50;29.907;9.75
457;3;51;42.092;2.65
458;3;52;5.145;18.07
459;3;52;4.312;6.12
460;3;53;79.351;22.44
461;3;54;38.272;3.29
462;3;54;34.048;23.12
463;3;55;11.214;15.87
464;3;56;44.226;20.8
465;3;56;43.095;16.95
466;3;56;45.247;10.48
467;3;57;9.237;3.88
468;3;57;11.251;12.82
469;3;57;8.22;11.33
470;3;58;21.463;12.59
471;3;58;25.306;5.41
472;3;58;20.419;8.12
473;3;59;8.671;15.83
474;3;59;7.795;15.03
475;4;5;24.134;2.8
476;4;5;24.688;2.57
477;4;6;58.016;18.95
478;4;7;24.021;14.65
479;4;7;21.049;5.14
480;4;8;88.529;1.57
481;4;8;97.272;12.96
482;4;8;96.405;14.55
483;4;9;60.227;20.11
484;4;9;57.524;16.94
485;4;9;68.827;22.32
486;4;10;88.328;16.04
487;4;10;104.233;3.89
488;4;11;22.443;10.36
489;4;11;22.362;5.58
490;4;11;21.396;0.84
491;4;12;25.455;21.45
492;4;12;30.624;16.18
493;4;13;65.986;12.23
494;4;14;26.323;22.31
495;4;15;36.911;19.54
496;4;16;53.228;23.5
497;4;16;49.907;4.56
498;4;17;47.93;22.46
499;4;18;26.164;1.73
500;4;18;26.582;23.63
501;4;18;30.463;7.64
502;4;19;46.711;22.83
503;4;19;40.458;22.24
504;4;19;58.388;10.24
505;4;20;67.183;16.23
506;4;21;57.108;0.89
507;4;21;44.642;7.01
508;4;21;65.174;11.17
509;4;22;45.195;18.58
510;4;22;34.785;14.44
511;4;22;50.229;20.12
512;4;23;48.924;20.58
513;4;23;50.586;9.05
514;4;24;47.122;24.28
515;4;24;42.587;7.78
516;4;24;35.628;22.6
517;4;25;55.908;6.91
518;4;26;91.357;24.52
519;4;26;110.13;17.69
520;4;27;36.779;16.87
521;4;27;38.667;16.94
522;4;28;77.122;16.27
523;4;29;42.68;8.61
524;4;30;37.429;11.42
525;4;30;33.9;16.69
526;4;31;47.906;4.98
527;4;31;45.707;2.69
528;4;32;50.062;22.45
529;4;32;38.149;9.71
530;4;33;54.29;8.06
531;4;33;64.833;12.13
532;4;33;55.254;21.0
533;4;34;40.323;11.96
534;4;34;47.487;2.87
535;4;34;47.056;15.21
536;4;35;28.38;15.17
537;4;36;22.112;24.98
538;4;36;23.568;18.55
539;4;36;25.018;15.43
540;4;37;48.082;10.13
541;4;37;54.051;2.57
542;4;38;54.891;23.06
543;4;38;48.782;25.0
544;4;39;26.07;12.73
545;4;39;32.521;23.52
546;4;39;24.149;13.2
547;4;40;43.814;24.91
548;4;40;35.908;22.73
549;4;41;35.236;15.42
550;4;41;27.338;10.73
551;4;42;41.633;12.86
552;4;42;32.917;4.27
553;4;42;40.628;4.07
554;4;43;39.055;8.47
555;4;44;49.686;8.13
556;4;45;45.875;6.77
557;4;45;56.965;23.41
558;4;46;43.48;11.9
559;4;46;36.95;23.82
560;4;46;42.455;16.28
561;4;47;8.703;20.48
562;4;48;49.934;19.05
563;4;48;49.001;16.22
564;4;49;19.858;22.21
565;4;49;18.506;17.76
566;4;49;17.562;17.37
567;4;50;63.856;24.5
568;4;51;12.957;11.44
569;4;51;16.092;6.52
570;4;51;15.55;5.28
571;4;52;56.234;10.72
572;4;53;50.224;1.12
573;4;54;59.369;14.67
574;4;54;58.827;5.52
575;4;54;67.111;23.82
576;4;55;43.212;5.27
577;4;55;33.134;3.03
578;4;56;70.128;12.35
579;4;56;86.247;14.44
580;4;57;42.406;0.87
581;4;57;34.503;17.44
582;4;58;56.036;21.42
583;4;58;55.503;9.91
584;4;59;49.508;19.56
585;5;6;34.348;9.7
586;5;6;27.373;20.94
587;5;6;33.597;23.59
588;5;7;9.199;7.85
589;5;7;7.899;13.05
590;5;8;75.007;9.76
591;5;8;86.099;13.47
592;5;8;70.503;2.42
593;5;9;36.11;18.12
594;5;10;72.712;5.25
595;5;10;64.773;1.25
596;5;11;32.227;19.53
597;5;11;32.812;12.61
598;5;11;26.08;3.79
599;5;12;1.897;4.66
600;5;13;46.477;3.0
601;5;14;3.909;0.01
602;5;14;3.676;24.61
603;5;15;29.997;6.62
604;5;15;36.904;2.78
605;5;16;32.326;2.75
606;5;16;24.344;17.89
607;5;16;25.995;21.59
608;5;17;24.083;8.84
609;5;18;3.248;14.75
610;5;18;2.858;19.95
611;5;18;2.527;4.86
612;5;19;66.937;8.69
613;5;20;43.651;19.94
614;5;21;43.017;24.83
615;5;21;47.467;4.26
616;5;21;43.279;12.08
617;5;22;21.505;15.39
618;5;22;16.332;13.69
619;5;23;25.88;7.16
620;5;23;28.461;23.52
621;5;24;23.479;21.51
622;5;25;34.368;10.86
623;5;25;27.656;11.99
624;5;26;84.631;4.06
625;5;26;84.189;7.59
626;5;26;85.786;17.33
627;5;27;55.307;20.76
628;5;27;48.442;17.1
629;5;28;58.771;10.46
630;5;29;30.687;7.81
631;5;30;20.863;13.23
632;5;30;16.149;21.23
633;5;31;23.89;21.25
634;5;31;27.116;14.94
635;5;32;26.925;0.53
636;5;32;25.233;22.53
637;5;32;31.483;13.23
638;5;33;30.433;20.22
639;5;33;24.014;19.75
640;5;33;26.583;6.42
641;5;34;16.748;6.49
642;5;34;19.726;1.94
643;5;35;7.406;2.05
644;5;36;3.532;23.18
645;5;37;31.387;1.41
646;5;37;33.221;16.91
647;5;37;35.085;3.46
648;5;38;30.9;23.68
649;5;39;2.82;23.92
650;5;40;20.445;8.83
651;5;40;21.128;2.79
652;5;40;24.348;6.97
653;5;41;11.648;17.37
654;5;41;9.688;18.99
655;5;41;11.86;10.18
656;5;42;51.946;12.03
657;5;43;15.035;21.12
658;5;43;18.774;2.94
659;5;44;26.558;16.68
660;5;44;30.622;8.65
661;5;44;28.284;15.37
662;5;45;22.227;5.6
663;5;45;25.93;24.62
664;5;45;19.284;23.94
665;5;46;19.469;14.57
666;5;46;18.145;18.66
667;5;46;21.734;15.06
668;5;47;16.368;12.1
669;5;47;18.496;9.38
670;5;48;39.399;2.57
671;5;48;38.301;12.64
672;5;48;46.075;1.1
673;5;49;10.686;9.62
674;5;50;43.764;11.07
675;5;50;49.395;0.76
676;5;51;15.062;19.49
677;5;51;18.204;7.0
678;5;52;32.128;21.86
679;5;52;29.034;4.47
680;5;53;61.698;6.0
681;5;53;59.526;6.24
682;5;53;46.826;4.82
683;5;54;45.24;17.25
684;5;55;19.252;11.99
685;5;55;16.251;8.17
686;5;55;20.09;9.68
687;5;56;52.081;5.49
688;5;57;18.528;7.63
689;5;57;18.642;23.35
690;5;57;19.849;9.46
691;5;58;33.929;17.38
692;5;59;26.736;3.14
693;5;59;26.186;21.82
694;6;7;35.092;20.53
695;6;7;39.303;6.36
696;6;8;58.279;12.38
697;6;8;54.196;11.91
698;6;9;7.549;1.52
699;6;9;7.675;15.59
700;6;10;52.433;17.91
701;6;11;58.017;2.93
702;6;12;33.502;5.98
703;6;12;40.566;2.29
704;6;13;23.621;10.53
705;6;14;31.705;7.85
706;6;15;41.52;11.91
707;6;16;14.4;4.19
708;6;16;14.858;22.04
709;6;16;15.043;16.48
710;6;17;10.323;4.43
711;6;18;31.911;8.63
712;6;18;34.099;21.42
713;6;19;95.389;17.61
714;6;20;9.344;8.82
715;6;20;7.248;13.91
716;6;21;50.763;20.79
717;6;21;47.424;3.25
718;6;22;12.858;1.11
719;6;22;13.729;9.27
720;6;23;9.749;24.66
721;6;23;10.693;24.4
722;6;23;10.228;5.86
723;6;24;10.905;19.3
724;6;24;11.565;6.21
725;6;24;11.675;9.26
726;6;25;12.0;19.65
727;6;25;13.287;2.11
728;6;25;10.745;8.17
729;6;26;77.822;7.75
730;6;26;90.574;12.07
731;6;26;82.763;7.13
732;6;27;83.027;11.48
733;6;27;88.101;5.45
734;6;27;94.707;24.24
735;6;28;35.299;12.36
736;6;28;29.945;16.52
737;6;29;47.282;2.64
738;6;29;57.358;7.03
739;6;29;48.065;5.97
740;6;30;27.411;13.02
741;6;30;32.23;18.22
742;6;31;15.381;2.59
743;6;32;8.556;21.03
744;6;33;4.283;13.46
745;6;33;3.522;11.11
746;6;34;17.705;18.89
747;6;34;15.621;9.72
748;6;34;15.328;17.29
749;6;35;29.821;9.03
750;6;35;22.516;14.76
751;6;35;29.774;14.29
752;6;36;35.915;15.02
753;6;36;31.36;7.78
754;6;36;35.071;23.39
755;6;37;40.204;9.64
756;6;37;35.366;19.18
757;6;38;13.441;18.31
758;6;39;32.059;2.36
759;6;39;24.16;13.82
760;6;40;21.487;3.91
761;6;40;22.356;17.55
762;6;40;19.775;11.36
763;6;41;22.821;12.38
764;6;41;26.756;3.43
765;6;42;72.778;8.78
766;6;43;21.444;10.64
767;6;44;8.905;4.01
768;6;45;12.156;0.63
769;6;46;15.128;18.46
770;6;46;17.092;8.03
771;6;47;49.578;0.13
772;6;47;41.027;4.59
773;6;47;45.313;11.29
774;6;48;53.965;5.61
775;6;48;53.368;11.99
776;6;49;39.488;14.44
777;6;50;37.763;11.98
778;6;50;40.967;7.15
779;6;50;31.309;16.19
780;6;51;46.542;23.17
781;6;52;10.797;15.17
782;6;52;8.54;17.7
783;6;53;91.617;2.1
784;6;53;114.133;14.83
785;6;53;108.146;14.8
786;6;54;52.078;4.27
787;6;54;60.544;17.22
788;6;54;54.757;17.26
789;6;55;15.221;8.17
790;6;56;31.063;13.48
791;6;56;34.907;19.57
792;6;56;26.659;7.93
793;6;57;19.811;23.71
794;6;58;9.587;15.02
795;6;58;9.97;14.25
796;6;58;8.484;24.65
797;6;59;22.688;9.96
798;6;59;25.286;22.04
799;7;8;68.043;20.99
800;7;9;38.629;24.94
801;7;9;45.582;5.86
802;7;10;66.54;1.24
803;7;11;25.157;12.15
804;7;12;10.87;8.89
805;7;12;12.494;5.08
806;7;12;8.191;20.56
807;7;13;42.271;12.36
808;7;13;34.703;9.4
809;7;14;6.816;23.23
810;7;14;7.625;16.46
811;7;14;7.776;1.66
812;7;15;20.896;19.31
813;7;15;17.47;24.61
814;7;15;23.788;23.03
815;7;16;29.21;15.3
816;7;17;25.659;20.52
817;7;18;7.399;16.68
818;7;19;61.618;14.3
819;7;20;43.935;9.39
820;7;20;53.157;11.98
821;7;20;39.009;11.21
822;7;21;52.055;8.8
823;7;21;49.174;0.36
824;7;21;43.838;21.5
825;7;22;22.745;9.84
826;7;22;28.179;5.43
827;7;22;25.369;17.32
828;7;23;25.556;22.59
829;7;23;26.991;23.58
830;7;23;25.37;21.99
831;7;24;24.494;12.28
832;7;25;31.901;17.85
833;7;25;25.666;1.27
834;7;25;24.049;3.8
835;7;26;76.063;4.53
836;7;26;89.442;15.27
837;7;27;49.535;11.34
838;7;27;41.128;7.38
839;7;27;56.842;3.95
840;7;28;53.889;7.69
841;7;28;49.089;10.72
842;7;28;41.29;1.95
843;7;29;39.886;8.28
844;7;29;33.613;4.03
845;7;29;32.674;11.44
846;7;30;14.211;15.34
847;7;30;17.706;7.99
848;7;30;15.912;9.53
849;7;31;28.348;9.17
850;7;32;26.738;19.47
851;7;32;23.761;0.83
852;7;32;25.396;21.56
853;7;33;31.806;13.09
854;7;33;27.613;22.7
855;7;34;18.012;6.16
856;7;34;19.359;0.4
857;7;35;5.893;9.6
858;7;35;7.133;14.15
859;7;36;6.249;13.66
860;7;37;40.246;5.47
861;7;37;30.204;23.74
862;7;38;35.128;13.71
863;7;38;28.779;5.61
864;7;38;35.158;23.03
865;7;39;7.818;8.84
866;7;40;26.6;15.66
867;7;40;27.282;6.88
868;7;40;23.047;18.75
869;7;41;13.572;7.17
870;7;42;43.898;15.0
871;7;43;20.207;5.72
872;7;44;26.367;15.48
873;7;44;29.548;9.2
874;7;44;24.147;1.55
875;7;45;23.314;23.13
876;7;45;18.038;9.29
877;7;46;21.973;5.59
878;7;47;15.318;11.01
879;7;47;13.133;10.29
880;7;48;48.597;12.8
881;7;48;53.057;6.74
882;7;48;58.178;19.68
883;7;49;4.411;12.03
884;7;49;3.483;4.79
885;7;50;51.433;0.35
886;7;50;44.845;6.21
887;7;51;11.583;12.06
888;7;51;10.84;0.05
889;7;51;9.161;20.37
890;7;52;35.678;19.56
891;7;52;40.18;10.84
892;7;53;67.919;2.45
893;7;54;54.257;14.29
894;7;54;48.206;7.3
895;7;54;46.491;15.19
896;7;55;21.534;10.03
897;7;56;46.969;23.16
898;7;56;42.635;22.86
899;7;56;40.139;1.56
900;7;57;23.842;4.68
901;7;57;22.722;18.68
902;7;58;32.115;16.59
903;7;58;32.642;18.07
904;7;59;33.232;1.48
905;7;59;25.76;2.57
906;8;9;65.31;2.99
907;8;10;8.891;10.89
908;8;10;9.873;18.65
909;8;11;72.272;14.01
910;8;11;77.943;1.44
911;8;11;69.026;14.27
912;8;12;75.698;23.44
913;8;12;58.632;6.99
914;8;12;87.203;7.18
915;8;13;34.657;7.36
916;8;13;34.615;4.29
917;8;14;71.106;7.73
918;8;14;86.739;16.08
919;8;15;51.851;8.6
920;8;15;60.668;8.15
921;8;15;49.725;0.76
922;8;16;47.29;24.76
923;8;16;42.38;22.85
924;8;17;62.614;19.06
925;8;17;72.102;21.85
926;8;17;56.558;16.46
927;8;18;71.8;20.67
928;8;18;66.874;0.63
929;8;18;87.464;10.42
930;8;19;100.386;8.76
931;8;19;75.312;16.22
932;8;20;55.587;2.21
933;8;20;45.07;20.12
934;8;20;56.448;1.55
935;8;21;107.715;23.69
936;8;21;106.743;12.72
937;8;21;83.771;5.13
938;8;22;62.439;5.28
939;8;22;73.644;6.94
940;8;22;75.719;16.09
941;8;23;57.363;16.84
942;8;23;66.241;6.3
943;8;24;61.364;1.4
944;8;24;64.843;12.61
945;8;24;49.078;21.9
946;8;25;47.692;9.88
947;8;25;47.292;19.49
948;8;26;27.074;19.47
949;8;26;25.234;2.67
950;8;26;20.851;22.17
951;8;27;89.838;22.87
952;8;27;70.012;14.02
953;8;28;24.273;4.96
954;8;29;100.892;22.72
955;8;29;106.902;7.58
956;8;30;54.228;1.56
957;8;30;66.048;15.54
958;8;30;55.787;11.62
959;8;31;71.038;24.0
960;8;31;71.777;3.68
961;8;31;71.103;16.26
962;8;32;57.287;8.19
963;8;32;64.026;5.88
964;8;32;54.057;22.41
965;8;33;60.987;11.81
966;8;33;63.18;21.4
967;8;34;64.018;8.34
968;8;34;74.841;2.69
969;8;35;67.603;14.2
970;8;35;67.442;2.53
971;8;36;73.593;20.3
972;8;36;62.227;19.81
973;8;36;77.728;4.47
974;8;37;96.087;13.55
975;8;37;111.717;1.39
976;8;37;86.079;20.23
977;8;38;71.524;7.57
978;8;38;83.358;21.14
979;8;38;80.138;5.09
980;8;39;72.277;23.26
981;8;39;66.048;7.07
982;8;40;75.858;23.16
983;8;41;66.786;2.16
984;8;41;57.87;7.1
985;8;42;70.801;14.38
986;8;42;82.344;13.66
987;8;43;71.861;23.88
988;8;44;57.415;10.22
989;8;44;58.312;8.09
990;8;44;63.812;18.93
991;8;45;61.891;2.8
992;8;45;71.179;23.51
993;8;46;65.684;8.85
994;8;46;73.501;14.58
995;8;47;80.906;24.69
996;8;47;74.894;11.99
997;8;48;108.905;4.71
998;8;48;92.888;3.85
999;8;48;119.934;15.36
1000;8;49;70.732;7.65
1001;8;50;96.041;1.01
1002;8;50;92.342;18.8
1003;8;51;76.158;5.37
1004;8;52;69.031;8.12
1005;8;52;73.122;17.06
1006;8;52;71.287;12.98
1007;8;53;135.954;6.99
1008;8;54;109.307;12.72
1009;8;55;65.235;11.73
1010;8;55;77.596;22.92
1011;8;56;27.216;18.37
1012;8;57;72.753;13.53
1013;8;57;69.244;22.21
1014;8;58;49.818;22.74
1015;8;58;40.688;9.99
1016;8;59;79.572;13.17
1017;8;59;82.21;8.82
1018;9;10;59.115;2.56
1019;9;11;62.732;21.93
1020;9;11;70.079;4.81
1021;9;11;76.938;16.54
1022;9;12;34.924;10.84
1023;9;12;42.23;22.83
1024;9;13;30.731;2.37
1025;9;13;28.631;8.76
1026;9;14;34.137;15.65
1027;9;14;41.042;11.59
1028;9;14;26.319;7.68
1029;9;15;47.752;7.66
1030;9;15;41.546;2.84
1031;9;16;21.825;18.65
1032;9;16;24.189;19.29
1033;9;16;22.092;13.37
1034;9;17;13.035;0.46
1035;9;18;34.184;14.75
1036;9;18;40.517;3.77
1037;9;19;99.932;0.13
1038;9;20;11.863;15.74
1039;9;20;13.997;16.78
1040;9;21;45.296;1.58
1041;9;22;15.964;19.74
1042;9;22;19.419;7.79
1043;9;23;15.226;5.36
1044;9;23;14.941;7.19
1045;9;24;14.427;19.08
1046;9;24;15.937;21.67
1047;9;24;17.121;22.44
1048;9;25;19.544;0.22
1049;9;25;15.698;13.06
1050;9;25;20.927;19.76
1051;9;26;85.325;15.46
1052;9;26;95.41;17.24
1053;9;27;87.667;11.37
1054;9;28;41.861;23.25
1055;9;28;39.999;21.59
1056;9;28;41.414;12.16
1057;9;29;43.638;21.34
1058;9;30;33.169;0.68
1059;9;30;32.9;7.11
1060;9;31;13.4;14.44
1061;9;31;11.966;11.61
1062;9;31;12.686;1.15
1063;9;32;14.195;19.83
1064;9;32;16.035;6.99
1065;9;32;17.265;19.47
1066;9;33;7.656;8.22
1067;9;33;9.064;11.97
1068;9;33;6.405;8.38
1069;9;34;20.617;5.12
1070;9;35;32.94;10.47
1071;9;35;33.038;23.0
1072;9;36;38.278;6.3
1073;9;36;47.414;13.64
1074;9;37;35.644;22.57
1075;9;37;40.696;23.27
1076;9;38;8.272;24.14
1077;9;38;9.305;7.74
1078;9;38;7.631;6.01
1079;9;39;34.222;20.58
1080;9;40;19.327;2.24
1081;9;41;25.351;3.44
1082;9;41;24.9;10.05
1083;9;42;78.579;0.03
1084;9;42;89.86;15.14
1085;9;43;21.603;24.79
1086;9;44;14.446;12.95
1087;9;44;14.195;21.19
1088;9;45;15.483;13.48
1089;9;45;15.15;0.81
1090;9;45;16.523;22.28
1091;9;46;16.864;1.04
1092;9;46;15.25;21.47
1093;9;46;17.282;4.48
1094;9;47;52.139;11.58
1095;9;47;50.489;18.7
1096;9;48;49.527;19.33
1097;9;49;42.897;8.92
1098;9;49;46.761;4.99
1099;9;50;30.947;3.56
1100;9;50;33.405;5.13
1101;9;50;24.742;17.06
1102;9;51;49.649;20.92
1103;9;51;53.205;18.74
1104;9;52;5.48;11.4
1105;9;52;5.005;13.91
1106;9;53;89.808;0.54
1107;9;54;46.408;3.69
1108;9;55;17.217;15.14
1109;9;55;17.469;18.69
1110;9;55;15.28;4.05
1111;9;56;38.132;1.73
1112;9;56;30.148;23.4
1113;9;57;18.896;5.98
1114;9;58;17.13;10.37
1115;9;59;18.315;5.07
1116;9;59;19.91;22.74
1117;9;59;21.814;12.21
1118;10;11;73.873;7.42
1119;10;11;56.151;11.86
1120;10;12;73.195;23.59
1121;10;12;83.368;0.42
1122;10;13;29.136;5.76
1123;10;14;68.81;3.74
1124;10;14;54.7;19.53
1125;10;14;85.007;11.71
1126;10;15;52.504;1.32
1127;10;15;43.208;11.26
1128;10;16;42.91;7.96
1129;10;16;40.709;17.39
1130;10;16;40.075;17.33
1131;10;17;57.892;9.26
1132;10;17;62.658;21.11
1133;10;17;65.994;24.04
1134;10;18;69.467;15.45
1135;10;19;104.258;22.93
1136;10;19;94.935;6.69
1137;10;19;123.951;20.86
1138;10;20;48.727;7.63
1139;10;20;56.732;0.39
1140;10;20;49.53;2.7
1141;10;21;102.722;12.91
1142;10;21;122.228;6.34
1143;10;21;126.635;15.1
1144;10;22;58.09;23.33
1145;10;23;52.787;10.66
1146;10;24;56.809;19.27
1147;10;24;62.233;16.98
1148;10;24;49.938;15.86
1149;10;25;42.748;0.55
1150;10;25;38.561;24.24
1151;10;25;44.887;15.33
1152;10;26;35.917;7.17
1153;10;26;44.484;12.85
1154;10;27;93.199;16.14
1155;10;27;103.804;5.45
1156;10;28;17.276;4.04
1157;10;28;14.841;20.12
1158;10;29;96.875;24.83
1159;10;30;52.388;24.08
1160;10;30;52.305;16.61
1161;10;30;44.03;19.11
1162;10;31;66.092;8.06
1163;10;32;52.548;18.36
1164;10;33;55.522;22.42
1165;10;34;60.251;12.66
1166;10;34;51.682;18.9
1167;10;34;54.35;6.95
1168;10;35;65.343;6.98
1169;10;35;58.677;5.48
1170;10;35;61.0;5.16
1171;10;36;71.69;21.09
1172;10;37;91.412;7.18
1173;10;37;107.811;10.05
1174;10;37;99.593;17.53
1175;10;38;65.849;1.22
1176;10;39;69.918;3.05
1177;10;39;53.904;24.49
1178;10;40;71.292;21.76
1179;10;40;86.314;2.46
1180;10;41;63.55;15.94
1181;10;42;74.772;5.2
1182;10;42;85.817;5.16
1183;10;42;92.507;16.97
1184;10;43;67.888;8.08
1185;10;44;52.723;7.63
1186;10;44;61.31;21.41
1187;10;45;57.478;21.13
1188;10;45;71.57;17.31
1189;10;46;61.402;21.78
1190;10;47;80.306;19.38
1191;10;47;96.603;3.32
1192;10;47;84.411;0.45
1193;10;48;104.601;5.39
1194;10;48;94.873;24.81
1195;10;48;107.219;1.39
1196;10;49;69.654;3.59
1197;10;49;54.32;11.33
1198;10;49;75.963;6.46
1199;10;50;90.045;19.09
1200;10;50;97.983;0.99
1201;10;51;75.613;11.79
1202;10;52;63.227;19.75
1203;10;52;61.872;10.92
1204;10;53;134.262;8.59
1205;10;54;104.196;6.78
1206;10;54;117.55;15.5
1207;10;54;90.724;1.43
1208;10;55;61.007;1.97
1209;10;55;51.028;2.34
1210;10;55;60.816;17.67
1211;10;56;21.887;11.78
1212;10;57;68.379;18.08
1213;10;58;44.666;15.62
1214;10;59;74.442;10.55
1215;11;12;34.121;3.04
1216;11;12;36.58;19.43
1217;11;13;57.399;21.43
1218;11;14;31.525;8.48
1219;11;14;27.963;1.29
1220;11;14;36.105;12.88
1221;11;15;21.975;11.39
1222;11;15;20.449;21.69
1223;11;15;25.553;21.81
1224;11;16;48.168;0.65
1225;11;17;49.732;7.42
1226;11;17;58.13;2.52
1227;11;18;31.918;2.36
1228;11;19;37.38;16.71
1229;11;19;32.023;2.66
1230;11;20;65.942;23.71
1231;11;20;77.959;9.77
1232;11;21;73.841;11.25
1233;11;22;46.819;6.12
1234;11;22;36.504;12.48
1235;11;22;53.93;13.84
1236;11;23;48.284;11.57
1237;11;23;43.434;5.55
1238;11;23;39.532;11.9
1239;11;24;48.307;14.85
1240;11;25;51.445;21.59
1241;11;26;70.88;23.68
1242;11;27;25.01;18.4
1243;11;28;66.17;6.86
1244;11;28;55.947;23.64
1245;11;28;57.576;24.56
1246;11;29;60.114;2.86
1247;11;30;31.245;1.22
1248;11;31;53.422;3.88
1249;11;32;49.469;23.67
1250;11;33;55.408;0.67
1251;11;33;60.991;12.35
1252;11;33;64.531;15.92
1253;11;34;42.459;13.77
1254;11;35;31.01;6.89
1255;11;35;25.907;7.59
1256;11;36;28.729;2.79
1257;11;36;33.928;20.03
1258;11;37;62.956;18.82
1259;11;37;52.457;2.48
1260;11;37;64.66;1.56
1261;11;38;60.077;18.47
1262;11;38;47.709;19.31
1263;11;39;32.198;6.6
1264;11;39;33.364;24.44
1265;11;40;51.688;12.49
1266;11;40;45.396;0.95
1267;11;40;63.587;8.06
1268;11;41;38.546;1.06
1269;11;42;20.49;20.15
1270;11;43;45.358;9.41
1271;11;43;36.155;21.05
1272;11;43;52.713;20.17
1273;11;44;49.129;18.65
1274;11;44;40.873;18.47
1275;11;45;47.259;11.87
1276;11;45;49.056;0.69
1277;11;46;46.665;15.89
1278;11;46;55.54;7.25
1279;11;46;44.369;7.5
1280;11;47;20.472;18.62
1281;11;48;68.337;15.62
1282;11;49;21.784;7.78
1283;11;49;23.341;22.65
1284;11;50;75.973;14.11
1285;11;50;79.891;13.29
1286;11;51;18.228;3.17
1287;11;51;20.591;5.79
1288;11;51;20.525;1.96
1289;11;52;60.382;10.24
1290;11;53;72.184;5.51
1291;11;53;87.159;17.3
1292;11;53;54.918;1.59
1293;11;54;76.122;11.23
1294;11;54;73.293;14.59
1295;11;55;46.165;5.14
1296;11;55;37.787;1.13
1297;11;55;46.697;5.66
1298;11;56;59.367;15.24
1299;11;57;48.998;4.38
1300;11;57;51.963;16.13
1301;11;57;51.067;6.75
1302;11;58;52.529;9.97
1303;11;58;52.874;24.8
1304;11;59;58.284;2.34
1305;11;59;57.923;24.6
1306;12;13;46.565;11.58
1307;12;13;44.161;23.07
1308;12;14;4.821;18.78
1309;12;14;3.65;3.61
1310;12;14;4.523;19.33
1311;12;15;31.517;19.0
1312;12;16;32.276;6.72
1313;12;17;23.19;12.77
1314;12;17;19.378;0.23
1315;12;17;19.697;12.48
1316;12;18;4.08;12.85
1317;12;18;4.414;0.33
1318;12;19;68.717;16.26
1319;12;19;81.196;13.86
1320;12;19;76.55;5.87
1321;12;20;42.835;18.55
1322;12;20;38.229;0.88
1323;12;21;41.229;3.54
1324;12;21;45.107;3.21
1325;12;22;20.726;18.51
1326;12;22;18.041;2.94
1327;12;22;23.058;12.82
1328;12;23;25.339;13.33
1329;12;23;24.452;14.28
1330;12;23;20.628;15.39
1331;12;24;22.709;2.41
1332;12;24;21.511;0.88
1333;12;24;25.649;22.06
1334;12;25;34.163;20.6
1335;12;25;35.124;9.39
1336;12;26;85.837;4.82
1337;12;26;98.025;13.3
1338;12;27;57.129;18.18
1339;12;27;71.404;14.38
1340;12;28;58.969;3.86
1341;12;29;29.078;20.82
1342;12;29;28.702;23.82
1343;12;29;29.406;3.74
1344;12;30;21.734;4.69
1345;12;30;21.409;24.24
1346;12;31;22.456;1.55
1347;12;32;26.341;12.97
1348;12;33;29.502;6.97
1349;12;34;16.093;2.87
1350;12;34;19.743;1.97
1351;12;35;8.231;8.47
1352;12;36;5.426;18.65
1353;12;37;29.543;17.2
1354;12;38;29.452;6.13
1355;12;38;28.749;3.59
1356;12;38;22.674;17.96
1357;12;39;3.57;23.95
1358;12;40;18.76;12.44
1359;12;40;20.972;11.74
1360;12;40;23.374;16.61
1361;12;41;11.104;16.7
1362;12;41;9.176;11.71
1363;12;41;12.181;6.93
1364;12;42;53.837;20.61
1365;12;42;46.248;20.62
1366;12;43;13.601;4.4
1367;12;43;16.748;2.35
1368;12;44;25.98;22.23
1369;12;45;21.465;11.83
1370;12;45;24.593;16.22
1371;12;46;18.477;14.52
1372;12;46;22.608;6.52
1373;12;46;18.58;11.27
1374;12;47;17.936;10.4
1375;12;47;17.174;15.35
1376;12;48;37.798;17.21
1377;12;48;44.695;5.83
1378;12;48;39.383;5.63
1379;12;49;12.572;13.38
1380;12;49;12.427;16.82
1381;12;49;14.863;4.38
1382;12;50;41.877;19.54
1383;12;50;40.277;19.85
1384;12;50;45.718;9.43
1385;12;51;16.863;18.87
1386;12;51;17.704;10.47
1387;12;52;30.787;13.62
1388;12;52;33.265;2.84
1389;12;53;61.443;9.85
1390;12;54;43.444;21.45
1391;12;54;44.718;24.62
1392;12;54;44.772;14.9
1393;12;55;18.311;5.94
1394;12;55;16.14;4.58
1395;12;56;52.353;12.93
1396;12;57;17.004;5.91
1397;12;58;33.594;18.56
1398;12;58;41.541;15.96
1399;12;58;29.633;11.57
1400;12;59;24.972;19.57
1401;13;14;42.726;10.8
1402;13;14;37.953;10.68
1403;13;14;40.18;13.45
1404;13;15;35.955;15.39
1405;13;15;33.251;24.76
1406;13;15;33.161;16.81
1407;13;16;14.501;6.42
1408;13;16;12.932;24.18
1409;13;17;28.859;1.89
1410;13;17;35.418;13.67
1411;13;18;43.283;3.01
1412;13;18;46.495;18.82
1413;13;19;93.102;21.35
1414;13;19;99.486;12.57
1415;13;19;84.382;12.31
1416;13;20;22.057;2.03
1417;13;21;73.587;17.12
1418;13;22;29.303;2.79
1419;13;22;25.994;20.08
1420;13;22;26.364;10.18
1421;13;23;23.888;20.9
1422;13;23;24.706;14.48
1423;13;24;27.879;21.49
1424;13;24;32.077;11.58
1425;13;24;33.881;11.33
1426;13;25;13.725;20.44
1427;13;26;55.48;14.81
1428;13;26;50.681;8.97
1429;13;27;80.897;15.15
1430;13;28;12.717;13.84
1431;13;29;68.074;21.38
1432;13;29;67.241;11.32
1433;13;29;72.803;5.18
1434;13;30;28.594;22.87
1435;13;30;33.418;19.01
1436;13;30;29.657;23.88
1437;13;31;36.967;24.97
1438;13;32;23.543;23.21
1439;13;32;21.223;16.07
1440;13;32;20.903;8.25
1441;13;33;26.448;12.55
1442;13;33;31.421;8.77
1443;13;33;30.416;17.33
1444;13;34;32.05;15.59
1445;13;34;39.406;10.59
1446;13;35;39.493;9.33
1447;13;35;37.492;4.29
1448;13;36;46.263;3.96
1449;13;37;62.314;23.78
1450;13;37;54.961;9.85
1451;13;37;76.314;8.11
1452;13;38;36.905;1.17
1453;13;38;35.991;20.28
1454;13;38;45.281;16.0
1455;13;39;43.668;13.36
1456;13;39;53.666;0.66
1457;13;39;38.727;20.5
1458;13;40;42.272;2.9
1459;13;40;43.897;22.75
1460;13;40;46.766;19.29
1461;13;41;36.011;20.76
1462;13;41;28.689;1.62
1463;13;42;66.005;3.88
1464;13;42;69.036;20.84
1465;13;42;51.537;18.74
1466;13;43;39.32;3.89
1467;13;44;23.744;9.57
1468;13;44;27.037;0.09
1469;13;44;24.679;2.41
1470;13;45;28.647;21.75
1471;13;45;30.708;15.24
1472;13;46;32.631;14.94
1473;13;46;30.845;7.38
1474;13;46;27.872;22.23
1475;13;47;57.371;7.54
1476;13;47;58.877;19.14
1477;13;48;75.617;21.53
1478;13;48;84.79;21.86
1479;13;48;84.964;22.44
1480;13;49;46.181;13.63
1481;13;49;44.489;22.15
1482;13;49;53.305;8.39
1483;13;50;61.384;0.48
1484;13;51;53.065;6.48
1485;13;51;48.459;16.31
1486;13;51;47.355;7.95
1487;13;52;34.38;19.09
1488;13;52;38.388;22.67
1489;13;53;107.971;12.46
1490;13;53;125.606;12.52
1491;13;54;75.07;4.62
1492;13;54;78.29;11.18
1493;13;55;32.29;13.48
1494;13;55;32.245;12.7
1495;13;55;28.156;16.8
1496;13;56;7.444;16.39
1497;13;56;9.165;3.27
1498;13;57;39.479;12.66
1499;13;58;15.541;14.27
1500;13;58;11.761;16.12
1501;13;59;45.309;17.18
1502;13;59;55.209;16.18
1503;13;59;41.465;20.46
1504;14;15;26.892;17.28
1505;14;15;27.105;10.18
1506;14;16;28.693;7.25
1507;14;17;21.618;20.91
1508;14;17;19.047;6.66
1509;14;18;0.742;21.35
1510;14;19;67.282;18.31
1511;14;19;83.434;11.68
1512;14;20;40.916;16.01
1513;14;20;39.78;4.36
1514;14;20;45.403;1.56
1515;14;21;45.434;6.45
1516;14;22;18.873;10.34
1517;14;22;16.909;24.9
1518;14;22;22.715;7.12
1519;14;23;22.821;7.61
1520;14;23;18.401;12.6
1521;14;23;17.914;2.84
1522;14;24;20.804;18.45
1523;14;24;16.375;0.26
1524;14;24;16.56;14.86
1525;14;25;30.866;18.25
1526;14;26;81.016;1.14
1527;14;26;84.206;20.41
1528;14;26;72.065;21.11
1529;14;27;55.399;2.09
1530;14;27;46.558;1.67
1531;14;28;54.955;9.52
1532;14;28;55.392;4.59
1533;14;28;57.908;8.43
1534;14;29;33.698;3.93
1535;14;30;17.0;7.31
1536;14;31;22.698;8.37
1537;14;31;28.341;9.32
1538;14;32;23.918;18.88
1539;14;33;27.973;1.75
1540;14;33;28.503;17.19
1541;14;33;22.725;12.88
1542;14;34;14.003;13.83
1543;14;34;11.248;13.21
1544;14;35;3.504;16.16
1545;14;35;3.776;22.75
1546;14;35;3.587;6.14
1547;14;36;4.211;20.42
1548;14;37;33.527;2.98
1549;14;38;29.659;15.89
1550;14;38;27.789;17.53
1551;14;38;32.687;1.35
1552;14;39;1.252;19.55
1553;14;40;20.207;9.74
1554;14;41;8.916;7.51
1555;14;41;10.743;19.99
1556;14;42;50.638;9.46
1557;14;42;60.496;16.5
1558;14;43;14.092;3.78
1559;14;43;14.841;12.13
1560;14;44;23.546;23.82
1561;14;45;19.555;23.55
1562;14;45;16.328;4.2
1563;14;45;21.267;11.59
1564;14;46;17.282;21.19
1565;14;46;13.097;12.43
1566;14;47;18.021;13.08
1567;14;47;15.652;3.49
1568;14;47;19.971;8.81
1569;14;48;42.419;22.44
1570;14;48;49.536;17.18
1571;14;49;9.785;11.7
1572;14;49;8.954;11.2
1573;14;49;9.51;1.94
1574;14;50;44.693;7.56
1575;14;50;55.564;20.1
1576;14;50;38.842;12.38
1577;14;51;15.707;14.19
1578;14;52;30.572;12.89
1579;14;52;35.477;24.1
1580;14;53;65.566;2.13
1581;14;53;72.31;9.3
1582;14;53;54.677;24.19
1583;14;54;47.616;7.59
1584;14;55;16.968;9.24
1585;14;55;19.171;7.28
1586;14;55;17.664;3.26
1587;14;56;48.236;19.27
1588;14;56;59.569;22.62
1589;14;57;17.738;23.88
1590;14;58;30.565;19.36
1591;14;59;26.77;14.65
1592;14;59;24.658;18.97
1593;15;16;29.022;5.86
1594;15;16;26.421;12.77
1595;15;16;35.064;5.95
1596;15;17;35.845;16.6
1597;15;18;27.608;10.51
1598;15;18;31.142;8.52
1599;15;19;57.209;17.86
1600;15;19;54.843;1.5
1601;15;20;47.913;14.47
1602;15;20;45.045;6.77
1603;15;20;58.114;16.08
1604;15;21;72.069;7.09
1605;15;21;65.041;23.15
1606;15;22;33.322;18.87
1607;15;23;32.528;12.12
1608;15;24;34.129;14.15
1609;15;24;38.9;0.16
1610;15;24;41.794;18.34
1611;15;25;32.378;8.98
1612;15;26;55.85;10.99
1613;15;26;46.333;23.75
1614;15;27;44.955;11.22
1615;15;27;52.876;9.06
1616;15;27;55.623;14.21
1617;15;28;44.204;16.99
1618;15;29;60.577;1.67
1619;15;29;55.795;8.16
1620;15;30;14.867;18.15
1621;15;30;11.963;12.17
1622;15;30;12.048;7.57
1623;15;31;42.276;22.55
1624;15;31;33.132;10.92
1625;15;32;33.564;13.6
1626;15;33;40.097;21.79
1627;15;33;40.447;18.59
1628;15;33;41.16;0.19
1629;15;34;30.463;9.11
1630;15;34;27.752;5.36
1631;15;35;24.109;7.99
1632;15;36;27.129;8.91
1633;15;36;30.955;10.23
1634;15;36;21.359;5.3
1635;15;37;59.967;2.46
1636;15;37;52.884;0.5
1637;15;38;47.682;2.4
1638;15;38;36.417;11.06
1639;15;38;50.061;17.94
1640;15;39;28.102;24.42
1641;15;39;34.24;22.0
1642;15;39;21.38;23.8
1643;15;40;43.091;3.44
1644;15;41;28.902;22.84
1645;15;41;23.269;4.05
1646;15;42;31.549;24.41
1647;15;43;36.604;6.88
1648;15;44;33.306;3.73
1649;15;44;37.106;18.94
1650;15;45;33.457;11.3
1651;15;45;30.346;2.29
1652;15;46;34.637;5.73
1653;15;46;42.735;7.57
1654;15;46;27.298;0.13
1655;15;47;29.925;19.25
1656;15;48;69.299;7.74
1657;15;49;21.57;0.94
1658;15;49;19.852;13.88
1659;15;50;68.662;12.41
1660;15;50;74.544;15.56
1661;15;51;25.235;23.67
1662;15;51;23.389;20.88
1663;15;51;25.835;15.8
1664;15;52;47.035;9.27
1665;15;53;85.958;0.31
1666;15;53;94.214;14.62
1667;15;54;74.2;4.34
1668;15;54;90.284;11.8
1669;15;55;34.03;6.3
1670;15;55;39.051;13.38
1671;15;56;37.436;0.75
1672;15;56;31.451;17.6
1673;15;56;28.825;17.13
1674;15;57;39.694;2.75
1675;15;57;39.786;10.26
1676;15;58;34.007;15.56
1677;15;58;30.431;5.56
1678;15;58;34.504;10.21
1679;15;59;49.491;0.12
1680;16;17;15.372;15.66
1681;16;17;18.979;7.22
1682;16;17;15.159;8.3
1683;16;18;29.198;16.1
1684;16;18;25.22;15.66
1685;16;18;36.166;4.83
1686;16;19;85.235;6.19
1687;16;20;18.996;10.27
1688;16;20;18.822;10.71
1689;16;20;22.207;10.63
1690;16;21;60.469;8.92
1691;16;21;66.365;20.39
1692;16;22;15.208;9.75
1693;16;23;10.085;10.14
1694;16;24;14.075;0.95
1695;16;25;3.361;0.35
1696;16;25;3.11;15.06
1697;16;25;3.296;1.26
1698;16;26;64.423;2.41
1699;16;26;80.294;9.37
1700;16;27;72.833;22.94
1701;16;27;75.676;15.06
1702;16;28;27.178;1.54
1703;16;28;23.541;14.66
1704;16;29;53.966;23.78
1705;16;29;41.742;16.74
1706;16;29;65.314;17.09
1707;16;30;17.085;21.86
1708;16;30;15.008;19.62
1709;16;31;23.885;19.19
1710;16;31;20.932;23.01
1711;16;31;23.852;19.22
1712;16;32;10.121;14.16
1713;16;32;10.078;0.99
1714;16;32;11.949;5.59
1715;16;33;15.178;24.64
1716;16;34;17.568;2.77
1717;16;34;19.878;24.3
1718;16;35;25.644;5.62
1719;16;35;24.983;13.67
1720;16;36;32.459;15.71
1721;16;36;33.555;14.34
1722;16;36;28.034;14.19
1723;16;37;48.799;5.57
1724;16;38;25.602;5.95
1725;16;38;21.014;24.88
1726;16;39;29.55;20.97
1727;16;39;30.326;11.11
1728;16;40;28.573;2.9
1729;16;40;24.333;17.55
1730;16;41;21.551;3.64
1731;16;42;60.565;0.13
1732;16;43;25.006;10.8
1733;16;43;24.41;0.39
1734;16;44;10.203;1.36
1735;16;44;11.099;10.41
1736;16;45;14.627;2.26
1737;16;45;13.284;13.66
1738;16;46;18.504;5.19
1739;16;46;18.038;1.53
1740;16;47;44.526;12.68
1741;16;48;61.754;6.09
1742;16;48;69.271;5.68
1743;16;49;33.419;8.7
1744;16;49;28.454;3.63
1745;16;50;50.168;23.67
1746;16;50;50.868;17.72
1747;16;51;40.557;20.09
1748;16;51;33.747;18.64
1749;16;52;23.627;12.88
1750;16;53;93.576;16.51
1751;16;53;106.726;20.82
1752;16;53;78.213;16.82
1753;16;54;62.109;24.45
1754;16;54;65.826;23.4
1755;16;55;18.1;21.75
1756;16;55;18.85;7.04
1757;16;56;21.106;0.01
1758;16;56;16.065;7.67
1759;16;57;25.526;12.62
1760;16;57;24.904;17.11
1761;16;57;29.358;2.66
1762;16;58;5.206;0.59
1763;16;58;5.864;6.05
1764;16;58;4.651;10.04
1765;16;59;32.509;9.24
1766;16;59;29.286;5.12
1767;16;59;37.885;3.08
1768;17;18;21.767;9.93
1769;17;18;22.356;2.34
1770;17;18;23.607;1.04
1771;17;19;86.899;5.57
1772;17;20;19.667;12.08
1773;17;20;23.793;6.49
1774;17;21;45.108;17.54
1775;17;21;42.06;7.51
1776;17;22;2.93;23.14
1777;17;23;5.307;23.47
1778;17;24;1.755;15.99
1779;17;24;1.478;9.56
1780;17;25;15.151;21.83
1781;17;25;15.726;13.99
1782;17;25;11.897;0.79
1783;17;26;79.27;23.93
1784;17;26;64.607;19.18
1785;17;27;74.643;3.32
1786;17;27;78.592;3.24
1787;17;27;73.404;5.37
1788;17;28;41.462;24.97
1789;17;28;36.545;11.62
1790;17;29;39.311;22.04
1791;17;30;20.993;0.78
1792;17;31;8.547;16.25
1793;17;31;8.332;2.7
1794;17;31;7.73;20.0
1795;17;32;5.349;21.88
1796;17;32;5.622;11.9
1797;17;33;6.364;12.32
1798;17;33;5.648;12.08
1799;17;34;7.711;4.67
1800;17;34;8.174;14.72
1801;17;35;20.072;0.46
1802;17;35;19.35;0.28
1803;17;36;25.823;1.38
1804;17;36;21.552;3.12
1805;17;37;33.542;2.65
1806;17;37;39.128;3.83
1807;17;38;11.984;18.42
1808;17;38;9.27;14.23
1809;17;38;10.346;7.1
1810;17;39;21.881;15.01
1811;17;39;19.779;3.35
1812;17;40;13.413;9.49
1813;17;40;12.809;12.08
1814;17;40;13.659;18.5
1815;17;41;12.704;1.21
1816;17;41;10.538;13.33
1817;17;42;66.028;19.69
1818;17;43;11.496;22.09
1819;17;43;9.331;14.72
1820;17;43;8.738;23.2
1821;17;44;5.201;24.74
1822;17;44;4.884;21.2
1823;17;44;6.026;23.5
1824;17;45;2.493;2.44
1825;17;45;2.368;22.92
1826;17;46;4.84;20.36
1827;17;46;4.257;18.46
1828;17;47;39.61;22.25
1829;17;48;46.758;23.83
1830;17;49;29.973;15.62
1831;17;49;26.136;13.93
1832;17;50;35.483;16.24
1833;17;50;41.755;9.58
1834;17;50;31.832;12.4
1835;17;51;36.848;8.07
1836;17;51;45.759;20.18
1837;17;51;39.328;0.43
1838;17;52;11.204;12.43
1839;17;52;10.424;10.75
1840;17;52;12.332;10.19
1841;17;53;81.893;15.17
1842;17;53;91.604;7.48
1843;17;53;77.028;11.05
1844;17;54;46.738;3.73
1845;17;54;53.548;18.83
1846;17;55;4.899;19.06
1847;17;55;4.676;20.05
1848;17;56;36.006;19.39
1849;17;56;33.495;2.03
1850;17;56;36.188;19.29
1851;17;57;10.748;22.78
1852;17;57;9.232;16.8
1853;17;58;13.406;10.32
1854;17;58;15.615;8.01
1855;17;59;17.194;24.69
1856;18;19;67.512;15.41
1857;18;20;41.151;8.09
1858;18;20;47.928;12.79
1859;18;20;49.642;19.91
1860;18;21;44.765;18.62
1861;18;21;43.891;19.48
1862;18;21;45.296;18.68
1863;18;22;19.06;8.88
1864;18;22;15.45;21.75
1865;18;23;23.133;17.58
1866;18;23;20.171;24.91
1867;18;24;21.006;1.9
1868;18;24;17.841;11.88
1869;18;24;23.897;6.62
1870;18;25;31.323;15.6
1871;18;25;29.037;16.15
1872;18;25;38.663;10.25
1873;18;26;81.758;18.39
1874;18;26;89.416;20.82
1875;18;26;99.066;19.0
1876;18;27;55.671;21.03
1877;18;28;55.546;16.65
1878;18;28;54.154;15.52
1879;18;28;64.046;24.24
1880;18;29;32.976;7.26
1881;18;30;17.719;3.37
1882;18;31;22.563;13.96
1883;18;32;24.216;16.12
1884;18;33;28.129;4.67
1885;18;33;30.957;2.71
1886;18;33;21.285;6.58
1887;18;34;14.209;13.59
1888;18;34;11.689;6.79
1889;18;34;12.507;5.23
1890;18;35;4.209;4.47
1891;18;35;4.336;8.29
1892;18;35;3.234;9.34
1893;18;36;4.095;17.05
1894;18;36;3.464;7.38
1895;18;36;3.34;11.27
1896;18;37;32.883;1.96
1897;18;37;32.867;8.57
1898;18;37;26.073;3.09
1899;18;38;29.545;4.97
1900;18;38;27.651;2.87
1901;18;39;0.51;8.8
1902;18;40;19.886;8.32
1903;18;40;17.834;12.22
1904;18;40;18.028;8.07
1905;18;41;9.092;13.93
1906;18;41;7.089;1.23
1907;18;42;51.138;19.72
1908;18;42;43.072;7.5
1909;18;43;13.879;5.81
1910;18;44;23.844;8.52
1911;18;44;25.431;8.95
1912;18;45;19.755;23.49
1913;18;46;17.353;24.09
1914;18;46;14.04;6.09
1915;18;47;17.955;20.63
1916;18;48;41.697;16.38
1917;18;48;37.657;16.9
1918;18;48;36.632;15.76
1919;18;49;10.142;11.52
1920;18;50;44.213;4.42
1921;18;50;45.287;19.88
1922;18;50;54.494;9.38
1923;18;51;15.826;11.74
1924;18;51;13.835;2.77
1925;18;52;30.524;22.99
1926;18;53;64.942;14.17
1927;18;53;62.047;23.89
1928;18;54;46.951;0.35
1929;18;54;38.233;20.01
1930;18;55;17.062;11.17
1931;18;55;18.408;15.07
1932;18;55;14.248;13.04
1933;18;56;48.843;11.16
1934;18;57;17.511;14.55
1935;18;58;30.976;2.62
1936;18;58;37.539;10.92
1937;18;58;24.541;3.72
1938;18;59;26.416;5.59
1939;18;59;20.522;6.36
1940;19;20;103.288;20.93
1941;19;20;120.729;19.59
1942;19;21;103.777;8.93
1943;19;21;88.987;3.13
1944;19;21;112.976;24.66
1945;19;22;83.972;15.15
1946;19;22;84.666;9.46
1947;19;22;65.65;19.65
1948;19;23;85.65;8.44
1949;19;23;77.18;14.65
1950;19;23;76.08;14.73
1951;19;24;85.535;13.43
1952;19;24;78.62;5.45
1953;19;24;96.029;8.07
1954;19;25;88.556;24.9
1955;19;26;89.77;16.5
1956;19;26;84.598;21.04
1957;19;27;12.409;16.97
1958;19;28;100.154;2.45
1959;19;28;91.91;24.59
1960;19;28;114.393;4.32
1961;19;29;89.327;21.63
1962;19;29;110.931;24.61
1963;19;29;110.773;3.68
1964;19;30;68.519;15.02
1965;19;30;58.507;0.9
1966;19;30;78.509;20.33
1967;19;31;89.874;13.8
1968;19;31;99.889;5.9
1969;19;32;86.837;15.38
1970;19;32;85.833;0.84
1971;19;32;103.348;17.32
1972;19;33;92.705;14.86
1973;19;33;72.783;2.75
1974;19;33;73.22;16.46
1975;19;34;79.454;21.26
1976;19;34;72.511;20.31
1977;19;34;98.979;16.07
1978;19;35;67.493;1.49
1979;19;35;50.764;21.3
1980;19;35;61.522;16.23
1981;19;36;63.744;20.9
1982;19;36;69.958;5.04
1983;19;37;94.672;23.68
1984;19;38;96.727;19.89
1985;19;38;119.247;2.33
1986;19;39;67.678;11.23
1987;19;39;75.49;22.39
1988;19;39;64.067;23.81
1989;19;40;87.307;0.32
1990;19;40;83.067;7.96
1991;19;41;75.189;12.18
1992;19;41;73.525;13.67
1993;19;41;77.182;9.83
1994;19;42;29.586;19.48
1995;19;42;33.105;2.13
1996;19;42;27.755;7.93
1997;19;43;81.373;1.81
1998;19;43;72.958;3.99
1999;19;44;86.494;20.39
2000;19;44;83.159;18.55
2001;19;45;84.45;23.08
2002;19;45;103.321;9.19
2003;19;46;83.549;7.05
2004;19;47;51.357;1.64
2005;19;48;96.25;20.1
2006;19;48;82.788;24.66
2007;19;49;57.641;3.48
2008;19;50;109.833;23.04
2009;19;51;51.879;14.27
2010;19;51;57.531;24.29
2011;19;51;42.756;6.04
2012;19;52;97.279;24.64
2013;19;52;119.043;22.53
2014;19;53;81.135;21.75
2015;19;53;82.644;21.03
2016;19;53;77.476;18.3
2017;19;54;106.029;20.51
2018;19;54;104.766;12.12
2019;19;55;83.084;18.91
2020;19;56;93.798;10.1
2021;19;56;94.989;14.53
2022;19;56;106.165;20.26
2023;19;57;85.017;4.26
2024;19;57;64.508;14.43
2025;19;57;91.599;15.47
2026;19;58;89.762;5.27
2027;19;58;94.676;13.66
2028;19;58;71.3;11.58
2029;19;59;93.673;21.08
2030;19;59;72.477;20.31
2031;19;59;83.775;9.54
2032;20;21;57.121;3.16
2033;20;22;22.147;18.89
2034;20;23;18.382;3.45
2035;20;23;15.034;1.3
2036;20;24;20.174;3.69
2037;20;24;21.294;21.45
2038;20;25;15.711;21.39
2039;20;26;77.535;0.91
2040;20;26;70.405;3.25
2041;20;27;90.886;14.35
2042;20;28;31.508;21.45
2043;20;28;29.981;23.99
2044;20;29;55.244;15.88
2045;20;29;67.065;7.85
2046;20;30;34.798;7.39
2047;20;30;39.958;12.66
2048;20;31;23.888;10.55
2049;20;31;18.592;10.46
2050;20;31;23.076;4.36
2051;20;32;17.206;15.7
2052;20;32;20.164;6.15
2053;20;32;15.165;5.49
2054;20;33;13.506;13.4
2055;20;34;26.949;21.89
2056;20;34;27.079;16.14
2057;20;35;38.871;20.63
2058;20;35;37.048;19.75
2059;20;35;38.783;1.15
2060;20;36;45.119;8.89
2061;20;36;54.039;2.18
2062;20;37;47.464;10.02
2063;20;37;36.729;16.78
2064;20;38;20.032;5.31
2065;20;38;16.995;1.13
2066;20;39;41.317;18.2
2067;20;39;46.22;24.19
2068;20;39;47.254;5.08
2069;20;40;30.057;8.58
2070;20;40;29.059;16.4
2071;20;41;32.075;23.04
2072;20;42;79.455;1.86
2073;20;42;64.854;12.47
2074;20;43;30.681;23.87
2075;20;44;17.58;19.41
2076;20;44;15.551;11.35
2077;20;44;15.752;11.3
2078;20;45;21.427;4.31
2079;20;45;17.575;12.52
2080;20;46;24.469;24.99
2081;20;46;21.712;16.7
2082;20;46;23.607;20.57
2083;20;47;58.677;22.81
2084;20;48;61.346;3.91
2085;20;48;60.668;10.81
2086;20;49;48.346;12.82
2087;20;49;36.399;17.77
2088;20;49;58.039;1.96
2089;20;50;42.085;10.16
2090;20;50;47.919;21.46
2091;20;50;41.306;19.98
2092;20;51;55.474;1.74
2093;20;51;52.274;13.5
2094;20;51;65.175;21.61
2095;20;52;17.176;15.77
2096;20;52;21.445;13.56
2097;20;52;20.441;5.74
2098;20;53;100.562;10.9
2099;20;53;76.164;11.66
2100;20;54;58.187;13.86
2101;20;54;72.005;2.97
2102;20;54;60.017;8.71
2103;20;55;24.565;8.97
2104;20;56;28.986;13.16
2105;20;57;28.791;1.89
2106;20;57;26.503;20.64
2107;20;57;26.813;3.44
2108;20;58;13.908;15.61
2109;20;59;30.026;17.81
2110;21;22;45.512;16.98
2111;21;23;50.384;19.52
2112;21;24;46.414;21.76
2113;21;24;44.041;3.01
2114;21;25;60.087;5.32
2115;21;26;123.244;6.81
2116;21;27;93.718;14.52
2117;21;27;85.592;10.22
2118;21;27;87.428;17.5
2119;21;28;85.857;5.46
2120;21;28;96.747;9.03
2121;21;29;14.458;24.83
2122;21;30;59.458;21.48
2123;21;30;74.073;23.51
2124;21;30;52.466;0.22
2125;21;31;36.692;8.72
2126;21;32;50.429;1.67
2127;21;32;59.765;19.1
2128;21;32;61.234;10.63
2129;21;33;47.294;1.08
2130;21;33;45.97;7.61
2131;21;33;41.873;23.3
2132;21;34;44.999;10.41
2133;21;34;34.067;4.44
2134;21;34;37.126;18.32
2135;21;35;47.972;5.68
2136;21;36;46.439;0.14
2137;21;37;12.233;5.18
2138;21;38;37.461;17.4
2139;21;38;43.4;23.47
2140;21;38;34.283;16.15
2141;21;39;44.304;3.93
2142;21;40;32.067;21.01
2143;21;41;44.149;8.05
2144;21;41;54.384;18.27
2145;21;42;94.2;21.93
2146;21;43;37.171;4.24
2147;21;44;50.305;10.28
2148;21;44;52.947;7.92
2149;21;44;60.295;23.85
2150;21;45;45.992;23.91
2151;21;45;44.117;1.01
2152;21;46;42.419;5.06
2153;21;46;52.005;22.83
2154;21;46;49.274;21.38
2155;21;47;54.067;5.44
2156;21;48;9.76;23.68
2157;21;48;7.967;20.24
2158;21;48;11.088;23.3
2159;21;49;53.504;21.0
2160;21;49;42.367;17.03
2161;21;50;18.721;19.19
2162;21;50;22.962;4.71
2163;21;51;55.613;18.87
2164;21;52;40.279;2.23
2165;21;52;48.05;14.75
2166;21;52;49.584;19.25
2167;21;53;56.499;21.17
2168;21;53;54.667;18.27
2169;21;54;2.288;19.31
2170;21;54;2.774;18.86
2171;21;54;2.273;14.0
2172;21;55;42.936;3.33
2173;21;55;49.255;3.22
2174;21;55;40.458;15.26
2175;21;56;80.908;17.04
2176;21;57;35.398;0.07
2177;21;57;32.565;18.8
2178;21;58;58.075;22.26
2179;21;59;28.285;0.02
2180;21;59;28.384;12.87
2181;22;23;5.468;22.26
2182;22;23;4.446;17.75
2183;22;23;6.769;21.94
2184;22;24;1.983;13.0
2185;22;25;15.628;15.96
2186;22;25;18.108;7.23
2187;22;25;12.195;11.65
2188;22;26;78.211;22.79
2189;22;26;92.6;20.03
2190;22;27;71.72;8.76
2191;22;27;81.836;14.91
2192;22;27;81.661;8.1
2193;22;28;42.003;14.3
2194;22;29;38.807;16.66
2195;22;30;18.455;14.47
2196;22;30;21.447;2.06
2197;22;31;9.733;18.57
2198;22;31;7.398;9.89
2199;22;32;6.106;24.64
2200;22;32;7.558;24.86
2201;22;33;9.141;1.45
2202;22;33;8.479;24.24
2203;22;33;7.685;15.29
2204;22;34;4.879;20.75
2205;22;35;17.198;17.7
2206;22;35;18.14;21.12
2207;22;36;23.084;21.58
2208;22;36;21.929;7.09
2209;22;36;21.053;1.85
2210;22;37;33.68;17.98
2211;22;37;37.727;20.88
2212;22;38;14.361;12.95
2213;22;38;16.688;3.56
2214;22;39;19.202;19.94
2215;22;39;18.904;13.58
2216;22;40;13.464;8.0
2217;22;40;12.927;1.69
2218;22;41;9.969;23.49
2219;22;42;63.257;10.41
2220;22;42;71.798;6.24
2221;22;42;62.041;10.43
2222;22;43;10.118;24.55
2223;22;43;11.778;22.3
2224;22;43;11.993;18.03
2225;22;44;5.808;21.65
2226;22;44;6.454;8.26
2227;22;45;0.76;2.72
2228;22;45;0.904;23.22
2229;22;46;3.328;1.9
2230;22;46;4.077;4.85
2231;22;47;36.819;24.33
2232;22;47;45.126;21.98
2233;22;48;46.546;17.35
2234;22;48;44.673;22.43
2235;22;48;51.55;3.99
2236;22;49;27.071;17.06
2237;22;50;37.002;10.73
2238;22;50;39.805;15.94
2239;22;50;30.477;21.1
2240;22;51;33.979;18.71
2241;22;51;38.253;15.55
2242;22;51;34.137;7.65
2243;22;52;13.896;13.51
2244;22;53;80.239;23.18
2245;22;53;60.352;12.42
2246;22;53;89.347;3.53
2247;22;54;47.239;6.83
2248;22;55;3.022;2.1
2249;22;55;2.676;22.75
2250;22;56;36.234;13.27
2251;22;56;32.855;6.68
2252;22;56;40.956;13.3
2253;22;57;10.322;16.28
2254;22;57;11.859;9.88
2255;22;57;12.275;18.79
2256;22;58;14.241;17.49
2257;22;58;14.596;7.82
2258;22;58;15.236;18.89
2259;22;59;18.196;23.11
2260;23;24;4.023;17.26
2261;23;24;4.064;7.36
2262;23;24;3.164;0.69
2263;23;25;10.181;7.87
2264;23;25;11.681;6.55
2265;23;26;74.04;17.98
2266;23;26;85.309;13.19
2267;23;27;73.294;21.82
2268;23;28;36.571;11.56
2269;23;28;36.373;1.74
2270;23;29;44.188;9.82
2271;23;29;51.764;24.31
2272;23;29;53.94;8.36
2273;23;30;17.99;13.83
2274;23;30;18.83;20.34
2275;23;31;13.852;23.25
2276;23;31;15.679;23.04
2277;23;31;14.516;14.41
2278;23;32;1.197;15.47
2279;23;33;7.57;17.53
2280;23;33;7.633;16.43
2281;23;33;5.85;15.92
2282;23;34;9.29;0.07
2283;23;34;9.081;5.16
2284;23;34;8.221;14.3
2285;23;35;20.552;1.0
2286;23;35;25.284;0.17
2287;23;36;26.979;15.03
2288;23;36;31.429;1.21
2289;23;36;28.356;16.75
2290;23;37;38.74;8.12
2291;23;37;46.094;22.11
2292;23;38;16.512;11.62
2293;23;38;13.046;19.77
2294;23;39;23.356;23.52
2295;23;39;20.851;12.55
2296;23;39;28.147;18.87
2297;23;40;18.534;21.26
2298;23;41;14.254;1.64
2299;23;41;12.723;2.86
2300;23;41;17.316;22.0
2301;23;42;63.438;11.53
2302;23;43;15.584;10.0
2303;23;44;0.845;0.15
2304;23;45;4.777;12.01
2305;23;45;5.891;0.47
2306;23;45;5.934;22.33
2307;23;46;8.778;14.94
2308;23;46;7.268;13.49
2309;23;47;40.36;22.15
2310;23;47;35.887;17.15
2311;23;47;31.784;7.11
2312;23;48;51.814;3.71
2313;23;48;49.703;0.37
2314;23;49;29.967;22.81
2315;23;50;40.599;3.86
2316;23;50;33.538;11.14
2317;23;50;50.418;5.26
2318;23;51;37.094;18.52
2319;23;52;15.107;5.02
2320;23;53;85.539;12.68
2321;23;53;71.307;20.44
2322;23;54;52.029;17.83
2323;23;54;42.464;10.9
2324;23;54;55.434;23.27
2325;23;55;8.489;8.25
2326;23;56;30.906;11.62
2327;23;56;30.637;3.32
2328;23;56;38.244;15.18
2329;23;57;15.606;22.75
2330;23;57;14.798;22.46
2331;23;58;8.79;1.99
2332;23;58;6.865;17.68
2333;23;59;22.496;0.1
2334;23;59;18.071;11.71
2335;24;25;14.157;15.2
2336;24;25;13.707;14.75
2337;24;26;77.704;6.5
2338;24;26;93.817;5.57
2339;24;26;61.433;2.25
2340;24;27;73.254;1.17
2341;24;27;76.633;8.08
2342;24;28;40.544;14.27
2343;24;29;40.197;4.46
2344;24;29;46.671;1.77
2345;24;29;44.509;19.28
2346;24;30;19.289;0.87
2347;24;31;10.056;19.9
2348;24;31;12.364;1.37
2349;24;32;4.399;8.64
2350;24;33;7.314;23.89
2351;24;34;6.801;7.97
2352;24;34;6.242;2.66
2353;24;35;19.032;15.97
2354;24;35;23.362;9.79
2355;24;35;20.296;7.53
2356;24;36;25.015;18.47
2357;24;36;24.026;11.76
2358;24;37;34.729;24.28
2359;24;37;40.528;18.9
2360;24;38;13.739;8.65
2361;24;38;14.23;21.15
2362;24;39;21.157;11.06
2363;24;39;23.694;6.64
2364;24;39;23.457;6.93
2365;24;40;14.514;24.72
2366;24;40;17.24;13.66
2367;24;41;11.916;15.34
2368;24;41;12.216;2.32
2369;24;41;12.998;21.37
2370;24;42;64.413;10.15
2371;24;42;74.035;2.92
2372;24;43;11.825;4.14
2373;24;44;4.155;11.84
2374;24;45;1.253;9.28
2375;24;45;1.463;3.01
2376;24;45;1.13;13.96
2377;24;46;4.963;3.22
2378;24;46;3.738;9.56
2379;24;46;5.784;10.31
2380;24;47;38.716;13.2
2381;24;48;47.793;11.71
2382;24;48;47.417;12.88
2383;24;49;28.847;5.04
2384;24;49;23.638;8.91
2385;24;50;37.142;18.0
2386;24;50;40.927;5.35
2387;24;50;33.512;4.48
2388;24;51;35.807;17.16
2389;24;51;34.029;14.62
2390;24;52;12.906;22.91
2391;24;52;14.025;11.41
2392;24;52;11.447;13.99
2393;24;53;82.095;10.73
2394;24;53;71.187;3.4
2395;24;53;94.818;19.44
2396;24;54;48.082;13.36
2397;24;54;40.626;12.71
2398;24;54;40.296;16.41
2399;24;55;4.801;0.09
2400;24;55;5.769;8.34
2401;24;55;5.693;0.15
2402;24;56;34.926;13.78
2403;24;56;39.479;10.57
2404;24;57;11.6;24.37
2405;24;57;10.571;12.07
2406;24;57;10.501;4.33
2407;24;58;12.604;7.42
2408;24;59;18.686;20.4
2409;24;59;16.908;18.21
2410;25;26;66.004;20.78
2411;25;26;61.108;22.23
2412;25;27;76.152;14.64
2413;25;28;26.392;18.47
2414;25;28;27.667;24.23
2415;25;28;27.24;17.35
2416;25;29;54.354;21.25
2417;25;29;52.808;0.68
2418;25;30;20.283;18.01
2419;25;30;18.774;15.39
2420;25;30;17.284;7.54
2421;25;31;23.397;19.04
2422;25;31;19.088;22.35
2423;25;31;21.136;18.28
2424;25;32;9.821;3.35
2425;25;32;8.65;16.05
2426;25;33;13.583;24.85
2427;25;33;16.86;1.47
2428;25;34;18.772;1.62
2429;25;34;22.173;12.77
2430;25;34;18.809;16.43
2431;25;35;27.982;23.33
2432;25;35;24.475;18.1
2433;25;35;28.423;19.09
2434;25;36;34.77;13.74
2435;25;36;32.669;23.99
2436;25;37;48.666;22.28
2437;25;37;45.124;17.38
2438;25;37;38.79;14.38
2439;25;38;24.198;22.82
2440;25;38;23.129;10.96
2441;25;38;26.764;15.04
2442;25;39;31.642;1.36
2443;25;39;25.683;13.24
2444;25;39;27.52;17.16
2445;25;40;28.563;0.98
2446;25;40;21.546;8.26
2447;25;40;31.432;2.91
2448;25;41;23.195;13.9
2449;25;41;24.247;22.75
2450;25;42;63.918;13.07
2451;25;42;72.904;15.15
2452;25;42;68.323;16.2
2453;25;43;25.71;20.18
2454;25;44;10.018;21.81
2455;25;45;14.954;23.08
2456;25;46;18.951;6.55
2457;25;46;21.134;2.16
2458;25;46;17.21;3.57
2459;25;47;47.207;3.05
2460;25;48;61.902;2.8
2461;25;48;60.239;0.67
2462;25;49;36.182;0.67
2463;25;50;48.874;14.63
2464;25;51;43.358;21.07
2465;25;51;50.936;10.59
2466;25;51;53.873;18.71
2467;25;52;21.979;2.66
2468;25;53;95.166;24.65
2469;25;53;92.094;14.46
2470;25;53;88.145;15.95
2471;25;54;61.638;4.23
2472;25;54;57.69;20.0
2473;25;55;18.636;23.43
2474;25;56;20.867;10.58
2475;25;57;25.756;22.41
2476;25;57;19.574;5.65
2477;25;57;31.408;23.47
2478;25;58;2.415;0.81
2479;25;58;2.965;9.35
2480;25;58;2.6;9.15
2481;25;59;31.884;14.34
2482;25;59;27.996;23.26
2483;26;27;81.461;15.38
2484;26;27;83.659;16.89
2485;26;27;94.372;19.74
2486;26;28;48.572;17.78
2487;26;29;113.946;8.81
2488;26;29;90.99;21.48
2489;26;29;139.945;5.96
2490;26;30;64.575;16.03
2491;26;31;87.759;15.88
2492;26;32;74.351;15.7
2493;26;33;79.5;16.12
2494;26;34;78.248;13.21
2495;26;34;79.2;11.34
2496;26;35;77.694;4.17
2497;26;36;82.258;3.28
2498;26;36;89.837;5.0
2499;26;36;89.438;23.16
2500;26;37;111.086;15.1
2501;26;37;107.848;13.22
2502;26;38;90.019;8.13
2503;26;38;89.429;13.7
2504;26;38;111.244;19.15
2505;26;39;82.268;21.05
2506;26;39;94.978;19.32
2507;26;39;77.17;7.64
2508;26;40;91.381;16.25
2509;26;41;79.476;15.99
2510;26;41;89.399;0.94
2511;26;41;74.442;21.39
2512;26;42;61.781;9.37
2513;26;42;74.34;16.75
2514;26;42;73.318;7.19
2515;26;43;86.088;22.14
2516;26;44;74.36;17.39
2517;26;45;77.853;24.11
2518;26;45;69.06;16.94
2519;26;46;81.072;0.94
2520;26;46;77.261;19.69
2521;26;47;85.388;8.94
2522;26;47;72.854;5.67
2523;26;47;76.301;12.42
2524;26;48;122.504;9.69
2525;26;49;77.35;2.08
2526;26;49;60.012;14.23
2527;26;49;88.563;9.09
2528;26;50;114.568;14.32
2529;26;50;131.32;12.66
2530;26;51;80.83;11.17
2531;26;51;84.414;24.5
2532;26;51;89.767;0.11
2533;26;52;87.947;12.5
2534;26;53;141.354;12.63
2535;26;54;125.118;14.03
2536;26;55;80.517;16.55
2537;26;55;85.757;17.4
2538;26;55;86.432;9.14
2539;26;56;48.774;22.03
2540;26;57;87.948;19.86
2541;26;58;68.393;6.22
2542;26;59;96.367;19.66
2543;26;59;90.351;21.46
2544;26;59;73.702;8.62
2545;27;28;88.29;9.97
2546;27;29;79.353;13.83
2547;27;29;91.528;14.59
2548;27;30;56.111;13.9
2549;27;31;77.863;7.53
2550;27;31;97.106;2.49
2551;27;32;74.479;13.14
2552;27;32;67.043;7.77
2553;27;32;83.213;15.25
2554;27;33;80.393;24.75
2555;27;33;66.311;0.11
2556;27;34;67.256;15.32
2557;27;34;58.061;7.97
2558;27;35;55.425;20.92
2559;27;35;43.593;24.99
2560;27;35;50.846;19.6
2561;27;36;52.016;24.18
2562;27;36;40.192;16.53
2563;27;37;84.042;4.9
2564;27;37;78.99;2.19
2565;27;38;84.661;14.35
2566;27;38;105.547;14.54
2567;27;39;55.866;17.61
2568;27;40;75.54;10.68
2569;27;40;82.029;17.36
2570;27;41;63.095;21.49
2571;27;41;75.407;3.74
2572;27;42;19.736;23.04
2573;27;42;24.6;15.63
2574;27;42;17.362;20.3
2575;27;43;69.475;19.81
2576;27;43;66.604;16.56
2577;27;43;85.06;21.61
2578;27;44;74.139;2.1
2579;27;45;72.184;10.29
2580;27;45;79.77;22.28
2581;27;45;56.361;12.81
2582;27;46;71.392;8.08
2583;27;47;40.269;4.38
2584;27;47;42.865;12.11
2585;27;48;86.713;15.93
2586;27;49;45.674;6.11
2587;27;49;48.851;6.86
2588;27;49;53.52;20.95
2589;27;50;98.653;3.63
2590;27;50;112.964;12.55
2591;27;51;40.272;3.01
2592;27;52;85.129;17.27
2593;27;52;91.468;21.22
2594;27;52;79.426;9.72
2595;27;53;77.043;15.06
2596;27;53;85.832;10.04
2597;27;53;59.979;18.07
2598;27;54;95.994;11.93
2599;27;54;101.197;24.7
2600;27;55;70.915;8.65
2601;27;55;57.625;20.24
2602;27;55;75.24;14.0
2603;27;56;81.826;19.37
2604;27;56;64.369;7.9
2605;27;57;73.127;17.96
2606;27;57;65.341;15.71
2607;27;57;77.316;16.86
2608;27;58;77.353;1.37
2609;27;59;81.991;2.44
2610;28;29;80.739;8.9
2611;28;30;39.809;6.64
2612;28;30;44.361;16.95
2613;28;31;49.403;9.68
2614;28;31;59.238;3.1
2615;28;32;36.181;3.61
2616;28;32;28.2;6.19
2617;28;32;41.947;6.45
2618;28;33;38.565;10.69
2619;28;33;44.631;15.63
2620;28;34;44.744;24.67
2621;28;35;51.627;2.92
2622;28;36;58.31;10.93
2623;28;36;69.675;15.03
2624;28;37;74.782;1.19
2625;28;38;48.738;22.09
2626;28;38;46.514;5.52
2627;28;38;58.288;16.42
2628;28;39;55.952;5.68
2629;28;39;55.803;12.97
2630;28;39;63.18;2.59
2631;28;40;54.858;19.0
2632;28;40;43.557;10.7
2633;28;40;49.182;6.7
2634;28;41;48.598;6.17
2635;28;41;60.637;10.72
2636;28;42;71.704;10.3
2637;28;42;71.882;10.87
2638;28;42;85.03;7.58
2639;28;43;52.035;7.99
2640;28;43;60.811;6.83
2641;28;44;36.396;3.01
2642;28;45;41.339;13.66
2643;28;45;36.452;19.62
2644;28;46;45.33;20.48
2645;28;46;56.181;21.16
2646;28;46;49.943;4.78
2647;28;47;68.653;23.24
2648;28;48;88.195;7.06
2649;28;49;57.552;21.19
2650;28;50;72.802;15.26
2651;28;51;64.168;16.78
2652;28;51;53.088;18.93
2653;28;51;66.522;4.56
2654;28;52;46.073;1.44
2655;28;53;120.412;8.77
2656;28;54;87.263;12.59
2657;28;55;44.997;22.3
2658;28;55;50.249;15.57
2659;28;56;7.003;2.9
2660;28;56;6.091;1.94
2661;28;57;52.136;15.07
2662;28;57;64.664;22.3
2663;28;57;55.937;22.04
2664;28;58;28.068;10.99
2665;28;59;57.583;1.88
2666;28;59;69.983;10.74
2667;28;59;47.401;15.57
2668;29;30;49.387;9.68
2669;29;30;47.067;14.78
2670;29;31;31.945;18.29
2671;29;32;44.56;0.7
2672;29;32;41.753;12.55
2673;29;32;48.617;11.73
2674;29;33;43.229;10.21
2675;29;34;36.879;20.02
2676;29;34;43.06;24.36
2677;29;35;36.695;10.78
2678;29;35;34.429;17.22
2679;29;35;28.941;19.28
2680;29;36;33.876;2.93
2681;29;36;29.457;19.34
2682;29;36;31.955;0.7
2683;29;37;9.65;20.59
2684;29;37;7.613;10.88
2685;29;37;9.128;19.6
2686;29;38;35.37;13.79
2687;29;38;30.799;8.71
2688;29;38;34.587;24.05
2689;29;39;32.478;13.62
2690;29;39;27.091;21.81
2691;29;40;26.038;5.52
2692;29;40;28.52;13.74
2693;29;41;34.629;3.08
2694;29;41;35.447;17.07
2695;29;41;39.854;17.06
2696;29;42;80.577;20.7
2697;29;42;85.542;19.06
2698;29;43;29.046;21.58
2699;29;44;44.343;24.06
2700;29;44;53.084;9.76
2701;29;45;39.442;16.75
2702;29;46;35.485;22.89
2703;29;46;36.157;6.65
2704;29;47;40.013;21.31
2705;29;47;46.077;21.96
2706;29;47;42.623;22.37
2707;29;48;8.722;17.91
2708;29;49;40.666;3.33
2709;29;49;40.03;17.96
2710;29;50;26.588;21.29
2711;29;50;20.615;8.66
2712;29;51;41.936;12.0
2713;29;51;34.505;20.85
2714;29;51;49.813;18.5
2715;29;52;38.17;13.73
2716;29;52;32.037;8.58
2717;29;53;48.319;24.25
2718;29;53;47.198;4.09
2719;29;54;16.702;22.75
2720;29;54;18.961;22.5
2721;29;55;35.869;21.34
2722;29;55;32.804;2.4
2723;29;55;32.788;11.11
2724;29;56;75.039;5.8
2725;29;57;28.603;5.72
2726;29;58;52.714;14.98
2727;29;58;45.399;14.58
2728;29;59;25.336;3.02
2729;29;59;28.153;7.07
2730;30;31;27.548;2.12
2731;30;31;22.236;16.69
2732;30;32;19.096;22.87
2733;30;32;19.629;6.34
2734;30;33;25.527;13.0
2735;30;34;15.85;23.12
2736;30;34;18.339;12.08
2737;30;34;16.563;21.35
2738;30;35;13.514;16.61
2739;30;35;13.121;8.31
2740;30;36;19.386;1.25
2741;30;36;17.101;23.69
2742;30;36;18.401;20.72
2743;30;37;47.226;20.7
2744;30;37;50.409;22.19
2745;30;37;51.52;15.41
2746;30;38;32.816;10.48
2747;30;39;18.213;14.04
2748;30;40;28.942;20.94
2749;30;40;24.089;4.01
2750;30;41;15.322;19.01
2751;30;41;16.083;4.39
2752;30;42;45.45;18.67
2753;30;42;40.239;24.72
2754;30;42;34.591;18.46
2755;30;43;22.715;10.9
2756;30;44;18.804;14.78
2757;30;44;21.682;9.3
2758;30;45;18.593;24.23
2759;30;46;19.896;21.85
2760;30;46;16.678;4.68
2761;30;47;28.875;9.43
2762;30;48;57.987;23.35
2763;30;48;51.043;3.89
2764;30;49;17.743;8.3
2765;30;50;54.329;7.01
2766;30;50;47.333;2.45
2767;30;51;24.486;9.61
2768;30;51;24.488;19.97
2769;30;51;24.626;21.02
2770;30;52;32.193;1.91
2771;30;52;35.695;10.16
2772;30;52;27.53;8.62
2773;30;53;81.921;18.59
2774;30;54;61.476;20.3
2775;30;55;19.284;18.86
2776;30;56;32.85;18.03
2777;30;56;31.083;16.83
2778;30;56;26.288;1.51
2779;30;57;25.458;3.77
2780;30;57;29.46;11.58
2781;30;58;21.285;9.51
2782;30;59;35.108;19.7
2783;30;59;33.001;7.06
2784;31;32;13.779;3.43
2785;31;32;16.938;10.76
2786;31;32;15.815;10.47
2787;31;33;11.284;16.48
2788;31;33;9.133;10.35
2789;31;33;8.827;5.64
2790;31;34;11.84;5.62
2791;31;34;10.741;9.46
2792;31;35;22.457;5.7
2793;31;35;25.433;8.07
2794;31;35;27.315;16.42
2795;31;36;26.561;0.6
2796;31;37;25.379;9.47
2797;31;37;31.688;23.78
2798;31;37;20.09;14.37
2799;31;38;7.011;16.4
2800;31;39;22.48;23.17
2801;31;39;24.111;3.09
2802;31;39;26.293;4.29
2803;31;40;6.171;12.99
2804;31;40;7.01;7.12
2805;31;41;14.887;1.59
2806;31;42;71.122;12.77
2807;31;42;60.38;6.78
2808;31;43;8.861;12.96
2809;31;43;9.366;5.41
2810;31;43;10.485;18.62
2811;31;44;13.682;6.07
2812;31;45;9.975;22.32
2813;31;46;7.652;6.37
2814;31;46;6.921;2.01
2815;31;46;8.642;4.11
2816;31;47;40.242;6.0
2817;31;47;42.046;1.53
2818;31;47;35.234;2.3
2819;31;48;38.904;2.33
2820;31;48;34.795;16.66
2821;31;48;34.853;19.51
2822;31;49;32.233;1.72
2823;31;49;34.099;4.6
2824;31;50;27.272;4.99
2825;31;51;38.387;12.35
2826;31;51;32.603;8.72
2827;31;52;8.509;20.09
2828;31;52;7.7;7.32
2829;31;53;76.725;22.25
2830;31;54;38.269;17.38
2831;31;54;40.072;7.67
2832;31;55;8.264;13.95
2833;31;55;8.253;15.09
2834;31;55;7.687;6.71
2835;31;56;44.241;23.42
2836;31;57;5.626;13.72
2837;31;58;21.427;25.0
2838;31;59;8.647;22.63
2839;32;33;6.555;18.6
2840;32;33;7.206;24.74
2841;32;33;6.288;21.11
2842;32;34;10.255;23.06
2843;32;34;11.851;15.2
2844;32;34;12.069;6.78
2845;32;35;21.699;13.91
2846;32;35;25.865;4.16
2847;32;36;28.088;9.93
2848;32;37;38.89;5.55
2849;32;37;37.787;20.61
2850;32;38;15.933;23.87
2851;32;38;13.662;13.99
2852;32;39;24.429;3.55
2853;32;39;23.75;19.28
2854;32;39;20.548;16.25
2855;32;40;18.747;3.39
2856;32;40;21.059;1.68
2857;32;41;15.282;8.7
2858;32;41;16.767;21.55
2859;32;42;64.545;19.35
2860;32;43;16.188;22.24
2861;32;43;12.518;16.44
2862;32;44;0.375;11.95
2863;32;45;5.368;4.77
2864;32;45;5.845;18.23
2865;32;46;9.332;2.97
2866;32;46;11.203;22.63
2867;32;46;10.979;15.64
2868;32;47;41.51;15.56
2869;32;47;32.012;14.31
2870;32;47;36.747;9.01
2871;32;48;52.082;5.84
2872;32;49;31.148;21.99
2873;32;49;38.055;19.28
2874;32;49;26.814;17.33
2875;32;50;40.228;23.09
2876;32;51;38.269;15.38
2877;32;52;14.37;11.12
2878;32;53;86.326;24.77
2879;32;53;65.943;3.59
2880;32;54;52.036;10.24
2881;32;55;9.108;23.86
2882;32;56;30.661;3.47
2883;32;57;15.957;8.69
2884;32;57;14.62;3.87
2885;32;58;8.204;11.09
2886;32;58;7.552;23.08
2887;32;59;22.391;10.21
2888;32;59;21.143;14.85
2889;32;59;23.233;9.16
2890;33;34;14.015;17.86
2891;33;35;26.329;5.5
2892;33;36;32.181;23.91
2893;33;36;29.124;24.13
2894;33;37;36.426;4.11
2895;33;37;28.68;7.63
2896;33;38;10.621;14.72
2897;33;39;28.245;2.09
2898;33;40;17.313;15.79
2899;33;40;14.139;12.05
2900;33;41;19.057;8.74
2901;33;42;70.959;12.77
2902;33;42;85.061;3.07
2903;33;43;17.191;24.6
2904;33;43;18.761;10.41
2905;33;43;15.715;16.9
2906;33;44;6.795;22.5
2907;33;44;7.063;5.42
2908;33;45;8.515;20.11
2909;33;46;11.037;7.87
2910;33;47;45.95;6.42
2911;33;47;43.167;0.77
2912;33;47;47.734;9.65
2913;33;48;50.094;3.17
2914;33;49;36.161;4.06
2915;33;49;39.651;1.67
2916;33;49;43.772;8.99
2917;33;50;35.297;17.12
2918;33;51;43.109;1.95
2919;33;51;42.052;15.26
2920;33;51;47.596;0.07
2921;33;52;8.456;10.65
2922;33;52;7.832;5.7
2923;33;52;7.404;14.1
2924;33;53;87.336;19.54
2925;33;53;87.8;19.03
2926;33;54;48.704;6.73
2927;33;55;11.193;10.85
2928;33;55;8.618;19.79
2929;33;55;12.451;2.45
2930;33;56;33.86;22.22
2931;33;56;30.721;14.43
2932;33;57;15.536;8.03
2933;33;58;11.276;3.66
2934;33;58;11.666;8.65
2935;33;58;12.606;3.45
2936;33;59;19.04;11.8
2937;34;35;12.365;5.76
2938;34;35;14.355;23.11
2939;34;35;13.084;20.04
2940;34;36;18.214;20.41
2941;34;36;20.823;6.05
2942;34;37;32.873;0.42
2943;34;37;36.566;15.36
2944;34;37;32.777;8.13
2945;34;38;17.835;8.69
2946;34;38;21.864;14.67
2947;34;39;14.368;5.29
2948;34;40;13.365;15.73
2949;34;40;14.26;16.56
2950;34;41;5.126;16.66
2951;34;41;4.56;19.41
2952;34;41;3.975;13.18
2953;34;42;59.499;6.11
2954;34;42;66.752;2.53
2955;34;43;7.937;13.86
2956;34;44;9.898;10.77
2957;34;45;5.552;0.46
2958;34;45;6.084;19.82
2959;34;45;6.403;9.79
2960;34;46;4.319;18.65
2961;34;46;3.522;3.69
2962;34;46;5.365;22.0
2963;34;47;31.94;21.54
2964;34;48;45.011;9.35
2965;34;48;39.897;2.49
2966;34;49;22.291;14.49
2967;34;49;24.478;8.44
2968;34;49;20.223;8.1
2969;34;50;38.502;16.17
2970;34;50;29.564;1.7
2971;34;51;29.138;7.83
2972;34;51;34.592;24.23
2973;34;52;17.927;9.62
2974;34;52;20.671;21.86
2975;34;52;15.01;4.66
2976;34;53;76.432;2.78
2977;34;54;46.874;1.26
2978;34;54;54.81;19.23
2979;34;54;36.654;14.47
2980;34;55;3.759;9.61
2981;34;55;3.901;11.56
2982;34;55;3.31;0.49
2983;34;56;38.597;24.54
2984;34;56;45.195;5.06
2985;34;57;9.857;15.1
2986;34;58;17.836;10.99
2987;34;59;19.29;2.74
2988;35;36;6.815;9.8
2989;35;36;5.947;19.45
2990;35;36;8.447;23.0
2991;35;37;35.914;11.89
2992;35;37;29.046;0.18
2993;35;38;29.241;3.34
2994;35;39;4.7;12.4
2995;35;40;20.912;7.56
2996;35;40;16.532;23.82
2997;35;40;19.491;6.48
2998;35;41;7.708;24.55
2999;35;42;49.42;4.2
3000;35;43;14.425;22.44
3001;35;43;13.996;20.13
3002;35;43;11.354;20.54
3003;35;44;21.324;21.26
3004;35;44;20.333;24.92
3005;35;45;17.815;16.44
3006;35;45;19.111;4.84
3007;35;46;16.173;14.41
3008;35;46;20.152;17.29
3009;35;47;19.811;19.82
3010;35;48;45.399;1.55
3011;35;49;9.975;23.65
3012;35;50;46.063;3.56
3013;35;50;54.203;8.59
3014;35;50;47.046;19.87
3015;35;51;16.782;8.98
3016;35;51;17.463;19.59
3017;35;51;19.481;8.96
3018;35;52;29.834;17.82
3019;35;53;68.988;0.37
3020;35;53;82.564;2.73
3021;35;54;50.115;2.55
3022;35;54;53.789;14.27
3023;35;55;15.76;16.07
3024;35;55;18.934;18.06
3025;35;56;44.869;5.23
3026;35;56;36.608;17.75
3027;35;57;18.034;0.67
3028;35;58;27.854;13.02
3029;35;59;27.562;0.97
3030;35;59;21.29;20.73
3031;36;37;34.88;24.32
3032;36;38;33.559;24.8
3033;36;39;4.094;9.43
3034;36;40;23.563;15.09
3035;36;40;19.318;19.71
3036;36;40;25.528;3.51
3037;36;41;13.124;10.25
3038;36;41;14.826;0.09
3039;36;42;48.414;14.7
3040;36;42;58.282;11.73
3041;36;42;60.512;12.05
3042;36;43;17.796;11.69
3043;36;43;21.21;2.14
3044;36;43;14.291;19.9
3045;36;44;27.714;5.74
3046;36;44;28.401;14.22
3047;36;44;30.527;1.1
3048;36;45;23.766;7.39
3049;36;45;20.982;13.5
3050;36;46;21.444;7.22
3051;36;46;20.631;22.17
3052;36;47;13.861;7.67
3053;36;47;16.386;24.87
3054;36;47;15.647;2.38
3055;36;48;42.562;4.11
3056;36;49;7.159;18.99
3057;36;50;47.246;16.68
3058;36;50;50.545;11.62
3059;36;50;51.296;20.05
3060;36;51;11.906;3.11
3061;36;52;34.592;3.7
3062;36;52;31.033;0.33
3063;36;53;62.573;1.18
3064;36;53;66.913;2.15
3065;36;54;48.672;15.34
3066;36;54;48.158;17.23
3067;36;54;57.436;1.77
3068;36;55;21.146;11.58
3069;36;55;16.653;13.38
3070;36;55;24.919;12.66
3071;36;56;51.502;24.2
3072;36;56;60.641;19.56
3073;36;57;21.391;17.1
3074;36;57;24.747;13.68
3075;36;58;34.575;24.05
3076;36;58;43.157;13.34
3077;36;59;29.975;5.62
3078;36;59;28.123;13.57
3079;36;59;33.857;5.93
3080;37;38;27.435;19.06
3081;37;38;25.498;1.0
3082;37;38;24.508;17.25
3083;37;39;32.441;12.37
3084;37;39;25.173;0.73
3085;37;39;25.75;12.38
3086;37;40;20.231;15.36
3087;37;41;31.916;1.62
3088;37;42;83.108;24.63
3089;37;43;24.998;18.39
3090;37;43;19.231;18.92
3091;37;43;21.647;15.73
3092;37;44;38.735;20.86
3093;37;44;31.108;3.85
3094;37;45;34.206;2.48
3095;37;46;30.501;12.33
3096;37;46;34.677;2.24
3097;37;47;43.864;21.13
3098;37;47;43.882;20.86
3099;37;47;42.555;14.96
3100;37;48;13.884;19.03
3101;37;48;12.807;18.49
3102;37;48;17.055;21.11
3103;37;49;42.022;3.4
3104;37;49;45.021;13.32
3105;37;49;38.896;19.03
3106;37;50;17.396;10.13
3107;37;50;19.729;18.3
3108;37;51;44.827;5.12
3109;37;52;30.294;17.12
3110;37;53;57.932;15.32
3111;37;53;52.292;12.12
3112;37;54;14.271;24.19
3113;37;54;17.302;12.78
3114;37;55;30.992;12.93
3115;37;56;69.533;18.04
3116;37;57;23.429;7.54
3117;37;57;25.323;3.54
3118;37;57;19.458;8.89
3119;37;58;46.776;2.0
3120;37;58;38.462;8.47
3121;37;58;51.105;20.38
3122;37;59;17.549;8.95
3123;37;59;21.638;23.8
3124;37;59;16.082;24.29
3125;38;39;29.473;5.57
3126;38;40;11.905;16.38
3127;38;40;14.517;7.93
3128;38;41;21.57;5.78
3129;38;41;23.762;19.81
3130;38;41;23.203;10.34
3131;38;42;77.323;17.95
3132;38;42;58.444;18.92
3133;38;43;15.867;23.56
3134;38;43;15.828;2.18
3135;38;44;16.005;20.09
3136;38;45;14.258;4.94
3137;38;46;13.525;14.37
3138;38;46;12.475;22.69
3139;38;47;47.253;11.53
3140;38;47;53.281;17.33
3141;38;47;56.109;0.51
3142;38;48;41.315;1.05
3143;38;48;47.632;21.49
3144;38;48;43.815;18.14
3145;38;49;39.107;0.54
3146;38;50;24.677;9.38
3147;38;50;30.373;5.29
3148;38;51;45.361;1.62
3149;38;51;47.098;18.86
3150;38;51;53.696;16.39
3151;38;52;2.861;5.82
3152;38;52;2.965;7.36
3153;38;53;81.834;7.49
3154;38;53;86.94;24.53
3155;38;53;91.618;15.43
3156;38;54;38.706;1.23
3157;38;54;35.197;4.33
3158;38;54;35.536;8.91
3159;38;55;14.076;21.21
3160;38;55;17.384;17.49
3161;38;55;16.894;22.44
3162;38;56;44.343;21.21
3163;38;57;12.504;9.65
3164;38;58;21.896;6.99
3165;38;59;10.043;5.66
3166;39;40;19.676;13.2
3167;39;41;9.242;15.1
3168;39;42;51.487;21.92
3169;39;42;61.602;22.54
3170;39;42;52.521;15.2
3171;39;43;13.75;15.04
3172;39;44;24.059;12.56
3173;39;44;24.935;20.91
3174;39;44;26.262;23.87
3175;39;45;19.904;7.66
3176;39;46;17.417;9.88
3177;39;47;17.931;15.17
3178;39;48;41.2;7.3
3179;39;48;33.29;12.71
3180;39;48;31.956;11.19
3181;39;49;10.414;5.48
3182;39;49;12.49;0.94
3183;39;50;43.884;9.18
3184;39;50;53.613;5.49
3185;39;51;15.93;5.05
3186;39;52;30.499;16.56
3187;39;52;35.64;18.09
3188;39;53;64.516;17.18
3189;39;53;58.822;13.22
3190;39;53;66.957;3.47
3191;39;54;46.494;9.22
3192;39;54;51.823;2.18
3193;39;55;17.142;20.29
3194;39;56;49.262;17.57
3195;39;57;17.368;13.35
3196;39;57;18.356;3.69
3197;39;57;16.397;6.52
3198;39;58;31.263;20.33
3199;39;59;26.179;8.61
3200;39;59;20.642;18.63
3201;40;41;14.274;8.64
3202;40;42;70.322;16.15
3203;40;42;62.497;20.48
3204;40;43;6.594;6.46
3205;40;43;7.452;2.48
3206;40;44;18.569;17.18
3207;40;44;19.032;22.24
3208;40;44;22.699;7.3
3209;40;45;13.977;21.79
3210;40;45;13.132;5.93
3211;40;45;15.892;19.56
3212;40;46;10.358;23.16
3213;40;46;9.833;23.77
3214;40;46;11.434;9.77
3215;40;47;36.675;19.74
3216;40;47;44.093;11.74
3217;40;48;33.346;1.92
3218;40;48;38.754;5.07
3219;40;48;40.877;17.35
3220;40;49;29.991;11.86
3221;40;49;28.16;12.13
3222;40;49;30.677;24.05
3223;40;50;25.585;19.16
3224;40;51;35.446;11.41
3225;40;51;33.1;2.97
3226;40;52;14.098;19.9
3227;40;53;70.59;3.28
3228;40;54;33.83;1.08
3229;40;54;32.567;1.35
3230;40;54;29.485;15.26
3231;40;55;10.888;5.81
3232;40;56;49.405;19.65
3233;40;57;3.511;8.7
3234;40;57;2.943;14.64
3235;40;57;3.51;3.0
3236;40;58;26.79;15.0
3237;40;59;6.651;21.41
3238;40;59;6.117;10.95
3239;40;59;6.275;3.19
3240;41;42;56.41;18.49
3241;41;42;59.499;20.34
3242;41;42;59.518;20.1
3243;41;43;7.716;6.73
3244;41;43;8.359;3.22
3245;41;43;7.1;3.28
3246;41;44;14.917;5.86
3247;41;44;11.774;2.99
3248;41;45;10.664;7.96
3249;41;45;9.347;18.73
3250;41;46;8.507;7.32
3251;41;46;7.565;17.91
3252;41;46;9.426;18.37
3253;41;47;26.913;4.03
3254;41;47;33.501;1.62
3255;41;47;30.439;18.06
3256;41;48;43.076;23.53
3257;41;49;17.667;9.91
3258;41;50;39.848;13.21
3259;41;50;42.306;20.26
3260;41;50;37.482;14.13
3261;41;51;24.3;9.52
3262;41;51;19.095;0.68
3263;41;51;19.621;6.15
3264;41;52;22.127;17.1
3265;41;53;72.04;21.94
3266;41;53;80.661;9.63
3267;41;54;46.158;16.45
3268;41;54;46.206;12.59
3269;41;55;8.134;15.49
3270;41;55;10.13;1.82
3271;41;56;42.199;7.91
3272;41;56;34.603;6.62
3273;41;56;36.727;20.08
3274;41;57;11.015;5.48
3275;41;57;9.572;15.12
3276;41;57;8.483;18.35
3277;41;58;22.519;14.86
3278;41;58;26.12;19.32
3279;41;59;20.827;10.17
3280;42;43;63.784;9.29
3281;42;43;57.285;8.39
3282;42;43;53.342;18.69
3283;42;44;64.253;12.43
3284;42;44;67.397;16.4
3285;42;44;59.083;15.8
3286;42;45;63.546;11.99
3287;42;45;76.255;19.25
3288;42;45;58.655;13.84
3289;42;46;63.818;22.91
3290;42;46;70.269;0.53
3291;42;47;40.915;12.3
3292;42;48;88.825;19.56
3293;42;48;99.67;24.5
3294;42;49;41.27;11.87
3295;42;49;34.272;9.41
3296;42;50;95.326;16.06
3297;42;50;106.264;23.09
3298;42;51;38.647;15.15
3299;42;51;42.434;23.27
3300;42;51;39.497;0.16
3301;42;52;77.149;2.22
3302;42;53;89.19;9.48
3303;42;54;96.476;18.38
3304;42;54;97.902;4.61
3305;42;55;63.254;2.78
3306;42;56;65.697;11.34
3307;42;56;78.657;7.4
3308;42;57;67.324;12.55
3309;42;57;75.484;12.52
3310;42;57;59.422;13.57
3311;42;58;65.552;24.43
3312;42;58;78.511;15.74
3313;42;58;71.398;20.78
3314;42;59;76.973;9.02
3315;42;59;84.61;14.7
3316;43;44;15.908;8.73
3317;43;44;12.235;20.68
3318;43;44;19.268;8.74
3319;43;45;10.833;15.16
3320;43;45;8.917;14.18
3321;43;46;6.862;0.65
3322;43;47;31.396;20.81
3323;43;48;37.096;22.45
3324;43;49;23.809;17.52
3325;43;49;17.901;0.63
3326;43;49;20.445;4.72
3327;43;50;32.138;1.5
3328;43;50;35.775;7.19
3329;43;50;38.015;6.09
3330;43;51;29.679;17.94
3331;43;51;26.605;11.87
3332;43;52;17.216;16.63
3333;43;52;18.341;6.33
3334;43;53;70.398;5.5
3335;43;53;62.319;9.46
3336;43;54;39.09;8.98
3337;43;54;41.821;13.42
3338;43;55;7.096;23.99
3339;43;55;8.112;18.58
3340;43;56;46.112;0.41
3341;43;56;52.866;21.53
3342;43;56;50.744;3.58
3343;43;57;3.653;5.35
3344;43;58;24.358;19.43
3345;43;59;13.217;6.14
3346;43;59;12.69;9.65
3347;44;45;5.077;6.59
3348;44;46;9.059;10.52
3349;44;47;41.135;6.46
3350;44;48;51.894;6.77
3351;44;48;51.058;2.55
3352;44;48;59.501;19.6
3353;44;49;30.776;22.58
3354;44;49;30.494;20.47
3355;44;50;40.234;8.1
3356;44;51;37.895;20.41
3357;44;52;14.499;7.69
3358;44;53;86.008;6.7
3359;44;54;51.924;0.43
3360;44;54;50.468;18.16
3361;44;54;51.81;14.93
3362;44;55;8.82;9.09
3363;44;56;30.836;18.0
3364;44;57;15.741;2.93
3365;44;58;8.462;21.12
3366;44;58;9.724;4.68
3367;44;59;22.308;0.47
3368;44;59;24.701;4.72
3369;44;59;17.968;19.69
3370;45;46;4.002;15.43
3371;45;46;3.229;10.04
3372;45;47;37.478;5.48
3373;45;48;47.138;22.16
3374;45;48;53.93;22.9
3375;45;48;39.127;2.49
3376;45;49;27.657;11.12
3377;45;50;37.21;3.74
3378;45;50;34.804;22.68
3379;45;50;30.576;17.29
3380;45;51;34.595;5.9
3381;45;51;42.811;21.15
3382;45;51;39.626;1.02
3383;45;52;13.646;20.46
3384;45;52;10.75;13.93
3385;45;53;80.991;5.26
3386;45;53;99.537;18.89
3387;45;54;47.699;20.25
3388;45;54;47.064;11.52
3389;45;55;3.742;12.1
3390;45;56;35.612;20.27
3391;45;56;30.124;18.39
3392;45;56;37.89;9.79
3393;45;57;10.906;18.95
3394;45;57;13.193;12.28
3395;45;57;11.122;17.19
3396;45;58;13.526;7.1
3397;45;58;15.15;17.08
3398;45;59;18.52;24.57
3399;45;59;15.534;22.74
3400;46;47;35.298;8.05
3401;46;47;26.587;9.85
3402;46;48;43.259;5.81
3403;46;48;43.85;2.24
3404;46;49;26.148;20.75
3405;46;49;26.131;19.51
3406;46;49;23.772;0.7
3407;46;50;34.699;16.15
3408;46;50;28.65;21.25
3409;46;51;32.803;10.44
3410;46;51;35.381;13.22
3411;46;52;13.737;6.3
3412;46;52;11.245;6.59
3413;46;52;14.262;22.73
3414;46;53;77.172;0.69
3415;46;53;61.13;20.68
3416;46;54;44.188;6.15
3417;46;55;0.614;22.73
3418;46;56;39.554;6.72
3419;46;57;7.079;19.65
3420;46;58;17.518;6.07
3421;46;59;15.608;14.17
3422;46;59;18.416;7.73
3423;47;48;48.041;12.37
3424;47;49;11.195;7.32
3425;47;50;58.488;20.49
3426;47;50;53.184;23.86
3427;47;51;4.753;8.9
3428;47;51;5.498;19.71
3429;47;52;48.397;4.25
3430;47;52;57.152;24.35
3431;47;53;56.062;17.48
3432;47;54;56.355;9.78
3433;47;54;55.548;0.88
3434;47;54;67.014;4.72
3435;47;55;34.989;16.65
3436;47;56;61.673;16.06
3437;47;56;66.408;13.17
3438;47;57;34.894;9.45
3439;47;58;47.354;8.05
3440;47;59;42.745;22.07
3441;47;59;46.911;13.4
3442;48;49;49.291;2.66
3443;48;49;54.653;20.46
3444;48;50;27.076;6.19
3445;48;50;29.898;14.87
3446;48;51;50.252;3.19
3447;48;52;44.173;8.26
3448;48;52;45.227;16.97
3449;48;52;45.59;9.05
3450;48;53;47.049;19.74
3451;48;54;11.417;4.17
3452;48;55;43.689;3.6
3453;48;55;41.962;12.05
3454;48;55;49.56;8.55
3455;48;56;82.719;9.18
3456;48;56;86.204;21.41
3457;48;57;36.232;24.23
3458;48;58;60.129;12.59
3459;48;58;48.829;4.82
3460;48;58;68.681;5.11
3461;48;59;31.387;23.02
3462;48;59;26.447;16.95
3463;48;59;27.675;12.4
3464;49;50;54.245;3.02
3465;49;50;41.907;10.96
3466;49;50;53.357;7.12
3467;49;51;7.199;23.56
3468;49;51;8.272;5.43
3469;49;51;8.647;21.42
3470;49;52;39.788;14.74
3471;49;53;65.337;5.82
3472;49;54;55.748;21.91
3473;49;54;44.041;12.12
3474;49;55;25.735;10.17
3475;49;55;29.113;23.75
3476;49;56;50.588;14.26
3477;49;56;40.286;22.38
3478;49;57;27.463;1.43
3479;49;57;28.944;3.9
3480;49;58;36.461;24.87
3481;49;59;36.549;10.99
3482;49;59;30.049;2.31
3483;50;51;58.515;4.37
3484;50;51;71.899;23.65
3485;50;52;27.034;15.8
3486;50;52;27.216;1.66
3487;50;52;23.655;3.58
3488;50;53;73.896;17.54
3489;50;53;61.12;11.12
3490;50;54;18.71;2.73
3491;50;54;18.823;9.5
3492;50;55;35.309;21.06
3493;50;55;35.645;13.23
3494;50;55;41.473;22.33
3495;50;56;68.826;8.79
3496;50;57;28.971;4.58
3497;50;57;26.238;2.44
3498;50;57;29.659;17.53
3499;50;58;46.57;13.5
3500;50;58;56.185;19.46
3501;50;59;19.222;3.76
3502;50;59;22.107;8.04
3503;51;52;46.259;12.81
3504;51;52;53.305;7.2
3505;51;53;60.723;19.94
3506;51;54;57.894;10.55
3507;51;54;61.493;10.36
3508;51;54;43.735;16.76
3509;51;55;32.433;21.39
3510;51;55;24.55;17.46
3511;51;55;33.153;21.41
3512;51;56;57.176;15.08
3513;51;56;63.367;7.5
3514;51;57;33.289;7.67
3515;51;57;34.721;10.94
3516;51;58;43.658;4.49
3517;51;58;50.823;15.77
3518;51;58;50.725;23.49
3519;51;59;41.795;9.53
3520;51;59;43.949;22.3
3521;51;59;39.143;12.73
3522;52;53;84.405;11.78
3523;52;53;84.124;21.78
3524;52;53;79.44;12.35
3525;52;54;41.496;3.71
3526;52;54;50.519;17.98
3527;52;55;14.221;10.29
3528;52;56;41.824;24.87
3529;52;56;40.481;6.39
3530;52;57;14.133;14.19
3531;52;57;11.588;19.64
3532;52;58;19.625;7.8
3533;52;58;24.223;16.34
3534;52;58;23.904;18.18
3535;52;59;12.868;16.25
3536;52;59;12.263;11.02
3537;52;59;14.36;19.83
3538;53;54;57.633;10.34
3539;53;54;71.173;11.13
3540;53;54;62.702;12.3
3541;53;55;77.294;10.6
3542;53;55;90.403;14.26
3543;53;55;71.529;13.89
3544;53;56;113.771;6.92
3545;53;56;112.941;16.53
3546;53;57;71.819;8.67
3547;53;57;61.209;14.92
3548;53;58;94.249;20.16
3549;53;58;117.372;16.37
3550;53;59;72.243;6.91
3551;53;59;67.878;7.28
3552;53;59;68.799;12.28
3553;54;55;44.716;7.81
3554;54;55;35.008;12.9
3555;54;55;52.482;17.14
3556;54;56;82.42;4.36
3557;54;56;80.718;23.21
3558;54;56;61.872;16.4
3559;54;57;37.204;10.61
3560;54;58;59.589;5.94
3561;54;58;72.08;0.59
3562;54;58;54.778;17.8
3563;54;59;29.769;22.49
3564;55;56;39.174;7.53
3565;55;56;48.885;20.22
3566;55;57;7.563;16.49
3567;55;57;7.423;12.98
3568;55;57;6.501;21.11
3569;55;58;17.263;4.99
3570;55;58;19.031;5.32
3571;55;59;16.208;23.4
3572;55;59;18.838;22.09
3573;55;59;15.349;24.67
3574;56;57;46.506;5.04
3575;56;58;22.834;4.2
3576;56;58;21.399;24.18
3577;56;59;52.651;19.66
3578;57;58;24.126;20.06
3579;57;59;9.829;19.57
3580;58;59;29.82;7.38
3581;58;59;32.204;17.62
3582;58;59;24.607;2.91
