VERTEX_COUNT 60
PATH_COUNT 1
BUDGET 300
<------------ VERTICES ------------>
0;START;41.374834;2.170055;0.0;0.0
1;Museu Nacional d’Art de Catalunya;41.36882;2.153347;45.0;100.0
2;Museu d’Història de Catalunya - MHC;41.380852;2.185799;45.0;80.85
3;Basilica of the Sagrada Família;41.403568;2.174435;45.0;80.32
4;Museu Picasso;41.385181;2.180863;45.0;79.31
5;Galeria d’Art Mar Grup Escolà;41.392349;2.167836;45.0;77.21
6;Parc de la Ciutadella;41.389248;2.186548;45.0;68.08
7;Museu Frederic Marès;41.384178;2.176819;45.0;67.05
8;Anella Olímpica(Olympic Park);41.364778;2.152575;45.0;66.67
9;Avinguda d’Icària;41.391556;2.197416;45.0;65.69
10;Basilica of Sants Just i Pastor;41.382812;2.178195;45.0;65.25
11;Palau Güell;41.378864;2.174117;45.0;64.06
12;Museu Palmero;41.424667;2.139856;45.0;63.01
13;Lorena Ruiz de Villa;41.397858;2.146705;45.0;62.12
14;Passeig de Gràcia;41.390739;2.166672;45.0;61.6
15;Poble Espanyol;41.368679;2.147031;45.0;60.94
16;Antic Hospital de la Santa Creu;41.380573;2.170374;45.0;60.32
17;La Pedrera (Casa Milà);41.395271;2.161785;45.0;59.51
18;Despair;41.387653;2.188076;45.0;58.82
19;Montjuïc Castle;41.363823;2.167096;45.0;58.27
20;Museu d’Història de Barcelona;41.384144;2.177409;45.0;57.01
21;Plaça del Rei;41.384144;2.177409;45.0;56.91
22;La Colmena;41.383835;2.178294;45.0;56.28
23;Barcelona;41.389034;2.16137;45.0;56.27
24;Parc de Diagonal Mar;41.407215;2.214539;45.0;56.08
25;90th Jean Bouin;41.373077;2.150465;45.0;54.43
26;Plaça de Catalunya;41.387005;2.17003;45.0;54.27
27;Casa Martí, Els Quatre Gats ;41.385775;2.173671;45.0;54.24
28;Platja de la Nova Mar Bella;41.40205;2.21529;45.0;53.11
29;Museu de la Moto ;41.383327;2.174488;45.0;53.05
30;Arts Santa Mònica;41.37722;2.176012;45.0;52.75
31;Rambla del Raval;41.378681;2.169317;45.0;52.44
32;Imaginart Gallery;41.393822;2.164627;45.0;51.72
33;Monument to Doctor Robert;41.394924;2.175599;45.0;51.57
34;Museu d’Art Contemporani de Barcelona (MACBA);41.382809;2.166729;45.0;51.0
35;Turó de la Rovira viewing point;41.419388;2.161812;45.0;50.61
36;Royal Dockyards Museu Marítim ;41.375286;2.17598;45.0;50.41
37;Museu Blau - Fòrum Building;41.41124;2.220333;45.0;50.37
38;El Born Centre Cultural;41.385818;2.183785;45.0;49.63
39;Atelier;41.407719;2.158233;45.0;49.51
40;Poblenou Cemetery;41.394859;2.201189;45.0;49.28
41;Fundació Fran Daurel;41.369118;2.146695;45.0;49.2
42;CaixaForum;41.371357;2.149495;45.0;48.85
43;Botanical Garden;41.364746;2.159382;45.0;48.78
44;Santa Eulàlia small schooner;41.376385;2.179861;45.0;48.35
45;Maeght;41.384689;2.181526;45.0;48.26
46;Piramidon Centre d’Art Contemporani;41.422626;2.209764;45.0;47.8
47;Park Güell;41.414249;2.151926;45.0;46.83
48;Contrast;41.387928;2.161469;45.0;46.61
49;Carles Taché;41.389851;2.164213;45.0;46.34
50;Parc de la Creueta del Coll;41.41935;2.146432;45.0;46.25
51;Galeria Mayoral;41.389542;2.163808;45.0;45.33
52;Palau Sant Jordi;41.363441;2.152537;45.0;45.02
53;Basilica of Santa Maria del Mar;41.383518;2.1818;45.0;44.91
54;Barcelona Head;41.380924;2.182465;45.0;44.85
55;L’Aquàrium;41.376625;2.184117;45.0;43.47
56;Museu del Modernisme Català;41.388874;2.163411;45.0;43.4
57;Palau Montaner;41.39555;2.1652;45.0;43.13
58;Museu de la Xocolata;41.387253;2.181838;45.0;43.02
59;FINISH;41.374834;2.170055;0.0;0.0
<------------- EDGES -------------->
0;0;1;23.796;11.51
1;0;1;25.685;21.84
2;0;2;22.688;22.63
3;0;2;24.2;2.93
4;0;2;18.457;8.28
5;0;3;49.491;17.55
6;0;3;50.872;22.05
7;0;4;22.496;8.29
8;0;5;30.107;11.68
9;0;6;32.509;10.29
10;0;6;33.743;12.43
11;0;7;18.196;20.22
12;0;8;28.285;4.96
13;0;8;30.165;13.24
14;0;9;45.309;16.26
15;0;10;17.194;3.71
16;0;10;17.512;0.83
17;0;11;8.647;16.68
18;0;12;93.673;24.78
19;0;13;49.508;18.66
20;0;13;48.989;7.7
21;0;14;27.562;8.8
22;0;15;31.387;21.17
23;0;15;37.241;18.73
24;0;15;33.783;2.39
25;0;16;9.829;17.31
26;0;16;7.394;13.29
27;0;17;36.549;2.81
28;0;18;31.884;22.55
29;0;19;19.222;20.24
30;0;19;14.44;5.11
31;0;19;19.776;19.71
32;0;20;18.52;6.44
33;0;20;16.287;10.03
34;0;20;21.736;24.57
35;0;21;18.52;9.81
36;0;21;16.022;1.18
37;0;22;18.686;23.68
38;0;23;26.736;7.89
39;0;23;32.247;21.09
40;0;23;26.313;5.95
41;0;24;79.572;4.99
42;0;24;84.163;20.22
43;0;24;74.088;16.23
44;0;25;25.336;13.38
45;0;25;21.007;13.72
46;0;26;20.827;15.97
47;0;26;25.564;3.1
48;0;27;19.29;8.7
49;0;27;19.343;9.64
50;0;28;74.442;1.82
51;0;28;91.582;7.63
52;0;29;15.608;7.95
53;0;29;16.98;4.13
54;0;29;15.223;18.79
55;0;30;8.671;5.71
56;0;30;9.749;14.87
57;0;31;6.651;13.29
58;0;32;33.232;12.8
59;0;32;33.564;3.48
60;0;33;35.108;18.31
61;0;33;36.712;7.35
62;0;34;14.3;24.11
63;0;35;76.973;20.18
64;0;36;7.648;22.81
65;0;36;9.465;12.9
66;0;36;8.728;10.08
67;0;37;89.706;17.98
68;0;37;93.909;2.25
69;0;37;71.293;20.67
70;0;38;25.77;7.61
71;0;38;24.704;7.15
72;0;38;29.958;5.86
73;0;39;58.284;6.83
74;0;39;59.087;20.71
75;0;40;52.651;3.5
76;0;41;31.553;24.62
77;0;41;28.078;21.97
78;0;42;27.064;12.17
79;0;43;22.042;1.34
80;0;43;23.555;19.27
81;0;44;12.868;5.9
82;0;44;11.01;3.18
83;0;44;13.762;5.0
84;0;45;22.391;23.68
85;0;46;96.367;17.85
86;0;46;84.546;21.34
87;0;46;116.936;16.67
88;0;47;71.35;10.11
89;0;47;82.294;12.7
90;0;48;24.972;21.33
91;0;49;26.77;24.48
92;0;49;29.37;3.11
93;0;50;81.991;16.78
94;0;50;100.767;14.62
95;0;51;26.416;12.41
96;0;51;22.155;15.37
97;0;51;21.225;0.87
98;0;52;29.769;8.33
99;0;52;23.093;3.54
100;0;53;21.172;23.09
101;0;53;25.955;24.96
102;0;54;19.04;12.11
103;0;55;18.315;1.68
104;0;56;25.495;16.0
105;0;56;26.296;1.02
106;0;57;35.994;8.67
107;0;57;32.027;18.71
108;0;57;34.799;24.61
109;0;58;26.087;23.72
110;0;58;32.111;14.52
111;0;58;30.869;19.38
112;0;59;0.0;14.2
113;0;59;0.0;15.77
114;1;2;46.481;20.67
115;1;2;38.672;9.28
116;1;2;46.033;13.64
117;1;3;65.336;2.35
118;1;3;68.865;14.4
119;1;4;45.08;13.05
120;1;4;34.343;0.17
121;1;5;44.354;12.81
122;1;6;55.131;4.22
123;1;7;39.989;24.08
124;1;7;41.44;11.63
125;1;8;6.988;9.46
126;1;8;6.397;3.66
127;1;8;8.416;7.84
128;1;9;68.67;21.74
129;1;10;39.892;19.55
130;1;11;31.73;9.31
131;1;11;34.188;1.62
132;1;12;97.123;12.94
133;1;13;50.417;23.8
134;1;13;62.656;24.26
135;1;14;41.226;21.59
136;1;14;51.22;2.42
137;1;15;8.115;17.87
138;1;15;6.209;17.17
139;1;16;29.708;7.35
140;1;16;24.568;24.74
141;1;17;46.542;9.19
142;1;17;53.162;23.17
143;1;17;44.49;8.36
144;1;18;55.02;6.78
145;1;18;54.481;6.27
146;1;18;56.797;15.21
147;1;19;19.619;7.16
148;1;19;23.584;3.92
149;1;20;40.525;14.96
150;1;21;40.525;18.51
151;1;21;48.024;2.94
152;1;22;41.065;13.18
153;1;22;48.67;2.16
154;1;23;36.092;9.39
155;1;23;34.207;4.27
156;1;23;31.892;0.18
157;1;24;102.414;19.34
158;1;25;8.171;14.04
159;1;26;37.779;4.28
160;1;26;45.219;2.59
161;1;27;39.024;3.43
162;1;27;33.752;5.84
163;1;27;45.166;1.74
164;1;28;97.767;3.81
165;1;29;36.786;21.2
166;1;29;40.505;9.19
167;1;30;32.461;24.91
168;1;30;39.004;18.7
169;1;30;26.54;15.89
170;1;31;26.558;6.53
171;1;32;45.169;11.48
172;1;32;54.532;18.69
173;1;32;48.007;20.41
174;1;33;53.025;23.6
175;1;33;59.825;2.12
176;1;34;29.467;10.15
177;1;34;36.299;5.38
178;1;35;87.213;16.1
179;1;36;31.099;9.13
180;1;36;27.769;9.01
181;1;37;112.538;0.23
182;1;37;105.254;15.16
183;1;37;87.255;11.72
184;1;38;48.72;6.24
185;1;38;44.743;3.81
186;1;38;38.556;22.88
187;1;39;66.86;4.2
188;1;39;66.705;14.88
189;1;39;59.087;5.95
190;1;40;75.887;10.52
191;1;40;57.376;1.95
192;1;40;80.466;8.57
193;1;41;8.558;16.63
194;1;42;6.582;13.49
195;1;42;5.24;11.77
196;1;42;5.276;11.93
197;1;43;10.425;8.84
198;1;43;8.109;14.67
199;1;44;36.426;18.71
200;1;44;33.326;14.77
201;1;45;45.24;21.16
202;1;46;117.144;3.86
203;1;47;77.761;23.38
204;1;48;34.321;9.57
205;1;49;38.599;8.25
206;1;50;86.923;3.08
207;1;50;99.888;14.79
208;1;50;98.238;12.97
209;1;51;37.919;12.98
210;1;52;9.263;15.96
211;1;52;6.956;4.8
212;1;53;44.356;21.08
213;1;53;48.699;8.07
214;1;54;42.744;8.87
215;1;55;41.71;2.01
216;1;56;36.669;10.4
217;1;56;38.718;11.09
218;1;57;48.206;20.12
219;1;58;48.305;6.44
220;1;58;40.826;19.27
221;1;58;40.627;8.33
222;1;59;23.796;9.03
223;1;59;28.942;10.43
224;2;3;41.52;2.06
225;2;3;49.143;5.51
226;2;4;9.749;20.12
227;2;4;11.892;3.31
228;2;5;30.314;1.83
229;2;6;14.4;8.41
230;2;6;11.667;18.84
231;2;6;16.342;18.19
232;2;7;12.858;10.9
233;2;7;11.07;18.6
234;2;8;50.763;1.38
235;2;9;23.621;3.46
236;2;9;18.404;8.28
237;2;10;10.323;12.9
238;2;10;12.247;23.3
239;2;10;11.81;20.26
240;2;11;15.381;19.81
241;2;11;12.953;22.76
242;2;12;95.389;20.39
243;2;12;118.076;2.74
244;2;12;97.784;4.93
245;2;13;58.016;14.0
246;2;13;70.482;15.21
247;2;13;48.146;10.69
248;2;14;29.821;8.48
249;2;15;53.965;22.11
250;2;15;63.512;14.91
251;2;15;55.297;18.0
252;2;16;19.811;24.77
253;2;16;20.266;0.72
254;2;17;39.488;16.74
255;2;18;12.0;14.0
256;2;18;11.952;6.17
257;2;18;9.457;1.31
258;2;19;37.763;13.2
259;2;20;12.156;16.58
260;2;21;12.156;2.72
261;2;21;9.945;5.92
262;2;21;10.528;0.84
263;2;22;10.905;5.38
264;2;22;9.826;23.6
265;2;23;34.348;23.75
266;2;23;30.985;17.78
267;2;24;58.279;2.18
268;2;25;47.282;14.94
269;2;26;22.821;10.33
270;2;26;27.939;6.57
271;2;26;27.57;13.07
272;2;27;17.705;10.48
273;2;28;52.433;2.16
274;2;28;59.214;20.35
275;2;28;65.038;18.02
276;2;29;15.128;0.16
277;2;29;15.757;5.42
278;2;30;14.02;8.39
279;2;31;21.487;11.22
280;2;31;24.697;9.55
281;2;31;18.834;6.85
282;2;32;35.092;0.63
283;2;32;37.768;12.15
284;2;33;27.411;12.37
285;2;33;33.941;24.2
286;2;34;24.713;17.91
287;2;35;72.778;15.78
288;2;35;75.205;11.35
289;2;36;15.801;24.28
290;2;36;13.55;10.99
291;2;36;19.54;19.31
292;2;37;68.332;17.5
293;2;37;55.83;22.21
294;2;37;64.902;9.23
295;2;38;8.883;12.46
296;2;39;58.017;22.22
297;2;39;64.809;21.76
298;2;40;31.063;15.14
299;2;40;29.586;11.74
300;2;41;54.08;4.33
301;2;41;47.138;22.34
302;2;41;64.969;19.57
303;2;42;49.368;14.73
304;2;43;43.708;0.45
305;2;43;48.336;22.86
306;2;43;42.488;19.2
307;2;44;10.797;19.72
308;2;45;8.556;22.65
309;2;46;77.822;2.46
310;2;46;68.271;23.08
311;2;47;71.81;10.7
312;2;47;80.801;14.13
313;2;48;33.502;17.82
314;2;48;29.236;23.37
315;2;49;31.705;10.97
316;2;49;28.116;0.35
317;2;50;83.027;20.79
318;2;50;71.868;5.03
319;2;50;72.646;15.49
320;2;51;31.911;19.84
321;2;52;52.078;7.87
322;2;52;51.287;0.92
323;2;52;53.147;3.78
324;2;53;6.869;7.65
325;2;53;6.094;19.22
326;2;54;4.283;7.22
327;2;54;3.483;1.18
328;2;54;5.075;15.97
329;2;55;7.549;12.64
330;2;56;31.854;19.06
331;2;56;26.382;6.26
332;2;56;38.324;23.57
333;2;57;36.496;5.72
334;2;58;12.077;15.04
335;2;58;12.274;15.49
336;2;59;22.688;13.77
337;3;4;32.528;21.18
338;3;4;27.602;4.91
339;3;5;20.984;20.71
340;3;5;26.215;14.92
341;3;5;15.829;8.79
342;3;6;29.022;6.13
343;3;7;33.322;2.04
344;3;7;37.373;12.04
345;3;8;72.069;22.06
346;3;8;85.245;12.77
347;3;8;65.178;4.78
348;3;9;35.955;19.52
349;3;9;32.571;15.9
350;3;10;35.845;15.44
351;3;10;41.176;24.76
352;3;11;42.276;3.64
353;3;11;50.546;12.18
354;3;11;40.007;1.98
355;3;12;57.209;18.17
356;3;13;36.911;23.04
357;3;13;34.332;15.49
358;3;13;37.943;10.0
359;3;14;24.109;22.35
360;3;14;25.709;17.8
361;3;15;69.299;22.51
362;3;15;60.896;8.8
363;3;16;39.694;16.63
364;3;16;42.422;20.93
365;3;17;21.57;19.99
366;3;17;22.336;16.59
367;3;17;22.016;12.81
368;3;18;32.378;18.14
369;3;18;30.326;14.11
370;3;18;40.199;19.66
371;3;19;68.662;3.38
372;3;19;81.411;3.29
373;3;20;33.457;21.59
374;3;20;28.344;17.78
375;3;21;33.457;21.17
376;3;22;34.129;10.87
377;3;23;29.997;8.16
378;3;23;36.99;8.94
379;3;24;51.851;0.81
380;3;24;39.192;15.12
381;3;24;48.235;4.18
382;3;25;60.577;8.49
383;3;25;54.97;4.56
384;3;26;28.902;11.23
385;3;27;30.463;24.86
386;3;27;30.536;6.93
387;3;27;35.663;10.14
388;3;28;52.504;8.79
389;3;28;39.492;15.56
390;3;28;58.757;16.01
391;3;29;34.637;3.37
392;3;30;45.133;12.19
393;3;30;47.456;5.97
394;3;31;43.091;13.92
395;3;32;20.896;24.7
396;3;32;22.539;19.16
397;3;32;24.561;15.33
398;3;33;14.867;20.64
399;3;33;14.887;16.08
400;3;33;15.155;24.92
401;3;34;36.875;14.83
402;3;34;44.452;1.35
403;3;34;30.44;9.06
404;3;35;31.549;3.17
405;3;35;37.504;20.71
406;3;35;34.05;22.48
407;3;36;48.438;6.2
408;3;36;40.076;1.39
409;3;37;60.354;5.97
410;3;37;46.071;4.27
411;3;37;59.573;0.87
412;3;38;32.66;12.13
413;3;38;25.287;16.82
414;3;39;21.975;15.43
415;3;39;27.158;3.17
416;3;40;37.436;16.64
417;3;40;32.632;12.94
418;3;40;40.923;14.56
419;3;41;68.875;9.4
420;3;41;71.096;16.86
421;3;41;64.284;4.41
422;3;42;63.746;13.87
423;3;42;48.045;14.41
424;3;42;50.496;16.21
425;3;43;69.188;4.45
426;3;43;58.701;2.84
427;3;44;47.035;8.33
428;3;44;52.401;22.3
429;3;44;56.381;24.9
430;3;45;33.564;5.92
431;3;45;36.923;16.37
432;3;45;31.002;23.0
433;3;46;55.85;13.9
434;3;46;48.456;22.54
435;3;47;34.185;20.57
436;3;47;38.998;0.85
437;3;47;29.863;5.11
438;3;48;31.517;18.43
439;3;49;26.892;8.5
440;3;49;25.914;10.11
441;3;49;26.083;23.99
442;3;50;44.955;8.72
443;3;51;27.608;2.7
444;3;51;29.268;10.18
445;3;51;29.404;22.18
446;3;52;74.2;9.76
447;3;52;65.862;2.33
448;3;53;35.589;16.71
449;3;54;40.097;18.95
450;3;54;35.21;20.24
451;3;55;47.752;10.4
452;3;56;28.853;20.35
453;3;56;32.534;0.28
454;3;56;24.432;18.66
455;3;57;18.132;14.36
456;3;57;22.304;12.11
457;3;58;29.492;13.38
458;3;58;35.965;9.81
459;3;58;36.052;11.72
460;3;59;49.491;22.51
461;4;5;20.74;1.94
462;4;5;19.042;19.79
463;4;6;10.085;24.57
464;4;6;8.027;5.88
465;4;6;11.522;23.53
466;4;7;5.468;9.25
467;4;7;5.584;2.22
468;4;7;6.038;10.99
469;4;8;50.384;24.26
470;4;8;38.31;20.4
471;4;9;23.888;6.58
472;4;9;23.988;16.46
473;4;10;5.307;19.25
474;4;10;6.562;11.25
475;4;11;13.852;13.83
476;4;12;85.65;22.38
477;4;12;90.321;18.02
478;4;13;48.924;13.68
479;4;13;49.95;1.41
480;4;14;20.552;1.95
481;4;14;25.012;13.73
482;4;15;51.814;15.12
483;4;16;15.606;8.01
484;4;17;29.967;16.48
485;4;18;10.181;19.49
486;4;18;11.969;24.6
487;4;19;40.599;17.81
488;4;20;4.777;22.82
489;4;20;5.087;6.9
490;4;20;3.668;4.32
491;4;21;4.777;24.49
492;4;21;4.976;21.49
493;4;22;4.023;24.62
494;4;22;3.386;19.46
495;4;22;4.158;5.84
496;4;23;25.88;16.38
497;4;24;57.363;4.71
498;4;25;44.188;23.09
499;4;25;37.408;5.13
500;4;25;43.035;0.08
501;4;26;14.254;20.49
502;4;26;16.676;12.13
503;4;26;11.694;15.3
504;4;27;9.29;0.94
505;4;28;52.787;20.06
506;4;29;8.778;6.71
507;4;29;8.591;4.05
508;4;30;14.979;20.64
509;4;30;16.89;7.89
510;4;31;18.534;6.13
511;4;31;17.508;20.48
512;4;32;25.556;6.67
513;4;32;20.881;6.09
514;4;32;27.722;5.32
515;4;33;17.99;3.21
516;4;34;18.595;13.27
517;4;34;14.879;14.72
518;4;35;63.438;6.18
519;4;36;18.056;14.45
520;4;37;67.495;1.53
521;4;37;73.095;21.82
522;4;37;63.694;9.5
523;4;38;3.907;17.73
524;4;38;3.531;14.0
525;4;39;48.284;0.47
526;4;39;37.531;14.69
527;4;40;30.906;12.04
528;4;40;29.321;5.18
529;4;41;51.773;10.73
530;4;41;53.656;23.06
531;4;41;47.983;9.96
532;4;42;46.711;19.1
533;4;42;52.317;19.29
534;4;43;44.539;7.64
535;4;43;38.25;4.28
536;4;44;15.107;23.12
537;4;44;16.529;7.59
538;4;44;14.817;12.64
539;4;45;1.197;12.17
540;4;46;74.04;19.89
541;4;46;57.021;2.53
542;4;47;62.08;18.02
543;4;47;72.96;8.73
544;4;47;67.445;18.1
545;4;48;25.339;10.62
546;4;48;30.176;13.04
547;4;48;26.713;2.33
548;4;49;22.821;21.82
549;4;49;18.776;9.82
550;4;49;28.052;17.45
551;4;50;73.294;22.34
552;4;51;23.133;22.34
553;4;51;24.092;9.68
554;4;51;24.341;3.37
555;4;52;52.029;24.52
556;4;53;3.09;2.26
557;4;54;7.57;21.07
558;4;54;8.296;10.11
559;4;54;6.138;17.01
560;4;55;15.226;12.04
561;4;55;17.956;12.96
562;4;56;23.28;1.52
563;4;56;28.421;1.94
564;4;56;27.374;7.05
565;4;57;26.818;6.02
566;4;57;33.194;23.41
567;4;57;23.934;4.08
568;4;58;3.76;9.92
569;4;59;22.496;5.3
570;4;59;22.278;11.75
571;4;59;26.287;23.55
572;5;6;24.601;5.99
573;5;7;18.125;3.96
574;5;7;16.704;9.1
575;5;8;51.088;7.59
576;5;9;37.998;13.73
577;5;9;41.452;11.44
578;5;10;21.053;12.57
579;5;10;25.317;23.91
580;5;10;18.198;11.46
581;5;11;24.444;8.66
582;5;11;19.248;13.31
583;5;12;65.94;16.14
584;5;12;53.32;11.85
585;5;12;60.962;8.02
586;5;13;28.717;5.32
587;5;13;32.427;20.96
588;5;13;23.614;20.38
589;5;14;3.134;18.51
590;5;15;48.521;23.1
591;5;15;53.933;16.15
592;5;15;43.813;0.38
593;5;16;20.413;18.2
594;5;16;23.371;3.1
595;5;17;9.238;22.66
596;5;17;7.88;24.74
597;5;17;11.512;16.78
598;5;18;27.199;15.21
599;5;18;20.479;17.87
600;5;18;22.135;24.84
601;5;19;48.824;17.19
602;5;19;38.945;20.15
603;5;19;41.528;0.25
604;5;20;18.66;22.41
605;5;20;15.183;18.37
606;5;21;18.66;20.06
607;5;21;16.026;6.02
608;5;22;19.813;10.44
609;5;23;10.054;16.76
610;5;23;9.818;13.79
611;5;24;65.123;19.3
612;5;25;39.813;10.95
613;5;26;9.569;21.55
614;5;26;9.917;4.09
615;5;27;13.515;15.83
616;5;27;14.33;0.56
617;5;28;63.137;9.73
618;5;28;59.872;15.77
619;5;28;74.862;12.61
620;5;29;17.643;10.55
621;5;29;19.682;6.16
622;5;30;27.936;7.87
623;5;31;23.466;10.55
624;5;31;20.338;12.77
625;5;32;4.83;2.72
626;5;32;4.042;20.47
627;5;33;10.896;8.02
628;5;33;12.694;10.71
629;5;34;16.387;21.22
630;5;34;16.497;6.21
631;5;34;16.902;2.09
632;5;35;46.911;17.42
633;5;36;31.014;16.75
634;5;36;37.659;9.85
635;5;36;32.811;5.7
636;5;37;74.737;7.82
637;5;37;92.891;8.98
638;5;38;23.327;14.63
639;5;38;28.287;19.09
640;5;38;27.734;8.52
641;5;39;29.047;8.27
642;5;39;34.34;16.62
643;5;40;43.031;19.8
644;5;40;39.855;6.37
645;5;41;48.137;21.57
646;5;41;37.215;9.42
647;5;42;42.953;11.57
648;5;43;48.466;24.27
649;5;43;52.876;1.29
650;5;44;31.379;3.97
651;5;44;35.465;15.14
652;5;44;28.701;8.17
653;5;45;21.925;14.71
654;5;46;74.701;3.49
655;5;47;42.679;2.11
656;5;47;35.507;16.74
657;5;47;32.1;24.43
658;5;48;11.138;17.19
659;5;48;9.467;15.92
660;5;48;12.547;14.11
661;5;49;6.317;2.49
662;5;49;7.666;7.56
663;5;49;5.806;9.94
664;5;50;53.755;20.65
665;5;50;44.806;4.9
666;5;50;57.977;19.81
667;5;51;7.058;13.96
668;5;51;8.556;14.7
669;5;52;53.226;20.3
670;5;52;55.692;5.92
671;5;52;53.595;1.76
672;5;53;23.447;11.93
673;5;53;24.525;14.15
674;5;54;27.111;6.93
675;5;55;34.073;13.01
676;5;56;8.224;1.99
677;5;57;6.439;21.9
678;5;57;7.236;17.93
679;5;58;19.979;19.74
680;5;58;16.239;20.24
681;5;58;18.927;19.63
682;5;59;30.107;17.99
683;5;59;30.838;4.64
684;6;7;15.208;16.91
685;6;7;17.722;9.48
686;6;7;15.47;5.44
687;6;8;60.469;8.14
688;6;8;65.336;18.68
689;6;8;69.019;4.56
690;6;9;14.501;6.32
691;6;9;13.683;17.64
692;6;10;15.372;17.22
693;6;10;12.921;13.35
694;6;10;15.03;7.03
695;6;11;23.885;22.62
696;6;12;85.235;4.24
697;6;12;89.195;21.13
698;6;12;84.748;18.37
699;6;13;53.228;10.09
700;6;13;59.51;5.98
701;6;13;59.715;10.31
702;6;14;25.644;24.15
703;6;14;27.836;8.39
704;6;14;30.482;24.1
705;6;15;61.754;0.36
706;6;15;71.494;5.96
707;6;16;25.526;24.3
708;6;16;24.02;19.23
709;6;16;28.242;23.54
710;6;17;33.419;19.11
711;6;17;36.013;15.44
712;6;17;25.306;5.03
713;6;18;3.361;21.21
714;6;18;4.13;9.88
715;6;19;50.168;13.66
716;6;19;38.257;14.04
717;6;20;14.627;0.95
718;6;20;15.991;20.55
719;6;20;17.533;6.19
720;6;21;14.627;7.45
721;6;21;13.699;9.94
722;6;22;14.075;6.72
723;6;22;15.946;14.27
724;6;22;14.811;1.34
725;6;23;32.326;24.19
726;6;23;35.533;5.2
727;6;23;39.797;12.15
728;6;24;47.29;2.67
729;6;24;41.544;22.84
730;6;24;56.441;6.63
731;6;25;53.966;21.7
732;6;25;67.382;15.3
733;6;26;21.551;12.66
734;6;26;24.94;18.19
735;6;26;19.159;6.74
736;6;27;17.568;22.1
737;6;27;21.109;24.41
738;6;28;42.91;14.86
739;6;29;18.504;19.89
740;6;29;22.932;9.96
741;6;29;19.413;24.23
742;6;30;24.63;21.34
743;6;30;24.731;16.24
744;6;31;28.573;6.13
745;6;31;34.369;10.74
746;6;32;29.21;16.79
747;6;32;29.49;0.06
748;6;32;28.186;4.92
749;6;33;17.085;14.98
750;6;33;19.864;6.83
751;6;34;27.729;1.54
752;6;34;21.328;16.1
753;6;34;22.09;4.02
754;6;35;60.565;16.96
755;6;36;27.476;15.83
756;6;36;32.772;21.68
757;6;37;57.419;24.14
758;6;37;51.106;10.09
759;6;37;62.399;2.95
760;6;38;6.858;11.24
761;6;39;48.168;23.47
762;6;39;55.16;13.22
763;6;39;47.589;1.65
764;6;40;21.106;5.34
765;6;40;23.04;5.65
766;6;40;16.762;19.45
767;6;41;61.686;0.1
768;6;42;56.576;15.55
769;6;42;65.623;10.78
770;6;43;54.542;2.18
771;6;44;23.627;0.82
772;6;44;20.821;5.94
773;6;44;23.029;12.73
774;6;45;10.121;20.35
775;6;45;12.102;21.48
776;6;46;64.423;6.59
777;6;46;50.455;6.29
778;6;46;57.232;6.5
779;6;47;61.687;13.81
780;6;47;63.698;18.97
781;6;47;64.063;15.58
782;6;48;32.276;15.36
783;6;48;32.975;12.9
784;6;48;30.864;9.78
785;6;49;28.693;2.78
786;6;49;22.907;23.73
787;6;49;22.53;6.35
788;6;50;72.833;3.99
789;6;51;29.198;7.51
790;6;52;62.109;23.27
791;6;52;49.414;19.22
792;6;52;67.186;11.1
793;6;53;11.546;16.76
794;6;53;13.465;8.11
795;6;53;14.189;10.97
796;6;54;15.178;16.78
797;6;54;12.562;22.82
798;6;55;21.825;8.32
799;6;56;29.711;6.69
800;6;56;30.759;17.08
801;6;57;29.451;20.61
802;6;57;31.09;15.75
803;6;58;6.944;15.42
804;6;58;5.586;23.31
805;6;58;8.514;12.47
806;6;59;32.509;3.8
807;6;59;33.841;4.07
808;7;8;45.512;14.77
809;7;8;45.082;1.83
810;7;9;29.303;5.08
811;7;10;2.93;13.85
812;7;11;9.733;0.25
813;7;12;83.972;2.58
814;7;12;101.244;7.06
815;7;12;84.474;13.22
816;7;13;45.195;4.48
817;7;13;37.62;4.98
818;7;14;17.198;21.89
819;7;15;46.546;5.39
820;7;16;10.322;10.18
821;7;16;9.751;0.35
822;7;16;10.357;9.02
823;7;17;27.071;22.81
824;7;17;32.886;19.22
825;7;17;28.58;4.19
826;7;18;15.628;1.51
827;7;18;18.811;5.16
828;7;18;16.454;12.72
829;7;19;37.002;15.81
830;7;20;0.76;5.12
831;7;20;0.597;23.0
832;7;20;0.64;22.39
833;7;21;0.76;14.28
834;7;22;1.983;0.45
835;7;23;21.505;20.18
836;7;23;23.256;24.83
837;7;24;62.439;11.25
838;7;24;60.696;13.6
839;7;25;38.807;19.1
840;7;25;44.992;21.5
841;7;25;40.903;23.47
842;7;26;9.969;2.63
843;7;26;9.765;22.26
844;7;27;4.879;11.55
845;7;27;5.068;20.37
846;7;28;58.09;23.79
847;7;28;48.672;16.64
848;7;29;3.328;2.59
849;7;30;11.952;13.15
850;7;31;13.464;2.1
851;7;31;10.929;0.67
852;7;32;22.745;24.28
853;7;32;20.621;19.38
854;7;32;19.633;1.99
855;7;33;18.455;13.59
856;7;33;17.359;24.53
857;7;33;15.057;21.87
858;7;34;13.165;6.56
859;7;35;63.257;15.31
860;7;36;15.254;11.15
861;7;37;72.557;20.31
862;7;38;9.374;23.6
863;7;38;10.288;21.18
864;7;38;9.402;24.66
865;7;39;46.819;7.15
866;7;39;40.311;23.45
867;7;39;54.842;0.98
868;7;40;36.234;7.79
869;7;41;46.48;12.59
870;7;41;52.05;14.51
871;7;41;47.792;8.7
872;7;42;41.38;2.47
873;7;43;40.089;1.2
874;7;43;43.84;17.6
875;7;44;13.896;24.03
876;7;44;14.169;8.24
877;7;45;6.106;14.53
878;7;45;6.621;18.37
879;7;45;6.105;13.7
880;7;46;78.211;22.48
881;7;46;95.584;5.03
882;7;46;89.376;4.5
883;7;47;60.572;14.84
884;7;47;53.865;0.74
885;7;47;71.536;12.57
886;7;48;20.726;11.49
887;7;49;18.873;4.88
888;7;49;22.126;23.63
889;7;50;71.72;11.68
890;7;50;60.342;15.59
891;7;51;19.06;20.54
892;7;51;16.017;7.83
893;7;52;47.239;19.2
894;7;52;59.034;22.7
895;7;53;6.494;15.86
896;7;54;9.141;21.78
897;7;54;7.387;3.21
898;7;54;10.581;9.31
899;7;55;15.964;13.07
900;7;55;15.478;6.71
901;7;56;18.998;13.31
902;7;56;17.202;15.28
903;7;57;24.519;13.13
904;7;57;19.508;21.83
905;7;57;26.068;8.1
906;7;58;8.319;6.25
907;7;58;8.471;19.24
908;7;59;18.196;3.7
909;7;59;18.025;24.42
910;8;9;73.587;5.46
911;8;10;45.108;23.55
912;8;11;36.692;17.72
913;8;12;103.777;2.4
914;8;13;57.108;16.17
915;8;13;50.301;11.85
916;8;13;51.888;13.19
917;8;14;47.972;8.86
918;8;14;59.765;9.84
919;8;15;9.76;0.13
920;8;16;35.398;12.84
921;8;16;28.721;8.82
922;8;17;53.504;21.96
923;8;17;61.499;0.56
924;8;18;60.087;23.68
925;8;18;60.522;24.9
926;8;18;69.306;1.39
927;8;19;18.721;11.0
928;8;20;45.992;24.76
929;8;20;38.325;0.52
930;8;21;45.992;6.75
931;8;21;44.439;24.55
932;8;21;55.476;5.95
933;8;22;46.414;12.4
934;8;23;43.017;11.48
935;8;23;42.879;15.26
936;8;24;107.715;24.7
937;8;24;132.07;7.62
938;8;25;14.458;21.85
939;8;25;12.5;17.96
940;8;26;44.149;23.39
941;8;26;43.585;16.4
942;8;26;53.859;3.03
943;8;27;44.999;1.66
944;8;28;102.722;24.4
945;8;28;85.546;13.19
946;8;29;42.419;23.87
947;8;29;35.631;5.48
948;8;30;36.867;15.19
949;8;30;40.882;15.78
950;8;30;37.243;16.7
951;8;31;32.067;15.64
952;8;31;34.149;3.06
953;8;31;30.344;19.0
954;8;32;52.055;17.77
955;8;32;53.394;19.11
956;8;33;59.458;15.17
957;8;33;74.125;18.15
958;8;34;35.811;13.32
959;8;34;36.511;20.12
960;8;35;94.2;24.15
961;8;35;74.447;8.26
962;8;35;81.086;4.53
963;8;36;35.025;3.75
964;8;37;117.851;19.78
965;8;38;53.875;8.67
966;8;38;63.385;6.54
967;8;39;73.841;10.89
968;8;39;73.528;21.33
969;8;39;57.345;9.67
970;8;40;80.908;24.68
971;8;40;68.811;24.75
972;8;41;10.592;13.32
973;8;41;10.837;8.24
974;8;42;11.933;6.38
975;8;42;12.846;8.1
976;8;42;14.871;14.9
977;8;43;8.742;22.33
978;8;43;10.613;3.05
979;8;44;40.279;18.91
980;8;45;50.429;1.26
981;8;45;62.697;6.84
982;8;45;43.602;21.47
983;8;46;123.244;2.25
984;8;46;124.102;7.18
985;8;47;84.661;3.95
986;8;48;41.229;2.22
987;8;48;44.728;18.02
988;8;49;45.434;9.35
989;8;49;37.067;8.46
990;8;50;93.718;23.39
991;8;51;44.765;2.15
992;8;51;35.22;0.0
993;8;52;2.288;16.16
994;8;53;49.364;1.86
995;8;54;47.294;0.74
996;8;54;57.259;21.28
997;8;54;43.436;16.16
998;8;55;45.296;18.45
999;8;55;40.779;14.88
1000;8;56;43.519;16.26
1001;8;56;33.479;1.24
1002;8;57;55.097;24.59
1003;8;57;62.58;1.16
1004;8;58;53.77;12.28
1005;8;59;28.285;8.91
1006;8;59;35.095;20.29
1007;8;59;27.699;23.17
1008;9;10;28.859;17.55
1009;9;10;28.579;6.05
1010;9;11;36.967;16.11
1011;9;11;35.506;2.56
1012;9;11;43.293;13.44
1013;9;12;93.102;22.38
1014;9;13;65.986;15.87
1015;9;13;61.415;23.55
1016;9;13;80.459;14.61
1017;9;14;39.493;23.48
1018;9;14;36.64;7.3
1019;9;14;38.491;0.48
1020;9;15;75.617;10.01
1021;9;15;90.167;15.51
1022;9;16;39.479;23.79
1023;9;16;43.043;0.51
1024;9;17;46.181;11.72
1025;9;17;50.697;7.53
1026;9;18;13.725;14.76
1027;9;18;10.702;4.95
1028;9;18;11.413;20.53
1029;9;19;61.384;6.04
1030;9;19;62.862;9.39
1031;9;20;28.647;0.22
1032;9;21;28.647;10.31
1033;9;21;25.894;7.6
1034;9;21;32.186;22.71
1035;9;22;27.879;0.45
1036;9;22;34.09;8.89
1037;9;23;46.477;24.73
1038;9;24;34.657;3.48
1039;9;25;68.074;20.97
1040;9;25;55.813;2.55
1041;9;26;36.011;2.42
1042;9;26;35.222;1.62
1043;9;26;33.158;17.46
1044;9;27;32.05;17.24
1045;9;28;29.136;21.67
1046;9;28;33.234;14.84
1047;9;29;32.631;20.23
1048;9;29;29.577;4.5
1049;9;29;40.716;7.5
1050;9;30;36.838;7.85
1051;9;31;42.272;20.36
1052;9;31;52.824;16.49
1053;9;31;43.885;0.82
1054;9;32;42.271;7.48
1055;9;33;28.594;4.93
1056;9;33;21.633;19.31
1057;9;34;42.145;16.04
1058;9;34;51.486;1.19
1059;9;35;66.005;7.43
1060;9;35;54.142;10.53
1061;9;36;39.149;14.0
1062;9;37;44.72;7.91
1063;9;38;20.066;7.16
1064;9;39;57.399;17.67
1065;9;39;59.653;21.43
1066;9;40;7.444;10.54
1067;9;40;8.206;6.1
1068;9;40;7.054;23.36
1069;9;41;75.602;16.46
1070;9;41;68.902;8.53
1071;9;42;70.574;19.47
1072;9;43;67.007;1.05
1073;9;43;64.91;16.95
1074;9;43;70.708;11.42
1075;9;44;34.38;17.48
1076;9;44;36.684;2.78
1077;9;45;23.543;10.02
1078;9;45;19.549;18.75
1079;9;45;18.018;13.17
1080;9;46;55.48;1.43
1081;9;46;66.668;16.51
1082;9;46;65.371;8.63
1083;9;47;70.123;17.15
1084;9;48;46.565;22.53
1085;9;48;37.524;10.46
1086;9;49;42.726;24.64
1087;9;49;49.157;3.94
1088;9;50;80.897;18.93
1089;9;51;43.283;14.86
1090;9;52;75.07;1.68
1091;9;52;64.39;14.11
1092;9;53;24.314;11.95
1093;9;53;25.032;20.69
1094;9;54;26.448;7.77
1095;9;54;32.948;16.81
1096;9;54;20.398;2.43
1097;9;55;30.731;0.48
1098;9;55;34.066;2.31
1099;9;55;23.521;0.99
1100;9;56;43.896;9.92
1101;9;56;51.171;24.58
1102;9;57;41.918;17.24
1103;9;57;38.256;15.39
1104;9;58;21.312;20.83
1105;9;59;45.309;1.07
1106;9;59;43.052;6.45
1107;10;11;8.547;0.58
1108;10;11;7.681;15.0
1109;10;12;86.899;22.18
1110;10;13;47.93;20.02
1111;10;14;20.072;23.72
1112;10;14;21.9;24.41
1113;10;14;22.309;23.22
1114;10;15;46.758;13.05
1115;10;15;55.398;14.75
1116;10;16;10.748;1.47
1117;10;16;8.142;2.94
1118;10;16;8.56;3.55
1119;10;17;29.973;21.56
1120;10;18;15.151;5.71
1121;10;18;12.394;12.48
1122;10;18;12.564;1.38
1123;10;19;35.483;20.71
1124;10;19;36.498;14.9
1125;10;20;2.493;21.18
1126;10;20;2.104;8.41
1127;10;20;2.11;16.19
1128;10;21;2.493;3.47
1129;10;21;2.109;23.05
1130;10;21;2.537;0.69
1131;10;22;1.755;3.08
1132;10;23;24.083;7.84
1133;10;23;22.692;21.47
1134;10;24;62.614;4.39
1135;10;24;48.52;21.23
1136;10;24;63.607;9.56
1137;10;25;39.311;14.54
1138;10;25;36.674;8.53
1139;10;26;12.704;3.19
1140;10;27;7.711;10.92
1141;10;28;57.892;24.52
1142;10;28;63.37;6.46
1143;10;28;48.474;19.62
1144;10;29;4.84;9.34
1145;10;29;4.28;13.71
1146;10;29;4.173;23.32
1147;10;30;9.971;0.17
1148;10;30;9.347;15.67
1149;10;31;13.413;8.3
1150;10;32;25.659;19.08
1151;10;33;20.993;15.83
1152;10;34;14.722;0.74
1153;10;34;17.0;15.01
1154;10;34;16.677;17.98
1155;10;35;66.028;21.68
1156;10;36;13.189;18.79
1157;10;36;12.921;12.08
1158;10;37;72.749;1.72
1159;10;37;85.646;8.5
1160;10;37;90.632;13.11
1161;10;38;8.83;10.72
1162;10;38;10.41;17.17
1163;10;39;49.732;13.05
1164;10;40;36.006;22.63
1165;10;40;39.941;5.14
1166;10;40;37.005;15.56
1167;10;41;46.746;22.53
1168;10;42;41.742;23.14
1169;10;42;35.34;11.77
1170;10;43;39.235;19.3
1171;10;43;32.154;0.85
1172;10;44;11.204;8.21
1173;10;45;5.349;21.54
1174;10;46;79.27;21.81
1175;10;46;67.326;6.24
1176;10;47;63.49;5.47
1177;10;47;67.436;23.2
1178;10;47;70.422;2.93
1179;10;48;23.19;3.24
1180;10;48;28.409;7.57
1181;10;49;21.618;18.55
1182;10;49;20.984;18.08
1183;10;49;18.502;7.88
1184;10;50;74.643;24.93
1185;10;50;85.452;11.11
1186;10;51;21.767;3.32
1187;10;52;46.738;2.61
1188;10;53;4.784;3.27
1189;10;54;6.364;4.74
1190;10;55;13.035;5.13
1191;10;55;14.595;2.66
1192;10;56;21.631;16.66
1193;10;56;20.3;6.05
1194;10;57;27.449;0.16
1195;10;57;27.915;9.48
1196;10;57;31.812;9.78
1197;10;58;8.924;14.25
1198;10;58;8.658;13.91
1199;10;58;10.213;16.67
1200;10;59;17.194;22.88
1201;10;59;12.988;6.02
1202;10;59;14.075;12.8
1203;11;12;89.874;4.18
1204;11;13;47.906;4.15
1205;11;13;52.351;17.86
1206;11;13;39.379;20.87
1207;11;14;22.457;18.85
1208;11;14;27.88;6.12
1209;11;15;38.904;7.64
1210;11;15;45.156;16.13
1211;11;15;34.457;12.76
1212;11;16;5.626;10.11
1213;11;16;6.556;0.38
1214;11;17;32.233;21.14
1215;11;17;31.246;10.77
1216;11;17;39.512;24.92
1217;11;18;23.397;15.92
1218;11;19;27.272;24.68
1219;11;19;22.261;4.15
1220;11;20;9.975;1.92
1221;11;20;11.719;22.11
1222;11;20;10.943;9.64
1223;11;21;9.975;6.4
1224;11;21;9.85;18.0
1225;11;21;8.891;12.04
1226;11;22;10.056;18.17
1227;11;22;10.376;9.95
1228;11;22;7.806;16.55
1229;11;23;23.89;24.5
1230;11;23;20.016;8.26
1231;11;24;71.038;8.82
1232;11;24;75.312;10.19
1233;11;25;31.945;17.45
1234;11;25;35.204;22.07
1235;11;25;36.061;9.8
1236;11;26;14.887;1.94
1237;11;27;11.84;6.38
1238;11;28;66.092;18.54
1239;11;29;7.652;10.2
1240;11;30;3.72;4.03
1241;11;30;3.963;7.52
1242;11;30;3.021;7.78
1243;11;31;6.171;14.08
1244;11;31;4.731;7.16
1245;11;31;4.955;10.48
1246;11;32;28.348;7.0
1247;11;33;27.548;0.77
1248;11;33;26.279;13.98
1249;11;34;11.643;23.14
1250;11;34;13.806;2.63
1251;11;35;71.122;18.9
1252;11;35;56.739;24.28
1253;11;36;6.574;24.08
1254;11;36;6.461;12.32
1255;11;36;8.059;5.48
1256;11;37;81.174;11.43
1257;11;37;81.647;10.27
1258;11;37;84.951;21.79
1259;11;38;17.196;11.29
1260;11;38;13.917;23.86
1261;11;39;53.422;4.15
1262;11;39;62.522;8.32
1263;11;39;45.48;24.15
1264;11;40;44.241;24.3
1265;11;40;47.049;17.18
1266;11;40;40.475;2.99
1267;11;41;38.963;4.35
1268;11;41;36.656;7.65
1269;11;42;34.127;14.92
1270;11;43;30.687;24.34
1271;11;44;8.509;24.65
1272;11;44;8.629;13.45
1273;11;44;10.617;16.31
1274;11;45;13.779;9.17
1275;11;45;12.469;6.55
1276;11;46;87.759;23.55
1277;11;46;68.433;3.38
1278;11;46;84.859;21.93
1279;11;47;66.918;19.19
1280;11;47;52.688;18.89
1281;11;47;54.214;13.4
1282;11;48;22.456;7.22
1283;11;48;18.812;13.86
1284;11;48;19.073;2.31
1285;11;49;22.698;17.84
1286;11;50;77.863;3.46
1287;11;50;78.929;13.96
1288;11;51;22.563;6.27
1289;11;52;38.269;21.31
1290;11;52;39.498;9.96
1291;11;52;43.16;2.68
1292;11;53;12.678;20.35
1293;11;54;11.284;9.22
1294;11;54;8.673;9.59
1295;11;54;8.703;4.0
1296;11;55;13.4;1.46
1297;11;55;11.848;13.95
1298;11;55;15.9;23.02
1299;11;56;21.963;13.33
1300;11;56;24.268;17.05
1301;11;57;30.763;9.32
1302;11;57;26.61;17.3
1303;11;58;17.446;24.68
1304;11;58;20.615;24.6
1305;11;58;18.062;13.05
1306;11;59;8.647;11.33
1307;12;13;46.711;22.15
1308;12;13;53.182;3.9
1309;12;14;67.493;20.54
1310;12;15;96.25;15.91
1311;12;15;106.951;21.29
1312;12;15;88.693;22.57
1313;12;16;85.017;12.09
1314;12;17;57.641;11.43
1315;12;17;50.612;13.64
1316;12;17;51.999;12.94
1317;12;18;88.556;17.02
1318;12;18;75.748;4.6
1319;12;18;91.194;21.04
1320;12;19;109.833;22.84
1321;12;20;84.45;11.22
1322;12;20;63.778;1.87
1323;12;21;84.45;8.74
1324;12;22;85.535;4.05
1325;12;23;66.937;12.62
1326;12;24;100.386;23.18
1327;12;24;95.644;13.69
1328;12;24;106.759;1.68
1329;12;25;89.327;10.26
1330;12;25;98.056;17.89
1331;12;25;87.713;5.18
1332;12;26;75.189;0.03
1333;12;27;79.454;1.98
1334;12;28;104.258;23.35
1335;12;29;83.549;12.87
1336;12;30;93.521;13.14
1337;12;31;87.307;24.42
1338;12;31;75.627;15.98
1339;12;31;69.97;4.59
1340;12;32;61.618;18.08
1341;12;32;48.603;11.82
1342;12;32;71.348;19.88
1343;12;33;68.519;16.81
1344;12;33;81.779;21.14
1345;12;33;55.842;18.66
1346;12;34;79.501;12.89
1347;12;35;29.586;5.65
1348;12;35;32.375;10.17
1349;12;36;96.388;15.15
1350;12;36;91.01;22.2
1351;12;37;105.798;24.87
1352;12;37;129.719;16.99
1353;12;37;116.582;3.38
1354;12;38;87.17;3.42
1355;12;38;107.049;6.37
1356;12;39;37.38;14.92
1357;12;40;93.798;5.3
1358;12;41;95.462;18.48
1359;12;41;80.313;19.37
1360;12;41;71.877;13.09
1361;12;42;92.061;22.3
1362;12;42;77.227;24.68
1363;12;42;69.252;17.46
1364;12;43;105.558;5.08
1365;12;43;96.381;2.94
1366;12;44;97.279;1.79
1367;12;44;76.26;9.42
1368;12;45;86.837;21.58
1369;12;46;89.77;23.0
1370;12;46;96.002;24.64
1371;12;47;23.616;4.21
1372;12;47;19.541;17.21
1373;12;47;23.024;19.8
1374;12;48;68.717;2.63
1375;12;48;57.657;17.54
1376;12;48;82.962;21.49
1377;12;49;67.282;12.21
1378;12;50;12.409;4.71
1379;12;50;10.165;20.32
1380;12;51;67.512;23.28
1381;12;52;106.029;21.02
1382;12;52;127.06;1.25
1383;12;53;88.638;9.12
1384;12;53;85.721;0.75
1385;12;53;68.826;24.6
1386;12;54;92.705;18.22
1387;12;54;109.562;0.81
1388;12;54;95.736;5.8
1389;12;55;99.932;24.03
1390;12;55;86.626;17.58
1391;12;55;108.324;24.77
1392;12;56;68.305;10.02
1393;12;56;69.899;8.19
1394;12;57;59.503;0.43
1395;12;57;71.641;11.32
1396;12;58;83.681;13.33
1397;12;58;92.052;11.13
1398;12;58;88.978;14.58
1399;12;59;93.673;20.17
1400;12;59;103.389;5.95
1401;12;59;75.204;23.78
1402;13;14;28.38;0.15
1403;13;14;22.177;8.64
1404;13;15;49.934;0.62
1405;13;16;42.406;5.15
1406;13;16;47.576;15.45
1407;13;17;19.858;19.82
1408;13;17;24.209;9.58
1409;13;17;21.949;24.11
1410;13;18;55.908;3.99
1411;13;18;46.654;3.42
1412;13;18;52.441;7.27
1413;13;19;63.856;8.85
1414;13;20;45.875;5.94
1415;13;20;47.734;24.42
1416;13;20;47.765;20.22
1417;13;21;45.875;17.69
1418;13;22;47.122;23.92
1419;13;23;24.134;16.64
1420;13;23;23.614;24.29
1421;13;24;88.529;16.71
1422;13;24;92.614;14.35
1423;13;25;42.68;19.7
1424;13;25;51.025;21.25
1425;13;25;39.378;7.8
1426;13;26;35.236;20.72
1427;13;26;33.499;12.74
1428;13;27;40.323;13.55
1429;13;27;40.544;9.79
1430;13;28;88.328;14.88
1431;13;28;87.386;22.78
1432;13;28;100.819;2.27
1433;13;29;43.48;23.97
1434;13;29;48.23;23.94
1435;13;29;35.547;9.73
1436;13;30;51.604;0.64
1437;13;30;48.929;7.2
1438;13;30;49.705;18.75
1439;13;31;43.814;18.05
1440;13;31;53.112;11.96
1441;13;31;52.357;2.46
1442;13;32;24.021;18.65
1443;13;32;21.174;9.56
1444;13;32;19.722;24.51
1445;13;33;37.429;22.04
1446;13;34;36.387;18.25
1447;13;34;43.025;7.05
1448;13;34;27.312;11.94
1449;13;35;41.633;12.27
1450;13;36;53.895;11.47
1451;13;36;43.012;9.3
1452;13;36;40.93;6.01
1453;13;37;97.238;11.84
1454;13;37;116.627;10.0
1455;13;38;51.87;2.44
1456;13;39;22.443;10.1
1457;13;40;70.128;7.17
1458;13;40;79.671;14.14
1459;13;41;49.181;18.63
1460;13;41;46.558;3.23
1461;13;41;41.677;2.32
1462;13;42;45.491;10.16
1463;13;42;35.666;20.71
1464;13;42;52.832;3.01
1465;13;43;58.954;21.66
1466;13;44;56.234;4.48
1467;13;44;45.379;16.95
1468;13;45;50.062;5.27
1469;13;45;54.24;17.13
1470;13;46;91.357;19.78
1471;13;47;28.838;10.56
1472;13;47;35.497;9.78
1473;13;47;29.208;23.72
1474;13;48;25.455;2.8
1475;13;48;22.904;5.16
1476;13;49;26.323;13.1
1477;13;49;32.235;16.09
1478;13;49;25.819;5.5
1479;13;50;36.779;23.29
1480;13;50;43.487;11.25
1481;13;50;33.339;23.53
1482;13;51;26.164;1.0
1483;13;51;30.784;19.44
1484;13;51;26.658;11.77
1485;13;52;59.369;16.93
1486;13;52;73.002;10.26
1487;13;52;45.97;24.81
1488;13;53;51.304;19.88
1489;13;54;54.29;9.71
1490;13;55;60.227;7.91
1491;13;56;26.387;23.9
1492;13;57;24.068;4.28
1493;13;57;28.705;0.72
1494;13;58;48.616;21.65
1495;13;58;44.986;19.16
1496;13;59;49.508;4.22
1497;13;59;47.912;16.41
1498;13;59;46.384;4.85
1499;14;15;45.399;20.55
1500;14;16;18.034;19.32
1501;14;16;22.489;0.74
1502;14;16;16.677;3.01
1503;14;17;9.975;6.94
1504;14;17;9.338;4.07
1505;14;17;12.181;21.18
1506;14;18;27.982;13.36
1507;14;18;22.961;8.75
1508;14;18;23.464;14.13
1509;14;19;46.063;15.42
1510;14;19;38.53;23.25
1511;14;20;17.815;21.94
1512;14;20;15.424;18.73
1513;14;21;17.815;1.3
1514;14;21;18.45;21.43
1515;14;22;19.032;6.12
1516;14;23;7.406;22.74
1517;14;24;67.603;7.52
1518;14;25;36.695;1.07
1519;14;25;27.525;8.65
1520;14;26;7.708;11.72
1521;14;26;8.456;17.99
1522;14;26;8.843;7.88
1523;14;27;12.365;2.34
1524;14;27;10.646;22.77
1525;14;28;65.343;9.36
1526;14;28;69.55;22.73
1527;14;29;16.173;1.56
1528;14;29;12.261;0.46
1529;14;30;26.057;12.21
1530;14;30;27.973;13.0
1531;14;31;20.912;1.9
1532;14;31;20.275;12.01
1533;14;31;20.994;10.58
1534;14;32;5.893;22.0
1535;14;32;5.378;19.29
1536;14;33;13.514;8.23
1537;14;33;15.797;15.08
1538;14;33;15.427;12.59
1539;14;34;13.57;1.75
1540;14;35;49.42;21.62
1541;14;35;47.265;2.58
1542;14;36;29.019;24.82
1543;14;36;23.883;6.2
1544;14;37;77.298;8.72
1545;14;37;63.407;16.82
1546;14;37;88.528;6.52
1547;14;38;23.529;4.62
1548;14;39;31.01;11.14
1549;14;39;34.056;2.68
1550;14;40;44.869;4.06
1551;14;41;45.02;4.92
1552;14;42;39.831;13.43
1553;14;42;48.715;6.49
1554;14;43;45.454;10.87
1555;14;44;29.834;9.21
1556;14;45;21.699;16.9
1557;14;46;77.694;19.4
1558;14;46;69.644;14.23
1559;14;47;44.461;9.23
1560;14;47;50.15;7.74
1561;14;48;8.231;5.02
1562;14;48;6.496;21.79
1563;14;49;3.504;21.52
1564;14;49;4.334;0.74
1565;14;49;3.275;12.41
1566;14;50;55.425;15.05
1567;14;51;4.209;20.31
1568;14;51;4.912;4.85
1569;14;52;50.115;8.39
1570;14;52;41.954;20.92
1571;14;53;23.02;9.79
1572;14;54;26.329;19.04
1573;14;54;22.94;4.34
1574;14;54;30.462;22.61
1575;14;55;32.94;19.45
1576;14;56;5.264;10.07
1577;14;56;6.579;5.66
1578;14;57;8.447;21.6
1579;14;57;10.018;24.88
1580;14;57;9.579;10.34
1581;14;58;20.364;19.89
1582;14;59;27.562;10.8
1583;14;59;29.486;0.11
1584;14;59;31.751;11.87
1585;15;16;36.232;16.92
1586;15;17;49.291;17.12
1587;15;17;52.232;9.08
1588;15;17;61.022;1.16
1589;15;18;61.902;4.53
1590;15;19;27.076;7.93
1591;15;20;47.138;5.09
1592;15;20;42.465;0.82
1593;15;20;54.345;8.88
1594;15;21;47.138;22.32
1595;15;21;51.808;8.25
1596;15;22;47.793;9.68
1597;15;22;48.226;13.57
1598;15;22;45.4;7.82
1599;15;23;39.399;15.12
1600;15;24;108.905;7.38
1601;15;24;97.751;5.14
1602;15;24;83.421;20.03
1603;15;25;8.722;21.2
1604;15;25;9.797;20.59
1605;15;25;9.765;7.05
1606;15;26;43.076;7.61
1607;15;26;34.421;14.46
1608;15;27;45.011;18.01
1609;15;28;104.601;12.74
1610;15;28;103.008;6.08
1611;15;28;118.959;22.92
1612;15;29;43.259;16.56
1613;15;29;37.04;18.24
1614;15;30;39.983;3.93
1615;15;30;44.007;6.87
1616;15;31;33.346;23.19
1617;15;32;48.597;7.58
1618;15;32;58.715;14.68
1619;15;33;57.987;14.37
1620;15;34;34.992;0.65
1621;15;34;38.563;0.18
1622;15;34;41.436;15.14
1623;15;35;88.825;22.89
1624;15;36;38.857;1.86
1625;15;36;43.717;3.69
1626;15;37;118.997;7.25
1627;15;37;112.73;3.79
1628;15;37;133.286;16.17
1629;15;38;55.565;22.07
1630;15;39;68.337;4.97
1631;15;39;80.033;16.14
1632;15;39;80.54;21.97
1633;15;40;82.719;6.68
1634;15;40;64.712;10.2
1635;15;41;0.866;17.78
1636;15;42;5.569;3.56
1637;15;42;5.693;16.92
1638;15;42;4.21;19.33
1639;15;43;17.231;24.04
1640;15;43;18.862;0.23
1641;15;44;44.173;15.55
1642;15;44;37.228;18.41
1643;15;44;38.067;7.22
1644;15;45;52.082;9.19
1645;15;45;49.045;1.64
1646;15;46;122.504;22.95
1647;15;47;78.233;2.79
1648;15;47;90.07;5.76
1649;15;47;95.203;5.33
1650;15;48;37.798;20.7
1651;15;48;44.065;23.77
1652;15;49;42.419;12.31
1653;15;49;44.025;22.42
1654;15;50;86.713;5.6
1655;15;50;91.986;8.26
1656;15;51;41.697;24.63
1657;15;51;51.119;1.04
1658;15;52;11.417;9.06
1659;15;52;10.428;2.35
1660;15;53;51.362;16.51
1661;15;53;45.512;16.4
1662;15;53;52.339;11.9
1663;15;54;50.094;20.46
1664;15;54;40.121;11.93
1665;15;54;46.678;21.53
1666;15;55;49.527;2.66
1667;15;56;40.455;14.33
1668;15;56;31.7;10.06
1669;15;56;31.783;12.67
1670;15;57;51.562;12.82
1671;15;58;54.843;17.19
1672;15;59;31.387;3.01
1673;15;59;27.416;24.09
1674;15;59;26.447;9.16
1675;16;17;27.463;24.76
1676;16;18;25.756;19.2
1677;16;18;25.89;16.38
1678;16;18;23.548;21.94
1679;16;19;28.971;12.17
1680;16;20;10.906;5.57
1681;16;21;10.906;6.09
1682;16;21;8.317;18.17
1683;16;21;9.407;19.07
1684;16;22;11.6;12.52
1685;16;22;11.707;17.17
1686;16;23;18.528;4.77
1687;16;23;15.058;6.62
1688;16;23;17.913;2.24
1689;16;24;72.753;18.94
1690;16;24;80.854;22.88
1691;16;24;65.31;12.46
1692;16;25;28.603;15.14
1693;16;25;35.659;4.14
1694;16;26;11.015;14.5
1695;16;26;12.973;16.98
1696;16;26;13.227;7.24
1697;16;27;9.857;11.62
1698;16;28;68.379;19.65
1699;16;28;60.41;1.41
1700;16;28;84.283;24.2
1701;16;29;7.079;17.52
1702;16;29;6.509;6.77
1703;16;29;5.639;18.5
1704;16;30;9.237;1.27
1705;16;30;9.035;20.63
1706;16;31;3.511;11.77
1707;16;31;4.011;13.4
1708;16;32;23.842;16.32
1709;16;32;22.678;19.03
1710;16;33;25.458;24.28
1711;16;34;6.045;10.58
1712;16;34;4.692;18.8
1713;16;35;67.324;4.82
1714;16;35;68.895;20.63
1715;16;35;56.33;3.12
1716;16;36;11.562;10.02
1717;16;36;8.935;11.31
1718;16;36;12.185;6.76
1719;16;37;82.867;11.39
1720;16;38;19.418;16.07
1721;16;39;48.998;17.83
1722;16;40;46.506;10.75
1723;16;41;36.177;1.96
1724;16;41;35.545;10.4
1725;16;41;40.538;17.98
1726;16;42;31.105;19.99
1727;16;42;36.599;11.71
1728;16;42;31.2;5.96
1729;16;43;30.541;10.32
1730;16;43;32.717;20.43
1731;16;43;32.892;10.09
1732;16;44;14.133;23.88
1733;16;44;12.671;1.36
1734;16;45;15.957;4.14
1735;16;46;87.948;11.97
1736;16;47;62.303;1.54
1737;16;47;77.822;23.94
1738;16;48;17.004;23.63
1739;16;49;17.738;4.93
1740;16;50;73.127;13.68
1741;16;51;17.511;0.27
1742;16;51;19.059;21.44
1743;16;52;37.204;10.45
1744;16;52;35.71;9.26
1745;16;53;15.512;12.71
1746;16;53;13.127;20.57
1747;16;54;15.536;16.92
1748;16;54;12.773;18.81
1749;16;55;18.896;24.4
1750;16;56;16.784;12.96
1751;16;57;26.476;2.21
1752;16;57;27.035;23.08
1753;16;57;32.532;1.39
1754;16;58;18.636;20.07
1755;16;58;14.734;11.3
1756;16;59;9.829;18.22
1757;16;59;11.996;13.07
1758;17;18;36.182;24.82
1759;17;18;38.935;7.93
1760;17;19;54.245;19.25
1761;17;19;52.379;11.04
1762;17;19;57.514;16.01
1763;17;20;27.657;4.76
1764;17;20;31.834;10.59
1765;17;21;27.657;21.44
1766;17;22;28.847;15.98
1767;17;23;10.686;23.57
1768;17;23;11.092;14.56
1769;17;23;12.883;8.27
1770;17;24;70.732;16.13
1771;17;24;83.217;12.04
1772;17;25;40.666;9.05
1773;17;25;42.459;7.81
1774;17;25;46.568;2.2
1775;17;26;17.667;13.23
1776;17;26;19.078;6.18
1777;17;27;22.291;21.4
1778;17;28;69.654;13.21
1779;17;28;68.068;20.26
1780;17;28;73.358;20.67
1781;17;29;26.148;19.06
1782;17;29;26.057;13.88
1783;17;29;30.57;12.99
1784;17;30;35.886;12.51
1785;17;30;42.627;1.33
1786;17;30;42.684;20.63
1787;17;31;29.991;10.19
1788;17;32;4.411;17.99
1789;17;33;17.743;4.72
1790;17;33;20.717;7.24
1791;17;33;14.714;13.95
1792;17;34;22.25;15.41
1793;17;34;24.481;6.35
1794;17;35;41.27;10.42
1795;17;35;47.318;7.6
1796;17;36;38.752;20.34
1797;17;36;29.929;10.3
1798;17;36;34.946;16.4
1799;17;37;79.963;6.39
1800;17;38;32.548;20.92
1801;17;38;38.972;4.19
1802;17;38;36.88;19.79
1803;17;39;21.784;17.11
1804;17;39;17.538;5.24
1805;17;39;22.042;9.53
1806;17;40;50.588;22.54
1807;17;41;48.768;12.83
1808;17;41;58.248;8.82
1809;17;41;38.248;18.93
1810;17;42;43.859;21.68
1811;17;42;37.808;23.4
1812;17;42;42.207;12.76
1813;17;43;52.326;5.76
1814;17;44;39.788;1.61
1815;17;44;37.083;1.51
1816;17;45;31.148;2.32
1817;17;45;36.314;4.67
1818;17;45;29.665;13.66
1819;17;46;77.35;23.4
1820;17;46;67.412;11.61
1821;17;46;74.701;10.61
1822;17;47;34.854;7.4
1823;17;48;12.572;18.81
1824;17;48;12.29;16.89
1825;17;48;14.384;16.8
1826;17;49;9.785;21.03
1827;17;49;9.282;18.79
1828;17;49;11.899;9.18
1829;17;50;45.674;17.98
1830;17;50;46.76;0.16
1831;17;50;48.116;24.16
1832;17;51;10.142;11.64
1833;17;51;12.175;0.95
1834;17;52;55.748;20.68
1835;17;53;32.631;0.75
1836;17;53;39.275;0.31
1837;17;53;27.214;8.27
1838;17;54;36.161;20.58
1839;17;55;42.897;13.93
1840;17;56;11.144;14.98
1841;17;56;12.47;18.26
1842;17;56;8.991;20.9
1843;17;57;4.41;5.36
1844;17;58;29.172;14.94
1845;17;59;36.549;7.92
1846;18;19;48.874;14.26
1847;18;19;37.492;2.89
1848;18;20;14.954;2.84
1849;18;21;14.954;13.31
1850;18;22;14.157;14.99
1851;18;22;12.609;7.6
1852;18;22;12.925;24.87
1853;18;23;34.368;20.29
1854;18;23;34.536;7.25
1855;18;24;47.692;23.2
1856;18;24;35.823;1.45
1857;18;24;40.805;19.33
1858;18;25;54.354;19.59
1859;18;25;62.028;10.18
1860;18;26;23.195;21.72
1861;18;26;18.79;17.3
1862;18;26;27.511;5.93
1863;18;27;18.772;13.22
1864;18;27;17.268;12.56
1865;18;27;22.15;4.44
1866;18;28;42.748;18.04
1867;18;28;44.737;21.39
1868;18;29;18.951;1.87
1869;18;30;23.636;0.43
1870;18;31;28.563;0.09
1871;18;32;31.901;21.09
1872;18;33;20.283;8.28
1873;18;33;18.219;13.03
1874;18;34;28.634;18.27
1875;18;35;63.918;3.01
1876;18;35;48.322;8.89
1877;18;36;26.25;5.16
1878;18;36;26.442;15.35
1879;18;37;57.824;13.66
1880;18;37;52.824;14.75
1881;18;38;6.341;22.99
1882;18;38;6.939;10.55
1883;18;38;6.87;11.14
1884;18;39;51.445;15.68
1885;18;39;55.748;10.88
1886;18;39;41.287;21.29
1887;18;40;20.867;6.91
1888;18;40;19.706;7.94
1889;18;41;61.881;7.51
1890;18;41;54.18;0.92
1891;18;42;56.848;16.3
1892;18;42;52.315;15.56
1893;18;43;53.797;9.37
1894;18;43;47.84;9.42
1895;18;44;21.979;21.88
1896;18;44;25.829;4.8
1897;18;45;9.821;12.77
1898;18;46;66.004;11.54
1899;18;47;64.996;0.5
1900;18;48;34.163;19.01
1901;18;48;30.013;20.86
1902;18;48;26.252;14.28
1903;18;49;30.866;0.97
1904;18;49;27.771;21.35
1905;18;49;25.55;15.32
1906;18;50;76.152;16.56
1907;18;50;57.22;1.34
1908;18;51;31.323;18.9
1909;18;52;61.638;2.24
1910;18;52;56.718;4.01
1911;18;53;10.724;7.4
1912;18;54;13.583;0.2
1913;18;54;14.136;8.7
1914;18;54;12.459;22.95
1915;18;55;19.544;15.6
1916;18;56;31.735;18.0
1917;18;57;32.328;14.27
1918;18;57;30.594;6.96
1919;18;57;35.511;19.06
1920;18;58;8.038;11.82
1921;18;58;7.6;14.39
1922;18;59;31.884;7.55
1923;18;59;35.166;12.14
1924;18;59;39.351;1.72
1925;19;20;37.21;5.35
1926;19;20;37.302;13.3
1927;19;21;37.21;7.64
1928;19;21;31.607;17.08
1929;19;22;37.142;22.59
1930;19;22;32.047;5.53
1931;19;23;43.764;7.82
1932;19;23;45.112;22.9
1933;19;23;52.85;9.55
1934;19;24;96.041;10.14
1935;19;25;26.588;18.86
1936;19;25;25.022;13.98
1937;19;25;26.116;18.24
1938;19;26;39.848;13.42
1939;19;26;35.074;24.13
1940;19;26;36.528;15.6
1941;19;27;38.502;2.45
1942;19;27;38.05;16.35
1943;19;28;90.045;4.12
1944;19;28;107.081;7.96
1945;19;28;84.596;6.46
1946;19;29;34.699;17.58
1947;19;29;33.97;9.43
1948;19;30;25.626;9.68
1949;19;30;29.105;18.46
1950;19;31;25.585;21.1
1951;19;32;51.433;0.52
1952;19;32;63.963;20.03
1953;19;33;54.329;1.82
1954;19;33;42.9;23.46
1955;19;33;50.002;16.02
1956;19;34;32.493;13.75
1957;19;34;30.86;24.75
1958;19;34;35.883;7.45
1959;19;35;95.326;7.21
1960;19;35;78.646;24.29
1961;19;35;89.727;19.84
1962;19;36;22.692;13.38
1963;19;36;25.018;22.89
1964;19;36;22.318;0.16
1965;19;37;106.092;9.11
1966;19;38;43.312;7.11
1967;19;38;39.96;20.91
1968;19;38;32.785;6.26
1969;19;39;75.973;24.6
1970;19;39;88.896;18.45
1971;19;40;68.826;15.26
1972;19;41;27.723;16.27
1973;19;41;25.528;23.61
1974;19;41;30.947;1.23
1975;19;42;26.022;5.83
1976;19;42;22.343;22.71
1977;19;42;21.84;24.71
1978;19;43;10.032;18.96
1979;19;43;11.476;21.29
1980;19;43;10.069;23.41
1981;19;44;27.034;12.03
1982;19;45;40.228;10.22
1983;19;45;49.549;14.38
1984;19;46;114.568;21.27
1985;19;46;95.964;16.11
1986;19;47;88.461;5.02
1987;19;47;106.443;14.55
1988;19;48;41.877;22.1
1989;19;48;38.776;14.36
1990;19;48;50.572;22.68
1991;19;49;44.693;18.11
1992;19;50;98.653;11.09
1993;19;51;44.213;15.11
1994;19;51;49.463;7.78
1995;19;51;35.411;1.0
1996;19;52;18.71;5.81
1997;19;52;19.533;5.16
1998;19;53;38.631;17.86
1999;19;53;43.404;23.45
2000;19;53;33.874;9.29
2001;19;54;35.297;12.02
2002;19;55;30.947;8.57
2003;19;55;33.169;22.27
2004;19;56;43.128;19.26
2005;19;57;54.347;1.93
2006;19;58;44.338;23.26
2007;19;59;19.222;10.82
2008;19;59;21.546;24.57
2009;19;59;17.021;5.21
2010;20;21;0.0;16.76
2011;20;21;0.0;8.34
2012;20;21;0.0;13.16
2013;20;22;1.253;2.74
2014;20;23;22.227;0.58
2015;20;23;20.264;6.74
2016;20;24;61.891;1.68
2017;20;25;39.442;6.77
2018;20;25;31.19;1.29
2019;20;25;39.14;5.89
2020;20;26;10.664;5.51
2021;20;27;5.552;11.14
2022;20;28;57.478;19.83
2023;20;28;60.596;23.95
2024;20;28;55.935;12.99
2025;20;29;4.002;8.37
2026;20;29;3.514;18.38
2027;20;29;4.632;2.47
2028;20;30;11.984;1.8
2029;20;31;13.977;15.17
2030;20;32;23.314;17.44
2031;20;33;18.593;17.75
2032;20;33;22.933;14.7
2033;20;33;19.863;1.06
2034;20;34;13.901;4.43
2035;20;35;63.546;19.87
2036;20;36;15.269;16.99
2037;20;36;18.063;13.53
2038;20;37;72.013;13.76
2039;20;37;65.062;18.37
2040;20;38;8.673;1.39
2041;20;38;8.869;21.9
2042;20;39;47.259;12.04
2043;20;39;55.769;1.73
2044;20;40;35.612;22.52
2045;20;40;34.738;22.74
2046;20;40;28.205;3.2
2047;20;41;47.081;13.38
2048;20;41;37.243;21.71
2049;20;42;41.994;0.68
2050;20;43;40.469;17.51
2051;20;43;40.418;5.83
2052;20;44;13.646;0.63
2053;20;44;13.376;3.45
2054;20;45;5.368;0.35
2055;20;46;77.853;4.18
2056;20;47;61.024;20.81
2057;20;47;57.714;2.81
2058;20;48;21.465;3.48
2059;20;48;20.812;24.67
2060;20;49;19.555;21.13
2061;20;49;14.835;8.36
2062;20;50;72.184;5.1
2063;20;50;77.899;2.22
2064;20;51;19.755;2.1
2065;20;51;18.161;24.22
2066;20;52;47.699;14.46
2067;20;53;5.739;1.27
2068;20;53;5.934;0.8
2069;20;53;7.119;21.19
2070;20;54;8.515;16.44
2071;20;54;6.618;6.62
2072;20;55;15.483;1.75
2073;20;56;19.71;2.09
2074;20;56;17.523;23.72
2075;20;56;23.713;19.75
2076;20;57;25.033;7.26
2077;20;57;19.562;14.09
2078;20;58;7.787;20.62
2079;20;59;18.52;21.41
2080;21;22;1.253;21.91
2081;21;22;1.372;7.7
2082;21;22;1.25;21.1
2083;21;23;22.227;0.18
2084;21;23;26.747;17.06
2085;21;23;17.439;20.22
2086;21;24;61.891;15.47
2087;21;24;70.629;19.78
2088;21;24;58.89;9.26
2089;21;25;39.442;7.32
2090;21;26;10.664;21.3
2091;21;27;5.552;6.85
2092;21;28;57.478;1.99
2093;21;28;70.663;21.56
2094;21;29;4.002;6.55
2095;21;30;11.984;12.33
2096;21;31;13.977;0.79
2097;21;31;15.543;17.11
2098;21;32;23.314;2.87
2099;21;32;27.784;11.77
2100;21;32;18.959;4.98
2101;21;33;18.593;3.82
2102;21;33;20.396;18.76
2103;21;34;13.901;11.52
2104;21;34;12.008;24.98
2105;21;34;15.344;21.03
2106;21;35;63.546;14.86
2107;21;36;15.269;10.16
2108;21;36;12.919;18.72
2109;21;37;72.013;11.82
2110;21;37;69.316;6.09
2111;21;38;8.673;20.89
2112;21;38;8.837;3.09
2113;21;39;47.259;3.86
2114;21;39;52.789;8.86
2115;21;40;35.612;5.69
2116;21;40;37.11;22.32
2117;21;40;34.423;17.15
2118;21;41;47.081;14.48
2119;21;41;48.306;21.76
2120;21;42;41.994;11.46
2121;21;43;40.469;9.44
2122;21;43;39.028;18.87
2123;21;43;39.315;8.08
2124;21;44;13.646;7.12
2125;21;44;12.413;0.61
2126;21;44;14.531;24.65
2127;21;45;5.368;6.04
2128;21;46;77.853;15.11
2129;21;46;89.763;7.25
2130;21;46;68.976;24.15
2131;21;47;61.024;1.67
2132;21;47;46.953;23.32
2133;21;48;21.465;7.73
2134;21;48;22.109;14.16
2135;21;49;19.555;9.31
2136;21;50;72.184;7.41
2137;21;50;64.281;0.29
2138;21;51;19.755;22.79
2139;21;51;23.221;18.16
2140;21;51;23.24;16.0
2141;21;52;47.699;6.25
2142;21;52;59.385;14.7
2143;21;53;5.739;20.46
2144;21;53;7.073;10.37
2145;21;53;5.072;6.29
2146;21;54;8.515;15.55
2147;21;54;10.22;2.68
2148;21;55;15.483;24.7
2149;21;56;19.71;10.63
2150;21;57;25.033;20.57
2151;21;58;7.787;8.45
2152;21;58;7.339;8.75
2153;21;58;6.908;23.07
2154;21;59;18.52;5.4
2155;21;59;19.151;3.09
2156;21;59;14.494;12.08
2157;22;23;23.479;19.65
2158;22;24;61.364;16.94
2159;22;25;40.197;6.59
2160;22;26;11.916;11.7
2161;22;26;14.293;9.19
2162;22;27;6.801;9.94
2163;22;27;7.42;9.65
2164;22;28;56.809;13.32
2165;22;28;68.261;24.36
2166;22;28;60.547;13.42
2167;22;29;4.963;5.07
2168;22;29;5.076;7.18
2169;22;29;3.81;21.07
2170;22;30;11.693;22.11
2171;22;30;10.273;20.92
2172;22;30;13.712;10.23
2173;22;31;14.514;15.3
2174;22;31;10.923;12.09
2175;22;31;17.842;22.67
2176;22;32;24.494;4.93
2177;22;32;26.967;24.98
2178;22;33;19.289;1.53
2179;22;33;16.055;15.76
2180;22;34;14.952;11.39
2181;22;35;64.413;9.76
2182;22;35;75.353;5.85
2183;22;35;48.4;24.82
2184;22;36;14.928;20.33
2185;22;36;12.557;18.53
2186;22;36;15.566;9.9
2187;22;37;71.494;6.4
2188;22;38;7.824;15.82
2189;22;38;8.507;19.26
2190;22;39;48.307;21.92
2191;22;40;34.926;14.34
2192;22;41;47.756;12.3
2193;22;41;52.162;11.16
2194;22;41;56.272;14.68
2195;22;42;42.702;8.61
2196;22;42;43.375;8.64
2197;22;43;40.704;21.46
2198;22;43;30.743;22.63
2199;22;44;12.906;6.77
2200;22;45;4.399;9.95
2201;22;45;4.339;13.7
2202;22;45;4.151;22.78
2203;22;46;77.704;4.98
2204;22;47;62.083;5.17
2205;22;47;48.221;24.48
2206;22;48;22.709;15.27
2207;22;48;27.337;5.46
2208;22;49;20.804;19.36
2209;22;49;16.611;8.2
2210;22;49;20.796;21.02
2211;22;50;73.254;22.44
2212;22;51;21.006;5.44
2213;22;51;25.197;24.0
2214;22;51;16.559;24.29
2215;22;52;48.082;22.03
2216;22;52;47.334;5.43
2217;22;52;55.075;16.4
2218;22;53;4.534;22.09
2219;22;53;5.173;6.05
2220;22;54;7.314;2.72
2221;22;54;7.621;10.14
2222;22;55;14.427;24.63
2223;22;55;17.517;2.21
2224;22;56;20.964;3.75
2225;22;56;20.418;20.84
2226;22;56;15.75;1.42
2227;22;57;26.162;24.2
2228;22;58;7.41;15.54
2229;22;58;6.905;22.76
2230;22;58;7.412;20.17
2231;22;59;18.686;19.21
2232;22;59;21.901;24.07
2233;22;59;19.367;11.99
2234;23;24;75.007;10.86
2235;23;25;30.687;24.03
2236;23;25;35.169;0.53
2237;23;26;11.648;17.35
2238;23;27;16.748;15.84
2239;23;28;72.712;21.99
2240;23;28;90.292;4.26
2241;23;28;55.437;9.2
2242;23;29;19.469;21.56
2243;23;30;27.607;11.71
2244;23;31;20.445;20.0
2245;23;31;23.797;23.66
2246;23;32;9.199;13.82
2247;23;32;11.383;6.18
2248;23;32;11.205;7.8
2249;23;33;20.863;14.21
2250;23;33;17.153;14.51
2251;23;33;18.752;11.67
2252;23;34;12.681;24.58
2253;23;34;12.021;13.78
2254;23;34;10.294;15.19
2255;23;35;51.946;4.26
2256;23;35;63.158;8.67
2257;23;35;45.663;10.43
2258;23;36;30.089;16.69
2259;23;37;84.689;22.96
2260;23;37;99.525;8.21
2261;23;38;29.299;12.92
2262;23;39;32.227;4.02
2263;23;39;28.219;11.41
2264;23;40;52.081;14.16
2265;23;40;58.55;15.95
2266;23;40;46.095;19.2
2267;23;41;38.943;20.92
2268;23;41;42.795;6.18
2269;23;41;48.534;2.13
2270;23;42;33.875;15.58
2271;23;43;41.641;18.38
2272;23;43;32.688;12.44
2273;23;43;38.412;12.89
2274;23;44;32.128;21.73
2275;23;44;28.658;15.5
2276;23;44;27.828;17.83
2277;23;45;26.925;0.76
2278;23;46;84.631;23.39
2279;23;46;104.789;9.52
2280;23;47;44.819;23.54
2281;23;47;35.197;20.6
2282;23;48;1.897;20.58
2283;23;48;1.71;6.92
2284;23;49;3.909;6.35
2285;23;50;55.307;23.49
2286;23;50;59.454;15.02
2287;23;51;3.248;24.52
2288;23;52;45.24;1.85
2289;23;52;54.377;19.92
2290;23;52;39.414;23.14
2291;23;53;27.876;19.05
2292;23;53;29.813;1.61
2293;23;53;32.554;18.2
2294;23;54;30.433;11.16
2295;23;54;34.468;23.03
2296;23;55;36.11;0.38
2297;23;56;2.635;1.66
2298;23;56;3.241;18.86
2299;23;56;2.766;24.59
2300;23;57;12.186;7.53
2301;23;57;14.652;8.88
2302;23;58;26.454;3.07
2303;23;58;25.083;2.5
2304;23;58;26.992;20.26
2305;23;59;26.736;22.99
2306;23;59;21.429;3.48
2307;24;25;100.892;23.03
2308;24;25;80.326;19.72
2309;24;25;80.38;19.3
2310;24;26;66.786;10.97
2311;24;26;75.791;7.51
2312;24;26;71.202;20.09
2313;24;27;64.018;10.67
2314;24;27;78.933;11.97
2315;24;28;8.891;14.88
2316;24;29;65.684;20.43
2317;24;29;58.627;16.14
2318;24;29;68.547;24.33
2319;24;30;71.28;18.88
2320;24;30;87.454;10.98
2321;24;31;75.858;10.25
2322;24;31;88.508;24.17
2323;24;31;74.384;7.94
2324;24;32;68.043;22.45
2325;24;32;84.984;16.41
2326;24;32;52.3;16.64
2327;24;33;54.228;20.2
2328;24;33;46.538;13.34
2329;24;34;74.236;2.75
2330;24;35;70.801;15.9
2331;24;35;86.518;21.44
2332;24;35;84.785;2.48
2333;24;36;73.727;8.02
2334;24;36;80.148;17.09
2335;24;37;10.136;1.81
2336;24;38;53.844;19.5
2337;24;39;72.272;16.28
2338;24;39;56.33;15.68
2339;24;40;27.216;15.49
2340;24;41;108.797;17.65
2341;24;42;103.626;0.63
2342;24;43;101.471;3.55
2343;24;44;69.031;18.96
2344;24;44;84.136;12.26
2345;24;45;57.287;2.3
2346;24;46;27.074;17.25
2347;24;46;23.841;14.83
2348;24;47;81.254;13.24
2349;24;47;79.777;19.77
2350;24;47;76.687;20.11
2351;24;48;75.698;21.87
2352;24;48;61.23;9.08
2353;24;48;75.747;1.88
2354;24;49;71.106;24.64
2355;24;49;62.0;22.71
2356;24;50;89.838;24.73
2357;24;50;77.373;8.74
2358;24;51;71.8;13.76
2359;24;51;67.154;10.65
2360;24;52;109.307;8.31
2361;24;52;128.552;3.28
2362;24;52;120.472;10.62
2363;24;53;58.401;24.58
2364;24;54;60.987;14.72
2365;24;54;53.154;5.81
2366;24;55;65.31;14.58
2367;24;55;81.614;1.93
2368;24;55;67.747;23.09
2369;24;56;72.749;16.77
2370;24;57;66.402;15.81
2371;24;57;61.716;7.26
2372;24;58;54.12;10.89
2373;24;58;58.441;11.84
2374;24;59;79.572;22.74
2375;25;26;34.629;9.07
2376;25;26;40.968;0.34
2377;25;27;36.879;11.25
2378;25;28;96.875;23.43
2379;25;29;35.485;6.7
2380;25;29;38.766;16.72
2381;25;29;44.349;13.39
2382;25;30;33.563;0.55
2383;25;31;26.038;10.3
2384;25;31;25.409;0.21
2385;25;32;39.886;8.01
2386;25;32;36.552;9.38
2387;25;32;30.402;2.66
2388;25;33;49.387;20.69
2389;25;34;26.712;23.24
2390;25;35;80.577;24.65
2391;25;36;32.982;24.21
2392;25;36;40.404;8.42
2393;25;37;110.95;10.84
2394;25;38;48.019;16.18
2395;25;38;39.716;23.23
2396;25;38;46.069;6.67
2397;25;39;60.114;23.46
2398;25;39;55.464;8.93
2399;25;40;75.039;8.26
2400;25;41;8.326;19.1
2401;25;41;8.881;15.5
2402;25;41;7.288;24.9
2403;25;42;3.195;9.59
2404;25;42;3.12;9.73
2405;25;42;2.966;2.59
2406;25;43;18.286;21.07
2407;25;44;38.17;3.11
2408;25;44;35.323;14.47
2409;25;44;30.747;8.0
2410;25;45;44.56;9.83
2411;25;46;113.946;23.18
2412;25;46;109.986;24.33
2413;25;46;87.762;10.11
2414;25;47;70.48;18.04
2415;25;48;29.078;15.28
2416;25;48;22.823;3.47
2417;25;48;25.396;1.41
2418;25;49;33.698;13.85
2419;25;49;31.398;19.59
2420;25;50;79.353;4.67
2421;25;51;32.976;24.04
2422;25;51;35.102;13.35
2423;25;52;16.702;5.56
2424;25;53;44.025;9.92
2425;25;54;43.229;10.24
2426;25;54;51.115;1.01
2427;25;55;43.638;3.3
2428;25;56;31.735;1.47
2429;25;56;29.242;21.13
2430;25;57;42.859;2.65
2431;25;58;47.024;4.02
2432;25;58;50.308;8.47
2433;25;58;48.706;0.45
2434;25;59;25.336;7.71
2435;26;27;5.126;3.58
2436;26;27;3.895;23.14
2437;26;28;63.55;22.46
2438;26;28;56.314;14.94
2439;26;28;50.115;6.44
2440;26;29;8.507;24.87
2441;26;29;9.692;21.03
2442;26;30;18.422;23.18
2443;26;30;15.06;13.91
2444;26;31;14.274;19.91
2445;26;32;13.572;3.77
2446;26;33;15.322;12.77
2447;26;33;13.578;6.89
2448;26;34;8.338;13.65
2449;26;34;8.841;9.08
2450;26;35;56.41;5.99
2451;26;35;50.235;6.12
2452;26;35;66.789;17.27
2453;26;36;21.46;17.58
2454;26;37;76.741;20.41
2455;26;38;17.776;10.91
2456;26;38;14.518;16.78
2457;26;39;38.546;8.36
2458;26;40;42.199;4.23
2459;26;40;46.252;22.1
2460;26;40;45.897;8.45
2461;26;41;42.833;2.86
2462;26;42;37.58;20.27
2463;26;42;36.799;22.66
2464;26;42;28.985;18.51
2465;26;43;40.47;8.82
2466;26;44;22.127;13.31
2467;26;45;15.282;20.81
2468;26;45;12.738;14.45
2469;26;46;79.476;6.02
2470;26;47;52.091;4.17
2471;26;48;11.104;12.99
2472;26;49;8.916;12.46
2473;26;50;63.095;18.46
2474;26;50;71.919;12.01
2475;26;50;63.608;9.26
2476;26;51;9.092;1.75
2477;26;52;46.158;16.53
2478;26;52;53.593;4.67
2479;26;53;16.247;16.4
2480;26;53;17.412;18.75
2481;26;53;19.941;13.81
2482;26;54;19.057;9.7
2483;26;54;22.22;4.37
2484;26;54;23.389;2.75
2485;26;55;25.351;21.06
2486;26;55;29.829;22.4
2487;26;56;9.08;14.37
2488;26;56;6.816;10.16
2489;26;56;9.963;24.91
2490;26;57;15.883;6.57
2491;26;57;16.254;17.66
2492;26;58;15.166;13.74
2493;26;58;15.862;19.41
2494;26;59;20.827;19.35
2495;26;59;25.445;24.11
2496;26;59;25.604;9.04
2497;27;28;60.251;3.42
2498;27;29;4.319;0.59
2499;27;29;3.42;19.24
2500;27;29;3.596;21.68
2501;27;30;14.945;4.55
2502;27;30;12.068;14.26
2503;27;30;18.396;8.33
2504;27;31;13.365;24.21
2505;27;32;18.012;8.26
2506;27;32;16.687;11.15
2507;27;33;15.85;5.95
2508;27;34;10.257;23.33
2509;27;35;59.499;7.54
2510;27;36;18.193;10.37
2511;27;37;74.072;22.06
2512;27;37;82.67;8.6
2513;27;38;12.986;19.63
2514;27;39;42.459;6.35
2515;27;40;38.597;21.53
2516;27;41;44.859;0.98
2517;27;41;51.065;20.99
2518;27;42;39.653;21.17
2519;27;43;40.393;3.59
2520;27;43;38.727;14.09
2521;27;44;17.927;19.76
2522;27;44;19.5;24.28
2523;27;44;18.651;11.62
2524;27;45;10.255;6.47
2525;27;45;11.732;22.58
2526;27;45;12.201;10.16
2527;27;46;78.248;3.44
2528;27;46;66.922;19.73
2529;27;47;56.153;5.28
2530;27;48;16.093;20.91
2531;27;48;14.142;11.18
2532;27;48;12.07;17.86
2533;27;49;14.003;8.42
2534;27;49;13.906;14.28
2535;27;49;16.567;13.72
2536;27;50;67.256;10.57
2537;27;50;64.316;14.25
2538;27;51;14.209;17.38
2539;27;51;12.25;14.94
2540;27;51;12.649;21.65
2541;27;52;46.874;15.94
2542;27;53;11.129;24.18
2543;27;54;14.015;7.72
2544;27;54;15.082;22.12
2545;27;54;12.578;4.01
2546;27;55;20.617;11.42
2547;27;55;20.512;11.82
2548;27;55;22.197;12.06
2549;27;56;14.199;22.36
2550;27;56;11.081;6.12
2551;27;56;12.306;14.47
2552;27;57;19.951;14.1
2553;27;57;15.939;6.49
2554;27;57;19.714;20.1
2555;27;58;10.786;10.17
2556;27;59;19.29;21.77
2557;27;59;17.714;20.23
2558;28;29;61.402;11.4
2559;28;30;65.94;17.48
2560;28;30;76.248;10.39
2561;28;30;76.235;12.53
2562;28;31;71.292;0.89
2563;28;31;84.029;20.52
2564;28;31;74.69;14.68
2565;28;32;66.54;14.87
2566;28;33;52.388;15.22
2567;28;33;51.421;12.2
2568;28;34;70.502;6.15
2569;28;34;72.538;24.04
2570;28;35;74.772;18.62
2571;28;35;81.593;3.77
2572;28;35;58.134;20.14
2573;28;36;68.151;9.63
2574;28;36;59.291;13.76
2575;28;36;79.624;2.15
2576;28;37;17.006;8.78
2577;28;37;21.018;7.78
2578;28;38;49.064;19.26
2579;28;38;55.588;22.99
2580;28;38;52.263;5.64
2581;28;39;73.873;1.01
2582;28;39;74.579;23.58
2583;28;40;21.887;21.66
2584;28;40;25.577;6.26
2585;28;41;104.556;23.42
2586;28;41;88.235;1.84
2587;28;42;99.47;19.13
2588;28;42;90.104;24.26
2589;28;42;99.109;6.43
2590;28;43;96.061;7.51
2591;28;43;81.778;24.88
2592;28;44;63.227;2.6
2593;28;45;52.548;12.93
2594;28;46;35.917;23.06
2595;28;47;83.961;2.48
2596;28;47;84.077;23.97
2597;28;48;73.195;14.9
2598;28;48;59.411;5.61
2599;28;49;68.81;9.95
2600;28;49;85.759;21.98
2601;28;49;75.7;0.24
2602;28;50;93.199;10.0
2603;28;51;69.467;13.98
2604;28;51;52.593;15.49
2605;28;52;104.196;0.22
2606;28;52;99.951;23.22
2607;28;52;89.929;4.64
2608;28;53;53.424;12.35
2609;28;53;46.573;20.19
2610;28;53;62.643;15.63
2611;28;54;55.522;22.67
2612;28;54;52.04;4.39
2613;28;54;63.82;11.99
2614;28;55;59.115;23.41
2615;28;55;69.418;11.38
2616;28;56;70.31;20.32
2617;28;56;58.551;10.48
2618;28;56;67.609;24.26
2619;28;57;65.252;19.37
2620;28;58;49.852;9.87
2621;28;59;74.442;11.61
2622;28;59;74.668;2.52
2623;28;59;85.699;10.53
2624;29;30;10.632;19.16
2625;29;30;8.851;13.0
2626;29;31;10.358;18.68
2627;29;32;21.973;16.27
2628;29;33;19.896;3.42
2629;29;33;22.795;12.71
2630;29;33;19.338;13.59
2631;29;34;10.001;19.68
2632;29;34;11.18;2.61
2633;29;34;8.801;8.77
2634;29;35;63.818;2.15
2635;29;36;13.893;11.14
2636;29;37;75.795;8.1
2637;29;38;12.675;5.53
2638;29;38;10.037;20.93
2639;29;39;46.665;11.18
2640;29;39;53.904;11.62
2641;29;39;57.298;23.64
2642;29;40;39.554;11.19
2643;29;41;43.184;8.23
2644;29;41;42.758;3.59
2645;29;42;38.072;1.69
2646;29;42;41.609;18.75
2647;29;42;46.302;21.21
2648;29;43;37.246;24.19
2649;29;43;33.51;18.54
2650;29;44;13.737;1.15
2651;29;44;13.288;2.65
2652;29;44;13.157;16.29
2653;29;45;9.332;10.76
2654;29;45;11.194;6.19
2655;29;45;10.144;4.23
2656;29;46;81.072;19.09
2657;29;47;60.322;15.97
2658;29;48;18.477;16.27
2659;29;49;17.282;10.93
2660;29;49;14.763;18.33
2661;29;49;13.866;14.87
2662;29;50;71.392;2.1
2663;29;50;68.744;3.92
2664;29;51;17.353;19.77
2665;29;51;20.475;15.54
2666;29;52;44.188;15.94
2667;29;53;9.394;2.17
2668;29;53;7.209;2.89
2669;29;53;10.052;16.06
2670;29;54;11.037;6.21
2671;29;54;8.784;9.08
2672;29;55;16.864;5.68
2673;29;55;18.583;8.91
2674;29;56;17.098;6.29
2675;29;57;24.077;23.83
2676;29;57;24.979;8.01
2677;29;58;11.584;13.88
2678;29;58;12.127;22.82
2679;29;59;15.608;15.6
2680;30;31;8.953;21.73
2681;30;31;9.544;3.2
2682;30;32;31.95;5.49
2683;30;32;39.467;0.64
2684;30;33;30.3;1.31
2685;30;33;22.926;18.48
2686;30;33;33.931;8.41
2687;30;34;15.282;5.51
2688;30;35;74.426;4.06
2689;30;35;70.766;11.39
2690;30;35;59.386;10.73
2691;30;36;3.31;9.72
2692;30;37;81.402;15.25
2693;30;37;80.332;10.34
2694;30;38;17.779;13.61
2695;30;39;56.963;8.47
2696;30;40;44.226;16.32
2697;30;40;53.387;4.3
2698;30;41;40.119;20.65
2699;30;41;42.922;2.78
2700;30;42;35.498;7.63
2701;30;42;29.912;8.06
2702;30;43;30.195;7.88
2703;30;43;27.524;12.99
2704;30;44;5.145;18.14
2705;30;44;6.4;14.18
2706;30;44;4.611;17.19
2707;30;45;14.611;13.7
2708;30;45;15.63;16.33
2709;30;46;88.962;3.55
2710;30;47;70.506;17.6
2711;30;47;73.899;12.19
2712;30;47;59.117;13.55
2713;30;48;26.162;6.28
2714;30;48;25.878;10.02
2715;30;48;30.131;18.28
2716;30;49;26.395;22.52
2717;30;49;27.972;12.94
2718;30;49;21.615;5.83
2719;30;50;81.482;18.3
2720;30;50;80.778;3.66
2721;30;50;71.063;14.13
2722;30;51;26.27;3.84
2723;30;52;38.272;3.32
2724;30;52;38.679;18.74
2725;30;52;45.266;10.16
2726;30;53;13.091;3.61
2727;30;54;10.432;13.24
2728;30;54;7.965;11.68
2729;30;54;10.131;23.22
2730;30;55;10.457;13.42
2731;30;55;10.36;24.69
2732;30;55;9.587;1.87
2733;30;56;25.68;24.45
2734;30;56;30.189;17.42
2735;30;56;31.766;4.16
2736;30;57;34.301;6.09
2737;30;58;18.728;16.04
2738;30;58;18.834;9.52
2739;30;58;18.06;4.66
2740;30;59;8.671;18.86
2741;30;59;8.964;19.27
2742;31;32;26.6;10.21
2743;31;33;28.942;7.61
2744;31;34;7.807;6.18
2745;31;35;70.322;8.68
2746;31;36;10.342;21.55
2747;31;36;11.95;16.08
2748;31;37;85.984;21.12
2749;31;37;77.094;9.72
2750;31;37;76.713;19.53
2751;31;38;22.231;15.53
2752;31;38;19.648;22.64
2753;31;39;51.688;11.43
2754;31;40;49.405;10.96
2755;31;40;48.611;15.72
2756;31;40;45.019;10.88
2757;31;41;33.342;9.77
2758;31;41;33.51;20.4
2759;31;41;34.16;13.54
2760;31;42;28.372;17.03
2761;31;43;27.044;16.02
2762;31;43;28.627;10.79
2763;31;43;24.257;7.95
2764;31;44;14.098;24.97
2765;31;44;17.61;13.15
2766;31;44;15.05;10.49
2767;31;45;18.747;4.36
2768;31;46;91.381;15.73
2769;31;46;76.57;23.72
2770;31;46;108.517;24.1
2771;31;47;64.83;1.39
2772;31;48;18.76;12.22
2773;31;49;20.207;4.46
2774;31;50;75.54;8.11
2775;31;50;79.745;15.05
2776;31;50;84.608;21.15
2777;31;51;19.886;20.12
2778;31;51;24.181;18.07
2779;31;51;23.708;0.12
2780;31;52;33.83;20.59
2781;31;52;35.988;22.23
2782;31;52;37.57;23.25
2783;31;53;18.039;15.73
2784;31;53;16.726;9.69
2785;31;54;17.313;17.61
2786;31;54;19.155;24.21
2787;31;55;19.327;12.06
2788;31;55;24.016;15.5
2789;31;55;19.326;2.01
2790;31;56;19.02;14.37
2791;31;57;29.347;6.52
2792;31;57;29.99;13.54
2793;31;57;25.158;20.83
2794;31;58;21.763;16.86
2795;31;58;18.46;18.59
2796;31;59;6.651;16.23
2797;31;59;6.354;18.04
2798;31;59;6.627;4.29
2799;32;33;14.211;21.92
2800;32;34;19.038;1.17
2801;32;34;19.14;0.95
2802;32;35;43.898;11.28
2803;32;35;51.451;17.26
2804;32;35;45.949;23.97
2805;32;36;34.908;4.89
2806;32;36;39.998;23.0
2807;32;37;77.466;14.71
2808;32;38;28.152;14.15
2809;32;39;25.157;14.64
2810;32;39;31.321;11.51
2811;32;40;46.969;15.12
2812;32;40;54.054;14.86
2813;32;40;50.061;21.73
2814;32;41;48.138;4.31
2815;32;42;43.073;16.24
2816;32;42;39.476;4.43
2817;32;42;52.316;20.55
2818;32;43;50.209;18.58
2819;32;43;42.083;6.51
2820;32;43;53.146;3.93
2821;32;44;35.678;12.38
2822;32;44;35.058;13.64
2823;32;44;41.775;24.88
2824;32;45;26.738;13.61
2825;32;45;22.699;9.02
2826;32;46;76.063;4.29
2827;32;47;38.57;7.02
2828;32;47;30.602;9.02
2829;32;48;10.87;9.26
2830;32;48;9.888;21.84
2831;32;49;6.816;13.67
2832;32;49;7.678;7.97
2833;32;49;7.218;22.15
2834;32;50;49.535;20.89
2835;32;50;55.684;9.7
2836;32;51;7.399;14.97
2837;32;52;54.257;10.51
2838;32;53;28.231;19.77
2839;32;54;31.806;0.24
2840;32;55;38.629;12.49
2841;32;56;8.61;18.91
2842;32;57;3.047;6.13
2843;32;57;2.405;19.3
2844;32;57;2.945;22.5
2845;32;58;24.791;10.07
2846;32;58;21.978;3.74
2847;32;58;24.933;14.94
2848;32;59;33.232;17.57
2849;32;59;30.562;0.73
2850;32;59;30.571;20.4
2851;33;34;23.653;19.43
2852;33;35;45.45;13.1
2853;33;36;33.609;20.88
2854;33;37;63.847;19.37
2855;33;37;76.458;11.93
2856;33;38;18.795;21.14
2857;33;39;31.245;12.09
2858;33;39;34.985;14.8
2859;33;40;32.85;19.54
2860;33;40;35.793;12.84
2861;33;41;57.683;13.73
2862;33;41;70.237;17.95
2863;33;42;52.438;8.81
2864;33;42;60.502;21.75
2865;33;42;64.432;3.25
2866;33;43;55.681;10.59
2867;33;43;54.482;19.36
2868;33;43;49.673;8.69
2869;33;44;32.193;4.76
2870;33;45;19.096;17.92
2871;33;45;22.06;14.69
2872;33;46;64.575;21.43
2873;33;47;44.909;21.81
2874;33;48;21.734;24.57
2875;33;48;21.555;17.11
2876;33;48;20.376;4.86
2877;33;49;17.0;16.14
2878;33;50;56.111;0.92
2879;33;51;17.719;11.5
2880;33;51;13.303;3.27
2881;33;51;17.842;18.33
2882;33;52;61.476;20.71
2883;33;53;21.079;16.56
2884;33;53;21.733;1.97
2885;33;54;25.527;8.95
2886;33;54;20.564;10.94
2887;33;54;31.225;8.88
2888;33;55;33.169;3.98
2889;33;56;18.762;15.38
2890;33;56;21.792;18.8
2891;33;57;13.392;4.07
2892;33;57;12.803;20.52
2893;33;57;12.04;10.19
2894;33;58;15.377;14.75
2895;33;59;35.108;24.53
2896;33;59;27.001;16.94
2897;34;35;62.912;13.65
2898;34;35;51.99;11.1
2899;34;35;75.127;10.56
2900;34;36;17.517;23.26
2901;34;36;18.047;5.89
2902;34;36;21.562;2.26
2903;34;37;84.272;24.81
2904;34;37;100.18;8.44
2905;34;37;96.453;7.07
2906;34;38;22.496;17.05
2907;34;38;22.334;24.34
2908;34;39;44.0;2.74
2909;34;40;48.81;11.71
2910;34;41;34.795;21.78
2911;34;42;29.559;3.78
2912;34;42;24.408;4.7
2913;34;43;32.318;18.14
2914;34;43;37.269;7.43
2915;34;44;20.129;24.58
2916;34;45;19.269;10.31
2917;34;46;87.714;14.55
2918;34;47;57.058;22.83
2919;34;47;69.027;17.9
2920;34;47;53.868;12.57
2921;34;48;11.061;24.29
2922;34;49;12.476;6.69
2923;34;49;9.482;7.52
2924;34;50;67.74;7.05
2925;34;50;79.875;23.4
2926;34;50;71.176;16.2
2927;34;51;12.117;19.47
2928;34;51;10.845;10.54
2929;34;52;37.823;20.65
2930;34;52;44.672;17.21
2931;34;53;19.388;18.11
2932;34;53;20.476;6.41
2933;34;53;16.291;5.04
2934;34;54;20.46;20.32
2935;34;55;24.707;10.96
2936;34;55;22.348;19.5
2937;34;55;19.266;0.14
2938;34;56;11.219;9.02
2939;34;56;12.074;15.51
2940;34;56;13.636;0.04
2941;34;57;21.891;2.68
2942;34;58;20.836;20.0
2943;34;58;18.392;19.63
2944;34;59;14.3;21.38
2945;35;36;77.629;14.55
2946;35;36;85.561;16.6
2947;35;36;88.926;0.6
2948;35;37;76.384;2.47
2949;35;37;85.733;15.33
2950;35;38;63.996;21.02
2951;35;38;74.706;3.8
2952;35;38;51.597;2.53
2953;35;39;20.49;15.19
2954;35;39;21.052;5.11
2955;35;39;22.843;6.55
2956;35;40;65.697;3.72
2957;35;40;56.373;13.14
2958;35;40;57.661;23.18
2959;35;41;88.185;14.14
2960;35;42;83.699;5.15
2961;35;43;93.557;0.6
2962;35;44;77.149;6.13
2963;35;44;75.797;15.96
2964;35;45;64.545;9.17
2965;35;45;67.701;13.43
2966;35;46;61.781;2.18
2967;35;47;15.436;17.69
2968;35;47;13.693;16.42
2969;35;47;18.988;3.51
2970;35;48;53.837;10.49
2971;35;49;50.638;23.83
2972;35;50;19.736;12.59
2973;35;50;22.214;7.1
2974;35;51;51.138;16.58
2975;35;52;96.476;16.87
2976;35;53;66.528;21.7
2977;35;54;70.959;11.33
2978;35;55;78.579;24.24
2979;35;56;52.257;16.09
2980;35;56;55.581;17.85
2981;35;56;50.664;4.77
2982;35;57;41.023;23.82
2983;35;57;37.915;2.77
2984;35;58;60.701;0.99
2985;35;58;60.21;19.88
2986;35;58;53.179;14.63
2987;35;59;76.973;4.22
2988;35;59;60.523;1.1
2989;36;37;83.829;5.74
2990;36;37;92.815;17.79
2991;36;38;20.622;15.76
2992;36;38;15.971;21.72
2993;36;39;59.995;24.33
2994;36;40;46.577;0.6
2995;36;41;39.06;18.69
2996;36;41;33.248;19.76
2997;36;41;36.95;16.03
2998;36;42;34.669;13.74
2999;36;42;42.437;21.7
3000;36;43;27.922;24.39
3001;36;43;34.336;0.52
3002;36;44;5.327;9.79
3003;36;44;5.244;2.32
3004;36;45;17.596;14.16
3005;36;45;16.627;16.73
3006;36;46;91.887;22.1
3007;36;47;73.478;5.05
3008;36;47;89.495;3.54
3009;36;48;28.551;9.6
3010;36;48;32.295;13.85
3011;36;49;29.146;4.25
3012;36;49;22.678;12.59
3013;36;49;35.201;13.84
3014;36;50;84.406;5.5
3015;36;51;28.972;21.35
3016;36;51;28.469;10.62
3017;36;52;36.293;3.84
3018;36;52;36.859;18.58
3019;36;52;39.657;15.31
3020;36;53;15.946;5.87
3021;36;54;12.744;5.86
3022;36;55;10.697;8.47
3023;36;56;28.304;19.39
3024;36;57;37.336;21.09
3025;36;57;29.109;21.19
3026;36;58;21.816;12.86
3027;36;58;26.879;16.11
3028;36;58;20.512;21.06
3029;36;59;7.648;21.38
3030;37;38;63.98;10.92
3031;37;38;66.491;14.98
3032;37;39;79.928;20.65
3033;37;39;62.723;8.84
3034;37;40;37.277;16.19
3035;37;41;118.881;10.58
3036;37;41;90.116;9.37
3037;37;41;116.807;13.91
3038;37;42;113.702;11.09
3039;37;42;110.171;9.61
3040;37;43;111.595;20.53
3041;37;44;79.1;20.44
3042;37;44;74.91;22.55
3043;37;44;95.469;21.93
3044;37;45;67.423;19.67
3045;37;45;80.866;1.75
3046;37;46;23.74;1.71
3047;37;47;87.942;1.66
3048;37;47;99.461;12.51
3049;37;47;67.435;10.67
3050;37;48;85.443;23.13
3051;37;48;91.678;4.57
3052;37;48;102.809;4.98
3053;37;49;80.801;8.06
3054;37;49;82.326;10.04
3055;37;49;61.241;2.67
3056;37;50;95.848;22.93
3057;37;50;109.24;23.78
3058;37;50;91.793;22.93
3059;37;51;81.504;2.15
3060;37;51;95.932;11.43
3061;37;52;119.442;0.1
3062;37;53;68.535;6.02
3063;37;53;69.196;8.51
3064;37;53;63.855;24.66
3065;37;54;71.094;8.4
3066;37;55;75.3;3.07
3067;37;56;82.483;11.52
3068;37;57;75.688;21.29
3069;37;58;64.238;19.24
3070;37;58;69.016;9.52
3071;37;58;54.208;24.2
3072;37;59;89.706;12.57
3073;38;39;49.804;14.21
3074;38;40;27.177;22.21
3075;38;40;27.686;10.76
3076;38;41;55.542;22.42
3077;38;41;66.202;24.26
3078;38;42;50.507;10.28
3079;38;42;49.159;18.54
3080;38;42;50.436;7.85
3081;38;43;47.772;20.3
3082;38;43;43.397;5.0
3083;38;43;55.404;4.67
3084;38;44;16.91;3.83
3085;38;44;13.668;13.1
3086;38;44;17.365;23.59
3087;38;45;3.485;0.62
3088;38;46;71.269;2.02
3089;38;47;63.556;1.12
3090;38;48;28.877;22.23
3091;38;49;26.058;1.58
3092;38;49;26.95;18.02
3093;38;50;74.775;12.43
3094;38;50;71.778;19.39
3095;38;50;86.279;5.03
3096;38;51;26.427;13.98
3097;38;51;25.227;3.37
3098;38;52;55.465;11.34
3099;38;52;66.131;14.31
3100;38;53;4.689;5.11
3101;38;54;8.545;22.87
3102;38;54;6.534;15.21
3103;38;55;15.737;20.97
3104;38;55;12.944;4.95
3105;38;56;26.675;20.21
3106;38;56;32.141;6.31
3107;38;57;29.097;1.53
3108;38;57;22.328;15.85
3109;38;57;27.284;12.67
3110;38;58;3.504;8.01
3111;38;59;25.77;3.4
3112;38;59;28.812;7.09
3113;38;59;27.721;8.11
3114;39;40;59.367;24.94
3115;39;41;67.696;7.63
3116;39;42;63.227;3.77
3117;39;42;60.228;10.26
3118;39;42;71.433;10.8
3119;39;43;73.551;17.14
3120;39;43;89.04;10.83
3121;39;44;60.382;19.57
3122;39;44;67.929;12.65
3123;39;44;66.716;24.82
3124;39;45;49.469;20.76
3125;39;45;38.267;8.22
3126;39;46;70.88;15.43
3127;39;46;66.285;19.34
3128;39;47;13.798;12.44
3129;39;48;34.121;13.73
3130;39;48;40.248;24.97
3131;39;48;33.248;3.42
3132;39;49;31.525;4.61
3133;39;49;32.867;18.63
3134;39;50;25.01;13.25
3135;39;51;31.918;24.8
3136;39;52;76.122;22.29
3137;39;52;74.919;18.22
3138;39;52;91.146;11.58
3139;39;53;51.287;7.99
3140;39;53;57.735;9.07
3141;39;53;62.645;17.77
3142;39;54;55.408;1.09
3143;39;55;62.732;4.1
3144;39;55;48.339;10.05
3145;39;55;77.728;9.8
3146;39;56;32.926;9.09
3147;39;57;22.663;6.08
3148;39;57;17.945;16.1
3149;39;58;46.311;23.17
3150;39;58;40.806;17.58
3151;39;59;58.284;9.26
3152;40;41;82.679;15.69
3153;40;42;77.606;5.97
3154;40;42;66.067;13.79
3155;40;43;74.411;14.98
3156;40;43;86.964;0.18
3157;40;43;72.941;17.17
3158;40;44;41.824;12.95
3159;40;45;30.661;1.53
3160;40;45;35.574;9.92
3161;40;45;27.693;20.89
3162;40;46;48.774;9.26
3163;40;47;71.407;8.69
3164;40;48;52.353;0.32
3165;40;48;43.831;17.27
3166;40;48;42.127;23.15
3167;40;49;48.236;22.05
3168;40;49;53.546;1.97
3169;40;50;81.826;21.36
3170;40;51;48.843;0.46
3171;40;51;51.878;21.66
3172;40;52;82.42;18.41
3173;40;53;31.563;23.49
3174;40;53;29.632;12.97
3175;40;53;30.01;22.83
3176;40;54;33.86;20.49
3177;40;54;26.222;14.31
3178;40;55;38.132;11.73
3179;40;56;49.568;9.66
3180;40;56;54.106;12.64
3181;40;56;53.135;20.17
3182;40;57;46.214;10.37
3183;40;57;57.676;23.29
3184;40;57;51.191;1.35
3185;40;58;28.046;24.93
3186;40;58;24.025;23.12
3187;40;59;52.651;13.61
3188;41;42;5.254;20.84
3189;41;42;5.288;7.04
3190;41;42;6.537;7.99
3191;41;43;17.929;22.9
3192;41;43;22.288;14.62
3193;41;44;44.368;12.58
3194;41;44;50.614;15.32
3195;41;44;51.483;8.57
3196;41;45;52.061;13.28
3197;41;45;44.217;6.17
3198;41;46;122.224;16.99
3199;41;47;77.521;17.99
3200;41;48;37.362;18.0
3201;41;48;34.294;6.64
3202;41;49;42.008;24.71
3203;41;49;40.285;23.28
3204;41;49;31.55;8.86
3205;41;50;85.959;2.55
3206;41;50;104.342;6.33
3207;41;51;41.284;18.93
3208;41;51;31.741;21.52
3209;41;52;12.275;10.51
3210;41;52;15.09;16.79
3211;41;53;51.373;22.62
3212;41;54;50.179;17.55
3213;41;55;49.743;13.92
3214;41;56;40.045;21.3
3215;41;57;51.092;3.98
3216;41;57;50.705;19.23
3217;41;57;51.818;13.68
3218;41;58;54.766;18.96
3219;41;58;57.659;5.06
3220;41;58;47.376;15.05
3221;41;59;31.553;13.98
3222;41;59;32.538;16.73
3223;42;43;17.006;9.15
3224;42;44;39.932;14.46
3225;42;44;42.94;5.18
3226;42;44;46.266;0.56
3227;42;45;47.033;11.33
3228;42;45;57.074;4.57
3229;42;46;116.972;6.99
3230;42;47;73.464;10.43
3231;42;48;32.257;19.62
3232;42;49;36.86;0.31
3233;42;49;45.441;14.48
3234;42;50;82.221;5.15
3235;42;50;79.633;13.37
3236;42;50;79.496;20.58
3237;42;51;36.14;24.41
3238;42;51;38.037;5.83
3239;42;52;14.098;7.27
3240;42;52;12.582;20.78
3241;42;52;10.763;17.11
3242;42;53;46.409;23.14
3243;42;54;45.391;10.53
3244;42;54;46.011;9.16
3245;42;55;45.364;16.79
3246;42;56;34.897;0.58
3247;42;56;26.827;23.8
3248;42;57;46.049;13.15
3249;42;58;49.645;24.49
3250;42;59;27.064;1.72
3251;42;59;27.602;13.88
3252;42;59;33.522;8.5
3253;43;44;32.99;0.36
3254;43;44;26.749;12.75
3255;43;44;41.098;16.13
3256;43;45;44.421;3.2
3257;43;45;50.955;24.15
3258;43;46;118.293;20.61
3259;43;46;130.661;8.96
3260;43;46;103.922;14.54
3261;43;47;85.25;21.03
3262;43;47;72.533;2.37
3263;43;47;88.997;10.81
3264;43;48;39.76;6.46
3265;43;49;43.406;10.95
3266;43;49;50.233;17.11
3267;43;50;94.907;20.05
3268;43;50;74.137;22.31
3269;43;51;42.811;20.91
3270;43;51;52.49;15.99
3271;43;52;9.07;12.55
3272;43;52;7.493;0.53
3273;43;52;9.862;3.88
3274;43;53;43.135;18.06
3275;43;53;45.64;23.55
3276;43;54;40.559;17.87
3277;43;54;43.942;23.57
3278;43;55;37.712;11.37
3279;43;55;29.861;17.6
3280;43;56;41.611;21.34
3281;43;56;48.294;7.86
3282;43;56;49.447;17.31
3283;43;57;53.239;1.41
3284;43;58;48.113;6.31
3285;43;58;42.917;21.62
3286;43;58;49.888;14.97
3287;43;59;22.042;20.43
3288;43;59;20.755;7.99
3289;43;59;26.616;20.02
3290;44;45;14.37;17.84
3291;44;46;87.947;9.0
3292;44;46;74.581;15.2
3293;44;47;74.055;15.1
3294;44;47;92.347;24.68
3295;44;47;68.445;1.75
3296;44;48;30.787;0.57
3297;44;48;37.778;6.24
3298;44;49;30.572;1.54
3299;44;49;33.159;5.54
3300;44;50;85.129;9.0
3301;44;50;75.138;1.2
3302;44;50;68.614;7.88
3303;44;51;30.524;4.75
3304;44;52;41.496;9.0
3305;44;52;51.261;10.82
3306;44;52;42.564;3.78
3307;44;53;12.458;22.19
3308;44;54;8.456;1.09
3309;44;54;6.761;17.82
3310;44;55;5.48;24.13
3311;44;55;5.347;19.16
3312;44;56;30.047;18.49
3313;44;56;24.644;0.76
3314;44;57;37.814;1.08
3315;44;57;45.163;12.08
3316;44;58;18.77;2.83
3317;44;59;12.868;4.34
3318;45;46;74.351;22.57
3319;45;47;63.264;13.81
3320;45;48;26.341;2.52
3321;45;48;29.887;2.84
3322;45;49;23.918;12.77
3323;45;49;29.688;23.01
3324;45;49;26.938;1.13
3325;45;50;74.479;20.75
3326;45;50;83.619;14.92
3327;45;50;69.692;12.97
3328;45;51;24.216;3.57
3329;45;51;20.225;11.08
3330;45;52;52.036;5.67
3331;45;53;2.034;21.03
3332;45;53;1.79;14.36
3333;45;54;6.555;7.54
3334;45;55;14.195;8.68
3335;45;55;11.685;12.53
3336;45;55;17.287;19.79
3337;45;56;24.335;8.77
3338;45;57;28.013;23.9
3339;45;57;34.238;21.72
3340;45;57;22.624;19.07
3341;45;58;4.406;10.1
3342;45;59;22.391;13.93
3343;45;59;17.967;12.08
3344;45;59;24.726;14.42
3345;46;47;75.592;6.44
3346;46;48;85.837;3.21
3347;46;49;81.016;5.35
3348;46;49;75.759;2.63
3349;46;50;81.461;5.85
3350;46;51;81.758;1.58
3351;46;51;101.509;16.96
3352;46;52;125.118;20.28
3353;46;52;130.762;11.07
3354;46;53;75.941;12.35
3355;46;54;79.5;7.8
3356;46;55;85.325;10.43
3357;46;55;78.059;12.02
3358;46;56;82.918;16.8
3359;46;57;73.607;9.53
3360;46;58;70.348;17.94
3361;46;58;59.43;15.81
3362;46;59;96.367;22.03
3363;47;48;46.677;10.57
3364;47;48;38.044;15.2
3365;47;48;55.389;24.11
3366;47;49;44.63;11.41
3367;47;49;49.249;7.5
3368;47;50;11.221;11.61
3369;47;50;8.436;19.51
3370;47;51;44.946;13.31
3371;47;52;86.948;19.97
3372;47;52;98.032;7.9
3373;47;53;65.084;11.09
3374;47;53;57.49;17.94
3375;47;53;72.885;2.29
3376;47;54;69.201;16.43
3377;47;54;84.819;1.78
3378;47;55;76.504;23.09
3379;47;55;95.048;1.12
3380;47;55;87.299;0.64
3381;47;56;45.857;5.49
3382;47;57;36.251;24.21
3383;47;58;60.069;20.98
3384;47;59;71.35;10.19
3385;47;59;85.79;18.17
3386;48;49;4.821;2.63
3387;48;50;57.129;0.88
3388;48;50;46.969;6.9
3389;48;51;4.08;24.54
3390;48;51;3.934;1.26
3391;48;51;3.717;24.9
3392;48;52;43.444;18.97
3393;48;53;27.172;0.19
3394;48;53;30.561;1.08
3395;48;53;21.709;22.8
3396;48;54;29.502;6.18
3397;48;54;32.647;2.11
3398;48;55;34.924;7.04
3399;48;55;28.032;11.57
3400;48;55;32.886;10.2
3401;48;56;2.973;18.53
3402;48;56;2.721;6.95
3403;48;56;2.233;3.13
3404;48;57;13.895;4.69
3405;48;58;26.176;9.67
3406;48;59;24.972;3.35
3407;48;59;25.346;1.36
3408;49;50;55.399;9.95
3409;49;50;68.831;19.2
3410;49;51;0.742;24.38
3411;49;52;47.616;15.41
3412;49;52;45.814;19.46
3413;49;53;25.046;22.27
3414;49;54;27.973;20.34
3415;49;54;22.674;18.07
3416;49;54;33.54;23.03
3417;49;55;34.137;9.71
3418;49;55;25.851;20.03
3419;49;56;1.963;14.1
3420;49;56;2.106;2.33
3421;49;57;9.834;0.3
3422;49;57;9.463;6.37
3423;49;57;11.06;23.58
3424;49;58;23.06;18.39
3425;49;59;26.77;19.43
3426;49;59;22.011;8.26
3427;50;51;55.671;17.32
3428;50;51;57.704;14.88
3429;50;51;56.998;8.33
3430;50;52;95.994;14.37
3431;50;53;76.293;17.98
3432;50;53;93.415;14.08
3433;50;54;80.393;5.53
3434;50;55;87.667;6.68
3435;50;55;97.365;23.87
3436;50;55;71.282;1.7
3437;50;56;56.522;4.02
3438;50;56;58.766;11.64
3439;50;56;63.927;12.94
3440;50;57;47.317;10.16
3441;50;57;52.922;4.2
3442;50;57;38.331;12.73
3443;50;58;71.289;5.05
3444;50;58;59.298;18.81
3445;50;58;57.284;21.1
3446;50;59;81.991;7.07
3447;50;59;65.83;0.78
3448;50;59;71.132;14.52
3449;51;52;46.951;3.52
3450;51;53;25.295;12.48
3451;51;53;25.858;19.51
3452;51;54;28.129;11.95
3453;51;54;26.867;5.78
3454;51;54;34.077;18.11
3455;51;55;34.184;13.21
3456;51;55;41.641;3.22
3457;51;56;1.252;23.34
3458;51;56;1.163;18.87
3459;51;56;1.162;9.35
3460;51;57;10.435;7.95
3461;51;57;8.002;9.32
3462;51;57;11.801;10.1
3463;51;58;23.477;17.24
3464;51;58;26.966;20.57
3465;51;59;26.416;1.51
3466;51;59;29.76;24.18
3467;51;59;31.681;24.13
3468;52;53;50.916;19.83
3469;52;54;48.704;11.26
3470;52;54;50.321;17.59
3471;52;54;51.757;5.87
3472;52;55;46.408;0.59
3473;52;55;53.792;6.35
3474;52;55;55.897;15.86
3475;52;56;45.707;5.86
3476;52;56;53.418;4.09
3477;52;56;51.343;20.4
3478;52;57;57.301;11.78
3479;52;57;65.281;19.34
3480;52;57;50.315;0.67
3481;52;58;55.462;0.22
3482;52;59;29.769;23.2
3483;52;59;26.169;1.39
3484;53;54;4.52;19.55
3485;53;54;5.337;7.0
3486;53;55;12.165;2.47
3487;53;55;14.618;20.01
3488;53;55;11.301;0.16
3489;53;56;25.326;24.18
3490;53;57;29.633;6.14
3491;53;58;6.392;13.41
3492;53;58;5.369;14.93
3493;53;58;6.67;8.75
3494;53;59;21.172;22.62
3495;53;59;24.684;4.44
3496;54;55;7.656;24.91
3497;54;55;9.147;19.91
3498;54;56;27.992;24.35
3499;54;57;33.433;13.01
3500;54;57;35.381;14.59
3501;54;57;26.279;21.73
3502;54;58;10.86;1.71
3503;54;59;19.04;20.58
3504;54;59;17.791;16.21
3505;55;56;33.855;7.99
3506;55;56;40.387;3.07
3507;55;56;35.01;18.71
3508;55;57;40.48;18.64
3509;55;58;18.421;4.95
3510;55;58;20.3;10.79
3511;55;58;17.901;5.61
3512;55;59;18.315;12.44
3513;56;57;11.653;21.57
3514;56;57;9.245;15.68
3515;56;57;12.682;21.48
3516;56;58;23.82;20.01
3517;56;58;18.667;13.29
3518;56;58;23.775;4.0
3519;56;59;25.495;14.08
3520;57;58;25.648;7.85
3521;57;58;26.59;10.99
3522;57;59;35.994;8.04
3523;57;59;31.122;6.36
3524;57;59;39.718;8.85
3525;58;59;26.087;5.91
3526;58;59;31.467;8.64
3527;58;59;21.39;1.46
