VERTEX_COUNT 60
PATH_COUNT 1
BUDGET 240
<------------ VERTICES ------------>
0;START;41.374834;2.170055;0.0;0.0
1;Basilica of the Sagrada Família;41.403568;2.174435;45.0;100.0
2;Museu Nacional d’Art de Catalunya;41.36882;2.153347;45.0;97.27
3;Galeria d’Art Mar Grup Escolà;41.392349;2.167836;45.0;84.66
4;Museu d’Història de Catalunya - MHC;41.380852;2.185799;45.0;82.44
5;Palau Güell;41.378864;2.174117;45.0;82.3
6;Anella Olímpica(Olympic Park);41.364778;2.152575;45.0;81.09
7;La Pedrera (Casa Milà);41.395271;2.161785;45.0;78.59
8;Parc de la Ciutadella;41.389248;2.186548;45.0;77.03
9;Museu Picasso;41.385181;2.180863;45.0;75.7
10;Basilica of Sants Just i Pastor;41.382812;2.178195;45.0;75.41
11;Avinguda d’Icària;41.391556;2.197416;45.0;75.09
12;Poble Espanyol;41.368679;2.147031;45.0;74.89
13;Montjuïc Castle;41.363823;2.167096;45.0;72.58
14;Passeig de Gràcia;41.390739;2.166672;45.0;72.49
15;Lorena Ruiz de Villa;41.397858;2.146705;45.0;72.4
16;Museu Frederic Marès;41.384178;2.176819;45.0;70.93
17;Antic Hospital de la Santa Creu;41.380573;2.170374;45.0;69.83
18;Museu Palmero;41.424667;2.139856;45.0;66.59
19;Barcelona;41.389034;2.16137;45.0;66.45
20;Despair;41.387653;2.188076;45.0;66.29
21;Imaginart Gallery;41.393822;2.164627;45.0;63.87
22;Plaça del Rei;41.384144;2.177409;45.0;63.78
23;Plaça de Catalunya;41.387005;2.17003;45.0;62.72
24;Park Güell;41.414249;2.151926;45.0;62.53
25;Arts Santa Mònica;41.37722;2.176012;45.0;61.53
26;Casa Martí, Els Quatre Gats ;41.385775;2.173671;45.0;61.18
27;Atelier;41.407719;2.158233;45.0;60.79
28;La Colmena;41.383835;2.178294;45.0;60.77
29;Casa Batlló;41.391758;2.164961;45.0;59.69
30;Rambla del Raval;41.378681;2.169317;45.0;59.04
31;Parc de Diagonal Mar;41.407215;2.214539;45.0;58.89
32;Basilica of Santa Maria del Mar;41.383518;2.1818;45.0;58.64
33;Monument to Doctor Robert;41.394924;2.175599;45.0;58.38
34;90th Jean Bouin;41.373077;2.150465;45.0;58.2
35;Museu d’Història de Barcelona;41.384144;2.177409;45.0;57.86
36;Contrast;41.387928;2.161469;45.0;57.75
37;Royal Dockyards Museu Marítim ;41.375286;2.17598;45.0;57.57
38;Turó de la Rovira viewing point;41.419388;2.161812;45.0;56.89
39;Poblenou Cemetery;41.394859;2.201189;45.0;56.39
40;Carles Taché;41.389851;2.164213;45.0;56.25
41;Piramidon Centre d’Art Contemporani;41.422626;2.209764;45.0;56.03
42;Galeria Mayoral;41.389542;2.163808;45.0;55.8
43;Platja de la Nova Mar Bella;41.40205;2.21529;45.0;55.62
44;Museu de la Moto ;41.383327;2.174488;45.0;54.78
45;Palau Montaner;41.39555;2.1652;45.0;52.87
46;Maeght;41.384689;2.181526;45.0;52.19
47;Fundació Fran Daurel;41.369118;2.146695;45.0;51.88
48;Casa Vicens;41.403442;2.150684;45.0;51.45
49;Palau Sant Jordi;41.363441;2.152537;45.0;51.2
50;Barcelona Head;41.380924;2.182465;45.0;50.08
51;Casa Lleó Morera;41.39119;2.165511;45.0;49.71
52;Botanical Garden;41.364746;2.159382;45.0;49.66
53;El Born Centre Cultural;41.385818;2.183785;45.0;49.55
54;El Fossar de les Moreres;41.383713;2.18243;45.0;49.35
55;Santa Eulàlia small schooner;41.376385;2.179861;45.0;49.09
56;Parc de la Creueta del Coll;41.41935;2.146432;45.0;49.07
57;Rambla del Poblenou;41.40192;2.200141;45.0;48.17
58;Casa Comalat;41.397072;2.160723;45.0;47.99
59;FINISH;41.374834;2.170055;0.0;0.0
<------------- EDGES -------------->
0;0;1;49.491;1.43
1;0;1;50.609;16.91
2;0;2;23.796;8.65
3;0;3;30.107;16.65
4;0;3;28.87;4.39
5;0;4;22.688;15.97
6;0;5;8.647;18.16
7;0;5;10.323;12.95
8;0;6;28.285;7.99
9;0;7;36.549;12.33
10;0;7;35.815;17.95
11;0;7;34.486;15.91
12;0;8;32.509;6.18
13;0;9;22.496;11.55
14;0;9;17.784;4.73
15;0;9;27.034;4.06
16;0;10;17.194;8.72
17;0;10;16.406;9.91
18;0;10;13.901;4.66
19;0;11;45.309;24.18
20;0;11;44.079;8.48
21;0;12;31.387;13.23
22;0;12;27.958;4.81
23;0;13;19.222;12.51
24;0;13;16.366;15.8
25;0;13;19.994;18.95
26;0;14;27.562;4.81
27;0;14;24.584;9.02
28;0;15;49.508;14.08
29;0;15;46.529;5.76
30;0;16;18.196;5.75
31;0;16;22.375;23.89
32;0;17;9.829;20.53
33;0;18;93.673;5.18
34;0;18;75.389;16.77
35;0;18;75.479;21.73
36;0;19;26.736;9.82
37;0;19;31.727;10.96
38;0;20;31.884;6.89
39;0;20;25.74;6.61
40;0;20;29.98;10.07
41;0;21;33.232;10.81
42;0;21;29.851;3.67
43;0;21;27.113;16.8
44;0;22;18.52;19.81
45;0;22;17.586;14.9
46;0;23;20.827;2.39
47;0;23;19.677;16.69
48;0;23;15.901;16.12
49;0;24;71.35;23.64
50;0;24;72.08;3.23
51;0;25;8.671;3.67
52;0;25;9.216;12.53
53;0;25;7.291;19.26
54;0;26;19.29;18.78
55;0;26;22.697;9.53
56;0;27;58.284;11.99
57;0;27;57.738;18.3
58;0;28;18.686;3.25
59;0;29;29.69;4.19
60;0;30;6.651;6.49
61;0;31;79.572;2.54
62;0;31;78.894;9.07
63;0;32;21.172;8.95
64;0;33;35.108;24.03
65;0;33;26.797;15.92
66;0;33;30.576;8.65
67;0;34;25.336;11.65
68;0;34;24.255;20.7
69;0;34;24.384;8.45
70;0;35;18.52;11.93
71;0;35;20.157;12.64
72;0;35;21.517;0.45
73;0;36;24.972;17.64
74;0;36;26.828;24.52
75;0;36;24.402;0.38
76;0;37;7.648;13.46
77;0;37;7.003;8.67
78;0;37;9.347;18.24
79;0;38;76.973;18.48
80;0;38;67.254;9.72
81;0;39;52.651;11.35
82;0;40;26.77;10.33
83;0;40;25.034;9.95
84;0;41;96.367;0.3
85;0;41;97.604;8.89
86;0;41;73.01;7.0
87;0;42;26.416;6.0
88;0;42;23.384;24.67
89;0;42;23.913;7.77
90;0;43;74.442;4.55
91;0;44;15.608;8.53
92;0;45;35.994;24.31
93;0;45;34.647;22.18
94;0;46;22.391;2.26
95;0;46;26.692;9.59
96;0;47;31.553;15.21
97;0;47;38.086;15.69
98;0;48;54.909;23.36
99;0;48;41.362;6.87
100;0;49;29.769;4.2
101;0;50;19.04;17.36
102;0;51;28.59;13.31
103;0;51;28.494;6.76
104;0;52;22.042;12.04
105;0;53;25.77;20.08
106;0;53;21.948;13.15
107;0;54;21.985;2.93
108;0;54;22.244;8.21
109;0;55;12.868;6.28
110;0;56;81.991;21.58
111;0;56;76.773;5.53
112;0;56;80.641;23.72
113;0;57;60.335;20.48
114;0;57;69.442;17.79
115;0;58;39.896;23.28
116;0;58;31.019;4.12
117;0;58;33.686;23.65
118;0;59;0.0;18.31
119;0;59;0.0;17.07
120;1;2;65.336;7.4
121;1;3;20.984;6.6
122;1;4;41.52;22.7
123;1;5;42.276;0.57
124;1;5;42.422;7.37
125;1;6;72.069;24.05
126;1;6;82.464;14.48
127;1;7;21.57;4.84
128;1;8;29.022;24.44
129;1;9;32.528;9.0
130;1;9;36.916;14.45
131;1;9;31.432;21.66
132;1;10;35.845;15.87
133;1;10;33.857;2.42
134;1;10;28.761;20.89
135;1;11;35.955;11.23
136;1;11;29.145;7.42
137;1;12;69.299;12.63
138;1;12;75.383;13.88
139;1;12;70.672;7.63
140;1;13;68.662;2.49
141;1;13;71.247;9.31
142;1;14;24.109;22.88
143;1;14;26.074;5.86
144;1;14;28.0;15.12
145;1;15;36.911;8.47
146;1;15;45.196;11.4
147;1;16;33.322;21.56
148;1;16;26.187;19.8
149;1;17;39.694;21.26
150;1;17;47.23;21.85
151;1;18;57.209;15.27
152;1;18;69.18;20.14
153;1;19;29.997;23.48
154;1;19;25.819;2.2
155;1;19;35.321;18.86
156;1;20;32.378;14.79
157;1;20;31.871;0.58
158;1;20;27.941;17.72
159;1;21;20.896;10.07
160;1;21;19.18;12.89
161;1;22;33.457;19.84
162;1;23;28.902;2.58
163;1;23;33.982;15.88
164;1;24;34.185;1.6
165;1;24;32.388;9.14
166;1;24;31.719;12.96
167;1;25;45.133;2.65
168;1;25;48.917;4.37
169;1;26;30.463;20.51
170;1;26;28.502;4.58
171;1;26;23.929;23.27
172;1;27;21.975;19.87
173;1;27;24.721;15.81
174;1;28;34.129;3.1
175;1;28;31.663;1.92
176;1;29;23.587;5.16
177;1;29;19.902;11.99
178;1;30;43.091;20.65
179;1;31;51.851;20.86
180;1;31;54.344;7.77
181;1;31;49.557;2.09
182;1;32;35.589;13.03
183;1;33;14.867;18.72
184;1;33;13.731;17.66
185;1;34;60.577;16.08
186;1;34;66.068;7.22
187;1;35;33.457;23.76
188;1;35;34.698;22.67
189;1;35;37.548;15.11
190;1;36;31.517;1.98
191;1;36;32.873;20.05
192;1;37;48.438;14.93
193;1;37;60.022;22.5
194;1;38;31.549;18.91
195;1;38;32.184;21.59
196;1;39;37.436;21.11
197;1;40;26.892;5.25
198;1;40;25.464;6.92
199;1;40;28.803;1.05
200;1;41;55.85;4.5
201;1;41;55.514;2.75
202;1;42;27.608;21.21
203;1;42;28.526;7.62
204;1;43;52.504;4.82
205;1;43;49.542;2.46
206;1;44;34.637;8.75
207;1;44;42.573;7.21
208;1;44;37.654;8.97
209;1;45;18.132;18.05
210;1;45;15.779;3.19
211;1;46;33.564;14.17
212;1;46;26.632;9.34
213;1;47;68.875;14.34
214;1;47;56.65;13.99
215;1;48;30.486;3.0
216;1;49;74.2;11.73
217;1;49;81.51;17.87
218;1;50;40.097;1.18
219;1;50;35.386;11.02
220;1;50;33.773;6.63
221;1;51;24.081;11.24
222;1;51;29.453;12.7
223;1;52;69.188;5.01
224;1;52;73.106;16.43
225;1;53;32.66;17.22
226;1;53;33.705;13.85
227;1;54;35.493;23.96
228;1;54;37.831;15.15
229;1;55;47.035;11.94
230;1;55;57.148;14.59
231;1;56;44.955;7.06
232;1;56;43.289;19.08
233;1;57;33.115;12.23
234;1;57;38.907;17.55
235;1;58;20.817;4.97
236;1;58;19.92;17.91
237;1;58;23.656;12.19
238;1;59;49.491;11.63
239;1;59;43.148;0.2
240;2;3;44.354;6.35
241;2;3;36.143;11.65
242;2;3;36.623;8.45
243;2;4;46.481;7.17
244;2;5;31.73;6.37
245;2;6;6.988;18.65
246;2;7;46.542;1.2
247;2;7;41.265;23.88
248;2;8;55.131;8.11
249;2;9;45.08;18.18
250;2;9;54.11;1.18
251;2;10;39.892;5.09
252;2;11;68.67;8.26
253;2;12;8.115;16.39
254;2;13;19.619;0.88
255;2;13;18.962;10.75
256;2;13;21.684;3.35
257;2;14;41.226;14.77
258;2;14;50.361;13.27
259;2;15;50.417;20.94
260;2;15;54.768;19.34
261;2;16;39.989;9.16
262;2;16;33.692;23.5
263;2;17;29.708;16.18
264;2;17;24.474;11.25
265;2;18;97.123;21.48
266;2;19;36.092;1.81
267;2;19;32.843;5.76
268;2;20;55.02;24.58
269;2;20;67.574;24.77
270;2;20;48.853;22.42
271;2;21;45.169;3.74
272;2;21;45.75;22.17
273;2;22;40.525;9.67
274;2;22;38.398;23.94
275;2;22;38.302;11.02
276;2;23;37.779;3.53
277;2;24;77.761;3.77
278;2;24;79.704;11.32
279;2;24;63.871;7.62
280;2;25;32.461;4.49
281;2;25;26.234;2.73
282;2;25;34.703;0.96
283;2;26;39.024;21.09
284;2;26;44.671;10.25
285;2;27;66.86;0.23
286;2;27;74.465;15.57
287;2;28;41.065;21.97
288;2;29;41.989;4.01
289;2;30;26.558;0.4
290;2;30;28.946;13.25
291;2;31;102.414;18.38
292;2;32;44.356;16.84
293;2;32;44.018;9.24
294;2;33;53.025;20.12
295;2;34;8.171;22.33
296;2;35;40.525;8.61
297;2;35;35.059;10.67
298;2;36;34.321;24.4
299;2;36;36.78;2.28
300;2;36;31.082;18.66
301;2;37;31.099;11.02
302;2;37;24.851;19.68
303;2;37;27.098;6.38
304;2;38;87.213;1.23
305;2;38;107.603;24.98
306;2;39;75.887;6.5
307;2;39;65.445;6.99
308;2;39;84.589;13.56
309;2;40;38.599;23.98
310;2;41;117.144;20.59
311;2;41;94.345;24.29
312;2;41;115.987;15.34
313;2;42;37.919;2.77
314;2;42;33.614;18.87
315;2;42;41.171;15.35
316;2;43;97.767;20.3
317;2;44;36.786;5.74
318;2;44;42.9;22.2
319;2;44;38.763;17.35
320;2;45;48.206;19.42
321;2;46;45.24;7.44
322;2;46;38.15;11.67
323;2;47;8.558;24.77
324;2;48;59.345;20.79
325;2;49;9.263;11.0
326;2;49;8.1;15.28
327;2;49;8.064;19.8
328;2;50;42.744;10.03
329;2;50;32.328;19.51
330;2;50;33.8;7.27
331;2;51;41.344;22.23
332;2;51;34.968;9.61
333;2;52;10.425;7.65
334;2;53;48.72;9.04
335;2;53;41.783;17.15
336;2;53;59.234;11.4
337;2;54;45.212;0.66
338;2;54;50.467;17.89
339;2;54;50.665;9.86
340;2;55;36.426;14.31
341;2;55;29.446;20.89
342;2;56;86.923;17.23
343;2;56;76.441;13.07
344;2;57;82.57;24.77
345;2;57;99.886;22.85
346;2;58;49.264;20.84
347;2;59;23.796;5.59
348;2;59;20.654;20.4
349;2;59;21.438;15.15
350;3;4;30.314;3.32
351;3;4;33.658;15.48
352;3;5;24.444;13.07
353;3;5;22.097;9.2
354;3;5;25.734;4.1
355;3;6;51.088;14.36
356;3;6;62.035;5.67
357;3;6;46.341;7.04
358;3;7;9.238;4.41
359;3;8;24.601;11.32
360;3;8;27.363;23.26
361;3;9;20.74;18.08
362;3;9;20.522;12.42
363;3;9;22.022;13.31
364;3;10;21.053;14.03
365;3;11;37.998;0.32
366;3;12;48.521;18.99
367;3;13;48.824;8.74
368;3;13;58.699;15.41
369;3;13;46.794;16.31
370;3;14;3.134;17.63
371;3;15;28.717;19.06
372;3;16;18.125;8.84
373;3;17;20.413;3.24
374;3;18;65.94;8.2
375;3;18;52.359;13.88
376;3;18;82.047;17.32
377;3;19;10.054;13.78
378;3;19;9.794;18.3
379;3;20;27.199;2.35
380;3;20;25.68;13.14
381;3;21;4.83;2.22
382;3;21;5.577;10.58
383;3;21;5.919;19.82
384;3;22;18.66;11.53
385;3;23;9.569;17.63
386;3;24;42.679;17.93
387;3;24;42.805;13.53
388;3;24;39.236;5.26
389;3;25;27.936;7.73
390;3;26;13.515;5.48
391;3;27;29.047;20.19
392;3;27;24.815;22.5
393;3;28;19.813;15.8
394;3;28;17.822;19.09
395;3;29;3.827;1.69
396;3;29;3.327;15.54
397;3;29;3.54;11.6
398;3;30;23.466;23.35
399;3;31;65.123;23.38
400;3;31;81.199;22.16
401;3;31;50.573;20.73
402;3;32;23.447;9.89
403;3;32;21.128;14.0
404;3;33;10.896;4.75
405;3;33;12.826;0.42
406;3;34;39.813;23.12
407;3;34;49.001;2.02
408;3;34;31.273;13.09
409;3;35;18.66;16.73
410;3;35;14.34;14.19
411;3;36;11.138;3.94
412;3;36;11.53;3.82
413;3;37;31.014;18.12
414;3;38;46.911;22.24
415;3;39;43.031;23.96
416;3;39;36.697;9.58
417;3;39;36.797;19.35
418;3;40;6.317;5.23
419;3;40;5.561;19.44
420;3;40;6.438;11.51
421;3;41;74.701;3.35
422;3;42;7.058;11.01
423;3;42;6.723;23.3
424;3;42;7.705;15.91
425;3;43;63.137;20.7
426;3;43;51.872;11.46
427;3;44;17.643;12.93
428;3;44;19.957;16.02
429;3;45;6.439;1.2
430;3;45;5.121;3.84
431;3;46;21.925;20.79
432;3;46;27.406;20.08
433;3;46;23.879;8.0
434;3;47;48.137;0.96
435;3;47;53.893;2.42
436;3;47;44.868;14.89
437;3;48;29.071;14.65
438;3;48;35.72;6.04
439;3;48;23.362;7.62
440;3;49;53.226;2.79
441;3;49;58.131;20.03
442;3;50;27.111;1.54
443;3;50;23.582;13.36
444;3;50;23.35;10.83
445;3;51;3.584;18.93
446;3;51;3.576;4.23
447;3;51;3.486;20.58
448;3;52;48.466;22.91
449;3;53;23.327;1.82
450;3;54;23.863;9.33
451;3;55;31.379;5.2
452;3;55;24.806;3.4
453;3;56;53.755;12.48
454;3;56;40.543;7.93
455;3;57;44.586;23.63
456;3;58;12.194;5.69
457;3;58;10.945;15.09
458;3;58;11.718;3.22
459;3;59;30.107;2.06
460;3;59;29.846;14.72
461;4;5;15.381;12.91
462;4;6;50.763;10.54
463;4;6;41.474;4.41
464;4;7;39.488;1.45
465;4;7;29.705;14.95
466;4;8;14.4;1.58
467;4;8;12.209;15.22
468;4;8;13.298;17.9
469;4;9;9.749;4.95
470;4;9;11.602;1.53
471;4;9;10.044;18.63
472;4;10;10.323;5.77
473;4;10;8.709;23.02
474;4;11;23.621;20.43
475;4;11;19.158;4.76
476;4;12;53.965;11.24
477;4;12;61.99;21.98
478;4;12;59.57;22.92
479;4;13;37.763;16.77
480;4;14;29.821;22.61
481;4;14;28.744;13.09
482;4;15;58.016;5.11
483;4;15;50.243;2.96
484;4;15;56.561;19.92
485;4;16;12.858;6.86
486;4;16;15.794;19.44
487;4;17;19.811;3.16
488;4;17;20.403;24.74
489;4;17;19.091;8.83
490;4;18;95.389;23.69
491;4;19;34.348;18.0
492;4;19;34.735;24.29
493;4;20;12.0;2.49
494;4;20;12.687;9.82
495;4;21;35.092;21.08
496;4;22;12.156;13.77
497;4;22;11.912;15.35
498;4;22;12.71;19.93
499;4;23;22.821;21.63
500;4;23;27.749;14.69
501;4;24;71.81;14.62
502;4;25;14.02;17.5
503;4;26;17.705;18.99
504;4;26;17.666;19.94
505;4;27;58.017;7.68
506;4;27;53.704;12.7
507;4;28;10.905;19.11
508;4;28;12.287;7.21
509;4;28;10.835;10.61
510;4;29;32.62;20.31
511;4;29;31.804;21.97
512;4;30;21.487;15.69
513;4;30;22.537;15.17
514;4;31;58.279;8.89
515;4;31;64.026;14.95
516;4;32;6.869;2.15
517;4;33;27.411;1.55
518;4;33;22.086;11.63
519;4;33;22.595;23.89
520;4;34;47.282;10.99
521;4;34;54.767;11.78
522;4;34;38.144;21.44
523;4;35;12.156;1.64
524;4;35;10.885;13.24
525;4;35;11.868;20.87
526;4;36;33.502;0.47
527;4;36;39.88;17.4
528;4;36;30.231;10.04
529;4;37;15.801;22.16
530;4;38;72.778;4.58
531;4;39;31.063;2.59
532;4;39;37.203;14.94
533;4;40;31.705;4.06
534;4;40;33.521;10.6
535;4;40;34.057;12.22
536;4;41;77.822;19.26
537;4;41;71.313;12.25
538;4;42;31.911;19.3
539;4;42;38.577;12.31
540;4;42;24.326;8.92
541;4;43;52.433;18.03
542;4;43;39.701;21.3
543;4;43;58.831;6.84
544;4;44;15.128;24.85
545;4;44;15.427;9.13
546;4;44;15.84;7.13
547;4;45;36.496;8.04
548;4;46;8.556;14.31
549;4;46;10.431;24.52
550;4;47;54.08;21.08
551;4;47;67.023;4.57
552;4;48;59.384;17.63
553;4;49;52.078;4.68
554;4;50;4.283;20.42
555;4;50;4.567;23.26
556;4;51;31.487;12.39
557;4;52;43.708;15.99
558;4;52;51.696;19.51
559;4;53;8.883;0.39
560;4;53;7.429;4.11
561;4;54;6.533;10.03
562;4;54;5.992;0.33
563;4;55;10.797;3.3
564;4;55;12.517;24.65
565;4;55;9.138;23.68
566;4;56;83.027;14.14
567;4;56;98.086;19.28
568;4;57;40.482;17.12
569;4;57;31.922;2.38
570;4;58;42.507;22.52
571;4;58;41.26;21.03
572;4;58;32.045;12.47
573;4;59;22.688;8.67
574;4;59;21.195;14.7
575;5;6;36.692;8.97
576;5;6;43.052;17.02
577;5;7;32.233;9.78
578;5;8;23.885;24.58
579;5;9;13.852;4.84
580;5;9;17.24;16.26
581;5;10;8.547;23.0
582;5;10;10.319;4.72
583;5;10;6.941;22.51
584;5;11;36.967;21.89
585;5;11;32.946;7.1
586;5;12;38.904;15.23
587;5;13;27.272;0.19
588;5;14;22.457;4.76
589;5;15;47.906;14.74
590;5;15;36.257;11.48
591;5;15;59.856;2.51
592;5;16;9.733;16.32
593;5;16;11.627;22.02
594;5;17;5.626;20.98
595;5;18;89.874;1.9
596;5;19;23.89;19.35
597;5;19;18.39;2.12
598;5;20;23.397;9.85
599;5;21;28.348;8.35
600;5;21;28.398;23.01
601;5;22;9.975;10.79
602;5;22;7.604;6.99
603;5;23;14.887;12.52
604;5;24;66.918;1.77
605;5;24;52.064;21.93
606;5;25;3.72;8.87
607;5;25;4.149;11.52
608;5;26;11.84;10.71
609;5;26;12.773;13.15
610;5;27;53.422;19.28
611;5;28;10.056;6.86
612;5;29;25.001;12.77
613;5;29;30.703;19.46
614;5;30;6.171;16.59
615;5;30;5.509;11.14
616;5;31;71.038;7.97
617;5;31;55.274;8.25
618;5;32;12.678;3.68
619;5;32;11.84;20.17
620;5;32;10.081;21.13
621;5;33;27.548;1.65
622;5;33;26.079;23.49
623;5;33;33.626;1.17
624;5;34;31.945;7.53
625;5;34;31.696;13.6
626;5;35;9.975;18.79
627;5;35;10.312;3.03
628;5;35;7.803;6.32
629;5;36;22.456;9.06
630;5;37;6.574;6.81
631;5;38;71.122;2.06
632;5;38;54.479;8.75
633;5;38;62.227;8.62
634;5;39;44.241;4.8
635;5;39;33.542;6.36
636;5;40;22.698;17.1
637;5;40;23.619;7.41
638;5;41;87.759;8.04
639;5;41;71.957;22.4
640;5;41;93.021;18.78
641;5;42;22.563;14.86
642;5;43;66.092;9.97
643;5;44;7.652;18.14
644;5;45;30.763;16.41
645;5;45;28.64;22.86
646;5;45;30.652;10.98
647;5;46;13.779;20.61
648;5;46;17.066;11.43
649;5;46;16.397;18.11
650;5;47;38.963;17.46
651;5;48;51.71;4.77
652;5;48;58.746;12.49
653;5;49;38.269;10.1
654;5;49;40.152;7.2
655;5;50;11.284;3.27
656;5;51;23.811;5.49
657;5;51;19.556;10.27
658;5;51;20.824;11.1
659;5;52;30.687;4.06
660;5;52;34.505;0.13
661;5;52;32.13;15.36
662;5;53;17.196;7.09
663;5;53;19.799;0.7
664;5;54;13.52;2.87
665;5;54;15.662;16.0
666;5;55;8.509;2.58
667;5;55;10.21;11.32
668;5;56;77.863;5.92
669;5;56;75.066;10.42
670;5;57;51.699;1.17
671;5;58;35.588;2.36
672;5;58;40.745;15.72
673;5;59;8.647;17.66
674;5;59;8.096;18.26
675;5;59;7.456;10.87
676;6;7;53.504;16.48
677;6;7;47.169;17.7
678;6;8;60.469;7.99
679;6;8;49.922;6.82
680;6;8;56.27;8.57
681;6;9;50.384;11.39
682;6;9;51.065;6.34
683;6;10;45.108;8.22
684;6;11;73.587;23.21
685;6;11;68.999;0.84
686;6;11;67.214;18.89
687;6;12;9.76;16.33
688;6;12;10.912;5.53
689;6;12;12.197;4.37
690;6;13;18.721;2.35
691;6;14;47.972;23.31
692;6;15;57.108;17.15
693;6;15;44.531;9.58
694;6;15;69.492;21.32
695;6;16;45.512;3.45
696;6;16;43.327;14.07
697;6;17;35.398;10.81
698;6;17;40.338;19.02
699;6;18;103.777;2.2
700;6;19;43.017;19.85
701;6;20;60.087;12.08
702;6;20;71.521;24.51
703;6;20;70.756;8.93
704;6;21;52.055;22.98
705;6;22;45.992;23.13
706;6;22;54.756;14.92
707;6;22;53.419;18.1
708;6;23;44.149;24.26
709;6;24;84.661;2.25
710;6;25;36.867;15.81
711;6;25;33.386;21.1
712;6;26;44.999;24.84
713;6;26;51.811;7.78
714;6;27;73.841;14.42
715;6;27;75.089;4.03
716;6;28;46.414;7.66
717;6;28;41.187;3.15
718;6;28;41.6;5.4
719;6;29;48.832;22.24
720;6;29;55.712;7.25
721;6;30;32.067;19.55
722;6;31;107.715;14.94
723;6;31;126.211;16.05
724;6;31;113.419;22.56
725;6;32;49.364;16.17
726;6;32;47.178;9.33
727;6;32;59.941;12.95
728;6;33;59.458;15.62
729;6;33;56.306;15.89
730;6;34;14.458;7.02
731;6;34;13.562;14.64
732;6;34;12.106;18.75
733;6;35;45.992;8.24
734;6;35;45.429;5.77
735;6;36;41.229;19.51
736;6;37;35.025;23.94
737;6;37;37.754;17.11
738;6;37;42.145;13.28
739;6;38;94.2;1.13
740;6;39;80.908;3.73
741;6;40;45.434;5.97
742;6;41;123.244;8.29
743;6;41;149.422;19.74
744;6;41;130.392;7.54
745;6;42;44.765;15.06
746;6;43;102.722;9.92
747;6;43;117.844;11.97
748;6;44;42.419;16.91
749;6;44;38.772;17.55
750;6;44;38.139;14.92
751;6;45;55.097;4.44
752;6;45;56.779;1.77
753;6;45;65.76;1.78
754;6;46;50.429;16.02
755;6;47;10.592;19.35
756;6;47;12.961;10.65
757;6;47;11.935;15.48
758;6;48;66.208;13.73
759;6;48;63.581;24.72
760;6;48;63.246;13.52
761;6;49;2.288;15.01
762;6;49;1.939;6.82
763;6;49;2.648;7.99
764;6;50;47.294;23.56
765;6;50;57.02;18.2
766;6;51;48.153;2.48
767;6;51;47.13;6.07
768;6;52;8.742;14.15
769;6;53;53.875;5.43
770;6;53;54.362;8.16
771;6;53;50.619;11.83
772;6;54;50.197;9.69
773;6;54;55.83;9.49
774;6;55;40.279;7.44
775;6;56;93.718;7.92
776;6;57;88.145;18.44
777;6;57;98.971;19.18
778;6;57;99.982;8.58
779;6;58;56.245;14.15
780;6;58;50.797;2.61
781;6;59;28.285;6.75
782;7;8;33.419;8.61
783;7;8;25.159;2.98
784;7;9;29.967;23.84
785;7;10;29.973;1.92
786;7;10;33.135;22.82
787;7;10;35.571;7.37
788;7;11;46.181;23.91
789;7;11;45.632;8.56
790;7;12;49.291;21.69
791;7;13;54.245;15.93
792;7;13;66.425;4.15
793;7;13;44.563;15.43
794;7;14;9.975;0.94
795;7;14;8.758;7.22
796;7;15;19.858;24.38
797;7;15;15.898;6.73
798;7;15;17.23;3.78
799;7;16;27.071;12.89
800;7;16;29.746;17.17
801;7;17;27.463;3.26
802;7;17;20.71;7.37
803;7;18;57.641;10.65
804;7;18;53.873;24.24
805;7;18;68.428;4.58
806;7;19;10.686;6.89
807;7;20;36.182;17.48
808;7;20;32.404;10.65
809;7;21;4.411;7.88
810;7;22;27.657;17.71
811;7;22;34.566;1.83
812;7;23;17.667;24.34
813;7;24;34.854;5.99
814;7;24;42.368;24.44
815;7;25;35.886;7.24
816;7;25;28.365;12.94
817;7;26;22.291;24.68
818;7;27;21.784;17.45
819;7;27;24.193;24.89
820;7;28;28.847;0.36
821;7;28;28.542;7.2
822;7;28;29.327;16.36
823;7;29;7.264;5.77
824;7;30;29.991;4.69
825;7;30;35.766;13.85
826;7;31;70.732;8.02
827;7;31;77.414;2.57
828;7;32;32.631;8.26
829;7;33;17.743;24.95
830;7;33;18.225;23.58
831;7;33;16.735;13.6
832;7;34;40.666;24.75
833;7;35;27.657;1.55
834;7;36;12.572;1.28
835;7;36;12.963;6.44
836;7;36;15.715;5.21
837;7;37;38.752;5.31
838;7;38;41.27;18.96
839;7;38;35.751;9.93
840;7;38;41.598;19.86
841;7;39;50.588;6.93
842;7;40;9.785;1.53
843;7;41;77.35;14.18
844;7;42;10.142;11.86
845;7;42;9.203;20.28
846;7;43;69.654;4.24
847;7;43;79.129;22.21
848;7;43;65.379;15.84
849;7;44;26.148;21.0
850;7;44;25.195;2.22
851;7;44;25.621;13.04
852;7;45;4.41;18.33
853;7;45;5.207;0.57
854;7;46;31.148;0.68
855;7;46;29.377;16.03
856;7;47;48.768;2.69
857;7;47;37.332;11.64
858;7;48;19.964;11.78
859;7;48;24.633;0.63
860;7;49;55.748;14.89
861;7;49;45.655;24.86
862;7;49;56.895;2.15
863;7;50;36.161;7.89
864;7;51;8.465;8.61
865;7;51;10.21;16.75
866;7;51;7.737;2.81
867;7;52;52.326;18.43
868;7;52;58.296;14.26
869;7;52;62.424;20.63
870;7;53;32.548;5.88
871;7;53;26.113;12.62
872;7;54;33.071;14.47
873;7;54;38.641;16.44
874;7;55;39.788;18.31
875;7;55;46.496;13.16
876;7;56;45.674;15.37
877;7;56;42.235;9.97
878;7;56;48.787;22.86
879;7;57;50.533;0.57
880;7;58;3.37;16.74
881;7;59;36.549;19.25
882;7;59;42.524;7.18
883;8;9;10.085;17.84
884;8;10;15.372;10.42
885;8;10;13.947;9.08
886;8;11;14.501;17.31
887;8;12;61.754;7.17
888;8;12;71.243;11.19
889;8;13;50.168;13.36
890;8;13;62.232;12.9
891;8;13;50.575;0.52
892;8;14;25.644;2.08
893;8;14;31.528;1.86
894;8;15;53.228;15.07
895;8;16;15.208;14.3
896;8;16;18.663;21.14
897;8;16;18.266;9.83
898;8;17;25.526;9.09
899;8;18;85.235;20.03
900;8;19;32.326;6.87
901;8;19;26.038;10.48
902;8;19;32.099;24.84
903;8;20;3.361;15.27
904;8;20;2.935;11.17
905;8;20;3.547;4.13
906;8;21;29.21;23.22
907;8;21;24.841;19.65
908;8;21;26.408;24.33
909;8;22;14.627;10.28
910;8;22;16.582;14.88
911;8;23;21.551;7.55
912;8;23;25.991;11.85
913;8;23;24.673;3.46
914;8;24;61.687;7.59
915;8;24;70.888;2.14
916;8;25;24.63;20.65
917;8;25;23.064;17.3
918;8;25;19.604;14.37
919;8;26;17.568;7.19
920;8;27;48.168;2.29
921;8;28;14.075;22.0
922;8;28;12.317;10.81
923;8;28;13.382;5.45
924;8;29;28.044;14.22
925;8;29;24.792;9.13
926;8;30;28.573;14.82
927;8;30;26.608;4.08
928;8;31;47.29;8.78
929;8;32;11.546;6.84
930;8;32;13.293;8.3
931;8;32;11.905;4.05
932;8;33;17.085;4.18
933;8;34;53.966;24.96
934;8;34;56.522;5.6
935;8;34;63.38;6.34
936;8;35;14.627;4.49
937;8;35;16.183;21.54
938;8;35;17.674;2.76
939;8;36;32.276;12.62
940;8;36;35.261;4.11
941;8;36;30.455;16.02
942;8;37;27.476;12.01
943;8;38;60.565;23.79
944;8;38;49.71;23.91
945;8;38;51.799;12.67
946;8;39;21.106;14.39
947;8;39;22.25;3.8
948;8;40;28.693;24.17
949;8;40;33.833;8.24
950;8;40;29.557;0.94
951;8;41;64.423;11.29
952;8;41;60.535;0.23
953;8;42;29.198;20.6
954;8;43;42.91;2.46
955;8;43;46.821;4.89
956;8;44;18.504;18.36
957;8;44;22.757;16.65
958;8;45;29.451;23.35
959;8;46;10.121;1.03
960;8;47;61.686;7.22
961;8;47;66.646;19.75
962;8;47;67.669;9.44
963;8;48;52.053;3.05
964;8;48;41.023;24.09
965;8;49;62.109;0.37
966;8;49;55.66;8.09
967;8;49;56.324;2.85
968;8;50;15.178;22.92
969;8;50;15.482;9.41
970;8;50;13.088;5.23
971;8;51;27.211;19.73
972;8;52;54.542;10.89
973;8;53;6.858;17.42
974;8;54;10.847;17.73
975;8;54;10.393;18.09
976;8;55;23.627;0.14
977;8;56;72.833;9.1
978;8;56;75.859;13.82
979;8;57;27.834;20.12
980;8;57;24.851;9.75
981;8;57;34.194;24.49
982;8;58;35.754;5.23
983;8;58;33.166;8.6
984;8;58;42.919;19.06
985;8;59;32.509;19.87
986;9;10;5.307;21.45
987;9;10;4.913;0.52
988;9;10;4.084;5.63
989;9;11;23.888;19.07
990;9;12;51.814;11.15
991;9;12;60.971;15.42
992;9;12;60.777;22.73
993;9;13;40.599;21.78
994;9;13;41.994;14.12
995;9;13;49.949;18.73
996;9;14;20.552;23.38
997;9;14;23.301;11.51
998;9;14;21.121;21.89
999;9;15;48.924;23.52
1000;9;15;55.41;15.79
1001;9;15;43.909;4.72
1002;9;16;5.468;0.63
1003;9;16;6.283;6.45
1004;9;17;15.606;10.51
1005;9;17;18.827;21.02
1006;9;18;85.65;4.89
1007;9;18;87.587;5.5
1008;9;19;25.88;13.34
1009;9;19;30.194;0.02
1010;9;19;21.05;3.7
1011;9;20;10.181;12.73
1012;9;20;9.384;8.99
1013;9;20;11.301;18.8
1014;9;21;25.556;24.33
1015;9;21;24.796;21.72
1016;9;22;4.777;23.82
1017;9;22;4.798;8.29
1018;9;22;4.361;7.3
1019;9;23;14.254;2.44
1020;9;23;13.332;20.91
1021;9;24;62.08;19.92
1022;9;24;51.358;1.0
1023;9;25;14.979;14.89
1024;9;25;16.036;7.74
1025;9;25;12.496;20.8
1026;9;26;9.29;24.4
1027;9;26;9.093;13.64
1028;9;26;10.733;5.32
1029;9;27;48.284;19.14
1030;9;27;53.555;10.7
1031;9;28;4.023;21.74
1032;9;28;4.295;21.74
1033;9;29;23.312;19.69
1034;9;30;18.534;1.69
1035;9;31;57.363;10.18
1036;9;32;3.09;22.69
1037;9;33;17.99;22.1
1038;9;33;15.516;5.51
1039;9;33;15.154;6.84
1040;9;34;44.188;6.34
1041;9;35;4.777;18.52
1042;9;36;25.339;1.19
1043;9;36;19.979;7.49
1044;9;36;20.942;24.16
1045;9;37;18.056;8.38
1046;9;37;22.291;3.32
1047;9;38;63.438;15.38
1048;9;39;30.906;13.1
1049;9;39;34.2;5.12
1050;9;40;22.821;22.59
1051;9;40;26.419;1.28
1052;9;40;26.576;19.94
1053;9;41;74.04;18.52
1054;9;42;23.133;16.29
1055;9;43;52.787;0.69
1056;9;44;8.778;17.52
1057;9;45;26.818;20.79
1058;9;45;27.865;9.19
1059;9;46;1.197;14.14
1060;9;46;1.021;8.76
1061;9;47;51.773;21.36
1062;9;47;58.697;9.63
1063;9;47;54.267;5.37
1064;9;48;49.773;3.93
1065;9;49;52.029;4.21
1066;9;50;7.57;13.06
1067;9;50;9.202;8.29
1068;9;51;22.231;17.24
1069;9;51;18.803;19.39
1070;9;52;44.539;19.89
1071;9;53;3.907;15.09
1072;9;53;3.284;17.75
1073;9;53;3.648;14.38
1074;9;54;3.218;1.66
1075;9;54;2.853;19.09
1076;9;55;15.107;8.81
1077;9;56;73.294;17.43
1078;9;56;55.107;24.11
1079;9;57;37.854;8.71
1080;9;58;32.902;15.5
1081;9;58;31.923;10.56
1082;9;59;22.496;3.51
1083;9;59;20.341;21.11
1084;10;11;28.859;23.78
1085;10;11;34.248;10.37
1086;10;12;46.758;14.76
1087;10;13;35.483;19.96
1088;10;14;20.072;21.78
1089;10;14;17.263;23.76
1090;10;15;47.93;9.93
1091;10;15;51.002;22.54
1092;10;16;2.93;13.42
1093;10;16;2.198;24.62
1094;10;16;2.255;13.98
1095;10;17;10.748;13.73
1096;10;18;86.899;17.42
1097;10;19;24.083;16.36
1098;10;19;28.532;20.47
1099;10;19;21.147;21.42
1100;10;20;15.151;4.04
1101;10;21;25.659;21.46
1102;10;22;2.493;8.13
1103;10;22;2.395;17.11
1104;10;22;1.922;7.22
1105;10;23;12.704;21.39
1106;10;24;63.49;2.84
1107;10;25;9.971;17.86
1108;10;26;7.711;22.8
1109;10;26;8.83;24.54
1110;10;27;49.732;1.24
1111;10;27;50.009;21.94
1112;10;27;39.15;6.19
1113;10;28;1.755;0.17
1114;10;29;22.87;7.46
1115;10;30;13.413;13.72
1116;10;31;62.614;18.98
1117;10;31;73.963;15.05
1118;10;32;4.784;0.15
1119;10;33;20.993;20.03
1120;10;33;21.712;4.02
1121;10;33;16.82;0.82
1122;10;34;39.311;11.0
1123;10;34;37.683;17.29
1124;10;35;2.493;8.95
1125;10;36;23.19;9.81
1126;10;37;13.189;6.6
1127;10;37;11.672;20.82
1128;10;38;66.028;22.76
1129;10;38;60.55;6.48
1130;10;38;82.15;12.11
1131;10;39;36.006;8.46
1132;10;39;44.088;14.09
1133;10;40;21.618;3.62
1134;10;40;21.124;24.84
1135;10;40;23.283;13.18
1136;10;41;79.27;13.81
1137;10;41;84.481;4.91
1138;10;41;91.385;1.49
1139;10;42;21.767;9.4
1140;10;43;57.892;5.02
1141;10;44;4.84;1.86
1142;10;45;27.449;24.94
1143;10;46;5.349;9.95
1144;10;46;5.681;8.12
1145;10;47;46.746;6.2
1146;10;48;49.936;22.18
1147;10;49;46.738;16.17
1148;10;50;6.364;20.4
1149;10;51;21.696;23.6
1150;10;51;23.585;9.16
1151;10;51;19.026;19.66
1152;10;52;39.235;12.74
1153;10;52;41.485;17.02
1154;10;52;44.752;21.11
1155;10;53;8.83;24.16
1156;10;54;5.652;0.55
1157;10;54;4.588;6.78
1158;10;55;11.204;1.88
1159;10;55;13.171;23.69
1160;10;56;74.643;24.89
1161;10;56;87.686;21.02
1162;10;57;43.161;5.96
1163;10;57;42.691;5.87
1164;10;57;39.279;10.44
1165;10;58;33.145;7.36
1166;10;58;37.271;20.02
1167;10;58;34.773;24.87
1168;10;59;17.194;3.2
1169;11;12;75.617;15.95
1170;11;13;61.384;13.91
1171;11;14;39.493;8.78
1172;11;14;47.881;9.94
1173;11;15;65.986;4.73
1174;11;15;75.55;4.48
1175;11;16;29.303;10.74
1176;11;16;34.547;14.33
1177;11;17;39.479;16.35
1178;11;18;93.102;14.72
1179;11;18;76.487;16.27
1180;11;19;46.477;14.73
1181;11;19;37.639;16.3
1182;11;19;34.877;22.07
1183;11;20;13.725;6.7
1184;11;20;13.239;0.77
1185;11;20;15.395;10.22
1186;11;21;42.271;14.59
1187;11;22;28.647;2.75
1188;11;23;36.011;17.61
1189;11;23;40.425;16.34
1190;11;24;70.123;5.9
1191;11;24;84.529;20.01
1192;11;24;85.355;19.72
1193;11;25;36.838;5.18
1194;11;25;39.205;8.09
1195;11;26;32.05;0.44
1196;11;26;39.091;11.5
1197;11;26;28.925;15.07
1198;11;27;57.399;4.09
1199;11;28;27.879;11.16
1200;11;28;34.641;4.98
1201;11;29;41.666;16.41
1202;11;29;33.571;16.06
1203;11;29;31.736;2.51
1204;11;30;42.272;0.49
1205;11;31;34.657;4.54
1206;11;32;24.314;18.16
1207;11;33;28.594;3.58
1208;11;33;28.293;0.82
1209;11;33;34.995;22.0
1210;11;34;68.074;19.32
1211;11;34;52.077;23.38
1212;11;35;28.647;22.44
1213;11;36;46.565;4.0
1214;11;37;39.149;19.23
1215;11;37;35.696;8.77
1216;11;38;66.005;1.8
1217;11;38;54.117;6.21
1218;11;38;51.277;9.31
1219;11;39;7.444;23.99
1220;11;39;5.873;3.53
1221;11;39;8.183;16.45
1222;11;40;42.726;16.3
1223;11;40;34.19;22.86
1224;11;41;55.48;10.69
1225;11;41;69.307;22.97
1226;11;42;43.283;24.93
1227;11;42;39.19;8.23
1228;11;43;29.136;6.41
1229;11;44;32.631;8.21
1230;11;44;37.754;11.09
1231;11;44;32.693;5.02
1232;11;45;41.918;4.36
1233;11;45;41.345;1.98
1234;11;46;23.543;15.67
1235;11;46;26.802;24.45
1236;11;47;75.602;11.06
1237;11;48;63.342;20.73
1238;11;49;75.07;20.07
1239;11;49;78.196;10.33
1240;11;49;90.379;14.52
1241;11;50;26.448;14.79
1242;11;50;27.83;1.13
1243;11;50;32.366;7.08
1244;11;51;40.964;0.18
1245;11;52;67.007;18.49
1246;11;52;77.958;23.38
1247;11;53;20.066;0.5
1248;11;54;23.458;19.25
1249;11;54;21.816;2.85
1250;11;54;25.717;18.72
1251;11;55;34.38;3.01
1252;11;55;42.137;22.43
1253;11;55;26.478;15.16
1254;11;56;80.897;11.38
1255;11;57;18.077;16.61
1256;11;57;20.788;19.23
1257;11;58;48.04;21.05
1258;11;59;45.309;24.03
1259;12;13;27.076;18.28
1260;12;14;45.399;22.85
1261;12;14;37.624;19.77
1262;12;14;42.054;23.75
1263;12;15;49.934;1.02
1264;12;16;46.546;7.45
1265;12;17;36.232;23.76
1266;12;18;96.25;17.34
1267;12;19;39.399;22.8
1268;12;19;44.069;18.98
1269;12;20;61.902;18.36
1270;12;20;60.957;10.68
1271;12;20;64.369;1.81
1272;12;21;48.597;20.62
1273;12;21;60.17;22.61
1274;12;21;40.411;3.39
1275;12;22;47.138;4.89
1276;12;22;42.944;23.45
1277;12;22;38.68;12.19
1278;12;23;43.076;19.15
1279;12;24;78.233;24.35
1280;12;24;77.26;2.39
1281;12;24;80.556;18.3
1282;12;25;39.983;14.25
1283;12;26;45.011;21.62
1284;12;27;68.337;2.37
1285;12;27;55.006;23.97
1286;12;27;67.674;9.97
1287;12;28;47.793;4.05
1288;12;28;43.069;19.24
1289;12;28;49.344;2.95
1290;12;29;45.714;1.81
1291;12;30;33.346;18.43
1292;12;30;36.562;7.59
1293;12;30;40.212;3.99
1294;12;31;108.905;15.16
1295;12;31;130.273;12.04
1296;12;32;51.362;6.15
1297;12;32;43.979;8.28
1298;12;32;39.615;10.34
1299;12;33;57.987;10.85
1300;12;34;8.722;1.09
1301;12;34;9.475;9.94
1302;12;34;8.067;19.2
1303;12;35;47.138;2.07
1304;12;35;47.231;5.95
1305;12;36;37.798;7.13
1306;12;36;45.759;8.73
1307;12;36;39.941;7.26
1308;12;37;38.857;22.79
1309;12;38;88.825;9.23
1310;12;38;70.218;24.73
1311;12;38;71.985;2.73
1312;12;39;82.719;5.92
1313;12;39;79.49;20.96
1314;12;39;99.945;10.65
1315;12;40;42.419;18.59
1316;12;41;122.504;18.25
1317;12;41;103.262;0.73
1318;12;41;110.694;3.34
1319;12;42;41.697;12.35
1320;12;42;41.625;7.01
1321;12;43;104.601;2.08
1322;12;43;97.33;13.17
1323;12;44;43.259;11.09
1324;12;44;32.66;0.74
1325;12;44;43.608;17.09
1326;12;45;51.562;3.06
1327;12;46;52.082;24.09
1328;12;46;58.429;19.56
1329;12;46;61.198;18.65
1330;12;47;0.866;11.76
1331;12;47;0.868;20.67
1332;12;47;1.038;9.87
1333;12;48;59.672;23.46
1334;12;49;11.417;19.58
1335;12;49;10.573;10.34
1336;12;50;50.094;4.1
1337;12;50;58.59;14.7
1338;12;51;45.243;11.72
1339;12;51;41.19;21.45
1340;12;52;17.231;18.62
1341;12;52;14.862;0.32
1342;12;53;55.565;3.49
1343;12;54;52.231;20.38
1344;12;54;62.976;12.69
1345;12;55;44.173;20.74
1346;12;55;49.392;20.33
1347;12;55;54.865;1.6
1348;12;56;86.713;12.3
1349;12;57;88.799;6.64
1350;12;58;51.67;21.68
1351;12;59;31.387;22.93
1352;12;59;30.188;0.78
1353;13;14;46.063;21.73
1354;13;15;63.856;1.07
1355;13;16;37.002;10.31
1356;13;16;30.795;1.45
1357;13;17;28.971;24.89
1358;13;17;32.599;20.82
1359;13;18;109.833;16.71
1360;13;18;92.951;21.16
1361;13;19;43.764;18.1
1362;13;19;52.485;11.96
1363;13;19;42.543;23.93
1364;13;20;48.874;19.3
1365;13;20;41.432;7.77
1366;13;20;51.394;24.2
1367;13;21;51.433;24.94
1368;13;21;59.218;1.48
1369;13;22;37.21;23.15
1370;13;22;41.029;5.53
1371;13;22;40.136;22.02
1372;13;23;39.848;14.38
1373;13;23;49.258;5.84
1374;13;23;33.206;21.85
1375;13;24;88.461;21.87
1376;13;24;90.711;5.94
1377;13;24;91.295;10.63
1378;13;25;25.626;3.76
1379;13;25;22.671;5.74
1380;13;25;27.633;19.96
1381;13;26;38.502;6.41
1382;13;27;75.973;5.38
1383;13;27;84.84;18.36
1384;13;27;57.599;12.32
1385;13;28;37.142;11.39
1386;13;28;44.572;13.93
1387;13;28;33.803;1.9
1388;13;29;47.882;14.5
1389;13;29;39.816;2.38
1390;13;29;59.236;3.23
1391;13;30;25.585;24.34
1392;13;30;31.242;9.39
1393;13;31;96.041;20.02
1394;13;31;94.598;2.12
1395;13;32;38.631;19.35
1396;13;32;31.605;2.02
1397;13;32;39.701;6.78
1398;13;33;54.329;1.94
1399;13;34;26.588;2.13
1400;13;34;27.103;23.09
1401;13;35;37.21;1.94
1402;13;35;39.688;22.24
1403;13;36;41.877;24.09
1404;13;37;22.692;5.22
1405;13;37;23.038;18.35
1406;13;38;95.326;11.4
1407;13;38;98.179;7.17
1408;13;38;80.274;18.57
1409;13;39;68.826;18.14
1410;13;40;44.693;14.34
1411;13;41;114.568;9.64
1412;13;41;142.352;2.63
1413;13;42;44.213;0.16
1414;13;42;48.983;0.69
1415;13;42;45.302;23.48
1416;13;43;90.045;0.51
1417;13;44;34.699;8.25
1418;13;44;40.561;11.94
1419;13;45;54.347;16.25
1420;13;45;49.216;20.76
1421;13;46;40.228;4.67
1422;13;46;44.465;13.88
1423;13;47;27.723;16.0
1424;13;48;70.996;15.14
1425;13;48;64.33;9.31
1426;13;48;86.31;7.47
1427;13;49;18.71;17.01
1428;13;49;15.697;18.1
1429;13;49;18.031;7.83
1430;13;50;35.297;19.43
1431;13;50;42.934;1.78
1432;13;51;46.875;8.71
1433;13;51;56.642;18.7
1434;13;51;56.42;22.24
1435;13;52;10.032;5.71
1436;13;52;9.941;11.0
1437;13;52;9.561;15.59
1438;13;53;43.312;18.92
1439;13;53;38.369;8.2
1440;13;53;52.077;1.87
1441;13;54;39.322;1.52
1442;13;54;47.956;20.14
1443;13;54;42.909;21.02
1444;13;55;27.034;8.24
1445;13;55;27.403;17.9
1446;13;56;98.653;18.25
1447;13;56;114.528;20.67
1448;13;56;114.786;10.77
1449;13;57;77.783;23.0
1450;13;58;57.482;22.28
1451;13;58;64.437;23.27
1452;13;58;70.962;12.69
1453;13;59;19.222;12.12
1454;13;59;21.886;12.47
1455;14;15;28.38;16.63
1456;14;15;27.258;20.38
1457;14;15;24.052;15.68
1458;14;16;17.198;13.81
1459;14;16;20.579;3.08
1460;14;17;18.034;13.39
1461;14;18;67.493;24.83
1462;14;18;67.116;18.91
1463;14;19;7.406;10.19
1464;14;20;27.982;17.62
1465;14;20;29.366;15.42
1466;14;21;5.893;8.63
1467;14;22;17.815;5.39
1468;14;23;7.708;1.44
1469;14;23;7.555;17.35
1470;14;23;5.996;16.64
1471;14;24;44.461;23.09
1472;14;25;26.057;9.71
1473;14;25;28.799;19.1
1474;14;25;27.159;16.0
1475;14;26;12.365;7.46
1476;14;27;31.01;8.12
1477;14;28;19.032;1.71
1478;14;29;2.805;15.66
1479;14;29;3.336;22.85
1480;14;30;20.912;8.48
1481;14;31;67.603;2.61
1482;14;31;80.953;4.93
1483;14;31;65.005;17.01
1484;14;32;23.02;4.44
1485;14;32;26.176;18.61
1486;14;32;20.276;21.89
1487;14;33;13.514;1.45
1488;14;33;14.585;19.46
1489;14;33;15.558;22.31
1490;14;34;36.695;8.93
1491;14;34;38.741;20.43
1492;14;34;42.058;15.77
1493;14;35;17.815;24.73
1494;14;36;8.231;2.11
1495;14;37;29.019;2.58
1496;14;37;32.592;7.87
1497;14;38;49.42;12.11
1498;14;39;44.869;3.59
1499;14;39;36.248;5.87
1500;14;39;41.036;16.99
1501;14;40;3.504;18.32
1502;14;41;77.694;2.53
1503;14;41;93.817;13.44
1504;14;42;4.209;6.43
1505;14;43;65.343;22.71
1506;14;44;16.173;22.64
1507;14;44;13.119;7.73
1508;14;45;8.447;7.0
1509;14;46;21.699;15.91
1510;14;47;45.02;6.55
1511;14;48;29.895;23.41
1512;14;48;25.21;5.9
1513;14;49;50.115;18.9
1514;14;49;54.487;6.02
1515;14;49;51.359;21.31
1516;14;50;26.329;24.32
1517;14;50;26.761;0.26
1518;14;50;25.34;16.95
1519;14;51;1.678;15.5
1520;14;51;1.988;15.23
1521;14;52;45.454;23.64
1522;14;53;23.529;14.2
1523;14;54;23.534;24.68
1524;14;54;26.408;16.46
1525;14;55;29.834;16.38
1526;14;56;55.425;16.62
1527;14;56;60.718;18.18
1528;14;57;47.031;17.77
1529;14;57;45.709;24.05
1530;14;58;13.258;13.74
1531;14;59;27.562;7.6
1532;15;16;45.195;1.6
1533;15;16;50.332;15.38
1534;15;16;53.377;14.59
1535;15;17;42.406;14.12
1536;15;18;46.711;18.89
1537;15;19;24.134;4.09
1538;15;19;19.572;21.21
1539;15;20;55.908;22.58
1540;15;21;24.021;18.74
1541;15;21;19.758;2.54
1542;15;22;45.875;1.42
1543;15;22;52.943;20.29
1544;15;22;37.216;15.3
1545;15;23;35.236;14.88
1546;15;23;35.67;15.84
1547;15;24;28.838;23.36
1548;15;24;25.926;19.08
1549;15;24;34.819;2.66
1550;15;25;51.604;2.1
1551;15;25;53.599;17.56
1552;15;26;40.323;20.28
1553;15;27;22.443;6.56
1554;15;28;47.122;4.24
1555;15;29;25.655;2.15
1556;15;29;26.722;5.56
1557;15;29;28.011;18.79
1558;15;30;43.814;1.5
1559;15;30;33.469;24.62
1560;15;30;44.0;18.55
1561;15;31;88.529;19.09
1562;15;31;108.591;11.8
1563;15;32;51.304;20.07
1564;15;32;39.743;7.92
1565;15;33;37.429;14.52
1566;15;33;28.951;3.03
1567;15;34;42.68;24.66
1568;15;34;44.248;7.99
1569;15;35;45.875;5.12
1570;15;36;25.455;12.66
1571;15;37;53.895;13.08
1572;15;37;43.44;4.29
1573;15;37;54.266;20.83
1574;15;38;41.633;12.93
1575;15;38;31.911;23.11
1576;15;38;48.01;21.19
1577;15;39;70.128;17.85
1578;15;39;73.29;22.9
1579;15;40;26.323;10.48
1580;15;40;28.935;10.39
1581;15;41;91.357;1.59
1582;15;41;90.274;16.39
1583;15;41;81.848;19.19
1584;15;42;26.164;22.46
1585;15;43;88.328;2.96
1586;15;43;102.144;6.69
1587;15;44;43.48;16.9
1588;15;45;24.068;15.63
1589;15;45;19.66;8.23
1590;15;46;50.062;16.42
1591;15;46;43.187;6.07
1592;15;46;51.206;1.14
1593;15;47;49.181;5.83
1594;15;48;10.835;3.46
1595;15;49;59.369;17.91
1596;15;50;54.29;17.72
1597;15;50;54.902;22.9
1598;15;51;26.702;3.32
1599;15;52;58.954;3.83
1600;15;52;67.13;20.49
1601;15;53;51.87;0.3
1602;15;53;45.277;2.86
1603;15;54;51.859;9.63
1604;15;54;49.4;11.51
1605;15;55;56.234;5.77
1606;15;55;43.495;13.67
1607;15;56;36.779;2.58
1608;15;56;45.86;16.79
1609;15;57;68.942;0.22
1610;15;57;85.752;7.41
1611;15;58;18.045;24.54
1612;15;58;21.519;19.47
1613;15;59;49.508;22.31
1614;15;59;42.299;16.12
1615;15;59;45.467;11.46
1616;16;17;10.322;24.73
1617;16;18;83.972;9.05
1618;16;19;21.505;9.83
1619;16;20;15.628;24.14
1620;16;20;18.912;0.97
1621;16;21;22.745;22.24
1622;16;21;17.987;23.98
1623;16;21;26.843;17.03
1624;16;22;0.76;20.15
1625;16;23;9.969;15.17
1626;16;24;60.572;7.71
1627;16;25;11.952;0.62
1628;16;25;12.742;19.78
1629;16;26;4.879;3.45
1630;16;26;4.722;20.79
1631;16;27;46.819;1.23
1632;16;27;55.029;21.6
1633;16;27;55.291;15.65
1634;16;28;1.983;4.34
1635;16;29;20.0;11.69
1636;16;30;13.464;19.89
1637;16;30;13.704;13.62
1638;16;30;13.487;12.53
1639;16;31;62.439;16.84
1640;16;31;59.777;24.52
1641;16;32;6.494;10.6
1642;16;32;5.648;18.99
1643;16;33;18.455;24.38
1644;16;33;14.369;11.1
1645;16;34;38.807;11.96
1646;16;35;0.76;2.82
1647;16;36;20.726;18.96
1648;16;36;20.749;14.05
1649;16;37;15.254;3.3
1650;16;38;63.257;0.9
1651;16;38;73.047;13.7
1652;16;38;65.409;23.39
1653;16;39;36.234;15.54
1654;16;39;44.591;2.92
1655;16;40;18.873;1.13
1656;16;40;19.972;22.41
1657;16;41;78.211;4.75
1658;16;41;89.009;13.87
1659;16;41;86.884;6.38
1660;16;42;19.06;22.91
1661;16;42;22.43;7.53
1662;16;42;20.006;4.93
1663;16;43;58.09;4.56
1664;16;43;67.752;23.19
1665;16;44;3.328;5.5
1666;16;44;2.71;18.39
1667;16;44;3.293;6.94
1668;16;45;24.519;16.16
1669;16;46;6.106;23.24
1670;16;47;46.48;12.69
1671;16;47;53.374;24.45
1672;16;48;47.035;15.53
1673;16;48;55.295;15.49
1674;16;49;47.239;16.73
1675;16;49;39.253;0.12
1676;16;49;56.767;12.57
1677;16;50;9.141;4.48
1678;16;51;18.835;8.51
1679;16;51;14.463;7.09
1680;16;51;18.414;8.72
1681;16;52;40.089;0.68
1682;16;52;34.671;6.27
1683;16;53;9.374;4.54
1684;16;53;8.09;24.32
1685;16;54;7.248;24.65
1686;16;54;6.195;23.97
1687;16;54;5.842;17.23
1688;16;55;13.896;10.4
1689;16;56;71.72;2.67
1690;16;56;68.726;22.11
1691;16;56;79.489;19.86
1692;16;57;42.64;23.65
1693;16;58;30.23;5.2
1694;16;58;28.154;8.87
1695;16;58;29.8;17.12
1696;16;59;18.196;10.78
1697;16;59;16.231;9.56
1698;17;18;85.017;21.91
1699;17;18;65.836;22.78
1700;17;18;93.916;4.31
1701;17;19;18.528;13.12
1702;17;19;16.428;4.54
1703;17;19;14.716;2.31
1704;17;20;25.756;24.44
1705;17;21;23.842;11.97
1706;17;21;19.723;20.4
1707;17;22;10.906;5.27
1708;17;22;9.836;4.58
1709;17;22;8.738;22.56
1710;17;23;11.015;13.34
1711;17;24;62.303;6.66
1712;17;24;58.807;8.3
1713;17;24;71.965;16.88
1714;17;25;9.237;7.56
1715;17;26;9.857;24.0
1716;17;27;48.998;4.13
1717;17;28;11.6;10.32
1718;17;28;12.746;23.69
1719;17;28;13.098;10.76
1720;17;29;20.363;4.75
1721;17;29;21.285;22.15
1722;17;29;23.002;19.53
1723;17;30;3.511;8.33
1724;17;31;72.753;20.29
1725;17;31;76.329;16.56
1726;17;31;78.545;16.37
1727;17;32;15.512;11.58
1728;17;32;15.905;0.06
1729;17;32;16.69;24.65
1730;17;33;25.458;2.41
1731;17;33;23.358;0.28
1732;17;34;28.603;20.59
1733;17;34;30.209;17.88
1734;17;34;28.891;6.77
1735;17;35;10.906;11.4
1736;17;35;9.073;5.61
1737;17;36;17.004;13.82
1738;17;36;12.947;7.64
1739;17;37;11.562;0.38
1740;17;37;10.92;14.69
1741;17;38;67.324;21.17
1742;17;38;80.907;2.22
1743;17;38;73.669;23.82
1744;17;39;46.506;1.7
1745;17;40;17.738;9.83
1746;17;40;16.803;17.18
1747;17;41;87.948;8.21
1748;17;41;92.918;7.75
1749;17;41;70.297;12.52
1750;17;42;17.511;1.83
1751;17;43;68.379;2.58
1752;17;43;75.57;24.38
1753;17;43;78.554;0.39
1754;17;44;7.079;4.58
1755;17;44;8.179;11.55
1756;17;45;26.476;8.45
1757;17;46;15.957;7.26
1758;17;46;17.234;12.82
1759;17;47;36.177;13.68
1760;17;47;41.292;11.24
1761;17;48;46.588;6.1
1762;17;48;49.41;19.33
1763;17;48;44.99;20.16
1764;17;49;37.204;23.41
1765;17;49;43.227;22.26
1766;17;50;15.536;6.7
1767;17;50;11.658;2.03
1768;17;50;16.64;8.72
1769;17;51;19.211;11.85
1770;17;51;15.459;21.65
1771;17;52;30.541;1.25
1772;17;53;19.418;10.85
1773;17;53;16.056;15.09
1774;17;53;19.137;22.3
1775;17;54;16.386;3.59
1776;17;55;14.133;4.19
1777;17;55;13.804;4.72
1778;17;56;73.127;2.28
1779;17;56;67.655;6.96
1780;17;57;52.865;0.76
1781;17;57;49.812;10.73
1782;17;58;30.833;9.25
1783;17;58;26.746;7.24
1784;17;58;31.479;0.69
1785;17;59;9.829;6.47
1786;18;19;66.937;7.33
1787;18;19;78.437;15.24
1788;18;20;88.556;9.29
1789;18;20;82.159;16.16
1790;18;21;61.618;5.72
1791;18;22;84.45;8.15
1792;18;22;67.151;0.14
1793;18;23;75.189;11.12
1794;18;23;92.313;1.63
1795;18;23;72.696;8.51
1796;18;24;23.616;18.65
1797;18;24;23.274;15.07
1798;18;24;21.268;0.19
1799;18;25;93.521;15.72
1800;18;25;91.862;24.12
1801;18;25;86.199;21.3
1802;18;26;79.454;17.36
1803;18;27;37.38;18.28
1804;18;27;38.365;22.31
1805;18;27;35.532;22.78
1806;18;28;85.535;19.47
1807;18;29;64.881;8.6
1808;18;30;87.307;17.23
1809;18;30;92.935;23.84
1810;18;30;82.127;21.35
1811;18;31;100.386;4.77
1812;18;32;88.638;17.06
1813;18;32;108.038;0.76
1814;18;32;72.428;18.33
1815;18;33;68.519;6.23
1816;18;34;89.327;2.42
1817;18;35;84.45;11.38
1818;18;36;68.717;15.63
1819;18;36;58.096;7.95
1820;18;37;96.388;15.37
1821;18;38;29.586;24.63
1822;18;38;29.837;0.71
1823;18;38;22.475;21.3
1824;18;39;93.798;3.64
1825;18;40;67.282;7.55
1826;18;40;52.393;9.26
1827;18;40;82.597;12.03
1828;18;41;89.77;20.99
1829;18;41;103.146;4.64
1830;18;42;67.512;15.57
1831;18;42;58.088;8.74
1832;18;43;104.258;7.29
1833;18;44;83.549;4.57
1834;18;44;74.089;4.66
1835;18;45;59.503;20.02
1836;18;46;86.837;16.94
1837;18;46;104.51;18.31
1838;18;47;95.462;7.42
1839;18;47;97.679;5.87
1840;18;47;97.004;0.99
1841;18;48;38.888;4.63
1842;18;49;106.029;15.51
1843;18;49;101.562;20.87
1844;18;50;92.705;4.86
1845;18;50;77.784;18.77
1846;18;51;66.075;18.0
1847;18;51;77.195;4.32
1848;18;51;61.281;9.52
1849;18;52;105.558;12.93
1850;18;52;95.795;23.89
1851;18;52;120.655;1.6
1852;18;53;87.17;19.28
1853;18;53;83.616;18.15
1854;18;54;88.868;14.78
1855;18;54;83.819;16.28
1856;18;55;97.279;0.35
1857;18;55;113.434;10.24
1858;18;56;12.409;9.68
1859;18;57;86.607;23.1
1860;18;57;79.842;4.36
1861;18;58;54.287;17.22
1862;18;58;49.368;10.74
1863;18;58;49.092;21.22
1864;18;59;93.673;12.61
1865;19;20;34.368;7.49
1866;19;20;36.396;18.77
1867;19;21;9.199;18.22
1868;19;22;22.227;16.42
1869;19;22;18.001;23.19
1870;19;22;21.526;17.82
1871;19;23;11.648;16.19
1872;19;23;10.384;18.53
1873;19;24;44.819;3.74
1874;19;24;55.933;1.8
1875;19;25;27.607;0.14
1876;19;25;34.109;15.2
1877;19;26;16.748;11.98
1878;19;27;32.227;1.1
1879;19;27;31.351;3.17
1880;19;27;39.334;19.63
1881;19;28;23.479;18.58
1882;19;28;22.402;20.15
1883;19;28;22.463;18.28
1884;19;29;6.556;0.94
1885;19;29;6.455;3.36
1886;19;29;6.147;1.53
1887;19;30;20.445;0.01
1888;19;30;24.44;2.42
1889;19;31;75.007;4.86
1890;19;31;63.372;10.71
1891;19;32;27.876;10.96
1892;19;33;20.863;18.66
1893;19;34;30.687;16.62
1894;19;34;29.982;21.75
1895;19;35;22.227;20.77
1896;19;35;20.241;1.96
1897;19;36;1.897;19.39
1898;19;36;2.204;17.29
1899;19;37;30.089;23.37
1900;19;38;51.946;13.07
1901;19;38;50.95;5.44
1902;19;39;52.081;12.53
1903;19;39;60.459;14.1
1904;19;39;56.516;24.41
1905;19;40;3.909;23.09
1906;19;40;3.491;14.95
1907;19;40;4.158;6.54
1908;19;41;84.631;2.47
1909;19;41;78.802;11.79
1910;19;41;78.604;1.33
1911;19;42;3.248;4.42
1912;19;42;2.663;7.37
1913;19;42;3.62;9.43
1914;19;43;72.712;9.96
1915;19;43;77.187;3.8
1916;19;43;77.433;15.04
1917;19;44;19.469;7.18
1918;19;45;12.186;16.16
1919;19;45;12.417;0.6
1920;19;45;13.369;2.14
1921;19;46;26.925;21.85
1922;19;46;23.083;2.62
1923;19;46;25.529;6.46
1924;19;47;38.943;17.97
1925;19;48;28.214;19.38
1926;19;48;23.798;9.97
1927;19;49;45.24;24.21
1928;19;50;30.433;15.89
1929;19;50;33.222;20.94
1930;19;51;6.471;0.55
1931;19;51;5.783;8.44
1932;19;52;41.641;20.85
1933;19;52;47.998;19.22
1934;19;53;29.299;21.18
1935;19;53;23.412;9.13
1936;19;54;28.531;17.61
1937;19;54;26.818;8.13
1938;19;55;32.128;5.74
1939;19;55;38.361;4.08
1940;19;55;24.172;18.75
1941;19;56;55.307;15.5
1942;19;56;68.753;4.04
1943;19;56;60.937;24.71
1944;19;57;54.436;18.82
1945;19;58;13.78;22.25
1946;19;59;26.736;22.92
1947;19;59;32.549;13.05
1948;19;59;27.427;12.17
1949;20;21;31.901;21.75
1950;20;21;26.074;12.78
1951;20;21;36.718;11.58
1952;20;22;14.954;14.91
1953;20;22;11.575;15.5
1954;20;23;23.195;13.46
1955;20;23;17.504;16.77
1956;20;24;64.996;17.46
1957;20;24;69.425;18.41
1958;20;25;23.636;7.64
1959;20;25;22.45;3.61
1960;20;25;19.93;17.99
1961;20;26;18.772;24.06
1962;20;26;22.173;12.8
1963;20;27;51.445;5.17
1964;20;28;14.157;10.97
1965;20;28;14.882;14.98
1966;20;29;30.495;9.76
1967;20;30;28.563;21.6
1968;20;30;28.118;5.23
1969;20;31;47.692;17.15
1970;20;32;10.724;2.74
1971;20;32;9.032;2.8
1972;20;33;20.283;17.77
1973;20;34;54.354;18.2
1974;20;34;48.015;21.01
1975;20;34;55.286;0.71
1976;20;35;14.954;17.38
1977;20;36;34.163;10.8
1978;20;37;26.25;19.85
1979;20;37;28.954;8.58
1980;20;37;24.469;4.55
1981;20;38;63.918;21.2
1982;20;39;20.867;9.25
1983;20;39;17.153;17.68
1984;20;40;30.866;4.62
1985;20;40;24.835;15.68
1986;20;41;66.004;11.07
1987;20;41;52.385;5.89
1988;20;41;78.238;18.04
1989;20;42;31.323;10.07
1990;20;42;35.345;6.86
1991;20;42;23.597;2.06
1992;20;43;42.748;18.4
1993;20;43;51.65;10.04
1994;20;43;34.76;16.06
1995;20;44;18.951;20.31
1996;20;44;15.246;13.7
1997;20;44;22.744;19.16
1998;20;45;32.328;21.2
1999;20;46;9.821;10.87
2000;20;46;9.193;4.15
2001;20;46;9.448;13.42
2002;20;47;61.881;23.9
2003;20;48;55.082;1.52
2004;20;48;49.547;12.34
2005;20;48;54.695;11.96
2006;20;49;61.638;2.79
2007;20;49;69.169;22.11
2008;20;50;13.583;17.15
2009;20;51;29.595;7.38
2010;20;51;23.8;2.72
2011;20;52;53.797;6.26
2012;20;52;42.604;17.98
2013;20;53;6.341;1.72
2014;20;53;7.64;4.28
2015;20;54;9.9;20.49
2016;20;54;9.302;15.37
2017;20;54;9.345;1.65
2018;20;55;21.979;7.53
2019;20;55;22.327;17.48
2020;20;56;76.152;12.44
2021;20;57;28.912;23.23
2022;20;57;24.87;0.26
2023;20;57;35.511;12.23
2024;20;58;38.637;4.24
2025;20;59;31.884;14.61
2026;20;59;36.469;0.67
2027;21;22;23.314;18.37
2028;21;23;13.572;10.36
2029;21;24;38.57;15.9
2030;21;24;43.974;23.27
2031;21;25;31.95;22.89
2032;21;26;18.012;22.88
2033;21;26;21.931;4.46
2034;21;27;25.157;14.11
2035;21;27;21.648;7.89
2036;21;28;24.494;0.57
2037;21;28;19.974;1.48
2038;21;29;3.558;11.17
2039;21;30;26.6;3.46
2040;21;30;29.651;19.58
2041;21;31;68.043;14.92
2042;21;32;28.231;22.77
2043;21;32;28.509;18.91
2044;21;33;14.211;2.65
2045;21;33;13.998;1.68
2046;21;34;39.886;23.79
2047;21;34;47.875;18.31
2048;21;35;23.314;8.26
2049;21;35;25.43;20.89
2050;21;36;10.87;14.24
2051;21;36;9.838;24.93
2052;21;36;11.754;19.24
2053;21;37;34.908;9.62
2054;21;37;28.609;17.37
2055;21;37;40.543;16.08
2056;21;38;43.898;18.8
2057;21;39;46.969;5.35
2058;21;40;6.816;21.1
2059;21;40;6.893;15.12
2060;21;41;76.063;18.67
2061;21;41;59.915;23.91
2062;21;41;65.975;7.66
2063;21;42;7.399;10.96
2064;21;42;8.339;5.58
2065;21;42;8.324;14.91
2066;21;43;66.54;23.47
2067;21;44;21.973;2.67
2068;21;45;3.047;21.09
2069;21;46;26.738;22.56
2070;21;46;25.847;21.81
2071;21;47;48.138;0.84
2072;21;48;24.317;17.23
2073;21;48;19.443;6.14
2074;21;48;26.226;13.51
2075;21;49;54.257;7.79
2076;21;49;59.61;12.38
2077;21;49;61.466;16.5
2078;21;50;31.806;21.83
2079;21;51;4.645;19.59
2080;21;52;50.209;15.34
2081;21;53;28.152;22.38
2082;21;54;28.664;2.15
2083;21;55;35.678;11.14
2084;21;56;49.535;15.65
2085;21;56;60.532;1.4
2086;21;57;47.647;15.23
2087;21;57;37.814;14.11
2088;21;57;51.767;9.94
2089;21;58;7.486;6.06
2090;21;58;9.027;24.62
2091;21;58;8.746;21.25
2092;21;59;33.232;2.4
2093;22;23;10.664;1.35
2094;22;23;11.651;23.8
2095;22;24;61.024;10.19
2096;22;24;61.546;19.69
2097;22;25;11.984;9.06
2098;22;26;5.552;4.66
2099;22;26;5.882;19.63
2100;22;27;47.259;15.84
2101;22;27;44.675;14.1
2102;22;28;1.253;8.37
2103;22;28;1.309;5.64
2104;22;29;20.62;17.72
2105;22;29;18.836;14.68
2106;22;29;24.387;9.41
2107;22;30;13.977;17.11
2108;22;31;61.891;19.34
2109;22;31;64.563;1.95
2110;22;32;5.739;1.32
2111;22;33;18.593;20.78
2112;22;34;39.442;13.23
2113;22;34;42.851;1.67
2114;22;34;42.053;2.81
2115;22;35;0.0;9.01
2116;22;35;0.0;0.78
2117;22;35;0.0;15.58
2118;22;36;21.465;0.11
2119;22;36;22.02;16.49
2120;22;36;22.092;10.71
2121;22;37;15.269;8.87
2122;22;37;13.54;9.17
2123;22;37;18.235;3.04
2124;22;38;63.546;16.44
2125;22;39;35.612;6.05
2126;22;39;36.751;4.11
2127;22;39;36.992;10.54
2128;22;40;19.555;17.07
2129;22;40;24.19;23.85
2130;22;41;77.853;10.04
2131;22;41;72.769;13.24
2132;22;42;19.755;5.6
2133;22;42;18.977;15.74
2134;22;42;20.053;10.87
2135;22;43;57.478;4.15
2136;22;43;59.362;19.53
2137;22;44;4.002;12.75
2138;22;44;4.38;6.34
2139;22;44;3.079;24.82
2140;22;45;25.033;24.29
2141;22;46;5.368;17.4
2142;22;46;4.74;3.82
2143;22;46;4.654;11.02
2144;22;47;47.081;9.08
2145;22;47;36.789;6.23
2146;22;47;37.076;24.86
2147;22;48;47.619;14.05
2148;22;49;47.699;5.81
2149;22;49;55.861;20.75
2150;22;49;56.918;16.32
2151;22;50;8.515;6.13
2152;22;51;19.461;18.66
2153;22;51;20.157;12.73
2154;22;51;16.191;22.4
2155;22;52;40.469;5.6
2156;22;53;8.673;8.77
2157;22;53;7.16;1.08
2158;22;53;10.747;15.7
2159;22;54;6.489;2.48
2160;22;54;5.753;0.02
2161;22;54;8.072;10.17
2162;22;55;13.646;6.69
2163;22;56;72.184;10.82
2164;22;56;74.695;0.48
2165;22;57;42.153;10.93
2166;22;58;30.794;13.12
2167;22;59;18.52;23.08
2168;22;59;17.612;21.05
2169;23;24;52.091;17.26
2170;23;25;18.422;22.64
2171;23;25;16.825;0.4
2172;23;26;5.126;7.53
2173;23;26;6.001;10.28
2174;23;26;4.963;10.54
2175;23;27;38.546;22.5
2176;23;27;35.688;5.27
2177;23;27;38.143;20.43
2178;23;28;11.916;0.04
2179;23;29;10.416;6.66
2180;23;30;14.274;5.78
2181;23;31;66.786;14.55
2182;23;31;62.441;24.71
2183;23;31;51.495;9.77
2184;23;32;16.247;22.12
2185;23;33;15.322;6.64
2186;23;34;34.629;8.38
2187;23;35;10.664;7.18
2188;23;36;11.104;9.91
2189;23;37;21.46;24.91
2190;23;37;22.647;14.48
2191;23;38;56.41;7.02
2192;23;38;67.035;11.59
2193;23;38;68.986;11.16
2194;23;39;42.199;15.88
2195;23;39;51.585;20.19
2196;23;40;8.916;18.98
2197;23;41;79.476;5.22
2198;23;41;72.14;5.86
2199;23;42;9.092;1.48
2200;23;42;11.363;10.77
2201;23;42;11.037;24.39
2202;23;43;63.55;15.44
2203;23;44;8.507;14.16
2204;23;45;15.883;20.68
2205;23;45;17.96;16.43
2206;23;46;15.282;22.81
2207;23;46;18.204;4.93
2208;23;46;18.922;8.22
2209;23;47;42.833;14.92
2210;23;48;37.522;9.13
2211;23;49;46.158;21.72
2212;23;49;53.96;2.87
2213;23;50;19.057;1.86
2214;23;50;14.973;19.9
2215;23;51;9.217;10.33
2216;23;51;7.187;7.06
2217;23;52;40.47;17.38
2218;23;52;43.282;8.55
2219;23;53;17.776;17.97
2220;23;53;15.308;18.18
2221;23;54;16.888;19.55
2222;23;54;14.092;24.5
2223;23;55;22.127;5.47
2224;23;56;63.095;6.89
2225;23;56;48.948;13.79
2226;23;57;46.32;18.0
2227;23;57;53.306;3.72
2228;23;58;20.965;13.99
2229;23;59;20.827;7.13
2230;24;25;70.506;7.7
2231;24;25;59.545;22.19
2232;24;26;56.153;7.38
2233;24;26;43.43;20.74
2234;24;27;13.798;5.26
2235;24;27;15.501;19.42
2236;24;28;62.083;9.2
2237;24;28;56.66;7.97
2238;24;29;41.967;5.31
2239;24;30;64.83;10.28
2240;24;31;81.254;19.0
2241;24;32;65.084;8.21
2242;24;32;60.671;16.92
2243;24;32;71.122;22.27
2244;24;33;44.909;6.67
2245;24;33;34.685;19.05
2246;24;33;41.759;14.15
2247;24;34;70.48;24.62
2248;24;34;62.655;19.5
2249;24;34;85.645;10.69
2250;24;35;61.024;22.34
2251;24;35;62.495;4.46
2252;24;36;46.677;14.69
2253;24;37;73.478;21.59
2254;24;38;15.436;21.85
2255;24;38;11.842;4.01
2256;24;39;71.407;5.19
2257;24;40;44.63;3.64
2258;24;41;75.592;2.77
2259;24;41;71.745;1.05
2260;24;42;44.946;15.91
2261;24;42;43.726;24.47
2262;24;43;83.961;22.98
2263;24;44;60.322;0.6
2264;24;44;66.314;10.99
2265;24;45;36.251;13.58
2266;24;45;33.834;17.93
2267;24;45;27.82;5.87
2268;24;46;63.264;15.12
2269;24;46;61.675;24.82
2270;24;46;61.194;16.43
2271;24;47;77.521;15.3
2272;24;47;59.676;16.2
2273;24;48;18.562;8.3
2274;24;48;17.791;13.14
2275;24;48;16.097;2.53
2276;24;49;86.948;13.22
2277;24;49;103.484;20.1
2278;24;49;79.004;7.92
2279;24;50;69.201;7.6
2280;24;50;77.205;17.8
2281;24;51;43.14;14.23
2282;24;52;85.25;6.25
2283;24;53;63.556;23.29
2284;24;54;65.297;23.69
2285;24;55;74.055;7.5
2286;24;55;71.473;18.9
2287;24;56;11.221;11.98
2288;24;57;65.379;6.72
2289;24;58;31.488;1.77
2290;24;58;27.871;6.7
2291;24;58;39.207;5.07
2292;24;59;71.35;22.55
2293;25;26;14.945;24.31
2294;25;27;56.963;14.34
2295;25;28;11.693;20.0
2296;25;29;28.64;8.03
2297;25;29;34.208;9.91
2298;25;29;30.086;15.38
2299;25;30;8.953;21.18
2300;25;31;71.28;23.05
2301;25;32;13.091;1.0
2302;25;33;30.3;19.4
2303;25;34;33.563;10.9
2304;25;35;11.984;5.61
2305;25;35;10.962;18.87
2306;25;35;11.377;19.42
2307;25;36;26.162;15.2
2308;25;36;21.544;22.28
2309;25;36;21.722;15.4
2310;25;37;3.31;8.01
2311;25;37;4.025;21.07
2312;25;38;74.426;21.65
2313;25;38;85.632;21.4
2314;25;38;74.111;21.69
2315;25;39;44.226;5.44
2316;25;40;26.395;8.18
2317;25;40;29.954;1.94
2318;25;40;25.537;22.22
2319;25;41;88.962;10.49
2320;25;42;26.27;12.72
2321;25;43;65.94;14.03
2322;25;44;10.632;14.53
2323;25;44;12.781;19.78
2324;25;44;13.02;22.12
2325;25;45;34.301;11.41
2326;25;45;39.851;4.7
2327;25;45;29.555;2.95
2328;25;46;14.611;21.36
2329;25;46;15.457;20.05
2330;25;46;17.798;3.83
2331;25;47;40.119;9.89
2332;25;47;31.018;15.09
2333;25;48;55.415;15.67
2334;25;48;61.199;15.49
2335;25;48;54.671;2.24
2336;25;49;38.272;17.85
2337;25;50;10.432;1.27
2338;25;51;27.446;19.26
2339;25;51;23.966;13.12
2340;25;52;30.195;20.08
2341;25;52;36.863;2.94
2342;25;53;17.779;20.59
2343;25;54;13.833;11.25
2344;25;54;14.311;4.92
2345;25;54;15.819;2.64
2346;25;55;5.145;19.47
2347;25;55;4.564;12.03
2348;25;56;81.482;5.14
2349;25;56;77.389;7.37
2350;25;57;52.403;0.36
2351;25;58;39.235;4.85
2352;25;58;32.0;18.48
2353;25;58;38.345;21.52
2354;25;59;8.671;18.77
2355;26;27;42.459;17.76
2356;26;27;37.14;15.8
2357;26;27;43.78;7.58
2358;26;28;6.801;11.3
2359;26;28;7.568;12.78
2360;26;29;15.161;9.84
2361;26;30;13.365;2.78
2362;26;30;11.107;9.82
2363;26;31;64.018;13.32
2364;26;32;11.129;10.48
2365;26;32;8.48;13.79
2366;26;32;10.562;0.89
2367;26;33;15.85;1.94
2368;26;33;12.365;6.79
2369;26;33;12.632;3.51
2370;26;34;36.879;19.38
2371;26;35;5.552;4.36
2372;26;35;5.46;0.46
2373;26;35;6.928;20.78
2374;26;36;16.093;7.41
2375;26;36;13.719;24.95
2376;26;36;18.652;14.76
2377;26;37;18.193;10.6
2378;26;38;59.499;22.37
2379;26;39;38.597;0.76
2380;26;39;44.579;4.1
2381;26;40;14.003;9.91
2382;26;40;16.808;19.16
2383;26;41;78.248;13.0
2384;26;41;77.013;24.67
2385;26;41;74.738;16.13
2386;26;42;14.209;6.34
2387;26;43;60.251;20.24
2388;26;43;59.303;4.21
2389;26;43;53.969;1.96
2390;26;44;4.319;11.38
2391;26;44;5.06;19.05
2392;26;44;4.706;3.94
2393;26;45;19.951;12.19
2394;26;45;18.192;6.87
2395;26;45;16.065;2.31
2396;26;46;10.255;21.03
2397;26;46;10.861;4.45
2398;26;47;44.859;7.15
2399;26;47;36.077;16.96
2400;26;47;51.628;1.17
2401;26;48;42.246;4.0
2402;26;48;45.555;15.86
2403;26;48;32.541;12.91
2404;26;49;46.874;24.78
2405;26;50;14.015;14.38
2406;26;50;13.226;23.52
2407;26;51;13.986;7.77
2408;26;51;14.042;9.2
2409;26;52;40.393;18.69
2410;26;52;46.937;15.59
2411;26;52;32.967;7.44
2412;26;53;12.986;2.48
2413;26;54;11.787;3.68
2414;26;55;17.927;4.45
2415;26;55;14.883;0.46
2416;26;55;16.21;21.19
2417;26;56;67.256;7.85
2418;26;56;61.58;24.18
2419;26;57;43.795;6.07
2420;26;57;47.112;10.32
2421;26;57;39.118;8.64
2422;26;58;25.495;0.05
2423;26;58;27.116;20.14
2424;26;58;20.362;19.51
2425;26;59;19.29;22.79
2426;26;59;18.595;14.73
2427;27;28;48.307;10.09
2428;27;29;28.646;14.72
2429;27;29;23.414;23.7
2430;27;30;51.688;23.74
2431;27;30;49.651;6.59
2432;27;30;57.354;7.78
2433;27;31;72.272;12.58
2434;27;31;59.139;15.07
2435;27;32;51.287;17.15
2436;27;32;38.623;0.96
2437;27;33;31.245;16.73
2438;27;33;28.94;5.06
2439;27;33;38.886;19.16
2440;27;34;60.114;8.48
2441;27;35;47.259;17.44
2442;27;36;34.121;20.54
2443;27;36;40.876;18.72
2444;27;36;39.613;20.05
2445;27;37;59.995;4.98
2446;27;38;20.49;7.79
2447;27;39;59.367;9.88
2448;27;39;63.954;21.1
2449;27;39;60.903;18.11
2450;27;40;31.525;5.83
2451;27;40;26.616;16.6
2452;27;41;70.88;15.83
2453;27;42;31.918;18.97
2454;27;42;34.868;8.03
2455;27;43;73.873;10.32
2456;27;44;46.665;23.98
2457;27;44;55.656;1.07
2458;27;45;22.663;10.09
2459;27;45;21.444;3.9
2460;27;46;49.469;21.36
2461;27;46;50.709;2.36
2462;27;46;44.599;0.71
2463;27;47;67.696;21.53
2464;27;47;81.579;9.96
2465;27;48;12.143;20.37
2466;27;48;10.345;0.41
2467;27;49;76.122;6.23
2468;27;50;55.408;5.4
2469;27;51;29.788;9.84
2470;27;51;32.657;13.09
2471;27;52;73.551;11.1
2472;27;53;49.804;12.27
2473;27;53;48.971;8.09
2474;27;53;54.851;10.26
2475;27;54;51.501;2.28
2476;27;54;63.541;17.86
2477;27;54;55.906;8.47
2478;27;55;60.382;7.91
2479;27;55;65.287;11.76
2480;27;56;25.01;0.59
2481;27;57;54.697;21.57
2482;27;58;18.498;5.34
2483;27;59;58.284;10.17
2484;28;29;21.837;16.42
2485;28;30;14.514;5.52
2486;28;30;12.742;24.97
2487;28;30;12.806;24.47
2488;28;31;61.364;8.48
2489;28;31;55.098;13.21
2490;28;31;62.651;4.65
2491;28;32;4.534;15.56
2492;28;32;5.573;11.19
2493;28;33;19.289;1.21
2494;28;34;40.197;21.09
2495;28;34;46.956;3.06
2496;28;34;38.693;8.27
2497;28;35;1.253;11.85
2498;28;36;22.709;14.62
2499;28;37;14.928;20.02
2500;28;38;64.413;0.37
2501;28;38;74.628;22.76
2502;28;39;34.926;5.25
2503;28;39;31.998;0.23
2504;28;39;43.188;15.91
2505;28;40;20.804;1.47
2506;28;40;18.242;8.5
2507;28;41;77.704;23.84
2508;28;41;94.767;22.93
2509;28;42;21.006;9.6
2510;28;43;56.809;21.7
2511;28;43;68.579;17.49
2512;28;43;44.613;14.05
2513;28;44;4.963;8.73
2514;28;44;6.066;16.11
2515;28;44;5.015;12.16
2516;28;45;26.162;10.37
2517;28;45;32.544;24.04
2518;28;46;4.399;17.68
2519;28;47;47.756;21.67
2520;28;47;52.151;17.26
2521;28;47;43.089;18.52
2522;28;48;48.806;10.33
2523;28;48;53.745;20.18
2524;28;49;48.082;23.56
2525;28;49;50.851;21.18
2526;28;49;41.29;4.79
2527;28;50;7.314;17.09
2528;28;50;5.928;11.45
2529;28;50;5.5;15.69
2530;28;51;20.682;18.11
2531;28;52;40.704;1.72
2532;28;53;7.824;21.38
2533;28;53;9.658;6.52
2534;28;53;5.953;1.7
2535;28;54;5.314;0.74
2536;28;54;4.598;17.64
2537;28;54;4.306;23.01
2538;28;55;12.906;4.53
2539;28;55;13.354;1.18
2540;28;56;73.254;20.79
2541;28;56;79.154;16.17
2542;28;57;41.765;8.71
2543;28;58;31.968;14.1
2544;28;58;23.999;6.63
2545;28;58;33.1;18.01
2546;28;59;18.686;17.4
2547;28;59;16.016;7.1
2548;28;59;19.995;19.1
2549;29;30;23.066;13.28
2550;29;30;27.971;10.14
2551;29;31;68.917;17.49
2552;29;31;81.015;10.82
2553;29;32;25.811;10.78
2554;29;33;14.692;2.68
2555;29;33;15.541;5.98
2556;29;34;36.992;21.58
2557;29;35;20.62;22.48
2558;29;35;18.063;5.85
2559;29;35;20.895;4.13
2560;29;36;7.941;13.66
2561;29;36;6.523;20.69
2562;29;37;31.539;24.01
2563;29;38;47.454;18.63
2564;29;38;47.703;2.0
2565;29;39;46.809;17.25
2566;29;39;53.095;23.85
2567;29;39;54.242;23.93
2568;29;40;3.402;17.33
2569;29;41;78.082;24.53
2570;29;41;93.47;12.59
2571;29;41;86.117;11.17
2572;29;42;4.071;0.95
2573;29;43;66.963;19.71
2574;29;43;83.601;14.52
2575;29;44;18.914;8.05
2576;29;44;16.98;22.2
2577;29;44;22.7;11.75
2578;29;45;6.496;0.97
2579;29;46;24.466;12.9
2580;29;46;23.657;6.18
2581;29;46;18.687;8.4
2582;29;47;45.288;12.6
2583;29;47;38.186;24.18
2584;29;48;27.123;11.48
2585;29;48;31.607;4.74
2586;29;49;51.015;3.53
2587;29;50;29.133;23.01
2588;29;51;1.201;6.35
2589;29;52;46.776;5.28
2590;29;52;43.089;19.93
2591;29;53;26.218;11.09
2592;29;54;26.316;15.53
2593;29;55;32.527;6.02
2594;29;56;52.867;7.94
2595;29;57;48.392;9.87
2596;29;57;46.588;22.28
2597;29;58;10.597;9.85
2598;29;58;8.204;14.68
2599;29;58;8.248;12.25
2600;29;59;29.69;20.1
2601;30;31;75.858;22.93
2602;30;32;18.039;11.72
2603;30;32;19.871;11.2
2604;30;32;14.718;13.93
2605;30;33;28.942;1.42
2606;30;33;34.428;23.38
2607;30;34;26.038;13.72
2608;30;34;24.018;10.71
2609;30;35;13.977;22.51
2610;30;35;13.188;5.93
2611;30;36;18.76;12.24
2612;30;37;10.342;7.6
2613;30;37;9.811;22.0
2614;30;38;70.322;3.63
2615;30;39;49.405;5.1
2616;30;39;61.018;21.31
2617;30;40;20.207;7.35
2618;30;41;91.381;9.98
2619;30;41;98.869;5.57
2620;30;42;19.886;23.19
2621;30;42;18.62;18.27
2622;30;43;71.292;4.52
2623;30;43;62.05;2.79
2624;30;43;84.787;9.1
2625;30;44;10.358;18.85
2626;30;44;7.949;6.71
2627;30;44;8.255;2.75
2628;30;45;29.347;6.2
2629;30;45;23.102;12.93
2630;30;46;18.747;17.37
2631;30;47;33.342;24.77
2632;30;48;48.658;8.42
2633;30;48;56.949;9.34
2634;30;48;50.862;1.8
2635;30;49;33.83;15.59
2636;30;50;17.313;7.44
2637;30;51;21.956;20.9
2638;30;51;22.804;16.98
2639;30;51;20.584;20.12
2640;30;52;27.044;12.53
2641;30;52;26.431;17.0
2642;30;52;29.927;16.01
2643;30;53;22.231;11.24
2644;30;53;21.128;3.39
2645;30;53;26.228;9.65
2646;30;54;18.911;15.63
2647;30;54;17.072;4.38
2648;30;55;14.098;4.82
2649;30;56;75.54;0.87
2650;30;56;93.377;12.72
2651;30;57;56.101;20.15
2652;30;57;65.082;13.35
2653;30;57;52.997;4.84
2654;30;58;33.349;5.18
2655;30;58;36.833;16.98
2656;30;58;40.982;24.15
2657;30;59;6.651;1.76
2658;30;59;5.243;11.27
2659;31;32;58.401;8.59
2660;31;32;54.485;5.27
2661;31;32;56.684;9.67
2662;31;33;54.228;23.07
2663;31;34;100.892;1.77
2664;31;34;98.798;7.37
2665;31;34;86.732;3.02
2666;31;35;61.891;22.59
2667;31;36;75.698;5.12
2668;31;36;58.089;5.38
2669;31;36;85.746;4.04
2670;31;37;73.727;21.1
2671;31;38;70.801;20.83
2672;31;38;75.797;14.13
2673;31;38;63.186;2.58
2674;31;39;27.216;3.17
2675;31;40;71.106;7.98
2676;31;40;55.233;22.79
2677;31;40;55.609;2.68
2678;31;41;27.074;2.77
2679;31;41;33.237;19.93
2680;31;42;71.8;5.39
2681;31;42;70.448;0.78
2682;31;43;8.891;6.78
2683;31;43;9.138;21.56
2684;31;43;7.571;11.48
2685;31;44;65.684;6.2
2686;31;44;69.188;6.93
2687;31;44;79.31;16.27
2688;31;45;66.402;24.28
2689;31;45;57.65;5.1
2690;31;46;57.287;4.82
2691;31;46;66.646;2.72
2692;31;46;49.027;17.11
2693;31;47;108.797;18.09
2694;31;47;94.0;3.23
2695;31;47;96.67;11.16
2696;31;48;82.212;10.22
2697;31;48;89.166;19.8
2698;31;49;109.307;16.93
2699;31;49;112.072;12.68
2700;31;50;60.987;7.63
2701;31;50;60.035;7.07
2702;31;51;68.649;10.31
2703;31;51;78.154;16.27
2704;31;52;101.471;19.11
2705;31;52;100.204;17.06
2706;31;52;91.326;3.92
2707;31;53;53.844;18.6
2708;31;53;64.876;11.25
2709;31;54;57.588;9.51
2710;31;54;65.105;23.69
2711;31;55;69.031;2.71
2712;31;55;57.04;2.56
2713;31;56;89.838;12.79
2714;31;56;72.853;11.06
2715;31;56;99.167;9.23
2716;31;57;20.582;4.59
2717;31;57;15.65;19.04
2718;31;58;71.224;7.04
2719;31;59;79.572;2.29
2720;31;59;85.395;10.22
2721;32;33;21.079;8.32
2722;32;33;21.349;10.46
2723;32;34;44.025;17.37
2724;32;35;5.739;15.0
2725;32;35;4.842;22.67
2726;32;35;6.23;9.64
2727;32;36;27.172;15.02
2728;32;36;33.456;21.53
2729;32;37;15.946;7.44
2730;32;37;12.334;17.44
2731;32;37;14.166;10.59
2732;32;38;66.528;9.44
2733;32;38;62.695;21.82
2734;32;39;31.563;19.22
2735;32;39;39.252;6.85
2736;32;40;25.046;15.4
2737;32;40;22.929;8.97
2738;32;40;21.134;21.21
2739;32;41;75.941;4.46
2740;32;41;80.241;24.61
2741;32;41;60.779;2.31
2742;32;42;25.295;8.04
2743;32;43;53.424;15.21
2744;32;44;9.394;18.11
2745;32;45;29.633;13.39
2746;32;46;2.034;13.03
2747;32;46;2.253;0.18
2748;32;46;1.91;19.32
2749;32;47;51.373;22.27
2750;32;47;63.791;18.27
2751;32;47;50.527;19.64
2752;32;48;52.517;0.83
2753;32;48;53.835;17.15
2754;32;48;54.843;22.99
2755;32;49;50.916;3.05
2756;32;49;38.777;16.87
2757;32;50;4.52;1.52
2758;32;50;3.839;3.54
2759;32;51;24.692;18.81
2760;32;51;20.17;23.44
2761;32;51;29.208;5.87
2762;32;52;43.135;6.15
2763;32;52;40.56;19.28
2764;32;53;4.689;22.98
2765;32;53;3.696;20.53
2766;32;53;5.504;15.51
2767;32;54;0.875;4.88
2768;32;54;0.868;0.79
2769;32;54;0.996;7.94
2770;32;55;12.458;13.1
2771;32;55;12.582;9.72
2772;32;55;10.005;24.07
2773;32;56;76.293;24.76
2774;32;56;68.926;16.06
2775;32;57;39.319;1.27
2776;32;58;35.639;24.4
2777;32;59;21.172;20.31
2778;33;34;49.387;5.57
2779;33;34;43.772;6.97
2780;33;34;54.489;23.65
2781;33;35;18.593;4.44
2782;33;35;18.767;10.17
2783;33;36;21.734;10.37
2784;33;36;23.818;18.84
2785;33;36;23.125;4.29
2786;33;37;33.609;1.33
2787;33;38;45.45;9.77
2788;33;38;51.671;7.38
2789;33;38;40.87;7.74
2790;33;39;32.85;23.15
2791;33;40;17.0;9.2
2792;33;40;16.151;17.02
2793;33;41;64.575;15.95
2794;33;41;62.225;20.53
2795;33;42;17.719;8.13
2796;33;42;15.117;24.24
2797;33;43;52.388;13.23
2798;33;43;55.392;15.42
2799;33;44;19.896;8.65
2800;33;45;13.392;7.98
2801;33;45;14.657;3.11
2802;33;45;12.914;2.5
2803;33;46;19.096;13.63
2804;33;46;21.029;23.08
2805;33;46;21.977;9.59
2806;33;47;57.683;20.55
2807;33;48;35.147;20.43
2808;33;48;35.871;6.96
2809;33;49;61.476;13.74
2810;33;50;25.527;22.98
2811;33;51;14.441;14.95
2812;33;52;55.681;4.9
2813;33;52;52.117;9.37
2814;33;53;18.795;4.22
2815;33;53;20.799;23.18
2816;33;53;23.298;20.34
2817;33;54;21.094;22.18
2818;33;55;32.193;9.89
2819;33;55;37.003;12.39
2820;33;56;56.111;23.28
2821;33;56;66.255;12.91
2822;33;57;33.701;4.32
2823;33;57;35.292;12.98
2824;33;58;19.447;0.83
2825;33;58;17.931;0.88
2826;33;58;17.741;5.21
2827;33;59;35.108;7.43
2828;34;35;39.442;10.62
2829;34;36;29.078;22.73
2830;34;37;32.982;12.89
2831;34;37;36.862;15.27
2832;34;37;26.439;19.03
2833;34;38;80.577;11.87
2834;34;39;75.039;2.76
2835;34;39;80.695;14.89
2836;34;39;61.492;3.21
2837;34;40;33.698;12.42
2838;34;40;27.965;1.63
2839;34;40;40.976;0.64
2840;34;41;113.946;17.95
2841;34;42;32.976;16.82
2842;34;42;37.374;20.99
2843;34;42;40.144;21.5
2844;34;43;96.875;22.38
2845;34;44;35.485;18.54
2846;34;45;42.859;18.36
2847;34;45;44.506;5.73
2848;34;46;44.56;9.89
2849;34;46;46.488;17.85
2850;34;46;45.593;1.8
2851;34;47;8.326;4.92
2852;34;47;8.27;15.97
2853;34;48;51.963;12.68
2854;34;49;16.702;13.87
2855;34;49;20.747;7.14
2856;34;49;17.574;20.62
2857;34;50;43.229;24.68
2858;34;50;46.29;10.45
2859;34;51;36.524;6.49
2860;34;52;18.286;17.79
2861;34;52;20.212;20.18
2862;34;53;48.019;3.72
2863;34;54;44.899;15.88
2864;34;54;43.96;23.12
2865;34;55;38.17;9.67
2866;34;55;41.7;12.35
2867;34;55;31.09;24.48
2868;34;56;79.353;10.4
2869;34;56;73.656;11.0
2870;34;57;80.646;3.01
2871;34;57;78.309;23.84
2872;34;57;61.933;14.96
2873;34;58;43.122;13.08
2874;34;58;35.258;16.8
2875;34;58;51.714;19.52
2876;34;59;25.336;5.43
2877;34;59;23.0;12.26
2878;34;59;20.753;23.68
2879;35;36;21.465;13.81
2880;35;37;15.269;13.68
2881;35;37;15.303;7.64
2882;35;37;18.431;10.84
2883;35;38;63.546;10.9
2884;35;38;78.182;24.52
2885;35;38;59.037;3.93
2886;35;39;35.612;11.66
2887;35;39;39.618;0.2
2888;35;39;28.538;23.55
2889;35;40;19.555;3.27
2890;35;40;15.962;24.82
2891;35;41;77.853;16.17
2892;35;41;60.305;14.34
2893;35;41;59.947;16.97
2894;35;42;19.755;3.51
2895;35;42;21.129;14.67
2896;35;42;24.625;16.93
2897;35;43;57.478;1.82
2898;35;43;44.08;5.28
2899;35;43;53.157;7.51
2900;35;44;4.002;10.38
2901;35;45;25.033;24.87
2902;35;46;5.368;22.81
2903;35;46;6.298;1.96
2904;35;47;47.081;14.36
2905;35;47;48.607;9.7
2906;35;47;39.539;21.31
2907;35;48;47.619;16.53
2908;35;48;37.945;16.29
2909;35;48;45.902;17.73
2910;35;49;47.699;0.12
2911;35;49;36.454;18.32
2912;35;50;8.515;18.48
2913;35;51;19.461;15.02
2914;35;51;23.624;2.34
2915;35;51;22.59;10.69
2916;35;52;40.469;10.08
2917;35;53;8.673;4.31
2918;35;53;10.194;21.76
2919;35;54;6.489;4.18
2920;35;55;13.646;3.87
2921;35;56;72.184;3.96
2922;35;56;66.268;9.8
2923;35;57;42.153;5.63
2924;35;57;49.626;21.77
2925;35;58;30.794;19.71
2926;35;59;18.52;7.95
2927;35;59;15.837;13.81
2928;35;59;16.055;24.74
2929;36;37;28.551;16.82
2930;36;37;32.064;0.16
2931;36;37;32.76;23.18
2932;36;38;53.837;24.7
2933;36;38;52.529;17.01
2934;36;39;52.353;13.59
2935;36;39;40.746;3.57
2936;36;40;4.821;23.94
2937;36;40;5.183;7.91
2938;36;40;4.394;8.19
2939;36;41;85.837;22.9
2940;36;42;4.08;19.31
2941;36;42;3.525;6.25
2942;36;43;73.195;5.61
2943;36;43;62.265;12.01
2944;36;44;18.477;18.22
2945;36;45;13.895;3.6
2946;36;45;10.872;3.85
2947;36;45;11.778;7.6
2948;36;46;26.341;2.85
2949;36;46;20.488;7.39
2950;36;47;37.362;24.84
2951;36;47;34.884;6.39
2952;36;47;37.568;14.72
2953;36;48;29.941;0.6
2954;36;48;34.298;13.31
2955;36;48;30.948;9.36
2956;36;49;43.444;12.52
2957;36;50;29.502;4.29
2958;36;51;7.621;19.66
2959;36;51;8.968;1.69
2960;36;51;5.982;12.5
2961;36;52;39.76;3.46
2962;36;52;40.825;24.89
2963;36;53;28.877;24.27
2964;36;53;26.685;3.4
2965;36;54;27.861;15.12
2966;36;55;30.787;19.81
2967;36;56;57.129;11.79
2968;36;57;55.116;6.25
2969;36;58;15.677;23.53
2970;36;58;18.029;4.56
2971;36;59;24.972;21.9
2972;36;59;25.099;10.36
2973;37;38;77.629;10.55
2974;37;38;76.267;17.77
2975;37;39;46.577;20.3
2976;37;40;29.146;21.98
2977;37;41;91.887;17.21
2978;37;42;28.972;14.66
2979;37;43;68.151;9.68
2980;37;44;13.893;13.52
2981;37;44;13.185;24.99
2982;37;45;37.336;17.7
2983;37;45;40.821;14.6
2984;37;46;17.596;20.02
2985;37;46;19.986;9.45
2986;37;47;39.06;5.1
2987;37;47;48.662;0.81
2988;37;47;39.652;8.92
2989;37;48;58.104;22.04
2990;37;48;51.05;23.81
2991;37;49;36.293;4.42
2992;37;49;40.477;10.1
2993;37;50;12.744;18.12
2994;37;51;30.354;4.81
2995;37;51;33.681;20.15
2996;37;52;27.922;14.38
2997;37;53;20.622;1.97
2998;37;54;16.63;4.64
2999;37;54;20.066;1.52
3000;37;55;5.327;22.08
3001;37;55;4.81;23.59
3002;37;55;4.305;14.41
3003;37;56;84.406;10.89
3004;37;56;83.783;3.19
3005;37;57;55.131;2.67
3006;37;57;53.952;5.6
3007;37;57;45.169;16.26
3008;37;58;42.114;21.18
3009;37;58;49.416;11.42
3010;37;59;7.648;0.83
3011;38;39;65.697;9.32
3012;38;39;54.502;9.88
3013;38;40;50.638;3.89
3014;38;41;61.781;13.66
3015;38;42;51.138;21.39
3016;38;42;60.245;19.84
3017;38;42;53.953;17.21
3018;38;43;74.772;8.47
3019;38;44;63.818;3.74
3020;38;44;68.918;3.89
3021;38;45;41.023;22.48
3022;38;45;49.461;20.65
3023;38;45;33.33;10.59
3024;38;46;64.545;16.73
3025;38;46;75.565;3.87
3026;38;47;88.185;19.91
3027;38;47;90.073;9.0
3028;38;48;30.799;9.09
3029;38;49;96.476;23.17
3030;38;49;72.698;10.05
3031;38;49;111.658;22.67
3032;38;50;70.959;14.46
3033;38;51;48.486;2.91
3034;38;51;45.887;17.42
3035;38;52;93.557;11.12
3036;38;53;63.996;21.48
3037;38;54;66.538;3.03
3038;38;54;73.321;24.72
3039;38;55;77.149;6.54
3040;38;55;58.434;13.55
3041;38;55;76.094;8.63
3042;38;56;19.736;5.23
3043;38;57;57.561;4.56
3044;38;57;53.717;4.12
3045;38;57;56.274;21.41
3046;38;58;38.213;16.56
3047;38;59;76.973;23.7
3048;38;59;66.425;1.22
3049;38;59;84.37;1.59
3050;39;40;48.236;2.81
3051;39;41;48.774;13.45
3052;39;41;60.873;24.04
3053;39;41;51.929;19.17
3054;39;42;48.843;18.23
3055;39;42;51.701;8.23
3056;39;42;59.557;8.71
3057;39;43;21.887;2.06
3058;39;44;39.554;8.64
3059;39;44;37.667;24.92
3060;39;45;46.214;12.32
3061;39;46;30.661;1.9
3062;39;47;82.679;11.9
3063;39;48;66.473;4.87
3064;39;48;66.753;7.4
3065;39;49;82.42;9.79
3066;39;49;71.48;10.74
3067;39;50;33.86;21.25
3068;39;50;28.994;15.54
3069;39;50;38.672;5.54
3070;39;51;46.23;23.98
3071;39;51;41.131;20.3
3072;39;52;74.411;21.34
3073;39;52;71.661;10.47
3074;39;52;81.119;20.95
3075;39;53;27.177;16.45
3076;39;53;24.066;1.91
3077;39;54;30.721;8.85
3078;39;54;30.098;4.4
3079;39;54;29.849;5.84
3080;39;55;41.824;19.78
3081;39;56;81.826;18.61
3082;39;56;93.508;4.17
3083;39;56;96.766;22.3
3084;39;57;12.158;8.64
3085;39;57;14.332;4.89
3086;39;57;11.022;0.71
3087;39;58;52.084;23.69
3088;39;59;52.651;19.41
3089;39;59;53.179;19.82
3090;40;41;81.016;5.06
3091;40;41;92.305;14.87
3092;40;41;73.813;1.34
3093;40;42;0.742;20.79
3094;40;43;68.81;8.93
3095;40;43;52.448;10.51
3096;40;44;17.282;11.38
3097;40;44;15.387;23.54
3098;40;45;9.834;3.05
3099;40;46;23.918;20.8
3100;40;47;42.008;12.9
3101;40;47;47.477;24.66
3102;40;47;36.7;10.72
3103;40;48;29.026;18.8
3104;40;48;25.38;20.03
3105;40;49;47.616;11.24
3106;40;49;58.036;19.18
3107;40;49;49.581;21.24
3108;40;50;27.973;19.88
3109;40;50;33.272;0.85
3110;40;51;2.833;19.65
3111;40;51;3.381;15.36
3112;40;51;2.429;9.33
3113;40;52;43.406;18.15
3114;40;53;26.058;17.49
3115;40;53;24.09;8.44
3116;40;53;24.026;4.1
3117;40;54;25.639;5.56
3118;40;54;26.722;23.93
3119;40;55;30.572;10.0
3120;40;55;30.385;8.72
3121;40;56;55.399;7.59
3122;40;56;57.554;23.59
3123;40;57;50.534;2.88
3124;40;57;38.09;23.86
3125;40;57;50.824;10.56
3126;40;58;13.144;23.3
3127;40;59;26.77;9.22
3128;40;59;21.489;1.62
3129;40;59;23.739;7.75
3130;41;42;81.758;5.83
3131;41;42;86.584;19.46
3132;41;43;35.917;18.15
3133;41;43;34.547;0.24
3134;41;43;40.908;24.55
3135;41;44;81.072;12.59
3136;41;44;65.221;12.4
3137;41;44;93.229;8.45
3138;41;45;73.607;15.07
3139;41;45;77.568;23.87
3140;41;46;74.351;20.18
3141;41;46;72.282;4.83
3142;41;46;67.452;14.21
3143;41;47;122.224;22.32
3144;41;48;82.622;15.95
3145;41;48;80.063;16.78
3146;41;49;125.118;19.37
3147;41;49;95.429;13.83
3148;41;50;79.5;11.96
3149;41;50;91.374;21.95
3150;41;51;78.229;5.25
3151;41;51;82.158;2.79
3152;41;51;71.268;10.6
3153;41;52;118.293;7.38
3154;41;53;71.269;7.42
3155;41;54;75.266;1.98
3156;41;54;79.909;5.38
3157;41;54;65.415;9.97
3158;41;55;87.947;3.15
3159;41;55;102.739;12.0
3160;41;55;72.879;14.4
3161;41;56;81.461;0.55
3162;41;57;37.523;21.88
3163;41;57;38.525;20.01
3164;41;58;76.64;2.47
3165;41;58;71.115;11.23
3166;41;59;96.367;7.98
3167;42;43;69.467;11.03
3168;42;43;84.675;19.73
3169;42;44;17.353;19.6
3170;42;45;10.435;24.27
3171;42;46;24.216;10.22
3172;42;46;25.68;24.02
3173;42;46;27.143;15.31
3174;42;47;41.284;19.01
3175;42;47;44.398;3.41
3176;42;48;29.148;20.6
3177;42;48;23.978;8.67
3178;42;49;46.951;2.79
3179;42;50;28.129;17.23
3180;42;50;27.02;19.91
3181;42;51;3.568;12.78
3182;42;51;3.779;8.61
3183;42;52;42.811;3.76
3184;42;52;40.885;0.61
3185;42;52;47.567;11.84
3186;42;53;26.427;6.4
3187;42;53;26.675;16.15
3188;42;53;25.748;0.37
3189;42;54;25.906;22.64
3190;42;54;30.199;20.19
3191;42;55;30.524;7.13
3192;42;55;24.087;17.95
3193;42;56;55.671;22.38
3194;42;56;42.199;17.16
3195;42;56;56.939;4.41
3196;42;57;51.225;22.14
3197;42;58;13.48;11.2
3198;42;58;16.436;5.97
3199;42;58;12.103;24.4
3200;42;59;26.416;20.3
3201;43;44;61.402;3.18
3202;43;45;65.252;0.65
3203;43;46;52.548;12.69
3204;43;46;60.456;6.66
3205;43;46;61.158;15.2
3206;43;47;104.556;0.41
3207;43;47;108.923;12.93
3208;43;47;120.759;9.77
3209;43;48;82.96;16.86
3210;43;49;104.196;4.16
3211;43;50;55.522;22.91
3212;43;50;41.65;10.86
3213;43;50;61.266;6.18
3214;43;51;66.548;3.51
3215;43;51;77.026;22.66
3216;43;51;60.882;23.96
3217;43;52;96.061;10.27
3218;43;53;49.064;2.55
3219;43;53;51.41;11.84
3220;43;54;52.575;10.95
3221;43;54;64.285;22.27
3222;43;54;39.551;1.3
3223;43;55;63.227;15.63
3224;43;56;93.199;23.6
3225;43;56;114.611;19.84
3226;43;57;19.446;8.16
3227;43;57;15.412;21.1
3228;43;58;70.559;18.75
3229;43;59;74.442;17.58
3230;44;45;24.077;0.01
3231;44;46;9.332;23.52
3232;44;47;43.184;20.43
3233;44;48;46.029;0.63
3234;44;49;44.188;10.2
3235;44;49;43.906;0.09
3236;44;49;40.891;10.22
3237;44;50;11.037;7.34
3238;44;50;11.391;24.59
3239;44;50;11.719;13.59
3240;44;51;17.717;0.74
3241;44;51;21.196;13.62
3242;44;51;14.123;22.15
3243;44;52;37.246;12.96
3244;44;52;35.859;20.14
3245;44;52;43.609;11.14
3246;44;53;12.675;12.9
3247;44;53;9.786;22.99
3248;44;54;10.218;16.38
3249;44;54;10.745;11.02
3250;44;55;13.737;11.87
3251;44;56;71.392;0.31
3252;44;56;53.835;3.56
3253;44;56;81.415;10.11
3254;44;57;45.791;19.79
3255;44;57;35.881;17.94
3256;44;58;29.42;24.9
3257;44;59;15.608;11.45
3258;44;59;15.694;13.76
3259;44;59;17.328;9.45
3260;45;46;28.013;0.35
3261;45;47;51.092;6.93
3262;45;48;23.013;19.2
3263;45;48;23.427;17.66
3264;45;48;24.745;3.39
3265;45;49;57.301;21.5
3266;45;49;48.606;3.97
3267;45;50;33.433;11.31
3268;45;50;31.614;22.22
3269;45;50;28.894;9.49
3270;45;51;7.472;23.31
3271;45;52;53.239;10.72
3272;45;53;29.097;21.9
3273;45;54;29.993;5.95
3274;45;55;37.814;19.32
3275;45;55;28.52;18.41
3276;45;55;34.3;13.15
3277;45;56;47.317;13.11
3278;45;56;40.985;4.96
3279;45;57;46.157;24.35
3280;45;57;50.225;14.93
3281;45;57;43.466;6.52
3282;45;58;6.31;21.24
3283;45;58;6.121;12.73
3284;45;59;35.994;14.78
3285;45;59;31.453;8.84
3286;45;59;28.735;6.43
3287;46;47;52.061;13.43
3288;46;47;55.14;22.43
3289;46;47;52.882;13.99
3290;46;48;50.965;15.53
3291;46;48;47.589;12.11
3292;46;49;52.036;21.74
3293;46;50;6.555;17.01
3294;46;50;6.715;22.94
3295;46;50;6.825;16.55
3296;46;51;23.377;5.25
3297;46;52;44.421;7.49
3298;46;52;47.258;11.22
3299;46;53;3.485;1.38
3300;46;53;3.243;23.01
3301;46;54;2.034;24.05
3302;46;55;14.37;14.38
3303;46;55;10.809;23.03
3304;46;55;16.625;7.96
3305;46;56;74.479;24.3
3306;46;56;74.228;15.73
3307;46;57;37.954;18.18
3308;46;57;32.887;5.3
3309;46;58;34.092;20.91
3310;46;58;37.95;11.15
3311;46;58;42.28;1.06
3312;46;59;22.391;21.14
3313;46;59;22.285;19.4
3314;46;59;22.308;21.9
3315;47;48;58.959;21.64
3316;47;48;68.213;1.79
3317;47;48;53.974;6.37
3318;47;49;12.275;19.08
3319;47;49;11.112;6.55
3320;47;49;10.636;14.98
3321;47;50;50.179;8.58
3322;47;51;44.836;19.37
3323;47;51;51.147;18.22
3324;47;51;44.982;24.49
3325;47;52;17.929;7.38
3326;47;52;13.914;9.93
3327;47;52;21.841;24.24
3328;47;53;55.542;20.07
3329;47;54;52.243;16.15
3330;47;54;56.461;8.99
3331;47;55;44.368;6.78
3332;47;56;85.959;0.08
3333;47;56;90.58;21.36
3334;47;57;88.653;15.35
3335;47;57;87.964;10.7
3336;47;57;107.593;16.25
3337;47;58;51.114;12.35
3338;47;59;31.553;18.62
3339;48;49;68.492;18.06
3340;48;50;56.12;10.05
3341;48;50;42.757;17.73
3342;48;51;28.316;24.34
3343;48;52;67.153;21.75
3344;48;52;79.154;5.98
3345;48;52;76.01;13.35
3346;48;53;52.107;17.15
3347;48;53;39.436;5.38
3348;48;53;48.876;3.74
3349;48;54;52.921;19.28
3350;48;54;46.222;5.74
3351;48;55;59.555;8.9
3352;48;55;60.952;8.75
3353;48;55;71.9;9.67
3354;48;56;27.764;18.48
3355;48;56;27.094;21.69
3356;48;57;63.534;22.58
3357;48;58;16.878;10.7
3358;48;58;20.445;10.92
3359;48;58;15.045;7.21
3360;48;59;54.909;4.52
3361;48;59;44.595;5.85
3362;48;59;59.926;1.48
3363;49;50;48.704;13.91
3364;49;51;50.322;7.62
3365;49;52;9.07;4.15
3366;49;53;55.465;9.16
3367;49;53;62.111;1.08
3368;49;53;63.786;0.55
3369;49;54;51.739;16.89
3370;49;54;50.699;10.64
3371;49;55;41.496;0.78
3372;49;55;32.721;5.31
3373;49;56;95.994;15.01
3374;49;56;108.554;19.55
3375;49;57;89.842;22.8
3376;49;57;87.5;2.73
3377;49;58;58.502;12.4
3378;49;58;49.384;3.45
3379;49;58;47.443;24.98
3380;49;59;29.769;7.18
3381;49;59;31.577;23.57
3382;50;51;27.972;20.98
3383;50;51;32.502;7.24
3384;50;52;40.559;7.0
3385;50;52;44.261;24.49
3386;50;53;8.545;19.82
3387;50;54;4.773;7.18
3388;50;54;5.776;15.96
3389;50;54;5.501;16.39
3390;50;55;8.456;23.92
3391;50;56;80.393;8.57
3392;50;57;42.495;4.51
3393;50;57;51.378;17.49
3394;50;58;39.277;20.47
3395;50;59;19.04;7.83
3396;51;52;45.931;24.43
3397;51;52;50.06;8.97
3398;51;52;44.625;4.97
3399;51;53;25.198;19.36
3400;51;53;28.313;11.55
3401;51;53;22.387;5.47
3402;51;54;25.21;5.78
3403;51;54;23.379;11.72
3404;51;54;19.557;2.5
3405;51;55;31.326;21.92
3406;51;55;23.709;15.53
3407;51;56;54.053;17.21
3408;51;56;46.068;10.31
3409;51;57;48.097;6.03
3410;51;58;11.794;5.68
3411;51;58;9.985;11.73
3412;51;58;13.926;0.72
3413;51;59;28.59;17.12
3414;51;59;28.389;15.78
3415;51;59;27.556;0.14
3416;52;53;47.772;22.46
3417;52;53;43.872;10.79
3418;52;53;40.468;14.47
3419;52;54;43.925;0.47
3420;52;54;36.66;10.17
3421;52;54;46.742;7.06
3422;52;55;32.99;22.84
3423;52;55;26.55;13.83
3424;52;55;31.206;2.28
3425;52;56;94.907;6.98
3426;52;57;82.373;17.85
3427;52;57;91.571;14.7
3428;52;58;55.344;23.87
3429;52;58;58.43;21.52
3430;52;59;22.042;8.49
3431;52;59;18.574;16.2
3432;52;59;21.809;22.97
3433;53;54;4.0;20.74
3434;53;54;4.307;21.84
3435;53;55;16.91;14.8
3436;53;56;74.775;24.89
3437;53;56;56.176;13.28
3438;53;57;34.642;12.03
3439;53;58;35.319;23.43
3440;53;59;25.77;8.04
3441;53;59;27.416;2.58
3442;54;55;12.966;5.63
3443;54;56;76.511;13.1
3444;54;56;72.788;7.26
3445;54;57;38.57;5.49
3446;54;57;35.556;18.78
3447;54;58;36.044;4.55
3448;54;59;21.985;14.48
3449;54;59;21.227;21.14
3450;55;56;85.129;23.31
3451;55;57;50.865;1.67
3452;55;57;42.043;9.78
3453;55;57;45.564;11.04
3454;55;58;43.092;3.31
3455;55;59;12.868;6.92
3456;56;57;75.107;18.47
3457;56;58;42.306;17.66
3458;56;58;51.385;7.85
3459;56;59;81.991;14.42
3460;56;59;81.104;9.29
3461;56;59;75.969;2.59
3462;57;58;51.273;18.8
3463;57;58;57.923;4.57
3464;57;59;60.335;19.74
3465;57;59;66.126;3.59
3466;57;59;70.686;10.65
3467;58;59;39.896;20.69
3468;58;59;38.941;24.22
