VERTEX_COUNT 60
PATH_COUNT 1
BUDGET 540
<------------ VERTICES ------------>
0;START;41.374834;2.170055;0.0;0.0
1;Basilica of the Sagrada Família;41.403568;2.174435;45.0;100.0
2;Palau Güell;41.378864;2.174117;45.0;87.69
3;Museu Nacional d’Art de Catalunya;41.36882;2.153347;45.0;86.53
4;Anella Olímpica(Olympic Park);41.364778;2.152575;45.0;86.1
5;La Pedrera (Casa Milà);41.395271;2.161785;45.0;84.55
6;Galeria d’Art Mar Grup Escolà;41.392349;2.167836;45.0;82.44
7;Museu d’Història de Catalunya - MHC;41.380852;2.185799;45.0;78.6
8;Parc de la Ciutadella;41.389248;2.186548;45.0;78.21
9;Basilica of Sants Just i Pastor;41.382812;2.178195;45.0;77.97
10;Avinguda d’Icària;41.391556;2.197416;45.0;77.18
11;Poble Espanyol;41.368679;2.147031;45.0;76.99
12;Montjuïc Castle;41.363823;2.167096;45.0;76.33
13;Passeig de Gràcia;41.390739;2.166672;45.0;73.84
14;Antic Hospital de la Santa Creu;41.380573;2.170374;45.0;68.3
15;Park Güell;41.414249;2.151926;45.0;68.29
16;Lorena Ruiz de Villa;41.397858;2.146705;45.0;68.22
17;Museu Frederic Marès;41.384178;2.176819;45.0;67.1
18;Museu Palmero;41.424667;2.139856;45.0;65.45
19;Casa Batlló;41.391758;2.164961;45.0;65.4
20;Museu Picasso;41.385181;2.180863;45.0;64.77
21;Parc de Diagonal Mar;41.407215;2.214539;45.0;63.4
22;Plaça de Catalunya;41.387005;2.17003;45.0;63.19
23;Plaça del Rei;41.384144;2.177409;45.0;62.99
24;Despair;41.387653;2.188076;45.0;62.98
25;Basilica of Santa Maria del Mar;41.383518;2.1818;45.0;62.84
26;Casa Martí, Els Quatre Gats ;41.385775;2.173671;45.0;60.98
27;Barcelona;41.389034;2.16137;45.0;60.52
28;La Colmena;41.383835;2.178294;45.0;60.48
29;Rambla del Raval;41.378681;2.169317;45.0;60.21
30;Platja de la Nova Mar Bella;41.40205;2.21529;45.0;59.66
31;Royal Dockyards Museu Marítim ;41.375286;2.17598;45.0;58.92
32;Turó de la Rovira viewing point;41.419388;2.161812;45.0;58.56
33;90th Jean Bouin;41.373077;2.150465;45.0;58.29
34;Poblenou Cemetery;41.394859;2.201189;45.0;57.92
35;Arts Santa Mònica;41.37722;2.176012;45.0;57.88
36;Casa Vicens;41.403442;2.150684;45.0;56.31
37;Monument to Doctor Robert;41.394924;2.175599;45.0;56.19
38;Imaginart Gallery;41.393822;2.164627;45.0;56.02
39;Palau Montaner;41.39555;2.1652;45.0;54.49
40;Palau Sant Jordi;41.363441;2.152537;45.0;53.56
41;Museu d’Història de Barcelona;41.384144;2.177409;45.0;53.2
42;Atelier;41.407719;2.158233;45.0;52.98
43;Museu de la Moto ;41.383327;2.174488;45.0;52.93
44;Parc de la Creueta del Coll;41.41935;2.146432;45.0;51.14
45;Maeght;41.384689;2.181526;45.0;51.01
46;Contrast;41.387928;2.161469;45.0;50.66
47;El Fossar de les Moreres;41.383713;2.18243;45.0;50.54
48;Barcelona Head;41.380924;2.182465;45.0;50.42
49;L’Aquàrium;41.376625;2.184117;45.0;49.99
50;Casa Comalat;41.397072;2.160723;45.0;49.89
51;Carles Taché;41.389851;2.164213;45.0;49.83
52;Rambla del Poblenou;41.40192;2.200141;45.0;49.75
53;Casa Lleó Morera;41.39119;2.165511;45.0;49.46
54;Galeria Mayoral;41.389542;2.163808;45.0;49.28
55;Casa Calvet;41.390972;2.173002;45.0;48.93
56;Santa Eulàlia small schooner;41.376385;2.179861;45.0;48.21
57;Piramidon Centre d’Art Contemporani;41.422626;2.209764;45.0;48.0
58;Botanical Garden;41.364746;2.159382;45.0;47.52
59;FINISH;41.374834;2.170055;0.0;0.0
<------------- EDGES -------------->
0;0;1;49.491;7.92
1;0;1;50.041;20.22
2;0;2;8.647;23.04
3;0;2;8.839;13.72
4;0;2;7.502;24.77
5;0;3;23.796;3.77
6;0;3;18.585;8.9
7;0;3;26.995;23.13
8;0;4;28.285;19.47
9;0;4;23.029;2.69
10;0;4;34.827;0.35
11;0;5;36.549;15.99
12;0;6;30.107;9.95
13;0;7;22.688;12.23
14;0;8;32.509;6.13
15;0;9;17.194;22.34
16;0;10;45.309;16.94
17;0;11;31.387;24.36
18;0;12;19.222;3.85
19;0;12;23.024;9.58
20;0;13;27.562;22.55
21;0;13;22.616;1.61
22;0;13;29.616;23.83
23;0;14;9.829;15.35
24;0;15;71.35;2.1
25;0;16;49.508;1.4
26;0;16;54.346;23.86
27;0;16;61.862;17.81
28;0;17;18.196;17.48
29;0;18;93.673;13.96
30;0;18;85.449;5.83
31;0;18;111.111;18.78
32;0;19;29.69;13.01
33;0;19;31.945;7.29
34;0;19;33.547;10.76
35;0;20;22.496;2.7
36;0;21;79.572;8.8
37;0;21;90.206;6.89
38;0;21;94.714;2.67
39;0;22;20.827;11.8
40;0;22;25.519;3.89
41;0;22;25.911;19.11
42;0;23;18.52;22.16
43;0;24;31.884;1.06
44;0;24;37.713;17.75
45;0;25;21.172;5.18
46;0;26;19.29;12.49
47;0;26;16.14;3.79
48;0;27;26.736;15.78
49;0;27;30.9;15.18
50;0;27;31.857;12.5
51;0;28;18.686;22.23
52;0;29;6.651;4.66
53;0;29;5.358;4.02
54;0;30;74.442;24.8
55;0;30;83.018;11.56
56;0;30;88.898;7.01
57;0;31;7.648;1.56
58;0;31;8.418;6.87
59;0;32;76.973;3.17
60;0;33;25.336;0.34
61;0;33;31.608;12.0
62;0;34;52.651;12.74
63;0;34;63.902;4.27
64;0;35;8.671;1.4
65;0;35;8.51;23.75
66;0;35;9.882;24.64
67;0;36;54.909;16.35
68;0;37;35.108;12.63
69;0;37;36.757;13.95
70;0;38;33.232;8.71
71;0;38;29.501;10.86
72;0;38;32.047;22.82
73;0;39;35.994;22.47
74;0;39;27.95;0.45
75;0;39;33.803;24.5
76;0;40;29.769;23.91
77;0;41;18.52;2.26
78;0;42;58.284;6.66
79;0;42;51.66;11.62
80;0;43;15.608;0.29
81;0;43;18.149;20.42
82;0;43;16.444;9.05
83;0;44;81.991;10.35
84;0;45;22.391;4.9
85;0;46;24.972;16.45
86;0;46;26.656;24.12
87;0;46;31.164;5.67
88;0;47;21.985;10.2
89;0;48;19.04;0.96
90;0;49;18.315;23.19
91;0;49;13.962;14.41
92;0;50;39.896;7.27
93;0;50;41.557;6.64
94;0;51;26.77;15.36
95;0;51;27.026;18.86
96;0;52;60.335;4.61
97;0;52;46.755;16.54
98;0;52;69.588;7.58
99;0;53;28.59;4.38
100;0;53;26.495;15.53
101;0;54;26.416;12.12
102;0;54;24.642;17.03
103;0;54;23.529;2.01
104;0;55;27.874;17.94
105;0;56;12.868;20.1
106;0;56;12.64;3.85
107;0;57;96.367;2.18
108;0;58;22.042;17.12
109;0;59;0.0;2.57
110;1;2;42.276;2.04
111;1;2;47.44;22.14
112;1;3;65.336;10.48
113;1;4;72.069;0.93
114;1;5;21.57;24.65
115;1;6;20.984;17.73
116;1;6;25.651;16.44
117;1;7;41.52;18.73
118;1;7;37.588;24.68
119;1;8;29.022;21.29
120;1;8;30.136;13.68
121;1;8;27.213;19.72
122;1;9;35.845;19.18
123;1;10;35.955;1.83
124;1;10;32.177;0.21
125;1;10;27.629;8.18
126;1;11;69.299;13.95
127;1;12;68.662;16.75
128;1;12;73.759;10.59
129;1;13;24.109;17.46
130;1;14;39.694;22.28
131;1;14;36.325;1.72
132;1;15;34.185;9.13
133;1;15;38.223;6.11
134;1;15;34.952;4.51
135;1;16;36.911;12.28
136;1;16;33.964;14.59
137;1;17;33.322;12.61
138;1;17;26.206;21.04
139;1;18;57.209;15.33
140;1;18;70.096;15.28
141;1;18;53.735;11.39
142;1;19;23.587;10.23
143;1;20;32.528;20.44
144;1;20;38.701;16.22
145;1;21;51.851;5.74
146;1;21;53.269;4.28
147;1;22;28.902;0.21
148;1;22;30.21;10.63
149;1;22;26.774;16.45
150;1;23;33.457;20.31
151;1;24;32.378;18.31
152;1;25;35.589;19.99
153;1;25;43.711;22.09
154;1;26;30.463;17.0
155;1;26;37.59;15.69
156;1;26;36.748;1.71
157;1;27;29.997;5.66
158;1;27;34.078;19.23
159;1;28;34.129;10.52
160;1;28;26.11;24.91
161;1;28;38.161;21.71
162;1;29;43.091;0.2
163;1;29;44.702;17.21
164;1;30;52.504;11.93
165;1;30;41.535;15.15
166;1;30;40.75;15.52
167;1;31;48.438;18.33
168;1;31;46.621;1.81
169;1;32;31.549;18.1
170;1;32;37.517;17.99
171;1;32;35.08;9.81
172;1;33;60.577;19.07
173;1;33;60.879;6.48
174;1;34;37.436;17.2
175;1;34;34.057;19.32
176;1;34;42.064;3.32
177;1;35;45.133;1.38
178;1;36;30.486;13.46
179;1;36;34.951;2.44
180;1;37;14.867;17.5
181;1;37;16.074;4.13
182;1;37;12.074;9.24
183;1;38;20.896;3.15
184;1;38;25.293;21.49
185;1;39;18.132;5.15
186;1;40;74.2;24.21
187;1;40;76.074;0.6
188;1;40;59.653;24.58
189;1;41;33.457;23.96
190;1;42;21.975;11.74
191;1;42;20.133;19.29
192;1;42;26.941;17.99
193;1;43;34.637;18.59
194;1;43;36.003;0.23
195;1;44;44.955;14.94
196;1;45;33.564;24.8
197;1;45;36.615;9.3
198;1;46;31.517;23.92
199;1;47;35.493;24.59
200;1;47;32.134;9.03
201;1;47;39.247;2.81
202;1;48;40.097;24.3
203;1;49;47.752;3.3
204;1;50;20.817;5.09
205;1;51;26.892;1.22
206;1;51;28.123;13.79
207;1;52;33.115;14.64
208;1;52;26.274;6.17
209;1;52;34.052;20.68
210;1;53;24.081;9.26
211;1;53;27.948;16.44
212;1;53;20.593;2.54
213;1;54;27.608;8.98
214;1;54;22.745;11.24
215;1;55;21.633;17.39
216;1;55;20.625;19.82
217;1;56;47.035;11.67
218;1;57;55.85;22.13
219;1;57;61.365;13.9
220;1;57;50.583;15.29
221;1;58;69.188;21.1
222;1;59;49.491;10.56
223;2;3;31.73;17.12
224;2;4;36.692;0.88
225;2;4;29.254;14.76
226;2;5;32.233;6.3
227;2;6;24.444;9.67
228;2;6;25.031;1.64
229;2;6;24.473;7.84
230;2;7;15.381;2.72
231;2;7;16.421;2.08
232;2;7;17.769;5.76
233;2;8;23.885;2.67
234;2;9;8.547;22.98
235;2;9;9.798;10.65
236;2;9;7.197;5.93
237;2;10;36.967;23.51
238;2;10;41.092;10.61
239;2;10;35.386;18.89
240;2;11;38.904;12.99
241;2;11;44.702;3.68
242;2;11;47.713;13.53
243;2;12;27.272;13.52
244;2;13;22.457;20.51
245;2;13;22.258;1.31
246;2;14;5.626;17.94
247;2;15;66.918;17.51
248;2;16;47.906;11.57
249;2;16;51.14;3.32
250;2;17;9.733;14.65
251;2;17;10.781;4.81
252;2;17;8.198;21.11
253;2;18;89.874;10.42
254;2;19;25.001;13.33
255;2;19;30.167;12.65
256;2;20;13.852;11.04
257;2;20;16.587;19.21
258;2;21;71.038;0.69
259;2;22;14.887;19.92
260;2;22;18.061;18.34
261;2;22;16.053;1.54
262;2;23;9.975;19.48
263;2;23;9.804;24.88
264;2;24;23.397;1.73
265;2;24;18.5;1.36
266;2;25;12.678;21.89
267;2;25;14.317;7.32
268;2;25;15.826;11.52
269;2;26;11.84;9.47
270;2;26;9.464;14.62
271;2;27;23.89;0.69
272;2;27;18.354;6.55
273;2;28;10.056;6.5
274;2;28;8.647;17.0
275;2;28;8.104;14.33
276;2;29;6.171;20.77
277;2;29;4.816;7.03
278;2;30;66.092;0.27
279;2;30;76.354;9.75
280;2;31;6.574;12.15
281;2;32;71.122;22.17
282;2;33;31.945;0.32
283;2;33;25.62;6.42
284;2;34;44.241;15.66
285;2;34;34.758;15.27
286;2;34;41.012;0.06
287;2;35;3.72;15.5
288;2;35;3.577;20.03
289;2;35;3.641;16.86
290;2;36;51.71;18.88
291;2;36;43.452;14.39
292;2;37;27.548;21.42
293;2;37;24.707;4.43
294;2;38;28.348;5.1
295;2;39;30.763;4.34
296;2;39;26.901;17.07
297;2;39;26.144;1.19
298;2;40;38.269;0.08
299;2;40;33.535;13.62
300;2;40;37.045;21.05
301;2;41;9.975;4.35
302;2;41;12.344;12.08
303;2;42;53.422;2.29
304;2;43;7.652;2.65
305;2;43;8.502;20.25
306;2;43;9.367;22.01
307;2;44;77.863;15.93
308;2;44;93.287;20.37
309;2;44;82.305;24.58
310;2;45;13.779;3.14
311;2;45;10.967;22.24
312;2;45;13.575;11.62
313;2;46;22.456;18.91
314;2;46;26.345;3.01
315;2;47;13.52;6.33
316;2;47;12.267;11.23
317;2;47;13.325;24.39
318;2;48;11.284;24.44
319;2;49;13.4;15.57
320;2;49;12.717;16.17
321;2;50;35.588;10.9
322;2;50;27.791;13.27
323;2;50;41.778;19.19
324;2;51;22.698;13.69
325;2;51;22.183;8.2
326;2;52;51.699;5.01
327;2;52;39.294;22.76
328;2;53;23.811;6.7
329;2;54;22.563;17.38
330;2;55;20.769;21.27
331;2;55;17.177;23.21
332;2;56;8.509;15.49
333;2;56;8.558;17.84
334;2;56;8.781;8.07
335;2;57;87.759;7.68
336;2;57;72.89;22.99
337;2;57;73.272;14.35
338;2;58;30.687;12.75
339;2;58;27.998;6.16
340;2;59;8.647;12.69
341;2;59;9.812;12.45
342;3;4;6.988;16.9
343;3;5;46.542;23.75
344;3;6;44.354;5.17
345;3;6;34.057;8.26
346;3;7;46.481;20.14
347;3;8;55.131;6.02
348;3;9;39.892;15.73
349;3;10;68.67;0.02
350;3;10;71.557;13.04
351;3;11;8.115;5.71
352;3;11;6.586;13.29
353;3;11;7.725;17.61
354;3;12;19.619;8.55
355;3;12;19.016;24.31
356;3;13;41.226;3.5
357;3;13;39.625;11.14
358;3;14;29.708;14.18
359;3;14;36.214;15.93
360;3;15;77.761;0.33
361;3;16;50.417;14.76
362;3;17;39.989;23.48
363;3;18;97.123;18.08
364;3;18;113.996;16.66
365;3;19;41.989;9.84
366;3;19;41.551;14.5
367;3;19;48.328;10.57
368;3;20;45.08;8.14
369;3;20;47.088;20.29
370;3;20;47.962;18.1
371;3;21;102.414;16.93
372;3;21;83.746;7.75
373;3;21;111.057;3.07
374;3;22;37.779;14.46
375;3;22;29.984;2.42
376;3;23;40.525;20.19
377;3;24;55.02;3.48
378;3;25;44.356;18.83
379;3;25;38.07;3.64
380;3;25;51.649;22.52
381;3;26;39.024;21.99
382;3;26;33.243;13.67
383;3;26;40.268;11.11
384;3;27;36.092;1.42
385;3;27;27.397;13.51
386;3;28;41.065;14.96
387;3;28;35.441;12.72
388;3;29;26.558;12.36
389;3;30;97.767;15.29
390;3;30;110.034;5.37
391;3;31;31.099;18.09
392;3;31;29.139;14.18
393;3;32;87.213;6.97
394;3;32;67.834;19.63
395;3;33;8.171;19.96
396;3;34;75.887;9.23
397;3;34;92.103;18.81
398;3;35;32.461;22.14
399;3;36;59.345;11.9
400;3;36;72.696;9.11
401;3;36;59.408;1.1
402;3;37;53.025;6.01
403;3;37;52.6;21.18
404;3;38;45.169;16.73
405;3;39;48.206;17.09
406;3;39;42.157;19.4
407;3;40;9.263;4.44
408;3;40;9.657;1.88
409;3;40;7.86;23.35
410;3;41;40.525;7.01
411;3;41;31.668;23.33
412;3;41;31.1;2.41
413;3;42;66.86;3.78
414;3;43;36.786;7.86
415;3;43;33.193;5.36
416;3;43;34.757;23.92
417;3;44;86.923;21.02
418;3;44;97.398;8.39
419;3;44;98.55;9.67
420;3;45;45.24;7.1
421;3;46;34.321;3.37
422;3;47;45.212;24.02
423;3;48;42.744;22.59
424;3;49;41.71;0.65
425;3;50;49.264;5.97
426;3;50;60.376;9.85
427;3;51;38.599;22.67
428;3;51;46.614;17.22
429;3;52;82.57;20.29
430;3;53;41.344;4.57
431;3;54;37.919;1.89
432;3;54;34.448;22.8
433;3;54;33.737;12.99
434;3;55;45.54;1.92
435;3;55;53.4;14.52
436;3;56;36.426;15.54
437;3;56;38.27;15.94
438;3;57;117.144;20.76
439;3;57;106.774;15.88
440;3;58;10.425;7.17
441;3;59;23.796;12.4
442;4;5;53.504;16.69
443;4;5;42.988;24.01
444;4;5;44.133;14.28
445;4;6;51.088;8.13
446;4;7;50.763;9.78
447;4;7;43.348;4.08
448;4;7;54.878;6.19
449;4;8;60.469;24.88
450;4;9;45.108;5.35
451;4;9;52.843;0.59
452;4;9;47.221;1.14
453;4;10;73.587;5.37
454;4;10;72.689;22.72
455;4;11;9.76;15.75
456;4;11;8.38;14.63
457;4;12;18.721;11.32
458;4;13;47.972;12.08
459;4;13;49.931;4.77
460;4;13;55.234;3.49
461;4;14;35.398;12.68
462;4;14;43.702;9.81
463;4;15;84.661;16.31
464;4;15;91.583;10.11
465;4;16;57.108;11.3
466;4;17;45.512;0.77
467;4;17;47.847;16.92
468;4;18;103.777;19.02
469;4;18;93.594;9.71
470;4;18;82.739;16.39
471;4;19;48.832;17.89
472;4;20;50.384;17.67
473;4;20;61.97;9.66
474;4;21;107.715;12.23
475;4;21;83.067;7.93
476;4;22;44.149;18.58
477;4;23;45.992;8.27
478;4;23;53.326;3.45
479;4;24;60.087;18.01
480;4;24;45.071;3.14
481;4;24;61.292;3.97
482;4;25;49.364;14.91
483;4;25;60.491;1.71
484;4;25;49.519;7.52
485;4;26;44.999;4.05
486;4;27;43.017;18.25
487;4;27;41.373;23.46
488;4;27;52.298;1.26
489;4;28;46.414;9.59
490;4;28;53.303;24.52
491;4;29;32.067;21.85
492;4;29;31.454;20.94
493;4;30;102.722;6.74
494;4;30;124.06;19.0
495;4;30;91.163;21.94
496;4;31;35.025;1.7
497;4;31;29.763;20.02
498;4;32;94.2;4.45
499;4;32;83.682;21.94
500;4;33;14.458;9.45
501;4;33;14.426;6.57
502;4;34;80.908;11.31
503;4;34;88.027;11.03
504;4;35;36.867;22.52
505;4;36;66.208;20.59
506;4;36;73.701;15.48
507;4;36;50.315;18.15
508;4;37;59.458;22.48
509;4;37;64.173;11.38
510;4;37;48.516;12.08
511;4;38;52.055;1.55
512;4;38;59.174;8.93
513;4;39;55.097;1.77
514;4;40;2.288;9.2
515;4;40;2.38;6.32
516;4;41;45.992;19.39
517;4;42;73.841;24.27
518;4;42;73.414;0.88
519;4;42;76.931;16.93
520;4;43;42.419;17.29
521;4;43;49.643;17.07
522;4;43;36.864;9.5
523;4;44;93.718;20.2
524;4;45;50.429;14.08
525;4;45;38.403;17.35
526;4;45;38.784;15.15
527;4;46;41.229;8.73
528;4;46;44.543;15.69
529;4;46;50.089;14.51
530;4;47;50.197;2.12
531;4;47;48.966;18.49
532;4;47;43.783;7.08
533;4;48;47.294;3.63
534;4;49;45.296;23.15
535;4;50;56.245;9.17
536;4;51;45.434;23.17
537;4;52;88.145;15.77
538;4;52;87.39;17.09
539;4;53;48.153;24.09
540;4;54;44.765;22.57
541;4;54;55.878;10.0
542;4;55;51.935;16.1
543;4;55;44.829;10.05
544;4;56;40.279;18.55
545;4;56;42.963;21.29
546;4;56;50.12;22.03
547;4;57;123.244;13.45
548;4;57;132.043;20.12
549;4;57;116.296;24.09
550;4;58;8.742;2.61
551;4;58;7.208;20.99
552;4;58;10.186;19.55
553;4;59;28.285;14.69
554;4;59;31.356;4.19
555;5;6;9.238;7.86
556;5;6;11.531;24.38
557;5;7;39.488;24.77
558;5;7;34.437;1.82
559;5;7;39.695;9.69
560;5;8;33.419;20.08
561;5;9;29.973;2.14
562;5;9;34.608;22.12
563;5;9;37.437;15.73
564;5;10;46.181;21.67
565;5;10;52.702;8.99
566;5;11;49.291;11.46
567;5;12;54.245;6.72
568;5;13;9.975;24.22
569;5;13;8.516;13.74
570;5;13;7.704;2.75
571;5;14;27.463;7.07
572;5;14;28.728;6.59
573;5;15;34.854;11.41
574;5;15;31.532;21.9
575;5;16;19.858;23.78
576;5;16;18.548;21.58
577;5;16;15.143;1.76
578;5;17;27.071;17.57
579;5;17;28.853;16.4
580;5;17;26.156;24.61
581;5;18;57.641;11.56
582;5;18;61.776;8.23
583;5;19;7.264;7.63
584;5;20;29.967;15.74
585;5;20;25.796;22.5
586;5;21;70.732;19.09
587;5;21;84.266;15.49
588;5;21;74.884;1.15
589;5;22;17.667;7.0
590;5;23;27.657;1.24
591;5;23;30.446;10.71
592;5;24;36.182;18.39
593;5;24;30.121;24.59
594;5;25;32.631;7.45
595;5;25;37.693;15.6
596;5;25;27.123;9.06
597;5;26;22.291;3.53
598;5;26;18.704;6.52
599;5;27;10.686;3.26
600;5;27;11.656;0.91
601;5;28;28.847;1.2
602;5;28;35.954;4.64
603;5;28;35.881;20.0
604;5;29;29.991;18.69
605;5;29;27.561;23.08
606;5;29;30.378;9.3
607;5;30;69.654;17.2
608;5;31;38.752;0.79
609;5;31;32.785;7.91
610;5;31;48.196;8.14
611;5;32;41.27;22.03
612;5;32;46.421;15.09
613;5;32;43.876;13.56
614;5;33;40.666;0.44
615;5;33;50.402;23.58
616;5;33;47.617;2.95
617;5;34;50.588;22.46
618;5;34;48.595;8.39
619;5;34;39.258;5.5
620;5;35;35.886;14.88
621;5;35;42.386;22.61
622;5;36;19.964;9.78
623;5;37;17.743;11.07
624;5;38;4.411;15.0
625;5;38;4.329;1.9
626;5;38;4.617;22.03
627;5;39;4.41;12.19
628;5;40;55.748;15.64
629;5;41;27.657;17.88
630;5;41;27.743;24.65
631;5;41;33.32;15.05
632;5;42;21.784;5.42
633;5;42;24.341;20.95
634;5;43;26.148;3.1
635;5;44;45.674;5.01
636;5;45;31.148;24.8
637;5;45;27.657;9.14
638;5;46;12.572;17.18
639;5;46;10.108;9.99
640;5;46;10.225;7.93
641;5;47;33.071;3.71
642;5;47;37.591;7.64
643;5;47;38.624;9.1
644;5;48;36.161;23.44
645;5;48;35.962;20.51
646;5;49;42.897;1.22
647;5;49;46.158;1.39
648;5;50;3.37;13.06
649;5;50;3.382;18.83
650;5;50;3.688;13.62
651;5;51;9.785;24.28
652;5;52;50.533;7.54
653;5;52;58.194;1.22
654;5;52;41.366;2.98
655;5;53;8.465;3.39
656;5;54;10.142;7.18
657;5;55;16.17;13.49
658;5;55;13.266;6.52
659;5;56;39.788;7.48
660;5;57;77.35;11.1
661;5;57;67.775;6.98
662;5;57;90.699;11.3
663;5;58;52.326;4.71
664;5;59;36.549;23.03
665;5;59;37.058;8.1
666;5;59;27.589;15.8
667;6;7;30.314;3.42
668;6;7;28.223;10.49
669;6;8;24.601;8.81
670;6;8;29.312;18.0
671;6;8;25.447;0.06
672;6;9;21.053;11.0
673;6;9;22.157;24.54
674;6;10;37.998;13.77
675;6;10;43.786;15.98
676;6;11;48.521;9.22
677;6;11;49.583;21.15
678;6;11;41.989;13.59
679;6;12;48.824;13.74
680;6;12;46.522;6.49
681;6;12;42.806;24.36
682;6;13;3.134;18.21
683;6;14;20.413;16.92
684;6;14;21.314;1.71
685;6;14;17.58;23.95
686;6;15;42.679;14.6
687;6;15;48.178;17.39
688;6;16;28.717;13.74
689;6;16;28.988;4.42
690;6;16;30.853;20.53
691;6;17;18.125;18.57
692;6;18;65.94;8.69
693;6;18;66.693;22.16
694;6;18;64.043;19.37
695;6;19;3.827;11.3
696;6;20;20.74;3.32
697;6;20;16.658;4.0
698;6;20;23.129;6.48
699;6;21;65.123;15.77
700;6;22;9.569;14.79
701;6;22;8.856;7.7
702;6;22;10.382;15.29
703;6;23;18.66;9.07
704;6;23;15.463;2.42
705;6;23;21.661;0.48
706;6;24;27.199;6.52
707;6;24;26.766;17.94
708;6;25;23.447;0.12
709;6;25;22.097;23.12
710;6;26;13.515;10.62
711;6;27;10.054;12.7
712;6;27;7.876;19.82
713;6;27;10.834;17.25
714;6;28;19.813;23.11
715;6;28;23.096;24.1
716;6;29;23.466;19.69
717;6;29;19.667;10.03
718;6;30;63.137;7.04
719;6;30;60.027;15.85
720;6;30;76.79;20.95
721;6;31;31.014;3.5
722;6;31;38.569;20.98
723;6;32;46.911;20.8
724;6;33;39.813;16.68
725;6;33;46.172;1.81
726;6;34;43.031;23.45
727;6;34;39.86;11.21
728;6;35;27.936;14.36
729;6;36;29.071;11.86
730;6;36;28.259;10.24
731;6;37;10.896;13.18
732;6;38;4.83;5.44
733;6;38;5.218;13.45
734;6;39;6.439;1.21
735;6;40;53.226;1.99
736;6;41;18.66;2.21
737;6;42;29.047;23.73
738;6;42;31.228;7.4
739;6;43;17.643;12.88
740;6;43;20.453;14.96
741;6;44;53.755;16.26
742;6;44;65.223;16.98
743;6;44;57.163;14.74
744;6;45;21.925;10.27
745;6;45;20.281;11.01
746;6;46;11.138;24.27
747;6;47;23.863;11.75
748;6;47;28.767;19.8
749;6;48;27.111;1.08
750;6;49;34.073;2.57
751;6;49;33.968;22.76
752;6;49;28.303;22.07
753;6;50;12.194;24.23
754;6;51;6.317;14.5
755;6;51;7.718;18.89
756;6;51;6.68;20.69
757;6;52;44.586;10.71
758;6;52;44.246;17.06
759;6;53;3.584;4.43
760;6;53;3.938;11.21
761;6;53;3.541;15.22
762;6;54;7.058;24.68
763;6;54;6.475;20.31
764;6;55;7.038;20.14
765;6;56;31.379;4.35
766;6;56;35.447;22.07
767;6;57;74.701;18.14
768;6;57;83.267;23.09
769;6;57;89.847;1.41
770;6;58;48.466;11.49
771;6;59;30.107;8.33
772;6;59;31.557;6.32
773;6;59;24.017;9.33
774;7;8;14.4;9.75
775;7;8;16.486;15.17
776;7;8;13.432;4.65
777;7;9;10.323;22.2
778;7;9;11.669;2.48
779;7;10;23.621;14.91
780;7;11;53.965;2.91
781;7;11;57.622;23.56
782;7;12;37.763;5.75
783;7;12;37.188;10.14
784;7;12;29.883;11.83
785;7;13;29.821;3.05
786;7;13;33.104;5.8
787;7;14;19.811;17.95
788;7;15;71.81;4.7
789;7;16;58.016;6.91
790;7;16;57.065;11.65
791;7;16;53.524;24.61
792;7;17;12.858;1.48
793;7;18;95.389;3.66
794;7;19;32.62;7.3
795;7;19;30.863;14.08
796;7;20;9.749;7.88
797;7;20;10.931;10.87
798;7;21;58.279;1.34
799;7;21;53.71;18.82
800;7;22;22.821;24.25
801;7;22;20.863;20.41
802;7;22;20.579;7.9
803;7;23;12.156;1.08
804;7;23;10.752;5.81
805;7;24;12.0;23.86
806;7;25;6.869;2.94
807;7;25;6.3;23.54
808;7;26;17.705;20.11
809;7;26;17.293;2.05
810;7;26;15.803;1.13
811;7;27;34.348;15.58
812;7;27;42.19;16.29
813;7;27;30.036;9.43
814;7;28;10.905;19.31
815;7;29;21.487;21.04
816;7;29;17.229;1.2
817;7;29;23.548;21.62
818;7;30;52.433;24.53
819;7;30;52.382;20.95
820;7;30;62.385;16.73
821;7;31;15.801;24.44
822;7;32;72.778;11.78
823;7;32;79.443;16.59
824;7;33;47.282;10.65
825;7;33;50.684;22.74
826;7;34;31.063;9.67
827;7;35;14.02;13.25
828;7;36;59.384;22.62
829;7;36;56.626;23.16
830;7;36;47.979;23.94
831;7;37;27.411;8.07
832;7;38;35.092;20.16
833;7;39;36.496;15.4
834;7;39;43.04;5.8
835;7;39;44.45;11.84
836;7;40;52.078;23.02
837;7;40;52.011;1.98
838;7;41;12.156;17.64
839;7;41;14.571;1.15
840;7;42;58.017;22.02
841;7;43;15.128;16.62
842;7;43;18.813;1.87
843;7;43;14.023;13.24
844;7;44;83.027;2.38
845;7;44;81.19;23.56
846;7;45;8.556;23.03
847;7;45;7.59;9.43
848;7;46;33.502;16.66
849;7;46;38.089;9.99
850;7;46;35.616;23.3
851;7;47;6.533;17.87
852;7;48;4.283;23.16
853;7;49;7.549;19.16
854;7;49;5.781;13.48
855;7;49;7.102;21.55
856;7;50;42.507;16.17
857;7;50;44.576;0.0
858;7;50;33.555;0.09
859;7;51;31.705;4.95
860;7;52;40.482;11.94
861;7;52;36.972;21.5
862;7;53;31.487;2.62
863;7;54;31.911;9.9
864;7;55;23.871;10.54
865;7;55;18.789;6.33
866;7;56;10.797;1.87
867;7;56;10.51;6.64
868;7;56;10.302;17.99
869;7;57;77.822;7.03
870;7;57;87.248;12.24
871;7;58;43.708;5.37
872;7;58;53.705;20.02
873;7;58;51.331;15.22
874;7;59;22.688;19.45
875;8;9;15.372;3.54
876;8;9;15.429;20.68
877;8;10;14.501;9.81
878;8;10;12.731;12.9
879;8;10;16.448;7.86
880;8;11;61.754;11.0
881;8;11;72.846;1.67
882;8;12;50.168;17.77
883;8;13;25.644;7.97
884;8;13;26.792;15.72
885;8;14;25.526;2.45
886;8;14;31.323;19.54
887;8;14;21.655;22.05
888;8;15;61.687;4.62
889;8;15;52.605;4.85
890;8;15;58.902;22.44
891;8;16;53.228;1.17
892;8;16;63.747;0.52
893;8;16;61.846;20.88
894;8;17;15.208;23.05
895;8;17;15.035;5.39
896;8;18;85.235;11.19
897;8;18;94.828;9.9
898;8;19;28.044;17.18
899;8;19;26.521;18.52
900;8;19;34.59;7.36
901;8;20;10.085;10.19
902;8;21;47.29;15.63
903;8;22;21.551;4.81
904;8;22;25.959;10.18
905;8;23;14.627;3.66
906;8;23;15.082;20.58
907;8;24;3.361;1.38
908;8;24;3.584;2.34
909;8;25;11.546;6.29
910;8;25;14.117;1.01
911;8;26;17.568;22.9
912;8;26;13.715;14.63
913;8;26;17.9;7.66
914;8;27;32.326;13.14
915;8;28;14.075;9.01
916;8;28;17.242;12.3
917;8;29;28.573;9.06
918;8;30;42.91;2.4
919;8;30;53.492;20.58
920;8;31;27.476;22.65
921;8;32;60.565;11.48
922;8;32;50.817;22.62
923;8;32;52.229;16.45
924;8;33;53.966;6.76
925;8;33;50.673;21.21
926;8;33;54.189;14.28
927;8;34;21.106;13.77
928;8;34;22.421;24.46
929;8;34;19.872;10.49
930;8;35;24.63;24.35
931;8;35;27.174;15.01
932;8;35;24.084;7.7
933;8;36;52.053;15.88
934;8;36;52.396;9.6
935;8;36;61.751;6.12
936;8;37;17.085;6.66
937;8;38;29.21;21.53
938;8;39;29.451;5.96
939;8;40;62.109;24.34
940;8;40;72.851;12.98
941;8;40;52.522;8.4
942;8;41;14.627;6.53
943;8;41;11.189;18.44
944;8;41;12.584;20.0
945;8;42;48.168;16.51
946;8;43;18.504;23.01
947;8;43;18.812;5.73
948;8;44;72.833;12.23
949;8;45;10.121;19.91
950;8;45;10.286;1.29
951;8;45;11.102;17.27
952;8;46;32.276;16.75
953;8;46;32.353;24.14
954;8;47;10.847;8.54
955;8;47;13.31;9.55
956;8;48;15.178;22.24
957;8;48;11.437;12.74
958;8;48;18.265;5.03
959;8;49;21.825;2.0
960;8;49;25.262;3.48
961;8;49;27.03;12.49
962;8;50;35.754;21.86
963;8;51;28.693;24.87
964;8;51;28.002;0.48
965;8;52;27.834;9.02
966;8;52;32.392;18.19
967;8;52;25.649;0.47
968;8;53;27.211;8.99
969;8;53;33.942;17.66
970;8;53;23.597;7.46
971;8;54;29.198;18.72
972;8;55;17.639;18.55
973;8;55;14.708;13.21
974;8;55;20.068;8.69
975;8;56;23.627;22.72
976;8;56;20.421;18.36
977;8;56;29.229;16.7
978;8;57;64.423;19.86
979;8;57;72.194;4.54
980;8;57;79.012;10.52
981;8;58;54.542;10.61
982;8;58;52.831;7.17
983;8;58;46.271;0.5
984;8;59;32.509;16.56
985;9;10;28.859;24.33
986;9;11;46.758;6.12
987;9;12;35.483;4.16
988;9;13;20.072;4.57
989;9;13;20.86;10.0
990;9;14;10.748;12.88
991;9;14;8.062;14.87
992;9;15;63.49;10.12
993;9;15;72.835;0.1
994;9;16;47.93;14.92
995;9;17;2.93;24.02
996;9;18;86.899;2.32
997;9;19;22.87;2.84
998;9;19;22.587;24.78
999;9;19;28.266;15.45
1000;9;20;5.307;3.71
1001;9;20;6.608;14.89
1002;9;20;4.739;22.17
1003;9;21;62.614;19.38
1004;9;21;56.277;9.95
1005;9;22;12.704;2.18
1006;9;22;12.315;8.8
1007;9;23;2.493;23.63
1008;9;23;2.186;2.6
1009;9;23;2.771;6.47
1010;9;24;15.151;22.99
1011;9;25;4.784;18.49
1012;9;26;7.711;11.11
1013;9;27;24.083;7.17
1014;9;27;27.848;16.55
1015;9;28;1.755;4.63
1016;9;29;13.413;1.7
1017;9;29;15.649;13.75
1018;9;29;10.839;5.04
1019;9;30;57.892;0.2
1020;9;31;13.189;12.81
1021;9;31;10.616;12.06
1022;9;31;13.202;6.91
1023;9;32;66.028;9.33
1024;9;32;52.357;2.21
1025;9;32;68.371;9.72
1026;9;33;39.311;14.19
1027;9;33;39.423;2.61
1028;9;34;36.006;5.12
1029;9;34;44.812;19.82
1030;9;34;27.293;1.18
1031;9;35;9.971;16.43
1032;9;35;8.865;17.29
1033;9;35;7.794;17.39
1034;9;36;49.936;23.98
1035;9;36;58.986;16.32
1036;9;36;51.035;5.49
1037;9;37;20.993;9.34
1038;9;38;25.659;12.63
1039;9;38;24.827;13.44
1040;9;39;27.449;22.59
1041;9;39;22.448;23.87
1042;9;40;46.738;1.14
1043;9;40;39.192;20.7
1044;9;41;2.493;2.98
1045;9;41;2.738;6.28
1046;9;42;49.732;11.51
1047;9;42;48.773;2.16
1048;9;42;47.345;19.1
1049;9;43;4.84;3.78
1050;9;43;5.768;13.29
1051;9;44;74.643;2.04
1052;9;44;75.315;14.95
1053;9;45;5.349;15.71
1054;9;45;6.262;15.13
1055;9;46;23.19;22.18
1056;9;46;20.521;4.69
1057;9;47;5.652;8.36
1058;9;47;6.531;19.76
1059;9;47;4.932;24.98
1060;9;48;6.364;14.32
1061;9;48;6.909;2.91
1062;9;48;4.937;1.4
1063;9;49;13.035;0.15
1064;9;49;11.442;21.81
1065;9;50;33.145;14.45
1066;9;51;21.618;18.45
1067;9;51;19.941;24.94
1068;9;52;43.161;12.49
1069;9;52;36.272;6.95
1070;9;52;51.852;5.39
1071;9;53;21.696;19.06
1072;9;53;22.183;8.63
1073;9;53;24.382;11.32
1074;9;54;21.767;24.86
1075;9;55;15.474;2.72
1076;9;56;11.204;1.33
1077;9;56;10.315;18.96
1078;9;57;79.27;21.21
1079;9;58;39.235;24.77
1080;9;58;37.731;11.62
1081;9;58;40.198;22.8
1082;9;59;17.194;14.84
1083;9;59;16.694;10.38
1084;9;59;13.264;0.43
1085;10;11;75.617;1.95
1086;10;11;69.048;6.48
1087;10;12;61.384;15.44
1088;10;13;39.493;19.75
1089;10;13;34.919;19.66
1090;10;14;39.479;16.21
1091;10;14;40.372;19.51
1092;10;15;70.123;18.19
1093;10;16;65.986;9.2
1094;10;17;29.303;7.74
1095;10;17;34.17;20.55
1096;10;18;93.102;7.38
1097;10;19;41.666;12.58
1098;10;20;23.888;0.01
1099;10;20;22.628;14.26
1100;10;21;34.657;18.1
1101;10;22;36.011;2.73
1102;10;22;37.728;7.65
1103;10;22;41.437;4.15
1104;10;23;28.647;15.42
1105;10;23;35.439;9.7
1106;10;23;25.868;10.58
1107;10;24;13.725;16.89
1108;10;24;12.755;12.73
1109;10;25;24.314;3.22
1110;10;25;29.287;5.73
1111;10;26;32.05;10.54
1112;10;27;46.477;0.47
1113;10;27;42.602;12.58
1114;10;27;49.041;7.99
1115;10;28;27.879;15.53
1116;10;28;30.48;21.18
1117;10;28;30.601;13.92
1118;10;29;42.272;19.03
1119;10;29;32.087;4.32
1120;10;29;50.825;6.2
1121;10;30;29.136;9.86
1122;10;31;39.149;15.58
1123;10;32;66.005;21.74
1124;10;32;58.272;1.0
1125;10;33;68.074;23.67
1126;10;33;59.416;22.7
1127;10;33;78.538;11.8
1128;10;34;7.444;0.63
1129;10;34;6.395;16.85
1130;10;34;7.882;2.19
1131;10;35;36.838;11.65
1132;10;36;63.342;8.17
1133;10;36;65.888;14.06
1134;10;36;71.745;17.33
1135;10;37;28.594;20.7
1136;10;37;31.763;4.96
1137;10;37;27.251;1.3
1138;10;38;42.271;15.02
1139;10;38;38.903;2.89
1140;10;38;36.568;11.49
1141;10;39;41.918;23.94
1142;10;39;35.545;7.76
1143;10;40;75.07;17.45
1144;10;40;86.094;12.96
1145;10;40;63.046;5.76
1146;10;41;28.647;15.02
1147;10;41;22.178;17.45
1148;10;41;25.024;6.38
1149;10;42;57.399;13.19
1150;10;42;54.581;23.09
1151;10;42;45.296;20.99
1152;10;43;32.631;11.06
1153;10;43;34.137;6.71
1154;10;43;37.985;24.46
1155;10;44;80.897;0.87
1156;10;45;23.543;16.18
1157;10;46;46.565;22.13
1158;10;47;23.458;15.88
1159;10;48;26.448;13.43
1160;10;48;24.237;6.63
1161;10;49;30.731;9.27
1162;10;49;31.605;0.42
1163;10;50;48.04;19.12
1164;10;51;42.726;12.56
1165;10;51;37.558;4.03
1166;10;51;53.124;13.85
1167;10;52;18.077;24.59
1168;10;52;19.09;21.91
1169;10;53;40.964;24.97
1170;10;53;30.981;4.88
1171;10;53;38.769;20.84
1172;10;54;43.283;13.41
1173;10;55;31.358;10.76
1174;10;56;34.38;19.87
1175;10;56;41.59;19.99
1176;10;56;31.974;19.88
1177;10;57;55.48;14.85
1178;10;57;53.68;21.76
1179;10;58;67.007;1.28
1180;10;58;72.498;13.03
1181;10;58;65.064;21.75
1182;10;59;45.309;14.3
1183;10;59;55.559;12.83
1184;10;59;36.397;21.16
1185;11;12;27.076;8.1
1186;11;13;45.399;6.72
1187;11;14;36.232;19.49
1188;11;14;37.704;22.71
1189;11;15;78.233;11.89
1190;11;16;49.934;11.67
1191;11;17;46.546;9.51
1192;11;17;46.78;11.59
1193;11;17;36.265;20.56
1194;11;18;96.25;21.14
1195;11;18;89.367;3.23
1196;11;19;45.714;11.89
1197;11;20;51.814;19.1
1198;11;20;62.883;20.13
1199;11;20;43.816;20.88
1200;11;21;108.905;9.69
1201;11;22;43.076;14.38
1202;11;22;38.091;16.32
1203;11;22;39.589;23.1
1204;11;23;47.138;9.6
1205;11;23;52.753;17.32
1206;11;23;37.829;21.15
1207;11;24;61.902;9.61
1208;11;24;52.418;1.18
1209;11;24;60.917;12.8
1210;11;25;51.362;18.92
1211;11;25;64.135;4.38
1212;11;26;45.011;23.24
1213;11;26;50.576;20.79
1214;11;26;49.298;16.7
1215;11;27;39.399;20.36
1216;11;27;39.955;7.22
1217;11;28;47.793;16.42
1218;11;28;56.545;4.16
1219;11;29;33.346;12.75
1220;11;29;26.412;0.31
1221;11;29;40.204;10.52
1222;11;30;104.601;12.7
1223;11;31;38.857;3.91
1224;11;31;38.334;17.92
1225;11;32;88.825;0.05
1226;11;33;8.722;2.11
1227;11;33;6.764;18.74
1228;11;33;10.142;15.07
1229;11;34;82.719;22.43
1230;11;35;39.983;10.66
1231;11;35;49.591;6.91
1232;11;36;59.672;6.8
1233;11;36;49.009;14.01
1234;11;36;51.634;18.8
1235;11;37;57.987;9.75
1236;11;37;70.531;12.21
1237;11;38;48.597;19.26
1238;11;38;55.8;6.57
1239;11;39;51.562;24.45
1240;11;39;52.08;13.79
1241;11;39;57.751;4.78
1242;11;40;11.417;2.65
1243;11;40;11.598;2.26
1244;11;41;47.138;19.69
1245;11;41;36.845;12.57
1246;11;41;44.407;16.34
1247;11;42;68.337;12.24
1248;11;42;57.154;0.65
1249;11;43;43.259;2.61
1250;11;43;50.513;2.44
1251;11;43;35.285;13.07
1252;11;44;86.713;9.24
1253;11;44;72.658;9.02
1254;11;44;101.944;18.05
1255;11;45;52.082;8.93
1256;11;45;48.238;13.96
1257;11;45;40.023;12.93
1258;11;46;37.798;6.75
1259;11;47;52.231;8.37
1260;11;48;50.094;7.74
1261;11;48;51.853;17.53
1262;11;49;49.527;9.15
1263;11;49;57.93;3.38
1264;11;50;51.67;24.49
1265;11;51;42.419;21.38
1266;11;51;43.043;22.31
1267;11;51;46.362;15.88
1268;11;52;88.799;16.94
1269;11;52;107.211;21.22
1270;11;53;45.243;0.52
1271;11;53;44.88;3.31
1272;11;54;41.697;6.31
1273;11;54;33.138;2.43
1274;11;54;48.562;13.19
1275;11;55;50.669;19.35
1276;11;55;55.591;21.95
1277;11;55;47.231;12.42
1278;11;56;44.173;15.7
1279;11;56;41.006;16.17
1280;11;56;49.16;11.66
1281;11;57;122.504;7.76
1282;11;57;150.154;17.93
1283;11;58;17.231;16.6
1284;11;59;31.387;6.35
1285;11;59;25.161;2.93
1286;11;59;28.34;16.62
1287;12;13;46.063;16.7
1288;12;13;34.624;19.01
1289;12;14;28.971;16.59
1290;12;14;22.344;6.26
1291;12;14;31.193;9.04
1292;12;15;88.461;23.56
1293;12;16;63.856;14.86
1294;12;17;37.002;1.02
1295;12;17;44.356;4.16
1296;12;17;32.104;24.31
1297;12;18;109.833;13.15
1298;12;19;47.882;2.69
1299;12;19;38.933;0.79
1300;12;19;58.867;18.9
1301;12;20;40.599;18.67
1302;12;21;96.041;2.93
1303;12;21;97.366;4.86
1304;12;22;39.848;18.8
1305;12;23;37.21;22.98
1306;12;23;30.456;23.52
1307;12;23;36.064;21.89
1308;12;24;48.874;11.67
1309;12;24;60.503;7.17
1310;12;24;55.607;4.06
1311;12;25;38.631;23.09
1312;12;25;43.588;2.48
1313;12;25;47.944;2.17
1314;12;26;38.502;20.67
1315;12;26;29.781;20.38
1316;12;27;43.764;12.01
1317;12;27;34.318;23.51
1318;12;27;48.994;4.62
1319;12;28;37.142;5.63
1320;12;28;31.062;17.13
1321;12;28;39.675;10.77
1322;12;29;25.585;0.08
1323;12;30;90.045;8.91
1324;12;30;94.412;7.45
1325;12;30;72.532;7.75
1326;12;31;22.692;16.39
1327;12;32;95.326;10.87
1328;12;32;74.827;7.19
1329;12;32;94.979;3.76
1330;12;33;26.588;15.7
1331;12;34;68.826;16.27
1332;12;34;55.399;11.8
1333;12;35;25.626;14.2
1334;12;35;29.053;19.36
1335;12;36;70.996;0.76
1336;12;36;85.639;21.65
1337;12;36;82.153;22.08
1338;12;37;54.329;11.95
1339;12;37;61.984;11.11
1340;12;37;46.159;13.78
1341;12;38;51.433;1.93
1342;12;39;54.347;9.75
1343;12;40;18.71;12.6
1344;12;40;19.847;22.9
1345;12;41;37.21;15.98
1346;12;41;30.712;21.2
1347;12;42;75.973;22.79
1348;12;42;87.4;23.13
1349;12;43;34.699;17.35
1350;12;44;98.653;22.92
1351;12;44;118.99;18.03
1352;12;45;40.228;13.06
1353;12;45;40.181;17.19
1354;12;46;41.877;9.81
1355;12;46;47.493;22.49
1356;12;46;51.665;2.01
1357;12;47;39.322;7.73
1358;12;48;35.297;21.59
1359;12;48;31.814;6.64
1360;12;49;30.947;14.59
1361;12;50;57.482;10.14
1362;12;50;65.186;17.61
1363;12;51;44.693;10.83
1364;12;51;37.163;18.29
1365;12;51;34.954;24.76
1366;12;52;77.783;13.97
1367;12;53;46.875;18.98
1368;12;54;44.213;15.21
1369;12;54;34.44;12.5
1370;12;55;47.073;20.34
1371;12;56;27.034;15.37
1372;12;56;33.325;1.32
1373;12;57;114.568;0.44
1374;12;57;142.052;18.13
1375;12;58;10.032;23.13
1376;12;58;11.361;20.91
1377;12;59;19.222;16.54
1378;12;59;17.616;23.14
1379;13;14;18.034;13.96
1380;13;15;44.461;6.43
1381;13;15;33.365;17.61
1382;13;16;28.38;20.45
1383;13;16;28.873;17.82
1384;13;17;17.198;19.09
1385;13;17;15.933;14.62
1386;13;17;20.578;11.05
1387;13;18;67.493;2.52
1388;13;19;2.805;17.43
1389;13;19;2.165;6.08
1390;13;19;2.354;10.81
1391;13;20;20.552;6.49
1392;13;21;67.603;11.6
1393;13;21;76.098;13.4
1394;13;22;7.708;4.6
1395;13;22;7.751;9.68
1396;13;22;6.317;0.6
1397;13;23;17.815;13.11
1398;13;23;17.201;14.34
1399;13;24;27.982;10.85
1400;13;24;29.259;9.97
1401;13;25;23.02;21.46
1402;13;25;27.358;16.12
1403;13;25;28.077;13.22
1404;13;26;12.365;19.45
1405;13;26;14.076;7.34
1406;13;26;11.027;12.53
1407;13;27;7.406;20.77
1408;13;28;19.032;22.44
1409;13;29;20.912;10.28
1410;13;29;20.542;1.56
1411;13;30;65.343;18.96
1412;13;30;67.607;18.01
1413;13;31;29.019;23.87
1414;13;32;49.42;20.95
1415;13;32;58.715;5.19
1416;13;33;36.695;5.68
1417;13;33;43.187;14.07
1418;13;33;35.205;7.49
1419;13;34;44.869;19.76
1420;13;35;26.057;8.4
1421;13;35;23.376;21.63
1422;13;36;29.895;7.91
1423;13;37;13.514;24.76
1424;13;38;5.893;14.92
1425;13;39;8.447;1.79
1426;13;40;50.115;0.35
1427;13;40;39.152;12.98
1428;13;40;48.532;1.12
1429;13;41;17.815;7.15
1430;13;42;31.01;21.81
1431;13;43;16.173;10.65
1432;13;44;55.425;10.77
1433;13;45;21.699;12.66
1434;13;45;19.688;18.64
1435;13;45;20.69;22.61
1436;13;46;8.231;20.48
1437;13;47;23.534;11.69
1438;13;47;28.802;24.48
1439;13;47;18.371;2.51
1440;13;48;26.329;16.97
1441;13;48;28.027;1.66
1442;13;49;32.94;6.33
1443;13;50;13.258;23.32
1444;13;50;10.584;6.94
1445;13;50;13.432;8.92
1446;13;51;3.504;13.9
1447;13;51;4.094;12.34
1448;13;52;47.031;7.74
1449;13;52;47.271;10.46
1450;13;53;1.678;2.37
1451;13;53;2.038;22.35
1452;13;53;1.276;18.34
1453;13;54;4.209;19.72
1454;13;54;3.291;19.18
1455;13;54;3.21;20.92
1456;13;55;8.136;21.26
1457;13;55;7.233;16.32
1458;13;56;29.834;19.47
1459;13;56;37.243;9.81
1460;13;57;77.694;20.07
1461;13;57;60.541;6.97
1462;13;58;45.454;20.7
1463;13;58;46.966;16.12
1464;13;59;27.562;21.88
1465;13;59;27.504;20.02
1466;13;59;31.164;7.88
1467;14;15;62.303;21.33
1468;14;15;77.529;3.22
1469;14;15;73.539;3.54
1470;14;16;42.406;9.19
1471;14;17;10.322;3.62
1472;14;17;11.478;5.71
1473;14;18;85.017;7.69
1474;14;19;20.363;2.08
1475;14;19;20.163;14.24
1476;14;20;15.606;3.18
1477;14;20;13.134;18.96
1478;14;21;72.753;16.18
1479;14;21;59.63;12.29
1480;14;22;11.015;15.73
1481;14;22;11.215;6.92
1482;14;22;12.856;7.19
1483;14;23;10.906;7.9
1484;14;23;11.616;18.07
1485;14;24;25.756;6.97
1486;14;25;15.512;6.52
1487;14;25;14.291;16.6
1488;14;26;9.857;10.53
1489;14;27;18.528;14.31
1490;14;27;22.449;7.6
1491;14;27;20.235;4.8
1492;14;28;11.6;3.94
1493;14;28;12.841;9.17
1494;14;28;14.051;19.08
1495;14;29;3.511;7.02
1496;14;29;3.342;15.88
1497;14;29;3.206;21.38
1498;14;30;68.379;8.79
1499;14;31;11.562;23.92
1500;14;31;9.948;16.24
1501;14;31;8.675;22.67
1502;14;32;67.324;1.87
1503;14;32;70.063;8.25
1504;14;33;28.603;3.59
1505;14;33;29.13;8.23
1506;14;33;21.661;19.68
1507;14;34;46.506;11.3
1508;14;34;55.886;3.15
1509;14;35;9.237;16.36
1510;14;35;8.165;1.71
1511;14;35;8.268;23.71
1512;14;36;46.588;8.72
1513;14;37;25.458;20.8
1514;14;37;24.68;17.88
1515;14;37;31.075;14.54
1516;14;38;23.842;4.2
1517;14;38;25.574;23.09
1518;14;38;23.682;5.48
1519;14;39;26.476;9.02
1520;14;40;37.204;14.63
1521;14;40;31.189;21.06
1522;14;41;10.906;24.0
1523;14;41;8.634;17.87
1524;14;41;10.922;19.42
1525;14;42;48.998;24.71
1526;14;42;44.53;10.94
1527;14;42;56.204;10.93
1528;14;43;7.079;18.92
1529;14;43;7.441;0.49
1530;14;44;73.127;9.84
1531;14;44;67.0;0.54
1532;14;44;87.624;8.35
1533;14;45;15.957;20.13
1534;14;46;17.004;7.61
1535;14;46;19.152;22.03
1536;14;46;15.926;12.54
1537;14;47;16.386;19.46
1538;14;47;15.725;5.14
1539;14;47;15.236;19.75
1540;14;48;15.536;12.95
1541;14;49;18.896;17.25
1542;14;49;21.287;19.38
1543;14;49;23.364;2.95
1544;14;50;30.833;5.12
1545;14;50;34.705;23.43
1546;14;50;35.891;24.27
1547;14;51;17.738;18.75
1548;14;51;16.016;10.68
1549;14;51;21.922;9.73
1550;14;52;52.865;8.73
1551;14;52;62.332;16.95
1552;14;52;57.017;9.04
1553;14;53;19.211;11.74
1554;14;53;22.969;9.2
1555;14;54;17.511;20.81
1556;14;54;19.332;22.44
1557;14;54;15.467;23.36
1558;14;55;18.112;5.53
1559;14;56;14.133;1.31
1560;14;56;14.957;4.58
1561;14;56;12.985;16.36
1562;14;57;87.948;3.83
1563;14;57;73.357;13.52
1564;14;57;87.45;7.57
1565;14;58;30.541;16.12
1566;14;58;24.241;23.2
1567;14;59;9.829;14.09
1568;14;59;7.396;10.92
1569;14;59;10.846;0.5
1570;15;16;28.838;11.6
1571;15;16;30.91;6.22
1572;15;17;60.572;1.15
1573;15;17;69.337;9.48
1574;15;18;23.616;21.95
1575;15;19;41.967;12.61
1576;15;19;42.844;2.91
1577;15;19;49.998;14.6
1578;15;20;62.08;8.81
1579;15;20;51.335;8.85
1580;15;20;47.112;2.64
1581;15;21;81.254;23.62
1582;15;21;75.002;22.01
1583;15;21;91.383;23.91
1584;15;22;52.091;20.76
1585;15;23;61.024;2.74
1586;15;23;52.26;10.56
1587;15;24;64.996;15.07
1588;15;25;65.084;20.5
1589;15;25;51.94;0.43
1590;15;25;49.668;12.3
1591;15;26;56.153;18.4
1592;15;26;50.703;21.21
1593;15;26;66.311;23.27
1594;15;27;44.819;1.58
1595;15;27;38.944;20.28
1596;15;27;47.144;4.07
1597;15;28;62.083;18.76
1598;15;28;69.028;18.85
1599;15;28;69.079;1.1
1600;15;29;64.83;5.8
1601;15;30;83.961;11.14
1602;15;30;79.491;6.67
1603;15;31;73.478;9.64
1604;15;31;77.826;19.31
1605;15;31;85.274;21.39
1606;15;32;15.436;7.53
1607;15;33;70.48;10.34
1608;15;33;62.716;17.26
1609;15;33;58.49;4.36
1610;15;34;71.407;8.45
1611;15;34;62.783;16.71
1612;15;35;70.506;13.44
1613;15;35;66.384;13.48
1614;15;35;74.316;16.38
1615;15;36;18.562;5.28
1616;15;36;22.004;0.68
1617;15;37;44.909;11.86
1618;15;37;55.695;9.33
1619;15;37;35.276;19.62
1620;15;38;38.57;11.04
1621;15;38;45.003;2.87
1622;15;39;36.251;12.78
1623;15;40;86.948;13.61
1624;15;40;105.049;7.06
1625;15;41;61.024;10.59
1626;15;41;71.049;8.61
1627;15;41;47.19;21.38
1628;15;42;13.798;0.47
1629;15;42;10.642;24.4
1630;15;42;10.652;9.79
1631;15;43;60.322;4.06
1632;15;43;59.729;21.67
1633;15;43;59.619;16.64
1634;15;44;11.221;12.13
1635;15;44;13.679;9.33
1636;15;44;12.799;11.77
1637;15;45;63.264;1.52
1638;15;46;46.677;21.18
1639;15;46;46.687;7.3
1640;15;46;57.251;19.65
1641;15;47;65.297;14.28
1642;15;47;78.296;16.29
1643;15;48;69.201;6.12
1644;15;48;69.558;13.49
1645;15;48;77.198;9.08
1646;15;49;76.504;14.0
1647;15;49;92.173;11.33
1648;15;50;31.488;14.5
1649;15;50;32.854;2.23
1650;15;51;44.63;18.22
1651;15;51;54.756;12.16
1652;15;52;65.379;9.75
1653;15;53;43.14;17.91
1654;15;53;48.563;16.55
1655;15;54;44.946;2.48
1656;15;54;45.22;13.57
1657;15;55;48.15;22.91
1658;15;55;53.797;0.94
1659;15;56;74.055;21.47
1660;15;56;63.544;13.33
1661;15;56;59.348;15.43
1662;15;57;75.592;17.69
1663;15;57;82.708;17.29
1664;15;58;85.25;18.55
1665;15;59;71.35;1.49
1666;15;59;80.628;5.8
1667;15;59;84.099;20.44
1668;16;17;45.195;21.86
1669;16;17;43.81;2.43
1670;16;17;51.98;24.78
1671;16;18;46.711;3.99
1672;16;18;53.569;9.7
1673;16;19;25.655;23.46
1674;16;19;28.905;24.35
1675;16;20;48.924;17.44
1676;16;21;88.529;5.98
1677;16;21;85.215;1.11
1678;16;22;35.236;15.06
1679;16;22;36.655;0.99
1680;16;23;45.875;18.09
1681;16;23;44.57;16.54
1682;16;23;50.446;22.37
1683;16;24;55.908;0.5
1684;16;24;50.902;17.7
1685;16;25;51.304;15.77
1686;16;25;62.802;21.07
1687;16;25;50.189;4.84
1688;16;26;40.323;5.33
1689;16;27;24.134;14.39
1690;16;27;23.855;9.81
1691;16;27;25.138;3.67
1692;16;28;47.122;7.47
1693;16;28;38.169;23.81
1694;16;28;58.606;12.15
1695;16;29;43.814;16.54
1696;16;29;33.702;8.72
1697;16;29;51.207;21.39
1698;16;30;88.328;17.86
1699;16;30;104.221;7.51
1700;16;30;67.661;16.81
1701;16;31;53.895;22.78
1702;16;32;41.633;24.67
1703;16;32;45.208;18.04
1704;16;33;42.68;2.71
1705;16;34;70.128;15.62
1706;16;34;81.1;9.77
1707;16;35;51.604;7.52
1708;16;36;10.835;11.01
1709;16;36;13.348;19.13
1710;16;37;37.429;17.41
1711;16;37;34.457;22.69
1712;16;38;24.021;5.91
1713;16;39;24.068;13.09
1714;16;40;59.369;0.82
1715;16;40;59.819;1.8
1716;16;40;55.206;15.08
1717;16;41;45.875;5.33
1718;16;41;42.525;8.14
1719;16;41;36.756;5.22
1720;16;42;22.443;1.72
1721;16;42;27.132;22.14
1722;16;43;43.48;7.72
1723;16;43;52.665;19.3
1724;16;43;52.482;14.22
1725;16;44;36.779;1.73
1726;16;44;41.341;2.12
1727;16;44;31.358;5.46
1728;16;45;50.062;11.65
1729;16;46;25.455;14.76
1730;16;47;51.859;5.35
1731;16;47;59.822;20.55
1732;16;48;54.29;20.87
1733;16;48;52.06;0.48
1734;16;49;60.227;13.21
1735;16;49;56.565;3.31
1736;16;49;60.723;4.64
1737;16;50;18.045;3.52
1738;16;50;19.917;14.07
1739;16;51;26.323;13.98
1740;16;52;68.942;15.16
1741;16;52;73.328;8.25
1742;16;53;26.702;12.57
1743;16;53;32.547;23.73
1744;16;53;25.135;20.72
1745;16;54;26.164;16.55
1746;16;54;25.205;16.53
1747;16;54;27.23;2.26
1748;16;55;35.755;12.81
1749;16;55;31.328;4.35
1750;16;55;38.682;18.74
1751;16;56;56.234;17.7
1752;16;56;69.942;18.16
1753;16;57;91.357;24.86
1754;16;57;93.815;14.84
1755;16;58;58.954;9.59
1756;16;58;55.997;1.12
1757;16;59;49.508;18.77
1758;16;59;44.427;15.49
1759;17;18;83.972;19.73
1760;17;19;20.0;20.75
1761;17;19;24.497;14.19
1762;17;20;5.468;1.45
1763;17;20;5.343;7.0
1764;17;21;62.439;7.19
1765;17;21;63.371;20.05
1766;17;21;48.289;17.46
1767;17;22;9.969;19.33
1768;17;23;0.76;2.19
1769;17;24;15.628;1.94
1770;17;25;6.494;23.57
1771;17;25;7.158;12.29
1772;17;26;4.879;18.27
1773;17;27;21.505;19.98
1774;17;28;1.983;4.32
1775;17;28;2.095;3.74
1776;17;29;13.464;14.98
1777;17;29;14.978;2.09
1778;17;29;11.135;7.92
1779;17;30;58.09;10.25
1780;17;30;70.41;10.25
1781;17;31;15.254;14.87
1782;17;32;63.257;0.59
1783;17;33;38.807;7.95
1784;17;33;42.323;17.6
1785;17;34;36.234;14.89
1786;17;34;44.02;17.72
1787;17;35;11.952;21.79
1788;17;35;12.673;12.0
1789;17;36;47.035;23.66
1790;17;36;51.786;1.21
1791;17;36;37.545;6.48
1792;17;37;18.455;11.94
1793;17;37;15.093;11.97
1794;17;37;14.147;15.94
1795;17;38;22.745;23.95
1796;17;38;18.019;0.26
1797;17;38;18.309;16.55
1798;17;39;24.519;19.71
1799;17;40;47.239;23.51
1800;17;40;37.85;22.9
1801;17;41;0.76;21.64
1802;17;41;0.589;7.48
1803;17;41;0.587;15.78
1804;17;42;46.819;18.17
1805;17;43;3.328;4.86
1806;17;43;3.783;0.96
1807;17;43;3.069;8.46
1808;17;44;71.72;2.29
1809;17;44;77.972;9.22
1810;17;45;6.106;23.23
1811;17;45;5.318;14.45
1812;17;45;5.628;24.87
1813;17;46;20.726;10.07
1814;17;47;7.248;10.95
1815;17;47;7.362;10.42
1816;17;48;9.141;19.0
1817;17;48;6.879;3.41
1818;17;48;10.215;14.49
1819;17;49;15.964;23.24
1820;17;49;15.436;21.27
1821;17;49;13.702;19.11
1822;17;50;30.23;6.81
1823;17;50;35.947;5.38
1824;17;50;23.727;18.94
1825;17;51;18.873;8.34
1826;17;51;20.365;21.28
1827;17;52;42.64;4.62
1828;17;53;18.835;2.46
1829;17;53;20.969;2.91
1830;17;54;19.06;13.87
1831;17;54;19.315;14.79
1832;17;54;17.587;24.22
1833;17;55;12.617;4.21
1834;17;56;13.896;1.14
1835;17;56;14.323;19.08
1836;17;57;78.211;23.93
1837;17;58;40.089;18.02
1838;17;59;18.196;19.67
1839;18;19;64.881;21.27
1840;18;19;59.036;16.35
1841;18;20;85.65;13.1
1842;18;21;100.386;16.52
1843;18;21;76.261;4.62
1844;18;22;75.189;13.25
1845;18;23;84.45;0.84
1846;18;23;63.941;10.9
1847;18;23;97.013;15.88
1848;18;24;88.556;14.47
1849;18;25;88.638;1.09
1850;18;25;69.84;22.3
1851;18;25;73.533;21.29
1852;18;26;79.454;5.0
1853;18;26;97.043;24.6
1854;18;26;65.745;12.68
1855;18;27;66.937;14.62
1856;18;28;85.535;12.65
1857;18;28;80.684;1.58
1858;18;29;87.307;15.9
1859;18;29;79.674;10.67
1860;18;30;104.258;5.72
1861;18;30;118.898;4.82
1862;18;30;127.311;15.4
1863;18;31;96.388;4.03
1864;18;31;118.377;19.18
1865;18;31;73.619;23.34
1866;18;32;29.586;13.85
1867;18;32;31.43;13.11
1868;18;32;32.288;23.15
1869;18;33;89.327;14.77
1870;18;33;75.845;6.91
1871;18;34;93.798;25.0
1872;18;34;91.486;8.48
1873;18;34;71.619;0.95
1874;18;35;93.521;21.65
1875;18;35;89.568;19.97
1876;18;36;38.888;13.49
1877;18;36;31.327;8.72
1878;18;37;68.519;6.12
1879;18;37;83.758;24.35
1880;18;37;59.33;12.65
1881;18;38;61.618;3.71
1882;18;39;59.503;20.11
1883;18;39;60.597;15.66
1884;18;40;106.029;5.76
1885;18;41;84.45;14.27
1886;18;41;64.584;22.6
1887;18;42;37.38;1.14
1888;18;42;33.832;12.92
1889;18;43;83.549;7.48
1890;18;44;12.409;4.1
1891;18;44;13.362;7.78
1892;18;44;12.481;7.18
1893;18;45;86.837;13.16
1894;18;45;93.406;13.93
1895;18;46;68.717;7.52
1896;18;46;81.972;21.45
1897;18;46;74.418;16.05
1898;18;47;88.868;3.23
1899;18;48;92.705;1.03
1900;18;48;107.883;8.62
1901;18;49;99.932;6.09
1902;18;49;124.236;22.51
1903;18;50;54.287;23.49
1904;18;51;67.282;17.25
1905;18;52;86.607;15.44
1906;18;52;106.668;14.6
1907;18;52;76.126;16.84
1908;18;53;66.075;9.05
1909;18;53;58.304;21.58
1910;18;53;75.769;14.56
1911;18;54;67.512;18.52
1912;18;54;81.696;22.06
1913;18;54;55.032;7.58
1914;18;55;71.655;5.39
1915;18;55;78.507;20.73
1916;18;55;85.405;3.82
1917;18;56;97.279;10.03
1918;18;56;102.773;11.67
1919;18;57;89.77;2.94
1920;18;57;77.867;14.27
1921;18;57;94.42;20.39
1922;18;58;105.558;22.04
1923;18;58;100.236;2.72
1924;18;58;94.581;12.26
1925;18;59;93.673;17.35
1926;18;59;84.092;20.67
1927;18;59;98.991;17.09
1928;19;20;23.312;22.05
1929;19;21;68.917;17.62
1930;19;21;70.053;5.84
1931;19;21;79.822;20.03
1932;19;22;10.416;5.16
1933;19;22;11.588;24.22
1934;19;23;20.62;4.24
1935;19;23;15.989;15.47
1936;19;24;30.495;3.38
1937;19;24;31.849;10.91
1938;19;25;25.811;1.55
1939;19;25;22.601;8.14
1940;19;25;25.487;7.49
1941;19;26;15.161;11.54
1942;19;26;12.237;3.89
1943;19;27;6.556;8.31
1944;19;28;21.837;4.44
1945;19;29;23.066;6.14
1946;19;29;24.432;3.98
1947;19;30;66.963;18.53
1948;19;31;31.539;12.15
1949;19;32;47.454;12.87
1950;19;32;40.758;2.37
1951;19;32;36.781;15.0
1952;19;33;36.992;14.42
1953;19;33;34.87;8.74
1954;19;34;46.809;16.12
1955;19;34;35.442;24.39
1956;19;35;28.64;2.28
1957;19;36;27.123;12.06
1958;19;36;32.063;21.15
1959;19;37;14.692;4.5
1960;19;37;13.636;2.74
1961;19;37;13.826;17.75
1962;19;38;3.558;11.21
1963;19;39;6.496;20.53
1964;19;39;5.879;19.43
1965;19;39;5.838;8.24
1966;19;40;51.015;13.03
1967;19;40;61.513;21.64
1968;19;41;20.62;15.29
1969;19;41;16.135;7.81
1970;19;42;28.646;21.25
1971;19;43;18.914;13.16
1972;19;43;19.511;6.9
1973;19;44;52.867;16.91
1974;19;44;58.9;15.83
1975;19;45;24.466;5.69
1976;19;45;26.381;19.02
1977;19;46;7.941;16.14
1978;19;46;8.654;22.37
1979;19;47;26.316;10.35
1980;19;47;21.317;23.86
1981;19;47;26.353;18.2
1982;19;48;29.133;17.27
1983;19;48;32.797;23.24
1984;19;48;36.12;9.73
1985;19;49;35.714;16.81
1986;19;49;28.876;13.5
1987;19;50;10.597;6.79
1988;19;50;11.333;7.09
1989;19;50;8.0;8.06
1990;19;51;3.402;19.36
1991;19;51;3.959;17.3
1992;19;52;48.392;17.04
1993;19;53;1.201;13.03
1994;19;54;4.071;3.52
1995;19;55;10.41;2.83
1996;19;55;12.035;19.96
1997;19;56;32.527;18.68
1998;19;56;39.28;2.04
1999;19;56;28.676;10.89
2000;19;57;78.082;21.65
2001;19;58;46.776;10.45
2002;19;59;29.69;9.68
2003;20;21;57.363;1.42
2004;20;21;55.971;22.71
2005;20;22;14.254;1.4
2006;20;23;4.777;10.18
2007;20;24;10.181;4.81
2008;20;24;11.992;8.23
2009;20;25;3.09;22.54
2010;20;25;2.766;22.66
2011;20;26;9.29;19.59
2012;20;26;8.845;0.02
2013;20;26;7.165;4.14
2014;20;27;25.88;18.81
2015;20;28;4.023;21.18
2016;20;28;4.669;24.74
2017;20;28;3.871;19.34
2018;20;29;18.534;9.52
2019;20;29;22.331;7.02
2020;20;29;14.191;19.64
2021;20;30;52.787;17.99
2022;20;31;18.056;15.8
2023;20;32;63.438;5.1
2024;20;33;44.188;1.77
2025;20;33;37.779;19.11
2026;20;33;52.988;24.37
2027;20;34;30.906;11.24
2028;20;34;32.48;9.96
2029;20;34;31.873;20.23
2030;20;35;14.979;10.56
2031;20;35;15.452;7.27
2032;20;35;14.316;15.47
2033;20;36;49.773;4.91
2034;20;36;44.632;16.46
2035;20;36;52.16;9.67
2036;20;37;17.99;24.25
2037;20;37;16.726;7.83
2038;20;37;17.522;16.16
2039;20;38;25.556;22.08
2040;20;38;23.706;18.82
2041;20;39;26.818;0.09
2042;20;40;52.029;13.92
2043;20;40;53.003;1.78
2044;20;40;59.894;4.17
2045;20;41;4.777;8.49
2046;20;41;4.651;4.49
2047;20;42;48.284;10.85
2048;20;42;51.762;2.14
2049;20;42;51.723;4.44
2050;20;43;8.778;19.13
2051;20;43;7.917;12.22
2052;20;43;9.983;23.05
2053;20;44;73.294;21.55
2054;20;45;1.197;8.99
2055;20;45;1.444;4.95
2056;20;45;0.986;1.08
2057;20;46;25.339;1.01
2058;20;46;31.273;1.08
2059;20;46;20.028;6.45
2060;20;47;3.218;1.9
2061;20;47;2.669;20.45
2062;20;48;7.57;10.65
2063;20;48;7.15;18.08
2064;20;49;15.226;11.46
2065;20;49;16.364;18.56
2066;20;50;32.902;5.82
2067;20;51;22.821;12.67
2068;20;51;17.469;2.33
2069;20;51;26.134;18.49
2070;20;52;37.854;12.13
2071;20;52;37.299;24.14
2072;20;52;46.825;4.53
2073;20;53;22.231;5.64
2074;20;54;23.133;11.91
2075;20;55;14.144;18.4
2076;20;55;13.412;5.62
2077;20;55;11.55;5.98
2078;20;56;15.107;11.14
2079;20;56;11.879;15.81
2080;20;57;74.04;19.81
2081;20;57;57.431;13.44
2082;20;58;44.539;7.77
2083;20;58;50.079;16.16
2084;20;59;22.496;13.37
2085;20;59;18.061;8.14
2086;21;22;66.786;5.62
2087;21;22;50.937;18.26
2088;21;23;61.891;9.86
2089;21;23;62.759;10.17
2090;21;23;71.555;4.64
2091;21;24;47.692;4.36
2092;21;24;56.514;20.08
2093;21;25;58.401;1.71
2094;21;25;62.186;15.7
2095;21;25;65.39;19.16
2096;21;26;64.018;13.44
2097;21;26;66.51;12.76
2098;21;27;75.007;10.51
2099;21;27;78.669;22.46
2100;21;27;58.75;21.85
2101;21;28;61.364;3.88
2102;21;28;71.96;8.49
2103;21;28;68.516;22.86
2104;21;29;75.858;18.05
2105;21;30;8.891;4.51
2106;21;30;7.443;24.56
2107;21;30;9.454;13.71
2108;21;31;73.727;23.3
2109;21;31;88.57;10.79
2110;21;32;70.801;5.9
2111;21;32;59.588;8.75
2112;21;32;66.841;4.04
2113;21;33;100.892;6.64
2114;21;33;108.856;5.67
2115;21;34;27.216;20.44
2116;21;35;71.28;18.38
2117;21;35;85.274;22.08
2118;21;36;82.212;17.54
2119;21;36;80.689;23.53
2120;21;36;74.066;1.25
2121;21;37;54.228;16.62
2122;21;37;40.926;17.23
2123;21;37;47.516;22.47
2124;21;38;68.043;19.08
2125;21;38;69.083;7.17
2126;21;39;66.402;12.45
2127;21;39;68.56;2.06
2128;21;39;79.05;20.07
2129;21;40;109.307;0.62
2130;21;40;120.174;7.69
2131;21;40;117.469;6.57
2132;21;41;61.891;10.54
2133;21;41;65.533;22.88
2134;21;42;72.272;17.29
2135;21;42;83.375;17.97
2136;21;43;65.684;23.47
2137;21;44;89.838;21.4
2138;21;45;57.287;21.08
2139;21;45;47.736;1.04
2140;21;46;75.698;24.12
2141;21;47;57.588;10.25
2142;21;47;49.972;13.17
2143;21;47;70.783;13.41
2144;21;48;60.987;23.65
2145;21;48;73.252;6.61
2146;21;49;65.31;7.68
2147;21;50;71.224;15.98
2148;21;51;71.106;8.34
2149;21;52;20.582;16.29
2150;21;53;68.649;23.85
2151;21;54;71.8;24.92
2152;21;55;60.128;13.87
2153;21;55;57.528;21.65
2154;21;56;69.031;12.62
2155;21;57;27.074;19.36
2156;21;58;101.471;19.8
2157;21;58;126.279;5.07
2158;21;58;82.173;18.35
2159;21;59;79.572;8.48
2160;21;59;69.05;17.53
2161;22;23;10.664;12.12
2162;22;23;11.495;14.36
2163;22;24;23.195;2.57
2164;22;24;18.1;12.13
2165;22;24;22.48;13.65
2166;22;25;16.247;5.27
2167;22;25;15.603;21.09
2168;22;26;5.126;17.89
2169;22;26;5.875;11.75
2170;22;27;11.648;23.76
2171;22;28;11.916;21.18
2172;22;28;14.628;8.87
2173;22;29;14.274;3.85
2174;22;29;17.021;24.77
2175;22;30;63.55;10.07
2176;22;30;77.787;15.57
2177;22;30;71.762;10.49
2178;22;31;21.46;14.12
2179;22;32;56.41;17.59
2180;22;32;61.03;22.55
2181;22;32;64.885;19.99
2182;22;33;34.629;13.37
2183;22;34;42.199;6.47
2184;22;34;45.005;11.37
2185;22;35;18.422;18.89
2186;22;35;14.743;22.15
2187;22;36;37.522;20.14
2188;22;37;15.322;3.04
2189;22;37;18.163;23.28
2190;22;37;18.065;21.11
2191;22;38;13.572;13.49
2192;22;38;14.692;19.37
2193;22;39;15.883;23.88
2194;22;40;46.158;0.07
2195;22;40;46.228;4.43
2196;22;41;10.664;6.66
2197;22;41;11.834;2.34
2198;22;41;10.934;24.08
2199;22;42;38.546;11.55
2200;22;42;34.412;10.09
2201;22;42;38.267;5.5
2202;22;43;8.507;2.29
2203;22;43;7.859;0.23
2204;22;43;7.826;17.98
2205;22;44;63.095;16.33
2206;22;44;76.542;16.98
2207;22;44;71.282;8.15
2208;22;45;15.282;6.62
2209;22;46;11.104;4.83
2210;22;46;9.332;18.92
2211;22;46;9.219;1.36
2212;22;47;16.888;18.6
2213;22;48;19.057;16.84
2214;22;48;20.666;6.79
2215;22;49;25.351;19.65
2216;22;49;24.05;15.07
2217;22;49;28.337;13.8
2218;22;50;20.965;0.58
2219;22;50;19.443;10.66
2220;22;51;8.916;23.83
2221;22;51;8.042;3.85
2222;22;52;46.32;23.13
2223;22;53;9.217;6.37
2224;22;53;7.958;19.49
2225;22;54;9.092;12.58
2226;22;54;10.998;3.61
2227;22;55;7.787;0.84
2228;22;55;7.309;1.53
2229;22;56;22.127;22.66
2230;22;56;19.466;6.75
2231;22;56;19.902;17.49
2232;22;57;79.476;23.93
2233;22;58;40.47;15.2
2234;22;58;35.726;1.38
2235;22;58;36.137;10.85
2236;22;59;20.827;16.78
2237;22;59;24.648;14.74
2238;22;59;18.477;4.88
2239;23;24;14.954;6.74
2240;23;24;14.462;12.2
2241;23;24;15.962;3.06
2242;23;25;5.739;22.23
2243;23;25;5.431;2.28
2244;23;26;5.552;22.98
2245;23;26;6.034;0.7
2246;23;26;5.995;12.01
2247;23;27;22.227;7.18
2248;23;27;20.714;20.67
2249;23;28;1.253;15.96
2250;23;29;13.977;4.66
2251;23;30;57.478;12.45
2252;23;30;56.206;22.81
2253;23;30;70.77;23.82
2254;23;31;15.269;18.24
2255;23;31;18.199;11.86
2256;23;32;63.546;2.82
2257;23;32;60.082;1.28
2258;23;33;39.442;1.09
2259;23;34;35.612;21.26
2260;23;35;11.984;4.49
2261;23;35;14.971;22.42
2262;23;35;9.064;22.25
2263;23;36;47.619;20.06
2264;23;36;51.271;7.87
2265;23;36;53.168;18.32
2266;23;37;18.593;16.87
2267;23;37;15.8;16.3
2268;23;38;23.314;20.29
2269;23;39;25.033;4.79
2270;23;39;21.873;5.37
2271;23;40;47.699;0.35
2272;23;41;0.0;23.61
2273;23;41;0.0;10.75
2274;23;42;47.259;13.47
2275;23;42;38.448;22.51
2276;23;42;41.379;14.17
2277;23;43;4.002;0.9
2278;23;43;4.079;15.03
2279;23;43;4.869;10.7
2280;23;44;72.184;15.22
2281;23;44;73.711;24.81
2282;23;45;5.368;8.04
2283;23;45;6.485;13.96
2284;23;46;21.465;5.75
2285;23;46;25.863;18.04
2286;23;47;6.489;9.91
2287;23;48;8.515;17.23
2288;23;48;7.643;4.7
2289;23;48;7.889;3.46
2290;23;49;15.483;20.11
2291;23;49;18.857;0.37
2292;23;49;13.852;0.94
2293;23;50;30.794;8.85
2294;23;50;32.263;12.04
2295;23;51;19.555;19.35
2296;23;52;42.153;12.67
2297;23;53;19.461;2.88
2298;23;53;23.163;23.95
2299;23;53;23.781;13.12
2300;23;54;19.755;2.15
2301;23;54;15.522;0.93
2302;23;55;12.982;23.26
2303;23;55;11.85;4.97
2304;23;56;13.646;1.67
2305;23;56;15.29;11.78
2306;23;56;11.65;9.63
2307;23;57;77.853;23.04
2308;23;58;40.469;6.75
2309;23;58;45.748;4.05
2310;23;59;18.52;7.17
2311;23;59;18.027;18.36
2312;24;25;10.724;15.22
2313;24;25;9.618;24.94
2314;24;26;18.772;21.26
2315;24;26;15.197;18.67
2316;24;27;34.368;15.32
2317;24;27;29.4;7.37
2318;24;28;14.157;7.91
2319;24;28;14.52;22.67
2320;24;29;28.563;11.88
2321;24;29;34.045;9.4
2322;24;30;42.748;1.98
2323;24;31;26.25;2.57
2324;24;31;21.941;13.61
2325;24;32;63.918;3.59
2326;24;32;62.439;10.89
2327;24;32;48.397;4.85
2328;24;33;54.354;18.61
2329;24;33;41.342;15.65
2330;24;33;55.805;21.45
2331;24;34;20.867;20.9
2332;24;35;23.636;20.11
2333;24;36;55.082;11.65
2334;24;37;20.283;9.68
2335;24;37;21.026;12.87
2336;24;37;24.992;16.05
2337;24;38;31.901;23.31
2338;24;39;32.328;13.62
2339;24;40;61.638;20.1
2340;24;40;75.267;17.7
2341;24;40;50.933;18.09
2342;24;41;14.954;22.35
2343;24;41;14.076;2.27
2344;24;41;11.375;4.88
2345;24;42;51.445;12.07
2346;24;42;54.491;3.93
2347;24;42;50.589;1.05
2348;24;43;18.951;7.84
2349;24;44;76.152;0.67
2350;24;45;9.821;23.46
2351;24;45;11.899;16.43
2352;24;45;10.145;20.73
2353;24;46;34.163;1.14
2354;24;46;39.139;15.84
2355;24;47;9.9;0.69
2356;24;48;13.583;9.72
2357;24;48;10.345;6.19
2358;24;49;19.544;0.98
2359;24;49;16.913;16.9
2360;24;49;22.643;21.89
2361;24;50;38.637;5.76
2362;24;50;30.801;5.35
2363;24;50;37.852;0.98
2364;24;51;30.866;20.87
2365;24;51;24.522;19.84
2366;24;51;33.37;19.95
2367;24;52;28.912;23.72
2368;24;52;26.989;11.23
2369;24;53;29.595;12.48
2370;24;53;32.313;1.95
2371;24;53;22.521;23.51
2372;24;54;31.323;22.08
2373;24;54;28.165;12.37
2374;24;55;20.169;20.14
2375;24;55;19.052;0.04
2376;24;55;19.237;12.16
2377;24;56;21.979;0.59
2378;24;56;19.789;8.89
2379;24;56;21.546;19.68
2380;24;57;66.004;19.33
2381;24;57;80.26;11.54
2382;24;58;53.797;17.93
2383;24;59;31.884;21.06
2384;24;59;34.823;24.4
2385;25;26;11.129;9.41
2386;25;26;13.512;14.39
2387;25;27;27.876;14.32
2388;25;28;4.534;9.98
2389;25;28;4.825;13.8
2390;25;29;18.039;0.35
2391;25;29;14.641;1.35
2392;25;30;53.424;13.39
2393;25;31;15.946;19.31
2394;25;32;66.528;14.24
2395;25;33;44.025;2.23
2396;25;33;33.733;6.27
2397;25;33;37.89;23.42
2398;25;34;31.563;15.58
2399;25;34;36.947;21.78
2400;25;34;23.788;4.01
2401;25;35;13.091;1.22
2402;25;35;12.448;12.78
2403;25;36;52.517;20.95
2404;25;36;45.301;0.23
2405;25;36;46.921;3.31
2406;25;37;21.079;15.55
2407;25;37;18.437;6.93
2408;25;37;23.945;19.69
2409;25;38;28.231;8.69
2410;25;38;30.315;8.61
2411;25;39;29.633;23.13
2412;25;40;50.916;21.15
2413;25;41;5.739;7.92
2414;25;41;5.938;11.73
2415;25;42;51.287;6.52
2416;25;43;9.394;15.35
2417;25;44;76.293;24.29
2418;25;44;81.667;10.88
2419;25;45;2.034;17.4
2420;25;45;2.024;2.73
2421;25;46;27.172;15.38
2422;25;46;32.698;2.4
2423;25;47;0.875;6.31
2424;25;48;4.52;8.67
2425;25;48;4.843;4.28
2426;25;48;5.599;10.08
2427;25;49;12.165;14.19
2428;25;49;12.695;15.29
2429;25;49;10.569;24.45
2430;25;50;35.639;9.4
2431;25;50;33.435;13.46
2432;25;50;39.985;15.64
2433;25;51;25.046;8.49
2434;25;51;29.724;8.3
2435;25;52;39.319;18.17
2436;25;52;40.129;20.28
2437;25;52;46.275;5.76
2438;25;53;24.692;6.14
2439;25;53;28.138;15.39
2440;25;53;22.632;18.79
2441;25;54;25.295;4.47
2442;25;55;17.038;12.52
2443;25;55;13.448;7.33
2444;25;56;12.458;16.81
2445;25;56;14.364;22.03
2446;25;56;11.345;1.36
2447;25;57;75.941;19.74
2448;25;57;92.866;17.64
2449;25;58;43.135;23.96
2450;25;58;39.311;19.78
2451;25;59;21.172;14.2
2452;26;27;16.748;8.57
2453;26;28;6.801;13.96
2454;26;28;5.614;18.04
2455;26;29;13.365;21.11
2456;26;29;15.217;13.69
2457;26;30;60.251;10.71
2458;26;31;18.193;8.19
2459;26;32;59.499;6.49
2460;26;32;60.366;21.63
2461;26;33;36.879;3.59
2462;26;33;41.729;7.33
2463;26;33;44.846;13.26
2464;26;34;38.597;17.21
2465;26;34;42.714;19.6
2466;26;34;43.83;14.19
2467;26;35;14.945;6.77
2468;26;35;11.25;6.37
2469;26;35;13.377;21.45
2470;26;36;42.246;24.16
2471;26;37;15.85;7.63
2472;26;38;18.012;19.45
2473;26;39;19.951;9.85
2474;26;40;46.874;18.76
2475;26;40;38.263;7.35
2476;26;41;5.552;15.56
2477;26;41;6.435;19.89
2478;26;42;42.459;4.53
2479;26;42;44.265;10.35
2480;26;42;50.538;4.88
2481;26;43;4.319;7.47
2482;26;43;5.027;7.7
2483;26;44;67.256;18.71
2484;26;45;10.255;17.67
2485;26;45;11.984;5.37
2486;26;46;16.093;9.18
2487;26;46;13.454;13.63
2488;26;46;17.19;18.52
2489;26;47;11.787;8.36
2490;26;47;9.801;12.02
2491;26;47;10.708;24.74
2492;26;48;14.015;6.98
2493;26;49;20.617;5.99
2494;26;49;19.778;3.76
2495;26;50;25.495;11.45
2496;26;51;14.003;4.57
2497;26;52;43.795;7.95
2498;26;52;40.403;24.26
2499;26;52;53.927;22.84
2500;26;53;13.986;15.12
2501;26;53;15.417;2.16
2502;26;54;14.209;16.65
2503;26;54;14.395;12.49
2504;26;54;17.051;1.75
2505;26;55;8.934;11.79
2506;26;56;17.927;11.99
2507;26;57;78.248;5.08
2508;26;57;66.122;2.94
2509;26;58;40.393;18.28
2510;26;59;19.29;18.51
2511;27;28;23.479;6.91
2512;27;28;20.115;5.81
2513;27;28;26.92;20.62
2514;27;29;20.445;1.79
2515;27;30;72.712;22.12
2516;27;30;90.093;8.07
2517;27;31;30.089;10.05
2518;27;32;51.946;13.1
2519;27;32;49.169;21.97
2520;27;33;30.687;14.66
2521;27;34;52.081;12.92
2522;27;34;51.801;3.88
2523;27;34;57.358;14.12
2524;27;35;27.607;4.48
2525;27;35;32.904;19.62
2526;27;36;28.214;2.08
2527;27;37;20.863;18.7
2528;27;37;22.812;22.7
2529;27;37;16.096;21.78
2530;27;38;9.199;11.56
2531;27;38;8.393;11.26
2532;27;39;12.186;17.79
2533;27;40;45.24;5.13
2534;27;40;43.496;10.07
2535;27;41;22.227;2.34
2536;27;42;32.227;3.46
2537;27;43;19.469;22.94
2538;27;43;23.994;5.72
2539;27;44;55.307;10.44
2540;27;44;58.523;19.77
2541;27;44;57.826;17.17
2542;27;45;26.925;2.38
2543;27;45;29.521;23.62
2544;27;46;1.897;14.67
2545;27;46;1.443;19.5
2546;27;46;1.694;11.54
2547;27;47;28.531;21.42
2548;27;48;30.433;15.22
2549;27;48;29.337;25.0
2550;27;48;29.375;12.82
2551;27;49;36.11;23.0
2552;27;49;29.123;16.73
2553;27;49;28.71;13.97
2554;27;50;13.78;5.07
2555;27;50;14.254;21.15
2556;27;50;14.982;19.65
2557;27;51;3.909;6.78
2558;27;51;3.013;20.42
2559;27;52;54.436;8.85
2560;27;53;6.471;4.04
2561;27;53;8.023;12.55
2562;27;53;5.234;15.2
2563;27;54;3.248;6.68
2564;27;54;2.979;14.26
2565;27;55;15.297;18.77
2566;27;56;32.128;5.14
2567;27;56;29.162;16.37
2568;27;56;29.407;3.22
2569;27;57;84.631;2.7
2570;27;57;65.893;24.41
2571;27;58;41.641;23.5
2572;27;59;26.736;3.8
2573;27;59;32.805;5.55
2574;28;29;14.514;0.24
2575;28;30;56.809;22.87
2576;28;31;14.928;12.65
2577;28;31;11.559;3.91
2578;28;31;14.166;14.15
2579;28;32;64.413;10.04
2580;28;33;40.197;22.05
2581;28;34;34.926;4.15
2582;28;34;32.621;4.89
2583;28;35;11.693;8.33
2584;28;35;13.798;13.57
2585;28;35;12.976;12.32
2586;28;36;48.806;16.6
2587;28;36;44.158;7.85
2588;28;36;53.246;1.3
2589;28;37;19.289;21.05
2590;28;37;23.202;22.42
2591;28;38;24.494;11.74
2592;28;38;29.536;16.85
2593;28;38;24.869;9.92
2594;28;39;26.162;7.89
2595;28;40;48.082;16.86
2596;28;41;1.253;18.19
2597;28;41;0.979;10.72
2598;28;42;48.307;2.79
2599;28;42;45.632;15.38
2600;28;42;52.886;23.0
2601;28;43;4.963;4.61
2602;28;43;4.535;19.49
2603;28;43;5.901;2.34
2604;28;44;73.254;5.04
2605;28;44;80.378;20.45
2606;28;45;4.399;24.68
2607;28;46;22.709;0.79
2608;28;47;5.314;18.42
2609;28;48;7.314;23.46
2610;28;49;14.427;17.06
2611;28;49;12.835;3.65
2612;28;50;31.968;20.99
2613;28;51;20.804;4.09
2614;28;51;17.551;6.74
2615;28;51;24.035;15.64
2616;28;52;41.765;20.35
2617;28;52;38.831;19.05
2618;28;52;44.301;1.08
2619;28;53;20.682;14.96
2620;28;53;22.361;5.76
2621;28;54;21.006;9.85
2622;28;54;17.147;23.5
2623;28;54;22.982;14.34
2624;28;55;13.976;12.84
2625;28;55;11.132;11.67
2626;28;56;12.906;14.13
2627;28;56;15.956;10.95
2628;28;57;77.704;6.8
2629;28;57;72.544;22.54
2630;28;58;40.704;17.25
2631;28;59;18.686;0.87
2632;28;59;15.455;17.07
2633;29;30;71.292;3.09
2634;29;30;85.774;13.57
2635;29;30;63.092;23.76
2636;29;31;10.342;22.81
2637;29;31;11.11;2.86
2638;29;31;12.833;22.1
2639;29;32;70.322;14.1
2640;29;32;80.493;7.99
2641;29;32;58.699;17.39
2642;29;33;26.038;20.06
2643;29;34;49.405;19.25
2644;29;35;8.953;8.79
2645;29;35;9.847;3.47
2646;29;36;48.658;11.4
2647;29;36;57.438;2.77
2648;29;37;28.942;18.25
2649;29;37;33.288;16.06
2650;29;37;31.062;0.46
2651;29;38;26.6;2.04
2652;29;38;23.506;13.41
2653;29;38;20.337;24.26
2654;29;39;29.347;22.74
2655;29;40;33.83;18.71
2656;29;40;33.342;5.44
2657;29;40;26.938;4.16
2658;29;41;13.977;7.93
2659;29;41;12.769;6.2
2660;29;42;51.688;8.58
2661;29;43;10.358;3.66
2662;29;44;75.54;22.13
2663;29;45;18.747;8.65
2664;29;46;18.76;14.57
2665;29;46;17.627;16.7
2666;29;47;18.911;9.67
2667;29;48;17.313;11.19
2668;29;48;14.868;4.46
2669;29;49;19.327;2.17
2670;29;49;16.921;24.09
2671;29;50;33.349;0.53
2672;29;50;27.16;10.61
2673;29;51;20.207;1.82
2674;29;52;56.101;22.12
2675;29;52;56.392;20.78
2676;29;53;21.956;7.67
2677;29;53;23.915;12.36
2678;29;54;19.886;9.23
2679;29;54;17.201;8.98
2680;29;54;22.233;24.37
2681;29;55;21.558;0.59
2682;29;55;23.998;3.31
2683;29;56;14.098;17.19
2684;29;56;14.097;5.01
2685;29;57;91.381;0.51
2686;29;57;92.861;4.41
2687;29;58;27.044;12.2
2688;29;58;27.092;16.35
2689;29;59;6.651;3.44
2690;29;59;6.499;24.69
2691;29;59;7.588;7.88
2692;30;31;68.151;8.08
2693;30;31;75.312;2.03
2694;30;32;74.772;22.8
2695;30;32;69.191;9.87
2696;30;32;80.774;11.06
2697;30;33;96.875;5.09
2698;30;33;113.713;4.7
2699;30;34;21.887;7.78
2700;30;35;65.94;15.09
2701;30;35;82.003;12.09
2702;30;36;82.96;5.22
2703;30;37;52.388;5.42
2704;30;37;47.488;20.88
2705;30;38;66.54;4.57
2706;30;38;73.147;16.0
2707;30;39;65.252;15.05
2708;30;39;71.504;7.75
2709;30;39;51.185;21.13
2710;30;40;104.196;24.14
2711;30;41;57.478;4.2
2712;30;41;58.349;21.09
2713;30;42;73.873;2.74
2714;30;42;71.425;16.51
2715;30;43;61.402;10.75
2716;30;43;49.985;23.78
2717;30;43;56.721;12.82
2718;30;44;93.199;7.12
2719;30;44;87.05;9.65
2720;30;44;113.899;3.97
2721;30;45;52.548;21.0
2722;30;46;73.195;4.9
2723;30;47;52.575;3.15
2724;30;47;45.092;23.34
2725;30;48;55.522;14.04
2726;30;48;66.929;0.4
2727;30;48;52.483;10.44
2728;30;49;59.115;14.59
2729;30;49;50.529;0.92
2730;30;50;70.559;15.87
2731;30;51;68.81;10.19
2732;30;51;51.632;13.43
2733;30;52;19.446;21.56
2734;30;52;17.661;6.88
2735;30;53;66.548;13.36
2736;30;54;69.467;5.5
2737;30;54;79.03;19.2
2738;30;55;57.499;21.7
2739;30;56;63.227;9.63
2740;30;57;35.917;15.69
2741;30;57;41.935;1.55
2742;30;58;96.061;17.77
2743;30;58;105.541;18.93
2744;30;58;76.556;17.35
2745;30;59;74.442;0.14
2746;31;32;77.629;7.6
2747;31;32;77.486;18.96
2748;31;32;79.907;23.42
2749;31;33;32.982;13.46
2750;31;34;46.577;2.32
2751;31;35;3.31;22.28
2752;31;35;3.977;19.94
2753;31;36;58.104;18.09
2754;31;37;33.609;21.07
2755;31;38;34.908;3.12
2756;31;38;38.459;15.59
2757;31;39;37.336;12.54
2758;31;40;36.293;7.0
2759;31;41;15.269;21.21
2760;31;41;16.359;6.23
2761;31;42;59.995;10.84
2762;31;43;13.893;13.18
2763;31;44;84.406;9.25
2764;31;44;78.299;20.25
2765;31;44;100.861;19.64
2766;31;45;17.596;20.38
2767;31;46;28.551;13.71
2768;31;46;22.848;6.66
2769;31;47;16.63;13.21
2770;31;48;12.744;24.0
2771;31;48;12.376;16.77
2772;31;49;10.697;21.8
2773;31;49;8.715;21.03
2774;31;50;42.114;23.11
2775;31;50;44.973;24.31
2776;31;51;29.146;18.58
2777;31;51;24.933;10.97
2778;31;52;55.131;19.85
2779;31;52;61.855;15.23
2780;31;53;30.354;11.99
2781;31;53;25.565;1.74
2782;31;53;26.407;6.08
2783;31;54;28.972;13.99
2784;31;54;33.471;3.2
2785;31;54;23.023;12.65
2786;31;55;27.113;8.75
2787;31;56;5.327;10.49
2788;31;56;4.587;0.33
2789;31;56;6.201;20.82
2790;31;57;91.887;11.2
2791;31;58;27.922;16.92
2792;31;59;7.648;23.7
2793;32;33;80.577;0.06
2794;32;34;65.697;23.02
2795;32;34;79.063;3.82
2796;32;35;74.426;23.83
2797;32;36;30.799;2.4
2798;32;36;31.78;16.52
2799;32;37;45.45;16.71
2800;32;37;41.817;19.33
2801;32;37;42.29;8.95
2802;32;38;43.898;0.56
2803;32;38;38.841;6.18
2804;32;39;41.023;17.05
2805;32;40;96.476;15.8
2806;32;40;105.47;17.67
2807;32;41;63.546;10.53
2808;32;41;72.19;16.92
2809;32;42;20.49;7.78
2810;32;42;17.737;14.8
2811;32;43;63.818;7.54
2812;32;43;75.478;2.07
2813;32;43;55.724;0.29
2814;32;44;19.736;10.17
2815;32;44;22.614;17.63
2816;32;44;23.822;21.73
2817;32;45;64.545;22.33
2818;32;45;65.064;1.67
2819;32;45;68.01;12.53
2820;32;46;53.837;4.29
2821;32;46;64.449;16.89
2822;32;46;57.081;3.89
2823;32;47;66.538;4.47
2824;32;48;70.959;9.38
2825;32;48;61.503;0.29
2826;32;49;78.579;19.93
2827;32;49;64.338;12.87
2828;32;50;38.213;6.98
2829;32;50;37.755;20.05
2830;32;50;28.89;0.97
2831;32;51;50.638;23.46
2832;32;52;57.561;13.31
2833;32;52;53.844;1.68
2834;32;52;69.0;17.45
2835;32;53;48.486;14.45
2836;32;53;50.899;24.37
2837;32;54;51.138;18.82
2838;32;55;50.703;17.04
2839;32;55;45.117;18.43
2840;32;56;77.149;7.61
2841;32;57;61.781;6.12
2842;32;57;50.58;7.69
2843;32;58;93.557;17.85
2844;32;59;76.973;18.13
2845;33;34;75.039;8.13
2846;33;34;91.739;11.08
2847;33;34;75.496;12.01
2848;33;35;33.563;10.02
2849;33;35;35.126;14.45
2850;33;35;27.651;20.81
2851;33;36;51.963;23.34
2852;33;36;55.032;13.22
2853;33;37;49.387;0.57
2854;33;38;39.886;8.99
2855;33;38;46.74;4.56
2856;33;38;34.208;5.68
2857;33;39;42.859;21.17
2858;33;39;33.196;6.37
2859;33;40;16.702;23.56
2860;33;40;17.746;2.57
2861;33;40;12.747;16.23
2862;33;41;39.442;6.75
2863;33;41;33.317;2.13
2864;33;42;60.114;0.99
2865;33;42;72.574;7.78
2866;33;43;35.485;9.58
2867;33;43;34.3;13.2
2868;33;43;33.609;0.69
2869;33;44;79.353;2.22
2870;33;44;83.859;19.41
2871;33;44;62.794;18.29
2872;33;45;44.56;13.0
2873;33;45;46.929;13.45
2874;33;46;29.078;10.07
2875;33;46;27.069;3.43
2876;33;46;25.789;24.22
2877;33;47;44.899;13.07
2878;33;48;43.229;18.55
2879;33;49;43.638;5.69
2880;33;49;37.514;8.83
2881;33;50;43.122;22.65
2882;33;51;33.698;1.67
2883;33;52;80.646;1.83
2884;33;52;99.964;15.11
2885;33;53;36.524;3.82
2886;33;53;37.188;11.91
2887;33;53;35.945;16.53
2888;33;54;32.976;21.45
2889;33;55;42.132;19.49
2890;33;55;41.287;23.91
2891;33;56;38.17;17.01
2892;33;57;113.946;7.51
2893;33;57;99.33;22.95
2894;33;58;18.286;17.83
2895;33;58;18.318;15.22
2896;33;58;21.211;15.84
2897;33;59;25.336;22.01
2898;33;59;31.132;17.01
2899;34;35;44.226;9.7
2900;34;36;66.473;10.42
2901;34;36;60.277;17.44
2902;34;37;32.85;13.48
2903;34;38;46.969;11.4
2904;34;38;41.626;22.9
2905;34;39;46.214;18.86
2906;34;39;50.651;7.57
2907;34;39;49.945;9.72
2908;34;40;82.42;2.92
2909;34;40;84.146;19.93
2910;34;41;35.612;6.96
2911;34;41;35.999;14.88
2912;34;42;59.367;23.8
2913;34;42;72.647;12.48
2914;34;43;39.554;12.6
2915;34;43;43.078;11.02
2916;34;43;36.343;15.59
2917;34;44;81.826;9.96
2918;34;45;30.661;13.39
2919;34;46;52.353;11.71
2920;34;47;30.721;19.86
2921;34;47;26.876;15.92
2922;34;47;26.672;0.35
2923;34;48;33.86;12.39
2924;34;49;38.132;3.82
2925;34;49;47.482;7.26
2926;34;50;52.084;18.64
2927;34;50;57.273;6.51
2928;34;51;48.236;13.95
2929;34;51;43.566;2.84
2930;34;52;12.158;6.59
2931;34;52;13.67;14.41
2932;34;52;14.514;10.55
2933;34;53;46.23;0.39
2934;34;53;46.632;19.46
2935;34;53;35.131;8.91
2936;34;54;48.843;23.37
2937;34;54;53.718;1.2
2938;34;54;60.042;10.92
2939;34;55;36.791;11.77
2940;34;55;28.421;6.92
2941;34;55;37.916;20.58
2942;34;56;41.824;21.44
2943;34;56;43.17;20.33
2944;34;56;49.234;3.43
2945;34;57;48.774;6.06
2946;34;57;51.308;20.22
2947;34;58;74.411;1.93
2948;34;59;52.651;14.87
2949;35;36;55.415;3.7
2950;35;36;49.039;11.29
2951;35;37;30.3;12.76
2952;35;37;29.603;9.06
2953;35;38;31.95;3.31
2954;35;38;28.121;18.8
2955;35;38;36.527;21.4
2956;35;39;34.301;1.43
2957;35;39;38.323;14.71
2958;35;39;27.361;4.56
2959;35;40;38.272;8.61
2960;35;40;28.889;8.03
2961;35;40;38.542;17.74
2962;35;41;11.984;17.84
2963;35;41;12.779;13.52
2964;35;41;12.554;7.92
2965;35;42;56.963;21.31
2966;35;43;10.632;17.86
2967;35;43;12.666;11.56
2968;35;43;8.598;14.15
2969;35;44;81.482;12.89
2970;35;44;95.463;9.92
2971;35;44;88.245;15.34
2972;35;45;14.611;16.89
2973;35;45;16.794;13.04
2974;35;45;16.231;20.5
2975;35;46;26.162;13.75
2976;35;46;28.483;11.88
2977;35;47;13.833;15.33
2978;35;47;16.541;21.29
2979;35;48;10.432;14.27
2980;35;48;8.32;7.01
2981;35;49;10.457;22.66
2982;35;49;10.731;19.2
2983;35;49;9.027;13.44
2984;35;50;39.235;21.2
2985;35;50;40.333;10.95
2986;35;51;26.395;5.51
2987;35;51;28.734;15.78
2988;35;52;52.403;17.51
2989;35;52;51.458;13.91
2990;35;52;49.499;18.25
2991;35;53;27.446;18.81
2992;35;54;26.27;5.44
2993;35;54;25.843;4.09
2994;35;55;23.848;2.43
2995;35;56;5.145;4.12
2996;35;56;6.208;2.89
2997;35;57;88.962;0.46
2998;35;57;89.33;11.32
2999;35;57;76.358;16.58
3000;35;58;30.195;7.69
3001;35;58;34.198;22.18
3002;35;59;8.671;16.72
3003;35;59;9.283;21.58
3004;35;59;10.315;3.53
3005;36;37;35.147;10.0
3006;36;37;39.366;4.14
3007;36;38;24.317;1.16
3008;36;38;25.968;16.8
3009;36;39;23.013;18.6
3010;36;39;21.57;10.89
3011;36;40;68.492;18.93
3012;36;40;65.301;14.27
3013;36;41;47.619;16.23
3014;36;42;12.143;2.78
3015;36;43;46.029;12.82
3016;36;43;37.436;22.17
3017;36;44;27.764;18.21
3018;36;44;28.811;22.54
3019;36;45;50.965;14.34
3020;36;46;29.941;19.49
3021;36;46;28.418;6.5
3022;36;46;22.736;14.36
3023;36;47;52.921;21.26
3024;36;47;45.622;10.59
3025;36;47;57.51;12.44
3026;36;48;56.12;14.87
3027;36;48;44.953;10.25
3028;36;49;62.834;20.85
3029;36;49;57.544;5.78
3030;36;50;16.878;9.51
3031;36;50;14.566;14.35
3032;36;50;19.862;11.93
3033;36;51;29.026;18.79
3034;36;51;24.732;19.01
3035;36;52;63.534;14.59
3036;36;52;69.152;14.96
3037;36;52;70.434;14.05
3038;36;53;28.316;12.01
3039;36;53;33.699;13.65
3040;36;54;29.148;16.9
3041;36;54;33.61;4.57
3042;36;55;35.723;3.96
3043;36;55;41.205;13.59
3044;36;55;33.087;6.49
3045;36;56;59.555;6.12
3046;36;56;68.265;9.34
3047;36;56;55.619;15.25
3048;36;57;82.622;1.95
3049;36;58;67.153;15.39
3050;36;58;78.036;24.22
3051;36;58;59.469;13.61
3052;36;59;54.909;12.14
3053;36;59;42.725;8.04
3054;37;38;14.211;1.89
3055;37;38;14.418;23.09
3056;37;39;13.392;13.89
3057;37;39;13.791;20.79
3058;37;39;12.137;5.36
3059;37;40;61.476;21.75
3060;37;41;18.593;21.43
3061;37;41;15.68;24.52
3062;37;41;14.531;23.22
3063;37;42;31.245;7.82
3064;37;43;19.896;6.26
3065;37;44;56.111;20.54
3066;37;44;67.036;19.76
3067;37;45;19.096;4.87
3068;37;45;22.88;2.01
3069;37;46;21.734;15.81
3070;37;46;25.579;14.55
3071;37;46;21.932;13.01
3072;37;47;21.094;19.16
3073;37;48;25.527;13.84
3074;37;48;20.452;15.16
3075;37;48;23.524;21.0
3076;37;49;33.169;19.18
3077;37;49;39.238;15.05
3078;37;49;39.868;3.2
3079;37;50;19.447;2.66
3080;37;50;21.693;0.08
3081;37;50;21.712;4.23
3082;37;51;17.0;21.26
3083;37;52;33.701;9.15
3084;37;53;14.441;6.03
3085;37;53;16.727;15.88
3086;37;53;12.363;4.8
3087;37;54;17.719;3.12
3088;37;55;7.54;13.19
3089;37;55;7.755;10.44
3090;37;55;7.699;16.2
3091;37;56;32.193;20.1
3092;37;57;64.575;8.87
3093;37;58;55.681;22.1
3094;37;59;35.108;3.94
3095;37;59;36.235;15.0
3096;37;59;38.43;0.05
3097;38;39;3.047;8.16
3098;38;40;54.257;13.3
3099;38;40;45.187;13.1
3100;38;41;23.314;19.47
3101;38;42;25.157;2.85
3102;38;42;18.998;14.47
3103;38;42;24.035;0.96
3104;38;43;21.973;14.44
3105;38;43;24.72;11.31
3106;38;44;49.535;19.74
3107;38;44;39.303;16.61
3108;38;44;42.176;13.01
3109;38;45;26.738;24.47
3110;38;45;22.393;7.58
3111;38;45;31.019;20.03
3112;38;46;10.87;6.25
3113;38;46;9.923;6.51
3114;38;47;28.664;20.83
3115;38;47;29.374;22.19
3116;38;47;29.783;4.81
3117;38;48;31.806;15.32
3118;38;48;28.397;7.47
3119;38;49;38.629;1.53
3120;38;50;7.486;3.2
3121;38;51;6.816;23.57
3122;38;52;47.647;22.59
3123;38;53;4.645;21.55
3124;38;53;3.839;15.38
3125;38;54;7.399;22.94
3126;38;55;11.806;1.16
3127;38;55;13.671;12.06
3128;38;56;35.678;7.24
3129;38;57;76.063;3.38
3130;38;57;71.34;0.03
3131;38;58;50.209;12.4
3132;38;59;33.232;23.13
3133;38;59;28.901;3.41
3134;38;59;30.262;11.74
3135;39;40;57.301;22.62
3136;39;40;43.833;17.74
3137;39;41;25.033;15.95
3138;39;41;31.253;19.32
3139;39;42;22.663;9.68
3140;39;43;24.077;18.26
3141;39;43;28.58;10.11
3142;39;44;47.317;20.45
3143;39;45;28.013;4.65
3144;39;45;31.289;24.24
3145;39;45;21.688;12.16
3146;39;46;13.895;15.02
3147;39;46;12.116;15.17
3148;39;47;29.993;10.17
3149;39;47;25.773;15.98
3150;39;47;36.924;13.02
3151;39;48;33.433;3.63
3152;39;48;33.563;15.81
3153;39;49;40.48;8.86
3154;39;49;46.545;1.39
3155;39;50;6.31;9.92
3156;39;50;7.408;9.98
3157;39;51;9.834;4.29
3158;39;51;10.251;10.55
3159;39;51;9.347;6.49
3160;39;52;46.157;11.07
3161;39;52;53.796;6.17
3162;39;52;44.108;20.95
3163;39;53;7.472;18.51
3164;39;54;10.435;9.9
3165;39;54;12.224;11.71
3166;39;54;10.646;10.47
3167;39;55;12.716;12.8
3168;39;55;10.435;16.93
3169;39;56;37.814;17.17
3170;39;56;34.899;19.68
3171;39;57;73.607;20.13
3172;39;57;69.926;6.71
3173;39;58;53.239;5.58
3174;39;58;52.176;12.24
3175;39;58;61.64;3.78
3176;39;59;35.994;15.36
3177;40;41;47.699;21.13
3178;40;42;76.122;2.28
3179;40;43;44.188;15.12
3180;40;43;38.379;3.78
3181;40;44;95.994;4.39
3182;40;45;52.036;20.2
3183;40;46;43.444;4.85
3184;40;46;36.192;17.29
3185;40;46;36.321;4.72
3186;40;47;51.739;22.97
3187;40;47;48.112;18.86
3188;40;47;40.358;14.77
3189;40;48;48.704;16.84
3190;40;49;46.408;12.0
3191;40;49;42.023;8.07
3192;40;50;58.502;14.52
3193;40;51;47.616;12.17
3194;40;52;89.842;0.01
3195;40;52;89.577;21.68
3196;40;52;88.697;14.47
3197;40;53;50.322;23.38
3198;40;54;46.951;4.77
3199;40;55;53.945;16.02
3200;40;55;61.677;23.79
3201;40;55;51.405;22.85
3202;40;56;41.496;14.48
3203;40;56;43.142;0.57
3204;40;56;40.9;18.01
3205;40;57;125.118;9.1
3206;40;58;9.07;5.62
3207;40;58;10.331;15.82
3208;40;58;7.027;17.47
3209;40;59;29.769;13.1
3210;40;59;32.545;6.33
3211;40;59;33.589;19.81
3212;41;42;47.259;9.81
3213;41;43;4.002;1.76
3214;41;43;3.325;0.76
3215;41;43;3.147;19.94
3216;41;44;72.184;12.13
3217;41;44;65.091;9.19
3218;41;44;56.309;16.79
3219;41;45;5.368;21.63
3220;41;45;4.733;8.36
3221;41;46;21.465;13.4
3222;41;47;6.489;20.56
3223;41;48;8.515;18.42
3224;41;48;9.233;16.5
3225;41;48;8.189;7.43
3226;41;49;15.483;18.6
3227;41;50;30.794;4.51
3228;41;50;36.64;22.45
3229;41;50;34.344;19.66
3230;41;51;19.555;7.64
3231;41;51;16.003;8.53
3232;41;52;42.153;13.44
3233;41;52;34.827;15.68
3234;41;52;52.121;12.21
3235;41;53;19.461;14.67
3236;41;53;19.729;10.31
3237;41;54;19.755;19.69
3238;41;55;12.982;2.92
3239;41;56;13.646;10.03
3240;41;56;13.039;24.83
3241;41;56;14.384;7.38
3242;41;57;77.853;10.43
3243;41;58;40.469;24.71
3244;41;58;42.051;9.36
3245;41;58;43.15;8.48
3246;41;59;18.52;23.43
3247;41;59;17.411;16.18
3248;41;59;19.946;3.83
3249;42;43;46.665;24.35
3250;42;43;50.272;22.99
3251;42;44;25.01;21.78
3252;42;44;21.482;22.89
3253;42;45;49.469;21.22
3254;42;46;34.121;11.38
3255;42;47;51.501;17.27
3256;42;47;55.697;7.49
3257;42;48;55.408;8.59
3258;42;48;51.475;11.95
3259;42;48;59.52;17.99
3260;42;49;62.732;14.25
3261;42;49;47.238;14.54
3262;42;50;18.498;15.55
3263;42;51;31.525;6.79
3264;42;52;54.697;2.5
3265;42;52;67.051;20.48
3266;42;53;29.788;23.56
3267;42;54;31.918;19.26
3268;42;54;29.588;0.88
3269;42;55;34.361;1.16
3270;42;55;35.868;7.93
3271;42;55;32.7;16.27
3272;42;56;60.382;1.63
3273;42;57;70.88;17.63
3274;42;58;73.551;4.87
3275;42;58;89.211;2.62
3276;42;58;61.408;1.23
3277;42;59;58.284;20.49
3278;42;59;72.821;11.17
3279;43;44;71.392;24.29
3280;43;45;9.332;17.15
3281;43;46;18.477;15.43
3282;43;46;15.41;14.07
3283;43;47;10.218;7.04
3284;43;47;10.526;23.53
3285;43;48;11.037;21.26
3286;43;48;10.904;10.05
3287;43;48;12.897;15.2
3288;43;49;16.864;6.29
3289;43;49;18.283;24.95
3290;43;49;20.706;2.06
3291;43;50;29.42;17.84
3292;43;51;17.282;24.66
3293;43;51;18.682;15.19
3294;43;51;17.42;23.88
3295;43;52;45.791;14.34
3296;43;52;34.41;2.49
3297;43;53;17.717;6.95
3298;43;54;17.353;12.72
3299;43;55;13.221;22.91
3300;43;55;11.558;22.38
3301;43;56;13.737;0.14
3302;43;56;12.273;23.76
3303;43;56;11.58;6.68
3304;43;57;81.072;16.3
3305;43;57;80.198;21.69
3306;43;58;37.246;0.94
3307;43;58;34.658;4.45
3308;43;58;32.673;12.21
3309;43;59;15.608;1.61
3310;44;45;74.479;21.48
3311;44;45;65.437;21.68
3312;44;46;57.129;16.44
3313;44;46;49.227;3.87
3314;44;46;55.105;7.28
3315;44;47;76.511;16.05
3316;44;47;65.983;7.21
3317;44;48;80.393;1.46
3318;44;49;87.667;2.53
3319;44;50;42.306;20.33
3320;44;51;55.399;24.68
3321;44;52;75.107;18.99
3322;44;52;78.453;0.68
3323;44;52;65.809;14.89
3324;44;53;54.053;23.41
3325;44;54;55.671;22.93
3326;44;54;62.401;23.84
3327;44;54;52.77;23.03
3328;44;55;59.34;20.65
3329;44;55;68.983;17.02
3330;44;56;85.129;9.52
3331;44;56;68.225;12.93
3332;44;57;81.461;15.88
3333;44;58;94.907;2.2
3334;44;58;83.952;17.67
3335;44;58;97.864;22.66
3336;44;59;81.991;16.79
3337;45;46;26.341;13.33
3338;45;46;29.449;3.81
3339;45;47;2.034;8.29
3340;45;48;6.555;24.92
3341;45;48;6.062;5.77
3342;45;49;14.195;4.56
3343;45;49;15.081;20.67
3344;45;49;15.598;0.05
3345;45;50;34.092;13.79
3346;45;51;23.918;18.28
3347;45;51;25.761;18.61
3348;45;52;37.954;12.95
3349;45;53;23.377;2.55
3350;45;53;19.697;14.58
3351;45;53;22.24;15.67
3352;45;54;24.216;7.19
3353;45;54;23.533;24.6
3354;45;55;15.341;18.26
3355;45;55;12.713;3.59
3356;45;56;14.37;24.65
3357;45;57;74.351;10.88
3358;45;58;44.421;13.01
3359;45;59;22.391;11.74
3360;46;47;27.861;16.05
3361;46;47;22.413;19.63
3362;46;48;29.502;24.59
3363;46;48;32.898;16.07
3364;46;49;34.924;17.69
3365;46;49;42.764;3.76
3366;46;50;15.677;8.6
3367;46;50;16.235;1.33
3368;46;51;4.821;13.77
3369;46;51;3.781;19.45
3370;46;52;55.116;22.33
3371;46;53;7.621;6.33
3372;46;53;6.008;12.59
3373;46;54;4.08;17.65
3374;46;54;4.486;2.8
3375;46;55;15.696;0.5
3376;46;55;15.33;17.19
3377;46;55;18.936;24.65
3378;46;56;30.787;22.28
3379;46;56;37.264;13.54
3380;46;56;29.421;15.31
3381;46;57;85.837;7.43
3382;46;58;39.76;0.68
3383;46;59;24.972;23.4
3384;46;59;29.511;21.28
3385;46;59;23.771;18.9
3386;47;48;4.773;16.66
3387;47;48;3.872;11.21
3388;47;48;3.707;13.07
3389;47;49;12.321;20.27
3390;47;50;36.044;18.16
3391;47;51;25.639;20.23
3392;47;52;38.57;21.74
3393;47;53;25.21;5.04
3394;47;53;24.5;8.82
3395;47;53;28.022;17.17
3396;47;54;25.906;23.09
3397;47;54;26.922;17.33
3398;47;54;23.806;22.79
3399;47;55;17.344;10.65
3400;47;56;12.966;9.51
3401;47;56;15.723;0.69
3402;47;56;10.368;1.88
3403;47;57;75.266;10.26
3404;47;57;80.831;6.78
3405;47;57;75.159;8.83
3406;47;58;43.925;20.97
3407;47;58;40.927;22.25
3408;47;59;21.985;23.9
3409;48;49;7.656;8.5
3410;48;49;6.925;23.83
3411;48;50;39.277;12.54
3412;48;51;27.973;20.11
3413;48;51;29.167;18.46
3414;48;52;42.495;17.33
3415;48;52;51.516;18.32
3416;48;53;27.972;24.01
3417;48;53;28.193;8.23
3418;48;53;34.203;13.32
3419;48;54;28.129;21.92
3420;48;55;21.054;3.56
3421;48;55;23.452;12.56
3422;48;55;22.002;18.86
3423;48;56;8.456;10.19
3424;48;57;79.5;15.44
3425;48;58;40.559;24.41
3426;48;58;31.297;14.73
3427;48;59;19.04;16.38
3428;49;50;46.112;2.01
3429;49;51;34.137;22.84
3430;49;52;47.925;0.09
3431;49;52;39.218;12.79
3432;49;52;39.683;11.6
3433;49;53;34.524;13.17
3434;49;54;34.184;2.49
3435;49;54;41.971;22.51
3436;49;54;33.803;17.49
3437;49;55;28.397;12.28
3438;49;55;25.168;1.36
3439;49;55;23.535;21.84
3440;49;56;5.48;10.37
3441;49;57;85.325;13.72
3442;49;57;75.668;22.13
3443;49;57;64.724;9.71
3444;49;58;37.712;21.76
3445;49;59;18.315;0.53
3446;50;51;13.144;14.96
3447;50;52;51.273;24.54
3448;50;52;50.252;2.65
3449;50;52;58.095;5.0
3450;50;53;11.794;10.68
3451;50;54;13.48;21.95
3452;50;54;16.515;12.73
3453;50;55;18.906;14.12
3454;50;55;19.345;1.21
3455;50;55;21.916;22.79
3456;50;56;43.092;2.87
3457;50;57;76.64;7.99
3458;50;58;55.344;7.02
3459;50;58;44.243;22.23
3460;50;59;39.896;24.08
3461;50;59;39.901;19.15
3462;50;59;42.486;4.12
3463;51;52;50.534;7.86
3464;51;53;2.833;21.88
3465;51;53;2.585;13.14
3466;51;53;2.589;9.49
3467;51;54;0.742;5.08
3468;51;54;0.71;8.37
3469;51;54;0.835;11.03
3470;51;55;11.445;2.15
3471;51;56;30.572;0.65
3472;51;56;33.809;10.72
3473;51;57;81.016;13.24
3474;51;57;83.898;15.2
3475;51;57;93.959;24.76
3476;51;58;43.406;2.04
3477;51;58;33.308;6.41
3478;51;58;45.855;21.75
3479;51;59;26.77;20.78
3480;52;53;48.097;21.35
3481;52;53;41.461;3.58
3482;52;54;51.225;19.19
3483;52;54;52.585;3.58
3484;52;54;61.433;4.99
3485;52;55;39.556;5.63
3486;52;55;39.954;0.95
3487;52;55;43.513;7.31
3488;52;56;50.865;3.63
3489;52;57;37.523;0.88
3490;52;58;82.373;23.77
3491;52;58;96.435;3.52
3492;52;59;60.335;19.49
3493;53;54;3.568;9.64
3494;53;55;9.624;13.76
3495;53;55;8.839;9.5
3496;53;55;8.889;3.47
3497;53;56;31.326;1.27
3498;53;57;78.229;22.24
3499;53;58;45.931;24.31
3500;53;58;36.677;20.74
3501;53;59;28.59;17.97
3502;53;59;29.818;14.6
3503;53;59;29.384;15.59
3504;54;55;12.054;8.36
3505;54;56;30.524;1.97
3506;54;57;81.758;19.41
3507;54;57;92.458;23.36
3508;54;57;89.315;0.35
3509;54;58;42.811;11.45
3510;54;58;36.177;11.75
3511;54;59;26.416;12.56
3512;54;59;21.426;14.71
3513;54;59;22.76;17.81
3514;55;56;26.47;8.98
3515;55;56;20.039;13.66
3516;55;56;25.19;23.5
3517;55;57;71.836;24.47
3518;55;57;60.424;21.03
3519;55;57;88.278;14.59
3520;55;58;48.166;10.88
3521;55;58;45.794;11.58
3522;55;59;27.874;10.73
3523;55;59;24.911;5.56
3524;56;57;87.947;21.14
3525;56;58;32.99;7.19
3526;56;58;38.514;10.65
3527;56;59;12.868;10.21
3528;57;58;118.293;18.87
3529;57;58;135.354;19.13
3530;57;59;96.367;8.91
3531;57;59;72.408;21.41
3532;57;59;109.654;4.54
3533;58;59;22.042;9.95
3534;58;59;25.885;12.7
