VERTEX_COUNT 60
PATH_COUNT 1
BUDGET 600
<------------ VERTICES ------------>
0;START;41.374834;2.170055;0.0;0.0
1;Basilica of the Sagrada Família;41.403568;2.174435;45.0;100.0
2;Palau Güell;41.378864;2.174117;45.0;87.97
3;La Pedrera (Casa Milà);41.395271;2.161785;45.0;86.45
4;Anella Olímpica(Olympic Park);41.364778;2.152575;45.0;82.71
5;Poble Espanyol;41.368679;2.147031;45.0;76.59
6;Montjuïc Castle;41.363823;2.167096;45.0;75.86
7;Museu Nacional d’Art de Catalunya;41.36882;2.153347;45.0;75.27
8;Basilica of Sants Just i Pastor;41.382812;2.178195;45.0;71.86
9;Parc de la Ciutadella;41.389248;2.186548;45.0;71.42
10;Passeig de Gràcia;41.390739;2.166672;45.0;70.84
11;Galeria d’Art Mar Grup Escolà;41.392349;2.167836;45.0;70.54
12;Casa Batlló;41.391758;2.164961;45.0;70.53
13;Park Güell;41.414249;2.151926;45.0;70.12
14;Avinguda d’Icària;41.391556;2.197416;45.0;69.81
15;Museu d’Història de Catalunya - MHC;41.380852;2.185799;45.0;67.26
16;Antic Hospital de la Santa Creu;41.380573;2.170374;45.0;66.31
17;Basilica of Santa Maria del Mar;41.383518;2.1818;45.0;64.75
18;Casa Vicens;41.403442;2.150684;45.0;59.1
19;Museu Frederic Marès;41.384178;2.176819;45.0;58.52
20;Plaça de Catalunya;41.387005;2.17003;45.0;58.18
21;Plaça del Rei;41.384144;2.177409;45.0;58.17
22;Museu Palmero;41.424667;2.139856;45.0;55.91
23;Museu Picasso;41.385181;2.180863;45.0;55.33
24;Royal Dockyards Museu Marítim ;41.375286;2.17598;45.0;54.56
25;Lorena Ruiz de Villa;41.397858;2.146705;45.0;54.54
26;Casa Martí, Els Quatre Gats ;41.385775;2.173671;45.0;54.47
27;Despair;41.387653;2.188076;45.0;54.27
28;Rambla del Raval;41.378681;2.169317;45.0;53.84
29;Poblenou Cemetery;41.394859;2.201189;45.0;52.76
30;Palau Montaner;41.39555;2.1652;45.0;52.28
31;Turó de la Rovira viewing point;41.419388;2.161812;45.0;52.02
32;La Colmena;41.383835;2.178294;45.0;50.33
33;90th Jean Bouin;41.373077;2.150465;45.0;48.74
34;Parc de Diagonal Mar;41.407215;2.214539;45.0;48.18
35;Museu d’Història de Barcelona;41.384144;2.177409;45.0;48.18
36;Magic Fountain of Montjuïc;41.37117;2.151732;45.0;47.78
37;Monument to Doctor Robert;41.394924;2.175599;45.0;47.25
38;Palau Sant Jordi;41.363441;2.152537;45.0;46.83
39;El Fossar de les Moreres;41.383713;2.18243;45.0;46.69
40;Casa Lleó Morera;41.39119;2.165511;45.0;46.68
41;Rambla del Poblenou;41.40192;2.200141;45.0;46.4
42;Barcelona;41.389034;2.16137;45.0;46.37
43;Casa Calvet;41.390972;2.173002;45.0;45.78
44;Platja de la Nova Mar Bella;41.40205;2.21529;45.0;45.46
45;Museu de la Moto ;41.383327;2.174488;45.0;45.03
46;Plaça de Sant Jaume;41.382668;2.176983;45.0;44.98
47;Casa Comalat;41.397072;2.160723;45.0;44.72
48;Barcelona Cathedral;41.384285;2.176208;45.0;43.54
49;Olympic Stadium Lluís Companys;41.364746;2.155624;45.0;42.84
50;Old centre of the Vila de Sarrià;41.399937;2.121871;45.0;42.62
51;Fountain in the Plaça Espanya;41.375027;2.149131;45.0;41.67
52;Imaginart Gallery;41.393822;2.164627;45.0;41.52
53;Maeght;41.384689;2.181526;45.0;41.41
54;Arts Santa Mònica;41.37722;2.176012;45.0;41.23
55;Barcelona Head;41.380924;2.182465;45.0;40.89
56;Botanical Garden;41.364746;2.159382;45.0;40.15
57;Atelier;41.407719;2.158233;45.0;39.89
58;El Born Centre Cultural;41.385818;2.183785;45.0;39.57
59;FINISH;41.374834;2.170055;0.0;0.0
<------------- EDGES -------------->
0;0;1;49.491;7.09
1;0;1;50.386;12.04
2;0;2;8.647;0.17
3;0;2;10.757;15.47
4;0;2;8.908;22.35
5;0;3;36.549;2.01
6;0;3;32.741;1.91
7;0;3;32.529;4.12
8;0;4;28.285;17.3
9;0;4;32.281;15.59
10;0;5;31.387;5.13
11;0;5;35.999;2.72
12;0;5;29.168;11.05
13;0;6;19.222;18.37
14;0;6;17.033;16.36
15;0;7;23.796;0.45
16;0;7;22.38;18.99
17;0;8;17.194;4.2
18;0;9;32.509;23.56
19;0;9;38.243;21.52
20;0;10;27.562;8.03
21;0;10;23.75;4.54
22;0;10;29.212;17.55
23;0;11;30.107;3.56
24;0;12;29.69;13.59
25;0;12;23.376;24.5
26;0;12;35.304;13.05
27;0;13;71.35;6.04
28;0;13;79.396;24.01
29;0;14;45.309;7.79
30;0;15;22.688;23.67
31;0;16;9.829;8.48
32;0;16;10.083;19.76
33;0;16;11.456;23.91
34;0;17;21.172;10.55
35;0;17;24.766;12.05
36;0;17;25.653;14.49
37;0;18;54.909;6.81
38;0;18;65.512;10.94
39;0;18;43.856;6.9
40;0;19;18.196;3.6
41;0;20;20.827;22.86
42;0;21;18.52;12.37
43;0;21;15.289;6.1
44;0;21;16.903;4.7
45;0;22;93.673;18.28
46;0;22;103.848;15.31
47;0;23;22.496;17.58
48;0;24;7.648;22.13
49;0;25;49.508;9.6
50;0;26;19.29;24.41
51;0;26;15.879;6.64
52;0;27;31.884;7.57
53;0;27;27.046;6.5
54;0;27;37.148;14.46
55;0;28;6.651;13.53
56;0;29;52.651;6.34
57;0;29;57.317;7.32
58;0;30;35.994;14.29
59;0;31;76.973;5.74
60;0;32;18.686;6.29
61;0;32;22.689;2.88
62;0;33;25.336;7.09
63;0;34;79.572;0.63
64;0;34;86.207;21.99
65;0;35;18.52;4.01
66;0;35;15.877;7.66
67;0;36;24.35;4.17
68;0;37;35.108;2.14
69;0;38;29.769;3.9
70;0;39;21.985;10.63
71;0;40;28.59;10.82
72;0;40;33.014;11.1
73;0;40;27.451;0.36
74;0;41;60.335;10.12
75;0;41;70.962;5.37
76;0;41;75.351;19.2
77;0;42;26.736;23.18
78;0;42;31.787;9.34
79;0;43;27.874;24.59
80;0;44;74.442;3.24
81;0;44;90.212;24.4
82;0;45;15.608;24.29
83;0;45;17.477;4.4
84;0;46;16.089;10.33
85;0;47;39.896;7.93
86;0;48;17.999;0.78
87;0;48;14.547;24.57
88;0;49;25.327;1.28
89;0;49;24.794;16.67
90;0;50;75.314;7.26
91;0;50;59.616;11.77
92;0;50;83.998;20.35
93;0;51;26.871;11.87
94;0;51;23.826;2.89
95;0;52;33.232;12.34
96;0;52;38.93;15.7
97;0;53;22.391;1.48
98;0;54;8.671;21.56
99;0;54;10.419;13.14
100;0;54;8.57;2.29
101;0;55;19.04;20.57
102;0;56;22.042;16.81
103;0;56;22.704;12.81
104;0;57;58.284;16.64
105;0;57;66.248;22.39
106;0;57;71.274;19.21
107;0;58;25.77;16.64
108;0;58;26.436;22.09
109;0;58;19.751;2.25
110;0;59;0.0;1.33
111;0;59;0.0;20.32
112;1;2;42.276;0.22
113;1;3;21.57;9.08
114;1;3;16.741;5.01
115;1;4;72.069;20.35
116;1;5;69.299;10.78
117;1;5;63.274;11.37
118;1;6;68.662;19.99
119;1;6;62.866;19.73
120;1;7;65.336;6.83
121;1;7;65.728;3.92
122;1;7;73.466;15.01
123;1;8;35.845;9.06
124;1;8;35.691;3.54
125;1;9;29.022;13.57
126;1;10;24.109;0.72
127;1;10;27.488;12.91
128;1;10;20.93;12.01
129;1;11;20.984;22.64
130;1;12;23.587;15.29
131;1;12;21.295;4.75
132;1;13;34.185;12.05
133;1;14;35.955;5.66
134;1;14;31.879;20.09
135;1;15;41.52;9.64
136;1;15;51.725;10.43
137;1;15;40.489;23.52
138;1;16;39.694;1.15
139;1;16;33.271;4.24
140;1;17;35.589;14.03
141;1;17;39.867;24.13
142;1;17;42.252;1.25
143;1;18;30.486;4.49
144;1;19;33.322;23.99
145;1;20;28.902;21.6
146;1;20;30.73;11.09
147;1;20;25.36;21.92
148;1;21;33.457;7.54
149;1;22;57.209;22.93
150;1;22;56.112;15.95
151;1;23;32.528;11.8
152;1;23;40.457;9.33
153;1;23;30.438;21.94
154;1;24;48.438;24.0
155;1;24;46.72;20.78
156;1;24;44.011;3.06
157;1;25;36.911;22.36
158;1;25;34.925;13.23
159;1;25;35.32;21.93
160;1;26;30.463;4.15
161;1;26;26.608;16.31
162;1;27;32.378;18.14
163;1;28;43.091;20.47
164;1;28;43.715;8.01
165;1;29;37.436;13.51
166;1;30;18.132;22.47
167;1;30;14.192;3.3
168;1;30;20.512;8.94
169;1;31;31.549;19.4
170;1;31;27.129;2.93
171;1;31;25.476;18.5
172;1;32;34.129;24.97
173;1;33;60.577;19.82
174;1;33;65.568;8.19
175;1;34;51.851;3.37
176;1;34;54.395;21.49
177;1;35;33.457;24.82
178;1;36;62.636;10.15
179;1;37;14.867;23.16
180;1;37;12.473;1.56
181;1;38;74.2;3.99
182;1;38;69.464;24.37
183;1;39;35.493;14.71
184;1;39;37.48;23.72
185;1;40;24.081;1.26
186;1;41;33.115;11.89
187;1;42;29.997;5.58
188;1;42;30.103;17.66
189;1;43;21.633;2.24
190;1;43;24.585;3.77
191;1;44;52.504;6.97
192;1;45;34.637;0.34
193;1;45;33.604;15.32
194;1;46;35.914;5.07
195;1;47;20.817;12.19
196;1;48;33.076;16.93
197;1;49;70.687;15.05
198;1;49;85.805;6.2
199;1;49;61.723;5.42
200;1;50;67.755;19.29
201;1;50;54.813;18.06
202;1;51;58.657;0.45
203;1;51;72.281;1.93
204;1;51;50.057;4.39
205;1;52;20.896;18.61
206;1;52;16.118;5.51
207;1;52;25.954;15.7
208;1;53;33.564;5.59
209;1;53;36.318;8.73
210;1;54;45.133;6.32
211;1;54;42.414;17.24
212;1;54;52.404;20.22
213;1;55;40.097;17.26
214;1;55;32.93;15.8
215;1;55;50.119;11.1
216;1;56;69.188;24.94
217;1;57;21.975;14.55
218;1;58;32.66;11.31
219;1;58;26.926;16.9
220;1;58;37.435;11.72
221;1;59;49.491;13.22
222;1;59;52.363;2.24
223;2;3;32.233;22.59
224;2;4;36.692;9.8
225;2;5;38.904;2.38
226;2;6;27.272;1.69
227;2;7;31.73;16.86
228;2;7;34.11;21.91
229;2;7;26.48;14.72
230;2;8;8.547;9.0
231;2;9;23.885;21.26
232;2;9;28.187;10.76
233;2;9;27.799;9.24
234;2;10;22.457;19.32
235;2;11;24.444;5.5
236;2;11;24.72;9.37
237;2;12;25.001;11.92
238;2;12;24.958;5.1
239;2;13;66.918;7.08
240;2;14;36.967;6.59
241;2;14;34.743;16.85
242;2;14;32.054;19.5
243;2;15;15.381;5.57
244;2;15;18.584;12.18
245;2;16;5.626;12.5
246;2;16;5.807;7.76
247;2;16;6.254;8.68
248;2;17;12.678;15.53
249;2;17;10.799;3.37
250;2;18;51.71;5.8
251;2;18;46.46;20.67
252;2;18;62.158;6.59
253;2;19;9.733;20.97
254;2;19;10.03;24.3
255;2;20;14.887;12.77
256;2;20;13.558;22.87
257;2;21;9.975;19.08
258;2;21;10.636;21.44
259;2;22;89.874;8.69
260;2;23;13.852;13.88
261;2;24;6.574;6.64
262;2;24;6.981;21.42
263;2;25;47.906;9.37
264;2;26;11.84;10.1
265;2;26;12.927;19.75
266;2;27;23.397;2.61
267;2;28;6.171;22.37
268;2;29;44.241;16.73
269;2;30;30.763;4.56
270;2;30;23.781;6.03
271;2;31;71.122;3.89
272;2;32;10.056;3.29
273;2;33;31.945;23.15
274;2;33;31.647;13.67
275;2;34;71.038;22.78
276;2;34;61.895;22.16
277;2;34;66.626;3.35
278;2;35;9.975;11.28
279;2;35;10.13;16.45
280;2;36;31.617;20.78
281;2;36;36.297;19.23
282;2;37;27.548;7.26
283;2;37;31.506;9.97
284;2;37;22.513;5.69
285;2;38;38.269;13.61
286;2;39;13.52;6.62
287;2;40;23.811;15.46
288;2;40;28.354;3.12
289;2;41;51.699;12.96
290;2;41;50.332;11.25
291;2;41;48.739;17.06
292;2;42;23.89;5.28
293;2;43;20.769;12.34
294;2;44;66.092;9.4
295;2;44;55.494;13.49
296;2;44;68.921;20.55
297;2;45;7.652;20.67
298;2;45;7.583;4.53
299;2;46;7.478;20.27
300;2;47;35.588;19.29
301;2;48;9.657;11.83
302;2;49;33.877;18.65
303;2;50;76.154;16.99
304;2;50;60.445;3.64
305;2;51;32.749;22.55
306;2;51;27.765;19.23
307;2;51;32.938;21.9
308;2;52;28.348;9.8
309;2;53;13.779;14.29
310;2;53;14.124;12.12
311;2;54;3.72;6.12
312;2;54;4.548;1.18
313;2;55;11.284;3.74
314;2;55;12.211;23.88
315;2;55;10.667;7.54
316;2;56;30.687;9.72
317;2;57;53.422;11.96
318;2;57;44.616;1.97
319;2;57;61.976;0.85
320;2;58;17.196;18.97
321;2;59;8.647;17.04
322;2;59;10.097;8.21
323;3;4;53.504;24.48
324;3;4;60.372;8.6
325;3;5;49.291;5.43
326;3;5;52.471;23.86
327;3;5;45.142;6.39
328;3;6;54.245;18.15
329;3;7;46.542;13.34
330;3;7;42.869;6.68
331;3;7;35.171;17.55
332;3;8;29.973;6.78
333;3;8;25.528;2.93
334;3;9;33.419;19.59
335;3;9;36.748;21.63
336;3;10;9.975;2.84
337;3;11;9.238;19.81
338;3;11;8.572;19.47
339;3;11;9.685;17.34
340;3;12;7.264;10.49
341;3;13;34.854;18.39
342;3;13;26.795;7.59
343;3;14;46.181;19.3
344;3;15;39.488;10.08
345;3;15;31.444;9.18
346;3;15;39.979;3.51
347;3;16;27.463;4.48
348;3;17;32.631;13.01
349;3;18;19.964;19.84
350;3;18;16.297;3.89
351;3;19;27.071;0.69
352;3;19;29.622;1.05
353;3;20;17.667;20.19
354;3;21;27.657;20.42
355;3;22;57.641;15.6
356;3;23;29.967;17.91
357;3;23;36.107;23.51
358;3;23;35.125;12.7
359;3;24;38.752;6.69
360;3;24;32.254;24.17
361;3;25;19.858;6.69
362;3;25;21.526;24.32
363;3;25;16.937;17.52
364;3;26;22.291;4.49
365;3;27;36.182;19.13
366;3;27;29.893;9.93
367;3;27;35.758;11.91
368;3;28;29.991;16.0
369;3;28;28.066;5.81
370;3;28;23.965;9.96
371;3;29;50.588;22.71
372;3;29;48.09;14.84
373;3;30;4.41;12.65
374;3;30;3.62;14.37
375;3;31;41.27;19.54
376;3;31;41.285;19.5
377;3;31;47.195;24.55
378;3;32;28.847;2.27
379;3;32;23.793;17.88
380;3;32;22.98;10.68
381;3;33;40.666;5.64
382;3;33;43.475;3.02
383;3;34;70.732;21.73
384;3;34;64.57;20.2
385;3;35;27.657;9.66
386;3;35;32.741;9.97
387;3;35;26.793;22.16
388;3;36;43.215;6.91
389;3;36;38.103;6.43
390;3;36;34.173;6.31
391;3;37;17.743;4.27
392;3;37;20.137;17.99
393;3;38;55.748;18.47
394;3;38;61.3;13.47
395;3;39;33.071;6.91
396;3;40;8.465;17.48
397;3;40;9.049;4.99
398;3;41;50.533;24.63
399;3;41;58.602;4.91
400;3;41;48.574;9.07
401;3;42;10.686;21.74
402;3;42;10.784;2.78
403;3;42;11.284;18.81
404;3;43;16.17;11.55
405;3;43;19.311;16.93
406;3;43;18.154;1.84
407;3;44;69.654;11.03
408;3;44;71.301;19.66
409;3;45;26.148;21.2
410;3;46;29.083;8.62
411;3;46;33.819;0.11
412;3;46;24.0;4.15
413;3;47;3.37;15.64
414;3;47;2.992;21.51
415;3;47;3.749;24.81
416;3;48;26.387;24.63
417;3;49;52.831;5.63
418;3;49;58.497;12.88
419;3;49;46.909;15.45
420;3;50;51.854;20.33
421;3;50;45.653;10.54
422;3;50;50.185;8.55
423;3;51;38.263;20.72
424;3;51;29.559;19.17
425;3;51;43.389;9.56
426;3;52;4.411;10.32
427;3;53;31.148;16.47
428;3;53;35.295;24.9
429;3;54;35.886;14.52
430;3;54;43.223;15.51
431;3;55;36.161;5.41
432;3;55;34.392;8.14
433;3;56;52.326;23.65
434;3;57;21.784;21.56
435;3;57;16.995;11.4
436;3;58;32.548;17.75
437;3;58;31.46;7.03
438;3;58;31.784;13.84
439;3;59;36.549;4.63
440;3;59;27.673;0.36
441;4;5;9.76;1.54
442;4;5;11.985;4.97
443;4;6;18.721;2.05
444;4;6;14.651;0.36
445;4;7;6.988;19.99
446;4;7;6.964;7.58
447;4;7;5.714;10.74
448;4;8;45.108;18.97
449;4;8;55.328;6.71
450;4;8;54.828;17.58
451;4;9;60.469;4.37
452;4;9;66.831;9.6
453;4;10;47.972;16.12
454;4;10;58.531;4.32
455;4;11;51.088;8.58
456;4;12;48.832;9.85
457;4;12;47.466;4.58
458;4;13;84.661;10.39
459;4;13;96.269;24.53
460;4;13;90.837;18.23
461;4;14;73.587;1.89
462;4;14;83.675;13.99
463;4;14;91.846;6.73
464;4;15;50.763;3.11
465;4;15;51.139;10.7
466;4;15;47.655;22.41
467;4;16;35.398;1.11
468;4;16;31.63;17.63
469;4;16;29.844;15.86
470;4;17;49.364;4.67
471;4;18;66.208;5.07
472;4;18;53.832;7.05
473;4;19;45.512;4.67
474;4;19;42.151;7.43
475;4;19;38.052;23.4
476;4;20;44.149;2.88
477;4;20;43.848;18.73
478;4;20;34.302;6.96
479;4;21;45.992;7.09
480;4;22;103.777;20.68
481;4;22;111.198;19.93
482;4;23;50.384;1.71
483;4;23;60.562;24.36
484;4;24;35.025;18.32
485;4;24;27.775;19.51
486;4;25;57.108;15.26
487;4;25;61.787;8.68
488;4;25;71.169;19.23
489;4;26;44.999;4.19
490;4;27;60.087;18.76
491;4;27;59.094;9.56
492;4;27;66.157;3.91
493;4;28;32.067;0.09
494;4;28;29.709;17.65
495;4;29;80.908;4.38
496;4;29;72.726;19.47
497;4;29;93.596;18.57
498;4;30;55.097;21.36
499;4;30;49.673;11.36
500;4;31;94.2;22.61
501;4;32;46.414;1.98
502;4;32;55.102;1.86
503;4;32;44.24;22.47
504;4;33;14.458;17.28
505;4;33;11.166;5.81
506;4;34;107.715;20.23
507;4;34;127.005;5.83
508;4;35;45.992;10.02
509;4;35;48.416;6.98
510;4;35;46.894;13.6
511;4;36;10.992;9.1
512;4;37;59.458;23.41
513;4;37;60.714;16.83
514;4;38;2.288;24.07
515;4;39;50.197;18.01
516;4;40;48.153;23.78
517;4;40;50.081;2.83
518;4;40;43.512;4.43
519;4;41;88.145;22.94
520;4;41;103.678;24.33
521;4;42;43.017;8.92
522;4;42;38.717;3.11
523;4;43;51.935;13.25
524;4;44;102.722;0.84
525;4;44;79.665;2.05
526;4;44;100.89;1.72
527;4;45;42.419;2.75
528;4;45;38.992;5.22
529;4;46;43.814;24.76
530;4;46;42.184;11.62
531;4;46;41.005;6.99
532;4;47;56.245;5.81
533;4;47;65.905;14.97
534;4;47;58.113;24.57
535;4;48;45.114;24.05
536;4;49;3.916;23.74
537;4;49;4.127;17.13
538;4;49;4.005;11.51
539;4;50;71.931;23.7
540;4;50;54.852;1.53
541;4;50;82.595;13.43
542;4;51;18.088;10.53
543;4;52;52.055;17.72
544;4;52;54.177;21.53
545;4;53;50.429;10.08
546;4;54;36.867;13.98
547;4;54;34.426;14.75
548;4;55;47.294;18.06
549;4;55;56.859;19.69
550;4;56;8.742;20.79
551;4;56;7.733;10.61
552;4;56;8.147;6.04
553;4;57;73.841;2.81
554;4;57;85.386;19.01
555;4;57;76.79;3.9
556;4;58;53.875;8.57
557;4;58;60.557;5.16
558;4;59;28.285;10.04
559;5;6;27.076;0.61
560;5;7;8.115;9.59
561;5;7;8.466;4.49
562;5;7;7.75;0.21
563;5;8;46.758;24.39
564;5;8;51.183;24.88
565;5;9;61.754;23.89
566;5;9;74.912;19.75
567;5;9;71.557;4.62
568;5;10;45.399;16.55
569;5;10;46.182;3.76
570;5;10;48.186;20.43
571;5;11;48.521;15.18
572;5;11;45.247;22.2
573;5;12;45.714;22.63
574;5;12;55.992;23.1
575;5;12;52.83;7.77
576;5;13;78.233;17.14
577;5;14;75.617;9.3
578;5;14;88.615;23.43
579;5;15;53.965;6.41
580;5;16;36.232;11.97
581;5;16;27.251;9.11
582;5;17;51.362;7.21
583;5;18;59.672;12.48
584;5;18;58.821;21.54
585;5;18;53.31;13.55
586;5;19;46.546;17.51
587;5;20;43.076;21.21
588;5;21;47.138;22.08
589;5;21;47.156;2.26
590;5;21;57.983;23.46
591;5;22;96.25;9.04
592;5;23;51.814;16.45
593;5;23;42.318;16.47
594;5;23;60.838;3.11
595;5;24;38.857;2.26
596;5;24;44.014;1.88
597;5;25;49.934;0.98
598;5;25;56.524;23.28
599;5;26;45.011;6.04
600;5;26;36.697;2.65
601;5;26;49.124;12.85
602;5;27;61.902;3.04
603;5;27;73.532;21.29
604;5;28;33.346;7.24
605;5;28;38.245;12.78
606;5;28;39.704;6.76
607;5;29;82.719;11.13
608;5;30;51.562;18.96
609;5;31;88.825;17.12
610;5;31;105.985;1.14
611;5;31;105.451;17.89
612;5;32;47.793;13.91
613;5;32;44.872;10.87
614;5;32;52.211;20.07
615;5;33;8.722;6.15
616;5;33;6.89;19.98
617;5;33;10.145;11.31
618;5;34;108.905;7.25
619;5;34;119.15;16.76
620;5;34;124.063;1.53
621;5;35;47.138;16.67
622;5;35;54.823;0.43
623;5;36;7.39;21.74
624;5;37;57.987;6.96
625;5;37;59.346;12.87
626;5;38;11.417;12.47
627;5;38;9.876;21.65
628;5;39;52.231;19.99
629;5;39;47.079;11.64
630;5;39;44.832;14.2
631;5;40;45.243;6.75
632;5;40;35.232;9.51
633;5;40;39.909;4.88
634;5;41;88.799;4.24
635;5;41;78.226;17.53
636;5;41;67.428;5.36
637;5;42;39.399;18.12
638;5;42;36.16;7.72
639;5;43;50.669;15.47
640;5;44;104.601;7.42
641;5;44;94.756;3.82
642;5;44;93.229;19.49
643;5;45;43.259;0.47
644;5;45;44.6;0.86
645;5;46;45.302;15.59
646;5;46;52.28;14.27
647;5;46;53.703;13.2
648;5;47;51.67;9.23
649;5;47;46.752;0.59
650;5;48;46.009;19.73
651;5;48;47.711;18.69
652;5;49;12.926;22.06
653;5;49;15.636;8.74
654;5;50;62.487;15.29
655;5;50;53.286;20.6
656;5;50;57.623;17.11
657;5;51;11.193;9.51
658;5;51;11.38;16.59
659;5;51;11.645;20.49
660;5;52;48.597;21.66
661;5;53;52.082;6.06
662;5;53;46.017;11.19
663;5;53;59.159;12.06
664;5;54;39.983;22.62
665;5;54;32.593;0.97
666;5;55;50.094;5.73
667;5;55;46.535;1.77
668;5;56;17.231;5.89
669;5;57;68.337;18.7
670;5;58;55.565;12.44
671;5;58;46.326;1.04
672;5;58;45.115;19.4
673;5;59;31.387;7.39
674;5;59;35.681;13.86
675;5;59;36.89;24.65
676;6;7;19.619;19.7
677;6;7;15.757;2.36
678;6;8;35.483;18.2
679;6;9;50.168;14.8
680;6;10;46.063;11.36
681;6;10;44.331;15.46
682;6;10;47.067;8.11
683;6;11;48.824;21.63
684;6;11;44.406;10.38
685;6;12;47.882;3.55
686;6;13;88.461;19.04
687;6;13;107.837;3.38
688;6;13;72.225;4.99
689;6;14;61.384;11.97
690;6;14;68.794;0.52
691;6;15;37.763;11.45
692;6;15;36.111;0.07
693;6;16;28.971;12.14
694;6;16;28.547;8.12
695;6;16;22.47;18.92
696;6;17;38.631;7.03
697;6;17;31.665;20.85
698;6;17;44.886;3.88
699;6;18;70.996;16.74
700;6;19;37.002;1.62
701;6;19;27.816;22.48
702;6;19;31.709;19.48
703;6;20;39.848;21.32
704;6;20;35.583;0.34
705;6;21;37.21;1.34
706;6;21;33.376;3.44
707;6;22;109.833;16.49
708;6;22;113.247;18.88
709;6;23;40.599;5.97
710;6;23;49.869;17.6
711;6;23;38.042;22.97
712;6;24;22.692;1.56
713;6;24;20.096;16.88
714;6;25;63.856;16.06
715;6;25;70.053;10.26
716;6;25;51.186;0.23
717;6;26;38.502;8.58
718;6;26;30.697;19.9
719;6;27;48.874;10.8
720;6;27;54.686;0.96
721;6;28;25.585;16.85
722;6;29;68.826;10.78
723;6;29;71.477;18.66
724;6;30;54.347;8.51
725;6;30;59.905;22.21
726;6;30;51.083;5.69
727;6;31;95.326;24.28
728;6;32;37.142;3.79
729;6;32;40.652;23.27
730;6;32;34.388;6.09
731;6;33;26.588;8.66
732;6;33;27.793;8.22
733;6;34;96.041;24.79
734;6;34;88.723;23.09
735;6;34;116.563;0.73
736;6;35;37.21;6.57
737;6;36;23.396;10.17
738;6;37;54.329;10.64
739;6;37;54.223;22.24
740;6;37;42.409;16.49
741;6;38;18.71;17.94
742;6;39;39.322;11.62
743;6;39;37.705;18.47
744;6;39;29.876;18.45
745;6;40;46.875;17.72
746;6;40;45.691;6.97
747;6;41;77.783;13.43
748;6;42;43.764;2.35
749;6;43;47.073;15.88
750;6;43;54.983;3.3
751;6;43;46.433;3.06
752;6;44;90.045;11.83
753;6;44;77.138;23.19
754;6;44;78.43;14.03
755;6;45;34.699;22.46
756;6;45;37.111;20.35
757;6;46;34.657;16.1
758;6;46;41.708;1.0
759;6;47;57.482;10.19
760;6;47;61.059;7.05
761;6;48;36.918;2.77
762;6;49;14.818;14.1
763;6;50;84.8;17.09
764;6;50;86.521;7.64
765;6;50;74.733;14.09
766;6;51;29.998;5.32
767;6;51;23.982;2.47
768;6;52;51.433;10.18
769;6;53;40.228;21.0
770;6;53;32.346;10.71
771;6;53;32.846;24.52
772;6;54;25.626;24.27
773;6;54;23.558;5.59
774;6;54;22.161;23.43
775;6;55;35.297;22.54
776;6;55;32.983;20.29
777;6;56;10.032;13.46
778;6;56;8.646;14.91
779;6;57;75.973;10.74
780;6;58;43.312;8.0
781;6;58;35.512;10.14
782;6;58;48.417;18.05
783;6;59;19.222;6.95
784;6;59;19.733;12.21
785;7;8;39.892;4.89
786;7;8;35.584;5.18
787;7;9;55.131;3.32
788;7;9;45.071;3.67
789;7;10;41.226;4.0
790;7;10;35.434;13.85
791;7;10;43.333;23.59
792;7;11;44.354;1.03
793;7;11;34.271;11.78
794;7;12;41.989;13.94
795;7;13;77.761;16.22
796;7;13;66.523;10.18
797;7;13;78.543;6.72
798;7;14;68.67;11.95
799;7;14;62.513;16.27
800;7;14;62.954;24.8
801;7;15;46.481;1.88
802;7;15;44.51;6.9
803;7;16;29.708;1.49
804;7;16;33.09;16.24
805;7;17;44.356;5.16
806;7;17;51.491;10.94
807;7;17;52.789;13.23
808;7;18;59.345;21.24
809;7;18;49.979;16.69
810;7;18;56.567;24.82
811;7;19;39.989;19.53
812;7;20;37.779;1.25
813;7;20;41.93;19.65
814;7;21;40.525;21.59
815;7;22;97.123;22.73
816;7;22;98.05;10.14
817;7;22;95.779;2.18
818;7;23;45.08;8.22
819;7;24;31.099;4.22
820;7;25;50.417;12.63
821;7;25;41.221;23.71
822;7;26;39.024;8.09
823;7;26;29.625;10.03
824;7;27;55.02;7.0
825;7;28;26.558;18.81
826;7;28;27.985;17.7
827;7;29;75.887;10.34
828;7;29;85.552;11.11
829;7;30;48.206;12.71
830;7;30;47.237;5.53
831;7;31;87.213;18.96
832;7;31;97.787;20.91
833;7;31;84.536;2.19
834;7;32;41.065;10.98
835;7;32;39.226;5.3
836;7;33;8.171;10.72
837;7;34;102.414;17.53
838;7;34;119.127;13.38
839;7;34;84.455;4.37
840;7;35;40.525;17.8
841;7;36;4.525;9.47
842;7;36;5.233;7.23
843;7;37;53.025;10.91
844;7;38;9.263;18.93
845;7;38;7.546;23.85
846;7;39;45.212;4.89
847;7;39;44.151;21.75
848;7;40;41.344;2.73
849;7;41;82.57;15.22
850;7;42;36.092;3.2
851;7;42;40.538;17.61
852;7;43;45.54;7.23
853;7;44;97.767;7.82
854;7;44;108.871;0.76
855;7;45;36.786;13.51
856;7;45;34.02;19.54
857;7;46;38.506;13.44
858;7;46;40.788;13.16
859;7;46;34.23;19.72
860;7;47;49.264;8.57
861;7;48;39.523;18.95
862;7;48;36.831;10.22
863;7;49;7.56;23.05
864;7;49;7.898;12.76
865;7;50;66.847;0.58
866;7;51;11.922;13.59
867;7;52;45.169;16.99
868;7;52;41.227;18.36
869;7;53;45.24;8.16
870;7;53;48.407;18.79
871;7;53;45.909;22.71
872;7;54;32.461;12.92
873;7;54;37.421;5.83
874;7;55;42.744;20.57
875;7;56;10.425;16.39
876;7;56;11.454;19.48
877;7;56;9.67;0.87
878;7;57;66.86;21.1
879;7;57;57.316;14.73
880;7;57;66.212;10.58
881;7;58;48.72;13.1
882;7;58;57.718;4.21
883;7;59;23.796;11.74
884;7;59;22.165;0.32
885;7;59;22.386;10.81
886;8;9;15.372;23.27
887;8;9;15.014;21.39
888;8;9;14.664;4.15
889;8;10;20.072;3.33
890;8;10;17.569;23.85
891;8;10;22.833;22.13
892;8;11;21.053;8.75
893;8;11;18.379;16.6
894;8;12;22.87;13.94
895;8;13;63.49;0.82
896;8;13;66.618;21.44
897;8;13;78.77;21.24
898;8;14;28.859;7.1
899;8;15;10.323;22.67
900;8;15;9.443;6.16
901;8;15;11.539;4.64
902;8;16;10.748;6.33
903;8;17;4.784;15.17
904;8;17;4.796;13.51
905;8;18;49.936;7.88
906;8;18;58.629;20.98
907;8;18;50.862;13.27
908;8;19;2.93;16.1
909;8;19;2.3;23.78
910;8;19;2.859;24.14
911;8;20;12.704;8.9
912;8;20;9.791;3.29
913;8;20;11.054;7.05
914;8;21;2.493;23.28
915;8;22;86.899;3.66
916;8;22;86.505;24.07
917;8;23;5.307;11.79
918;8;23;5.504;5.47
919;8;23;6.593;21.58
920;8;24;13.189;15.36
921;8;25;47.93;8.34
922;8;26;7.711;6.85
923;8;26;8.568;1.05
924;8;27;15.151;6.7
925;8;28;13.413;2.96
926;8;29;36.006;6.53
927;8;29;33.734;22.67
928;8;29;41.977;14.78
929;8;30;27.449;12.13
930;8;30;29.096;0.79
931;8;31;66.028;11.0
932;8;31;69.833;15.12
933;8;31;56.9;10.36
934;8;32;1.755;8.71
935;8;32;1.529;5.55
936;8;33;39.311;3.23
937;8;33;48.643;22.97
938;8;33;39.896;13.73
939;8;34;62.614;8.03
940;8;35;2.493;5.29
941;8;35;2.462;0.0
942;8;36;39.39;18.27
943;8;36;37.746;20.26
944;8;36;43.925;9.56
945;8;37;20.993;14.74
946;8;37;26.24;4.93
947;8;37;22.524;11.51
948;8;38;46.738;16.09
949;8;39;5.652;10.61
950;8;39;6.509;10.96
951;8;40;21.696;6.01
952;8;40;16.512;9.68
953;8;41;43.161;11.21
954;8;42;24.083;6.7
955;8;43;15.474;10.85
956;8;43;13.253;12.07
957;8;43;12.645;9.97
958;8;44;57.892;14.7
959;8;44;57.468;12.37
960;8;44;43.733;17.2
961;8;45;4.84;17.91
962;8;45;5.532;7.86
963;8;46;1.576;13.5
964;8;47;33.145;17.68
965;8;47;24.916;4.21
966;8;48;3.586;16.88
967;8;48;4.363;21.6
968;8;49;42.377;12.31
969;8;49;49.312;20.0
970;8;50;78.02;2.27
971;8;50;79.932;20.81
972;8;51;39.625;18.25
973;8;51;38.071;0.8
974;8;52;25.659;20.88
975;8;52;19.736;1.17
976;8;53;5.349;16.53
977;8;54;9.971;4.45
978;8;54;11.579;1.18
979;8;54;9.353;11.25
980;8;55;6.364;7.11
981;8;55;5.655;17.72
982;8;55;7.528;20.99
983;8;56;39.235;0.5
984;8;57;49.732;10.59
985;8;57;61.126;9.95
986;8;58;8.83;18.94
987;8;58;9.716;10.75
988;8;59;17.194;22.15
989;9;10;25.644;22.63
990;9;11;24.601;19.95
991;9;12;28.044;19.69
992;9;12;21.645;22.05
993;9;13;61.687;14.69
994;9;14;14.501;16.25
995;9;14;16.023;7.17
996;9;15;14.4;12.3
997;9;15;13.149;1.37
998;9;15;13.361;19.54
999;9;16;25.526;4.87
1000;9;16;19.67;5.7
1001;9;17;11.546;15.38
1002;9;18;52.053;11.1
1003;9;18;39.537;5.42
1004;9;19;15.208;3.48
1005;9;19;12.873;12.41
1006;9;19;13.296;3.82
1007;9;20;21.551;6.11
1008;9;20;16.195;8.07
1009;9;21;14.627;13.11
1010;9;22;85.235;20.01
1011;9;22;87.167;11.22
1012;9;22;101.251;16.73
1013;9;23;10.085;12.98
1014;9;24;27.476;12.05
1015;9;25;53.228;15.19
1016;9;25;59.144;10.65
1017;9;26;17.568;9.88
1018;9;26;20.101;24.44
1019;9;27;3.361;12.6
1020;9;27;3.73;2.87
1021;9;27;3.831;4.0
1022;9;28;28.573;10.02
1023;9;28;35.564;13.61
1024;9;29;21.106;3.81
1025;9;30;29.451;6.79
1026;9;31;60.565;16.82
1027;9;32;14.075;6.25
1028;9;32;13.007;24.62
1029;9;33;53.966;17.24
1030;9;33;53.727;9.43
1031;9;34;47.29;21.97
1032;9;34;58.373;24.4
1033;9;35;14.627;20.64
1034;9;35;16.768;18.2
1035;9;36;54.364;17.72
1036;9;36;48.441;22.63
1037;9;36;51.48;5.85
1038;9;37;17.085;1.7
1039;9;37;12.965;17.97
1040;9;38;62.109;15.58
1041;9;39;10.847;9.0
1042;9;39;8.592;4.01
1043;9;40;27.211;24.67
1044;9;41;27.834;20.87
1045;9;41;29.968;24.1
1046;9;42;32.326;18.07
1047;9;43;17.639;24.72
1048;9;44;42.91;11.59
1049;9;44;49.101;10.61
1050;9;44;41.287;16.5
1051;9;45;18.504;3.16
1052;9;45;20.712;14.48
1053;9;45;15.352;0.68
1054;9;46;16.661;8.58
1055;9;46;14.184;12.6
1056;9;46;19.585;7.47
1057;9;47;35.754;21.62
1058;9;47;38.217;2.46
1059;9;48;15.759;5.03
1060;9;49;57.747;18.82
1061;9;49;45.757;2.95
1062;9;50;85.018;0.93
1063;9;50;100.236;5.96
1064;9;51;53.854;21.02
1065;9;51;52.729;15.69
1066;9;52;29.21;3.76
1067;9;52;33.966;24.59
1068;9;53;10.121;6.71
1069;9;54;24.63;22.6
1070;9;55;15.178;17.47
1071;9;55;16.468;4.47
1072;9;55;16.875;1.36
1073;9;56;54.542;22.72
1074;9;57;48.168;1.3
1075;9;58;6.858;10.93
1076;9;58;8.176;10.76
1077;9;59;32.509;3.58
1078;10;11;3.134;24.51
1079;10;11;3.088;16.12
1080;10;12;2.805;21.19
1081;10;13;44.461;22.74
1082;10;14;39.493;20.75
1083;10;14;34.548;5.45
1084;10;15;29.821;0.5
1085;10;15;24.304;21.73
1086;10;15;33.358;23.03
1087;10;16;18.034;13.81
1088;10;17;23.02;18.09
1089;10;17;28.543;14.55
1090;10;17;22.994;21.44
1091;10;18;29.895;20.95
1092;10;19;17.198;24.91
1093;10;19;18.961;6.6
1094;10;19;17.003;5.27
1095;10;20;7.708;10.21
1096;10;21;17.815;1.62
1097;10;22;67.493;21.93
1098;10;23;20.552;19.59
1099;10;24;29.019;21.59
1100;10;25;28.38;5.58
1101;10;25;24.14;5.13
1102;10;25;29.695;3.69
1103;10;26;12.365;11.63
1104;10;26;14.362;10.15
1105;10;27;27.982;7.72
1106;10;27;32.754;6.63
1107;10;28;20.912;24.94
1108;10;29;44.869;6.92
1109;10;29;41.819;17.21
1110;10;30;8.447;10.96
1111;10;30;7.679;1.08
1112;10;30;8.503;0.28
1113;10;31;49.42;8.37
1114;10;31;41.588;2.37
1115;10;32;19.032;5.75
1116;10;33;36.695;0.01
1117;10;33;39.257;19.5
1118;10;34;67.603;13.25
1119;10;34;72.029;19.96
1120;10;35;17.815;7.19
1121;10;35;17.723;12.59
1122;10;36;38.592;13.11
1123;10;37;13.514;0.15
1124;10;38;50.115;16.19
1125;10;38;39.852;5.62
1126;10;38;40.997;5.03
1127;10;39;23.534;23.94
1128;10;39;19.731;0.37
1129;10;39;19.434;19.98
1130;10;40;1.678;22.59
1131;10;40;1.634;13.51
1132;10;41;47.031;13.38
1133;10;41;51.843;11.94
1134;10;41;50.028;16.87
1135;10;42;7.406;8.72
1136;10;42;8.919;21.58
1137;10;43;8.136;5.92
1138;10;43;8.251;3.81
1139;10;43;10.13;24.13
1140;10;44;65.343;19.78
1141;10;45;16.173;10.07
1142;10;45;19.083;7.12
1143;10;45;19.632;1.72
1144;10;46;19.131;7.39
1145;10;46;23.049;13.56
1146;10;46;19.931;6.77
1147;10;47;13.258;14.44
1148;10;48;16.488;17.48
1149;10;49;46.687;24.92
1150;10;50;59.626;15.21
1151;10;50;60.734;19.58
1152;10;51;35.073;24.55
1153;10;52;5.893;23.64
1154;10;52;4.848;5.47
1155;10;53;21.699;2.88
1156;10;53;24.595;13.3
1157;10;54;26.057;13.93
1158;10;54;24.32;18.12
1159;10;55;26.329;19.79
1160;10;55;26.625;20.85
1161;10;55;23.905;21.76
1162;10;56;45.454;14.36
1163;10;56;47.31;15.79
1164;10;57;31.01;6.42
1165;10;57;37.364;3.04
1166;10;58;23.529;24.97
1167;10;58;26.804;12.96
1168;10;58;18.803;12.96
1169;10;59;27.562;11.15
1170;10;59;27.583;8.42
1171;10;59;22.757;6.78
1172;11;12;3.827;15.95
1173;11;13;42.679;16.53
1174;11;13;41.203;18.65
1175;11;14;37.998;9.69
1176;11;14;34.661;2.28
1177;11;14;39.008;13.36
1178;11;15;30.314;15.98
1179;11;15;34.876;10.99
1180;11;16;20.413;18.56
1181;11;17;23.447;20.66
1182;11;17;27.323;3.1
1183;11;17;17.823;24.94
1184;11;18;29.071;22.3
1185;11;18;31.812;8.33
1186;11;18;22.937;3.22
1187;11;19;18.125;9.38
1188;11;19;16.56;7.08
1189;11;20;9.569;3.65
1190;11;20;9.098;18.27
1191;11;20;8.761;3.96
1192;11;21;18.66;12.88
1193;11;21;15.237;9.04
1194;11;21;18.52;24.45
1195;11;22;65.94;23.27
1196;11;22;66.625;15.88
1197;11;22;49.907;17.65
1198;11;23;20.74;14.53
1199;11;23;16.014;20.93
1200;11;23;22.909;2.99
1201;11;24;31.014;14.93
1202;11;24;37.88;3.6
1203;11;25;28.717;8.51
1204;11;25;22.987;11.16
1205;11;25;24.473;17.19
1206;11;26;13.515;5.2
1207;11;27;27.199;6.56
1208;11;27;22.882;23.92
1209;11;27;22.188;13.04
1210;11;28;23.466;23.37
1211;11;28;24.849;15.06
1212;11;28;26.696;0.51
1213;11;29;43.031;4.34
1214;11;30;6.439;8.31
1215;11;30;7.316;10.76
1216;11;30;7.043;23.39
1217;11;31;46.911;3.14
1218;11;31;42.238;24.78
1219;11;32;19.813;16.72
1220;11;32;22.965;8.08
1221;11;32;17.306;13.51
1222;11;33;39.813;2.2
1223;11;33;48.104;18.52
1224;11;33;31.227;21.65
1225;11;34;65.123;0.82
1226;11;34;60.352;3.03
1227;11;35;18.66;17.11
1228;11;35;17.468;20.06
1229;11;35;21.097;12.24
1230;11;36;41.726;18.06
1231;11;36;44.675;22.75
1232;11;37;10.896;19.64
1233;11;37;10.647;13.13
1234;11;38;53.226;24.49
1235;11;38;42.351;11.46
1236;11;39;23.863;19.81
1237;11;39;19.249;15.58
1238;11;40;3.584;10.45
1239;11;40;3.871;23.25
1240;11;41;44.586;23.34
1241;11;42;10.054;24.29
1242;11;42;12.071;20.27
1243;11;42;10.982;16.91
1244;11;43;7.038;16.81
1245;11;44;63.137;22.47
1246;11;45;17.643;13.84
1247;11;45;21.938;4.16
1248;11;45;13.621;16.85
1249;11;46;20.307;10.55
1250;11;46;24.131;16.21
1251;11;46;15.381;22.42
1252;11;47;12.194;24.48
1253;11;47;13.289;10.02
1254;11;47;9.736;24.92
1255;11;48;17.491;6.95
1256;11;48;14.254;7.52
1257;11;49;49.77;16.42
1258;11;49;39.573;2.89
1259;11;49;49.739;1.49
1260;11;50;60.417;6.39
1261;11;51;38.15;17.71
1262;11;51;40.971;24.51
1263;11;51;31.011;17.24
1264;11;52;4.83;14.72
1265;11;53;21.925;14.34
1266;11;53;26.791;15.61
1267;11;53;22.401;13.44
1268;11;54;27.936;7.84
1269;11;54;27.853;14.85
1270;11;55;27.111;0.32
1271;11;55;30.382;6.85
1272;11;56;48.466;3.71
1273;11;57;29.047;4.97
1274;11;57;22.975;8.05
1275;11;57;36.079;21.71
1276;11;58;23.327;20.56
1277;11;59;30.107;23.25
1278;11;59;28.046;10.12
1279;11;59;37.608;2.58
1280;12;13;41.967;4.23
1281;12;13;41.846;12.44
1282;12;14;41.666;11.32
1283;12;14;38.746;6.84
1284;12;14;44.193;7.22
1285;12;15;32.62;4.4
1286;12;15;25.201;13.64
1287;12;16;20.363;11.65
1288;12;16;20.562;11.07
1289;12;16;15.628;0.38
1290;12;17;25.811;17.31
1291;12;18;27.123;9.35
1292;12;18;32.537;3.1
1293;12;18;32.303;7.75
1294;12;19;20.0;11.57
1295;12;20;10.416;10.84
1296;12;21;20.62;16.16
1297;12;22;64.881;6.48
1298;12;22;77.5;0.9
1299;12;23;23.312;2.87
1300;12;23;25.158;24.84
1301;12;23;26.543;15.81
1302;12;24;31.539;5.04
1303;12;25;25.655;20.26
1304;12;25;32.042;16.67
1305;12;26;15.161;7.34
1306;12;26;15.932;3.69
1307;12;26;13.997;2.67
1308;12;27;30.495;5.3
1309;12;27;34.607;1.93
1310;12;28;23.066;6.48
1311;12;28;25.951;11.66
1312;12;28;22.941;19.48
1313;12;29;46.809;5.5
1314;12;29;55.026;23.87
1315;12;30;6.496;4.98
1316;12;31;47.454;4.78
1317;12;31;36.969;13.15
1318;12;32;21.837;8.6
1319;12;32;26.943;10.99
1320;12;32;18.96;18.09
1321;12;33;36.992;15.64
1322;12;33;30.13;1.37
1323;12;34;68.917;23.94
1324;12;34;57.265;1.42
1325;12;35;20.62;22.14
1326;12;35;25.44;13.69
1327;12;35;16.196;14.01
1328;12;36;39.112;5.01
1329;12;36;36.035;11.67
1330;12;36;39.238;11.17
1331;12;37;14.692;12.72
1332;12;38;51.015;23.09
1333;12;38;50.452;1.81
1334;12;38;48.51;5.02
1335;12;39;26.316;15.89
1336;12;39;28.296;0.56
1337;12;40;1.201;4.0
1338;12;40;0.957;2.02
1339;12;41;48.392;15.38
1340;12;41;52.602;8.64
1341;12;42;6.556;4.32
1342;12;42;6.432;2.33
1343;12;42;5.695;12.33
1344;12;43;10.41;19.21
1345;12;43;10.264;7.83
1346;12;44;66.963;8.53
1347;12;44;77.429;24.28
1348;12;45;18.914;15.06
1349;12;45;16.024;15.9
1350;12;45;22.678;5.95
1351;12;46;21.913;13.95
1352;12;46;26.047;2.3
1353;12;46;25.13;6.11
1354;12;47;10.597;18.43
1355;12;48;19.288;17.91
1356;12;48;21.131;2.81
1357;12;49;47.753;6.29
1358;12;49;58.485;9.46
1359;12;50;57.058;17.13
1360;12;50;69.355;9.74
1361;12;50;43.131;7.55
1362;12;51;35.111;20.11
1363;12;51;28.911;22.68
1364;12;52;3.558;7.12
1365;12;52;2.744;22.95
1366;12;52;3.257;18.09
1367;12;53;24.466;19.4
1368;12;53;19.974;6.17
1369;12;54;28.64;0.83
1370;12;54;23.123;16.68
1371;12;54;23.327;12.65
1372;12;55;29.133;7.38
1373;12;55;29.761;23.32
1374;12;55;29.477;6.03
1375;12;56;46.776;17.54
1376;12;56;52.737;21.21
1377;12;56;56.746;15.22
1378;12;57;28.646;17.44
1379;12;57;26.489;3.03
1380;12;57;27.63;23.95
1381;12;58;26.218;0.65
1382;12;59;29.69;12.54
1383;12;59;34.722;22.32
1384;13;14;70.123;17.52
1385;13;14;79.939;3.52
1386;13;15;71.81;20.23
1387;13;16;62.303;22.39
1388;13;17;65.084;1.0
1389;13;17;49.471;8.68
1390;13;17;57.942;0.16
1391;13;18;18.562;23.6
1392;13;19;60.572;12.78
1393;13;19;56.939;0.39
1394;13;19;50.112;11.67
1395;13;20;52.091;20.92
1396;13;20;57.582;1.13
1397;13;21;61.024;18.3
1398;13;22;23.616;4.14
1399;13;22;19.459;9.73
1400;13;23;62.08;15.61
1401;13;23;47.267;21.28
1402;13;24;73.478;5.56
1403;13;25;28.838;7.4
1404;13;25;35.422;2.8
1405;13;26;56.153;20.17
1406;13;26;66.031;16.14
1407;13;27;64.996;23.41
1408;13;28;64.83;23.28
1409;13;29;71.407;2.06
1410;13;30;36.251;0.86
1411;13;31;15.436;7.03
1412;13;32;62.083;4.18
1413;13;32;63.481;11.55
1414;13;32;76.248;19.8
1415;13;33;70.48;1.18
1416;13;34;81.254;3.48
1417;13;34;100.678;8.06
1418;13;34;88.754;12.99
1419;13;35;61.024;15.36
1420;13;36;73.718;8.34
1421;13;36;78.925;18.51
1422;13;37;44.909;7.83
1423;13;38;86.948;7.61
1424;13;38;104.556;10.79
1425;13;39;65.297;0.19
1426;13;40;43.14;23.58
1427;13;40;52.614;6.64
1428;13;40;36.469;12.11
1429;13;41;65.379;18.73
1430;13;42;44.819;2.0
1431;13;42;49.014;1.63
1432;13;42;44.547;20.24
1433;13;43;48.15;20.23
1434;13;44;83.961;4.41
1435;13;44;68.132;11.0
1436;13;44;74.913;24.16
1437;13;45;60.322;7.87
1438;13;45;60.163;22.24
1439;13;46;62.89;15.43
1440;13;46;77.745;17.93
1441;13;47;31.488;3.29
1442;13;47;24.248;6.73
1443;13;47;24.618;3.96
1444;13;48;60.005;4.94
1445;13;48;62.964;19.33
1446;13;49;84.844;11.95
1447;13;50;45.693;16.19
1448;13;51;67.214;20.48
1449;13;51;75.362;2.65
1450;13;52;38.57;19.62
1451;13;53;63.264;20.27
1452;13;54;70.506;20.79
1453;13;54;59.748;19.55
1454;13;54;55.33;18.78
1455;13;55;69.201;5.13
1456;13;55;86.133;11.33
1457;13;56;85.25;8.66
1458;13;56;89.354;3.34
1459;13;56;87.553;2.09
1460;13;57;13.798;23.03
1461;13;58;63.556;8.22
1462;13;58;58.385;14.8
1463;13;58;71.336;0.01
1464;13;59;71.35;22.94
1465;13;59;80.294;1.46
1466;14;15;23.621;11.6
1467;14;15;23.305;11.4
1468;14;15;26.635;24.77
1469;14;16;39.479;7.62
1470;14;17;24.314;6.39
1471;14;17;21.174;5.86
1472;14;17;22.886;8.16
1473;14;18;63.342;3.15
1474;14;19;29.303;6.61
1475;14;20;36.011;21.14
1476;14;20;44.345;12.87
1477;14;20;42.292;12.98
1478;14;21;28.647;15.58
1479;14;22;93.102;9.59
1480;14;22;105.829;9.95
1481;14;22;115.441;20.47
1482;14;23;23.888;0.91
1483;14;24;39.149;0.04
1484;14;24;47.198;19.76
1485;14;25;65.986;11.26
1486;14;26;32.05;12.39
1487;14;26;30.287;8.65
1488;14;26;27.259;14.07
1489;14;27;13.725;9.91
1490;14;27;10.618;18.24
1491;14;28;42.272;17.03
1492;14;29;7.444;24.01
1493;14;30;41.918;13.03
1494;14;30;34.266;16.25
1495;14;31;66.005;9.56
1496;14;32;27.879;22.69
1497;14;32;32.004;0.36
1498;14;32;23.467;9.15
1499;14;33;68.074;11.82
1500;14;33;63.307;14.54
1501;14;33;63.06;8.65
1502;14;34;34.657;15.81
1503;14;35;28.647;10.76
1504;14;36;68.247;5.53
1505;14;37;28.594;4.18
1506;14;37;34.266;3.46
1507;14;37;30.867;13.47
1508;14;38;75.07;17.26
1509;14;38;58.537;14.05
1510;14;38;68.224;14.82
1511;14;39;23.458;3.11
1512;14;40;40.964;2.63
1513;14;40;49.623;12.29
1514;14;41;18.077;24.49
1515;14;41;16.772;24.32
1516;14;42;46.477;5.34
1517;14;43;31.358;19.79
1518;14;44;29.136;14.41
1519;14;44;25.57;17.9
1520;14;45;32.631;4.31
1521;14;45;33.719;6.95
1522;14;45;28.215;7.61
1523;14;46;30.323;12.84
1524;14;46;35.377;19.09
1525;14;47;48.04;12.21
1526;14;47;59.61;16.57
1527;14;47;54.42;12.98
1528;14;48;29.936;18.03
1529;14;48;25.273;12.59
1530;14;49;70.601;0.87
1531;14;50;98.032;21.88
1532;14;51;68.143;12.24
1533;14;51;56.825;10.09
1534;14;52;42.271;4.77
1535;14;52;43.816;18.39
1536;14;53;23.543;19.48
1537;14;53;20.342;8.3
1538;14;54;36.838;12.02
1539;14;55;26.448;14.71
1540;14;56;67.007;17.36
1541;14;57;57.399;15.85
1542;14;57;47.686;20.12
1543;14;58;20.066;17.44
1544;14;58;20.788;4.35
1545;14;59;45.309;23.12
1546;15;16;19.811;9.38
1547;15;16;20.575;18.14
1548;15;16;24.403;18.61
1549;15;17;6.869;23.49
1550;15;17;7.461;23.36
1551;15;18;59.384;21.58
1552;15;18;55.177;7.49
1553;15;19;12.858;10.84
1554;15;20;22.821;10.8
1555;15;20;27.86;1.32
1556;15;21;12.156;0.03
1557;15;22;95.389;12.66
1558;15;22;84.045;22.62
1559;15;22;98.81;22.01
1560;15;23;9.749;10.84
1561;15;24;15.801;2.31
1562;15;25;58.016;10.04
1563;15;25;53.531;23.61
1564;15;26;17.705;4.41
1565;15;26;21.119;1.38
1566;15;26;19.15;6.64
1567;15;27;12.0;7.62
1568;15;28;21.487;2.52
1569;15;29;31.063;15.24
1570;15;30;36.496;16.46
1571;15;30;37.167;6.0
1572;15;30;32.344;20.66
1573;15;31;72.778;2.68
1574;15;31;84.276;14.12
1575;15;31;80.227;2.7
1576;15;32;10.905;22.16
1577;15;33;47.282;7.62
1578;15;33;37.151;16.03
1579;15;33;50.66;6.08
1580;15;34;58.279;11.87
1581;15;34;46.87;15.92
1582;15;34;66.81;21.38
1583;15;35;12.156;21.51
1584;15;35;14.075;15.38
1585;15;35;14.432;4.38
1586;15;36;46.777;16.51
1587;15;36;35.5;9.1
1588;15;36;52.784;18.85
1589;15;37;27.411;24.31
1590;15;38;52.078;19.7
1591;15;38;43.989;24.7
1592;15;38;57.554;13.41
1593;15;39;6.533;7.33
1594;15;39;6.597;11.27
1595;15;39;6.882;11.09
1596;15;40;31.487;1.6
1597;15;41;40.482;3.3
1598;15;41;38.453;7.55
1599;15;41;42.588;3.78
1600;15;42;34.348;19.43
1601;15;42;39.984;13.01
1602;15;42;33.319;6.22
1603;15;43;23.871;21.09
1604;15;43;29.269;3.24
1605;15;44;52.433;24.85
1606;15;45;15.128;19.68
1607;15;45;16.231;11.64
1608;15;46;11.738;11.01
1609;15;46;11.032;10.61
1610;15;47;42.507;13.96
1611;15;47;44.791;3.49
1612;15;48;13.644;2.92
1613;15;48;12.672;22.0
1614;15;48;14.598;16.15
1615;15;49;47.551;23.21
1616;15;49;56.301;13.27
1617;15;50;88.33;0.23
1618;15;51;48.127;19.56
1619;15;52;35.092;2.36
1620;15;53;8.556;17.48
1621;15;53;9.364;23.73
1622;15;54;14.02;2.41
1623;15;54;11.115;6.92
1624;15;55;4.283;21.91
1625;15;56;43.708;11.23
1626;15;57;58.017;13.22
1627;15;58;8.883;10.21
1628;15;58;7.245;13.31
1629;15;59;22.688;6.33
1630;16;17;15.512;16.47
1631;16;18;46.588;15.61
1632;16;18;51.288;10.32
1633;16;19;10.322;12.6
1634;16;19;10.105;4.48
1635;16;19;8.396;4.42
1636;16;20;11.015;6.95
1637;16;20;10.357;13.64
1638;16;21;10.906;12.68
1639;16;21;8.192;4.54
1640;16;21;13.421;8.25
1641;16;22;85.017;5.86
1642;16;22;88.409;2.81
1643;16;22;76.1;23.73
1644;16;23;15.606;12.06
1645;16;23;12.991;17.95
1646;16;23;11.81;11.74
1647;16;24;11.562;24.59
1648;16;24;9.294;6.45
1649;16;25;42.406;15.09
1650;16;26;9.857;0.35
1651;16;27;25.756;22.13
1652;16;28;3.511;19.42
1653;16;28;3.576;7.4
1654;16;29;46.506;23.13
1655;16;30;26.476;23.24
1656;16;30;27.195;9.11
1657;16;30;19.947;22.83
1658;16;31;67.324;2.17
1659;16;31;57.376;10.23
1660;16;31;60.825;4.69
1661;16;32;11.6;23.75
1662;16;33;28.603;4.47
1663;16;33;23.108;10.21
1664;16;33;31.211;18.36
1665;16;34;72.753;23.41
1666;16;35;10.906;9.5
1667;16;35;8.578;4.98
1668;16;36;28.843;12.05
1669;16;36;32.611;16.75
1670;16;37;25.458;11.76
1671;16;37;19.79;1.35
1672;16;38;37.204;24.99
1673;16;38;31.847;12.5
1674;16;39;16.386;7.8
1675;16;40;19.211;0.12
1676;16;40;19.819;10.16
1677;16;40;17.47;5.74
1678;16;41;52.865;2.02
1679;16;41;47.298;10.76
1680;16;41;42.43;18.41
1681;16;42;18.528;19.3
1682;16;42;18.172;14.05
1683;16;42;19.015;18.16
1684;16;43;18.112;17.83
1685;16;43;15.494;24.65
1686;16;43;18.601;19.19
1687;16;44;68.379;21.41
1688;16;45;7.079;5.77
1689;16;45;6.17;0.66
1690;16;45;7.943;21.63
1691;16;46;9.212;11.66
1692;16;47;30.833;19.7
1693;16;47;31.206;18.11
1694;16;48;9.821;19.78
1695;16;48;7.988;20.68
1696;16;48;11.81;3.44
1697;16;49;33.05;12.23
1698;16;50;70.536;5.85
1699;16;51;28.881;10.71
1700;16;52;23.842;8.87
1701;16;52;23.337;11.39
1702;16;53;15.957;9.51
1703;16;53;15.22;17.76
1704;16;54;9.237;22.69
1705;16;54;7.368;18.54
1706;16;55;15.536;7.89
1707;16;55;11.901;6.91
1708;16;55;14.107;11.9
1709;16;56;30.541;4.74
1710;16;56;32.045;14.06
1711;16;56;35.661;2.15
1712;16;57;48.998;19.85
1713;16;57;38.807;12.93
1714;16;57;39.59;0.74
1715;16;58;19.418;13.08
1716;16;58;22.801;20.95
1717;16;58;22.338;12.01
1718;16;59;9.829;14.7
1719;17;18;52.517;20.17
1720;17;19;6.494;6.58
1721;17;19;6.387;20.26
1722;17;19;5.773;0.48
1723;17;20;16.247;0.1
1724;17;21;5.739;11.87
1725;17;22;88.638;21.96
1726;17;22;66.646;13.79
1727;17;23;3.09;21.12
1728;17;24;15.946;4.25
1729;17;25;51.304;14.09
1730;17;25;52.799;5.07
1731;17;25;62.312;21.81
1732;17;26;11.129;19.83
1733;17;26;10.552;6.63
1734;17;27;10.724;16.0
1735;17;28;18.039;1.46
1736;17;29;31.563;1.09
1737;17;29;27.486;22.1
1738;17;29;33.981;2.75
1739;17;30;29.633;7.34
1740;17;30;31.337;14.47
1741;17;31;66.528;21.67
1742;17;31;73.797;2.62
1743;17;31;71.067;22.03
1744;17;32;4.534;0.44
1745;17;32;5.53;22.35
1746;17;32;4.773;7.1
1747;17;33;44.025;15.52
1748;17;33;36.252;14.13
1749;17;33;51.453;11.27
1750;17;34;58.401;2.51
1751;17;34;64.362;21.2
1752;17;35;5.739;14.89
1753;17;36;44.013;16.54
1754;17;37;21.079;5.16
1755;17;38;50.916;11.47
1756;17;38;50.666;22.5
1757;17;39;0.875;3.67
1758;17;40;24.692;18.6
1759;17;40;27.716;7.32
1760;17;41;39.319;6.45
1761;17;41;37.028;17.91
1762;17;41;33.313;16.06
1763;17;42;27.876;16.88
1764;17;43;17.038;13.87
1765;17;43;14.583;12.2
1766;17;44;53.424;20.05
1767;17;44;64.302;6.79
1768;17;44;66.263;18.78
1769;17;45;9.394;3.43
1770;17;45;7.927;7.57
1771;17;46;6.354;7.15
1772;17;46;4.954;4.12
1773;17;46;5.933;7.61
1774;17;47;35.639;10.7
1775;17;47;35.48;17.54
1776;17;48;7.299;10.86
1777;17;48;7.525;6.57
1778;17;49;46.495;24.53
1779;17;49;49.478;8.77
1780;17;50;81.905;19.33
1781;17;50;66.342;15.39
1782;17;50;92.705;15.01
1783;17;51;44.393;23.37
1784;17;52;28.231;8.87
1785;17;52;33.025;17.73
1786;17;52;29.453;11.17
1787;17;53;2.034;5.05
1788;17;53;1.693;24.94
1789;17;53;1.538;21.18
1790;17;54;13.091;14.06
1791;17;54;11.919;8.9
1792;17;55;4.52;4.91
1793;17;55;4.573;13.22
1794;17;56;43.135;16.06
1795;17;56;43.911;8.23
1796;17;57;51.287;7.56
1797;17;58;4.689;7.92
1798;17;59;21.172;10.47
1799;17;59;22.334;23.47
1800;17;59;20.675;8.75
1801;18;19;47.035;18.1
1802;18;19;50.145;22.45
1803;18;20;37.522;11.65
1804;18;21;47.619;0.61
1805;18;21;51.321;15.37
1806;18;22;38.888;13.86
1807;18;22;29.855;17.23
1808;18;23;49.773;12.25
1809;18;24;58.104;19.79
1810;18;25;10.835;9.27
1811;18;25;11.021;1.5
1812;18;26;42.246;11.32
1813;18;27;55.082;10.48
1814;18;28;48.658;19.88
1815;18;28;39.721;16.79
1816;18;29;66.473;15.03
1817;18;29;56.437;22.88
1818;18;29;79.14;11.94
1819;18;30;23.013;8.44
1820;18;30;22.992;24.34
1821;18;31;30.799;5.28
1822;18;31;25.53;3.97
1823;18;31;34.662;13.82
1824;18;32;48.806;14.71
1825;18;32;41.18;8.85
1826;18;32;57.237;1.72
1827;18;33;51.963;21.57
1828;18;33;59.133;2.5
1829;18;34;82.212;10.84
1830;18;34;98.441;7.94
1831;18;34;65.995;18.04
1832;18;35;47.619;8.57
1833;18;35;51.283;16.64
1834;18;35;51.362;17.93
1835;18;36;55.241;3.03
1836;18;36;48.782;0.38
1837;18;36;61.646;9.0
1838;18;37;35.147;20.79
1839;18;37;40.288;3.05
1840;18;38;68.492;5.71
1841;18;38;79.179;17.38
1842;18;39;52.921;16.25
1843;18;40;28.316;15.13
1844;18;40;22.459;18.47
1845;18;40;29.378;11.57
1846;18;41;63.534;20.61
1847;18;41;53.895;9.12
1848;18;42;28.214;16.83
1849;18;43;35.723;20.21
1850;18;43;37.506;20.51
1851;18;44;82.96;7.14
1852;18;45;46.029;22.35
1853;18;46;49.026;6.6
1854;18;46;55.662;6.7
1855;18;46;59.304;10.8
1856;18;47;16.878;12.3
1857;18;47;12.993;19.68
1858;18;48;46.349;22.98
1859;18;48;37.531;12.39
1860;18;49;66.521;4.58
1861;18;50;37.467;10.06
1862;18;50;28.319;21.55
1863;18;51;48.665;18.39
1864;18;51;50.584;17.72
1865;18;52;24.317;21.71
1866;18;52;20.775;13.19
1867;18;52;27.601;20.55
1868;18;53;50.965;5.81
1869;18;54;55.415;11.3
1870;18;54;44.722;24.38
1871;18;54;53.607;6.83
1872;18;55;56.12;12.82
1873;18;55;58.563;2.66
1874;18;55;54.044;24.04
1875;18;56;67.153;2.44
1876;18;56;51.057;9.51
1877;18;57;12.143;16.84
1878;18;57;12.194;22.89
1879;18;57;11.63;0.93
1880;18;58;52.107;24.59
1881;18;58;58.771;19.63
1882;18;58;53.104;12.31
1883;18;59;54.909;11.04
1884;18;59;58.334;1.64
1885;19;20;9.969;7.83
1886;19;20;8.076;15.14
1887;19;21;0.76;19.83
1888;19;22;83.972;4.44
1889;19;23;5.468;16.85
1890;19;24;15.254;22.3
1891;19;24;16.249;4.39
1892;19;24;16.032;3.24
1893;19;25;45.195;17.03
1894;19;26;4.879;17.37
1895;19;26;4.217;10.99
1896;19;27;15.628;3.94
1897;19;27;17.206;19.68
1898;19;28;13.464;24.84
1899;19;29;36.234;0.52
1900;19;29;30.475;15.64
1901;19;30;24.519;5.6
1902;19;30;20.865;6.78
1903;19;31;63.257;15.55
1904;19;31;77.796;19.8
1905;19;32;1.983;18.68
1906;19;32;1.732;19.4
1907;19;33;38.807;14.71
1908;19;34;62.439;23.44
1909;19;34;72.036;11.34
1910;19;34;71.309;8.79
1911;19;35;0.76;4.0
1912;19;36;39.156;6.91
1913;19;36;31.761;22.5
1914;19;36;44.211;3.47
1915;19;37;18.455;4.49
1916;19;38;47.239;9.99
1917;19;38;38.502;9.34
1918;19;38;37.857;15.16
1919;19;39;7.248;6.26
1920;19;40;18.835;15.89
1921;19;40;16.849;9.21
1922;19;40;21.334;3.65
1923;19;41;42.64;14.67
1924;19;42;21.505;3.2
1925;19;43;12.617;1.99
1926;19;43;12.348;16.98
1927;19;44;58.09;15.62
1928;19;44;53.301;0.43
1929;19;45;3.328;8.64
1930;19;46;2.593;20.85
1931;19;46;2.731;5.62
1932;19;47;30.23;16.39
1933;19;47;24.445;7.95
1934;19;48;0.806;5.77
1935;19;48;0.789;18.21
1936;19;48;0.832;13.33
1937;19;49;42.971;15.19
1938;19;49;40.56;19.32
1939;19;50;75.519;11.63
1940;19;50;60.784;17.05
1941;19;51;38.848;24.25
1942;19;51;33.003;22.73
1943;19;51;48.412;21.1
1944;19;52;22.745;4.47
1945;19;53;6.106;4.83
1946;19;53;4.722;17.6
1947;19;54;11.952;3.55
1948;19;54;10.084;15.05
1949;19;54;14.853;5.69
1950;19;55;9.141;19.05
1951;19;56;40.089;19.57
1952;19;56;47.356;5.57
1953;19;57;46.819;4.57
1954;19;58;9.374;9.25
1955;19;58;7.766;20.17
1956;19;59;18.196;12.75
1957;19;59;19.597;12.12
1958;20;21;10.664;12.94
1959;20;21;9.499;17.67
1960;20;22;75.189;18.19
1961;20;22;59.987;22.31
1962;20;23;14.254;24.39
1963;20;23;11.354;17.14
1964;20;23;17.136;4.37
1965;20;24;21.46;22.68
1966;20;25;35.236;15.27
1967;20;26;5.126;24.38
1968;20;27;23.195;6.88
1969;20;27;24.073;10.29
1970;20;28;14.274;15.96
1971;20;29;42.199;10.99
1972;20;29;50.529;7.89
1973;20;29;41.493;10.34
1974;20;30;15.883;21.87
1975;20;30;13.754;4.63
1976;20;31;56.41;6.35
1977;20;31;53.936;0.76
1978;20;32;11.916;19.18
1979;20;32;14.168;22.54
1980;20;33;34.629;8.97
1981;20;33;35.249;15.38
1982;20;33;39.659;12.25
1983;20;34;66.786;22.79
1984;20;34;53.016;15.0
1985;20;34;80.793;6.0
1986;20;35;10.664;2.8
1987;20;35;8.633;8.82
1988;20;36;35.865;4.59
1989;20;37;15.322;1.0
1990;20;38;46.158;8.95
1991;20;38;53.77;13.59
1992;20;39;16.888;3.55
1993;20;39;18.907;24.6
1994;20;39;19.508;8.44
1995;20;40;9.217;3.2
1996;20;41;46.32;13.24
1997;20;41;43.992;21.14
1998;20;41;45.776;12.84
1999;20;42;11.648;13.63
2000;20;43;7.787;17.85
2001;20;43;6.952;0.5
2002;20;44;63.55;8.38
2003;20;45;8.507;7.71
2004;20;45;9.624;13.68
2005;20;46;11.609;18.19
2006;20;46;9.92;10.2
2007;20;46;10.065;23.89
2008;20;47;20.965;23.85
2009;20;47;19.693;21.33
2010;20;47;21.769;17.43
2011;20;48;9.197;8.55
2012;20;48;8.206;8.06
2013;20;49;42.345;4.56
2014;20;49;36.751;18.0
2015;20;50;65.665;4.86
2016;20;51;33.767;15.69
2017;20;52;13.572;19.09
2018;20;53;15.282;10.18
2019;20;54;18.422;17.66
2020;20;55;19.057;11.35
2021;20;55;16.155;0.62
2022;20;56;40.47;18.7
2023;20;57;38.546;7.12
2024;20;58;17.776;11.44
2025;20;58;19.029;3.09
2026;20;59;20.827;15.39
2027;20;59;16.94;14.38
2028;21;22;84.45;5.9
2029;21;22;66.064;17.66
2030;21;22;86.969;24.22
2031;21;23;4.777;16.7
2032;21;23;3.641;0.48
2033;21;24;15.269;20.17
2034;21;25;45.875;18.77
2035;21;25;40.305;21.09
2036;21;25;56.632;12.48
2037;21;26;5.552;12.71
2038;21;26;4.38;19.66
2039;21;27;14.954;2.9
2040;21;27;12.462;15.99
2041;21;27;17.097;10.1
2042;21;28;13.977;10.83
2043;21;29;35.612;17.93
2044;21;29;39.999;16.82
2045;21;30;25.033;20.29
2046;21;30;22.53;18.51
2047;21;31;63.546;4.7
2048;21;32;1.253;3.12
2049;21;33;39.442;15.02
2050;21;33;31.861;22.3
2051;21;33;37.081;9.81
2052;21;34;61.891;0.83
2053;21;35;0.0;10.42
2054;21;35;0.0;15.67
2055;21;36;39.749;17.07
2056;21;36;42.195;15.31
2057;21;37;18.593;16.58
2058;21;37;15.207;4.58
2059;21;37;19.455;17.95
2060;21;38;47.699;5.51
2061;21;38;35.985;22.48
2062;21;39;6.489;24.74
2063;21;39;6.026;18.85
2064;21;40;19.461;24.82
2065;21;40;18.278;20.92
2066;21;41;42.153;9.58
2067;21;41;37.387;10.28
2068;21;42;22.227;3.36
2069;21;42;21.554;20.08
2070;21;42;19.086;3.96
2071;21;43;12.982;1.52
2072;21;43;11.034;20.08
2073;21;43;12.018;20.45
2074;21;44;57.478;3.17
2075;21;44;44.106;10.8
2076;21;45;4.002;2.87
2077;21;46;2.584;10.7
2078;21;46;2.21;19.72
2079;21;46;2.487;5.36
2080;21;47;30.794;4.74
2081;21;48;1.561;3.91
2082;21;48;1.603;2.52
2083;21;48;1.776;9.88
2084;21;49;43.41;20.01
2085;21;49;39.205;16.78
2086;21;49;45.333;22.35
2087;21;50;76.248;8.93
2088;21;50;62.836;22.31
2089;21;50;69.293;22.18
2090;21;51;39.519;12.5
2091;21;51;33.815;15.07
2092;21;51;36.522;6.77
2093;21;52;23.314;24.89
2094;21;52;23.491;13.99
2095;21;52;19.748;4.66
2096;21;53;5.368;11.31
2097;21;53;4.992;20.8
2098;21;54;11.984;11.5
2099;21;54;13.997;23.4
2100;21;54;11.86;3.44
2101;21;55;8.515;6.35
2102;21;56;40.469;4.4
2103;21;56;32.389;0.09
2104;21;56;31.964;20.75
2105;21;57;47.259;21.9
2106;21;57;37.077;8.66
2107;21;57;48.914;20.5
2108;21;58;8.673;9.44
2109;21;58;9.348;9.68
2110;21;59;18.52;4.94
2111;22;23;85.65;23.13
2112;22;23;65.818;23.59
2113;22;23;69.323;13.69
2114;22;24;96.388;6.39
2115;22;25;46.711;17.99
2116;22;25;40.692;15.52
2117;22;25;41.212;23.75
2118;22;26;79.454;22.6
2119;22;26;97.513;17.87
2120;22;27;88.556;20.61
2121;22;27;85.651;16.69
2122;22;28;87.307;23.98
2123;22;29;93.798;6.21
2124;22;29;113.005;1.82
2125;22;30;59.503;12.66
2126;22;30;64.554;20.99
2127;22;31;29.586;2.77
2128;22;31;29.508;0.7
2129;22;31;34.444;13.7
2130;22;32;85.535;6.56
2131;22;33;89.327;11.49
2132;22;34;100.386;21.08
2133;22;34;120.12;6.36
2134;22;34;121.305;0.59
2135;22;35;84.45;14.8
2136;22;36;92.806;15.13
2137;22;37;68.519;22.24
2138;22;37;82.628;21.91
2139;22;38;106.029;4.19
2140;22;39;88.868;22.41
2141;22;39;105.642;1.01
2142;22;40;66.075;23.0
2143;22;41;86.607;18.32
2144;22;41;99.936;4.54
2145;22;42;66.937;10.77
2146;22;42;70.504;4.86
2147;22;43;71.655;17.92
2148;22;44;104.258;7.11
2149;22;44;105.236;23.73
2150;22;44;107.155;0.27
2151;22;45;83.549;2.36
2152;22;45;68.656;19.53
2153;22;45;67.079;4.19
2154;22;46;86.233;1.13
2155;22;46;95.495;21.62
2156;22;46;104.868;3.37
2157;22;47;54.287;7.68
2158;22;47;56.875;17.1
2159;22;48;83.38;15.96
2160;22;48;62.809;22.75
2161;22;48;100.151;13.46
2162;22;49;104.517;0.31
2163;22;49;92.768;20.7
2164;22;50;48.204;8.8
2165;22;50;59.087;18.85
2166;22;51;85.776;4.62
2167;22;52;61.618;14.69
2168;22;52;72.841;1.17
2169;22;53;86.837;16.23
2170;22;53;76.629;20.69
2171;22;53;94.469;16.87
2172;22;54;93.521;5.7
2173;22;54;83.997;20.81
2174;22;55;92.705;7.2
2175;22;56;105.558;14.62
2176;22;56;100.672;23.57
2177;22;56;99.673;11.09
2178;22;57;37.38;1.65
2179;22;58;87.17;1.83
2180;22;58;74.227;20.83
2181;22;59;93.673;7.34
2182;23;24;18.056;15.22
2183;23;24;14.981;13.5
2184;23;25;48.924;4.09
2185;23;25;50.383;23.31
2186;23;26;9.29;4.24
2187;23;26;8.82;14.19
2188;23;26;7.544;10.55
2189;23;27;10.181;2.29
2190;23;27;7.984;19.51
2191;23;27;7.746;20.0
2192;23;28;18.534;24.54
2193;23;28;19.691;10.3
2194;23;29;30.906;15.27
2195;23;30;26.818;16.26
2196;23;30;22.645;12.65
2197;23;30;23.371;21.68
2198;23;31;63.438;8.79
2199;23;31;52.817;15.67
2200;23;32;4.023;6.53
2201;23;33;44.188;20.41
2202;23;33;41.297;0.68
2203;23;33;41.109;21.66
2204;23;34;57.363;11.15
2205;23;34;47.561;12.35
2206;23;35;4.777;10.7
2207;23;35;5.657;14.72
2208;23;36;44.43;14.52
2209;23;36;52.321;16.64
2210;23;37;17.99;21.51
2211;23;37;17.274;20.91
2212;23;38;52.029;22.83
2213;23;39;3.218;8.8
2214;23;40;22.231;23.74
2215;23;41;37.854;15.2
2216;23;41;31.073;8.7
2217;23;42;25.88;21.01
2218;23;42;21.531;2.55
2219;23;42;20.504;0.95
2220;23;43;14.144;16.66
2221;23;43;15.643;1.49
2222;23;43;16.325;0.76
2223;23;44;52.787;11.53
2224;23;44;57.255;5.0
2225;23;45;8.778;15.01
2226;23;45;8.864;15.05
2227;23;46;6.581;8.4
2228;23;46;6.747;0.62
2229;23;47;32.902;2.86
2230;23;47;36.322;11.88
2231;23;47;28.837;5.13
2232;23;48;6.17;6.75
2233;23;48;7.169;15.47
2234;23;48;6.465;8.17
2235;23;49;47.678;10.13
2236;23;50;79.83;10.32
2237;23;50;64.589;8.16
2238;23;51;44.294;13.11
2239;23;51;47.877;9.63
2240;23;51;37.291;0.48
2241;23;52;25.556;3.85
2242;23;52;25.29;7.3
2243;23;53;1.197;13.93
2244;23;53;1.398;1.39
2245;23;54;14.979;11.1
2246;23;54;17.877;20.8
2247;23;55;7.57;9.74
2248;23;55;7.167;3.87
2249;23;56;44.539;16.36
2250;23;56;36.678;14.38
2251;23;57;48.284;18.17
2252;23;58;3.907;9.02
2253;23;58;4.715;6.21
2254;23;58;4.004;22.02
2255;23;59;22.496;9.53
2256;24;25;53.895;22.48
2257;24;25;57.787;18.38
2258;24;25;48.447;19.63
2259;24;26;18.193;20.45
2260;24;26;18.829;8.83
2261;24;26;22.556;17.87
2262;24;27;26.25;5.46
2263;24;28;10.342;18.13
2264;24;28;12.833;19.78
2265;24;28;11.375;1.44
2266;24;29;46.577;18.42
2267;24;30;37.336;20.92
2268;24;31;77.629;16.2
2269;24;31;62.991;20.19
2270;24;32;14.928;22.74
2271;24;33;32.982;2.62
2272;24;34;73.727;6.95
2273;24;34;61.532;18.47
2274;24;35;15.269;20.19
2275;24;35;16.088;12.45
2276;24;35;15.741;9.24
2277;24;36;31.925;13.03
2278;24;36;26.458;20.06
2279;24;36;33.16;0.31
2280;24;37;33.609;23.05
2281;24;37;29.996;9.39
2282;24;37;28.371;2.04
2283;24;38;36.293;16.93
2284;24;38;42.187;4.48
2285;24;38;33.161;4.65
2286;24;39;16.63;4.97
2287;24;39;19.859;19.99
2288;24;40;30.354;20.75
2289;24;41;55.131;19.77
2290;24;41;62.553;14.32
2291;24;42;30.089;16.3
2292;24;43;27.113;2.64
2293;24;43;24.735;17.21
2294;24;44;68.151;0.03
2295;24;44;84.335;18.59
2296;24;44;82.187;19.05
2297;24;45;13.893;7.1
2298;24;45;16.591;6.45
2299;24;46;12.698;19.58
2300;24;47;42.114;11.16
2301;24;47;48.296;8.4
2302;24;47;31.923;11.33
2303;24;48;15.402;24.64
2304;24;48;14.083;14.89
2305;24;49;31.76;8.09
2306;24;49;27.644;15.39
2307;24;50;81.273;17.58
2308;24;50;65.628;24.29
2309;24;51;34.48;21.35
2310;24;52;34.908;10.58
2311;24;52;27.56;23.83
2312;24;53;17.596;17.52
2313;24;54;3.31;10.11
2314;24;55;12.744;1.41
2315;24;55;15.88;9.29
2316;24;56;27.922;21.07
2317;24;56;21.058;15.59
2318;24;57;59.995;17.71
2319;24;57;49.966;20.36
2320;24;57;46.401;4.99
2321;24;58;20.622;18.73
2322;24;58;16.358;16.75
2323;24;59;7.648;10.2
2324;24;59;9.262;21.73
2325;24;59;6.352;14.49
2326;25;26;40.323;15.99
2327;25;26;46.958;19.17
2328;25;27;55.908;9.97
2329;25;27;62.467;2.59
2330;25;27;53.484;8.16
2331;25;28;43.814;11.78
2332;25;28;33.866;6.58
2333;25;29;70.128;22.78
2334;25;29;62.061;16.06
2335;25;29;77.58;17.23
2336;25;30;24.068;20.34
2337;25;31;41.633;8.7
2338;25;31;41.094;12.58
2339;25;31;38.016;0.73
2340;25;32;47.122;24.81
2341;25;33;42.68;10.83
2342;25;33;48.859;9.17
2343;25;33;51.35;16.89
2344;25;34;88.529;11.75
2345;25;34;110.292;4.74
2346;25;34;68.282;22.91
2347;25;35;45.875;8.0
2348;25;36;46.123;24.77
2349;25;36;54.768;6.42
2350;25;37;37.429;4.42
2351;25;38;59.369;22.51
2352;25;38;56.243;6.29
2353;25;39;51.859;11.92
2354;25;39;55.731;13.92
2355;25;40;26.702;6.24
2356;25;40;26.567;11.21
2357;25;41;68.942;4.24
2358;25;41;85.461;15.84
2359;25;41;72.553;15.39
2360;25;42;24.134;2.19
2361;25;42;19.263;10.29
2362;25;42;18.734;24.18
2363;25;43;35.755;0.85
2364;25;43;44.503;20.95
2365;25;43;39.321;1.17
2366;25;44;88.328;20.67
2367;25;44;91.672;18.77
2368;25;45;43.48;16.61
2369;25;45;34.734;24.84
2370;25;45;53.494;24.52
2371;25;46;46.761;3.24
2372;25;46;35.316;19.48
2373;25;47;18.045;13.19
2374;25;47;20.032;3.37
2375;25;48;44.43;11.1
2376;25;49;57.808;1.83
2377;25;50;32.076;20.05
2378;25;50;25.778;6.41
2379;25;51;39.193;22.27
2380;25;52;24.021;15.56
2381;25;52;29.484;13.01
2382;25;52;22.716;10.97
2383;25;53;50.062;11.16
2384;25;53;54.554;11.52
2385;25;54;51.604;20.09
2386;25;54;41.228;11.65
2387;25;55;54.29;24.12
2388;25;56;58.954;5.15
2389;25;56;52.012;16.62
2390;25;57;22.443;23.31
2391;25;57;17.475;21.97
2392;25;57;25.702;4.82
2393;25;58;51.87;3.89
2394;25;59;49.508;8.76
2395;25;59;46.499;9.5
2396;26;27;18.772;9.79
2397;26;27;16.612;23.87
2398;26;27;14.874;22.95
2399;26;28;13.365;14.32
2400;26;28;15.417;12.73
2401;26;28;11.388;22.69
2402;26;29;38.597;22.27
2403;26;30;19.951;4.9
2404;26;30;16.343;8.67
2405;26;31;59.499;21.28
2406;26;32;6.801;3.88
2407;26;33;36.879;13.04
2408;26;33;41.137;6.3
2409;26;34;64.018;22.45
2410;26;35;5.552;8.39
2411;26;36;37.659;18.92
2412;26;36;30.28;7.4
2413;26;36;38.896;17.64
2414;26;37;15.85;2.15
2415;26;38;46.874;5.91
2416;26;39;11.787;13.75
2417;26;40;13.986;18.36
2418;26;40;11.846;2.05
2419;26;41;43.795;22.37
2420;26;42;16.748;1.66
2421;26;43;8.934;18.85
2422;26;43;10.257;9.05
2423;26;44;60.251;10.82
2424;26;45;4.319;24.69
2425;26;45;5.143;24.04
2426;26;45;4.449;13.02
2427;26;46;6.809;22.21
2428;26;46;5.358;12.76
2429;26;47;25.495;17.24
2430;26;48;4.137;17.11
2431;26;48;3.581;18.81
2432;26;48;3.895;1.42
2433;26;49;42.802;0.03
2434;26;49;51.884;3.69
2435;26;50;70.776;9.14
2436;26;50;53.675;23.38
2437;26;51;36.484;7.98
2438;26;51;38.471;16.1
2439;26;51;32.726;4.47
2440;26;52;18.012;19.7
2441;26;53;10.255;12.53
2442;26;53;10.483;1.16
2443;26;53;12.816;2.7
2444;26;54;14.945;1.15
2445;26;55;14.015;2.56
2446;26;55;13.165;20.14
2447;26;55;16.391;0.7
2448;26;56;40.393;13.17
2449;26;56;37.51;21.19
2450;26;56;43.707;4.6
2451;26;57;42.459;23.17
2452;26;58;12.986;21.49
2453;26;59;19.29;24.76
2454;26;59;20.179;8.31
2455;26;59;21.748;15.44
2456;27;28;28.563;23.28
2457;27;29;20.867;2.06
2458;27;29;20.732;9.91
2459;27;30;32.328;9.69
2460;27;30;24.516;2.82
2461;27;30;28.122;6.8
2462;27;31;63.918;2.37
2463;27;32;14.157;23.79
2464;27;32;14.398;1.38
2465;27;33;54.354;11.92
2466;27;33;43.856;8.76
2467;27;33;48.248;8.54
2468;27;34;47.692;12.43
2469;27;34;41.358;20.95
2470;27;34;54.385;17.57
2471;27;35;14.954;23.1
2472;27;36;54.528;15.86
2473;27;37;20.283;4.57
2474;27;37;20.793;13.04
2475;27;38;61.638;2.31
2476;27;39;9.9;12.22
2477;27;40;29.595;22.8
2478;27;41;28.912;21.85
2479;27;42;34.368;8.43
2480;27;42;29.387;11.48
2481;27;43;20.169;10.09
2482;27;43;20.566;24.98
2483;27;43;24.31;2.97
2484;27;44;42.748;5.32
2485;27;44;37.314;15.85
2486;27;44;40.866;8.12
2487;27;45;18.951;18.34
2488;27;45;21.674;13.58
2489;27;45;18.298;24.94
2490;27;46;16.602;6.52
2491;27;47;38.637;23.21
2492;27;48;16.291;6.09
2493;27;48;15.774;15.25
2494;27;48;19.02;6.53
2495;27;49;57.211;9.77
2496;27;49;65.908;8.54
2497;27;49;43.892;9.78
2498;27;50;87.551;6.67
2499;27;51;54.473;21.52
2500;27;51;65.775;2.48
2501;27;51;49.443;1.14
2502;27;52;31.901;17.46
2503;27;52;39.441;11.91
2504;27;53;9.821;7.18
2505;27;54;23.636;13.92
2506;27;54;23.17;13.17
2507;27;54;28.829;6.76
2508;27;55;13.583;9.62
2509;27;55;14.907;5.42
2510;27;56;53.797;0.09
2511;27;56;52.516;3.29
2512;27;57;51.445;21.92
2513;27;57;54.266;5.66
2514;27;58;6.341;0.23
2515;27;58;5.155;13.79
2516;27;58;6.978;12.64
2517;27;59;31.884;4.59
2518;27;59;25.172;24.88
2519;28;29;49.405;3.45
2520;28;30;29.347;12.0
2521;28;30;34.474;1.19
2522;28;31;70.322;20.71
2523;28;31;74.5;24.32
2524;28;31;87.065;9.18
2525;28;32;14.514;17.83
2526;28;32;16.771;24.61
2527;28;33;26.038;21.54
2528;28;33;24.796;14.3
2529;28;33;27.67;13.03
2530;28;34;75.858;1.67
2531;28;35;13.977;24.05
2532;28;35;13.214;16.43
2533;28;36;25.983;11.44
2534;28;37;28.942;2.64
2535;28;37;35.337;6.58
2536;28;38;33.83;0.14
2537;28;39;18.911;8.53
2538;28;39;22.718;22.04
2539;28;40;21.956;16.2
2540;28;41;56.101;11.01
2541;28;42;20.445;5.46
2542;28;42;22.979;24.47
2543;28;43;21.558;15.76
2544;28;44;71.292;9.92
2545;28;44;87.22;15.66
2546;28;44;84.403;17.52
2547;28;45;10.358;21.3
2548;28;45;9.397;11.09
2549;28;45;7.985;5.85
2550;28;46;11.976;23.22
2551;28;46;9.152;2.14
2552;28;47;33.349;24.94
2553;28;48;13.048;3.03
2554;28;48;16.043;19.18
2555;28;49;29.628;24.48
2556;28;49;36.551;16.9
2557;28;50;70.946;7.38
2558;28;50;63.269;12.25
2559;28;51;26.664;18.67
2560;28;52;26.6;13.31
2561;28;53;18.747;11.95
2562;28;54;8.953;24.1
2563;28;54;10.884;18.69
2564;28;55;17.313;8.46
2565;28;55;21.598;7.64
2566;28;56;27.044;5.03
2567;28;56;24.221;18.51
2568;28;56;27.286;19.7
2569;28;57;51.688;4.97
2570;28;58;22.231;17.29
2571;28;59;6.651;12.16
2572;28;59;5.595;2.55
2573;29;30;46.214;8.06
2574;29;30;38.089;15.9
2575;29;30;38.014;20.83
2576;29;31;65.697;17.92
2577;29;31;57.637;3.67
2578;29;31;49.972;14.61
2579;29;32;34.926;14.49
2580;29;33;75.039;11.13
2581;29;33;62.555;15.3
2582;29;34;27.216;0.12
2583;29;35;35.612;5.79
2584;29;36;75.336;15.24
2585;29;36;85.433;5.43
2586;29;37;32.85;6.99
2587;29;37;30.52;20.11
2588;29;38;82.42;24.41
2589;29;38;67.443;0.83
2590;29;39;30.721;7.64
2591;29;40;46.23;14.32
2592;29;41;12.158;16.33
2593;29;41;10.577;17.51
2594;29;41;12.417;14.27
2595;29;42;52.081;12.14
2596;29;42;50.966;7.07
2597;29;43;36.791;23.9
2598;29;43;34.759;5.05
2599;29;43;33.995;6.32
2600;29;44;21.887;9.26
2601;29;45;39.554;23.5
2602;29;46;37.429;13.44
2603;29;47;52.084;0.45
2604;29;48;36.823;24.39
2605;29;49;77.963;2.33
2606;29;50;102.188;8.21
2607;29;50;104.231;15.9
2608;29;51;74.96;4.53
2609;29;52;46.969;4.61
2610;29;52;44.162;1.38
2611;29;53;30.661;5.24
2612;29;54;44.226;23.53
2613;29;54;45.231;5.44
2614;29;54;45.817;0.76
2615;29;55;33.86;21.28
2616;29;56;74.411;10.66
2617;29;57;59.367;12.11
2618;29;57;51.408;22.0
2619;29;58;27.177;6.83
2620;29;59;52.651;0.49
2621;29;59;56.051;19.2
2622;30;31;41.023;23.46
2623;30;32;26.162;19.84
2624;30;32;26.008;21.19
2625;30;33;42.859;17.12
2626;30;33;35.922;2.3
2627;30;33;52.335;15.92
2628;30;34;66.402;21.99
2629;30;35;25.033;14.69
2630;30;36;45.161;11.76
2631;30;37;13.392;2.97
2632;30;37;12.078;8.94
2633;30;37;12.27;3.08
2634;30;38;57.301;20.55
2635;30;39;29.993;16.02
2636;30;39;35.168;3.86
2637;30;39;27.943;19.43
2638;30;40;7.472;18.76
2639;30;40;6.815;17.27
2640;30;40;7.598;5.99
2641;30;41;46.157;14.22
2642;30;41;43.782;15.56
2643;30;42;12.186;4.43
2644;30;42;13.916;20.23
2645;30;42;11.744;7.24
2646;30;43;12.716;12.89
2647;30;44;65.252;10.29
2648;30;44;79.69;20.94
2649;30;45;24.077;20.33
2650;30;46;26.735;12.34
2651;30;47;6.31;5.17
2652;30;48;23.902;20.08
2653;30;49;54.128;8.39
2654;30;50;56.124;15.81
2655;30;51;40.731;24.68
2656;30;51;32.51;11.61
2657;30;51;50.172;24.86
2658;30;52;3.047;23.16
2659;30;53;28.013;16.84
2660;30;53;30.362;7.13
2661;30;53;22.631;16.86
2662;30;54;34.301;17.94
2663;30;54;35.768;21.05
2664;30;55;33.433;8.31
2665;30;55;28.409;23.66
2666;30;56;53.239;8.12
2667;30;56;61.77;18.33
2668;30;56;48.717;19.52
2669;30;57;22.663;8.99
2670;30;57;20.843;5.7
2671;30;57;20.122;23.76
2672;30;58;29.097;23.96
2673;30;59;35.994;23.69
2674;30;59;33.971;18.81
2675;30;59;34.854;16.04
2676;31;32;64.413;22.9
2677;31;32;60.639;2.42
2678;31;32;53.6;23.22
2679;31;33;80.577;7.05
2680;31;33;89.606;21.36
2681;31;34;70.801;6.67
2682;31;34;69.953;2.1
2683;31;35;63.546;23.96
2684;31;36;83.52;11.13
2685;31;37;45.45;22.99
2686;31;37;44.432;22.8
2687;31;37;56.677;6.32
2688;31;38;96.476;20.61
2689;31;38;95.48;9.08
2690;31;38;98.964;24.49
2691;31;39;66.538;6.77
2692;31;39;59.882;6.74
2693;31;39;67.604;13.86
2694;31;40;48.486;0.44
2695;31;40;49.265;14.93
2696;31;41;57.561;2.14
2697;31;42;51.946;19.67
2698;31;42;44.37;17.23
2699;31;42;54.982;15.09
2700;31;43;50.703;19.71
2701;31;43;45.132;8.85
2702;31;44;74.772;20.96
2703;31;45;63.818;23.38
2704;31;46;65.785;1.94
2705;31;47;38.213;13.5
2706;31;47;29.644;24.73
2707;31;47;47.51;9.39
2708;31;48;62.847;16.27
2709;31;48;51.85;13.45
2710;31;49;93.842;16.1
2711;31;50;61.12;2.49
2712;31;51;77.637;8.34
2713;31;51;63.935;13.95
2714;31;51;62.858;11.68
2715;31;52;43.898;9.29
2716;31;52;50.529;16.68
2717;31;53;64.545;15.7
2718;31;54;74.426;15.39
2719;31;54;60.499;14.33
2720;31;55;70.959;13.43
2721;31;55;79.026;15.58
2722;31;55;64.703;5.42
2723;31;56;93.557;6.86
2724;31;57;20.49;15.86
2725;31;57;17.485;17.48
2726;31;58;63.996;0.09
2727;31;59;76.973;22.27
2728;32;33;40.197;9.04
2729;32;34;61.364;1.39
2730;32;34;71.254;9.7
2731;32;34;67.558;9.16
2732;32;35;1.253;10.18
2733;32;36;40.41;8.14
2734;32;36;30.327;16.31
2735;32;36;34.921;23.48
2736;32;37;19.289;22.54
2737;32;37;21.72;6.75
2738;32;37;22.317;12.29
2739;32;38;48.082;1.4
2740;32;39;5.314;23.67
2741;32;39;4.046;1.79
2742;32;40;20.682;12.96
2743;32;41;41.765;13.68
2744;32;42;23.479;3.99
2745;32;42;19.809;24.71
2746;32;42;23.047;9.57
2747;32;43;13.976;16.97
2748;32;43;16.977;9.99
2749;32;43;15.762;7.21
2750;32;44;56.809;0.01
2751;32;44;68.91;23.65
2752;32;45;4.963;19.65
2753;32;45;5.228;23.7
2754;32;45;4.655;15.71
2755;32;46;2.612;15.49
2756;32;46;3.081;6.68
2757;32;46;2.491;14.16
2758;32;47;31.968;18.19
2759;32;47;24.247;16.35
2760;32;47;26.428;19.02
2761;32;48;2.787;18.43
2762;32;49;43.755;22.18
2763;32;49;39.041;2.07
2764;32;50;77.498;12.73
2765;32;50;67.885;24.56
2766;32;50;94.562;9.23
2767;32;51;40.365;22.59
2768;32;51;42.279;20.08
2769;32;52;24.494;11.61
2770;32;53;4.399;1.28
2771;32;53;5.184;2.25
2772;32;54;11.693;2.39
2773;32;55;7.314;9.65
2774;32;55;7.119;5.77
2775;32;56;40.704;6.07
2776;32;56;36.961;15.34
2777;32;57;48.307;7.0
2778;32;57;59.716;13.06
2779;32;57;55.78;2.97
2780;32;58;7.824;15.19
2781;32;59;18.686;7.38
2782;32;59;17.636;12.97
2783;33;34;100.892;11.97
2784;33;34;79.136;11.83
2785;33;35;39.442;3.75
2786;33;35;40.875;19.38
2787;33;35;30.74;21.14
2788;33;36;3.646;14.52
2789;33;36;2.966;14.51
2790;33;36;4.336;24.08
2791;33;37;49.387;14.95
2792;33;38;16.702;15.0
2793;33;39;44.899;18.17
2794;33;39;55.457;16.84
2795;33;39;50.785;9.77
2796;33;40;36.524;18.4
2797;33;41;80.646;10.77
2798;33;41;77.869;7.14
2799;33;42;30.687;1.16
2800;33;42;34.084;18.34
2801;33;43;42.132;4.01
2802;33;44;96.875;8.94
2803;33;44;115.251;10.42
2804;33;44;106.198;3.41
2805;33;45;35.485;1.1
2806;33;45;31.644;2.23
2807;33;46;37.8;0.67
2808;33;46;29.959;11.34
2809;33;47;43.122;17.07
2810;33;48;38.217;0.11
2811;33;48;38.545;21.27
2812;33;49;15.72;5.74
2813;33;49;16.714;23.6
2814;33;49;18.87;1.77
2815;33;50;58.825;15.76
2816;33;50;68.225;14.7
2817;33;51;3.751;6.19
2818;33;51;3.314;1.77
2819;33;52;39.886;24.63
2820;33;53;44.56;21.07
2821;33;53;50.983;7.66
2822;33;54;33.563;5.39
2823;33;54;36.455;24.19
2824;33;54;34.618;16.08
2825;33;55;43.229;16.8
2826;33;56;18.286;13.06
2827;33;56;17.115;21.16
2828;33;57;60.114;2.06
2829;33;58;48.019;13.12
2830;33;58;55.28;23.72
2831;33;58;48.762;15.04
2832;33;59;25.336;16.42
2833;33;59;27.586;13.44
2834;34;35;61.891;7.7
2835;34;35;65.163;16.83
2836;34;36;101.52;20.72
2837;34;36;126.483;6.93
2838;34;37;54.228;10.61
2839;34;37;49.477;11.77
2840;34;38;109.307;20.34
2841;34;38;90.275;11.66
2842;34;38;123.805;23.62
2843;34;39;57.588;3.25
2844;34;39;43.814;8.74
2845;34;39;63.783;24.27
2846;34;40;68.649;1.33
2847;34;40;78.324;24.8
2848;34;41;20.582;24.37
2849;34;41;16.712;6.05
2850;34;41;23.99;10.85
2851;34;42;75.007;9.99
2852;34;42;74.739;14.04
2853;34;43;60.128;16.28
2854;34;44;8.891;16.03
2855;34;45;65.684;4.03
2856;34;45;55.353;0.32
2857;34;45;77.471;21.54
2858;34;46;63.943;9.78
2859;34;46;74.229;23.46
2860;34;47;71.224;6.72
2861;34;47;84.37;22.18
2862;34;47;78.474;22.25
2863;34;48;62.935;11.76
2864;34;48;56.247;1.61
2865;34;48;53.869;8.03
2866;34;49;104.895;0.58
2867;34;50;119.593;13.07
2868;34;51;100.423;1.16
2869;34;52;68.043;11.43
2870;34;52;58.418;15.4
2871;34;53;57.287;4.18
2872;34;53;60.479;19.13
2873;34;54;71.28;11.57
2874;34;54;79.782;5.92
2875;34;54;75.095;23.98
2876;34;55;60.987;13.89
2877;34;55;67.557;5.61
2878;34;55;73.097;11.58
2879;34;56;101.471;24.12
2880;34;56;99.305;7.46
2881;34;56;76.262;7.6
2882;34;57;72.272;6.81
2883;34;58;53.844;10.64
2884;34;59;79.572;5.28
2885;35;36;39.749;20.94
2886;35;37;18.593;10.33
2887;35;37;19.255;9.62
2888;35;37;20.526;15.5
2889;35;38;47.699;9.69
2890;35;38;50.558;11.54
2891;35;38;36.355;13.1
2892;35;39;6.489;16.64
2893;35;40;19.461;23.42
2894;35;40;19.78;7.73
2895;35;40;24.085;19.48
2896;35;41;42.153;1.71
2897;35;41;51.99;4.67
2898;35;41;44.711;2.02
2899;35;42;22.227;12.08
2900;35;42;20.897;6.66
2901;35;42;23.609;20.17
2902;35;43;12.982;10.71
2903;35;44;57.478;18.51
2904;35;44;67.153;13.34
2905;35;44;52.423;10.84
2906;35;45;4.002;20.86
2907;35;45;4.058;19.62
2908;35;45;4.156;18.6
2909;35;46;2.584;3.39
2910;35;46;2.46;20.16
2911;35;46;3.094;10.03
2912;35;47;30.794;6.74
2913;35;48;1.561;4.28
2914;35;48;1.308;9.13
2915;35;49;43.41;10.6
2916;35;50;76.248;10.54
2917;35;50;71.204;23.14
2918;35;51;39.519;5.39
2919;35;52;23.314;3.3
2920;35;53;5.368;10.28
2921;35;54;11.984;14.68
2922;35;54;11.8;18.45
2923;35;55;8.515;8.61
2924;35;55;7.967;13.39
2925;35;56;40.469;14.05
2926;35;56;35.054;19.36
2927;35;56;48.26;11.75
2928;35;57;47.259;6.9
2929;35;57;38.15;12.01
2930;35;57;50.153;16.46
2931;35;58;8.673;6.94
2932;35;58;9.966;21.85
2933;35;58;10.005;14.79
2934;35;59;18.52;0.13
2935;36;37;50.905;10.41
2936;36;37;41.103;5.5
2937;36;37;42.81;13.23
2938;36;38;13.266;22.34
2939;36;38;11.58;14.15
2940;36;38;11.935;1.12
2941;36;39;44.883;0.21
2942;36;39;40.732;2.53
2943;36;39;54.18;11.8
2944;36;40;38.557;7.94
2945;36;40;42.17;4.84
2946;36;40;47.06;19.03
2947;36;41;81.435;12.43
2948;36;41;99.962;12.59
2949;36;41;65.6;14.6
2950;36;42;32.979;9.18
2951;36;43;43.521;4.01
2952;36;44;97.216;6.43
2953;36;45;35.869;11.63
2954;36;46;37.927;19.26
2955;36;47;45.803;18.43
2956;36;48;38.619;13.58
2957;36;48;31.481;11.4
2958;36;48;46.976;18.61
2959;36;49;12.076;2.74
2960;36;49;10.622;11.04
2961;36;49;12.793;12.46
2962;36;50;62.395;9.75
2963;36;50;69.694;2.39
2964;36;51;7.397;3.59
2965;36;51;7.857;3.67
2966;36;52;42.151;15.94
2967;36;52;46.185;21.04
2968;36;52;40.118;2.46
2969;36;53;44.708;20.63
2970;36;53;33.73;0.8
2971;36;53;53.131;21.32
2972;36;54;32.852;9.52
2973;36;55;42.848;20.99
2974;36;55;42.198;12.48
2975;36;55;40.469;9.4
2976;36;56;14.743;16.9
2977;36;57;63.098;23.61
2978;36;57;48.442;15.14
2979;36;57;60.321;7.79
2980;36;58;48.189;22.55
2981;36;58;47.579;4.19
2982;36;58;52.685;10.93
2983;36;59;24.35;8.28
2984;37;38;61.476;23.32
2985;37;38;48.732;17.67
2986;37;39;21.094;18.83
2987;37;39;21.573;17.43
2988;37;40;14.441;14.38
2989;37;40;16.491;15.21
2990;37;40;13.699;17.65
2991;37;41;33.701;14.92
2992;37;41;27.832;17.31
2993;37;41;38.414;5.81
2994;37;42;20.863;17.91
2995;37;42;23.297;20.56
2996;37;43;7.54;5.67
2997;37;43;5.782;3.96
2998;37;44;52.388;2.65
2999;37;45;19.896;6.52
3000;37;45;23.33;20.9
3001;37;45;20.09;2.46
3002;37;46;21.048;9.1
3003;37;46;22.818;14.56
3004;37;47;19.447;4.92
3005;37;47;18.735;9.68
3006;37;47;20.234;0.42
3007;37;48;18.223;0.85
3008;37;48;18.29;24.13
3009;37;48;17.831;11.39
3010;37;49;57.66;15.92
3011;37;49;68.458;5.75
3012;37;50;69.5;23.58
3013;37;51;48.105;21.82
3014;37;51;54.454;12.3
3015;37;52;14.211;14.03
3016;37;52;17.508;18.51
3017;37;52;13.335;21.25
3018;37;53;19.096;8.49
3019;37;54;30.3;8.7
3020;37;54;25.952;17.2
3021;37;55;25.527;4.94
3022;37;56;55.681;6.81
3023;37;56;60.339;22.55
3024;37;56;61.978;11.42
3025;37;57;31.245;0.15
3026;37;58;18.795;12.44
3027;37;59;35.108;21.49
3028;38;39;51.739;21.25
3029;38;40;50.322;7.83
3030;38;40;40.644;8.39
3031;38;41;89.842;12.43
3032;38;41;76.925;7.43
3033;38;42;45.24;12.54
3034;38;42;54.339;10.83
3035;38;43;53.945;14.96
3036;38;43;55.616;10.46
3037;38;43;47.992;13.37
3038;38;44;104.196;18.1
3039;38;44;129.308;6.15
3040;38;44;97.049;1.17
3041;38;45;44.188;17.65
3042;38;45;36.363;14.79
3043;38;45;44.648;20.84
3044;38;46;45.475;11.19
3045;38;46;37.337;20.81
3046;38;47;58.502;11.53
3047;38;48;46.864;4.37
3048;38;48;41.016;13.14
3049;38;48;54.559;17.9
3050;38;49;4.55;3.09
3051;38;49;4.561;22.6
3052;38;50;73.829;13.41
3053;38;51;20.303;10.71
3054;38;51;15.319;7.79
3055;38;52;54.257;12.43
3056;38;52;60.749;20.6
3057;38;52;47.04;8.11
3058;38;53;52.036;17.04
3059;38;54;38.272;4.22
3060;38;54;38.98;11.39
3061;38;54;29.049;2.44
3062;38;55;48.704;3.47
3063;38;56;9.07;24.9
3064;38;57;76.122;16.38
3065;38;58;55.465;5.34
3066;38;58;51.338;0.37
3067;38;58;61.011;15.48
3068;38;59;29.769;14.66
3069;38;59;32.295;22.46
3070;38;59;22.738;12.7
3071;39;40;25.21;16.12
3072;39;40;23.553;5.17
3073;39;41;38.57;15.26
3074;39;41;34.269;14.55
3075;39;41;40.759;1.61
3076;39;42;28.531;8.48
3077;39;43;17.344;5.68
3078;39;43;21.068;10.36
3079;39;43;17.468;17.69
3080;39;44;52.575;0.52
3081;39;45;10.218;17.52
3082;39;45;9.832;9.07
3083;39;45;9.724;3.74
3084;39;46;7.219;15.62
3085;39;46;8.057;6.71
3086;39;47;36.044;2.32
3087;39;48;8.048;16.98
3088;39;49;47.311;9.31
3089;39;49;49.545;23.44
3090;39;50;82.552;22.34
3091;39;50;99.089;24.83
3092;39;51;45.266;0.4
3093;39;51;55.307;14.97
3094;39;52;28.664;6.83
3095;39;52;27.268;15.63
3096;39;52;25.968;17.73
3097;39;53;2.034;3.52
3098;39;54;13.833;3.65
3099;39;54;15.64;6.82
3100;39;54;10.839;20.31
3101;39;55;4.773;21.84
3102;39;55;5.061;4.82
3103;39;55;3.932;2.55
3104;39;56;43.925;3.65
3105;39;57;51.501;24.09
3106;39;57;57.473;20.94
3107;39;57;50.587;0.22
3108;39;58;4.0;2.63
3109;39;59;21.985;18.66
3110;40;41;48.097;13.91
3111;40;42;6.471;20.76
3112;40;42;5.552;10.22
3113;40;43;9.624;5.92
3114;40;43;11.214;10.81
3115;40;43;8.617;6.18
3116;40;44;66.548;5.34
3117;40;44;66.811;16.93
3118;40;45;17.717;6.68
3119;40;45;14.357;24.54
3120;40;45;19.295;4.31
3121;40;46;20.727;7.39
3122;40;47;11.794;23.69
3123;40;48;18.117;9.99
3124;40;48;17.746;9.14
3125;40;49;46.999;24.36
3126;40;50;57.986;12.0
3127;40;51;34.746;12.73
3128;40;51;28.707;11.62
3129;40;51;31.432;11.77
3130;40;52;4.645;10.1
3131;40;52;5.472;0.97
3132;40;53;23.377;10.01
3133;40;54;27.446;1.36
3134;40;54;29.935;15.14
3135;40;54;32.292;12.87
3136;40;55;27.972;22.94
3137;40;56;45.931;6.18
3138;40;56;37.167;22.5
3139;40;57;29.788;13.78
3140;40;57;27.732;24.19
3141;40;58;25.198;3.59
3142;40;58;29.631;3.49
3143;40;58;29.036;5.51
3144;40;59;28.59;24.93
3145;40;59;29.089;3.04
3146;40;59;24.024;24.06
3147;41;42;54.436;24.9
3148;41;42;67.564;5.0
3149;41;43;39.556;2.34
3150;41;43;32.778;18.11
3151;41;43;30.682;17.86
3152;41;44;19.446;12.75
3153;41;44;14.708;19.13
3154;41;44;17.584;21.76
3155;41;45;45.791;6.34
3156;41;45;47.778;17.96
3157;41;46;44.375;21.75
3158;41;46;40.139;16.23
3159;41;47;51.273;15.08
3160;41;47;47.952;4.07
3161;41;48;43.066;8.01
3162;41;48;40.184;13.77
3163;41;48;37.118;22.67
3164;41;49;85.519;1.14
3165;41;50;100.524;17.04
3166;41;51;80.041;20.84
3167;41;52;47.647;12.15
3168;41;53;37.954;7.57
3169;41;53;32.956;24.84
3170;41;54;52.403;10.34
3171;41;54;39.982;8.14
3172;41;55;42.495;14.15
3173;41;56;82.373;2.82
3174;41;57;54.697;11.21
3175;41;58;34.642;13.7
3176;41;58;40.519;9.78
3177;41;59;60.335;7.72
3178;42;43;15.297;7.2
3179;42;44;72.712;21.49
3180;42;44;56.926;13.51
3181;42;45;19.469;11.11
3182;42;46;22.814;4.55
3183;42;47;13.78;17.01
3184;42;47;16.663;12.46
3185;42;47;12.474;2.33
3186;42;48;20.711;3.69
3187;42;48;24.043;13.8
3188;42;49;42.212;3.06
3189;42;50;54.029;6.85
3190;42;50;58.837;23.7
3191;42;51;28.661;18.17
3192;42;51;22.524;6.6
3193;42;52;9.199;7.56
3194;42;52;11.079;13.58
3195;42;53;26.925;3.26
3196;42;54;27.607;1.33
3197;42;55;30.433;13.37
3198;42;56;41.641;24.96
3199;42;56;37.896;4.26
3200;42;57;32.227;20.01
3201;42;58;29.299;5.89
3202;42;59;26.736;23.42
3203;42;59;22.556;17.23
3204;42;59;22.116;23.98
3205;43;44;57.499;3.87
3206;43;44;70.228;1.56
3207;43;44;63.91;13.13
3208;43;45;13.221;6.5
3209;43;45;11.886;20.6
3210;43;46;15.101;5.4
3211;43;46;13.084;11.34
3212;43;46;14.912;9.82
3213;43;47;18.906;24.51
3214;43;48;12.161;9.45
3215;43;48;11.003;19.72
3216;43;48;14.085;3.48
3217;43;49;50.12;20.85
3218;43;50;67.406;8.08
3219;43;50;74.114;8.59
3220;43;50;60.123;20.1
3221;43;51;41.035;13.72
3222;43;52;11.806;20.8
3223;43;53;15.341;22.31
3224;43;54;23.848;0.73
3225;43;54;19.108;11.47
3226;43;55;21.054;21.14
3227;43;55;23.593;0.68
3228;43;56;48.166;17.42
3229;43;56;39.829;14.0
3230;43;56;55.096;17.26
3231;43;57;34.361;6.79
3232;43;57;36.6;17.63
3233;43;58;16.414;9.35
3234;43;58;15.671;13.89
3235;43;58;18.776;6.69
3236;43;59;27.874;23.49
3237;44;45;61.402;23.11
3238;44;45;53.654;0.05
3239;44;46;59.316;12.96
3240;44;47;70.559;23.79
3241;44;48;58.663;8.44
3242;44;49;99.718;7.96
3243;44;49;79.968;6.21
3244;44;50;119.966;12.46
3245;44;50;127.411;7.67
3246;44;50;98.585;0.35
3247;44;51;96.71;12.55
3248;44;51;105.729;5.24
3249;44;51;98.343;14.89
3250;44;52;66.54;7.45
3251;44;53;52.548;8.32
3252;44;53;64.503;12.32
3253;44;53;39.882;7.8
3254;44;54;65.94;14.38
3255;44;55;55.522;0.27
3256;44;55;45.443;13.92
3257;44;56;96.061;23.98
3258;44;57;73.873;7.55
3259;44;57;66.88;19.84
3260;44;58;49.064;24.53
3261;44;59;74.442;23.86
3262;44;59;65.677;18.52
3263;45;46;3.396;14.53
3264;45;46;3.044;23.51
3265;45;46;3.532;12.98
3266;45;47;29.42;16.79
3267;45;47;25.683;12.14
3268;45;48;2.75;7.81
3269;45;48;2.579;6.57
3270;45;49;39.972;17.76
3271;45;49;42.698;0.44
3272;45;50;73.285;6.95
3273;45;50;69.463;1.36
3274;45;51;35.522;5.66
3275;45;52;21.973;4.06
3276;45;52;25.208;22.73
3277;45;52;21.442;20.33
3278;45;53;9.332;20.46
3279;45;53;7.12;10.0
3280;45;53;11.459;17.54
3281;45;54;10.632;13.9
3282;45;55;11.037;9.88
3283;45;55;13.055;22.59
3284;45;56;37.246;3.13
3285;45;56;28.143;15.24
3286;45;56;35.471;12.86
3287;45;57;46.665;1.17
3288;45;58;12.675;2.06
3289;45;58;9.647;1.46
3290;45;58;15.439;17.57
3291;45;59;15.608;19.64
3292;46;47;32.3;16.37
3293;46;47;32.66;10.39
3294;46;47;39.792;3.73
3295;46;48;2.941;12.73
3296;46;49;41.144;1.1
3297;46;50;76.675;16.58
3298;46;50;78.897;22.72
3299;46;51;38.078;1.66
3300;46;52;24.818;3.81
3301;46;52;30.556;6.46
3302;46;52;28.856;18.09
3303;46;53;6.781;20.99
3304;46;54;9.406;20.37
3305;46;55;7.645;3.72
3306;46;55;6.59;24.11
3307;46;56;38.097;5.17
3308;46;57;49.163;14.96
3309;46;57;44.893;20.58
3310;46;57;51.874;16.21
3311;46;58;10.263;7.1
3312;46;58;8.007;7.09
3313;46;59;16.089;4.56
3314;46;59;14.011;9.76
3315;46;59;19.801;0.87
3316;47;48;29.563;18.95
3317;47;48;28.349;11.75
3318;47;49;55.703;1.66
3319;47;50;50.112;17.45
3320;47;51;40.554;22.22
3321;47;51;44.198;20.01
3322;47;52;7.486;12.13
3323;47;52;6.896;21.28
3324;47;53;34.092;4.03
3325;47;53;30.435;14.72
3326;47;53;39.683;4.46
3327;47;54;39.235;6.17
3328;47;54;36.818;0.69
3329;47;54;44.408;0.37
3330;47;55;39.277;11.3
3331;47;55;38.939;11.56
3332;47;56;55.344;5.97
3333;47;57;18.498;13.83
3334;47;57;22.057;15.84
3335;47;58;35.319;22.92
3336;47;58;30.246;5.28
3337;47;59;39.896;2.91
3338;48;49;42.622;23.61
3339;48;50;74.721;24.5
3340;48;50;91.309;11.01
3341;48;51;38.207;24.56
3342;48;52;22.077;5.6
3343;48;52;17.043;18.49
3344;48;52;26.557;9.85
3345;48;53;6.863;2.83
3346;48;54;12.092;15.29
3347;48;54;9.189;24.78
3348;48;55;9.88;0.3
3349;48;55;11.23;11.46
3350;48;55;7.92;10.81
3351;48;56;39.809;14.35
3352;48;56;43.337;2.27
3353;48;57;46.266;22.41
3354;48;58;10.076;4.48
3355;48;59;17.999;11.48
3356;49;50;74.193;23.72
3357;49;51;19.469;7.91
3358;49;52;51.081;5.37
3359;49;52;50.078;9.47
3360;49;52;40.066;17.59
3361;49;53;47.654;7.55
3362;49;53;54.513;12.37
3363;49;54;33.781;17.08
3364;49;54;25.496;7.12
3365;49;55;44.209;10.61
3366;49;55;52.327;13.5
3367;49;56;4.826;8.12
3368;49;57;73.613;14.5
3369;49;57;71.405;23.88
3370;49;58;51.068;15.11
3371;49;58;49.863;24.18
3372;49;58;42.705;17.32
3373;49;59;25.327;24.0
3374;50;51;55.153;21.62
3375;50;51;67.549;23.91
3376;50;51;46.055;23.96
3377;50;52;55.873;12.62
3378;50;52;55.439;17.8
3379;50;53;80.906;19.6
3380;50;53;79.262;5.27
3381;50;53;69.665;4.11
3382;50;54;79.64;2.29
3383;50;55;84.32;19.39
3384;50;55;99.77;14.47
3385;50;56;77.111;16.62
3386;50;57;48.535;8.62
3387;50;57;36.663;5.0
3388;50;57;53.877;14.31
3389;50;58;83.073;23.91
3390;50;58;80.572;20.31
3391;50;59;75.314;2.61
3392;50;59;73.683;10.44
3393;50;59;69.757;1.63
3394;51;52;37.819;0.82
3395;51;52;36.574;24.02
3396;51;52;31.779;8.76
3397;51;53;44.761;12.78
3398;51;54;34.721;11.83
3399;51;55;43.976;4.45
3400;51;56;21.973;24.38
3401;51;56;23.759;17.73
3402;51;57;57.151;6.66
3403;51;57;58.846;10.82
3404;51;58;48.175;13.48
3405;51;59;26.871;12.87
3406;51;59;23.687;16.75
3407;52;53;26.738;23.96
3408;52;54;31.95;19.93
3409;52;54;28.633;23.6
3410;52;54;25.453;11.31
3411;52;55;31.806;1.67
3412;52;56;50.209;4.26
3413;52;56;44.123;22.41
3414;52;56;59.602;19.78
3415;52;57;25.157;15.36
3416;52;58;28.152;13.49
3417;52;58;23.401;17.65
3418;52;59;33.232;6.51
3419;53;54;14.611;21.81
3420;53;55;6.555;19.14
3421;53;56;44.421;22.1
3422;53;56;39.928;21.17
3423;53;56;46.466;18.92
3424;53;57;49.469;23.1
3425;53;58;3.485;0.79
3426;53;59;22.391;13.52
3427;53;59;23.895;24.31
3428;54;55;10.432;16.09
3429;54;55;7.963;21.95
3430;54;55;8.642;6.97
3431;54;56;30.195;22.57
3432;54;56;31.757;14.97
3433;54;57;56.963;17.24
3434;54;57;65.941;9.63
3435;54;57;45.83;19.19
3436;54;58;17.779;16.52
3437;54;58;21.57;11.57
3438;54;58;15.899;4.04
3439;54;59;8.671;5.81
3440;55;56;40.559;17.56
3441;55;57;55.408;14.32
3442;55;57;53.024;15.87
3443;55;57;54.154;5.83
3444;55;58;8.545;18.21
3445;55;59;19.04;8.83
3446;55;59;15.059;13.19
3447;55;59;20.293;21.51
3448;56;57;73.551;13.88
3449;56;57;77.123;22.32
3450;56;57;88.57;8.11
3451;56;58;47.772;5.59
3452;56;58;43.798;0.63
3453;56;59;22.042;19.29
3454;56;59;19.715;20.72
3455;56;59;23.919;21.34
3456;57;58;49.804;11.77
3457;57;59;58.284;19.92
3458;57;59;69.842;3.23
3459;57;59;66.649;11.86
3460;58;59;25.77;3.42
3461;58;59;19.888;1.34
3462;58;59;24.962;5.94
