VERTEX_COUNT 60
PATH_COUNT 1
BUDGET 300
<------------ VERTICES ------------>
0;START;41.374834;2.170055;0.0;0.0
1;Anella Olímpica(Olympic Park);41.364778;2.152575;45.0;86.96
2;Palau Güell;41.378864;2.174117;45.0;84.55
3;La Pedrera (Casa Milà);41.395271;2.161785;45.0;82.0
4;Basilica of the Sagrada Família;41.403568;2.174435;45.0;77.9
5;Basilica of Sants Just i Pastor;41.382812;2.178195;45.0;76.27
6;Parc de Diagonal Mar;41.407215;2.214539;45.0;75.94
7;L’Aquàrium;41.376625;2.184117;45.0;75.2
8;Avinguda d’Icària;41.391556;2.197416;45.0;74.68
9;Parc de la Ciutadella;41.389248;2.186548;45.0;73.94
10;Montjuïc Castle;41.363823;2.167096;45.0;73.07
11;Platja de la Nova Mar Bella;41.40205;2.21529;45.0;71.05
12;Museu d’Història de Catalunya - MHC;41.380852;2.185799;45.0;69.33
13;Poble Espanyol;41.368679;2.147031;45.0;69.0
14;Park Güell;41.414249;2.151926;45.0;68.96
15;Galeria d’Art Mar Grup Escolà;41.392349;2.167836;45.0;68.06
16;Passeig de Gràcia;41.390739;2.166672;45.0;67.44
17;Platja de la Barceloneta;41.379158;2.192717;45.0;64.21
18;Casa Batlló;41.391758;2.164961;45.0;63.87
19;Museu Nacional d’Art de Catalunya;41.36882;2.153347;45.0;63.39
20;Basilica of Santa Maria del Mar;41.383518;2.1818;45.0;61.16
21;Museu Palmero;41.424667;2.139856;45.0;60.41
22;Platja del Bogatell;41.394341;2.2066;45.0;59.43
23;Turó de la Rovira viewing point;41.419388;2.161812;45.0;58.12
24;Rambla del Raval;41.378681;2.169317;45.0;57.82
25;Royal Dockyards Museu Marítim ;41.375286;2.17598;45.0;56.76
26;Casa Vicens;41.403442;2.150684;45.0;56.29
27;Plaça de Catalunya;41.387005;2.17003;45.0;56.06
28;Poblenou Cemetery;41.394859;2.201189;45.0;55.97
29;90th Jean Bouin;41.373077;2.150465;45.0;55.96
30;La Colmena;41.383835;2.178294;45.0;55.64
31;Parc de la Creueta del Coll;41.41935;2.146432;45.0;54.87
32;Palau Sant Jordi;41.363441;2.152537;45.0;54.86
33;Plaça del Rei;41.384144;2.177409;45.0;54.63
34;Antic Hospital de la Santa Creu;41.380573;2.170374;45.0;54.52
35;Casa Martí, Els Quatre Gats ;41.385775;2.173671;45.0;53.47
36;Museu Frederic Marès;41.384178;2.176819;45.0;53.13
37;Barcelona Zoo;41.386299;2.187545;45.0;50.35
38;Casa Comalat;41.397072;2.160723;45.0;49.63
39;Palau Montaner;41.39555;2.1652;45.0;48.73
40;El Fossar de les Moreres;41.383713;2.18243;45.0;48.22
41;49th Trofeu Joan Gamper Estrella Damm del FC Barcelona;41.380848;2.122819;45.0;48.15
42;Parc del Turó de la Peira;41.432961;2.165669;45.0;47.85
43;Museu de la Moto ;41.383327;2.174488;45.0;47.79
44;Magic Fountain of Montjuïc;41.37117;2.151732;45.0;47.75
45;67th International Epiphany Hockey Tournament ;41.381253;2.114447;45.0;47.74
46;Rambla del Poblenou;41.40192;2.200141;45.0;47.59
47;Olympic Stadium Lluís Companys;41.364746;2.155624;45.0;47.21
48;Santa Eulàlia small schooner;41.376385;2.179861;45.0;47.17
49;Platja de Sant Sebastià;41.373009;2.189541;45.0;46.81
50;Casa Calvet;41.390972;2.173002;45.0;45.7
51;Barcelona Head;41.380924;2.182465;45.0;45.12
52;Old centre of the Vila de Sarrià;41.399937;2.121871;45.0;45.09
53;Tibidabo Amusement Park;41.422001;2.119771;45.0;44.72
54;Mirador de Colom;41.375805;2.177753;45.0;44.67
55;Fountain in the Plaça Espanya;41.375027;2.149131;45.0;43.72
56;Port Olímpic;41.387707;2.19939;45.0;43.66
57;Despair;41.387653;2.188076;45.0;43.54
58;Canaletes Fountain;41.38519;2.170158;45.0;43.46
59;FINISH;41.374834;2.170055;0.0;0.0
<------------- EDGES -------------->
0;0;1;28.285;3.91
1;0;1;27.399;7.48
2;0;1;31.241;20.12
3;0;2;8.647;9.76
4;0;2;10.686;17.78
5;0;2;10.269;23.92
6;0;3;36.549;18.21
7;0;4;49.491;24.6
8;0;5;17.194;12.1
9;0;5;15.661;12.67
10;0;6;79.572;8.79
11;0;6;88.47;18.62
12;0;7;18.315;15.59
13;0;8;45.309;4.12
14;0;9;32.509;15.62
15;0;10;19.222;18.27
16;0;10;19.184;23.58
17;0;11;74.442;9.08
18;0;11;83.289;1.58
19;0;12;22.688;24.68
20;0;12;19.407;9.41
21;0;13;31.387;6.05
22;0;14;71.35;1.39
23;0;14;83.907;1.43
24;0;14;67.585;2.34
25;0;15;30.107;12.89
26;0;16;27.562;20.12
27;0;16;31.357;18.18
28;0;16;24.849;10.14
29;0;17;30.026;21.29
30;0;18;29.69;0.43
31;0;18;35.32;17.35
32;0;18;24.431;5.2
33;0;19;23.796;21.35
34;0;20;21.172;12.61
35;0;20;26.319;5.41
36;0;20;24.616;11.31
37;0;21;93.673;21.99
38;0;22;57.583;1.42
39;0;22;53.416;24.35
40;0;23;76.973;22.91
41;0;24;6.651;15.87
42;0;24;6.041;19.35
43;0;25;7.648;14.67
44;0;25;9.555;18.5
45;0;26;54.909;5.79
46;0;26;65.424;22.26
47;0;26;57.023;10.92
48;0;27;20.827;18.68
49;0;27;25.606;14.72
50;0;28;52.651;23.13
51;0;28;55.296;2.99
52;0;29;25.336;8.6
53;0;29;23.983;0.68
54;0;30;18.686;7.92
55;0;30;19.358;5.47
56;0;31;81.991;1.88
57;0;32;29.769;14.79
58;0;33;18.52;11.03
59;0;33;17.759;11.73
60;0;34;9.829;22.48
61;0;34;9.68;9.02
62;0;34;9.055;1.78
63;0;35;19.29;5.09
64;0;36;18.196;12.49
65;0;36;20.135;19.87
66;0;36;14.371;19.54
67;0;37;29.82;15.98
68;0;37;28.089;0.59
69;0;38;39.896;3.53
70;0;38;46.742;7.36
71;0;38;42.236;9.12
72;0;39;35.994;13.4
73;0;40;21.985;22.16
74;0;40;17.444;16.25
75;0;40;19.647;11.3
76;0;41;61.52;16.5
77;0;42;99.628;9.49
78;0;42;107.91;3.61
79;0;43;15.608;17.86
80;0;44;24.35;24.18
81;0;45;72.243;16.72
82;0;45;79.608;24.04
83;0;46;60.335;24.61
84;0;46;59.693;18.51
85;0;46;73.326;23.39
86;0;47;25.327;1.87
87;0;48;12.868;0.22
88;0;48;12.014;9.3
89;0;48;9.657;2.61
90;0;49;25.217;8.64
91;0;49;21.509;24.28
92;0;49;27.588;6.87
93;0;50;27.874;19.82
94;0;50;28.471;1.62
95;0;50;26.54;14.86
96;0;51;19.04;14.99
97;0;52;75.314;0.62
98;0;53;103.349;3.21
99;0;53;126.902;10.04
100;0;54;10.024;0.54
101;0;54;8.555;15.16
102;0;55;26.871;13.57
103;0;56;43.634;15.34
104;0;56;47.726;13.72
105;0;57;31.884;24.16
106;0;57;25.647;6.72
107;0;57;32.71;1.82
108;0;58;17.722;24.89
109;0;58;16.15;20.83
110;0;59;0.0;4.34
111;0;59;0.0;4.19
112;1;2;36.692;14.89
113;1;2;31.254;5.78
114;1;2;41.145;4.26
115;1;3;53.504;8.32
116;1;3;47.83;14.28
117;1;4;72.069;7.36
118;1;5;45.108;22.74
119;1;5;51.829;6.23
120;1;6;107.715;9.5
121;1;6;124.731;4.89
122;1;7;45.296;8.7
123;1;7;55.198;18.39
124;1;8;73.587;14.31
125;1;8;61.483;24.42
126;1;8;80.202;6.13
127;1;9;60.469;10.39
128;1;9;61.976;7.05
129;1;10;18.721;9.85
130;1;10;19.457;24.09
131;1;11;102.722;21.08
132;1;11;115.991;23.73
133;1;12;50.763;8.5
134;1;12;55.965;22.64
135;1;13;9.76;13.81
136;1;13;9.993;9.84
137;1;13;8.555;4.78
138;1;14;84.661;7.73
139;1;14;88.169;16.81
140;1;14;77.723;13.93
141;1;15;51.088;13.35
142;1;15;58.179;23.5
143;1;15;50.524;17.07
144;1;16;47.972;10.58
145;1;16;41.16;5.44
146;1;16;51.981;7.66
147;1;17;57.121;3.71
148;1;18;48.832;14.85
149;1;18;54.699;4.9
150;1;19;6.988;14.36
151;1;20;49.364;24.87
152;1;20;42.381;7.27
153;1;21;103.777;5.04
154;1;22;85.857;1.49
155;1;23;94.2;9.02
156;1;23;99.835;12.45
157;1;24;32.067;1.21
158;1;24;38.068;22.4
159;1;24;26.947;3.7
160;1;25;35.025;23.16
161;1;25;42.403;12.53
162;1;26;66.208;11.72
163;1;26;70.818;24.4
164;1;26;67.958;18.18
165;1;27;44.149;2.42
166;1;28;80.908;3.27
167;1;28;91.447;5.36
168;1;29;14.458;18.68
169;1;29;15.982;15.99
170;1;30;46.414;2.79
171;1;30;52.833;1.17
172;1;31;93.718;3.06
173;1;31;116.861;11.22
174;1;32;2.288;9.84
175;1;32;2.781;0.39
176;1;33;45.992;21.78
177;1;33;43.596;8.76
178;1;34;35.398;19.37
179;1;34;27.666;20.47
180;1;35;44.999;15.09
181;1;35;33.929;0.42
182;1;35;46.303;16.04
183;1;36;45.512;1.34
184;1;36;53.504;0.84
185;1;37;58.075;21.87
186;1;38;56.245;13.73
187;1;38;65.905;17.87
188;1;39;55.097;7.78
189;1;39;45.12;23.2
190;1;39;51.628;24.61
191;1;40;50.197;19.08
192;1;40;52.863;3.94
193;1;41;47.077;0.43
194;1;41;46.417;9.92
195;1;42;117.882;11.34
196;1;42;127.511;14.99
197;1;43;42.419;22.13
198;1;43;42.868;7.47
199;1;43;48.898;19.03
200;1;44;10.992;3.83
201;1;44;10.955;20.3
202;1;44;13.019;4.13
203;1;45;56.499;0.21
204;1;45;54.576;6.21
205;1;45;59.475;8.56
206;1;46;88.145;11.41
207;1;47;3.916;9.57
208;1;47;4.473;19.15
209;1;48;40.279;20.12
210;1;48;50.024;20.01
211;1;49;49.518;19.05
212;1;49;49.638;2.69
213;1;49;39.837;12.46
214;1;50;51.935;3.8
215;1;50;62.062;10.77
216;1;50;53.831;15.95
217;1;51;47.294;7.89
218;1;51;38.861;16.37
219;1;52;71.931;9.07
220;1;52;77.424;2.73
221;1;53;106.594;23.52
222;1;54;37.437;8.0
223;1;55;18.088;12.93
224;1;55;21.544;0.45
225;1;55;21.074;3.01
226;1;56;71.786;23.84
227;1;57;60.087;7.25
228;1;57;67.78;0.71
229;1;57;45.574;2.93
230;1;58;41.592;8.01
231;1;58;36.265;18.14
232;1;59;28.285;12.88
233;1;59;30.532;6.25
234;2;3;32.233;7.09
235;2;3;37.109;17.61
236;2;4;42.276;6.37
237;2;4;33.679;24.43
238;2;5;8.547;10.75
239;2;6;71.038;18.19
240;2;6;64.845;1.72
241;2;6;61.141;13.88
242;2;7;13.4;21.06
243;2;7;10.759;23.04
244;2;8;36.967;6.34
245;2;9;23.885;23.53
246;2;10;27.272;19.97
247;2;10;30.067;17.25
248;2;11;66.092;3.65
249;2;11;66.847;14.48
250;2;11;61.903;12.57
251;2;12;15.381;2.66
252;2;12;12.124;24.26
253;2;13;38.904;1.06
254;2;13;31.185;3.28
255;2;14;66.918;15.06
256;2;14;64.686;0.31
257;2;15;24.444;17.57
258;2;16;22.457;11.69
259;2;16;17.246;0.86
260;2;16;25.67;5.69
261;2;17;23.888;23.34
262;2;18;25.001;23.53
263;2;18;23.282;20.32
264;2;18;27.886;20.4
265;2;19;31.73;2.04
266;2;20;12.678;21.04
267;2;20;15.168;1.05
268;2;20;9.906;11.47
269;2;21;89.874;18.98
270;2;22;49.403;9.73
271;2;23;71.122;4.97
272;2;23;72.672;3.34
273;2;23;55.6;18.58
274;2;24;6.171;5.73
275;2;25;6.574;7.5
276;2;25;5.333;20.45
277;2;26;51.71;6.86
278;2;26;64.338;16.55
279;2;26;39.391;15.89
280;2;27;14.887;20.17
281;2;27;13.916;7.59
282;2;28;44.241;0.08
283;2;28;49.429;13.06
284;2;28;47.55;7.92
285;2;29;31.945;23.59
286;2;29;33.386;12.16
287;2;30;10.056;9.0
288;2;30;9.405;24.77
289;2;30;8.189;20.33
290;2;31;77.863;16.52
291;2;31;62.527;24.5
292;2;31;84.361;15.08
293;2;32;38.269;11.18
294;2;33;9.975;2.32
295;2;33;11.079;5.62
296;2;33;7.863;14.99
297;2;34;5.626;12.36
298;2;35;11.84;22.29
299;2;35;14.581;1.7
300;2;36;9.733;5.07
301;2;36;7.439;1.52
302;2;37;21.427;20.23
303;2;37;18.383;8.9
304;2;37;24.094;14.54
305;2;38;35.588;15.79
306;2;38;33.844;4.98
307;2;38;40.282;13.95
308;2;39;30.763;18.16
309;2;40;13.52;13.93
310;2;40;14.855;11.5
311;2;40;14.501;3.0
312;2;41;65.954;6.44
313;2;41;55.378;22.51
314;2;41;62.831;15.36
315;2;42;93.205;4.7
316;2;43;7.652;14.33
317;2;43;8.347;13.41
318;2;44;31.617;20.77
319;2;44;38.777;20.9
320;2;45;76.725;2.17
321;2;45;77.192;13.61
322;2;46;51.699;16.62
323;2;47;33.877;22.49
324;2;48;8.509;24.44
325;2;48;9.48;6.51
326;2;49;22.196;11.02
327;2;50;20.769;15.18
328;2;50;19.951;15.93
329;2;51;11.284;18.14
330;2;51;11.577;15.73
331;2;52;76.154;18.42
332;2;52;95.096;22.56
333;2;52;93.107;23.5
334;2;53;101.564;12.84
335;2;54;7.014;11.04
336;2;54;8.386;6.07
337;2;55;32.749;11.16
338;2;56;35.804;6.85
339;2;57;23.397;19.64
340;2;58;11.959;24.36
341;2;58;12.834;17.69
342;2;59;8.647;22.83
343;2;59;10.593;3.92
344;2;59;10.222;1.39
345;3;4;21.57;20.35
346;3;4;25.116;13.81
347;3;4;23.565;12.37
348;3;5;29.973;20.89
349;3;5;30.163;9.01
350;3;6;70.732;23.51
351;3;6;78.553;1.34
352;3;7;42.897;20.17
353;3;7;47.533;6.31
354;3;7;38.011;6.17
355;3;8;46.181;13.59
356;3;8;38.009;14.95
357;3;8;51.208;3.19
358;3;9;33.419;3.69
359;3;9;30.989;14.6
360;3;10;54.245;19.78
361;3;10;56.728;10.21
362;3;11;69.654;21.58
363;3;11;84.473;20.72
364;3;12;39.488;12.21
365;3;13;49.291;10.2
366;3;14;34.854;17.36
367;3;14;43.518;10.02
368;3;14;34.344;20.02
369;3;15;9.238;4.13
370;3;16;9.975;23.33
371;3;17;48.346;18.9
372;3;17;40.133;1.48
373;3;17;36.274;9.33
374;3;18;7.264;14.4
375;3;18;6.188;5.54
376;3;19;46.542;1.58
377;3;19;52.442;2.28
378;3;19;46.098;1.56
379;3;20;32.631;22.94
380;3;21;57.641;9.93
381;3;21;65.119;24.08
382;3;22;57.552;14.34
383;3;22;49.328;22.75
384;3;23;41.27;5.82
385;3;23;45.099;7.54
386;3;24;29.991;13.54
387;3;24;36.329;8.81
388;3;24;32.433;17.76
389;3;25;38.752;24.74
390;3;26;19.964;11.73
391;3;27;17.667;8.41
392;3;27;17.829;15.28
393;3;28;50.588;23.32
394;3;29;40.666;1.3
395;3;30;28.847;0.54
396;3;30;23.003;2.66
397;3;30;32.435;0.04
398;3;31;45.674;17.02
399;3;31;55.414;10.08
400;3;32;55.748;15.15
401;3;32;57.918;10.35
402;3;33;27.657;12.04
403;3;33;22.414;13.18
404;3;33;33.683;4.53
405;3;34;27.463;9.69
406;3;34;23.832;22.04
407;3;35;22.291;4.71
408;3;35;20.872;10.94
409;3;36;27.071;19.88
410;3;36;25.484;0.49
411;3;37;36.461;21.01
412;3;37;41.076;0.37
413;3;38;3.37;18.61
414;3;38;2.759;5.84
415;3;39;4.41;19.36
416;3;39;4.348;19.56
417;3;39;3.965;22.01
418;3;40;33.071;22.44
419;3;41;55.783;10.11
420;3;42;64.689;1.47
421;3;42;72.777;14.2
422;3;42;65.143;1.61
423;3;43;26.148;4.77
424;3;44;43.215;18.97
425;3;44;36.473;13.85
426;3;44;52.135;3.46
427;3;45;65.337;3.66
428;3;46;50.533;2.05
429;3;46;54.504;6.28
430;3;46;62.494;8.04
431;3;47;52.831;18.01
432;3;47;64.141;6.23
433;3;48;39.788;1.37
434;3;48;34.973;13.9
435;3;48;39.002;1.48
436;3;49;52.165;13.13
437;3;49;42.449;2.9
438;3;49;56.965;17.67
439;3;50;16.17;20.67
440;3;50;18.69;14.47
441;3;50;18.186;3.51
442;3;51;36.161;5.22
443;3;51;44.607;4.3
444;3;52;51.854;14.87
445;3;53;70.71;14.09
446;3;53;56.187;22.78
447;3;53;55.371;23.05
448;3;54;39.114;16.57
449;3;54;44.447;9.21
450;3;54;47.807;1.58
451;3;55;38.263;11.03
452;3;55;45.847;3.53
453;3;56;49.982;24.79
454;3;56;40.035;11.13
455;3;57;36.182;5.72
456;3;57;42.726;0.85
457;3;58;20.326;8.0
458;3;59;36.549;11.09
459;3;59;35.62;6.36
460;3;59;41.304;12.76
461;4;5;35.845;9.65
462;4;5;29.458;10.45
463;4;6;51.851;22.03
464;4;6;41.782;16.9
465;4;7;47.752;8.87
466;4;8;35.955;12.47
467;4;8;38.401;2.77
468;4;9;29.022;22.3
469;4;9;34.75;3.28
470;4;10;68.662;5.78
471;4;10;54.567;10.47
472;4;10;78.403;20.37
473;4;11;52.504;1.36
474;4;12;41.52;3.11
475;4;12;35.748;4.67
476;4;12;45.459;3.72
477;4;13;69.299;16.25
478;4;13;74.604;3.37
479;4;13;64.569;20.69
480;4;14;34.185;21.95
481;4;15;20.984;20.02
482;4;15;17.154;4.23
483;4;15;21.73;12.08
484;4;16;24.109;12.73
485;4;16;18.387;6.17
486;4;17;47.913;21.06
487;4;18;23.587;3.42
488;4;19;65.336;21.81
489;4;20;35.589;22.78
490;4;20;37.4;9.66
491;4;21;57.209;14.92
492;4;21;50.975;22.94
493;4;22;44.204;11.12
494;4;22;38.952;22.99
495;4;22;39.572;2.94
496;4;23;31.549;24.38
497;4;23;25.644;5.96
498;4;24;43.091;11.36
499;4;24;35.33;24.42
500;4;25;48.438;12.26
501;4;26;30.486;17.3
502;4;27;28.902;20.19
503;4;27;24.118;16.54
504;4;27;33.416;22.15
505;4;28;37.436;12.87
506;4;29;60.577;0.61
507;4;30;34.129;4.95
508;4;31;44.955;4.73
509;4;31;43.958;19.8
510;4;32;74.2;11.84
511;4;33;33.457;23.83
512;4;33;39.013;12.63
513;4;34;39.694;11.29
514;4;34;32.586;18.92
515;4;35;30.463;13.95
516;4;36;33.322;24.02
517;4;36;25.514;14.57
518;4;37;34.007;1.48
519;4;37;40.011;0.74
520;4;38;20.817;14.87
521;4;39;18.132;19.62
522;4;40;35.493;9.14
523;4;40;41.486;10.4
524;4;40;27.642;19.16
525;4;41;76.827;11.24
526;4;41;87.403;8.5
527;4;42;51.541;9.92
528;4;42;53.237;11.47
529;4;42;60.745;20.12
530;4;43;34.637;10.46
531;4;44;62.636;10.8
532;4;45;85.958;24.36
533;4;46;33.115;14.87
534;4;47;70.687;18.14
535;4;48;47.035;16.31
536;4;48;43.304;17.85
537;4;48;53.727;22.06
538;4;49;55.774;12.02
539;4;49;66.141;12.55
540;4;49;62.677;15.32
541;4;50;21.633;16.38
542;4;51;40.097;11.41
543;4;51;49.169;17.06
544;4;51;35.401;16.85
545;4;52;67.755;1.11
546;4;53;76.919;20.91
547;4;54;47.699;14.86
548;4;54;57.246;21.7
549;4;54;59.275;0.51
550;4;55;58.657;13.55
551;4;55;55.021;9.62
552;4;56;41.987;18.17
553;4;56;34.12;15.48
554;4;56;36.793;17.61
555;4;57;32.378;0.3
556;4;57;27.495;10.45
557;4;57;27.091;6.72
558;4;58;31.925;18.84
559;4;58;31.404;14.48
560;4;58;30.052;5.73
561;4;59;49.491;9.87
562;5;6;62.614;8.75
563;5;7;13.035;13.16
564;5;7;14.956;17.26
565;5;8;28.859;11.03
566;5;9;15.372;21.58
567;5;9;16.538;2.77
568;5;10;35.483;16.5
569;5;11;57.892;5.0
570;5;12;10.323;23.41
571;5;13;46.758;15.45
572;5;13;42.047;14.88
573;5;13;50.222;12.96
574;5;14;63.49;3.76
575;5;14;57.38;3.3
576;5;14;50.254;24.09
577;5;15;21.053;4.94
578;5;15;21.132;3.18
579;5;16;20.072;2.52
580;5;17;19.667;20.14
581;5;18;22.87;20.83
582;5;19;39.892;13.27
583;5;20;4.784;12.88
584;5;20;5.532;2.56
585;5;20;4.976;14.93
586;5;21;86.899;7.86
587;5;22;41.462;15.61
588;5;23;66.028;21.02
589;5;23;69.005;20.77
590;5;24;13.413;14.06
591;5;24;13.287;0.42
592;5;24;15.653;4.17
593;5;25;13.189;5.46
594;5;26;49.936;13.59
595;5;26;50.929;17.02
596;5;26;59.742;22.11
597;5;27;12.704;8.4
598;5;27;13.551;21.48
599;5;27;10.104;18.28
600;5;28;36.006;20.07
601;5;28;30.584;0.58
602;5;29;39.311;16.03
603;5;29;32.9;4.98
604;5;29;40.902;22.65
605;5;30;1.755;14.0
606;5;30;1.767;23.15
607;5;30;1.792;17.8
608;5;31;74.643;4.37
609;5;31;58.389;21.31
610;5;32;46.738;10.39
611;5;32;47.251;0.42
612;5;33;2.493;17.87
613;5;33;2.662;14.33
614;5;34;10.748;6.89
615;5;35;7.711;7.06
616;5;35;8.01;9.22
617;5;36;2.93;21.15
618;5;36;2.213;22.72
619;5;37;13.406;24.43
620;5;38;33.145;4.32
621;5;38;31.202;13.71
622;5;39;27.449;12.03
623;5;39;33.185;7.51
624;5;39;29.108;0.48
625;5;40;5.652;16.95
626;5;41;71.18;24.82
627;5;41;53.756;21.23
628;5;41;56.201;16.58
629;5;42;87.309;14.76
630;5;43;4.84;11.13
631;5;43;4.632;2.21
632;5;44;39.39;7.1
633;5;44;47.195;5.77
634;5;45;81.893;11.64
635;5;45;78.317;9.62
636;5;45;64.373;20.25
637;5;46;43.161;11.38
638;5;46;36.183;1.41
639;5;46;42.349;4.21
640;5;47;42.377;5.11
641;5;48;11.204;3.59
642;5;48;12.48;12.72
643;5;49;22.218;18.43
644;5;50;15.474;8.79
645;5;50;13.687;18.95
646;5;51;6.364;19.01
647;5;52;78.02;8.85
648;5;53;100.602;23.1
649;5;53;82.375;19.74
650;5;54;12.004;24.31
651;5;54;9.778;8.01
652;5;54;12.817;20.43
653;5;55;39.625;19.7
654;5;55;48.95;14.55
655;5;56;28.472;7.42
656;5;56;35.424;2.56
657;5;57;15.151;9.4
658;5;57;13.865;1.16
659;5;57;14.206;2.61
660;5;58;11.092;1.61
661;5;58;10.393;5.4
662;5;58;13.33;11.18
663;5;59;17.194;2.78
664;6;7;65.31;24.86
665;6;7;72.598;7.49
666;6;7;65.707;22.55
667;6;8;34.657;14.89
668;6;8;39.661;14.45
669;6;8;38.556;2.59
670;6;9;47.29;6.58
671;6;9;59.062;9.22
672;6;9;52.547;2.33
673;6;10;96.041;21.77
674;6;10;92.277;24.29
675;6;10;109.584;23.86
676;6;11;8.891;8.97
677;6;11;7.433;15.42
678;6;12;58.279;6.51
679;6;13;108.905;23.3
680;6;13;126.569;22.21
681;6;13;112.987;5.24
682;6;14;81.254;20.57
683;6;14;80.356;12.5
684;6;14;87.075;5.09
685;6;15;65.123;7.93
686;6;16;67.603;20.28
687;6;17;55.587;15.55
688;6;18;68.917;13.7
689;6;18;84.187;24.3
690;6;19;102.414;15.11
691;6;20;58.401;4.75
692;6;20;44.785;2.11
693;6;20;54.743;15.6
694;6;21;100.386;12.21
695;6;22;24.273;1.22
696;6;22;26.248;18.24
697;6;23;70.801;12.11
698;6;24;75.858;14.06
699;6;24;87.38;15.94
700;6;24;83.105;8.97
701;6;25;73.727;18.25
702;6;26;82.212;4.38
703;6;26;74.671;17.6
704;6;26;67.822;24.68
705;6;27;66.786;12.91
706;6;27;71.588;4.2
707;6;27;66.681;3.6
708;6;28;27.216;21.71
709;6;28;22.494;18.85
710;6;28;22.629;19.97
711;6;29;100.892;4.05
712;6;29;124.912;8.87
713;6;30;61.364;13.05
714;6;30;70.096;13.79
715;6;31;89.838;19.93
716;6;31;99.947;22.9
717;6;31;107.974;23.03
718;6;32;109.307;5.34
719;6;32;106.531;21.14
720;6;33;61.891;19.88
721;6;33;69.401;12.94
722;6;34;72.753;17.26
723;6;34;59.653;14.98
724;6;35;64.018;18.02
725;6;35;63.709;5.47
726;6;35;55.213;8.94
727;6;36;62.439;16.98
728;6;36;73.461;2.58
729;6;36;51.984;24.6
730;6;37;49.818;3.92
731;6;37;50.855;14.71
732;6;37;49.553;3.8
733;6;38;71.224;19.9
734;6;38;77.48;16.64
735;6;39;66.402;9.24
736;6;39;69.474;7.58
737;6;40;57.588;21.43
738;6;40;67.538;21.63
739;6;40;61.046;7.26
740;6;41;126.093;15.48
741;6;41;136.397;20.45
742;6;42;76.64;13.92
743;6;43;65.684;9.53
744;6;44;101.52;11.44
745;6;44;110.379;12.43
746;6;45;135.954;5.77
747;6;46;20.582;17.74
748;6;47;104.895;14.88
749;6;48;69.031;23.04
750;6;48;85.725;13.63
751;6;48;62.18;11.42
752;6;49;66.755;17.46
753;6;50;60.128;3.09
754;6;51;60.987;17.99
755;6;51;62.143;17.63
756;6;52;119.593;18.23
757;6;52;111.281;1.23
758;6;52;99.56;5.48
759;6;53;124.222;8.93
760;6;53;133.608;16.54
761;6;54;71.549;21.07
762;6;54;56.929;4.76
763;6;54;86.784;22.85
764;6;55;100.423;3.37
765;6;55;123.764;22.84
766;6;55;88.161;21.1
767;6;56;38.634;18.5
768;6;56;31.758;24.51
769;6;57;47.692;18.57
770;6;58;68.31;21.27
771;6;58;83.616;6.24
772;6;59;79.572;23.46
773;6;59;89.531;8.13
774;7;8;30.731;5.48
775;7;9;21.825;5.6
776;7;10;30.947;16.24
777;7;10;25.041;22.83
778;7;10;36.315;22.98
779;7;11;59.115;15.4
780;7;11;52.985;4.22
781;7;11;50.866;19.1
782;7;12;7.549;3.55
783;7;12;5.735;6.29
784;7;12;6.716;15.7
785;7;13;49.527;17.48
786;7;13;52.119;10.25
787;7;14;76.504;5.2
788;7;14;93.432;21.71
789;7;14;87.913;8.72
790;7;15;34.073;24.4
791;7;15;40.446;4.37
792;7;16;32.94;23.04
793;7;16;35.82;22.81
794;7;17;11.863;22.85
795;7;17;13.535;17.0
796;7;17;9.394;15.03
797;7;18;35.714;24.41
798;7;18;41.78;5.83
799;7;19;41.71;17.92
800;7;19;43.477;18.65
801;7;20;12.165;2.3
802;7;20;12.714;2.53
803;7;20;14.889;6.35
804;7;21;99.932;2.14
805;7;21;96.523;2.86
806;7;21;104.829;7.19
807;7;22;41.861;13.02
808;7;22;41.478;13.75
809;7;23;78.579;7.69
810;7;24;19.327;18.88
811;7;25;10.697;4.81
812;7;25;9.902;22.16
813;7;26;62.834;11.94
814;7;26;54.624;11.1
815;7;26;60.014;21.44
816;7;27;25.351;11.66
817;7;27;27.943;17.32
818;7;28;38.132;5.86
819;7;28;45.669;8.05
820;7;29;43.638;22.74
821;7;29;34.071;15.67
822;7;30;14.427;15.79
823;7;30;15.889;4.39
824;7;31;87.667;23.6
825;7;32;46.408;11.01
826;7;32;41.707;20.27
827;7;33;15.483;22.62
828;7;33;14.123;4.36
829;7;34;18.896;8.85
830;7;35;20.617;8.78
831;7;35;18.816;4.11
832;7;36;15.964;18.97
833;7;36;17.347;2.55
834;7;36;15.42;12.05
835;7;37;17.13;1.08
836;7;38;46.112;18.17
837;7;38;40.433;19.52
838;7;39;40.48;18.0
839;7;39;30.927;5.82
840;7;40;12.321;8.86
841;7;40;11.099;22.93
842;7;41;79.039;23.71
843;7;41;67.49;12.25
844;7;42;99.269;6.46
845;7;43;16.864;7.96
846;7;43;16.427;17.86
847;7;43;14.984;10.66
848;7;44;42.621;16.45
849;7;44;52.457;17.84
850;7;44;34.029;16.69
851;7;45;89.808;2.99
852;7;45;105.078;20.21
853;7;46;47.925;14.0
854;7;47;41.858;17.27
855;7;48;5.48;17.81
856;7;49;9.317;21.4
857;7;50;28.397;6.88
858;7;51;7.656;18.92
859;7;51;9.389;8.56
860;7;52;89.318;9.94
861;7;52;109.656;18.34
862;7;53;113.364;6.14
863;7;54;8.291;5.75
864;7;54;9.466;23.46
865;7;54;9.841;11.57
866;7;55;45.008;10.79
867;7;55;39.703;24.93
868;7;55;37.837;20.38
869;7;56;27.28;15.76
870;7;57;19.544;16.36
871;7;57;15.973;10.11
872;7;57;22.709;2.38
873;7;58;23.153;2.81
874;7;58;21.425;10.14
875;7;59;18.315;23.84
876;7;59;20.299;24.2
877;8;9;14.501;4.29
878;8;9;17.951;15.92
879;8;10;61.384;2.31
880;8;10;54.925;17.91
881;8;10;49.514;10.6
882;8;11;29.136;20.72
883;8;11;24.274;22.01
884;8;11;22.428;5.14
885;8;12;23.621;10.24
886;8;12;20.932;24.05
887;8;12;23.962;9.33
888;8;13;75.617;23.88
889;8;13;81.041;18.59
890;8;14;70.123;22.39
891;8;15;37.998;10.99
892;8;16;39.493;12.24
893;8;16;39.589;6.23
894;8;17;22.057;11.95
895;8;17;18.095;0.91
896;8;18;41.666;8.43
897;8;18;44.485;17.93
898;8;19;68.67;3.97
899;8;19;54.324;24.81
900;8;19;53.706;8.11
901;8;20;24.314;24.67
902;8;20;30.046;11.79
903;8;21;93.102;3.35
904;8;22;12.717;7.41
905;8;23;66.005;5.53
906;8;23;75.173;18.09
907;8;24;42.272;19.59
908;8;24;52.765;20.73
909;8;24;36.785;10.49
910;8;25;39.149;16.35
911;8;25;34.786;6.0
912;8;25;29.478;23.87
913;8;26;63.342;23.02
914;8;27;36.011;0.93
915;8;27;34.96;7.41
916;8;28;7.444;18.97
917;8;28;9.135;20.77
918;8;29;68.074;19.72
919;8;30;27.879;23.2
920;8;30;32.056;2.98
921;8;31;80.897;0.8
922;8;31;65.42;4.17
923;8;32;75.07;1.13
924;8;32;72.532;14.92
925;8;33;28.647;2.66
926;8;33;22.902;5.32
927;8;33;24.169;1.77
928;8;34;39.479;3.53
929;8;34;39.6;12.08
930;8;35;32.05;10.27
931;8;36;29.303;18.27
932;8;36;23.719;18.0
933;8;36;27.245;15.92
934;8;37;15.541;6.87
935;8;37;16.435;14.5
936;8;38;48.04;8.98
937;8;39;41.918;12.77
938;8;39;51.563;5.06
939;8;40;23.458;4.5
940;8;40;19.435;12.36
941;8;40;22.598;18.46
942;8;41;97.511;21.81
943;8;42;81.733;8.56
944;8;42;84.361;6.37
945;8;43;32.631;19.26
946;8;43;36.08;9.57
947;8;43;29.654;6.62
948;8;44;68.247;5.37
949;8;45;107.971;10.49
950;8;46;18.077;23.16
951;8;46;15.651;23.09
952;8;47;70.601;8.73
953;8;47;77.391;7.01
954;8;47;80.49;16.61
955;8;48;34.38;12.05
956;8;48;29.883;22.29
957;8;49;33.31;23.62
958;8;49;32.439;10.25
959;8;50;31.358;24.84
960;8;50;25.809;3.58
961;8;50;25.315;24.58
962;8;51;26.448;1.58
963;8;52;98.032;12.64
964;8;52;122.061;8.28
965;8;53;112.452;7.5
966;8;53;135.377;23.37
967;8;54;36.93;5.64
968;8;54;35.912;0.41
969;8;54;39.132;24.98
970;8;55;68.143;4.89
971;8;55;70.577;10.64
972;8;55;70.155;6.79
973;8;56;7.057;5.55
974;8;57;13.725;13.8
975;8;57;16.807;5.99
976;8;58;36.651;20.89
977;8;58;44.654;12.41
978;8;59;45.309;15.7
979;9;10;50.168;23.58
980;9;11;42.91;24.41
981;9;12;14.4;20.65
982;9;13;61.754;12.8
983;9;13;70.769;9.22
984;9;14;61.687;1.79
985;9;14;72.451;23.76
986;9;15;24.601;17.66
987;9;15;27.559;18.28
988;9;15;27.65;6.71
989;9;16;25.644;9.81
990;9;17;18.996;20.69
991;9;18;28.044;5.25
992;9;18;28.903;1.91
993;9;18;33.729;21.86
994;9;19;55.131;15.84
995;9;20;11.546;1.02
996;9;20;13.176;16.95
997;9;21;85.235;8.35
998;9;21;102.345;6.84
999;9;21;66.836;14.32
1000;9;22;27.178;15.72
1001;9;22;30.68;3.22
1002;9;22;26.628;19.73
1003;9;23;60.565;11.16
1004;9;24;28.573;2.84
1005;9;24;29.12;2.42
1006;9;24;31.615;0.91
1007;9;25;27.476;23.33
1008;9;25;29.732;21.83
1009;9;26;52.053;20.27
1010;9;27;21.551;2.61
1011;9;27;25.789;1.35
1012;9;27;18.866;13.68
1013;9;28;21.106;16.72
1014;9;28;18.537;16.49
1015;9;29;53.966;10.52
1016;9;30;14.075;20.12
1017;9;31;72.833;5.7
1018;9;31;76.952;10.43
1019;9;31;54.992;9.83
1020;9;32;62.109;21.18
1021;9;32;56.324;11.92
1022;9;32;77.263;10.1
1023;9;33;14.627;0.44
1024;9;33;14.842;13.92
1025;9;33;13.07;24.81
1026;9;34;25.526;4.2
1027;9;35;17.568;20.53
1028;9;35;15.807;7.71
1029;9;36;15.208;12.12
1030;9;36;14.796;14.51
1031;9;37;5.206;14.74
1032;9;38;35.754;12.78
1033;9;38;41.47;6.6
1034;9;39;29.451;4.91
1035;9;39;27.695;14.26
1036;9;40;10.847;9.29
1037;9;40;13.118;6.01
1038;9;41;83.075;12.76
1039;9;42;79.458;3.06
1040;9;42;95.751;18.48
1041;9;43;18.504;3.73
1042;9;43;21.35;10.35
1043;9;43;18.194;3.17
1044;9;44;54.364;8.0
1045;9;45;93.576;19.25
1046;9;46;27.834;13.02
1047;9;46;32.206;10.69
1048;9;47;57.747;12.06
1049;9;48;23.627;0.4
1050;9;48;20.514;18.74
1051;9;48;22.95;17.01
1052;9;49;28.053;14.75
1053;9;49;22.241;7.21
1054;9;50;17.639;24.76
1055;9;50;15.499;15.97
1056;9;51;15.178;1.43
1057;9;52;85.018;4.42
1058;9;52;96.11;20.39
1059;9;53;102.407;12.54
1060;9;54;25.626;13.55
1061;9;55;53.854;23.58
1062;9;56;16.697;6.59
1063;9;57;3.361;24.02
1064;9;57;2.624;14.58
1065;9;58;22.159;7.07
1066;9;58;21.044;3.9
1067;9;59;32.509;4.1
1068;9;59;36.796;6.87
1069;10;11;90.045;17.49
1070;10;11;91.344;16.18
1071;10;11;95.237;2.85
1072;10;12;37.763;4.71
1073;10;12;34.649;14.7
1074;10;12;41.522;21.34
1075;10;13;27.076;20.11
1076;10;13;22.705;17.69
1077;10;14;88.461;9.85
1078;10;14;80.09;19.25
1079;10;14;104.27;20.02
1080;10;15;48.824;12.95
1081;10;16;46.063;19.36
1082;10;16;56.852;2.78
1083;10;17;42.085;19.5
1084;10;18;47.882;10.7
1085;10;19;19.619;8.65
1086;10;19;23.393;3.51
1087;10;20;38.631;14.49
1088;10;21;109.833;15.03
1089;10;21;121.423;8.72
1090;10;22;72.802;4.88
1091;10;22;74.239;8.85
1092;10;22;56.296;15.24
1093;10;23;95.326;17.13
1094;10;24;25.585;12.11
1095;10;24;26.696;17.62
1096;10;25;22.692;14.72
1097;10;25;25.892;7.18
1098;10;26;70.996;21.7
1099;10;26;73.38;20.01
1100;10;26;64.976;24.06
1101;10;27;39.848;13.65
1102;10;27;32.235;9.0
1103;10;28;68.826;22.13
1104;10;28;64.503;10.75
1105;10;29;26.588;5.77
1106;10;29;20.4;3.31
1107;10;30;37.142;10.63
1108;10;30;42.2;5.13
1109;10;31;98.653;9.15
1110;10;32;18.71;11.53
1111;10;32;22.571;10.14
1112;10;33;37.21;5.36
1113;10;33;33.139;21.18
1114;10;33;41.467;15.13
1115;10;34;28.971;14.8
1116;10;34;28.099;14.04
1117;10;34;33.004;16.39
1118;10;35;38.502;9.5
1119;10;35;36.058;20.92
1120;10;36;37.002;8.7
1121;10;36;43.358;24.37
1122;10;37;46.57;1.13
1123;10;37;56.262;1.35
1124;10;37;52.041;17.33
1125;10;38;57.482;16.18
1126;10;38;55.787;11.08
1127;10;38;44.389;24.89
1128;10;39;54.347;5.73
1129;10;40;39.322;17.13
1130;10;41;63.887;0.92
1131;10;41;71.039;19.52
1132;10;41;69.095;1.13
1133;10;42;118.325;10.59
1134;10;42;125.378;14.54
1135;10;42;140.264;22.56
1136;10;43;34.699;19.78
1137;10;43;26.843;9.59
1138;10;43;38.878;16.64
1139;10;44;23.396;24.78
1140;10;44;22.179;11.73
1141;10;44;26.519;10.75
1142;10;45;73.896;14.07
1143;10;45;84.859;4.05
1144;10;46;77.783;24.38
1145;10;47;14.818;15.39
1146;10;47;14.735;2.01
1147;10;47;13.373;11.58
1148;10;48;27.034;0.53
1149;10;48;31.257;12.76
1150;10;48;32.08;19.96
1151;10;49;32.832;18.16
1152;10;49;30.904;15.54
1153;10;50;47.073;0.35
1154;10;50;57.501;21.7
1155;10;51;35.297;19.02
1156;10;52;84.8;18.49
1157;10;53;116.629;14.5
1158;10;53;91.584;11.3
1159;10;53;90.273;22.09
1160;10;54;24.652;7.32
1161;10;54;20.623;0.32
1162;10;54;19.921;20.62
1163;10;55;29.998;8.02
1164;10;55;35.024;7.2
1165;10;55;26.872;8.43
1166;10;56;58.224;18.4
1167;10;57;48.874;20.12
1168;10;58;36.774;6.92
1169;10;58;36.117;13.65
1170;10;59;19.222;5.59
1171;10;59;16.544;20.11
1172;11;12;52.433;7.34
1173;11;12;41.02;0.66
1174;11;12;40.326;1.96
1175;11;13;104.601;13.41
1176;11;13;109.426;8.13
1177;11;13;92.916;13.07
1178;11;14;83.961;1.04
1179;11;15;63.137;5.16
1180;11;15;66.77;21.12
1181;11;15;58.072;7.95
1182;11;16;65.343;2.24
1183;11;17;48.727;12.58
1184;11;18;66.963;19.39
1185;11;18;62.034;21.17
1186;11;19;97.767;2.73
1187;11;19;113.095;3.39
1188;11;19;76.324;20.87
1189;11;20;53.424;15.72
1190;11;20;57.787;22.17
1191;11;21;104.258;11.77
1192;11;21;93.172;13.53
1193;11;22;17.276;10.86
1194;11;22;16.35;2.54
1195;11;23;74.772;18.77
1196;11;24;71.292;11.58
1197;11;24;54.043;22.22
1198;11;24;53.722;12.78
1199;11;25;68.151;3.42
1200;11;25;73.378;6.73
1201;11;25;53.697;17.25
1202;11;26;82.96;17.18
1203;11;26;94.261;7.18
1204;11;26;86.33;8.08
1205;11;27;63.55;0.42
1206;11;27;73.019;2.93
1207;11;28;21.887;15.19
1208;11;28;21.542;17.05
1209;11;29;96.875;9.81
1210;11;29;73.41;17.57
1211;11;29;87.559;10.16
1212;11;30;56.809;16.63
1213;11;30;51.663;18.15
1214;11;31;93.199;5.31
1215;11;31;86.282;5.45
1216;11;31;81.487;21.98
1217;11;32;104.196;19.52
1218;11;33;57.478;10.11
1219;11;33;61.379;2.5
1220;11;34;68.379;14.63
1221;11;35;60.251;7.71
1222;11;35;64.477;6.64
1223;11;36;58.09;24.38
1224;11;36;46.891;15.24
1225;11;37;44.666;12.41
1226;11;38;70.559;18.04
1227;11;39;65.252;22.27
1228;11;40;52.575;5.87
1229;11;40;42.199;14.19
1230;11;40;41.858;20.27
1231;11;41;124.133;20.43
1232;11;42;82.781;9.27
1233;11;42;74.474;8.43
1234;11;43;61.402;3.25
1235;11;43;67.084;21.26
1236;11;44;97.216;5.62
1237;11;44;76.079;19.11
1238;11;44;120.93;5.74
1239;11;45;134.262;12.03
1240;11;46;19.446;18.55
1241;11;46;23.618;14.47
1242;11;47;99.718;19.09
1243;11;47;81.686;10.24
1244;11;48;63.227;24.8
1245;11;48;65.15;5.23
1246;11;48;58.965;7.12
1247;11;49;59.687;0.46
1248;11;49;60.627;6.37
1249;11;49;71.915;7.09
1250;11;50;57.499;24.15
1251;11;51;55.522;18.67
1252;11;51;66.174;13.48
1253;11;51;52.257;13.8
1254;11;52;119.966;4.79
1255;11;53;127.252;24.37
1256;11;54;65.874;12.8
1257;11;54;81.739;20.42
1258;11;54;65.842;16.48
1259;11;55;96.71;17.63
1260;11;55;96.708;4.28
1261;11;56;31.922;1.6
1262;11;56;34.245;16.17
1263;11;56;34.467;5.75
1264;11;57;42.748;20.7
1265;11;58;64.724;24.68
1266;11;58;55.234;23.22
1267;11;59;74.442;18.6
1268;11;59;66.249;5.18
1269;11;59;87.665;17.37
1270;12;13;53.965;9.24
1271;12;14;71.81;23.09
1272;12;14;65.346;22.34
1273;12;15;30.314;14.92
1274;12;15;23.426;6.88
1275;12;15;30.029;2.45
1276;12;16;29.821;10.0
1277;12;16;26.311;24.41
1278;12;16;26.731;0.44
1279;12;17;9.344;21.15
1280;12;18;32.62;7.85
1281;12;18;32.651;21.22
1282;12;18;35.268;13.88
1283;12;19;46.481;13.08
1284;12;20;6.869;8.0
1285;12;21;95.389;16.57
1286;12;21;106.814;6.58
1287;12;21;112.155;1.93
1288;12;22;35.299;0.09
1289;12;22;36.321;14.55
1290;12;23;72.778;2.11
1291;12;23;89.326;0.35
1292;12;24;21.487;17.12
1293;12;24;25.987;14.05
1294;12;24;16.879;11.33
1295;12;25;15.801;13.67
1296;12;26;59.384;24.94
1297;12;26;54.399;1.68
1298;12;26;58.82;24.53
1299;12;27;22.821;14.61
1300;12;28;31.063;1.23
1301;12;28;36.415;23.53
1302;12;28;26.146;14.08
1303;12;29;47.282;0.44
1304;12;29;55.394;16.0
1305;12;29;43.343;4.03
1306;12;30;10.905;24.67
1307;12;31;83.027;11.54
1308;12;32;52.078;10.12
1309;12;33;12.156;5.74
1310;12;33;11.574;1.18
1311;12;34;19.811;17.9
1312;12;35;17.705;15.86
1313;12;35;19.067;5.78
1314;12;36;12.858;18.52
1315;12;36;14.798;17.74
1316;12;37;9.587;15.1
1317;12;37;10.538;16.91
1318;12;37;11.168;22.39
1319;12;38;42.507;0.56
1320;12;39;36.496;12.96
1321;12;40;6.533;0.15
1322;12;41;80.865;22.35
1323;12;41;80.097;13.5
1324;12;41;66.349;24.22
1325;12;42;92.838;11.03
1326;12;42;81.302;23.02
1327;12;43;15.128;7.71
1328;12;43;15.775;23.12
1329;12;43;17.291;7.98
1330;12;44;46.777;23.88
1331;12;45;91.617;19.63
1332;12;45;72.455;8.54
1333;12;45;104.087;14.68
1334;12;46;40.482;4.89
1335;12;47;47.551;1.55
1336;12;48;10.797;11.01
1337;12;48;8.286;20.17
1338;12;48;8.511;3.33
1339;12;49;14.255;12.7
1340;12;49;14.149;16.27
1341;12;49;10.693;24.41
1342;12;50;23.871;3.98
1343;12;50;24.031;5.23
1344;12;50;20.813;12.22
1345;12;51;4.283;17.25
1346;12;51;4.679;16.05
1347;12;51;4.772;10.2
1348;12;52;88.33;6.16
1349;12;52;104.14;20.43
1350;12;53;110.188;1.71
1351;12;53;124.761;23.75
1352;12;54;13.466;0.26
1353;12;54;16.181;5.08
1354;12;54;10.412;3.32
1355;12;55;48.127;12.18
1356;12;55;42.699;11.95
1357;12;56;21.026;9.01
1358;12;57;12.0;5.07
1359;12;57;11.969;11.79
1360;12;57;10.777;21.33
1361;12;58;21.41;7.83
1362;12;58;20.391;1.29
1363;12;59;22.688;16.4
1364;12;59;18.596;16.07
1365;12;59;21.759;24.89
1366;13;14;78.233;19.48
1367;13;15;48.521;18.62
1368;13;15;45.513;7.27
1369;13;16;45.399;19.03
1370;13;16;45.227;4.5
1371;13;17;61.346;15.72
1372;13;18;45.714;13.5
1373;13;18;46.493;19.96
1374;13;18;40.267;1.27
1375;13;19;8.115;21.65
1376;13;19;7.028;23.17
1377;13;19;8.106;13.44
1378;13;20;51.362;11.55
1379;13;21;96.25;15.88
1380;13;21;105.981;13.6
1381;13;22;88.195;15.54
1382;13;22;85.325;21.7
1383;13;23;88.825;19.9
1384;13;24;33.346;22.44
1385;13;24;35.92;20.28
1386;13;24;37.827;23.72
1387;13;25;38.857;17.96
1388;13;25;48.45;22.28
1389;13;25;34.354;13.97
1390;13;26;59.672;20.54
1391;13;26;46.176;7.69
1392;13;27;43.076;12.55
1393;13;28;82.719;5.38
1394;13;29;8.722;23.51
1395;13;29;7.482;21.03
1396;13;29;7.945;23.74
1397;13;30;47.793;19.46
1398;13;30;51.096;16.77
1399;13;31;86.713;0.21
1400;13;32;11.417;19.9
1401;13;33;47.138;11.15
1402;13;34;36.232;9.0
1403;13;34;32.346;3.34
1404;13;35;45.011;15.69
1405;13;35;43.457;18.92
1406;13;36;46.546;2.18
1407;13;36;58.136;6.69
1408;13;36;42.618;0.97
1409;13;37;60.129;14.51
1410;13;37;50.52;21.04
1411;13;38;51.67;11.46
1412;13;38;63.623;15.93
1413;13;38;50.309;9.66
1414;13;39;51.562;2.47
1415;13;39;50.922;14.83
1416;13;39;51.885;21.35
1417;13;40;52.231;22.46
1418;13;40;44.786;0.66
1419;13;41;37.419;6.48
1420;13;41;30.47;17.52
1421;13;41;43.639;17.81
1422;13;42;112.573;9.29
1423;13;42;99.72;23.29
1424;13;43;43.259;11.2
1425;13;43;51.211;5.18
1426;13;44;7.39;24.05
1427;13;44;9.215;14.94
1428;13;44;8.943;18.2
1429;13;45;47.049;4.83
1430;13;45;47.151;8.22
1431;13;46;88.799;22.35
1432;13;47;12.926;2.24
1433;13;47;10.351;20.97
1434;13;48;44.173;22.88
1435;13;48;55.025;13.09
1436;13;48;42.356;1.81
1437;13;49;55.091;20.65
1438;13;49;42.965;4.27
1439;13;49;68.839;16.08
1440;13;50;50.669;3.6
1441;13;51;50.094;20.99
1442;13;52;62.487;20.59
1443;13;52;63.893;13.05
1444;13;53;97.726;23.61
1445;13;53;113.997;3.77
1446;13;53;122.027;3.83
1447;13;54;41.294;23.73
1448;13;55;11.193;12.39
1449;13;55;13.563;6.48
1450;13;56;74.701;19.9
1451;13;56;76.925;24.28
1452;13;56;90.014;8.98
1453;13;57;61.902;4.62
1454;13;58;40.99;6.56
1455;13;59;31.387;20.28
1456;13;59;23.91;14.49
1457;13;59;29.497;5.95
1458;14;15;42.679;6.27
1459;14;16;44.461;5.96
1460;14;16;37.486;5.21
1461;14;17;79.672;8.11
1462;14;17;62.852;14.88
1463;14;18;41.967;11.31
1464;14;18;45.348;22.61
1465;14;19;77.761;17.05
1466;14;19;91.087;23.33
1467;14;19;76.977;7.5
1468;14;20;65.084;24.89
1469;14;20;64.166;23.98
1470;14;21;23.616;22.33
1471;14;21;21.084;13.38
1472;14;22;78.008;9.52
1473;14;22;86.621;16.88
1474;14;23;15.436;19.34
1475;14;24;64.83;19.71
1476;14;24;57.159;18.95
1477;14;25;73.478;22.37
1478;14;25;73.414;18.71
1479;14;26;18.562;15.67
1480;14;27;52.091;10.58
1481;14;27;48.869;23.87
1482;14;28;71.407;23.0
1483;14;28;67.843;12.82
1484;14;29;70.48;15.89
1485;14;29;87.835;19.56
1486;14;29;73.82;21.98
1487;14;30;62.083;20.31
1488;14;30;63.042;10.73
1489;14;30;66.74;3.53
1490;14;31;11.221;14.54
1491;14;32;86.948;10.98
1492;14;32;72.356;17.85
1493;14;33;61.024;2.14
1494;14;33;53.7;18.96
1495;14;33;50.835;7.92
1496;14;34;62.303;18.13
1497;14;35;56.153;15.02
1498;14;35;52.379;11.73
1499;14;36;60.572;14.21
1500;14;36;46.747;8.66
1501;14;37;66.166;4.54
1502;14;37;76.921;16.93
1503;14;37;78.391;2.59
1504;14;38;31.488;9.71
1505;14;39;36.251;12.12
1506;14;39;39.067;23.71
1507;14;39;43.118;24.71
1508;14;40;65.297;4.08
1509;14;40;66.698;9.77
1510;14;40;67.668;19.52
1511;14;41;68.286;10.16
1512;14;41;55.405;20.14
1513;14;41;61.695;12.38
1514;14;42;36.555;4.72
1515;14;42;40.485;13.04
1516;14;42;32.687;2.81
1517;14;43;60.322;18.13
1518;14;43;52.193;11.82
1519;14;43;73.957;12.56
1520;14;44;73.718;19.1
1521;14;45;74.18;7.06
1522;14;45;61.881;24.04
1523;14;45;67.399;12.96
1524;14;46;65.379;3.19
1525;14;46;77.819;2.59
1526;14;46;59.366;7.97
1527;14;47;84.844;5.93
1528;14;47;94.02;21.86
1529;14;48;74.055;12.19
1530;14;48;76.616;12.25
1531;14;49;85.51;16.35
1532;14;49;66.227;5.52
1533;14;49;81.169;11.15
1534;14;50;48.15;8.6
1535;14;51;69.201;1.88
1536;14;51;72.598;11.65
1537;14;52;45.693;10.19
1538;14;53;43.343;12.98
1539;14;53;33.584;4.95
1540;14;53;53.43;5.75
1541;14;54;73.669;16.1
1542;14;54;55.778;9.33
1543;14;54;55.682;9.71
1544;14;55;67.214;0.54
1545;14;55;55.006;4.16
1546;14;55;60.335;16.02
1547;14;56;75.991;2.88
1548;14;56;82.172;13.31
1549;14;56;61.228;19.76
1550;14;57;64.996;8.69
1551;14;58;54.959;1.75
1552;14;58;47.388;16.92
1553;14;59;71.35;16.38
1554;15;16;3.134;24.37
1555;15;16;3.068;8.52
1556;15;17;39.115;22.6
1557;15;17;42.23;7.26
1558;15;18;3.827;4.21
1559;15;19;44.354;17.72
1560;15;20;23.447;2.65
1561;15;20;22.965;17.87
1562;15;20;18.318;3.13
1563;15;21;65.94;8.46
1564;15;21;74.291;11.5
1565;15;22;49.88;15.65
1566;15;22;51.454;19.19
1567;15;23;46.911;2.73
1568;15;24;23.466;10.77
1569;15;24;22.442;7.68
1570;15;25;31.014;6.97
1571;15;26;29.071;13.93
1572;15;26;25.115;14.58
1573;15;26;26.043;12.38
1574;15;27;9.569;21.72
1575;15;28;43.031;13.06
1576;15;28;49.122;16.63
1577;15;29;39.813;23.94
1578;15;29;43.699;7.38
1579;15;30;19.813;1.67
1580;15;30;16.051;15.77
1581;15;31;53.755;22.17
1582;15;32;53.226;22.03
1583;15;32;55.313;4.67
1584;15;33;18.66;24.18
1585;15;33;21.206;3.21
1586;15;33;21.574;15.71
1587;15;34;20.413;13.68
1588;15;34;18.361;0.96
1589;15;35;13.515;21.31
1590;15;35;13.806;11.58
1591;15;36;18.125;22.04
1592;15;36;13.764;7.2
1593;15;36;18.219;9.27
1594;15;37;27.339;21.51
1595;15;37;21.964;9.8
1596;15;37;20.96;24.43
1597;15;38;12.194;0.89
1598;15;39;6.439;20.05
1599;15;40;23.863;0.06
1600;15;40;25.934;24.84
1601;15;41;61.055;20.1
1602;15;41;58.301;11.25
1603;15;42;69.552;19.11
1604;15;42;86.142;22.64
1605;15;43;17.643;9.76
1606;15;43;16.317;20.86
1607;15;43;20.429;1.19
1608;15;44;41.726;0.05
1609;15;45;71.126;17.64
1610;15;46;44.586;2.18
1611;15;46;33.885;12.89
1612;15;47;49.77;1.47
1613;15;47;51.875;8.93
1614;15;47;51.241;15.81
1615;15;48;31.379;19.78
1616;15;48;32.564;20.25
1617;15;48;24.082;11.91
1618;15;49;43.266;10.28
1619;15;49;49.732;5.54
1620;15;50;7.038;6.74
1621;15;50;8.344;23.3
1622;15;50;6.879;2.73
1623;15;51;27.111;15.42
1624;15;51;30.956;15.1
1625;15;51;21.077;16.9
1626;15;52;60.417;12.77
1627;15;52;50.334;13.15
1628;15;53;79.877;3.86
1629;15;53;82.813;9.35
1630;15;54;31.042;0.52
1631;15;55;38.15;13.58
1632;15;55;42.508;12.45
1633;15;56;41.281;24.42
1634;15;56;43.62;18.49
1635;15;56;49.017;14.42
1636;15;57;27.199;6.69
1637;15;57;31.826;17.72
1638;15;57;26.435;19.15
1639;15;58;12.608;16.38
1640;15;58;13.456;3.71
1641;15;58;15.073;15.73
1642;15;59;30.107;5.19
1643;15;59;32.874;18.56
1644;16;17;38.871;14.66
1645;16;17;43.46;6.5
1646;16;18;2.805;6.52
1647;16;19;41.226;5.9
1648;16;19;43.177;12.86
1649;16;20;23.02;14.32
1650;16;20;23.089;17.45
1651;16;20;27.414;8.64
1652;16;21;67.493;23.56
1653;16;22;51.627;16.94
1654;16;22;44.153;13.64
1655;16;22;42.7;8.87
1656;16;23;49.42;4.1
1657;16;23;38.707;11.95
1658;16;24;20.912;11.93
1659;16;24;24.101;2.43
1660;16;25;29.019;16.77
1661;16;25;30.352;8.05
1662;16;25;24.265;15.92
1663;16;26;29.895;16.16
1664;16;27;7.708;14.28
1665;16;27;7.774;22.44
1666;16;28;44.869;20.54
1667;16;28;51.299;9.23
1668;16;29;36.695;15.82
1669;16;29;36.857;7.2
1670;16;30;19.032;15.07
1671;16;31;55.425;1.82
1672;16;31;46.225;22.71
1673;16;32;50.115;9.76
1674;16;32;47.264;18.29
1675;16;32;58.389;6.68
1676;16;33;17.815;19.66
1677;16;34;18.034;0.11
1678;16;34;14.099;6.13
1679;16;34;17.837;3.03
1680;16;35;12.365;13.66
1681;16;35;11.877;22.43
1682;16;35;11.808;12.79
1683;16;36;17.198;14.5
1684;16;36;14.733;9.94
1685;16;36;17.592;9.01
1686;16;37;27.854;5.73
1687;16;37;24.821;23.46
1688;16;37;31.738;24.17
1689;16;38;13.258;12.12
1690;16;39;8.447;8.11
1691;16;39;8.567;13.21
1692;16;40;23.534;18.06
1693;16;41;58.791;13.07
1694;16;42;72.263;18.82
1695;16;42;60.281;5.03
1696;16;43;16.173;2.46
1697;16;43;15.447;3.51
1698;16;44;38.592;21.92
1699;16;44;39.135;15.73
1700;16;44;45.458;5.06
1701;16;45;68.988;11.79
1702;16;45;71.641;9.27
1703;16;46;47.031;6.41
1704;16;46;55.337;1.82
1705;16;47;46.687;10.43
1706;16;47;39.991;5.38
1707;16;48;29.834;19.46
1708;16;48;25.302;3.71
1709;16;49;42.222;18.6
1710;16;49;44.487;24.16
1711;16;50;8.136;2.25
1712;16;50;7.82;5.38
1713;16;50;7.347;5.09
1714;16;51;26.329;20.85
1715;16;52;59.626;7.12
1716;16;52;63.174;20.71
1717;16;52;69.868;1.18
1718;16;53;80.533;3.71
1719;16;54;29.249;8.18
1720;16;54;28.418;8.8
1721;16;54;33.575;10.28
1722;16;55;35.073;24.36
1723;16;55;37.258;18.79
1724;16;55;40.587;4.15
1725;16;56;42.323;11.91
1726;16;56;33.077;9.34
1727;16;57;27.982;15.05
1728;16;57;26.623;5.89
1729;16;57;34.785;13.54
1730;16;58;10.498;5.21
1731;16;58;10.571;17.98
1732;16;58;8.02;20.8
1733;16;59;27.562;24.68
1734;16;59;20.7;7.85
1735;16;59;21.307;2.58
1736;17;18;41.651;6.91
1737;17;18;41.691;21.07
1738;17;19;53.562;21.91
1739;17;19;53.914;15.93
1740;17;20;15.879;5.11
1741;17;20;15.895;11.47
1742;17;21;103.288;18.51
1743;17;21;86.156;9.18
1744;17;22;31.508;1.01
1745;17;23;79.455;9.04
1746;17;23;82.204;18.26
1747;17;24;30.057;6.64
1748;17;24;24.931;15.0
1749;17;25;22.49;19.49
1750;17;25;18.974;12.51
1751;17;26;68.108;15.39
1752;17;26;84.087;8.5
1753;17;27;32.075;9.8
1754;17;27;38.2;4.73
1755;17;28;28.986;14.36
1756;17;28;31.005;3.61
1757;17;28;32.306;3.85
1758;17;29;55.244;1.11
1759;17;29;42.528;13.24
1760;17;29;47.236;12.86
1761;17;30;20.174;5.28
1762;17;30;22.6;10.54
1763;17;31;90.886;5.74
1764;17;31;76.365;1.59
1765;17;32;58.187;16.67
1766;17;32;59.105;5.87
1767;17;32;63.947;23.85
1768;17;33;21.427;13.68
1769;17;33;20.935;22.05
1770;17;34;28.791;17.5
1771;17;34;27.592;6.85
1772;17;34;27.155;8.6
1773;17;35;26.949;9.74
1774;17;36;22.147;10.03
1775;17;36;20.307;14.72
1776;17;36;19.595;13.33
1777;17;37;13.908;6.95
1778;17;38;51.253;16.82
1779;17;38;43.013;22.98
1780;17;38;38.792;0.08
1781;17;39;45.11;14.47
1782;17;39;52.813;13.41
1783;17;40;15.337;11.16
1784;17;40;17.754;20.54
1785;17;41;89.796;4.43
1786;17;41;75.24;20.32
1787;17;41;106.011;23.13
1788;17;42;98.397;1.83
1789;17;42;84.641;24.58
1790;17;43;24.469;24.85
1791;17;43;26.066;1.89
1792;17;44;54.375;2.61
1793;17;44;41.796;15.59
1794;17;45;100.562;19.27
1795;17;45;123.045;16.42
1796;17;46;40.1;7.22
1797;17;47;53.639;16.57
1798;17;48;17.176;6.87
1799;17;48;13.675;17.59
1800;17;48;17.826;0.59
1801;17;49;11.285;23.8
1802;17;49;9.978;4.04
1803;17;50;32.395;12.18
1804;17;50;33.0;16.83
1805;17;50;26.06;20.16
1806;17;51;13.506;11.84
1807;17;52;97.657;6.58
1808;17;52;83.322;24.51
1809;17;52;107.976;11.43
1810;17;53;118.921;0.79
1811;17;53;120.361;17.64
1812;17;53;97.736;14.25
1813;17;54;20.053;0.13
1814;17;55;56.412;2.19
1815;17;55;48.003;2.59
1816;17;56;16.954;2.1
1817;17;57;15.711;9.42
1818;17;57;16.574;16.36
1819;17;57;14.532;14.96
1820;17;58;30.749;9.09
1821;17;59;30.026;15.3
1822;17;59;24.332;3.2
1823;18;19;41.989;19.25
1824;18;19;42.142;24.26
1825;18;19;48.641;13.17
1826;18;20;25.811;8.73
1827;18;21;64.881;21.34
1828;18;21;50.387;13.22
1829;18;21;57.534;11.91
1830;18;22;53.636;11.16
1831;18;22;60.12;21.68
1832;18;23;47.454;3.82
1833;18;23;48.901;10.44
1834;18;24;23.066;4.15
1835;18;25;31.539;23.45
1836;18;26;27.123;11.99
1837;18;27;10.416;2.95
1838;18;28;46.809;12.64
1839;18;28;39.179;20.76
1840;18;28;45.656;5.62
1841;18;29;36.992;17.43
1842;18;30;21.837;23.32
1843;18;31;52.867;20.74
1844;18;31;59.319;12.32
1845;18;32;51.015;11.37
1846;18;33;20.62;9.33
1847;18;34;20.363;7.7
1848;18;34;20.468;15.1
1849;18;35;15.161;17.55
1850;18;36;20.0;18.7
1851;18;36;18.296;17.1
1852;18;37;30.462;1.95
1853;18;37;33.675;19.59
1854;18;38;10.597;9.56
1855;18;38;11.225;21.49
1856;18;38;12.704;0.94
1857;18;39;6.496;1.54
1858;18;40;26.316;21.99
1859;18;40;26.893;22.67
1860;18;41;57.236;11.64
1861;18;41;44.321;9.95
1862;18;41;71.539;11.56
1863;18;42;70.514;5.59
1864;18;42;63.57;21.32
1865;18;42;70.474;20.27
1866;18;43;18.914;15.06
1867;18;43;23.414;19.29
1868;18;43;23.211;15.67
1869;18;44;39.112;14.14
1870;18;45;67.299;18.08
1871;18;45;77.578;14.76
1872;18;46;48.392;0.47
1873;18;46;56.342;1.58
1874;18;46;55.661;6.75
1875;18;47;47.753;7.66
1876;18;47;56.922;22.74
1877;18;48;32.527;0.88
1878;18;48;27.63;19.4
1879;18;48;36.884;0.73
1880;18;49;45.004;15.81
1881;18;49;37.845;21.25
1882;18;49;46.867;2.57
1883;18;50;10.41;4.27
1884;18;50;7.901;9.43
1885;18;51;29.133;9.94
1886;18;51;23.436;3.35
1887;18;52;57.058;9.73
1888;18;52;67.196;3.48
1889;18;52;53.806;16.64
1890;18;53;77.733;0.18
1891;18;53;68.159;15.46
1892;18;53;88.118;18.06
1893;18;54;31.859;19.64
1894;18;54;24.112;24.25
1895;18;54;30.261;22.36
1896;18;55;35.111;18.84
1897;18;56;44.741;21.87
1898;18;56;37.661;7.42
1899;18;57;30.495;12.67
1900;18;57;36.809;3.68
1901;18;58;13.071;18.29
1902;18;58;13.278;13.99
1903;18;58;11.572;2.3
1904;18;59;29.69;7.46
1905;18;59;28.269;22.54
1906;19;20;44.356;8.32
1907;19;20;52.681;19.85
1908;19;20;34.292;20.02
1909;19;21;97.123;9.75
1910;19;21;116.121;9.59
1911;19;22;81.132;23.81
1912;19;23;87.213;4.51
1913;19;23;103.247;4.89
1914;19;24;26.558;18.59
1915;19;24;25.547;6.11
1916;19;24;20.418;20.02
1917;19;25;31.099;0.67
1918;19;25;26.251;6.9
1919;19;26;59.345;16.12
1920;19;26;66.223;24.76
1921;19;27;37.779;22.3
1922;19;28;75.887;4.84
1923;19;28;63.641;17.62
1924;19;28;79.991;0.83
1925;19;29;8.171;0.12
1926;19;30;41.065;12.19
1927;19;31;86.923;4.9
1928;19;31;75.356;17.48
1929;19;32;9.263;13.81
1930;19;33;40.525;8.5
1931;19;33;35.045;16.42
1932;19;34;29.708;21.86
1933;19;34;33.308;15.77
1934;19;34;26.392;9.52
1935;19;35;39.024;15.42
1936;19;35;33.939;18.1
1937;19;35;30.312;8.24
1938;19;36;39.989;14.44
1939;19;36;49.671;16.38
1940;19;36;37.251;14.36
1941;19;37;53.131;9.81
1942;19;38;49.264;22.63
1943;19;38;38.223;19.39
1944;19;39;48.206;8.45
1945;19;40;45.212;18.4
1946;19;41;44.275;13.15
1947;19;41;50.829;5.97
1948;19;41;44.232;4.85
1949;19;42;110.894;7.6
1950;19;42;111.93;7.98
1951;19;43;36.786;23.38
1952;19;43;44.936;22.54
1953;19;44;4.525;3.29
1954;19;45;54.294;18.96
1955;19;45;58.086;3.66
1956;19;46;82.57;3.07
1957;19;46;62.878;22.37
1958;19;46;93.875;20.63
1959;19;47;7.56;10.37
1960;19;48;36.426;13.0
1961;19;49;47.029;4.02
1962;19;49;46.838;7.27
1963;19;49;41.109;7.68
1964;19;50;45.54;8.71
1965;19;51;42.744;9.28
1966;19;51;44.225;8.24
1967;19;51;44.036;23.27
1968;19;52;66.847;14.09
1969;19;52;59.478;6.18
1970;19;53;100.696;14.01
1971;19;53;93.823;23.44
1972;19;53;118.443;4.99
1973;19;54;33.543;5.86
1974;19;54;25.855;15.99
1975;19;54;33.477;3.87
1976;19;55;11.922;3.08
1977;19;55;14.382;0.63
1978;19;55;12.841;11.74
1979;19;56;67.379;2.76
1980;19;57;55.02;8.56
1981;19;57;52.682;1.13
1982;19;58;35.365;0.39
1983;19;58;29.403;21.93
1984;19;59;23.796;11.22
1985;20;21;88.638;6.72
1986;20;22;36.834;4.53
1987;20;22;45.234;12.48
1988;20;22;35.447;5.58
1989;20;23;66.528;3.42
1990;20;24;18.039;11.22
1991;20;25;15.946;14.44
1992;20;25;15.036;11.6
1993;20;25;15.217;10.86
1994;20;26;52.517;6.4
1995;20;26;48.03;5.99
1996;20;26;62.018;19.17
1997;20;27;16.247;5.07
1998;20;27;19.628;3.64
1999;20;28;31.563;13.61
2000;20;29;44.025;17.66
2001;20;29;37.516;15.63
2002;20;30;4.534;25.0
2003;20;31;76.293;24.19
2004;20;32;50.916;21.94
2005;20;33;5.739;15.22
2006;20;33;6.699;11.24
2007;20;33;5.112;5.48
2008;20;34;15.512;16.38
2009;20;34;13.204;0.45
2010;20;35;11.129;5.6
2011;20;35;13.504;11.25
2012;20;36;6.494;13.46
2013;20;36;7.266;10.63
2014;20;37;8.778;3.16
2015;20;37;7.399;2.29
2016;20;38;35.639;16.9
2017;20;38;39.793;4.52
2018;20;39;29.633;16.38
2019;20;40;0.875;7.45
2020;20;40;1.026;18.17
2021;20;41;75.867;17.63
2022;20;42;87.104;16.21
2023;20;43;9.394;14.69
2024;20;44;44.013;20.1
2025;20;44;44.633;2.7
2026;20;45;86.565;8.68
2027;20;45;66.97;16.83
2028;20;46;39.319;15.88
2029;20;46;45.018;5.44
2030;20;46;33.805;18.38
2031;20;47;46.495;0.62
2032;20;48;12.458;11.62
2033;20;48;13.284;22.2
2034;20;48;12.232;6.5
2035;20;49;20.547;19.37
2036;20;49;18.951;14.92
2037;20;50;17.038;4.61
2038;20;51;4.52;14.72
2039;20;51;4.261;22.76
2040;20;51;5.407;18.44
2041;20;52;81.905;2.53
2042;20;52;82.88;6.52
2043;20;52;97.174;23.45
2044;20;53;103.323;1.53
2045;20;54;14.185;3.46
2046;20;54;12.757;4.85
2047;20;55;44.393;4.1
2048;20;55;50.945;9.08
2049;20;56;23.694;12.64
2050;20;56;19.262;23.92
2051;20;57;10.724;12.1
2052;20;57;8.065;23.83
2053;20;58;15.219;2.55
2054;20;58;15.893;12.9
2055;20;58;15.833;23.06
2056;20;59;21.172;21.16
2057;20;59;21.501;6.38
2058;20;59;24.676;14.95
2059;21;22;100.154;18.33
2060;21;22;90.11;20.54
2061;21;23;29.586;5.94
2062;21;24;87.307;5.81
2063;21;24;100.056;16.47
2064;21;25;96.388;2.37
2065;21;25;99.898;5.12
2066;21;26;38.888;6.02
2067;21;26;42.07;24.96
2068;21;27;75.189;1.68
2069;21;27;69.298;3.55
2070;21;27;89.677;14.53
2071;21;28;93.798;23.8
2072;21;28;100.293;17.66
2073;21;29;89.327;1.84
2074;21;29;101.512;9.79
2075;21;30;85.535;2.23
2076;21;30;76.044;18.11
2077;21;31;12.409;24.36
2078;21;31;13.517;3.07
2079;21;32;106.029;14.57
2080;21;32;82.966;23.31
2081;21;33;84.45;3.67
2082;21;33;91.986;1.66
2083;21;34;85.017;12.02
2084;21;35;79.454;8.46
2085;21;35;98.972;15.19
2086;21;35;85.276;19.15
2087;21;36;83.972;1.92
2088;21;36;96.898;1.43
2089;21;37;89.762;17.87
2090;21;38;54.287;7.37
2091;21;39;59.503;19.31
2092;21;40;88.868;8.08
2093;21;41;78.109;0.5
2094;21;41;69.611;21.33
2095;21;41;70.055;8.86
2096;21;42;36.032;13.55
2097;21;42;30.196;3.75
2098;21;43;83.549;14.51
2099;21;43;84.535;7.15
2100;21;44;92.806;22.79
2101;21;44;82.073;16.29
2102;21;45;81.135;11.37
2103;21;45;87.203;3.6
2104;21;46;86.607;16.1
2105;21;46;93.916;17.24
2106;21;46;102.411;5.77
2107;21;47;104.517;8.13
2108;21;47;116.689;7.68
2109;21;48;97.279;16.64
2110;21;48;110.913;4.73
2111;21;49;109.004;3.93
2112;21;49;114.18;1.58
2113;21;50;71.655;2.72
2114;21;50;55.15;20.92
2115;21;51;92.705;18.19
2116;21;51;92.991;18.27
2117;21;51;103.202;16.29
2118;21;52;48.204;6.93
2119;21;52;38.123;19.81
2120;21;52;49.212;16.02
2121;21;53;26.173;11.96
2122;21;53;31.813;1.84
2123;21;53;30.889;1.96
2124;21;54;96.735;13.75
2125;21;54;118.494;19.78
2126;21;54;90.574;21.96
2127;21;55;85.776;23.5
2128;21;55;76.122;22.72
2129;21;55;72.202;6.98
2130;21;56;99.191;15.11
2131;21;56;85.339;23.5
2132;21;56;117.769;8.6
2133;21;57;88.556;11.83
2134;21;58;77.95;1.08
2135;21;59;93.673;24.96
2136;21;59;110.536;5.38
2137;21;59;72.597;12.49
2138;22;23;71.704;21.2
2139;22;23;84.906;17.64
2140;22;23;89.196;18.2
2141;22;24;54.858;9.59
2142;22;24;46.397;21.83
2143;22;25;51.076;22.22
2144;22;26;73.446;4.36
2145;22;27;48.598;24.08
2146;22;28;7.003;5.31
2147;22;29;80.739;24.96
2148;22;29;88.471;1.2
2149;22;30;40.544;17.08
2150;22;30;33.976;0.66
2151;22;31;88.29;11.68
2152;22;32;87.263;18.32
2153;22;32;103.825;22.92
2154;22;32;103.864;19.17
2155;22;33;41.339;6.84
2156;22;33;43.241;8.07
2157;22;33;33.694;12.96
2158;22;34;52.136;14.26
2159;22;34;39.284;3.13
2160;22;34;54.68;18.61
2161;22;35;44.744;3.52
2162;22;35;42.607;18.96
2163;22;36;42.003;8.37
2164;22;36;31.894;23.8
2165;22;37;28.068;24.84
2166;22;37;28.915;2.1
2167;22;37;25.082;2.51
2168;22;38;59.077;11.79
2169;22;38;72.521;2.11
2170;22;38;54.979;3.33
2171;22;39;53.186;14.53
2172;22;39;57.342;23.95
2173;22;39;54.659;16.54
2174;22;40;35.967;17.2
2175;22;41;110.013;22.0
2176;22;41;96.963;10.16
2177;22;42;84.42;2.34
2178;22;42;95.332;1.43
2179;22;43;45.33;6.99
2180;22;43;39.869;5.12
2181;22;44;80.84;0.46
2182;22;44;73.981;3.94
2183;22;45;120.412;7.6
2184;22;45;122.625;2.71
2185;22;46;15.393;12.79
2186;22;46;14.074;1.57
2187;22;47;82.759;16.47
2188;22;48;46.073;10.59
2189;22;48;47.366;9.02
2190;22;49;42.571;19.51
2191;22;49;32.538;12.87
2192;22;50;43.515;17.63
2193;22;50;48.122;4.1
2194;22;50;36.952;18.16
2195;22;51;38.565;13.25
2196;22;52;109.185;15.03
2197;22;52;135.193;4.88
2198;22;52;105.661;1.52
2199;22;53;121.076;21.85
2200;22;53;148.907;21.48
2201;22;54;48.763;7.84
2202;22;55;80.849;4.74
2203;22;55;86.38;8.82
2204;22;55;62.003;18.24
2205;22;56;14.648;17.82
2206;22;56;16.513;10.28
2207;22;57;26.392;13.95
2208;22;57;31.258;10.38
2209;22;57;21.989;14.3
2210;22;58;49.336;11.06
2211;22;58;46.861;9.1
2212;22;59;57.583;12.43
2213;22;59;49.015;13.84
2214;23;24;70.322;3.82
2215;23;24;71.354;2.52
2216;23;24;56.226;14.14
2217;23;25;77.629;21.73
2218;23;25;74.535;17.87
2219;23;25;72.768;21.05
2220;23;26;30.799;3.99
2221;23;26;34.812;9.59
2222;23;27;56.41;11.2
2223;23;27;62.397;3.26
2224;23;28;65.697;4.71
2225;23;28;57.496;4.99
2226;23;29;80.577;4.28
2227;23;29;85.179;15.83
2228;23;30;64.413;10.91
2229;23;30;67.143;4.29
2230;23;30;79.109;7.25
2231;23;31;19.736;2.7
2232;23;31;16.389;9.5
2233;23;32;96.476;21.96
2234;23;32;92.081;21.8
2235;23;32;105.146;4.15
2236;23;33;63.546;9.37
2237;23;33;66.699;15.0
2238;23;34;67.324;8.65
2239;23;34;70.551;13.64
2240;23;34;80.682;6.79
2241;23;35;59.499;4.67
2242;23;35;46.509;10.03
2243;23;35;67.889;17.45
2244;23;36;63.257;16.79
2245;23;37;65.552;7.05
2246;23;38;38.213;6.73
2247;23;38;39.392;2.86
2248;23;39;41.023;5.5
2249;23;39;45.12;17.68
2250;23;40;66.538;14.28
2251;23;41;82.793;4.09
2252;23;42;23.748;16.61
2253;23;42;22.24;2.78
2254;23;43;63.818;14.64
2255;23;43;70.985;3.16
2256;23;43;71.922;24.57
2257;23;44;83.52;11.2
2258;23;44;76.493;3.68
2259;23;45;89.19;21.06
2260;23;46;57.561;14.49
2261;23;46;44.154;24.2
2262;23;46;65.433;16.92
2263;23;47;93.842;22.3
2264;23;47;88.87;21.29
2265;23;48;77.149;12.02
2266;23;48;90.333;0.81
2267;23;49;86.982;19.95
2268;23;49;93.561;11.26
2269;23;49;93.579;22.35
2270;23;50;50.703;9.62
2271;23;51;70.959;13.23
2272;23;52;61.12;20.41
2273;23;52;47.161;16.07
2274;23;52;71.503;5.7
2275;23;53;54.132;13.08
2276;23;54;77.337;10.67
2277;23;54;76.761;13.3
2278;23;55;77.637;13.13
2279;23;55;94.164;21.23
2280;23;55;70.205;4.08
2281;23;56;72.564;17.57
2282;23;56;61.147;1.03
2283;23;57;63.918;18.03
2284;23;57;72.065;14.85
2285;23;58;59.493;14.71
2286;23;59;76.973;22.26
2287;23;59;68.887;13.73
2288;23;59;92.531;8.23
2289;24;25;10.342;23.55
2290;24;26;48.658;23.11
2291;24;26;49.172;12.91
2292;24;26;52.231;18.04
2293;24;27;14.274;21.22
2294;24;27;15.078;23.82
2295;24;27;15.776;20.91
2296;24;28;49.405;11.58
2297;24;28;57.307;23.53
2298;24;29;26.038;0.15
2299;24;30;14.514;13.39
2300;24;30;12.449;17.8
2301;24;31;75.54;0.33
2302;24;31;59.569;19.27
2303;24;32;33.83;17.82
2304;24;33;13.977;22.11
2305;24;34;3.511;18.24
2306;24;34;4.154;7.88
2307;24;35;13.365;10.76
2308;24;35;11.488;11.29
2309;24;36;13.464;22.38
2310;24;36;12.429;16.59
2311;24;37;26.79;17.66
2312;24;38;33.349;12.04
2313;24;38;29.546;22.9
2314;24;38;31.792;14.45
2315;24;39;29.347;18.98
2316;24;40;18.911;19.45
2317;24;40;15.156;21.73
2318;24;41;59.819;10.53
2319;24;42;93.003;2.83
2320;24;42;83.877;24.39
2321;24;43;10.358;10.39
2322;24;43;11.709;2.86
2323;24;44;25.983;0.02
2324;24;45;70.59;9.37
2325;24;46;56.101;8.14
2326;24;46;60.304;14.87
2327;24;46;59.858;5.29
2328;24;47;29.628;1.29
2329;24;47;28.206;5.53
2330;24;47;30.088;20.98
2331;24;48;14.098;10.53
2332;24;49;27.724;17.64
2333;24;49;29.492;21.78
2334;24;49;21.098;15.74
2335;24;50;21.558;14.4
2336;24;50;18.326;10.3
2337;24;50;20.346;19.26
2338;24;51;17.313;4.29
2339;24;51;14.838;14.4
2340;24;52;70.946;3.63
2341;24;52;69.823;2.47
2342;24;53;97.673;19.02
2343;24;53;75.691;21.79
2344;24;54;11.898;13.87
2345;24;54;13.948;3.24
2346;24;54;11.305;11.78
2347;24;55;26.664;2.34
2348;24;55;27.323;6.07
2349;24;55;20.365;17.31
2350;24;56;41.587;22.67
2351;24;57;28.563;18.78
2352;24;57;24.41;15.7
2353;24;57;21.817;6.1
2354;24;58;11.19;18.42
2355;24;58;9.442;23.19
2356;24;59;6.651;21.56
2357;24;59;6.226;10.06
2358;24;59;6.886;7.81
2359;25;26;58.104;14.97
2360;25;26;70.122;13.11
2361;25;26;58.807;3.92
2362;25;27;21.46;8.07
2363;25;27;24.187;13.49
2364;25;27;16.623;7.83
2365;25;28;46.577;19.98
2366;25;29;32.982;1.52
2367;25;29;25.872;18.69
2368;25;29;35.56;9.24
2369;25;30;14.928;14.65
2370;25;31;84.406;17.99
2371;25;31;80.295;9.35
2372;25;31;86.467;24.67
2373;25;32;36.293;19.49
2374;25;32;44.816;23.34
2375;25;33;15.269;6.02
2376;25;33;14.424;16.04
2377;25;33;15.816;10.78
2378;25;34;11.562;3.95
2379;25;34;13.752;13.75
2380;25;34;11.085;19.99
2381;25;35;18.193;22.47
2382;25;35;21.775;12.45
2383;25;35;21.91;5.9
2384;25;36;15.254;20.2
2385;25;36;13.65;13.65
2386;25;36;14.242;24.35
2387;25;37;23.993;0.41
2388;25;37;23.728;1.78
2389;25;37;26.687;14.65
2390;25;38;42.114;11.07
2391;25;39;37.336;17.61
2392;25;40;16.63;9.31
2393;25;40;13.597;2.31
2394;25;41;68.921;14.5
2395;25;41;78.179;17.12
2396;25;41;71.922;1.57
2397;25;42;99.578;0.92
2398;25;43;13.893;15.22
2399;25;43;16.162;18.65
2400;25;43;10.725;12.33
2401;25;44;31.925;13.45
2402;25;44;25.0;5.26
2403;25;44;34.577;15.62
2404;25;45;79.668;1.55
2405;25;45;92.475;0.6
2406;25;46;55.131;11.13
2407;25;47;31.76;14.6
2408;25;48;5.327;13.29
2409;25;48;4.822;7.28
2410;25;48;5.446;20.84
2411;25;49;17.845;21.15
2412;25;50;27.113;23.09
2413;25;50;25.38;2.91
2414;25;50;23.623;1.75
2415;25;51;12.744;16.64
2416;25;52;81.273;23.19
2417;25;52;78.461;19.42
2418;25;53;107.686;11.55
2419;25;53;118.374;22.23
2420;25;54;2.444;17.13
2421;25;54;3.038;23.38
2422;25;54;2.571;24.92
2423;25;55;34.48;18.31
2424;25;55;35.024;2.87
2425;25;55;32.432;23.6
2426;25;56;36.814;19.3
2427;25;57;26.25;3.23
2428;25;57;20.266;18.65
2429;25;57;30.969;13.55
2430;25;58;18.523;14.06
2431;25;58;15.325;20.79
2432;25;58;20.769;9.67
2433;25;59;7.648;21.61
2434;26;27;37.522;20.14
2435;26;27;43.131;15.94
2436;26;27;31.47;17.57
2437;26;28;66.473;24.14
2438;26;28;57.948;23.96
2439;26;29;51.963;0.73
2440;26;29;52.877;10.41
2441;26;30;48.806;2.07
2442;26;30;40.948;10.94
2443;26;31;27.764;18.14
2444;26;32;68.492;6.29
2445;26;33;47.619;22.14
2446;26;33;59.044;10.58
2447;26;33;59.063;16.31
2448;26;34;46.588;7.48
2449;26;34;52.045;24.97
2450;26;34;52.581;3.74
2451;26;35;42.246;1.14
2452;26;36;47.035;24.39
2453;26;36;37.456;20.49
2454;26;37;55.675;3.05
2455;26;38;16.878;9.34
2456;26;38;17.596;15.31
2457;26;39;23.013;9.92
2458;26;40;52.921;8.17
2459;26;40;58.584;12.9
2460;26;40;52.699;8.91
2461;26;41;52.674;5.53
2462;26;41;43.721;11.12
2463;26;42;54.05;19.26
2464;26;43;46.029;20.64
2465;26;43;53.578;8.03
2466;26;43;41.433;13.87
2467;26;44;55.241;19.28
2468;26;44;67.405;7.91
2469;26;45;60.048;13.7
2470;26;45;59.397;7.39
2471;26;46;63.534;10.35
2472;26;46;68.662;18.73
2473;26;46;76.162;24.11
2474;26;47;66.521;7.7
2475;26;47;75.564;0.71
2476;26;47;76.812;3.85
2477;26;48;59.555;8.19
2478;26;48;57.92;6.77
2479;26;49;72.116;3.2
2480;26;50;35.723;4.71
2481;26;51;56.12;6.65
2482;26;51;43.854;2.1
2483;26;52;37.467;21.69
2484;26;52;44.508;9.27
2485;26;52;46.357;10.64
2486;26;53;50.819;12.27
2487;26;53;51.815;23.15
2488;26;53;60.413;19.69
2489;26;54;58.688;24.47
2490;26;54;67.008;9.33
2491;26;54;54.315;8.08
2492;26;55;48.665;15.2
2493;26;56;68.075;11.42
2494;26;56;67.862;24.04
2495;26;56;61.685;11.68
2496;26;57;55.082;24.59
2497;26;58;40.006;9.03
2498;26;58;35.784;3.03
2499;26;58;41.831;11.87
2500;26;59;54.909;4.53
2501;26;59;66.091;19.03
2502;26;59;60.201;9.61
2503;27;28;42.199;13.8
2504;27;29;34.629;2.51
2505;27;29;31.694;11.39
2506;27;30;11.916;7.93
2507;27;30;14.205;3.0
2508;27;30;13.683;17.25
2509;27;31;63.095;19.57
2510;27;32;46.158;5.38
2511;27;33;10.664;7.12
2512;27;33;8.711;17.88
2513;27;33;10.262;7.53
2514;27;34;11.015;11.92
2515;27;35;5.126;19.76
2516;27;35;5.759;8.71
2517;27;36;9.969;18.2
2518;27;37;22.519;20.27
2519;27;38;20.965;1.54
2520;27;38;16.783;23.93
2521;27;39;15.883;9.19
2522;27;39;19.356;1.46
2523;27;39;16.976;24.47
2524;27;40;16.888;23.05
2525;27;41;61.524;20.8
2526;27;41;64.713;15.59
2527;27;41;57.024;19.17
2528;27;42;78.84;16.83
2529;27;42;95.384;14.25
2530;27;42;74.641;21.35
2531;27;43;8.507;17.62
2532;27;44;35.865;24.83
2533;27;45;72.04;1.24
2534;27;45;58.337;17.35
2535;27;46;46.32;18.2
2536;27;47;42.345;22.47
2537;27;47;40.916;18.98
2538;27;47;33.877;5.1
2539;27;48;22.127;11.18
2540;27;48;21.319;0.19
2541;27;48;20.446;21.82
2542;27;49;34.659;4.55
2543;27;49;33.929;18.5
2544;27;50;7.787;5.05
2545;27;51;19.057;19.51
2546;27;52;65.665;18.26
2547;27;52;74.867;13.53
2548;27;53;88.021;8.9
2549;27;53;93.709;14.65
2550;27;54;21.579;3.17
2551;27;54;22.161;23.98
2552;27;55;33.767;19.65
2553;27;55;36.846;10.07
2554;27;56;37.713;0.69
2555;27;56;31.935;7.41
2556;27;56;32.808;4.16
2557;27;57;23.195;1.27
2558;27;57;28.329;11.45
2559;27;58;3.111;20.67
2560;27;58;3.646;8.64
2561;27;59;20.827;6.34
2562;28;29;75.039;15.05
2563;28;29;66.659;23.48
2564;28;29;73.391;16.91
2565;28;30;34.926;2.81
2566;28;30;26.275;21.16
2567;28;30;29.09;12.69
2568;28;31;81.826;7.63
2569;28;31;89.319;3.26
2570;28;32;82.42;16.69
2571;28;32;67.408;6.41
2572;28;33;35.612;21.42
2573;28;33;40.071;10.74
2574;28;33;35.795;8.49
2575;28;34;46.506;10.11
2576;28;35;38.597;12.71
2577;28;35;30.744;18.36
2578;28;35;30.735;13.75
2579;28;36;36.234;5.7
2580;28;37;22.834;15.13
2581;28;37;20.435;5.52
2582;28;38;52.084;5.48
2583;28;39;46.214;22.79
2584;28;39;55.745;16.17
2585;28;40;30.721;22.17
2586;28;41;103.432;19.91
2587;28;41;117.713;15.31
2588;28;41;127.835;7.26
2589;28;42;79.556;1.59
2590;28;42;92.91;18.23
2591;28;43;39.554;3.14
2592;28;43;34.404;4.47
2593;28;44;75.336;13.81
2594;28;45;113.771;2.47
2595;28;46;12.158;15.44
2596;28;46;9.547;3.34
2597;28;47;77.963;11.81
2598;28;47;65.214;4.5
2599;28;47;77.564;23.79
2600;28;48;41.824;15.04
2601;28;48;39.225;4.68
2602;28;48;41.023;6.16
2603;28;49;40.27;16.43
2604;28;49;49.56;17.01
2605;28;50;36.791;2.23
2606;28;50;30.595;8.88
2607;28;50;29.287;24.4
2608;28;51;33.86;7.71
2609;28;51;41.936;11.24
2610;28;51;34.541;14.98
2611;28;52;102.188;18.71
2612;28;53;114.353;10.03
2613;28;53;119.17;17.85
2614;28;54;44.368;4.38
2615;28;54;41.743;2.14
2616;28;54;41.541;21.42
2617;28;55;74.96;7.9
2618;28;55;91.558;8.16
2619;28;56;12.455;6.84
2620;28;56;13.843;9.0
2621;28;56;13.009;19.34
2622;28;57;20.867;11.08
2623;28;57;18.363;2.82
2624;28;57;15.727;21.91
2625;28;58;43.137;13.2
2626;28;58;49.851;23.07
2627;28;59;52.651;17.89
2628;28;59;57.46;13.41
2629;29;30;40.197;7.29
2630;29;30;37.483;13.71
2631;29;30;48.64;20.55
2632;29;31;79.353;7.31
2633;29;31;69.879;4.71
2634;29;32;16.702;16.52
2635;29;33;39.442;17.61
2636;29;34;28.603;11.0
2637;29;34;31.372;23.74
2638;29;34;29.064;16.39
2639;29;35;36.879;4.34
2640;29;36;38.807;15.59
2641;29;37;52.714;22.41
2642;29;37;64.746;21.55
2643;29;38;43.122;16.39
2644;29;38;52.157;22.27
2645;29;39;42.859;24.35
2646;29;39;37.929;16.13
2647;29;39;43.8;17.78
2648;29;40;44.899;13.09
2649;29;40;34.188;24.69
2650;29;40;54.888;9.24
2651;29;41;37.907;17.85
2652;29;41;30.364;14.19
2653;29;42;104.317;16.67
2654;29;43;35.485;12.73
2655;29;43;43.158;2.91
2656;29;44;3.646;15.22
2657;29;45;48.319;5.99
2658;29;45;47.518;5.94
2659;29;45;57.77;18.66
2660;29;46;80.646;10.01
2661;29;47;15.72;11.85
2662;29;48;38.17;16.46
2663;29;49;50.18;7.63
2664;29;50;42.132;22.29
2665;29;50;50.713;15.68
2666;29;51;43.229;8.93
2667;29;52;58.825;17.18
2668;29;52;66.636;16.65
2669;29;53;92.528;5.71
2670;29;53;77.472;19.97
2671;29;54;35.351;11.27
2672;29;55;3.751;10.92
2673;29;56;67.625;1.96
2674;29;57;54.354;1.13
2675;29;57;48.429;22.88
2676;29;58;32.697;17.16
2677;29;58;29.071;18.44
2678;29;58;27.956;11.6
2679;29;59;25.336;24.52
2680;29;59;23.584;0.07
2681;29;59;30.104;5.2
2682;30;31;73.254;4.82
2683;30;31;64.85;21.63
2684;30;32;48.082;0.43
2685;30;32;47.214;20.05
2686;30;32;49.386;7.19
2687;30;33;1.253;14.02
2688;30;33;1.548;6.91
2689;30;33;1.123;12.14
2690;30;34;11.6;2.37
2691;30;35;6.801;1.95
2692;30;35;6.33;19.56
2693;30;35;5.269;1.88
2694;30;36;1.983;9.69
2695;30;36;1.532;16.43
2696;30;37;12.604;6.69
2697;30;38;31.968;13.13
2698;30;38;26.543;13.18
2699;30;39;26.162;12.66
2700;30;39;26.299;18.12
2701;30;39;30.052;10.97
2702;30;40;5.314;8.66
2703;30;41;71.411;10.27
2704;30;41;87.384;12.17
2705;30;41;61.197;19.72
2706;30;42;85.613;24.93
2707;30;42;94.892;19.58
2708;30;43;4.963;7.81
2709;30;43;4.679;9.17
2710;30;44;40.41;4.1
2711;30;44;33.25;5.95
2712;30;44;42.324;3.44
2713;30;45;82.095;19.49
2714;30;46;41.765;18.23
2715;30;47;43.755;5.88
2716;30;47;38.757;24.83
2717;30;48;12.906;3.24
2718;30;48;15.108;6.11
2719;30;49;23.49;16.67
2720;30;50;13.976;7.1
2721;30;50;16.469;16.97
2722;30;51;7.314;12.1
2723;30;51;8.975;1.97
2724;30;52;77.498;3.53
2725;30;52;66.97;7.81
2726;30;52;93.644;20.63
2727;30;53;99.54;8.43
2728;30;53;110.405;6.96
2729;30;54;13.759;19.24
2730;30;54;15.562;6.53
2731;30;55;40.365;2.53
2732;30;56;27.884;0.78
2733;30;56;32.576;1.2
2734;30;57;14.157;22.34
2735;30;58;10.7;24.35
2736;30;59;18.686;9.69
2737;30;59;15.151;18.31
2738;30;59;17.084;18.72
2739;31;32;95.994;7.55
2740;31;33;72.184;21.59
2741;31;33;81.574;7.45
2742;31;34;73.127;12.7
2743;31;34;55.438;6.36
2744;31;34;77.035;12.68
2745;31;35;67.256;8.47
2746;31;36;71.72;22.34
2747;31;36;86.608;21.54
2748;31;36;79.455;23.94
2749;31;37;77.353;23.74
2750;31;38;42.306;1.14
2751;31;38;34.181;2.29
2752;31;38;47.845;2.32
2753;31;39;47.317;7.59
2754;31;40;76.511;19.12
2755;31;40;66.367;3.03
2756;31;41;72.524;2.0
2757;31;42;33.937;12.11
2758;31;43;71.392;7.26
2759;31;43;77.257;0.34
2760;31;44;82.727;0.41
2761;31;44;102.864;19.64
2762;31;45;77.043;21.6
2763;31;45;79.842;5.59
2764;31;45;74.001;18.35
2765;31;46;75.107;14.58
2766;31;47;94.182;0.78
2767;31;47;71.24;19.35
2768;31;48;85.129;5.4
2769;31;48;78.987;24.99
2770;31;49;96.7;8.59
2771;31;49;92.393;14.68
2772;31;50;59.34;23.07
2773;31;50;58.383;0.59
2774;31;50;57.53;2.36
2775;31;51;80.393;5.59
2776;31;51;71.673;19.65
2777;31;52;45.795;6.85
2778;31;52;44.166;21.83
2779;31;52;40.547;3.26
2780;31;53;34.511;23.07
2781;31;53;26.188;24.0
2782;31;53;41.867;15.0
2783;31;54;84.67;16.17
2784;31;54;81.372;14.38
2785;31;55;75.926;23.21
2786;31;56;86.905;13.22
2787;31;56;84.811;22.26
2788;31;57;76.152;3.71
2789;31;57;58.788;13.74
2790;31;57;84.945;16.42
2791;31;58;65.913;12.6
2792;31;59;81.991;23.19
2793;32;33;47.699;8.62
2794;32;33;54.699;18.28
2795;32;33;52.696;10.87
2796;32;34;37.204;1.2
2797;32;35;46.874;19.45
2798;32;35;49.252;3.01
2799;32;35;42.473;15.02
2800;32;36;47.239;10.05
2801;32;37;59.589;11.13
2802;32;37;59.8;14.89
2803;32;38;58.502;20.62
2804;32;39;57.301;11.44
2805;32;39;54.2;24.25
2806;32;40;51.739;13.94
2807;32;41;48.411;5.74
2808;32;42;120.153;3.98
2809;32;42;135.069;16.08
2810;32;43;44.188;13.49
2811;32;43;51.182;5.41
2812;32;43;49.815;19.99
2813;32;44;13.266;9.62
2814;32;44;13.716;19.83
2815;32;44;13.673;10.64
2816;32;45;57.633;8.09
2817;32;45;46.37;11.28
2818;32;46;89.842;8.72
2819;32;46;76.376;12.66
2820;32;46;77.443;14.89
2821;32;47;4.55;19.24
2822;32;47;5.15;22.59
2823;32;48;41.496;11.59
2824;32;48;51.086;24.18
2825;32;48;33.2;22.58
2826;32;49;50.263;21.14
2827;32;49;60.75;21.9
2828;32;50;53.945;19.76
2829;32;50;50.59;13.66
2830;32;51;48.704;18.74
2831;32;51;41.709;2.04
2832;32;52;73.829;7.57
2833;32;53;108.68;22.27
2834;32;54;38.682;7.62
2835;32;55;20.303;9.04
2836;32;55;24.793;8.04
2837;32;56;73.102;2.19
2838;32;56;88.691;0.4
2839;32;56;76.619;16.97
2840;32;57;61.638;22.27
2841;32;57;72.719;23.05
2842;32;58;43.556;12.24
2843;32;58;44.923;8.12
2844;32;59;29.769;19.71
2845;32;59;35.677;21.58
2846;33;34;10.906;12.65
2847;33;34;11.371;16.12
2848;33;34;12.229;19.76
2849;33;35;5.552;8.22
2850;33;35;4.677;23.11
2851;33;35;5.245;18.75
2852;33;36;0.76;22.14
2853;33;37;13.526;9.85
2854;33;37;15.831;10.59
2855;33;38;30.794;3.1
2856;33;38;29.515;10.62
2857;33;39;25.033;15.16
2858;33;40;6.489;1.54
2859;33;41;70.317;20.67
2860;33;42;84.885;22.98
2861;33;43;4.002;13.2
2862;33;43;4.443;0.77
2863;33;43;3.548;15.79
2864;33;44;39.749;18.05
2865;33;44;40.209;0.67
2866;33;44;38.256;14.54
2867;33;45;80.991;10.01
2868;33;46;42.153;3.9
2869;33;46;38.901;18.89
2870;33;47;43.41;16.34
2871;33;47;51.369;19.63
2872;33;47;35.808;17.31
2873;33;48;13.646;3.46
2874;33;49;24.612;0.16
2875;33;49;27.657;15.11
2876;33;49;21.816;6.58
2877;33;50;12.982;4.26
2878;33;51;8.515;3.3
2879;33;52;76.248;9.95
2880;33;52;61.437;5.49
2881;33;52;67.55;1.68
2882;33;53;98.336;9.04
2883;33;54;14.277;5.9
2884;33;54;15.124;22.09
2885;33;55;39.519;4.51
2886;33;56;28.872;18.93
2887;33;57;14.954;3.27
2888;33;58;9.48;17.25
2889;33;58;10.906;12.03
2890;33;59;18.52;9.77
2891;34;35;9.857;24.82
2892;34;36;10.322;22.07
2893;34;36;12.578;2.78
2894;34;36;8.919;5.1
2895;34;37;24.126;7.72
2896;34;38;30.833;21.38
2897;34;39;26.476;23.37
2898;34;40;16.386;21.93
2899;34;40;16.306;13.83
2900;34;40;18.265;3.0
2901;34;41;61.062;17.12
2902;34;41;58.824;16.97
2903;34;42;89.851;16.71
2904;34;42;91.772;8.52
2905;34;43;7.079;14.19
2906;34;44;28.843;14.39
2907;34;44;34.853;11.18
2908;34;44;29.611;9.43
2909;34;45;71.819;11.44
2910;34;45;83.558;0.33
2911;34;46;52.865;19.02
2912;34;46;47.233;0.91
2913;34;47;33.05;12.59
2914;34;47;29.453;5.77
2915;34;47;33.862;1.41
2916;34;48;14.133;11.87
2917;34;48;13.771;16.99
2918;34;49;27.808;2.89
2919;34;49;22.161;6.28
2920;34;49;22.322;0.54
2921;34;50;18.112;2.78
2922;34;51;15.536;15.71
2923;34;51;16.737;7.24
2924;34;52;70.536;6.86
2925;34;53;96.149;19.43
2926;34;53;80.293;4.86
2927;34;53;99.767;19.26
2928;34;54;12.504;1.0
2929;34;54;14.845;4.77
2930;34;54;14.056;12.25
2931;34;55;28.881;19.51
2932;34;55;33.002;12.9
2933;34;55;35.485;23.98
2934;34;56;39.204;12.06
2935;34;56;40.046;9.96
2936;34;56;43.455;2.14
2937;34;57;25.756;0.55
2938;34;57;30.834;3.81
2939;34;57;27.881;14.88
2940;34;58;7.905;22.15
2941;34;59;9.829;16.38
2942;34;59;11.258;4.75
2943;34;59;9.871;6.62
2944;35;36;4.879;16.72
2945;35;37;17.836;24.77
2946;35;37;21.077;7.6
2947;35;37;18.995;5.66
2948;35;38;25.495;14.54
2949;35;39;19.951;2.46
2950;35;40;11.787;3.36
2951;35;41;65.832;0.35
2952;35;42;81.396;17.05
2953;35;42;95.219;14.68
2954;35;42;72.418;16.01
2955;35;43;4.319;18.87
2956;35;44;37.659;3.62
2957;35;45;76.432;16.21
2958;35;46;43.795;3.89
2959;35;46;50.194;16.09
2960;35;46;42.601;8.64
2961;35;47;42.802;21.51
2962;35;48;17.927;13.68
2963;35;48;22.081;12.64
2964;35;49;29.875;4.0
2965;35;49;31.357;17.76
2966;35;50;8.934;13.3
2967;35;50;8.258;6.0
2968;35;51;14.015;4.04
2969;35;51;11.671;11.4
2970;35;52;70.776;9.84
2971;35;52;87.777;8.9
2972;35;53;92.892;13.52
2973;35;53;81.22;18.93
2974;35;54;17.848;2.24
2975;35;55;36.484;16.33
2976;35;55;30.727;5.63
2977;35;55;41.705;8.8
2978;35;56;33.185;18.31
2979;35;56;25.566;4.9
2980;35;57;18.772;20.49
2981;35;57;17.635;9.18
2982;35;57;18.454;20.35
2983;35;58;4.62;18.72
2984;35;59;19.29;12.9
2985;35;59;19.542;2.78
2986;36;37;14.241;20.79
2987;36;37;12.97;6.04
2988;36;38;30.23;15.96
2989;36;39;24.519;2.83
2990;36;39;18.94;24.26
2991;36;39;29.283;13.52
2992;36;40;7.248;12.99
2993;36;40;5.597;24.71
2994;36;40;8.816;11.02
2995;36;41;69.567;24.99
2996;36;42;84.697;7.77
2997;36;42;76.069;21.31
2998;36;42;94.893;19.27
2999;36;43;3.328;21.9
3000;36;43;3.606;17.78
3001;36;44;39.156;14.17
3002;36;44;35.33;2.39
3003;36;45;80.239;8.27
3004;36;45;80.187;8.72
3005;36;46;42.64;2.96
3006;36;47;42.971;3.24
3007;36;47;49.693;9.13
3008;36;47;34.459;6.56
3009;36;48;13.896;22.57
3010;36;49;25.142;2.19
3011;36;49;24.025;9.16
3012;36;50;12.617;3.9
3013;36;50;10.201;18.74
3014;36;50;14.928;20.26
3015;36;51;9.141;18.21
3016;36;51;9.906;7.93
3017;36;51;10.427;23.89
3018;36;52;75.519;17.38
3019;36;52;80.348;3.42
3020;36;52;87.128;8.16
3021;36;53;97.729;15.31
3022;36;53;81.36;19.12
3023;36;53;121.252;17.24
3024;36;54;14.378;3.26
3025;36;54;11.421;0.6
3026;36;55;38.848;12.09
3027;36;55;31.052;13.15
3028;36;56;29.601;21.39
3029;36;57;15.628;24.89
3030;36;58;8.726;2.68
3031;36;59;18.196;6.36
3032;36;59;15.364;16.24
3033;37;38;39.058;7.2
3034;37;39;32.764;6.73
3035;37;39;31.897;6.53
3036;37;40;7.919;5.04
3037;37;40;7.31;24.68
3038;37;40;8.19;11.74
3039;37;41;83.626;1.85
3040;37;41;70.285;23.01
3041;37;42;84.642;0.65
3042;37;43;17.518;14.8
3043;37;44;52.772;20.47
3044;37;45;94.249;12.11
3045;37;45;91.339;4.05
3046;37;45;108.952;4.27
3047;37;46;31.241;23.33
3048;37;46;29.536;18.37
3049;37;47;55.14;7.57
3050;37;48;19.625;8.81
3051;37;48;15.647;17.07
3052;37;49;22.886;18.38
3053;37;49;25.893;24.37
3054;37;50;20.311;19.29
3055;37;51;11.276;16.76
3056;37;51;10.451;0.92
3057;37;51;9.43;23.47
3058;37;52;87.479;11.18
3059;37;52;105.593;18.72
3060;37;52;76.176;22.78
3061;37;53;106.3;10.51
3062;37;53;85.035;12.51
3063;37;54;21.921;21.66
3064;37;54;18.349;6.29
3065;37;54;25.72;12.97
3066;37;55;52.961;7.62
3067;37;55;59.049;12.72
3068;37;55;60.545;9.39
3069;37;56;15.397;15.2
3070;37;56;12.874;13.26
3071;37;56;13.919;19.28
3072;37;57;2.415;6.27
3073;37;58;22.404;8.68
3074;37;58;26.599;8.31
3075;37;59;29.82;12.89
3076;38;39;6.31;2.83
3077;38;40;36.044;21.59
3078;38;40;30.898;18.71
3079;38;40;42.369;20.23
3080;38;41;56.025;8.03
3081;38;41;45.554;0.86
3082;38;42;61.741;5.88
3083;38;43;29.42;1.87
3084;38;43;23.953;0.56
3085;38;43;32.687;16.93
3086;38;44;45.803;23.91
3087;38;44;42.452;22.27
3088;38;45;65.286;17.43
3089;38;46;51.273;12.63
3090;38;46;46.722;18.1
3091;38;47;55.703;8.94
3092;38;48;43.092;18.36
3093;38;48;33.188;7.56
3094;38;48;43.852;8.09
3095;38;49;55.358;4.84
3096;38;49;59.231;16.88
3097;38;49;62.886;3.06
3098;38;50;18.906;15.3
3099;38;51;39.277;16.43
3100;38;52;50.112;14.87
3101;38;53;67.692;0.25
3102;38;53;71.935;7.21
3103;38;53;83.591;20.55
3104;38;54;42.456;7.32
3105;38;54;31.881;15.0
3106;38;54;42.842;2.98
3107;38;55;40.554;2.63
3108;38;56;52.162;0.69
3109;38;56;43.451;17.67
3110;38;57;38.637;9.73
3111;38;57;42.944;15.65
3112;38;57;41.281;3.47
3113;38;58;23.667;2.63
3114;38;59;39.896;11.45
3115;38;59;48.906;11.36
3116;39;40;29.993;10.99
3117;39;40;32.692;4.48
3118;39;40;35.139;10.13
3119;39;41;59.946;22.96
3120;39;41;62.148;1.15
3121;39;42;64.022;12.77
3122;39;42;68.229;18.21
3123;39;42;73.745;14.63
3124;39;43;24.077;21.59
3125;39;44;45.161;7.77
3126;39;44;46.123;5.27
3127;39;44;46.059;24.99
3128;39;45;69.6;18.9
3129;39;45;86.366;7.65
3130;39;46;46.157;3.47
3131;39;47;54.128;23.89
3132;39;47;51.336;2.95
3133;39;47;66.668;23.76
3134;39;48;37.814;2.05
3135;39;48;45.662;13.96
3136;39;48;29.287;21.38
3137;39;49;49.644;5.47
3138;39;49;58.707;23.17
3139;39;50;12.716;11.05
3140;39;50;14.907;13.95
3141;39;51;33.433;22.06
3142;39;51;40.765;10.49
3143;39;51;40.347;0.24
3144;39;52;56.124;20.48
3145;39;52;51.064;8.03
3146;39;52;46.69;10.19
3147;39;53;73.813;20.56
3148;39;53;83.388;7.67
3149;39;54;37.435;1.22
3150;39;54;31.277;19.08
3151;39;55;40.731;21.13
3152;39;55;34.496;5.75
3153;39;56;45.898;13.45
3154;39;56;54.473;17.99
3155;39;57;32.328;17.88
3156;39;57;34.152;24.87
3157;39;58;18.837;5.69
3158;39;58;17.983;1.59
3159;39;58;20.748;13.24
3160;39;59;35.994;11.96
3161;39;59;31.311;20.81
3162;39;59;33.166;7.17
3163;40;41;76.695;22.48
3164;40;42;86.977;12.56
3165;40;43;10.218;1.41
3166;40;44;44.883;19.52
3167;40;44;37.988;24.66
3168;40;45;87.388;2.48
3169;40;45;77.127;21.2
3170;40;46;38.57;0.11
3171;40;46;30.198;15.17
3172;40;47;47.311;17.96
3173;40;47;42.418;17.23
3174;40;48;12.966;13.53
3175;40;48;9.773;12.76
3176;40;49;20.467;21.89
3177;40;49;15.633;20.49
3178;40;50;17.344;18.59
3179;40;51;4.773;10.19
3180;40;51;5.019;4.06
3181;40;51;3.662;15.53
3182;40;52;82.552;13.93
3183;40;53;103.736;15.56
3184;40;54;14.805;19.78
3185;40;54;13.928;23.46
3186;40;54;15.258;1.52
3187;40;55;45.266;1.98
3188;40;55;50.869;13.2
3189;40;55;55.968;14.98
3190;40;56;22.822;17.36
3191;40;56;17.675;0.55
3192;40;57;9.9;22.41
3193;40;57;9.033;18.32
3194;40;57;9.355;20.42
3195;40;58;15.958;17.91
3196;40;58;12.11;5.43
3197;40;59;21.985;9.55
3198;40;59;18.0;12.59
3199;41;42;104.773;16.96
3200;41;43;66.476;11.88
3201;41;43;60.093;24.34
3202;41;44;40.652;11.77
3203;41;44;42.886;12.97
3204;41;45;10.772;19.76
3205;41;45;9.583;19.98
3206;41;46;105.611;5.81
3207;41;46;100.004;18.88
3208;41;47;50.337;18.46
3209;41;47;39.159;24.48
3210;41;48;73.64;13.24
3211;41;48;61.634;14.34
3212;41;49;86.719;22.44
3213;41;49;84.619;17.54
3214;41;50;66.718;10.36
3215;41;50;78.225;10.76
3216;41;50;72.18;16.36
3217;41;51;76.585;14.35
3218;41;52;32.689;14.19
3219;41;52;35.694;21.02
3220;41;53;70.532;7.24
3221;41;54;71.063;21.9
3222;41;54;60.166;23.64
3223;41;55;35.223;13.58
3224;41;55;41.708;0.68
3225;41;56;99.009;21.46
3226;41;56;114.381;24.19
3227;41;56;116.419;19.11
3228;41;57;84.59;2.71
3229;41;57;90.191;18.76
3230;41;57;71.897;19.11
3231;41;58;61.233;6.04
3232;41;59;61.52;2.03
3233;42;43;85.686;23.06
3234;42;44;107.241;5.85
3235;42;45;110.233;13.08
3236;42;45;122.787;23.19
3237;42;45;95.162;13.33
3238;42;46;69.126;10.94
3239;42;46;64.315;4.0
3240;42;47;117.441;10.22
3241;42;47;125.611;24.49
3242;42;48;98.513;11.51
3243;42;48;94.888;18.53
3244;42;49;107.07;24.74
3245;42;50;72.466;20.09
3246;42;51;91.619;9.84
3247;42;52;79.703;12.34
3248;42;52;79.627;24.16
3249;42;52;77.718;4.18
3250;42;53;61.805;22.9
3251;42;53;55.524;23.56
3252;42;53;60.874;19.86
3253;42;54;99.029;18.28
3254;42;54;121.367;19.89
3255;42;55;101.385;19.87
3256;42;55;76.87;11.12
3257;42;55;118.825;13.89
3258;42;56;88.712;1.14
3259;42;56;86.884;5.69
3260;42;57;82.694;20.45
3261;42;57;64.775;5.94
3262;42;58;81.95;24.9
3263;42;58;81.796;24.32
3264;42;58;62.453;22.78
3265;42;59;99.628;20.45
3266;43;44;35.869;2.72
3267;43;45;77.172;0.65
3268;43;46;45.791;1.47
3269;43;47;39.972;23.94
3270;43;47;40.251;9.83
3271;43;48;13.737;4.69
3272;43;48;11.929;11.46
3273;43;48;16.65;20.43
3274;43;49;26.179;6.13
3275;43;49;19.945;1.56
3276;43;50;13.221;8.86
3277;43;50;14.572;5.86
3278;43;51;11.037;16.49
3279;43;51;12.025;16.14
3280;43;51;12.05;15.41
3281;43;52;73.285;15.52
3282;43;52;84.31;15.78
3283;43;52;73.0;15.98
3284;43;53;96.501;19.59
3285;43;53;107.867;19.61
3286;43;54;13.537;11.47
3287;43;54;13.209;2.83
3288;43;54;13.71;17.48
3289;43;55;35.522;8.92
3290;43;55;41.995;15.34
3291;43;56;32.838;21.3
3292;43;57;18.951;24.62
3293;43;57;17.124;16.57
3294;43;57;19.714;4.07
3295;43;58;6.408;11.23
3296;43;58;6.242;7.78
3297;43;58;5.373;13.83
3298;43;59;15.608;1.85
3299;44;45;50.891;9.06
3300;44;46;81.435;9.99
3301;44;46;97.475;0.39
3302;44;46;74.542;10.97
3303;44;47;12.076;11.28
3304;44;47;11.475;19.96
3305;44;48;37.207;23.39
3306;44;49;48.655;6.4
3307;44;50;43.521;13.95
3308;44;51;42.848;23.96
3309;44;51;33.175;3.92
3310;44;52;62.395;9.15
3311;44;52;71.458;24.44
3312;44;53;96.174;5.81
3313;44;53;82.977;0.18
3314;44;53;84.45;11.43
3315;44;54;34.343;1.13
3316;44;55;7.397;12.89
3317;44;55;7.138;24.11
3318;44;55;8.958;1.38
3319;44;56;67.42;6.74
3320;44;57;54.528;19.23
3321;44;57;67.657;8.54
3322;44;57;46.033;20.02
3323;44;58;33.695;5.42
3324;44;58;30.976;4.0
3325;44;58;35.256;19.63
3326;44;59;24.35;11.37
3327;45;46;115.557;5.22
3328;45;47;59.949;5.78
3329;45;48;84.405;18.39
3330;45;49;97.452;14.26
3331;45;50;76.995;23.81
3332;45;51;87.336;9.7
3333;45;51;104.399;23.31
3334;45;52;33.363;8.61
3335;45;52;38.704;12.52
3336;45;53;70.063;13.06
3337;45;53;73.08;22.26
3338;45;53;67.985;7.92
3339;45;54;81.82;5.96
3340;45;54;63.082;1.8
3341;45;54;84.228;16.65
3342;45;55;45.792;5.71
3343;45;55;57.053;24.42
3344;45;56;109.617;7.32
3345;45;56;132.403;23.13
3346;45;56;102.53;24.69
3347;45;57;95.166;14.15
3348;45;57;103.857;1.54
3349;45;58;71.846;9.14
3350;45;59;72.243;3.61
3351;46;47;85.519;12.67
3352;46;48;50.865;21.82
3353;46;48;41.036;9.6
3354;46;48;55.302;1.84
3355;46;49;51.311;19.03
3356;46;49;44.902;16.16
3357;46;50;39.556;21.84
3358;46;50;46.492;2.51
3359;46;50;45.192;11.58
3360;46;51;42.495;16.13
3361;46;51;40.144;7.08
3362;46;52;100.524;17.45
3363;46;52;123.847;4.88
3364;46;52;91.529;0.62
3365;46;53;108.718;1.21
3366;46;53;113.21;0.74
3367;46;53;130.666;2.87
3368;46;54;53.134;1.7
3369;46;54;61.114;15.13
3370;46;55;80.041;16.43
3371;46;56;24.341;1.63
3372;46;56;26.431;2.48
3373;46;56;26.09;13.92
3374;46;57;28.912;12.76
3375;46;57;31.431;15.41
3376;46;57;32.861;19.16
3377;46;58;47.97;21.8
3378;46;58;39.273;5.95
3379;46;58;41.988;0.42
3380;46;59;60.335;8.11
3381;47;48;36.952;8.61
3382;47;48;44.346;7.44
3383;47;48;36.19;2.66
3384;47;49;45.795;10.59
3385;47;49;42.629;2.77
3386;47;49;53.11;15.91
3387;47;50;50.12;15.02
3388;47;51;44.209;3.19
3389;47;52;74.193;24.6
3390;47;52;78.066;3.08
3391;47;53;108.249;18.96
3392;47;53;114.292;3.68
3393;47;53;94.851;11.95
3394;47;54;34.143;16.83
3395;47;54;32.568;18.43
3396;47;55;19.469;12.73
3397;47;56;68.572;15.76
3398;47;56;56.867;13.98
3399;47;57;57.211;4.93
3400;47;57;58.493;12.52
3401;47;58;39.651;19.73
3402;47;58;43.067;3.73
3403;47;58;46.236;4.61
3404;47;59;25.327;20.03
3405;47;59;29.389;7.11
3406;48;49;13.707;20.1
3407;48;49;10.447;1.89
3408;48;50;26.47;10.21
3409;48;51;8.456;17.45
3410;48;52;84.659;23.94
3411;48;52;103.164;15.09
3412;48;53;109.74;23.55
3413;48;53;134.731;20.44
3414;48;53;129.104;7.0
3415;48;54;2.883;4.27
3416;48;54;3.112;0.36
3417;48;55;39.528;5.34
3418;48;55;38.701;17.79
3419;48;56;31.688;16.43
3420;48;57;21.979;6.19
3421;48;57;27.236;12.59
3422;48;57;18.259;22.74
3423;48;58;19.551;10.36
3424;48;59;12.868;11.39
3425;49;50;37.361;7.88
3426;49;50;39.256;13.12
3427;49;51;16.31;1.0
3428;49;51;17.779;20.73
3429;49;52;98.344;11.98
3430;49;52;105.019;13.18
3431;49;52;90.569;18.91
3432;49;53;122.677;14.34
3433;49;53;94.531;13.06
3434;49;54;15.875;16.3
3435;49;55;52.006;1.37
3436;49;55;39.085;10.12
3437;49;56;28.152;9.93
3438;49;56;30.179;11.23
3439;49;57;25.13;18.64
3440;49;58;32.464;17.42
3441;49;58;30.155;6.6
3442;49;59;25.217;6.56
3443;49;59;30.006;1.77
3444;50;51;21.054;14.31
3445;50;52;67.406;8.61
3446;50;52;79.751;23.71
3447;50;53;86.528;20.81
3448;50;53;85.521;13.61
3449;50;54;26.661;9.99
3450;50;54;28.851;13.28
3451;50;54;31.238;12.51
3452;50;55;41.035;20.16
3453;50;55;48.21;3.61
3454;50;55;49.371;4.41
3455;50;56;34.335;2.4
3456;50;57;20.169;10.74
3457;50;58;10.547;5.63
3458;50;58;8.39;22.59
3459;50;59;27.874;5.17
3460;50;59;32.163;13.62
3461;51;52;84.32;22.45
3462;51;53;106.85;16.31
3463;51;53;132.76;1.04
3464;51;53;94.392;20.59
3465;51;54;10.646;11.34
3466;51;55;43.976;18.45
3467;51;55;46.928;24.56
3468;51;55;44.189;24.32
3469;51;56;24.636;7.66
3470;51;56;30.041;9.21
3471;51;56;23.361;14.76
3472;51;57;13.583;18.09
3473;51;58;17.406;17.74
3474;51;58;18.289;0.27
3475;51;58;16.205;24.93
3476;51;59;19.04;21.71
3477;51;59;19.779;6.49
3478;51;59;19.95;19.69
3479;52;53;37.853;19.6
3480;52;53;30.751;10.06
3481;52;54;82.78;23.17
3482;52;54;64.362;16.14
3483;52;54;76.482;3.62
3484;52;55;55.153;8.27
3485;52;55;54.281;7.58
3486;52;56;101.691;7.98
3487;52;56;107.92;14.31
3488;52;56;108.224;22.44
3489;52;57;87.551;3.83
3490;52;57;95.983;12.19
3491;52;57;106.357;2.62
3492;52;58;66.929;11.84
3493;52;58;78.33;23.93
3494;52;58;56.658;24.19
3495;52;59;75.314;8.05
3496;52;59;64.815;19.26
3497;53;54;108.576;12.37
3498;53;55;88.78;20.27
3499;53;56;117.844;2.95
3500;53;56;103.622;3.06
3501;53;56;110.606;5.29
3502;53;57;105.55;7.85
3503;53;57;114.934;4.03
3504;53;57;115.662;11.37
3505;53;58;90.281;22.62
3506;53;58;92.701;14.93
3507;53;58;104.738;18.33
3508;53;59;103.349;24.37
3509;54;55;36.778;14.47
3510;54;55;40.362;3.65
3511;54;56;34.447;8.83
3512;54;56;36.171;23.15
3513;54;56;37.215;2.01
3514;54;57;24.223;15.49
3515;54;57;27.586;15.42
3516;54;57;25.209;9.38
3517;54;58;18.789;17.86
3518;54;58;22.572;0.26
3519;54;58;17.2;10.31
3520;54;59;10.024;13.69
3521;55;56;68.082;19.69
3522;55;57;54.473;16.23
3523;55;58;32.115;24.55
3524;55;58;37.01;6.17
3525;55;58;28.637;10.89
3526;55;59;26.871;7.05
3527;56;57;14.526;20.62
3528;56;57;15.562;22.76
3529;56;58;37.777;0.24
3530;56;58;40.409;3.78
3531;56;59;43.634;19.31
3532;57;58;23.388;5.66
3533;57;58;28.252;22.87
3534;57;58;28.452;11.38
3535;57;59;31.884;15.83
3536;57;59;30.38;1.14
3537;57;59;36.102;5.0
3538;58;59;17.722;11.19
3539;58;59;17.486;20.16
